Results <-
list(`bwaOutput/20210421msiMNRsJenny/256265_S92.sam` = list(LR11_SNP1 = list(
    All = list(Freqs = structure(c(2L, 109L, 5271L, 43L, 1L, 
    19L, 4L, 93L, 4361L, 35L, 1L, 11L, 0L, 0L, 2L, 0L, 0L, 0L, 
    0L, 0L, 1L, 0L, 0L, 0L, 0L, 8L, 264L, 4L, 1L, 0L), .Dim = 6:5, .Dimnames = structure(list(
        c("-2", "-1", "0", "1", "2", NA), c("A", "C", "G", "T", 
        NA)), .Names = c("", "")), class = "table"), N = 10230L), 
    Tag.Distribution = structure(c(`1` = 775L, `2` = 562L, `3` = 440L, 
    `4` = 342L, `5` = 241L, `6` = 160L, `7` = 142L, `8` = 65L, 
    `9` = 44L, `10` = 30L, `11` = 28L, `12` = 18L, `13` = 12L, 
    `14` = 3L, `15` = 5L, `16` = 8L, `17` = 3L, `18` = 1L, `19` = 1L, 
    `20` = 1L, `24` = 1L), .Dim = 21L, .Dimnames = structure(list(
        c("1", "2", "3", "4", "5", "6", "7", "8", "9", "10", 
        "11", "12", "13", "14", "15", "16", "17", "18", "19", 
        "20", "24")), .Names = ""), class = "table"), No.Tag = structure(c(0L, 
    3L, 80L, 0L, 0L, 0L, 0L, 2L, 114L, 2L, 0L, 0L, 0L, 0L, 0L, 
    0L, 0L, 0L, 0L, 0L, 0L, 0L, 0L, 0L, 0L, 1L, 9L, 0L, 0L, 0L
    ), .Dim = 6:5, .Dimnames = structure(list(c("-2", "-1", "0", 
    "1", "2", NA), c("A", "C", "G", "T", NA)), .Names = c("", 
    "")), class = "table"), All.Tags = list(Concordant = list(
        Freqs = structure(c(0, 9, 939, 4, 0, 0, 7, 710, 1, 0, 
        0, 0, 0, 0, 0, 0, 0, 0, 0, 0), .Dim = 5:4, .Dimnames = list(
            c("-2", "-1", "0", "1", "2"), c("A", "C", "G", "T"
            ))), N = 1670), Majority = list(Freqs = structure(c(0, 
    10, 1410, 5, 0, 0, 9, 1118, 1, 0, 0, 0, 0, 0, 0, 0, 0, 0, 
    0, 0), .Dim = 5:4, .Dimnames = list(c("-2", "-1", "0", "1", 
    "2"), c("A", "C", "G", "T"))), N = 2553)), `2` = structure(c(0, 
    1, 1006, 1, 0, 0, 5, 786, 0, 0, 0, 0, 0, 0, 0, 0, 0, 0, 0, 
    0), .Dim = 5:4, .Dimnames = list(c("-2", "-1", "0", "1", 
    "2"), c("A", "C", "G", "T"))))))
