Results <-
list(`bwaOutput/20210421msiMNRsJenny/256267_S69.sam` = list(LR36_SNP1 = list(
    All = list(Freqs = structure(c(0L, 0L, 0L, 0L, 26L, 0L, 2L, 
    0L, 0L, 0L, 0L, 1L, 0L, 0L, 0L, 0L, 0L, 0L, 2L, 0L, 0L, 4L, 
    72L, 815L, 946L, 8902L, 85L, 152L, 0L, 3L, 22L, 38L, 779L, 
    4L, 0L), .Dim = c(7L, 5L), .Dimnames = structure(list(c("-4", 
    "-3", "-2", "-1", "0", "1", NA), c("A", "C", "G", "T", NA
    )), .Names = c("", "")), class = "table"), N = 11853L), Tag.Distribution = structure(c(`1` = 418L, 
    `2` = 324L, `3` = 282L, `4` = 211L, `5` = 223L, `6` = 151L, 
    `7` = 135L, `8` = 110L, `9` = 96L, `10` = 51L, `11` = 58L, 
    `12` = 43L, `13` = 33L, `14` = 20L, `15` = 20L, `16` = 19L, 
    `17` = 8L, `18` = 3L, `19` = 6L, `20` = 6L, `21` = 5L, `22` = 2L, 
    `23` = 3L, `24` = 3L, `25` = 2L, `26` = 1L, `28` = 3L, `30` = 1L, 
    `31` = 1L, `34` = 1L, `37` = 1L), .Dim = 31L, .Dimnames = structure(list(
        c("1", "2", "3", "4", "5", "6", "7", "8", "9", "10", 
        "11", "12", "13", "14", "15", "16", "17", "18", "19", 
        "20", "21", "22", "23", "24", "25", "26", "28", "30", 
        "31", "34", "37")), .Names = ""), class = "table"), No.Tag = structure(c(0L, 
    0L, 0L, 0L, 1L, 0L, 0L, 0L, 0L, 0L, 0L, 0L, 0L, 0L, 0L, 0L, 
    0L, 0L, 0L, 0L, 0L, 0L, 2L, 20L, 34L, 267L, 7L, 16L, 0L, 
    0L, 0L, 6L, 51L, 0L, 0L), .Dim = c(7L, 5L), .Dimnames = structure(list(
        c("-4", "-3", "-2", "-1", "0", "1", NA), c("A", "C", 
        "G", "T", NA)), .Names = c("", "")), class = "table"), 
    All.Tags = list(Concordant = list(Freqs = structure(c(0, 
    0, 0, 0, 4, 0, 0, 0, 0, 0, 0, 0, 0, 0, 0, 0, 0, 0, 0, 5, 
    96, 102, 1517, 6), .Dim = c(6L, 4L), .Dimnames = list(c("-4", 
    "-3", "-2", "-1", "0", "1"), c("A", "C", "G", "T"))), N = 1730), 
        Majority = list(Freqs = structure(c(0, 0, 0, 0, 4, 0, 
        0, 0, 0, 0, 0, 0, 0, 0, 0, 0, 0, 0, 0, 8, 139, 148, 1842, 
        8), .Dim = c(6L, 4L), .Dimnames = list(c("-4", "-3", 
        "-2", "-1", "0", "1"), c("A", "C", "G", "T"))), N = 2149)), 
    `2` = structure(c(0, 0, 0, 0, 0, 0, 0, 0, 0, 0, 0, 0, 0, 
    0, 0, 0, 0, 0, 0, 6, 118, 115, 1524, 4), .Dim = c(6L, 4L), .Dimnames = list(
        c("-4", "-3", "-2", "-1", "0", "1"), c("A", "C", "G", 
        "T"))))))
