Results <-
list(`bwaOutput/20210421msiMNRsJenny/256267_S69.sam` = list(LR24_SNP1 = list(
    All = list(Freqs = structure(c(1L, 87L, 10839L, 17L, 19L, 
    0L, 1L, 9L, 0L, 0L, 0L, 0L, 1L, 0L, 0L, 0L, 0L, 47L, 0L, 
    0L), .Dim = 5:4, .Dimnames = structure(list(c("-2", "-1", 
    "0", "1", NA), c("A", "G", "T", NA)), .Names = c("", "")), class = "table"), 
        N = 11021L), Tag.Distribution = structure(c(`1` = 585L, 
    `2` = 408L, `3` = 328L, `4` = 314L, `5` = 198L, `6` = 160L, 
    `7` = 117L, `8` = 86L, `9` = 77L, `10` = 55L, `11` = 27L, 
    `12` = 32L, `13` = 24L, `14` = 22L, `15` = 17L, `16` = 8L, 
    `17` = 7L, `18` = 6L, `19` = 1L, `20` = 3L, `21` = 3L, `22` = 1L, 
    `23` = 3L, `24` = 1L, `26` = 1L, `27` = 1L, `32` = 1L), .Dim = 27L, .Dimnames = structure(list(
        c("1", "2", "3", "4", "5", "6", "7", "8", "9", "10", 
        "11", "12", "13", "14", "15", "16", "17", "18", "19", 
        "20", "21", "22", "23", "24", "26", "27", "32")), .Names = ""), class = "table"), 
    No.Tag = structure(c(0L, 4L, 418L, 0L, 0L, 0L, 0L, 0L, 0L, 
    0L, 0L, 0L, 0L, 0L, 0L, 0L, 0L, 5L, 0L, 0L), .Dim = 5:4, .Dimnames = structure(list(
        c("-2", "-1", "0", "1", NA), c("A", "G", "T", NA)), .Names = c("", 
    "")), class = "table"), All.Tags = list(Concordant = list(
        Freqs = structure(c(0, 2, 2387, 0, 0, 0, 1, 0, 0, 0, 
        0, 0), .Dim = 4:3, .Dimnames = list(c("-2", "-1", "0", 
        "1"), c("A", "G", "T"))), N = 2390), Majority = list(
        Freqs = structure(c(0, 6, 2464, 0, 0, 0, 1, 0, 0, 0, 
        0, 0), .Dim = 4:3, .Dimnames = list(c("-2", "-1", "0", 
        "1"), c("A", "G", "T"))), N = 2471)), `2` = structure(c(0, 
    6, 1892, 0, 0, 0, 0, 0, 0, 0, 0, 0), .Dim = 4:3, .Dimnames = list(
        c("-2", "-1", "0", "1"), c("A", "G", "T"))))))
