Results <-
list(`bwaOutput/20210421msiMNRsJenny/256265_S92.sam` = list(LR10_SNP1 = list(
    All = list(Freqs = structure(c(0L, 0L, 1L, 0L, 0L, 0L, 0L, 
    2L, 0L, 0L, 0L, 87L, 4381L, 38L, 8L, 1L, 63L, 4537L, 20L, 
    1L, 0L, 2L, 134L, 2L, 0L), .Dim = c(5L, 5L), .Dimnames = structure(list(
        c("-2", "-1", "0", "1", NA), c("-", "A", "C", "T", NA
        )), .Names = c("", "")), class = "table"), N = 9277L), 
    Tag.Distribution = structure(c(`1` = 819L, `2` = 511L, `3` = 418L, 
    `4` = 322L, `5` = 207L, `6` = 135L, `7` = 108L, `8` = 64L, 
    `9` = 43L, `10` = 32L, `11` = 12L, `12` = 13L, `13` = 12L, 
    `14` = 4L, `15` = 3L, `16` = 2L, `17` = 1L, `18` = 2L, `19` = 1L, 
    `20` = 1L, `24` = 1L, `29` = 1L, `30` = 1L, `31` = 1L), .Dim = 24L, .Dimnames = structure(list(
        c("1", "2", "3", "4", "5", "6", "7", "8", "9", "10", 
        "11", "12", "13", "14", "15", "16", "17", "18", "19", 
        "20", "24", "29", "30", "31")), .Names = ""), class = "table"), 
    No.Tag = structure(c(0L, 0L, 0L, 0L, 0L, 0L, 0L, 0L, 0L, 
    0L, 0L, 4L, 123L, 1L, 0L, 0L, 1L, 149L, 2L, 0L, 0L, 0L, 11L, 
    0L, 0L), .Dim = c(5L, 5L), .Dimnames = structure(list(c("-2", 
    "-1", "0", "1", NA), c("-", "A", "C", "T", NA)), .Names = c("", 
    "")), class = "table"), All.Tags = list(Concordant = list(
        Freqs = structure(c(0, 0, 0, 0, 0, 0, 0, 0, 0, 10, 822, 
        3, 1, 8, 885, 1), .Dim = c(4L, 4L), .Dimnames = list(
            c("-2", "-1", "0", "1"), c("-", "A", "C", "T"))), 
        N = 1730), Majority = list(Freqs = structure(c(0, 0, 
    0, 0, 0, 0, 0, 0, 0, 11, 1194, 3, 1, 8, 1250, 1), .Dim = c(4L, 
    4L), .Dimnames = list(c("-2", "-1", "0", "1"), c("-", "A", 
    "C", "T"))), N = 2468)), `2` = structure(c(0, 0, 0, 0, 0, 
    0, 0, 0, 0, 1, 823, 0, 0, 2, 844, 0), .Dim = c(4L, 4L), .Dimnames = list(
        c("-2", "-1", "0", "1"), c("-", "A", "C", "T"))))))
