Results <-
list(`bwaOutput/20210421msiMNRsJenny/256271_S70.sam` = list(LR20_SNP1 = list(
    All = list(Freqs = structure(c(0L, 0L, 1L, 0L, 0L, 0L, 0L, 
    15L, 0L, 0L, 1L, 1643L, 10887L, 21L, 22L, 0L, 0L, 1L, 0L, 
    0L, 1L, 9L, 123L, 1L, 0L), .Dim = c(5L, 5L), .Dimnames = structure(list(
        c("-2", "-1", "0", "1", NA), c("-", "A", "G", "T", NA
        )), .Names = c("", "")), class = "table"), N = 12725L), 
    Tag.Distribution = structure(c(`1` = 425L, `2` = 283L, `3` = 196L, 
    `4` = 196L, `5` = 165L, `6` = 139L, `7` = 117L, `8` = 109L, 
    `9` = 78L, `10` = 76L, `11` = 66L, `12` = 57L, `13` = 36L, 
    `14` = 19L, `15` = 26L, `16` = 24L, `17` = 16L, `18` = 15L, 
    `19` = 12L, `20` = 8L, `21` = 10L, `22` = 3L, `23` = 3L, 
    `24` = 5L, `25` = 7L, `26` = 2L, `27` = 3L, `28` = 2L, `29` = 1L, 
    `30` = 1L, `31` = 3L, `32` = 3L, `34` = 1L, `35` = 1L, `37` = 1L, 
    `39` = 1L), .Dim = 36L, .Dimnames = structure(list(c("1", 
    "2", "3", "4", "5", "6", "7", "8", "9", "10", "11", "12", 
    "13", "14", "15", "16", "17", "18", "19", "20", "21", "22", 
    "23", "24", "25", "26", "27", "28", "29", "30", "31", "32", 
    "34", "35", "37", "39")), .Names = ""), class = "table"), 
    No.Tag = structure(c(0L, 0L, 0L, 0L, 0L, 0L, 0L, 3L, 0L, 
    0L, 0L, 77L, 378L, 0L, 5L, 0L, 0L, 1L, 0L, 0L, 0L, 1L, 15L, 
    0L, 0L), .Dim = c(5L, 5L), .Dimnames = structure(list(c("-2", 
    "-1", "0", "1", NA), c("-", "A", "G", "T", NA)), .Names = c("", 
    "")), class = "table"), All.Tags = list(Concordant = list(
        Freqs = structure(c(0, 0, 0, 0, 0, 0, 2, 0, 0, 160, 1630, 
        0, 0, 0, 0, 0), .Dim = c(4L, 4L), .Dimnames = list(c("-2", 
        "-1", "0", "1"), c("-", "A", "G", "T"))), N = 1792), 
        Majority = list(Freqs = structure(c(0, 0, 0, 0, 0, 0, 
        2, 0, 0, 239, 1820, 0, 0, 0, 0, 0), .Dim = c(4L, 4L), .Dimnames = list(
            c("-2", "-1", "0", "1"), c("-", "A", "G", "T"))), 
            N = 2061)), `2` = structure(c(0, 0, 0, 0, 0, 0, 1, 
    0, 0, 183, 1463, 0, 0, 0, 0, 0), .Dim = c(4L, 4L), .Dimnames = list(
        c("-2", "-1", "0", "1"), c("-", "A", "G", "T"))))))
