Results <-
list(`bwaOutput/20210421msiMNRsJenny/256271_S70.sam` = list(LR46_SNP1 = list(
    All = list(Freqs = structure(c(0L, 0L, 6L, 0L, 0L, 0L, 1L, 
    109L, 9845L, 22L, 1L, 37L, 0L, 0L, 22L, 0L, 0L, 0L, 0L, 0L, 
    76L, 0L, 0L, 0L), .Dim = c(6L, 4L), .Dimnames = structure(list(
        c("-2", "-1", "0", "1", "2", NA), c("A", "G", "T", NA
        )), .Names = c("", "")), class = "table"), N = 10119L), 
    Tag.Distribution = structure(c(`1` = 379L, `2` = 226L, `3` = 186L, 
    `4` = 159L, `5` = 136L, `6` = 125L, `7` = 86L, `8` = 84L, 
    `9` = 77L, `10` = 51L, `11` = 42L, `12` = 33L, `13` = 35L, 
    `14` = 33L, `15` = 23L, `16` = 23L, `17` = 9L, `18` = 20L, 
    `19` = 9L, `20` = 7L, `21` = 4L, `23` = 6L, `24` = 2L, `25` = 1L, 
    `26` = 1L, `27` = 1L, `28` = 3L, `29` = 2L, `36` = 1L), .Dim = 29L, .Dimnames = structure(list(
        c("1", "2", "3", "4", "5", "6", "7", "8", "9", "10", 
        "11", "12", "13", "14", "15", "16", "17", "18", "19", 
        "20", "21", "23", "24", "25", "26", "27", "28", "29", 
        "36")), .Names = ""), class = "table"), No.Tag = structure(c(0L, 
    0L, 0L, 0L, 0L, 0L, 0L, 1L, 335L, 1L, 0L, 3L, 0L, 0L, 0L, 
    0L, 0L, 0L, 0L, 0L, 9L, 0L, 0L, 0L), .Dim = c(6L, 4L), .Dimnames = structure(list(
        c("-2", "-1", "0", "1", "2", NA), c("A", "G", "T", NA
        )), .Names = c("", "")), class = "table"), All.Tags = list(
        Concordant = list(Freqs = structure(c(0, 0, 0, 0, 0, 
        0, 9, 1677, 1, 0, 0, 0, 3, 0, 0), .Dim = c(5L, 3L), .Dimnames = list(
            c("-2", "-1", "0", "1", "2"), c("A", "G", "T"))), 
            N = 1690), Majority = list(Freqs = structure(c(0, 
        0, 0, 0, 0, 0, 14, 1732, 1, 0, 0, 0, 4, 0, 0), .Dim = c(5L, 
        3L), .Dimnames = list(c("-2", "-1", "0", "1", "2"), c("A", 
        "G", "T"))), N = 1751)), `2` = structure(c(0, 0, 0, 0, 
    0, 0, 11, 1372, 0, 0, 0, 0, 2, 0, 0), .Dim = c(5L, 3L), .Dimnames = list(
        c("-2", "-1", "0", "1", "2"), c("A", "G", "T"))))))
