Results <-
list(`bwaOutput/20210421msiMNRsJenny/256271_S70.sam` = list(GM07_SNP1 = list(
    All = list(Freqs = structure(c(0L, 0L, 3L, 10L, 0L, 0L, 1L, 
    5L, 1365L, 1705L, 7361L, 194L, 9L, 282L, 0L, 0L, 0L, 1L, 
    0L, 0L, 0L, 0L, 9L, 10L, 177L, 5L, 0L, 0L), .Dim = c(7L, 
    4L), .Dimnames = structure(list(c("-3", "-2", "-1", "0", 
    "1", "2", NA), c("A", "G", "T", NA)), .Names = c("", "")), class = "table"), 
        N = 11137L), Tag.Distribution = structure(c(`1` = 425L, 
    `2` = 266L, `3` = 207L, `4` = 177L, `5` = 140L, `6` = 139L, 
    `7` = 109L, `8` = 94L, `9` = 79L, `10` = 76L, `11` = 50L, 
    `12` = 41L, `13` = 45L, `14` = 33L, `15` = 30L, `16` = 19L, 
    `17` = 8L, `18` = 14L, `19` = 9L, `20` = 5L, `21` = 5L, `22` = 4L, 
    `23` = 2L, `24` = 1L, `26` = 2L, `27` = 2L, `32` = 1L, `33` = 1L
    ), .Dim = 28L, .Dimnames = structure(list(c("1", "2", "3", 
    "4", "5", "6", "7", "8", "9", "10", "11", "12", "13", "14", 
    "15", "16", "17", "18", "19", "20", "21", "22", "23", "24", 
    "26", "27", "32", "33")), .Names = ""), class = "table"), 
    No.Tag = structure(c(0L, 0L, 1L, 0L, 0L, 0L, 0L, 0L, 25L, 
    49L, 260L, 11L, 0L, 32L, 0L, 0L, 0L, 0L, 0L, 0L, 0L, 0L, 
    1L, 0L, 15L, 1L, 0L, 0L), .Dim = c(7L, 4L), .Dimnames = structure(list(
        c("-3", "-2", "-1", "0", "1", "2", NA), c("A", "G", "T", 
        NA)), .Names = c("", "")), class = "table"), All.Tags = list(
        Concordant = list(Freqs = structure(c(0, 0, 0, 1, 0, 
        0, 1, 165, 186, 953, 9, 0, 0, 0, 0, 0, 0, 0), .Dim = c(6L, 
        3L), .Dimnames = list(c("-3", "-2", "-1", "0", "1", "2"
        ), c("A", "G", "T"))), N = 1315), Majority = list(Freqs = structure(c(0, 
        0, 0, 1, 0, 0, 1, 236, 269, 1349, 9, 0, 0, 0, 0, 0, 0, 
        0), .Dim = c(6L, 3L), .Dimnames = list(c("-3", "-2", 
        "-1", "0", "1", "2"), c("A", "G", "T"))), N = 1865)), 
    `2` = structure(c(0, 0, 0, 0, 0, 0, 0, 187, 203, 1083, 0, 
    0, 0, 0, 0, 0, 0, 0), .Dim = c(6L, 3L), .Dimnames = list(
        c("-3", "-2", "-1", "0", "1", "2"), c("A", "G", "T"))))))
