Results <-
list(`bwaOutput/20210421msiMNRsJenny/256267_S69.sam` = list(GM17_SNP1 = list(
    All = list(Freqs = structure(c(0L, 0L, 0L, 3L, 0L, 0L, 0L, 
    0L, 1L, 16L, 0L, 0L, 2L, 5L, 334L, 16831L, 42L, 12L, 0L, 
    0L, 11L, 540L, 1L, 0L), .Dim = c(6L, 4L), .Dimnames = structure(list(
        c("-3", "-2", "-1", "0", "1", NA), c("A", "C", "T", NA
        )), .Names = c("", "")), class = "table"), N = 17798L), 
    Tag.Distribution = structure(c(`1` = 366L, `2` = 292L, `3` = 245L, 
    `4` = 255L, `5` = 221L, `6` = 208L, `7` = 175L, `8` = 134L, 
    `9` = 130L, `10` = 119L, `11` = 80L, `12` = 71L, `13` = 64L, 
    `14` = 48L, `15` = 25L, `16` = 36L, `17` = 23L, `18` = 27L, 
    `19` = 21L, `20` = 14L, `21` = 11L, `22` = 18L, `23` = 9L, 
    `24` = 7L, `25` = 8L, `26` = 3L, `27` = 5L, `28` = 4L, `29` = 2L, 
    `30` = 1L, `31` = 3L, `32` = 1L, `33` = 1L, `34` = 1L, `35` = 1L, 
    `39` = 1L), .Dim = 36L, .Dimnames = structure(list(c("1", 
    "2", "3", "4", "5", "6", "7", "8", "9", "10", "11", "12", 
    "13", "14", "15", "16", "17", "18", "19", "20", "21", "22", 
    "23", "24", "25", "26", "27", "28", "29", "30", "31", "32", 
    "33", "34", "35", "39")), .Names = ""), class = "table"), 
    No.Tag = structure(c(0L, 0L, 0L, 0L, 0L, 0L, 0L, 0L, 0L, 
    1L, 0L, 0L, 0L, 0L, 12L, 412L, 2L, 0L, 0L, 0L, 0L, 32L, 0L, 
    0L), .Dim = c(6L, 4L), .Dimnames = structure(list(c("-3", 
    "-2", "-1", "0", "1", NA), c("A", "C", "T", NA)), .Names = c("", 
    "")), class = "table"), All.Tags = list(Concordant = list(
        Freqs = structure(c(0, 0, 0, 1, 0, 0, 0, 0, 3, 0, 0, 
        0, 16, 2342, 0), .Dim = c(5L, 3L), .Dimnames = list(c("-3", 
        "-2", "-1", "0", "1"), c("A", "C", "T"))), N = 2362), 
        Majority = list(Freqs = structure(c(0, 0, 0, 1, 0, 0, 
        0, 0, 3, 0, 0, 0, 22, 2574, 1), .Dim = c(5L, 3L), .Dimnames = list(
            c("-3", "-2", "-1", "0", "1"), c("A", "C", "T"))), 
            N = 2601)), `2` = structure(c(0, 0, 0, 0, 0, 0, 0, 
    0, 1, 0, 0, 0, 14, 2233, 1), .Dim = c(5L, 3L), .Dimnames = list(
        c("-3", "-2", "-1", "0", "1"), c("A", "C", "T"))))))
