Results <-
list(`bwaOutput/20210421msiMNRsJenny/256271_S70.sam` = list(LR36_SNP1 = list(
    All = list(Freqs = structure(c(0L, 0L, 0L, 0L, 0L, 1L, 0L, 
    0L, 0L, 0L, 2L, 0L, 6L, 217L, 6572L, 63L, 2L, 80L, 0L, 0L, 
    0L, 0L, 0L, 6L, 0L, 0L, 0L, 1L, 1653L, 2L, 8L, 104L, 4352L, 
    45L, 0L, 84L, 0L, 14L, 1L, 0L, 10L, 584L, 3L, 0L, 0L), .Dim = c(9L, 
    5L), .Dimnames = structure(list(c("-5", "-4", "-3", "-2", 
    "-1", "0", "1", "2", NA), c("-", "A", "G", "T", NA)), .Names = c("", 
    "")), class = "table"), N = 13810L), Tag.Distribution = structure(c(`1` = 471L, 
    `2` = 302L, `3` = 231L, `4` = 196L, `5` = 163L, `6` = 160L, 
    `7` = 160L, `8` = 123L, `9` = 117L, `10` = 90L, `11` = 75L, 
    `12` = 53L, `13` = 37L, `14` = 35L, `15` = 32L, `16` = 19L, 
    `17` = 20L, `18` = 15L, `19` = 8L, `20` = 6L, `21` = 7L, 
    `22` = 3L, `23` = 5L, `24` = 5L, `25` = 3L, `26` = 1L, `27` = 3L, 
    `28` = 3L, `29` = 1L, `38` = 2L, `47` = 1L), .Dim = 31L, .Dimnames = structure(list(
        c("1", "2", "3", "4", "5", "6", "7", "8", "9", "10", 
        "11", "12", "13", "14", "15", "16", "17", "18", "19", 
        "20", "21", "22", "23", "24", "25", "26", "27", "28", 
        "29", "38", "47")), .Names = ""), class = "table"), No.Tag = structure(c(0L, 
    0L, 0L, 0L, 0L, 0L, 0L, 0L, 0L, 0L, 0L, 0L, 0L, 4L, 214L, 
    4L, 2L, 9L, 0L, 0L, 0L, 0L, 0L, 0L, 0L, 0L, 0L, 0L, 26L, 
    0L, 1L, 3L, 150L, 1L, 0L, 4L, 0L, 1L, 1L, 0L, 2L, 40L, 0L, 
    0L, 0L), .Dim = c(9L, 5L), .Dimnames = structure(list(c("-5", 
    "-4", "-3", "-2", "-1", "0", "1", "2", NA), c("-", "A", "G", 
    "T", NA)), .Names = c("", "")), class = "table"), All.Tags = list(
        Concordant = list(Freqs = structure(c(0, 0, 0, 0, 0, 
        0, 0, 0, 0, 0, 0, 0, 9, 780, 3, 0, 0, 0, 0, 0, 0, 0, 
        0, 0, 0, 185, 0, 0, 3, 511, 2, 0), .Dim = c(8L, 4L), .Dimnames = list(
            c("-5", "-4", "-3", "-2", "-1", "0", "1", "2"), c("-", 
            "A", "G", "T"))), N = 1493), Majority = list(Freqs = structure(c(0, 
        0, 0, 0, 0, 0, 0, 0, 0, 0, 0, 0, 16, 1133, 4, 0, 0, 0, 
        0, 0, 0, 0, 0, 0, 0, 264, 0, 0, 6, 772, 2, 0), .Dim = c(8L, 
        4L), .Dimnames = list(c("-5", "-4", "-3", "-2", "-1", 
        "0", "1", "2"), c("-", "A", "G", "T"))), N = 2197)), 
    `2` = structure(c(0, 0, 0, 0, 0, 0, 0, 0, 0, 0, 0, 0, 12, 
    912, 3, 0, 0, 0, 0, 0, 0, 0, 0, 0, 0, 216, 0, 0, 3, 620, 
    0, 0), .Dim = c(8L, 4L), .Dimnames = list(c("-5", "-4", "-3", 
    "-2", "-1", "0", "1", "2"), c("-", "A", "G", "T"))))))
