Results <-
list(`bwaOutput/20210421msiMNRsJenny/256265_S92.sam` = list(LR17_SNP1 = list(
    All = list(Freqs = structure(c(0L, 0L, 1L, 0L, 0L, 0L, 0L, 
    9L, 481L, 11476L, 158L, 3L, 0L, 84L, 0L, 0L, 5L, 0L, 0L, 
    0L, 0L, 0L, 17L, 857L, 5L, 1L, 1L, 0L), .Dim = c(7L, 4L), .Dimnames = structure(list(
        c("-2", "-1", "0", "1", "2", "3", NA), c("-", "A", "G", 
        NA)), .Names = c("", "")), class = "table"), N = 13098L), 
    Tag.Distribution = structure(c(`1` = 640L, `2` = 630L, `3` = 503L, 
    `4` = 393L, `5` = 321L, `6` = 195L, `7` = 176L, `8` = 102L, 
    `9` = 72L, `10` = 61L, `11` = 41L, `12` = 31L, `13` = 16L, 
    `14` = 17L, `15` = 5L, `16` = 4L, `17` = 2L, `18` = 3L, `19` = 2L, 
    `23` = 1L, `25` = 1L), .Dim = 21L, .Dimnames = structure(list(
        c("1", "2", "3", "4", "5", "6", "7", "8", "9", "10", 
        "11", "12", "13", "14", "15", "16", "17", "18", "19", 
        "23", "25")), .Names = ""), class = "table"), No.Tag = structure(c(0L, 
    0L, 0L, 0L, 0L, 0L, 0L, 1L, 18L, 396L, 5L, 0L, 0L, 6L, 0L, 
    0L, 1L, 0L, 0L, 0L, 0L, 0L, 1L, 26L, 0L, 0L, 0L, 0L), .Dim = c(7L, 
    4L), .Dimnames = structure(list(c("-2", "-1", "0", "1", "2", 
    "3", NA), c("-", "A", "G", NA)), .Names = c("", "")), class = "table"), 
    All.Tags = list(Concordant = list(Freqs = structure(c(0, 
    0, 0, 0, 0, 0, 2, 23, 2654, 9, 0, 0, 0, 0, 0, 0, 0, 0), .Dim = c(6L, 
    3L), .Dimnames = list(c("-2", "-1", "0", "1", "2", "3"), 
        c("-", "A", "G"))), N = 2688), Majority = list(Freqs = structure(c(0, 
    0, 0, 0, 0, 0, 2, 29, 3045, 11, 0, 0, 0, 0, 0, 0, 0, 0), .Dim = c(6L, 
    3L), .Dimnames = list(c("-2", "-1", "0", "1", "2", "3"), 
        c("-", "A", "G"))), N = 3087)), `2` = structure(c(0, 
    0, 0, 0, 0, 0, 0, 9, 2474, 5, 0, 0, 0, 0, 0, 0, 0, 0), .Dim = c(6L, 
    3L), .Dimnames = list(c("-2", "-1", "0", "1", "2", "3"), 
        c("-", "A", "G"))))))
