Results <-
list(`bwaOutput/20210421msiMNRsJenny/256267_S69.sam` = list(LR52_SNP1 = list(
    All = list(Freqs = structure(c(0L, 0L, 0L, 0L, 0L, 1L, 0L, 
    0L, 0L, 1L, 1L, 49L, 319L, 1412L, 4757L, 39L, 1L, 114L, 0L, 
    1L, 0L, 2L, 4L, 31L, 0L, 0L, 2L, 0L, 0L, 1L, 2L, 57L, 1197L, 
    9L, 0L, 0L), .Dim = c(9L, 4L), .Dimnames = structure(list(
        c("-5", "-4", "-3", "-2", "-1", "0", "1", "2", NA), c("A", 
        "C", "T", NA)), .Names = c("", "")), class = "table"), 
        N = 8000L), Tag.Distribution = structure(c(`1` = 288L, 
    `2` = 260L, `3` = 192L, `4` = 185L, `5` = 172L, `6` = 123L, 
    `7` = 94L, `8` = 84L, `9` = 65L, `10` = 43L, `11` = 26L, 
    `12` = 25L, `13` = 16L, `14` = 12L, `15` = 12L, `16` = 10L, 
    `17` = 8L, `18` = 5L, `19` = 3L, `20` = 3L, `21` = 1L, `22` = 2L, 
    `23` = 1L), .Dim = 23L, .Dimnames = structure(list(c("1", 
    "2", "3", "4", "5", "6", "7", "8", "9", "10", "11", "12", 
    "13", "14", "15", "16", "17", "18", "19", "20", "21", "22", 
    "23")), .Names = ""), class = "table"), No.Tag = structure(c(0L, 
    0L, 0L, 0L, 0L, 0L, 0L, 0L, 0L, 0L, 0L, 0L, 4L, 28L, 122L, 
    1L, 0L, 4L, 0L, 0L, 0L, 0L, 0L, 2L, 0L, 0L, 0L, 0L, 0L, 1L, 
    0L, 1L, 37L, 0L, 0L, 0L), .Dim = c(9L, 4L), .Dimnames = structure(list(
        c("-5", "-4", "-3", "-2", "-1", "0", "1", "2", NA), c("A", 
        "C", "T", NA)), .Names = c("", "")), class = "table"), 
    All.Tags = list(Concordant = list(Freqs = structure(c(0, 
    0, 0, 0, 0, 0, 0, 0, 1, 0, 5, 26, 147, 771, 4, 0, 0, 0, 0, 
    1, 0, 7, 0, 0), .Dim = c(8L, 3L), .Dimnames = list(c("-5", 
    "-4", "-3", "-2", "-1", "0", "1", "2"), c("A", "C", "T"))), 
        N = 962), Majority = list(Freqs = structure(c(0, 0, 0, 
    0, 0, 0, 0, 0, 1, 0, 11, 40, 225, 1167, 4, 0, 0, 0, 0, 1, 
    0, 10, 0, 0), .Dim = c(8L, 3L), .Dimnames = list(c("-5", 
    "-4", "-3", "-2", "-1", "0", "1", "2"), c("A", "C", "T"))), 
        N = 1459)), `2` = structure(c(0, 0, 0, 0, 0, 0, 0, 0, 
    0, 0, 9, 30, 185, 1001, 2, 0, 0, 0, 0, 1, 0, 4, 0, 0), .Dim = c(8L, 
    3L), .Dimnames = list(c("-5", "-4", "-3", "-2", "-1", "0", 
    "1", "2"), c("A", "C", "T"))))))
