Results <-
list(`bwaOutput/20210421msiMNRsJenny/256271_S70.sam` = list(LR49_SNP1 = list(
    All = list(Freqs = structure(c(1L, 55L, 5669L, 0L, 6L, 0L, 
    13L, 5147L, 1L, 10L, 0L, 0L, 3L, 0L, 0L, 0L, 2L, 172L, 0L, 
    0L), .Dim = 5:4, .Dimnames = structure(list(c("-2", "-1", 
    "0", "1", NA), c("A", "G", "T", NA)), .Names = c("", "")), class = "table"), 
        N = 11079L), Tag.Distribution = structure(c(`1` = 484L, 
    `2` = 312L, `3` = 286L, `4` = 201L, `5` = 152L, `6` = 128L, 
    `7` = 102L, `8` = 83L, `9` = 67L, `10` = 61L, `11` = 51L, 
    `12` = 41L, `13` = 33L, `14` = 21L, `15` = 30L, `16` = 17L, 
    `17` = 9L, `18` = 10L, `19` = 10L, `20` = 3L, `21` = 7L, 
    `22` = 5L, `23` = 4L, `24` = 5L, `25` = 3L, `26` = 4L, `29` = 1L, 
    `32` = 1L, `38` = 1L), .Dim = 29L, .Dimnames = structure(list(
        c("1", "2", "3", "4", "5", "6", "7", "8", "9", "10", 
        "11", "12", "13", "14", "15", "16", "17", "18", "19", 
        "20", "21", "22", "23", "24", "25", "26", "29", "32", 
        "38")), .Names = ""), class = "table"), No.Tag = structure(c(0L, 
    1L, 168L, 0L, 0L, 0L, 1L, 165L, 0L, 0L, 0L, 0L, 0L, 0L, 0L, 
    0L, 0L, 27L, 0L, 0L), .Dim = 5:4, .Dimnames = structure(list(
        c("-2", "-1", "0", "1", NA), c("A", "G", "T", NA)), .Names = c("", 
    "")), class = "table"), All.Tags = list(Concordant = list(
        Freqs = structure(c(0, 8, 809, 0, 0, 0, 702, 0, 0, 0, 
        0, 0), .Dim = 4:3, .Dimnames = list(c("-2", "-1", "0", 
        "1"), c("A", "G", "T"))), N = 1519), Majority = list(
        Freqs = structure(c(0, 9, 1087, 0, 0, 0, 936, 0, 0, 0, 
        0, 0), .Dim = 4:3, .Dimnames = list(c("-2", "-1", "0", 
        "1"), c("A", "G", "T"))), N = 2032)), `2` = structure(c(0, 
    9, 844, 0, 0, 0, 716, 0, 0, 0, 0, 0), .Dim = 4:3, .Dimnames = list(
        c("-2", "-1", "0", "1"), c("A", "G", "T"))))))
