Results <-
list(`bwaOutput/20210421msiMNRsJenny/257349_S71.sam` = list(GM14_SNP1 = list(
    All = list(Freqs = structure(c(0L, 48L, 658L, 3266L, 46L, 
    1L, 15L, 1L, 13L, 201L, 3559L, 27L, 0L, 11L, 0L, 0L, 0L, 
    72L, 1L, 0L, 0L), .Dim = c(7L, 3L), .Dimnames = structure(list(
        c("-4", "-2", "-1", "0", "1", "3", NA), c("C", "T", NA
        )), .Names = c("", "")), class = "table"), N = 7919L), 
    Tag.Distribution = structure(c(`1` = 246L, `2` = 130L, `3` = 112L, 
    `4` = 104L, `5` = 89L, `6` = 80L, `7` = 77L, `8` = 70L, `9` = 59L, 
    `10` = 57L, `11` = 49L, `12` = 44L, `13` = 28L, `14` = 25L, 
    `15` = 25L, `16` = 14L, `17` = 12L, `18` = 8L, `19` = 8L, 
    `20` = 6L, `21` = 3L, `22` = 3L, `23` = 3L, `24` = 1L, `25` = 2L, 
    `26` = 1L, `29` = 1L, `32` = 1L), .Dim = 28L, .Dimnames = structure(list(
        c("1", "2", "3", "4", "5", "6", "7", "8", "9", "10", 
        "11", "12", "13", "14", "15", "16", "17", "18", "19", 
        "20", "21", "22", "23", "24", "25", "26", "29", "32")), .Names = ""), class = "table"), 
    No.Tag = structure(c(0L, 1L, 26L, 68L, 2L, 0L, 0L, 0L, 0L, 
    2L, 75L, 0L, 0L, 0L, 0L, 0L, 0L, 3L, 0L, 0L, 0L), .Dim = c(7L, 
    3L), .Dimnames = structure(list(c("-4", "-2", "-1", "0", 
    "1", "3", NA), c("C", "T", NA)), .Names = c("", "")), class = "table"), 
    All.Tags = list(Concordant = list(Freqs = structure(c(0, 
    4, 68, 381, 1, 0, 0, 2, 21, 458, 0, 0), .Dim = c(6L, 2L), .Dimnames = list(
        c("-4", "-2", "-1", "0", "1", "3"), c("C", "T"))), N = 935), 
        Majority = list(Freqs = structure(c(0, 6, 87, 526, 1, 
        0, 0, 2, 30, 578, 2, 0), .Dim = c(6L, 2L), .Dimnames = list(
            c("-4", "-2", "-1", "0", "1", "3"), c("C", "T"))), 
            N = 1232)), `2` = structure(c(0, 6, 65, 425, 1, 0, 
    0, 2, 21, 471, 2, 0), .Dim = c(6L, 2L), .Dimnames = list(
        c("-4", "-2", "-1", "0", "1", "3"), c("C", "T"))))))
