Results <-
list(`bwaOutput/20210421msiMNRsJenny/257349_S71.sam` = list(LR20_SNP1 = list(
    All = list(Freqs = structure(c(116L, 4065L, 3L, 6L, 30L, 
    4205L, 0L, 3L, 0L, 1L, 0L, 0L, 2L, 65L, 0L, 0L), .Dim = c(4L, 
    4L), .Dimnames = structure(list(c("-1", "0", "1", NA), c("A", 
    "G", "T", NA)), .Names = c("", "")), class = "table"), N = 8496L), 
    Tag.Distribution = structure(c(`1` = 268L, `2` = 135L, `3` = 127L, 
    `4` = 120L, `5` = 99L, `6` = 74L, `7` = 74L, `8` = 87L, `9` = 62L, 
    `10` = 52L, `11` = 35L, `12` = 28L, `13` = 26L, `14` = 23L, 
    `15` = 22L, `16` = 16L, `17` = 12L, `18` = 12L, `19` = 9L, 
    `20` = 7L, `21` = 3L, `22` = 2L, `23` = 5L, `24` = 4L, `25` = 4L, 
    `26` = 2L, `27` = 4L, `28` = 4L, `33` = 4L), .Dim = 29L, .Dimnames = structure(list(
        c("1", "2", "3", "4", "5", "6", "7", "8", "9", "10", 
        "11", "12", "13", "14", "15", "16", "17", "18", "19", 
        "20", "21", "22", "23", "24", "25", "26", "27", "28", 
        "33")), .Names = ""), class = "table"), No.Tag = structure(c(1L, 
    164L, 0L, 2L, 1L, 173L, 0L, 2L, 0L, 0L, 0L, 0L, 0L, 3L, 0L, 
    0L), .Dim = c(4L, 4L), .Dimnames = structure(list(c("-1", 
    "0", "1", NA), c("A", "G", "T", NA)), .Names = c("", "")), class = "table"), 
    All.Tags = list(Concordant = list(Freqs = structure(c(5, 
    524, 0, 4, 535, 0, 0, 1, 0), .Dim = c(3L, 3L), .Dimnames = list(
        c("-1", "0", "1"), c("A", "G", "T"))), N = 1069), Majority = list(
        Freqs = structure(c(10, 631, 0, 4, 643, 0, 0, 1, 0), .Dim = c(3L, 
        3L), .Dimnames = list(c("-1", "0", "1"), c("A", "G", 
        "T"))), N = 1289)), `2` = structure(c(10, 502, 0, 2, 
    518, 0, 0, 0, 0), .Dim = c(3L, 3L), .Dimnames = list(c("-1", 
    "0", "1"), c("A", "G", "T"))))))
