Results <-
list(`bwaOutput/20210421msiMNRsJenny/257349_S71.sam` = list(GM29_SNP1 = list(
    All = list(Freqs = structure(c(124L, 1987L, 9264L, 51L, 24L, 
    0L, 1L, 30L, 0L, 0L, 0L, 1L, 3L, 0L, 0L, 1L, 8L, 110L, 1L, 
    0L), .Dim = 5:4, .Dimnames = structure(list(c("-2", "-1", 
    "0", "1", NA), c("A", "G", "T", NA)), .Names = c("", "")), class = "table"), 
        N = 11605L), Tag.Distribution = structure(c(`1` = 254L, 
    `2` = 128L, `3` = 89L, `4` = 108L, `5` = 93L, `6` = 80L, 
    `7` = 68L, `8` = 51L, `9` = 61L, `10` = 53L, `11` = 28L, 
    `12` = 49L, `13` = 44L, `14` = 25L, `15` = 27L, `16` = 18L, 
    `17` = 26L, `18` = 16L, `19` = 16L, `20` = 12L, `21` = 6L, 
    `22` = 9L, `23` = 9L, `24` = 6L, `25` = 8L, `26` = 4L, `27` = 7L, 
    `28` = 1L, `29` = 8L, `30` = 3L, `31` = 1L, `32` = 6L, `33` = 1L, 
    `34` = 1L, `35` = 4L, `36` = 1L, `37` = 7L, `38` = 1L, `41` = 3L, 
    `42` = 5L, `43` = 3L, `44` = 1L, `45` = 1L, `46` = 1L, `47` = 1L, 
    `48` = 1L, `51` = 1L, `54` = 1L, `62` = 1L, `64` = 1L, `66` = 1L
    ), .Dim = 51L, .Dimnames = structure(list(c("1", "2", "3", 
    "4", "5", "6", "7", "8", "9", "10", "11", "12", "13", "14", 
    "15", "16", "17", "18", "19", "20", "21", "22", "23", "24", 
    "25", "26", "27", "28", "29", "30", "31", "32", "33", "34", 
    "35", "36", "37", "38", "41", "42", "43", "44", "45", "46", 
    "47", "48", "51", "54", "62", "64", "66")), .Names = ""), class = "table"), 
    No.Tag = structure(c(9L, 78L, 327L, 0L, 7L, 0L, 0L, 0L, 0L, 
    0L, 0L, 0L, 0L, 0L, 0L, 0L, 2L, 10L, 0L, 0L), .Dim = 5:4, .Dimnames = structure(list(
        c("-2", "-1", "0", "1", NA), c("A", "G", "T", NA)), .Names = c("", 
    "")), class = "table"), All.Tags = list(Concordant = list(
        Freqs = structure(c(8, 140, 859, 3, 0, 0, 2, 0, 0, 0, 
        1, 0), .Dim = 4:3, .Dimnames = list(c("-2", "-1", "0", 
        "1"), c("A", "G", "T"))), N = 1013), Majority = list(
        Freqs = structure(c(11, 203, 1091, 3, 0, 0, 2, 0, 0, 
        0, 1, 0), .Dim = 4:3, .Dimnames = list(c("-2", "-1", 
        "0", "1"), c("A", "G", "T"))), N = 1311)), `2` = structure(c(9, 
    165, 901, 0, 0, 0, 2, 0, 0, 0, 0, 0), .Dim = 4:3, .Dimnames = list(
        c("-2", "-1", "0", "1"), c("A", "G", "T"))))))
