Results <-
list(`bwaOutput/20210421msiMNRsJenny/257349_S71.sam` = list(GM09_SNP1 = list(
    All = list(Freqs = structure(c(186L, 6077L, 10L, 1L, 62L, 
    5435L, 8L, 5L, 0L, 1L, 0L, 0L, 2L, 71L, 0L, 0L), .Dim = c(4L, 
    4L), .Dimnames = structure(list(c("-1", "0", "1", NA), c("A", 
    "G", "T", NA)), .Names = c("", "")), class = "table"), N = 11858L), 
    Tag.Distribution = structure(c(`1` = 301L, `2` = 142L, `3` = 130L, 
    `4` = 120L, `5` = 110L, `6` = 121L, `7` = 92L, `8` = 98L, 
    `9` = 81L, `10` = 63L, `11` = 56L, `12` = 46L, `13` = 44L, 
    `14` = 46L, `15` = 28L, `16` = 23L, `17` = 29L, `18` = 17L, 
    `19` = 16L, `20` = 6L, `21` = 9L, `22` = 6L, `23` = 7L, `24` = 1L, 
    `25` = 6L, `26` = 4L, `27` = 1L, `28` = 1L, `29` = 2L, `30` = 2L, 
    `31` = 1L, `33` = 1L, `34` = 5L, `35` = 1L, `36` = 1L, `37` = 1L, 
    `38` = 2L, `39` = 1L, `41` = 1L, `42` = 3L, `44` = 1L), .Dim = 41L, .Dimnames = structure(list(
        c("1", "2", "3", "4", "5", "6", "7", "8", "9", "10", 
        "11", "12", "13", "14", "15", "16", "17", "18", "19", 
        "20", "21", "22", "23", "24", "25", "26", "27", "28", 
        "29", "30", "31", "33", "34", "35", "36", "37", "38", 
        "39", "41", "42", "44")), .Names = ""), class = "table"), 
    No.Tag = structure(c(2L, 161L, 0L, 0L, 3L, 171L, 0L, 1L, 
    0L, 0L, 0L, 0L, 1L, 5L, 0L, 0L), .Dim = c(4L, 4L), .Dimnames = structure(list(
        c("-1", "0", "1", NA), c("A", "G", "T", NA)), .Names = c("", 
    "")), class = "table"), All.Tags = list(Concordant = list(
        Freqs = structure(c(17, 651, 0, 6, 578, 0, 0, 0, 0), .Dim = c(3L, 
        3L), .Dimnames = list(c("-1", "0", "1"), c("A", "G", 
        "T"))), N = 1252), Majority = list(Freqs = structure(c(23, 
    806, 0, 7, 748, 0, 0, 0, 0), .Dim = c(3L, 3L), .Dimnames = list(
        c("-1", "0", "1"), c("A", "G", "T"))), N = 1584)), `2` = structure(c(19, 
    662, 0, 5, 609, 0, 0, 0, 0), .Dim = c(3L, 3L), .Dimnames = list(
        c("-1", "0", "1"), c("A", "G", "T"))))))
