Results <-
list(`bwaOutput/20210421msiMNRsJenny/257349_S71.sam` = list(LR36_SNP1 = list(
    All = list(Freqs = structure(c(0L, 0L, 0L, 2L, 0L, 0L, 0L, 
    2L, 135L, 1808L, 5311L, 36L, 1L, 129L, 0L, 0L, 1L, 1L, 0L, 
    0L, 0L, 0L, 0L, 1L, 2L, 0L, 0L, 1L, 6L, 210L, 1586L, 4930L, 
    46L, 0L, 115L, 2L, 8L, 98L, 566L, 10L, 0L, 0L), .Dim = 7:6, .Dimnames = structure(list(
        c("-3", "-2", "-1", "0", "1", "2", NA), c("-", "A", "C", 
        "G", "T", NA)), .Names = c("", "")), class = "table"), 
        N = 15007L), Tag.Distribution = structure(c(`1` = 303L, 
    `2` = 182L, `3` = 167L, `4` = 150L, `5` = 136L, `6` = 133L, 
    `7` = 127L, `8` = 108L, `9` = 91L, `10` = 82L, `11` = 83L, 
    `12` = 63L, `13` = 51L, `14` = 43L, `15` = 39L, `16` = 36L, 
    `17` = 18L, `18` = 24L, `19` = 20L, `20` = 9L, `21` = 15L, 
    `22` = 12L, `23` = 11L, `24` = 11L, `25` = 6L, `26` = 10L, 
    `27` = 8L, `28` = 2L, `29` = 1L, `30` = 3L, `31` = 1L, `32` = 4L, 
    `33` = 2L, `34` = 2L, `35` = 2L, `36` = 2L, `38` = 1L, `46` = 1L, 
    `53` = 1L), .Dim = 39L, .Dimnames = structure(list(c("1", 
    "2", "3", "4", "5", "6", "7", "8", "9", "10", "11", "12", 
    "13", "14", "15", "16", "17", "18", "19", "20", "21", "22", 
    "23", "24", "25", "26", "27", "28", "29", "30", "31", "32", 
    "33", "34", "35", "36", "38", "46", "53")), .Names = ""), class = "table"), 
    No.Tag = structure(c(0L, 0L, 0L, 1L, 0L, 0L, 0L, 0L, 2L, 
    51L, 171L, 1L, 0L, 11L, 0L, 0L, 0L, 0L, 0L, 0L, 0L, 0L, 0L, 
    0L, 0L, 0L, 0L, 0L, 1L, 3L, 53L, 158L, 1L, 0L, 16L, 1L, 0L, 
    4L, 33L, 0L, 0L, 0L), .Dim = 7:6, .Dimnames = structure(list(
        c("-3", "-2", "-1", "0", "1", "2", NA), c("-", "A", "C", 
        "G", "T", NA)), .Names = c("", "")), class = "table"), 
    All.Tags = list(Concordant = list(Freqs = structure(c(0, 
    0, 0, 0, 0, 0, 0, 9, 152, 475, 0, 0, 0, 0, 0, 0, 0, 0, 0, 
    0, 0, 0, 0, 0, 0, 19, 114, 457, 1, 0), .Dim = 6:5, .Dimnames = list(
        c("-3", "-2", "-1", "0", "1", "2"), c("-", "A", "C", 
        "G", "T"))), N = 1227), Majority = list(Freqs = structure(c(0, 
    0, 0, 0, 0, 0, 0, 17, 242, 702, 0, 0, 0, 0, 0, 0, 0, 0, 0, 
    0, 0, 0, 0, 0, 0, 26, 195, 691, 1, 0), .Dim = 6:5, .Dimnames = list(
        c("-3", "-2", "-1", "0", "1", "2"), c("-", "A", "C", 
        "G", "T"))), N = 1874)), `2` = structure(c(0, 0, 0, 0, 
    0, 0, 0, 15, 197, 589, 0, 0, 0, 0, 0, 0, 0, 0, 0, 0, 0, 0, 
    0, 0, 0, 19, 173, 607, 0, 0), .Dim = 6:5, .Dimnames = list(
        c("-3", "-2", "-1", "0", "1", "2"), c("-", "A", "C", 
        "G", "T"))))))
