Results <-
list(`bwaOutput/20210421msiMNRsJenny/257369A2_S1.sam` = list(
    LR52_SNP1 = list(All = list(Freqs = structure(c(4L, 56L, 
    184L, 797L, 3L, 7L, 36L, 250L, 56L, 653L, 10L, 4L, 0L, 0L, 
    1L, 47L, 1L, 0L), .Dim = c(6L, 3L), .Dimnames = structure(list(
        c("-3", "-2", "-1", "0", "1", NA), c("C", "T", NA)), .Names = c("", 
    "")), class = "table"), N = 2109L), Tag.Distribution = structure(c(`1` = 115L, 
    `2` = 103L, `3` = 87L, `4` = 61L, `5` = 49L, `6` = 43L, `7` = 28L, 
    `8` = 22L, `9` = 12L, `10` = 10L, `11` = 2L, `12` = 1L, `13` = 3L, 
    `14` = 1L, `15` = 2L, `16` = 2L, `18` = 1L), .Dim = 17L, .Dimnames = structure(list(
        c("1", "2", "3", "4", "5", "6", "7", "8", "9", "10", 
        "11", "12", "13", "14", "15", "16", "18")), .Names = ""), class = "table"), 
        No.Tag = structure(c(0L, 0L, 10L, 14L, 0L, 0L, 0L, 2L, 
        0L, 5L, 0L, 0L, 0L, 0L, 0L, 2L, 0L, 0L), .Dim = c(6L, 
        3L), .Dimnames = structure(list(c("-3", "-2", "-1", "0", 
        "1", NA), c("C", "T", NA)), .Names = c("", "")), class = "table"), 
        All.Tags = list(Concordant = list(Freqs = structure(c(0, 
        7, 29, 167, 0, 9, 53, 1, 121, 2), .Dim = c(5L, 2L), .Dimnames = list(
            c("-3", "-2", "-1", "0", "1"), c("C", "T"))), N = 389), 
            Majority = list(Freqs = structure(c(0, 9, 37, 222, 
            0, 11, 63, 2, 169, 2), .Dim = c(5L, 2L), .Dimnames = list(
                c("-3", "-2", "-1", "0", "1"), c("C", "T"))), 
                N = 515)), `2` = structure(c(0, 6, 23, 171, 0, 
        9, 50, 1, 142, 1), .Dim = c(5L, 2L), .Dimnames = list(
            c("-3", "-2", "-1", "0", "1"), c("C", "T"))))))
