Results <-
list(`bwaOutput/20210421msiMNRsJenny/257349_S71.sam` = list(GM22_SNP1 = list(
    All = list(Freqs = structure(c(0L, 1L, 41L, 0L, 0L, 0L, 8L, 
    1178L, 8734L, 40L, 2L, 26L, 0L, 1L, 0L, 0L, 0L, 0L, 0L, 20L, 
    230L, 1L, 0L, 0L), .Dim = c(6L, 4L), .Dimnames = structure(list(
        c("-2", "-1", "0", "1", "2", NA), c("A", "G", "T", NA
        )), .Names = c("", "")), class = "table"), N = 10282L), 
    Tag.Distribution = structure(c(`1` = 273L, `2` = 121L, `3` = 116L, 
    `4` = 110L, `5` = 115L, `6` = 110L, `7` = 98L, `8` = 99L, 
    `9` = 63L, `10` = 77L, `11` = 67L, `12` = 49L, `13` = 34L, 
    `14` = 24L, `15` = 26L, `16` = 18L, `17` = 22L, `18` = 10L, 
    `19` = 12L, `20` = 8L, `21` = 5L, `22` = 4L, `23` = 9L, `24` = 3L, 
    `25` = 4L, `26` = 3L, `28` = 3L, `30` = 2L, `33` = 1L), .Dim = 29L, .Dimnames = structure(list(
        c("1", "2", "3", "4", "5", "6", "7", "8", "9", "10", 
        "11", "12", "13", "14", "15", "16", "17", "18", "19", 
        "20", "21", "22", "23", "24", "25", "26", "28", "30", 
        "33")), .Names = ""), class = "table"), No.Tag = structure(c(0L, 
    0L, 1L, 0L, 0L, 0L, 1L, 40L, 324L, 0L, 0L, 6L, 0L, 0L, 0L, 
    0L, 0L, 0L, 0L, 0L, 7L, 0L, 0L, 0L), .Dim = c(6L, 4L), .Dimnames = structure(list(
        c("-2", "-1", "0", "1", "2", NA), c("A", "G", "T", NA
        )), .Names = c("", "")), class = "table"), All.Tags = list(
        Concordant = list(Freqs = structure(c(0, 0, 12, 0, 0, 
        0, 119, 1105, 0, 0, 0, 0, 0, 0, 0), .Dim = c(5L, 3L), .Dimnames = list(
            c("-2", "-1", "0", "1", "2"), c("A", "G", "T"))), 
            N = 1236), Majority = list(Freqs = structure(c(0, 
        0, 13, 0, 0, 0, 157, 1267, 0, 0, 0, 0, 0, 0, 0), .Dim = c(5L, 
        3L), .Dimnames = list(c("-2", "-1", "0", "1", "2"), c("A", 
        "G", "T"))), N = 1437)), `2` = structure(c(0, 0, 2, 0, 
    0, 0, 132, 1065, 0, 0, 0, 0, 0, 0, 0), .Dim = c(5L, 3L), .Dimnames = list(
        c("-2", "-1", "0", "1", "2"), c("A", "G", "T"))))))
