Results <-
list(`bwaOutput/20210421msiMNRsJenny/257369A2_S1.sam` = list(
    LR36_SNP1 = list(All = list(Freqs = structure(c(3L, 10L, 
    60L, 1303L, 9L, 3L, 0L, 0L, 0L, 1L, 0L, 0L, 0L, 3L, 62L, 
    1348L, 16L, 5L, 1L, 0L, 0L, 43L, 0L, 0L), .Dim = c(6L, 4L
    ), .Dimnames = structure(list(c("-3", "-2", "-1", "0", "1", 
    NA), c("A", "G", "T", NA)), .Names = c("", "")), class = "table"), 
        N = 2867L), Tag.Distribution = structure(c(`1` = 169L, 
    `2` = 140L, `3` = 128L, `4` = 91L, `5` = 51L, `6` = 41L, 
    `7` = 36L, `8` = 18L, `9` = 22L, `10` = 14L, `11` = 9L, `12` = 4L, 
    `13` = 3L, `14` = 1L, `15` = 1L, `16` = 2L, `17` = 2L, `19` = 2L, 
    `20` = 1L), .Dim = 19L, .Dimnames = structure(list(c("1", 
    "2", "3", "4", "5", "6", "7", "8", "9", "10", "11", "12", 
    "13", "14", "15", "16", "17", "19", "20")), .Names = ""), class = "table"), 
        No.Tag = structure(c(0L, 0L, 1L, 54L, 2L, 0L, 0L, 0L, 
        0L, 0L, 0L, 0L, 0L, 1L, 2L, 32L, 1L, 0L, 0L, 0L, 0L, 
        3L, 0L, 0L), .Dim = c(6L, 4L), .Dimnames = structure(list(
            c("-3", "-2", "-1", "0", "1", NA), c("A", "G", "T", 
            NA)), .Names = c("", "")), class = "table"), All.Tags = list(
            Concordant = list(Freqs = structure(c(1, 2, 10, 306, 
            0, 0, 0, 0, 0, 0, 0, 0, 10, 304, 0), .Dim = c(5L, 
            3L), .Dimnames = list(c("-3", "-2", "-1", "0", "1"
            ), c("A", "G", "T"))), N = 633), Majority = list(
                Freqs = structure(c(1, 2, 13, 349, 0, 0, 0, 0, 
                0, 0, 0, 0, 13, 344, 1), .Dim = c(5L, 3L), .Dimnames = list(
                  c("-3", "-2", "-1", "0", "1"), c("A", "G", 
                  "T"))), N = 723)), `2` = structure(c(1, 1, 
        8, 274, 0, 0, 0, 0, 0, 0, 0, 0, 9, 264, 1), .Dim = c(5L, 
        3L), .Dimnames = list(c("-3", "-2", "-1", "0", "1"), 
            c("A", "G", "T"))))))
