Results <-
list(`bwaOutput/20210421msiMNRsJenny/257349_S71.sam` = list(GM01_SNP1 = list(
    All = list(Freqs = structure(c(0L, 0L, 1L, 0L, 0L, 4L, 1733L, 
    10546L, 52L, 36L, 0L, 3L, 24L, 0L, 1L, 0L, 0L, 3L, 0L, 0L, 
    0L, 7L, 132L, 2L, 0L), .Dim = c(5L, 5L), .Dimnames = structure(list(
        c("-2", "-1", "0", "1", NA), c("-", "A", "G", "T", NA
        )), .Names = c("", "")), class = "table"), N = 12544L), 
    Tag.Distribution = structure(c(`1` = 247L, `2` = 152L, `3` = 116L, 
    `4` = 125L, `5` = 113L, `6` = 107L, `7` = 86L, `8` = 110L, 
    `9` = 81L, `10` = 61L, `11` = 74L, `12` = 69L, `13` = 57L, 
    `14` = 43L, `15` = 42L, `16` = 23L, `17` = 16L, `18` = 21L, 
    `19` = 18L, `20` = 12L, `21` = 10L, `22` = 10L, `23` = 9L, 
    `24` = 7L, `25` = 6L, `26` = 3L, `27` = 2L, `28` = 3L, `29` = 2L, 
    `31` = 2L, `32` = 1L, `33` = 1L, `34` = 3L, `35` = 1L, `37` = 1L, 
    `38` = 1L, `46` = 1L, `48` = 1L), .Dim = 38L, .Dimnames = structure(list(
        c("1", "2", "3", "4", "5", "6", "7", "8", "9", "10", 
        "11", "12", "13", "14", "15", "16", "17", "18", "19", 
        "20", "21", "22", "23", "24", "25", "26", "27", "28", 
        "29", "31", "32", "33", "34", "35", "37", "38", "46", 
        "48")), .Names = ""), class = "table"), No.Tag = structure(c(0L, 
    0L, 0L, 0L, 0L, 0L, 30L, 198L, 1L, 1L, 0L, 1L, 0L, 0L, 0L, 
    0L, 0L, 0L, 0L, 0L, 0L, 0L, 9L, 0L, 0L), .Dim = c(5L, 5L), .Dimnames = structure(list(
        c("-2", "-1", "0", "1", NA), c("-", "A", "G", "T", NA
        )), .Names = c("", "")), class = "table"), All.Tags = list(
        Concordant = list(Freqs = structure(c(0, 0, 0, 0, 0, 
        142, 1187, 0, 0, 0, 2, 0, 0, 0, 0, 0), .Dim = c(4L, 4L
        ), .Dimnames = list(c("-2", "-1", "0", "1"), c("-", "A", 
        "G", "T"))), N = 1331), Majority = list(Freqs = structure(c(0, 
        0, 0, 0, 0, 196, 1405, 1, 0, 0, 3, 0, 0, 0, 0, 0), .Dim = c(4L, 
        4L), .Dimnames = list(c("-2", "-1", "0", "1"), c("-", 
        "A", "G", "T"))), N = 1605)), `2` = structure(c(0, 0, 
    0, 0, 0, 166, 1203, 1, 0, 0, 1, 0, 0, 0, 0, 0), .Dim = c(4L, 
    4L), .Dimnames = list(c("-2", "-1", "0", "1"), c("-", "A", 
    "G", "T"))))))
