Results <-
list(`bwaOutput/20210421msiMNRsJenny/257349_S71.sam` = list(GM11_SNP1 = list(
    All = list(Freqs = structure(c(0L, 0L, 4L, 0L, 0L, 13L, 1340L, 
    4116L, 27L, 9L, 0L, 11L, 42L, 0L, 0L), .Dim = c(5L, 3L), .Dimnames = structure(list(
        c("-2", "-1", "0", "1", NA), c("A", "G", NA)), .Names = c("", 
    "")), class = "table"), N = 5562L), Tag.Distribution = structure(c(`1` = 158L, 
    `2` = 86L, `3` = 90L, `4` = 72L, `5` = 50L, `6` = 60L, `7` = 59L, 
    `8` = 37L, `9` = 43L, `10` = 40L, `11` = 27L, `12` = 17L, 
    `13` = 22L, `14` = 19L, `15` = 17L, `16` = 15L, `17` = 15L, 
    `18` = 5L, `19` = 11L, `20` = 4L, `21` = 3L, `22` = 1L, `23` = 1L, 
    `24` = 1L, `25` = 2L, `32` = 1L, `34` = 1L), .Dim = 27L, .Dimnames = structure(list(
        c("1", "2", "3", "4", "5", "6", "7", "8", "9", "10", 
        "11", "12", "13", "14", "15", "16", "17", "18", "19", 
        "20", "21", "22", "23", "24", "25", "32", "34")), .Names = ""), class = "table"), 
    No.Tag = structure(c(0L, 0L, 1L, 0L, 0L, 0L, 49L, 83L, 1L, 
    0L, 0L, 2L, 2L, 0L, 0L), .Dim = c(5L, 3L), .Dimnames = structure(list(
        c("-2", "-1", "0", "1", NA), c("A", "G", NA)), .Names = c("", 
    "")), class = "table"), All.Tags = list(Concordant = list(
        Freqs = structure(c(0, 0, 3, 0, 1, 162, 576, 1), .Dim = c(4L, 
        2L), .Dimnames = list(c("-2", "-1", "0", "1"), c("A", 
        "G"))), N = 743), Majority = list(Freqs = structure(c(0, 
    0, 3, 0, 1, 190, 651, 1), .Dim = c(4L, 2L), .Dimnames = list(
        c("-2", "-1", "0", "1"), c("A", "G"))), N = 846)), `2` = structure(c(0, 
    0, 0, 0, 1, 152, 538, 1), .Dim = c(4L, 2L), .Dimnames = list(
        c("-2", "-1", "0", "1"), c("A", "G"))))))
