Results <-
list(`bwaOutput/20210421msiMNRsJenny/257369A2_S1.sam` = list(
    LR10_SNP1 = list(All = list(Freqs = structure(c(0L, 1L, 1L, 
    0L, 0L, 0L, 1L, 361L, 810L, 13L, 1L, 5L, 0L, 48L, 1157L, 
    8L, 0L, 2L, 0L, 0L, 19L, 0L, 0L, 0L), .Dim = c(6L, 4L), .Dimnames = structure(list(
        c("-2", "-1", "0", "1", "2", NA), c("A", "C", "T", NA
        )), .Names = c("", "")), class = "table"), N = 2427L), 
        Tag.Distribution = structure(c(`1` = 163L, `2` = 137L, 
        `3` = 93L, `4` = 94L, `5` = 52L, `6` = 35L, `7` = 22L, 
        `8` = 20L, `9` = 13L, `10` = 11L, `11` = 7L, `12` = 4L, 
        `13` = 5L, `14` = 2L, `16` = 1L, `19` = 1L), .Dim = 16L, .Dimnames = structure(list(
            c("1", "2", "3", "4", "5", "6", "7", "8", "9", "10", 
            "11", "12", "13", "14", "16", "19")), .Names = ""), class = "table"), 
        No.Tag = structure(c(0L, 0L, 0L, 0L, 0L, 0L, 0L, 14L, 
        34L, 1L, 0L, 2L, 0L, 0L, 18L, 1L, 0L, 0L, 0L, 0L, 1L, 
        0L, 0L, 0L), .Dim = c(6L, 4L), .Dimnames = structure(list(
            c("-2", "-1", "0", "1", "2", NA), c("A", "C", "T", 
            NA)), .Names = c("", "")), class = "table"), All.Tags = list(
            Concordant = list(Freqs = structure(c(0, 0, 0, 0, 
            0, 1, 83, 182, 1, 0, 0, 7, 310, 0, 0), .Dim = c(5L, 
            3L), .Dimnames = list(c("-2", "-1", "0", "1", "2"
            ), c("A", "C", "T"))), N = 584), Majority = list(
                Freqs = structure(c(0, 0, 0, 0, 0, 1, 93, 216, 
                2, 0, 0, 10, 330, 0, 0), .Dim = c(5L, 3L), .Dimnames = list(
                  c("-2", "-1", "0", "1", "2"), c("A", "C", "T"
                  ))), N = 652)), `2` = structure(c(0, 0, 0, 
        0, 0, 0, 73, 160, 1, 0, 0, 7, 250, 0, 0), .Dim = c(5L, 
        3L), .Dimnames = list(c("-2", "-1", "0", "1", "2"), c("A", 
        "C", "T"))))))
