Results <-
list(`bwaOutput/20210421msiMNRsJenny/257349_S71.sam` = list(GM26_SNP1 = list(
    All = list(Freqs = structure(c(0L, 24L, 1562L, 2L, 1L, 3L, 
    1L, 17L, 1595L, 6L, 0L, 1L, 0L, 0L, 1L, 0L, 0L, 0L, 0L, 0L, 
    51L, 2L, 0L, 0L), .Dim = c(6L, 4L), .Dimnames = structure(list(
        c("-2", "-1", "0", "1", "2", NA), c("A", "G", "T", NA
        )), .Names = c("", "")), class = "table"), N = 3266L), 
    Tag.Distribution = structure(c(`1` = 126L, `2` = 64L, `3` = 37L, 
    `4` = 59L, `5` = 45L, `6` = 42L, `7` = 23L, `8` = 21L, `9` = 22L, 
    `10` = 29L, `11` = 16L, `12` = 15L, `13` = 12L, `14` = 10L, 
    `15` = 5L, `16` = 8L, `17` = 5L, `18` = 2L, `19` = 3L, `20` = 2L, 
    `21` = 2L, `22` = 5L, `23` = 2L, `26` = 1L, `33` = 1L), .Dim = 25L, .Dimnames = structure(list(
        c("1", "2", "3", "4", "5", "6", "7", "8", "9", "10", 
        "11", "12", "13", "14", "15", "16", "17", "18", "19", 
        "20", "21", "22", "23", "26", "33")), .Names = ""), class = "table"), 
    No.Tag = structure(c(0L, 0L, 18L, 0L, 0L, 1L, 0L, 0L, 18L, 
    0L, 0L, 0L, 0L, 0L, 1L, 0L, 0L, 0L, 0L, 0L, 3L, 0L, 0L, 0L
    ), .Dim = c(6L, 4L), .Dimnames = structure(list(c("-2", "-1", 
    "0", "1", "2", NA), c("A", "G", "T", NA)), .Names = c("", 
    "")), class = "table"), All.Tags = list(Concordant = list(
        Freqs = structure(c(0, 2, 236, 0, 0, 0, 0, 258, 0, 0, 
        0, 0, 0, 0, 0), .Dim = c(5L, 3L), .Dimnames = list(c("-2", 
        "-1", "0", "1", "2"), c("A", "G", "T"))), N = 496), Majority = list(
        Freqs = structure(c(0, 3, 258, 0, 0, 0, 0, 289, 0, 0, 
        0, 0, 0, 0, 0), .Dim = c(5L, 3L), .Dimnames = list(c("-2", 
        "-1", "0", "1", "2"), c("A", "G", "T"))), N = 550)), 
    `2` = structure(c(0, 3, 202, 0, 0, 0, 0, 222, 0, 0, 0, 0, 
    0, 0, 0), .Dim = c(5L, 3L), .Dimnames = list(c("-2", "-1", 
    "0", "1", "2"), c("A", "G", "T"))))))
