Results <-
list(`bwaOutput/20210421msiMNRsJenny/257369A2_S1.sam` = list(
    LR17_SNP1 = list(All = list(Freqs = structure(c(55L, 1653L, 
    3231L, 40L, 33L, 0L, 2L, 2L, 0L, 0L, 0L, 22L, 84L, 0L, 0L
    ), .Dim = c(5L, 3L), .Dimnames = structure(list(c("-2", "-1", 
    "0", "1", NA), c("A", "G", NA)), .Names = c("", "")), class = "table"), 
        N = 5122L), Tag.Distribution = structure(c(`1` = 195L, 
    `2` = 199L, `3` = 170L, `4` = 133L, `5` = 109L, `6` = 84L, 
    `7` = 67L, `8` = 58L, `9` = 26L, `10` = 31L, `11` = 13L, 
    `12` = 9L, `13` = 7L, `14` = 10L, `15` = 6L, `16` = 4L, `18` = 4L, 
    `19` = 2L, `20` = 2L, `23` = 1L), .Dim = 20L, .Dimnames = structure(list(
        c("1", "2", "3", "4", "5", "6", "7", "8", "9", "10", 
        "11", "12", "13", "14", "15", "16", "18", "19", "20", 
        "23")), .Names = ""), class = "table"), No.Tag = structure(c(2L, 
    57L, 78L, 0L, 4L, 0L, 1L, 0L, 0L, 0L, 0L, 4L, 6L, 0L, 0L), .Dim = c(5L, 
    3L), .Dimnames = structure(list(c("-2", "-1", "0", "1", NA
    ), c("A", "G", NA)), .Names = c("", "")), class = "table"), 
        All.Tags = list(Concordant = list(Freqs = structure(c(4, 
        276, 581, 1, 0, 0, 0, 0), .Dim = c(4L, 2L), .Dimnames = list(
            c("-2", "-1", "0", "1"), c("A", "G"))), N = 862), 
            Majority = list(Freqs = structure(c(4, 341, 743, 
            1, 0, 0, 0, 0), .Dim = c(4L, 2L), .Dimnames = list(
                c("-2", "-1", "0", "1"), c("A", "G"))), N = 1089)), 
        `2` = structure(c(3, 278, 619, 1, 0, 0, 0, 0), .Dim = c(4L, 
        2L), .Dimnames = list(c("-2", "-1", "0", "1"), c("A", 
        "G"))))))
