Results <-
list(`bwaOutput/20210421msiMNRsJenny/257349_S71.sam` = list(LR17_SNP1 = list(
    All = list(Freqs = structure(c(2L, 141L, 3410L, 14045L, 200L, 
    3L, 168L, 0L, 0L, 1L, 13L, 0L, 0L, 0L, 0L, 0L, 139L, 1021L, 
    4L, 0L, 0L), .Dim = c(7L, 3L), .Dimnames = structure(list(
        c("-3", "-2", "-1", "0", "1", "2", NA), c("A", "G", NA
        )), .Names = c("", "")), class = "table"), N = 19147L), 
    Tag.Distribution = structure(c(`1` = 356L, `2` = 169L, `3` = 139L, 
    `4` = 154L, `5` = 142L, `6` = 133L, `7` = 133L, `8` = 128L, 
    `9` = 115L, `10` = 100L, `11` = 93L, `12` = 70L, `13` = 78L, 
    `14` = 59L, `15` = 66L, `16` = 50L, `17` = 29L, `18` = 32L, 
    `19` = 34L, `20` = 19L, `21` = 17L, `22` = 17L, `23` = 15L, 
    `24` = 10L, `25` = 11L, `26` = 11L, `27` = 10L, `28` = 10L, 
    `29` = 7L, `30` = 3L, `31` = 5L, `32` = 3L, `33` = 6L, `34` = 1L, 
    `36` = 1L, `37` = 4L, `39` = 1L, `43` = 2L, `46` = 1L, `49` = 1L, 
    `63` = 1L), .Dim = 41L, .Dimnames = structure(list(c("1", 
    "2", "3", "4", "5", "6", "7", "8", "9", "10", "11", "12", 
    "13", "14", "15", "16", "17", "18", "19", "20", "21", "22", 
    "23", "24", "25", "26", "27", "28", "29", "30", "31", "32", 
    "33", "34", "36", "37", "39", "43", "46", "49", "63")), .Names = ""), class = "table"), 
    No.Tag = structure(c(0L, 6L, 110L, 485L, 5L, 0L, 11L, 0L, 
    0L, 1L, 1L, 0L, 0L, 0L, 0L, 0L, 8L, 37L, 0L, 0L, 0L), .Dim = c(7L, 
    3L), .Dimnames = structure(list(c("-3", "-2", "-1", "0", 
    "1", "2", NA), c("A", "G", NA)), .Names = c("", "")), class = "table"), 
    All.Tags = list(Concordant = list(Freqs = structure(c(0, 
    4, 211, 1264, 4, 0, 0, 0, 0, 0, 0, 0), .Dim = c(6L, 2L), .Dimnames = list(
        c("-3", "-2", "-1", "0", "1", "2"), c("A", "G"))), N = 1483), 
        Majority = list(Freqs = structure(c(0, 5, 342, 1796, 
        7, 0, 0, 0, 0, 0, 0, 0), .Dim = c(6L, 2L), .Dimnames = list(
            c("-3", "-2", "-1", "0", "1", "2"), c("A", "G"))), 
            N = 2150)), `2` = structure(c(0, 4, 295, 1529, 5, 
    0, 0, 0, 0, 0, 0, 0), .Dim = c(6L, 2L), .Dimnames = list(
        c("-3", "-2", "-1", "0", "1", "2"), c("A", "G"))))))
