Results <-
list(`bwaOutput/20210421msiMNRsJenny/257349_S71.sam` = list(LR49_SNP1 = list(
    All = list(Freqs = structure(c(0L, 3L, 11L, 0L, 0L, 61L, 
    1417L, 5972L, 3L, 40L, 0L, 0L, 2L, 0L, 0L, 0L, 7L, 36L, 0L, 
    0L), .Dim = 5:4, .Dimnames = structure(list(c("-2", "-1", 
    "0", "1", NA), c("A", "G", "T", NA)), .Names = c("", "")), class = "table"), 
        N = 7552L), Tag.Distribution = structure(c(`1` = 288L, 
    `2` = 152L, `3` = 144L, `4` = 129L, `5` = 112L, `6` = 75L, 
    `7` = 85L, `8` = 62L, `9` = 34L, `10` = 42L, `11` = 35L, 
    `12` = 29L, `13` = 22L, `14` = 19L, `15` = 17L, `16` = 14L, 
    `17` = 9L, `18` = 7L, `19` = 4L, `20` = 5L, `21` = 5L, `22` = 6L, 
    `23` = 3L, `24` = 2L, `25` = 3L, `26` = 2L, `27` = 1L, `28` = 1L, 
    `29` = 1L, `33` = 2L, `34` = 1L, `39` = 1L), .Dim = 32L, .Dimnames = structure(list(
        c("1", "2", "3", "4", "5", "6", "7", "8", "9", "10", 
        "11", "12", "13", "14", "15", "16", "17", "18", "19", 
        "20", "21", "22", "23", "24", "25", "26", "27", "28", 
        "29", "33", "34", "39")), .Names = ""), class = "table"), 
    No.Tag = structure(c(0L, 0L, 0L, 0L, 0L, 2L, 38L, 205L, 0L, 
    7L, 0L, 0L, 1L, 0L, 0L, 0L, 0L, 9L, 0L, 0L), .Dim = 5:4, .Dimnames = structure(list(
        c("-2", "-1", "0", "1", NA), c("A", "G", "T", NA)), .Names = c("", 
    "")), class = "table"), All.Tags = list(Concordant = list(
        Freqs = structure(c(0, 0, 5, 0, 8, 190, 982, 0, 0, 0, 
        0, 0), .Dim = 4:3, .Dimnames = list(c("-2", "-1", "0", 
        "1"), c("A", "G", "T"))), N = 1185), Majority = list(
        Freqs = structure(c(0, 0, 5, 0, 9, 235, 1052, 0, 0, 0, 
        0, 0), .Dim = 4:3, .Dimnames = list(c("-2", "-1", "0", 
        "1"), c("A", "G", "T"))), N = 1301)), `2` = structure(c(0, 
    0, 0, 0, 8, 190, 819, 0, 0, 0, 0, 0), .Dim = 4:3, .Dimnames = list(
        c("-2", "-1", "0", "1"), c("A", "G", "T"))))))
