Results <-
list(`bwaOutput/20210421msiMNRsJenny/257349_S71.sam` = list(LR48_SNP1 = list(
    All = list(Freqs = structure(c(0L, 0L, 0L, 1L, 0L, 0L, 0L, 
    0L, 3L, 224L, 3240L, 55L, 0L, 23L, 1L, 5L, 255L, 2724L, 36L, 
    1L, 12L, 0L, 0L, 6L, 153L, 2L, 0L, 0L), .Dim = c(7L, 4L), .Dimnames = structure(list(
        c("-3", "-2", "-1", "0", "1", "2", NA), c("A", "C", "T", 
        NA)), .Names = c("", "")), class = "table"), N = 6741L), 
    Tag.Distribution = structure(c(`1` = 151L, `2` = 95L, `3` = 75L, 
    `4` = 53L, `5` = 58L, `6` = 61L, `7` = 39L, `8` = 46L, `9` = 34L, 
    `10` = 36L, `11` = 30L, `12` = 35L, `13` = 29L, `14` = 31L, 
    `15` = 22L, `16` = 23L, `17` = 14L, `18` = 11L, `19` = 4L, 
    `20` = 9L, `21` = 5L, `22` = 3L, `23` = 6L, `24` = 1L, `25` = 4L, 
    `26` = 3L, `27` = 3L, `28` = 4L, `29` = 1L, `30` = 2L, `39` = 1L, 
    `52` = 1L), .Dim = 32L, .Dimnames = structure(list(c("1", 
    "2", "3", "4", "5", "6", "7", "8", "9", "10", "11", "12", 
    "13", "14", "15", "16", "17", "18", "19", "20", "21", "22", 
    "23", "24", "25", "26", "27", "28", "29", "30", "39", "52"
    )), .Names = ""), class = "table"), No.Tag = structure(c(0L, 
    0L, 0L, 0L, 0L, 0L, 0L, 0L, 1L, 3L, 65L, 2L, 0L, 1L, 0L, 
    0L, 4L, 75L, 2L, 0L, 1L, 0L, 0L, 0L, 11L, 0L, 0L, 0L), .Dim = c(7L, 
    4L), .Dimnames = structure(list(c("-3", "-2", "-1", "0", 
    "1", "2", NA), c("A", "C", "T", NA)), .Names = c("", "")), class = "table"), 
    All.Tags = list(Concordant = list(Freqs = structure(c(0, 
    0, 0, 1, 0, 0, 0, 0, 16, 298, 2, 0, 0, 0, 16, 285, 1, 0), .Dim = c(6L, 
    3L), .Dimnames = list(c("-3", "-2", "-1", "0", "1", "2"), 
        c("A", "C", "T"))), N = 619), Majority = list(Freqs = structure(c(0, 
    0, 0, 1, 0, 0, 0, 0, 21, 438, 3, 0, 0, 0, 23, 384, 1, 0), .Dim = c(6L, 
    3L), .Dimnames = list(c("-3", "-2", "-1", "0", "1", "2"), 
        c("A", "C", "T"))), N = 871)), `2` = structure(c(0, 0, 
    0, 0, 0, 0, 0, 0, 17, 371, 2, 0, 0, 0, 22, 319, 1, 0), .Dim = c(6L, 
    3L), .Dimnames = list(c("-3", "-2", "-1", "0", "1", "2"), 
        c("A", "C", "T"))))))
