Results <-
list(`bwaOutput/20210421msiMNRsJenny/257349_S71.sam` = list(LR11_SNP1 = list(
    All = list(Freqs = structure(c(1L, 10L, 400L, 4161L, 21L, 
    2L, 20L, 2L, 47L, 1114L, 2843L, 17L, 0L, 24L, 0L, 0L, 2L, 
    2L, 0L, 0L, 0L, 0L, 0L, 39L, 174L, 1L, 0L, 0L), .Dim = c(7L, 
    4L), .Dimnames = structure(list(c("-3", "-2", "-1", "0", 
    "1", "2", NA), c("A", "C", "T", NA)), .Names = c("", "")), class = "table"), 
        N = 8880L), Tag.Distribution = structure(c(`1` = 229L, 
    `2` = 120L, `3` = 113L, `4` = 115L, `5` = 102L, `6` = 103L, 
    `7` = 97L, `8` = 71L, `9` = 66L, `10` = 65L, `11` = 57L, 
    `12` = 34L, `13` = 27L, `14` = 21L, `15` = 14L, `16` = 17L, 
    `17` = 13L, `18` = 12L, `19` = 14L, `20` = 5L, `21` = 12L, 
    `22` = 5L, `23` = 5L, `24` = 5L, `25` = 3L, `26` = 3L, `30` = 2L, 
    `39` = 1L), .Dim = 28L, .Dimnames = structure(list(c("1", 
    "2", "3", "4", "5", "6", "7", "8", "9", "10", "11", "12", 
    "13", "14", "15", "16", "17", "18", "19", "20", "21", "22", 
    "23", "24", "25", "26", "30", "39")), .Names = ""), class = "table"), 
    No.Tag = structure(c(0L, 0L, 13L, 84L, 0L, 0L, 2L, 0L, 0L, 
    12L, 59L, 0L, 0L, 2L, 0L, 0L, 1L, 0L, 0L, 0L, 0L, 0L, 0L, 
    1L, 5L, 0L, 0L, 0L), .Dim = c(7L, 4L), .Dimnames = structure(list(
        c("-3", "-2", "-1", "0", "1", "2", NA), c("A", "C", "T", 
        NA)), .Names = c("", "")), class = "table"), All.Tags = list(
        Concordant = list(Freqs = structure(c(0, 0, 44, 467, 
        1, 0, 0, 2, 126, 324, 0, 0, 0, 0, 0, 0, 0, 0), .Dim = c(6L, 
        3L), .Dimnames = list(c("-3", "-2", "-1", "0", "1", "2"
        ), c("A", "C", "T"))), N = 964), Majority = list(Freqs = structure(c(0, 
        1, 50, 622, 1, 0, 0, 5, 171, 428, 0, 0, 0, 0, 0, 0, 0, 
        0), .Dim = c(6L, 3L), .Dimnames = list(c("-3", "-2", 
        "-1", "0", "1", "2"), c("A", "C", "T"))), N = 1278)), 
    `2` = structure(c(0, 1, 38, 519, 0, 0, 0, 5, 143, 359, 0, 
    0, 0, 0, 0, 0, 0, 0), .Dim = c(6L, 3L), .Dimnames = list(
        c("-3", "-2", "-1", "0", "1", "2"), c("A", "C", "T"))))))
