Results <-
list(`bwaOutput/20210421msiMNRsJenny/257369A2_S1.sam` = list(
    GM14_SNP1 = list(All = list(Freqs = structure(c(0L, 0L, 0L, 
    0L, 1L, 0L, 0L, 206L, 168L, 947L, 6L, 19L, 1L, 12L, 449L, 
    967L, 4L, 12L, 0L, 0L, 2L, 19L, 0L, 0L), .Dim = c(6L, 4L), .Dimnames = structure(list(
        c("-3", "-2", "-1", "0", "1", NA), c("-", "C", "T", NA
        )), .Names = c("", "")), class = "table"), N = 2813L), 
        Tag.Distribution = structure(c(`1` = 160L, `2` = 126L, 
        `3` = 107L, `4` = 82L, `5` = 63L, `6` = 45L, `7` = 33L, 
        `8` = 29L, `9` = 18L, `10` = 13L, `11` = 11L, `12` = 10L, 
        `13` = 4L, `14` = 1L, `16` = 2L, `17` = 1L, `18` = 1L
        ), .Dim = 17L, .Dimnames = structure(list(c("1", "2", 
        "3", "4", "5", "6", "7", "8", "9", "10", "11", "12", 
        "13", "14", "16", "17", "18")), .Names = ""), class = "table"), 
        No.Tag = structure(c(0L, 0L, 0L, 0L, 0L, 0L, 0L, 2L, 
        1L, 9L, 0L, 1L, 0L, 1L, 4L, 19L, 0L, 0L, 0L, 0L, 0L, 
        1L, 0L, 0L), .Dim = c(6L, 4L), .Dimnames = structure(list(
            c("-3", "-2", "-1", "0", "1", NA), c("-", "C", "T", 
            NA)), .Names = c("", "")), class = "table"), All.Tags = list(
            Concordant = list(Freqs = structure(c(0, 0, 0, 0, 
            0, 0, 46, 34, 199, 0, 0, 0, 88, 204, 0), .Dim = c(5L, 
            3L), .Dimnames = list(c("-3", "-2", "-1", "0", "1"
            ), c("-", "C", "T"))), N = 571), Majority = list(
                Freqs = structure(c(0, 0, 0, 0, 0, 0, 57, 39, 
                233, 0, 0, 0, 108, 241, 0), .Dim = c(5L, 3L), .Dimnames = list(
                  c("-3", "-2", "-1", "0", "1"), c("-", "C", 
                  "T"))), N = 678)), `2` = structure(c(0, 0, 
        0, 0, 0, 0, 43, 29, 186, 0, 0, 0, 86, 182, 0), .Dim = c(5L, 
        3L), .Dimnames = list(c("-3", "-2", "-1", "0", "1"), 
            c("-", "C", "T"))))))
