Results <-
list(`bwaOutput/20210421msiMNRsJenny/257369A2_S1.sam` = list(
    LR44_SNP1 = list(All = list(Freqs = structure(c(0L, 0L, 0L, 
    0L, 0L, 0L, 2L, 0L, 0L, 0L, 0L, 0L, 5L, 0L, 0L, 0L, 1L, 37L, 
    342L, 296L, 1039L, 22L, 0L, 10L, 0L, 0L, 0L, 1L, 8L, 0L, 
    0L, 0L, 0L, 0L, 3L, 6L, 22L, 0L, 0L, 0L, 0L, 0L, 1L, 1L, 
    10L, 0L, 0L, 0L), .Dim = c(8L, 6L), .Dimnames = structure(list(
        c("-4", "-3", "-2", "-1", "0", "1", "9", NA), c("-", 
        "A", "C", "G", "T", NA)), .Names = c("", "")), class = "table"), 
        N = 1806L), Tag.Distribution = structure(c(`1` = 119L, 
    `2` = 85L, `3` = 77L, `4` = 57L, `5` = 49L, `6` = 41L, `7` = 22L, 
    `8` = 11L, `9` = 14L, `10` = 8L, `11` = 3L, `12` = 2L, `13` = 1L, 
    `19` = 1L), .Dim = 14L, .Dimnames = structure(list(c("1", 
    "2", "3", "4", "5", "6", "7", "8", "9", "10", "11", "12", 
    "13", "19")), .Names = ""), class = "table"), No.Tag = structure(c(0L, 
    0L, 0L, 0L, 0L, 0L, 0L, 0L, 0L, 0L, 0L, 0L, 0L, 0L, 0L, 0L, 
    0L, 1L, 2L, 2L, 22L, 0L, 0L, 1L, 0L, 0L, 0L, 0L, 0L, 0L, 
    0L, 0L, 0L, 0L, 0L, 0L, 2L, 0L, 0L, 0L, 0L, 0L, 0L, 0L, 0L, 
    0L, 0L, 0L), .Dim = c(8L, 6L), .Dimnames = structure(list(
        c("-4", "-3", "-2", "-1", "0", "1", "9", NA), c("-", 
        "A", "C", "G", "T", NA)), .Names = c("", "")), class = "table"), 
        All.Tags = list(Concordant = list(Freqs = structure(c(0, 
        0, 0, 0, 0, 0, 1, 0, 0, 0, 0, 0, 0, 0, 0, 6, 71, 55, 
        241, 2, 0, 0, 0, 0, 0, 0, 0, 0, 0, 0, 1, 1, 5, 0, 0), .Dim = c(7L, 
        5L), .Dimnames = list(c("-4", "-3", "-2", "-1", "0", 
        "1", "9"), c("-", "A", "C", "G", "T"))), N = 383), Majority = list(
            Freqs = structure(c(0, 0, 0, 0, 0, 0, 1, 0, 0, 0, 
            0, 1, 0, 0, 0, 6, 87, 69, 291, 2, 0, 0, 0, 0, 0, 
            1, 0, 0, 0, 0, 1, 1, 6, 0, 0), .Dim = c(7L, 5L), .Dimnames = list(
                c("-4", "-3", "-2", "-1", "0", "1", "9"), c("-", 
                "A", "C", "G", "T"))), N = 466)), `2` = structure(c(0, 
        0, 0, 0, 0, 0, 1, 0, 0, 0, 0, 1, 0, 0, 0, 3, 70, 50, 
        219, 1, 0, 0, 0, 0, 0, 1, 0, 0, 0, 0, 0, 1, 3, 0, 0), .Dim = c(7L, 
        5L), .Dimnames = list(c("-4", "-3", "-2", "-1", "0", 
        "1", "9"), c("-", "A", "C", "G", "T"))))))
