Results <-
list(`bwaOutput/20210421msiMNRsJenny/257349_S71.sam` = list(LR10_SNP1 = list(
    All = list(Freqs = structure(c(0L, 0L, 1L, 0L, 0L, 34L, 467L, 
    2419L, 22L, 11L, 24L, 802L, 2062L, 24L, 11L, 0L, 5L, 79L, 
    2L, 0L), .Dim = 5:4, .Dimnames = structure(list(c("-2", "-1", 
    "0", "1", NA), c("-", "C", "T", NA)), .Names = c("", "")), class = "table"), 
        N = 5963L), Tag.Distribution = structure(c(`1` = 206L, 
    `2` = 95L, `3` = 103L, `4` = 90L, `5` = 65L, `6` = 71L, `7` = 52L, 
    `8` = 60L, `9` = 44L, `10` = 39L, `11` = 41L, `12` = 26L, 
    `13` = 19L, `14` = 22L, `15` = 15L, `16` = 14L, `17` = 6L, 
    `18` = 3L, `19` = 4L, `20` = 4L, `21` = 3L, `22` = 1L, `23` = 3L, 
    `24` = 2L, `26` = 1L, `33` = 1L), .Dim = 26L, .Dimnames = structure(list(
        c("1", "2", "3", "4", "5", "6", "7", "8", "9", "10", 
        "11", "12", "13", "14", "15", "16", "17", "18", "19", 
        "20", "21", "22", "23", "24", "26", "33")), .Names = ""), class = "table"), 
    No.Tag = structure(c(0L, 0L, 0L, 0L, 0L, 0L, 33L, 59L, 0L, 
    0L, 0L, 10L, 68L, 2L, 1L, 0L, 0L, 4L, 0L, 0L), .Dim = 5:4, .Dimnames = structure(list(
        c("-2", "-1", "0", "1", NA), c("-", "C", "T", NA)), .Names = c("", 
    "")), class = "table"), All.Tags = list(Concordant = list(
        Freqs = structure(c(0, 0, 0, 0, 7, 54, 339, 1, 4, 122, 
        276, 4), .Dim = 4:3, .Dimnames = list(c("-2", "-1", "0", 
        "1"), c("-", "C", "T"))), N = 807), Majority = list(Freqs = structure(c(0, 
    0, 0, 0, 8, 64, 407, 1, 5, 139, 332, 4), .Dim = 4:3, .Dimnames = list(
        c("-2", "-1", "0", "1"), c("-", "C", "T"))), N = 960)), 
    `2` = structure(c(0, 0, 0, 0, 5, 52, 327, 0, 4, 104, 271, 
    4), .Dim = 4:3, .Dimnames = list(c("-2", "-1", "0", "1"), 
        c("-", "C", "T"))))))
