Results <-
list(`bwaOutput/20210421msiMNRsJenny/257349_S71.sam` = list(LR24_SNP1 = list(
    All = list(Freqs = structure(c(66L, 1236L, 3325L, 6L, 17L, 
    2L, 141L, 4474L, 6L, 2L, 0L, 5L, 46L, 2L, 0L), .Dim = c(5L, 
    3L), .Dimnames = structure(list(c("-2", "-1", "0", "1", NA
    ), c("A", "G", NA)), .Names = c("", "")), class = "table"), 
        N = 9328L), Tag.Distribution = structure(c(`1` = 370L, 
    `2` = 273L, `3` = 192L, `4` = 173L, `5` = 133L, `6` = 141L, 
    `7` = 98L, `8` = 75L, `9` = 74L, `10` = 48L, `11` = 43L, 
    `12` = 30L, `13` = 33L, `14` = 20L, `15` = 16L, `16` = 11L, 
    `17` = 5L, `18` = 8L, `19` = 11L, `20` = 5L, `21` = 4L, `22` = 3L, 
    `23` = 1L, `24` = 1L, `26` = 3L, `28` = 1L, `29` = 1L, `30` = 1L, 
    `34` = 1L), .Dim = 29L, .Dimnames = structure(list(c("1", 
    "2", "3", "4", "5", "6", "7", "8", "9", "10", "11", "12", 
    "13", "14", "15", "16", "17", "18", "19", "20", "21", "22", 
    "23", "24", "26", "28", "29", "30", "34")), .Names = ""), class = "table"), 
    No.Tag = structure(c(1L, 31L, 134L, 0L, 2L, 0L, 1L, 137L, 
    0L, 0L, 0L, 0L, 3L, 0L, 0L), .Dim = c(5L, 3L), .Dimnames = structure(list(
        c("-2", "-1", "0", "1", NA), c("A", "G", NA)), .Names = c("", 
    "")), class = "table"), All.Tags = list(Concordant = list(
        Freqs = structure(c(6, 156, 461, 1, 0, 25, 689, 0), .Dim = c(4L, 
        2L), .Dimnames = list(c("-2", "-1", "0", "1"), c("A", 
        "G"))), N = 1338), Majority = list(Freqs = structure(c(12, 
    211, 605, 1, 0, 30, 840, 0), .Dim = c(4L, 2L), .Dimnames = list(
        c("-2", "-1", "0", "1"), c("A", "G"))), N = 1699)), `2` = structure(c(10, 
    176, 470, 0, 0, 20, 662, 0), .Dim = c(4L, 2L), .Dimnames = list(
        c("-2", "-1", "0", "1"), c("A", "G"))))))
