Results <-
list(`bwaOutput/20210421msiMNRsJenny/257369A2_S1.sam` = list(
    IM49_SNP1 = list(All = list(Freqs = structure(c(167L, 423L, 
    256L, 1618L, 23L, 2L, 14L, 0L, 0L, 0L, 5L, 0L, 0L, 0L, 0L, 
    0L, 3L, 17L, 1L, 0L, 0L), .Dim = c(7L, 3L), .Dimnames = structure(list(
        c("-3", "-2", "-1", "0", "1", "2", NA), c("C", "G", NA
        )), .Names = c("", "")), class = "table"), N = 2529L), 
        Tag.Distribution = structure(c(`1` = 215L, `2` = 135L, 
        `3` = 110L, `4` = 86L, `5` = 50L, `6` = 40L, `7` = 35L, 
        `8` = 19L, `9` = 15L, `10` = 7L, `11` = 6L, `12` = 2L, 
        `13` = 2L, `14` = 2L, `15` = 2L), .Dim = 15L, .Dimnames = structure(list(
            c("1", "2", "3", "4", "5", "6", "7", "8", "9", "10", 
            "11", "12", "13", "14", "15")), .Names = ""), class = "table"), 
        No.Tag = structure(c(9L, 17L, 6L, 70L, 1L, 0L, 1L, 0L, 
        0L, 0L, 0L, 0L, 0L, 0L, 0L, 0L, 0L, 0L, 0L, 0L, 0L), .Dim = c(7L, 
        3L), .Dimnames = structure(list(c("-3", "-2", "-1", "0", 
        "1", "2", NA), c("C", "G", NA)), .Names = c("", "")), class = "table"), 
        All.Tags = list(Concordant = list(Freqs = structure(c(45, 
        121, 47, 399, 2, 0, 0, 0, 0, 3, 0, 0), .Dim = c(6L, 2L
        ), .Dimnames = list(c("-3", "-2", "-1", "0", "1", "2"
        ), c("C", "G"))), N = 617), Majority = list(Freqs = structure(c(48, 
        130, 56, 458, 2, 0, 0, 0, 0, 3, 0, 0), .Dim = c(6L, 2L
        ), .Dimnames = list(c("-3", "-2", "-1", "0", "1", "2"
        ), c("C", "G"))), N = 697)), `2` = structure(c(34, 92, 
        40, 322, 0, 0, 0, 0, 0, 1, 0, 0), .Dim = c(6L, 2L), .Dimnames = list(
            c("-3", "-2", "-1", "0", "1", "2"), c("C", "G"))))))
