Results <-
list(`bwaOutput/20210421msiMNRsJenny/257349_S71.sam` = list(IM49_SNP1 = list(
    All = list(Freqs = structure(c(15L, 1310L, 138L, 3947L, 106L, 
    1L, 55L, 0L, 12L, 495L, 4558L, 122L, 5L, 30L, 0L, 0L, 0L, 
    1L, 0L, 0L, 0L, 0L, 3L, 13L, 316L, 6L, 1L, 0L), .Dim = c(7L, 
    4L), .Dimnames = structure(list(c("-3", "-2", "-1", "0", 
    "1", "2", NA), c("C", "G", "T", NA)), .Names = c("", "")), class = "table"), 
        N = 11134L), Tag.Distribution = structure(c(`1` = 339L, 
    `2` = 207L, `3` = 169L, `4` = 126L, `5` = 129L, `6` = 111L, 
    `7` = 112L, `8` = 70L, `9` = 67L, `10` = 55L, `11` = 61L, 
    `12` = 39L, `13` = 31L, `14` = 32L, `15` = 20L, `16` = 24L, 
    `17` = 20L, `18` = 14L, `19` = 8L, `20` = 15L, `21` = 10L, 
    `22` = 10L, `23` = 4L, `24` = 7L, `25` = 3L, `26` = 4L, `27` = 4L, 
    `28` = 2L, `30` = 2L, `31` = 4L, `32` = 3L, `35` = 1L, `36` = 1L, 
    `38` = 1L, `39` = 1L, `45` = 1L), .Dim = 36L, .Dimnames = structure(list(
        c("1", "2", "3", "4", "5", "6", "7", "8", "9", "10", 
        "11", "12", "13", "14", "15", "16", "17", "18", "19", 
        "20", "21", "22", "23", "24", "25", "26", "27", "28", 
        "30", "31", "32", "35", "36", "38", "39", "45")), .Names = ""), class = "table"), 
    No.Tag = structure(c(0L, 29L, 5L, 130L, 4L, 0L, 4L, 0L, 0L, 
    8L, 134L, 4L, 0L, 1L, 0L, 0L, 0L, 0L, 0L, 0L, 0L, 0L, 0L, 
    2L, 17L, 0L, 0L, 0L), .Dim = c(7L, 4L), .Dimnames = structure(list(
        c("-3", "-2", "-1", "0", "1", "2", NA), c("C", "G", "T", 
        NA)), .Names = c("", "")), class = "table"), All.Tags = list(
        Concordant = list(Freqs = structure(c(3, 177, 7, 404, 
        2, 0, 0, 2, 28, 482, 2, 0, 0, 0, 0, 0, 0, 0), .Dim = c(6L, 
        3L), .Dimnames = list(c("-3", "-2", "-1", "0", "1", "2"
        ), c("C", "G", "T"))), N = 1107), Majority = list(Freqs = structure(c(3, 
        234, 8, 606, 2, 0, 0, 2, 45, 715, 4, 0, 0, 0, 0, 0, 0, 
        0), .Dim = c(6L, 3L), .Dimnames = list(c("-3", "-2", 
        "-1", "0", "1", "2"), c("C", "G", "T"))), N = 1619)), 
    `2` = structure(c(1, 184, 2, 495, 0, 0, 0, 1, 38, 592, 2, 
    0, 0, 0, 0, 0, 0, 0), .Dim = c(6L, 3L), .Dimnames = list(
        c("-3", "-2", "-1", "0", "1", "2"), c("C", "G", "T"))))))
