Results <-
list(`bwaOutput/20210421msiMNRsJenny/257369A2_S1.sam` = list(
    LR20_SNP1 = list(All = list(Freqs = structure(c(0L, 0L, 3L, 
    0L, 0L, 138L, 305L, 2045L, 5L, 3L, 1L, 0L, 0L, 0L, 0L, 1L, 
    0L, 4L, 0L, 0L), .Dim = 5:4, .Dimnames = structure(list(c("-2", 
    "-1", "0", "1", NA), c("A", "G", "T", NA)), .Names = c("", 
    "")), class = "table"), N = 2505L), Tag.Distribution = structure(c(`1` = 188L, 
    `2` = 129L, `3` = 114L, `4` = 72L, `5` = 51L, `6` = 37L, 
    `7` = 27L, `8` = 22L, `9` = 16L, `10` = 13L, `11` = 2L, `12` = 4L, 
    `13` = 3L, `14` = 3L, `15` = 2L, `16` = 1L, `17` = 2L, `19` = 1L, 
    `20` = 1L), .Dim = 19L, .Dimnames = structure(list(c("1", 
    "2", "3", "4", "5", "6", "7", "8", "9", "10", "11", "12", 
    "13", "14", "15", "16", "17", "19", "20")), .Names = ""), class = "table"), 
        No.Tag = structure(c(0L, 0L, 0L, 0L, 0L, 0L, 3L, 38L, 
        0L, 1L, 0L, 0L, 0L, 0L, 0L, 0L, 0L, 1L, 0L, 0L), .Dim = 5:4, .Dimnames = structure(list(
            c("-2", "-1", "0", "1", NA), c("A", "G", "T", NA)), .Names = c("", 
        "")), class = "table"), All.Tags = list(Concordant = list(
            Freqs = structure(c(0, 0, 1, 0, 35, 80, 528, 0, 0, 
            0, 0, 0), .Dim = 4:3, .Dimnames = list(c("-2", "-1", 
            "0", "1"), c("A", "G", "T"))), N = 644), Majority = list(
            Freqs = structure(c(0, 0, 1, 0, 43, 87, 549, 0, 0, 
            0, 0, 0), .Dim = 4:3, .Dimnames = list(c("-2", "-1", 
            "0", "1"), c("A", "G", "T"))), N = 680)), `2` = structure(c(0, 
        0, 0, 0, 34, 58, 401, 0, 0, 0, 0, 0), .Dim = 4:3, .Dimnames = list(
            c("-2", "-1", "0", "1"), c("A", "G", "T"))))))
