Results <-
list(`bwaOutput/20210421msiMNRsJenny/257349_S71.sam` = list(GM07_SNP1 = list(
    All = list(Freqs = structure(c(4L, 1050L, 261L, 2440L, 54L, 
    81L, 1L, 132L, 1079L, 2337L, 75L, 112L, 0L, 0L, 0L, 1L, 0L, 
    0L, 0L, 9L, 12L, 93L, 3L, 0L), .Dim = c(6L, 4L), .Dimnames = structure(list(
        c("-3", "-2", "-1", "0", "1", NA), c("A", "G", "T", NA
        )), .Names = c("", "")), class = "table"), N = 7744L), 
    Tag.Distribution = structure(c(`1` = 257L, `2` = 122L, `3` = 113L, 
    `4` = 96L, `5` = 90L, `6` = 73L, `7` = 86L, `8` = 51L, `9` = 51L, 
    `10` = 43L, `11` = 40L, `12` = 33L, `13` = 26L, `14` = 21L, 
    `15` = 20L, `16` = 15L, `17` = 15L, `18` = 7L, `19` = 5L, 
    `20` = 9L, `21` = 5L, `22` = 6L, `23` = 5L, `24` = 3L, `25` = 5L, 
    `26` = 3L, `28` = 1L, `29` = 3L, `30` = 1L, `33` = 1L, `36` = 1L
    ), .Dim = 31L, .Dimnames = structure(list(c("1", "2", "3", 
    "4", "5", "6", "7", "8", "9", "10", "11", "12", "13", "14", 
    "15", "16", "17", "18", "19", "20", "21", "22", "23", "24", 
    "25", "26", "28", "29", "30", "33", "36")), .Names = ""), class = "table"), 
    No.Tag = structure(c(0L, 22L, 10L, 61L, 4L, 10L, 0L, 2L, 
    13L, 81L, 1L, 11L, 0L, 0L, 0L, 0L, 0L, 0L, 0L, 0L, 3L, 10L, 
    0L, 0L), .Dim = c(6L, 4L), .Dimnames = structure(list(c("-3", 
    "-2", "-1", "0", "1", NA), c("A", "G", "T", NA)), .Names = c("", 
    "")), class = "table"), All.Tags = list(Concordant = list(
        Freqs = structure(c(0, 152, 19, 244, 1, 0, 8, 117, 262, 
        3, 0, 0, 0, 0, 0), .Dim = c(5L, 3L), .Dimnames = list(
            c("-3", "-2", "-1", "0", "1"), c("A", "G", "T"))), 
        N = 806), Majority = list(Freqs = structure(c(0, 178, 
    26, 378, 1, 0, 16, 155, 379, 4, 0, 0, 0, 0, 0), .Dim = c(5L, 
    3L), .Dimnames = list(c("-3", "-2", "-1", "0", "1"), c("A", 
    "G", "T"))), N = 1137)), `2` = structure(c(0, 145, 18, 313, 
    1, 0, 12, 118, 303, 1, 0, 0, 0, 0, 0), .Dim = c(5L, 3L), .Dimnames = list(
        c("-3", "-2", "-1", "0", "1"), c("A", "G", "T"))))))
