Results <-
list(`bwaOutput/20210421msiMNRsJenny/257349_S71.sam` = list(GM17_SNP1 = list(
    All = list(Freqs = structure(c(0L, 0L, 1L, 0L, 0L, 0L, 1L, 
    16L, 0L, 0L, 11L, 1887L, 10726L, 44L, 25L, 0L, 8L, 361L, 
    0L, 0L), .Dim = 5:4, .Dimnames = structure(list(c("-2", "-1", 
    "0", "1", NA), c("A", "C", "T", NA)), .Names = c("", "")), class = "table"), 
        N = 13080L), Tag.Distribution = structure(c(`1` = 269L, 
    `2` = 159L, `3` = 126L, `4` = 131L, `5` = 149L, `6` = 105L, 
    `7` = 116L, `8` = 88L, `9` = 80L, `10` = 80L, `11` = 69L, 
    `12` = 66L, `13` = 54L, `14` = 38L, `15` = 42L, `16` = 34L, 
    `17` = 19L, `18` = 15L, `19` = 19L, `20` = 12L, `21` = 10L, 
    `22` = 6L, `23` = 5L, `24` = 13L, `25` = 4L, `26` = 6L, `27` = 7L, 
    `28` = 2L, `29` = 2L, `30` = 2L, `32` = 2L, `36` = 2L, `37` = 1L, 
    `40` = 1L, `46` = 1L), .Dim = 35L, .Dimnames = structure(list(
        c("1", "2", "3", "4", "5", "6", "7", "8", "9", "10", 
        "11", "12", "13", "14", "15", "16", "17", "18", "19", 
        "20", "21", "22", "23", "24", "25", "26", "27", "28", 
        "29", "30", "32", "36", "37", "40", "46")), .Names = ""), class = "table"), 
    No.Tag = structure(c(0L, 0L, 0L, 0L, 0L, 0L, 0L, 3L, 0L, 
    0L, 0L, 56L, 299L, 1L, 1L, 0L, 3L, 17L, 0L, 0L), .Dim = 5:4, .Dimnames = structure(list(
        c("-2", "-1", "0", "1", NA), c("A", "C", "T", NA)), .Names = c("", 
    "")), class = "table"), All.Tags = list(Concordant = list(
        Freqs = structure(c(0, 0, 0, 0, 0, 1, 7, 0, 1, 168, 1268, 
        1), .Dim = 4:3, .Dimnames = list(c("-2", "-1", "0", "1"
        ), c("A", "C", "T"))), N = 1446), Majority = list(Freqs = structure(c(0, 
    0, 0, 0, 0, 1, 7, 0, 2, 220, 1470, 2), .Dim = 4:3, .Dimnames = list(
        c("-2", "-1", "0", "1"), c("A", "C", "T"))), N = 1702)), 
    `2` = structure(c(0, 0, 0, 0, 0, 0, 0, 0, 2, 187, 1261, 1
    ), .Dim = 4:3, .Dimnames = list(c("-2", "-1", "0", "1"), 
        c("A", "C", "T"))))))
