Results <-
list(`bwaOutput/20210421msiMNRsJenny/257349_S71.sam` = list(LR52_SNP1 = list(
    All = list(Freqs = structure(c(1L, 139L, 446L, 301L, 271L, 
    2227L, 21L, 38L, 0L, 0L, 2L, 0L, 0L, 7L, 0L, 0L, 0L, 0L, 
    4L, 3L, 16L, 574L, 7L, 0L), .Dim = c(8L, 3L), .Dimnames = structure(list(
        c("-5", "-4", "-3", "-2", "-1", "0", "1", NA), c("C", 
        "T", NA)), .Names = c("", "")), class = "table"), N = 4057L), 
    Tag.Distribution = structure(c(`1` = 118L, `2` = 86L, `3` = 65L, 
    `4` = 68L, `5` = 52L, `6` = 65L, `7` = 46L, `8` = 39L, `9` = 27L, 
    `10` = 23L, `11` = 26L, `12` = 28L, `13` = 15L, `14` = 10L, 
    `15` = 5L, `16` = 4L, `17` = 4L, `18` = 4L, `19` = 3L, `20` = 1L, 
    `21` = 2L, `23` = 3L, `36` = 1L), .Dim = 23L, .Dimnames = structure(list(
        c("1", "2", "3", "4", "5", "6", "7", "8", "9", "10", 
        "11", "12", "13", "14", "15", "16", "17", "18", "19", 
        "20", "21", "23", "36")), .Names = ""), class = "table"), 
    No.Tag = structure(c(0L, 6L, 6L, 8L, 1L, 40L, 5L, 1L, 0L, 
    0L, 0L, 0L, 0L, 0L, 0L, 0L, 0L, 0L, 1L, 0L, 1L, 14L, 0L, 
    0L), .Dim = c(8L, 3L), .Dimnames = structure(list(c("-5", 
    "-4", "-3", "-2", "-1", "0", "1", NA), c("C", "T", NA)), .Names = c("", 
    "")), class = "table"), All.Tags = list(Concordant = list(
        Freqs = structure(c(0, 18, 65, 44, 8, 301, 1, 0, 0, 1, 
        0, 0, 3, 0), .Dim = c(7L, 2L), .Dimnames = list(c("-5", 
        "-4", "-3", "-2", "-1", "0", "1"), c("C", "T"))), N = 441), 
        Majority = list(Freqs = structure(c(0, 19, 80, 54, 11, 
        468, 1, 0, 0, 1, 0, 0, 3, 0), .Dim = c(7L, 2L), .Dimnames = list(
            c("-5", "-4", "-3", "-2", "-1", "0", "1"), c("C", 
            "T"))), N = 637)), `2` = structure(c(0, 17, 67, 42, 
    7, 412, 0, 0, 0, 1, 0, 0, 3, 0), .Dim = c(7L, 2L), .Dimnames = list(
        c("-5", "-4", "-3", "-2", "-1", "0", "1"), c("C", "T"
        ))))))
