Results <-
list(`bwaOutput/20210421msiMNRsJenny/257349_S71.sam` = list(LR46_SNP1 = list(
    All = list(Freqs = structure(c(0L, 2L, 0L, 0L, 0L, 174L, 
    6076L, 32L, 1L, 24L, 0L, 10L, 0L, 0L, 0L, 0L, 46L, 0L, 0L, 
    0L), .Dim = 5:4, .Dimnames = structure(list(c("-1", "0", 
    "1", "2", NA), c("A", "G", "T", NA)), .Names = c("", "")), class = "table"), 
        N = 6365L), Tag.Distribution = structure(c(`1` = 201L, 
    `2` = 90L, `3` = 79L, `4` = 69L, `5` = 58L, `6` = 63L, `7` = 49L, 
    `8` = 58L, `9` = 40L, `10` = 40L, `11` = 28L, `12` = 29L, 
    `13` = 28L, `14` = 21L, `15` = 25L, `16` = 10L, `17` = 4L, 
    `18` = 7L, `19` = 6L, `20` = 8L, `21` = 6L, `22` = 5L, `23` = 6L, 
    `24` = 5L, `25` = 1L, `27` = 1L, `28` = 1L, `29` = 1L, `31` = 1L, 
    `37` = 1L, `41` = 1L), .Dim = 31L, .Dimnames = structure(list(
        c("1", "2", "3", "4", "5", "6", "7", "8", "9", "10", 
        "11", "12", "13", "14", "15", "16", "17", "18", "19", 
        "20", "21", "22", "23", "24", "25", "27", "28", "29", 
        "31", "37", "41")), .Names = ""), class = "table"), No.Tag = structure(c(0L, 
    0L, 0L, 0L, 0L, 2L, 196L, 4L, 0L, 1L, 0L, 0L, 0L, 0L, 0L, 
    0L, 4L, 0L, 0L, 0L), .Dim = 5:4, .Dimnames = structure(list(
        c("-1", "0", "1", "2", NA), c("A", "G", "T", NA)), .Names = c("", 
    "")), class = "table"), All.Tags = list(Concordant = list(
        Freqs = structure(c(0, 0, 0, 0, 21, 873, 1, 0, 0, 4, 
        0, 0), .Dim = 4:3, .Dimnames = list(c("-1", "0", "1", 
        "2"), c("A", "G", "T"))), N = 899), Majority = list(Freqs = structure(c(0, 
    0, 0, 0, 26, 906, 2, 0, 0, 4, 0, 0), .Dim = 4:3, .Dimnames = list(
        c("-1", "0", "1", "2"), c("A", "G", "T"))), N = 938)), 
    `2` = structure(c(0, 0, 0, 0, 17, 722, 1, 0, 0, 1, 0, 0), .Dim = 4:3, .Dimnames = list(
        c("-1", "0", "1", "2"), c("A", "G", "T"))))))
