Results <-
list(`bwaOutput/20210421msiMNRsJenny/257349_S71.sam` = list(LR40_SNP1 = list(
    All = list(Freqs = structure(c(0L, 0L, 2L, 0L, 0L, 31L, 1422L, 
    5687L, 11L, 28L, 0L, 10L, 43L, 0L, 0L), .Dim = c(5L, 3L), .Dimnames = structure(list(
        c("-2", "-1", "0", "1", NA), c("A", "C", NA)), .Names = c("", 
    "")), class = "table"), N = 7234L), Tag.Distribution = structure(c(`1` = 226L, 
    `2` = 103L, `3` = 97L, `4` = 94L, `5` = 98L, `6` = 78L, `7` = 64L, 
    `8` = 60L, `9` = 54L, `10` = 42L, `11` = 24L, `12` = 30L, 
    `13` = 24L, `14` = 27L, `15` = 17L, `16` = 17L, `17` = 6L, 
    `18` = 9L, `19` = 4L, `20` = 5L, `21` = 7L, `22` = 3L, `23` = 3L, 
    `24` = 7L, `25` = 1L, `27` = 2L, `28` = 2L, `29` = 2L, `31` = 1L, 
    `33` = 1L, `38` = 1L, `40` = 1L, `43` = 1L, `47` = 1L), .Dim = 34L, .Dimnames = structure(list(
        c("1", "2", "3", "4", "5", "6", "7", "8", "9", "10", 
        "11", "12", "13", "14", "15", "16", "17", "18", "19", 
        "20", "21", "22", "23", "24", "25", "27", "28", "29", 
        "31", "33", "38", "40", "43", "47")), .Names = ""), class = "table"), 
    No.Tag = structure(c(0L, 0L, 0L, 0L, 0L, 0L, 19L, 156L, 0L, 
    6L, 0L, 0L, 6L, 0L, 0L), .Dim = c(5L, 3L), .Dimnames = structure(list(
        c("-2", "-1", "0", "1", NA), c("A", "C", NA)), .Names = c("", 
    "")), class = "table"), All.Tags = list(Concordant = list(
        Freqs = structure(c(0, 0, 1, 0, 4, 172, 785, 0), .Dim = c(4L, 
        2L), .Dimnames = list(c("-2", "-1", "0", "1"), c("A", 
        "C"))), N = 962), Majority = list(Freqs = structure(c(0, 
    0, 1, 0, 6, 214, 876, 0), .Dim = c(4L, 2L), .Dimnames = list(
        c("-2", "-1", "0", "1"), c("A", "C"))), N = 1097)), `2` = structure(c(0, 
    0, 0, 0, 4, 179, 692, 0), .Dim = c(4L, 2L), .Dimnames = list(
        c("-2", "-1", "0", "1"), c("A", "C"))))))
