Results <-
list(`bwaOutput/20210421msiMNRsJenny/257349_S71.sam` = list(IM16_SNP1 = list(
    All = list(Freqs = structure(c(0L, 1L, 11L, 0L, 0L, 0L, 1L, 
    0L, 0L, 0L, 0L, 0L, 642L, 1038L, 7241L, 141L, 2L, 35L, 0L, 
    4L, 132L, 9L, 0L, 0L), .Dim = c(6L, 4L), .Dimnames = structure(list(
        c("-2", "-1", "0", "1", "2", NA), c("A", "C", "G", NA
        )), .Names = c("", "")), class = "table"), N = 9257L), 
    Tag.Distribution = structure(c(`1` = 269L, `2` = 120L, `3` = 118L, 
    `4` = 119L, `5` = 95L, `6` = 69L, `7` = 82L, `8` = 66L, `9` = 58L, 
    `10` = 52L, `11` = 55L, `12` = 58L, `13` = 41L, `14` = 25L, 
    `15` = 26L, `16` = 20L, `17` = 22L, `18` = 12L, `19` = 7L, 
    `20` = 7L, `21` = 9L, `22` = 3L, `23` = 2L, `24` = 4L, `25` = 4L, 
    `27` = 3L, `28` = 1L, `29` = 1L, `30` = 3L, `31` = 1L, `32` = 1L, 
    `33` = 1L, `38` = 1L), .Dim = 33L, .Dimnames = structure(list(
        c("1", "2", "3", "4", "5", "6", "7", "8", "9", "10", 
        "11", "12", "13", "14", "15", "16", "17", "18", "19", 
        "20", "21", "22", "23", "24", "25", "27", "28", "29", 
        "30", "31", "32", "33", "38")), .Names = ""), class = "table"), 
    No.Tag = structure(c(0L, 0L, 2L, 0L, 0L, 0L, 0L, 0L, 0L, 
    0L, 0L, 0L, 8L, 27L, 196L, 7L, 0L, 9L, 0L, 0L, 20L, 0L, 0L, 
    0L), .Dim = c(6L, 4L), .Dimnames = structure(list(c("-2", 
    "-1", "0", "1", "2", NA), c("A", "C", "G", NA)), .Names = c("", 
    "")), class = "table"), All.Tags = list(Concordant = list(
        Freqs = structure(c(0, 0, 5, 0, 0, 0, 0, 0, 0, 0, 64, 
        107, 910, 7, 0), .Dim = c(5L, 3L), .Dimnames = list(c("-2", 
        "-1", "0", "1", "2"), c("A", "C", "G"))), N = 1093), 
        Majority = list(Freqs = structure(c(0, 0, 5, 0, 0, 0, 
        0, 0, 0, 0, 80, 140, 1088, 9, 0), .Dim = c(5L, 3L), .Dimnames = list(
            c("-2", "-1", "0", "1", "2"), c("A", "C", "G"))), 
            N = 1322)), `2` = structure(c(0, 0, 0, 0, 0, 0, 0, 
    0, 0, 0, 70, 111, 883, 5, 0), .Dim = c(5L, 3L), .Dimnames = list(
        c("-2", "-1", "0", "1", "2"), c("A", "C", "G"))))))
