Results <-
list(`bwaOutput/20210421msiMNRsJenny/257369A2_S1.sam` = list(
    GM09_SNP1 = list(All = list(Freqs = structure(c(6L, 2105L, 
    3L, 78L, 1793L, 2L, 0L, 1L, 0L, 2L, 15L, 0L), .Dim = 3:4, .Dimnames = structure(list(
        c("-1", "0", "1"), c("A", "G", "T", NA)), .Names = c("", 
    "")), class = "table"), N = 4005L), Tag.Distribution = structure(c(`1` = 214L, 
    `2` = 152L, `3` = 153L, `4` = 103L, `5` = 93L, `6` = 54L, 
    `7` = 46L, `8` = 33L, `9` = 30L, `10` = 17L, `11` = 16L, 
    `12` = 11L, `13` = 9L, `14` = 2L, `15` = 3L, `16` = 3L, `17` = 1L, 
    `19` = 1L, `20` = 3L, `21` = 1L, `23` = 1L, `24` = 1L), .Dim = 22L, .Dimnames = structure(list(
        c("1", "2", "3", "4", "5", "6", "7", "8", "9", "10", 
        "11", "12", "13", "14", "15", "16", "17", "19", "20", 
        "21", "23", "24")), .Names = ""), class = "table"), No.Tag = structure(c(0L, 
    35L, 0L, 0L, 0L, 54L, 0L, 0L, 0L, 0L, 0L, 0L, 0L, 2L, 0L, 
    0L), .Dim = c(4L, 4L), .Dimnames = structure(list(c("-1", 
    "0", "1", NA), c("A", "G", "T", NA)), .Names = c("", "")), class = "table"), 
        All.Tags = list(Concordant = list(Freqs = structure(c(2, 
        441, 1, 14, 360, 0, 0, 0, 0), .Dim = c(3L, 3L), .Dimnames = list(
            c("-1", "0", "1"), c("A", "G", "T"))), N = 818), 
            Majority = list(Freqs = structure(c(2, 495, 1, 20, 
            412, 0, 0, 0, 0), .Dim = c(3L, 3L), .Dimnames = list(
                c("-1", "0", "1"), c("A", "G", "T"))), N = 930)), 
        `2` = structure(c(0, 385, 0, 17, 316, 0, 0, 0, 0), .Dim = c(3L, 
        3L), .Dimnames = list(c("-1", "0", "1"), c("A", "G", 
        "T"))))))
