Results <-
list(`bwaOutput/20210421msiMNRsJenny/257349_S71.sam` = list(DEPDC2_SNP1 = list(
    All = list(Freqs = structure(c(0L, 0L, 0L, 4L, 0L, 0L, 11L, 
    6L, 599L, 4163L, 40L, 34L, 0L, 0L, 0L, 43L, 0L, 0L), .Dim = c(6L, 
    3L), .Dimnames = structure(list(c("-3", "-2", "-1", "0", 
    "1", NA), c("C", "T", NA)), .Names = c("", "")), class = "table"), 
        N = 4900L), Tag.Distribution = structure(c(`1` = 244L, 
    `2` = 132L, `3` = 128L, `4` = 87L, `5` = 78L, `6` = 57L, 
    `7` = 61L, `8` = 36L, `9` = 41L, `10` = 37L, `11` = 20L, 
    `12` = 21L, `13` = 8L, `14` = 8L, `15` = 11L, `16` = 9L, 
    `17` = 2L, `18` = 5L, `19` = 2L, `22` = 2L, `23` = 2L, `25` = 1L
    ), .Dim = 22L, .Dimnames = structure(list(c("1", "2", "3", 
    "4", "5", "6", "7", "8", "9", "10", "11", "12", "13", "14", 
    "15", "16", "17", "18", "19", "22", "23", "25")), .Names = ""), class = "table"), 
    No.Tag = structure(c(0L, 0L, 0L, 0L, 0L, 0L, 0L, 0L, 29L, 
    156L, 2L, 7L, 0L, 0L, 0L, 6L, 0L, 0L), .Dim = c(6L, 3L), .Dimnames = structure(list(
        c("-3", "-2", "-1", "0", "1", NA), c("C", "T", NA)), .Names = c("", 
    "")), class = "table"), All.Tags = list(Concordant = list(
        Freqs = structure(c(0, 0, 0, 4, 0, 2, 4, 103, 805, 5), .Dim = c(5L, 
        2L), .Dimnames = list(c("-3", "-2", "-1", "0", "1"), 
            c("C", "T"))), N = 923), Majority = list(Freqs = structure(c(0, 
    0, 0, 4, 0, 2, 4, 113, 852, 6), .Dim = c(5L, 2L), .Dimnames = list(
        c("-3", "-2", "-1", "0", "1"), c("C", "T"))), N = 981)), 
    `2` = structure(c(0, 0, 0, 0, 0, 1, 3, 90, 642, 4), .Dim = c(5L, 
    2L), .Dimnames = list(c("-3", "-2", "-1", "0", "1"), c("C", 
    "T"))))))
