Results <-
list(`bwaOutput/20210421msiMNRsJenny/257369A2_S1.sam` = list(
    GM07_SNP1 = list(All = list(Freqs = structure(c(0L, 35L, 
    304L, 696L, 18L, 0L, 0L, 8L, 2L, 359L, 42L, 613L, 25L, 1L, 
    1L, 5L, 0L, 1L, 0L, 4L, 0L, 0L, 0L, 0L), .Dim = c(8L, 3L), .Dimnames = structure(list(
        c("-3", "-2", "-1", "0", "1", "2", "3", NA), c("A", "G", 
        NA)), .Names = c("", "")), class = "table"), N = 2114L), 
        Tag.Distribution = structure(c(`1` = 140L, `2` = 113L, 
        `3` = 85L, `4` = 60L, `5` = 59L, `6` = 28L, `7` = 26L, 
        `8` = 14L, `9` = 9L, `10` = 11L, `11` = 12L, `12` = 4L, 
        `14` = 1L, `16` = 1L, `18` = 2L), .Dim = 15L, .Dimnames = structure(list(
            c("1", "2", "3", "4", "5", "6", "7", "8", "9", "10", 
            "11", "12", "14", "16", "18")), .Names = ""), class = "table"), 
        No.Tag = structure(c(0L, 0L, 20L, 22L, 0L, 0L, 0L, 1L, 
        0L, 3L, 1L, 12L, 0L, 0L, 0L, 0L, 0L, 0L, 0L, 0L, 0L, 
        0L, 0L, 0L), .Dim = c(8L, 3L), .Dimnames = structure(list(
            c("-3", "-2", "-1", "0", "1", "2", "3", NA), c("A", 
            "G", NA)), .Names = c("", "")), class = "table"), 
        All.Tags = list(Concordant = list(Freqs = structure(c(0, 
        10, 66, 138, 1, 0, 0, 0, 81, 5, 141, 1, 0, 0), .Dim = c(7L, 
        2L), .Dimnames = list(c("-3", "-2", "-1", "0", "1", "2", 
        "3"), c("A", "G"))), N = 443), Majority = list(Freqs = structure(c(0, 
        12, 76, 186, 1, 0, 0, 0, 91, 5, 170, 2, 0, 0), .Dim = c(7L, 
        2L), .Dimnames = list(c("-3", "-2", "-1", "0", "1", "2", 
        "3"), c("A", "G"))), N = 543)), `2` = structure(c(0, 
        6, 50, 144, 0, 0, 0, 0, 74, 2, 129, 1, 0, 0), .Dim = c(7L, 
        2L), .Dimnames = list(c("-3", "-2", "-1", "0", "1", "2", 
        "3"), c("A", "G"))))))
