Results <-
list(`bwaOutput/20210421msiMNRsJenny/257349_S71.sam` = list(LR44_SNP1 = list(
    All = list(Freqs = structure(c(0L, 0L, 0L, 3L, 0L, 0L, 0L, 
    0L, 41L, 165L, 918L, 6L, 0L, 6L, 0L, 0L, 0L, 1L, 0L, 0L, 
    0L, 20L, 181L, 182L, 858L, 26L, 3L, 12L, 1L, 1L, 2L, 44L, 
    1L, 0L, 0L), .Dim = c(7L, 5L), .Dimnames = structure(list(
        c("-3", "-2", "-1", "0", "1", "2", NA), c("A", "C", "G", 
        "T", NA)), .Names = c("", "")), class = "table"), N = 2471L), 
    Tag.Distribution = structure(c(`1` = 109L, `2` = 50L, `3` = 44L, 
    `4` = 53L, `5` = 28L, `6` = 30L, `7` = 32L, `8` = 23L, `9` = 22L, 
    `10` = 15L, `11` = 8L, `12` = 7L, `13` = 4L, `14` = 7L, `15` = 13L, 
    `16` = 4L, `17` = 2L, `18` = 4L, `19` = 1L, `20` = 1L, `21` = 1L, 
    `22` = 1L, `23` = 1L), .Dim = 23L, .Dimnames = structure(list(
        c("1", "2", "3", "4", "5", "6", "7", "8", "9", "10", 
        "11", "12", "13", "14", "15", "16", "17", "18", "19", 
        "20", "21", "22", "23")), .Names = ""), class = "table"), 
    No.Tag = structure(c(0L, 0L, 0L, 0L, 0L, 0L, 0L, 0L, 0L, 
    4L, 18L, 0L, 0L, 0L, 0L, 0L, 0L, 0L, 0L, 0L, 0L, 0L, 6L, 
    3L, 16L, 1L, 0L, 0L, 0L, 0L, 0L, 2L, 0L, 0L, 0L), .Dim = c(7L, 
    5L), .Dimnames = structure(list(c("-3", "-2", "-1", "0", 
    "1", "2", NA), c("A", "C", "G", "T", NA)), .Names = c("", 
    "")), class = "table"), All.Tags = list(Concordant = list(
        Freqs = structure(c(0, 0, 0, 2, 0, 0, 0, 4, 16, 117, 
        0, 0, 0, 0, 0, 1, 0, 0, 2, 37, 25, 125, 1, 0), .Dim = c(6L, 
        4L), .Dimnames = list(c("-3", "-2", "-1", "0", "1", "2"
        ), c("A", "C", "G", "T"))), N = 330), Majority = list(
        Freqs = structure(c(0, 0, 0, 2, 0, 0, 0, 5, 21, 166, 
        0, 0, 0, 0, 0, 1, 0, 0, 3, 42, 29, 173, 1, 0), .Dim = c(6L, 
        4L), .Dimnames = list(c("-3", "-2", "-1", "0", "1", "2"
        ), c("A", "C", "G", "T"))), N = 443)), `2` = structure(c(0, 
    0, 0, 1, 0, 0, 0, 4, 17, 135, 0, 0, 0, 0, 0, 0, 0, 0, 2, 
    31, 17, 133, 1, 0), .Dim = c(6L, 4L), .Dimnames = list(c("-3", 
    "-2", "-1", "0", "1", "2"), c("A", "C", "G", "T"))))))
