Results <-
list(`bwaOutput/20210421msiMNRsJenny/257369A2_S1.sam` = list(
    LR48_SNP1 = list(All = list(Freqs = structure(c(1L, 4L, 108L, 
    1187L, 12L, 4L, 0L, 5L, 442L, 740L, 12L, 5L, 0L, 0L, 2L, 
    13L, 0L, 0L), .Dim = c(6L, 3L), .Dimnames = structure(list(
        c("-3", "-2", "-1", "0", "1", NA), c("C", "T", NA)), .Names = c("", 
    "")), class = "table"), N = 2535L), Tag.Distribution = structure(c(`1` = 103L, 
    `2` = 86L, `3` = 50L, `4` = 50L, `5` = 46L, `6` = 45L, `7` = 33L, 
    `8` = 23L, `9` = 22L, `10` = 19L, `11` = 9L, `12` = 11L, 
    `13` = 4L, `14` = 3L, `15` = 4L, `16` = 2L, `17` = 2L, `18` = 2L, 
    `19` = 1L, `24` = 1L, `25` = 1L), .Dim = 21L, .Dimnames = structure(list(
        c("1", "2", "3", "4", "5", "6", "7", "8", "9", "10", 
        "11", "12", "13", "14", "15", "16", "17", "18", "19", 
        "24", "25")), .Names = ""), class = "table"), No.Tag = structure(c(0L, 
    0L, 2L, 20L, 0L, 0L, 0L, 0L, 3L, 27L, 0L, 0L, 0L, 0L, 0L, 
    0L, 0L, 0L), .Dim = c(6L, 3L), .Dimnames = structure(list(
        c("-3", "-2", "-1", "0", "1", NA), c("C", "T", NA)), .Names = c("", 
    "")), class = "table"), All.Tags = list(Concordant = list(
        Freqs = structure(c(0, 1, 10, 205, 0, 0, 1, 68, 123, 
        1), .Dim = c(5L, 2L), .Dimnames = list(c("-3", "-2", 
        "-1", "0", "1"), c("C", "T"))), N = 409), Majority = list(
        Freqs = structure(c(0, 1, 14, 249, 0, 0, 1, 86, 152, 
        1), .Dim = c(5L, 2L), .Dimnames = list(c("-3", "-2", 
        "-1", "0", "1"), c("C", "T"))), N = 504)), `2` = structure(c(0, 
    0, 12, 199, 0, 0, 0, 70, 121, 1), .Dim = c(5L, 2L), .Dimnames = list(
        c("-3", "-2", "-1", "0", "1"), c("C", "T"))))))
