Results <-
list(`bwaOutput/20210421msiMNRsJenny/257605A3_S26.sam` = list(
    GM14_SNP1 = list(All = list(Freqs = structure(c(0L, 0L, 0L, 
    2L, 0L, 0L, 1L, 1L, 1L, 155L, 3206L, 10L, 1L, 6L, 0L, 0L, 
    0L, 39L, 0L, 0L, 0L), .Dim = c(7L, 3L), .Dimnames = structure(list(
        c("-3", "-2", "-1", "0", "1", "2", NA), c("C", "T", NA
        )), .Names = c("", "")), class = "table"), N = 3422L), 
        Tag.Distribution = structure(c(`1` = 95L, `2` = 102L, 
        `3` = 79L, `4` = 70L, `5` = 64L, `6` = 75L, `7` = 42L, 
        `8` = 39L, `9` = 39L, `10` = 23L, `11` = 7L, `12` = 15L, 
        `13` = 6L, `14` = 7L, `15` = 2L, `16` = 1L, `17` = 3L, 
        `19` = 1L, `25` = 1L), .Dim = 19L, .Dimnames = structure(list(
            c("1", "2", "3", "4", "5", "6", "7", "8", "9", "10", 
            "11", "12", "13", "14", "15", "16", "17", "19", "25"
            )), .Names = ""), class = "table"), No.Tag = structure(c(0L, 
        0L, 0L, 0L, 0L, 0L, 0L, 0L, 0L, 5L, 68L, 0L, 0L, 0L, 
        0L, 0L, 0L, 2L, 0L, 0L, 0L), .Dim = c(7L, 3L), .Dimnames = structure(list(
            c("-3", "-2", "-1", "0", "1", "2", NA), c("C", "T", 
            NA)), .Names = c("", "")), class = "table"), All.Tags = list(
            Concordant = list(Freqs = structure(c(0, 0, 0, 2, 
            0, 0, 0, 0, 14, 574, 0, 0), .Dim = c(6L, 2L), .Dimnames = list(
                c("-3", "-2", "-1", "0", "1", "2"), c("C", "T"
                ))), N = 590), Majority = list(Freqs = structure(c(0, 
            0, 0, 2, 0, 0, 0, 0, 16, 639, 0, 0), .Dim = c(6L, 
            2L), .Dimnames = list(c("-3", "-2", "-1", "0", "1", 
            "2"), c("C", "T"))), N = 657)), `2` = structure(c(0, 
        0, 0, 0, 0, 0, 0, 0, 13, 556, 0, 0), .Dim = c(6L, 2L), .Dimnames = list(
            c("-3", "-2", "-1", "0", "1", "2"), c("C", "T"))))))
