Results <-
list(`bwaOutput/20210421msiMNRsJenny/257605A3_S26.sam` = list(
    LR52_SNP1 = list(All = list(Freqs = structure(c(1L, 221L, 
    165L, 96L, 881L, 18L, 6L, 0L, 31L, 417L, 55L, 622L, 6L, 5L, 
    0L, 0L, 0L, 2L, 43L, 1L, 0L), .Dim = c(7L, 3L), .Dimnames = structure(list(
        c("-4", "-3", "-2", "-1", "0", "1", NA), c("C", "T", 
        NA)), .Names = c("", "")), class = "table"), N = 2570L), 
        Tag.Distribution = structure(c(`1` = 73L, `2` = 84L, 
        `3` = 74L, `4` = 69L, `5` = 58L, `6` = 56L, `7` = 37L, 
        `8` = 24L, `9` = 20L, `10` = 9L, `11` = 13L, `12` = 4L, 
        `13` = 4L, `14` = 2L, `15` = 4L, `16` = 1L, `17` = 3L, 
        `18` = 1L, `21` = 1L), .Dim = 19L, .Dimnames = structure(list(
            c("1", "2", "3", "4", "5", "6", "7", "8", "9", "10", 
            "11", "12", "13", "14", "15", "16", "17", "18", "21"
            )), .Names = ""), class = "table"), No.Tag = structure(c(0L, 
        11L, 1L, 1L, 11L, 1L, 0L, 0L, 1L, 14L, 1L, 5L, 0L, 1L, 
        0L, 0L, 0L, 0L, 0L, 0L, 0L), .Dim = c(7L, 3L), .Dimnames = structure(list(
            c("-4", "-3", "-2", "-1", "0", "1", NA), c("C", "T", 
            NA)), .Names = c("", "")), class = "table"), All.Tags = list(
            Concordant = list(Freqs = structure(c(0, 36, 38, 
            7, 112, 1, 0, 4, 70, 4, 116, 0), .Dim = c(6L, 2L), .Dimnames = list(
                c("-4", "-3", "-2", "-1", "0", "1"), c("C", "T"
                ))), N = 388), Majority = list(Freqs = structure(c(0, 
            40, 39, 7, 186, 1, 0, 4, 85, 6, 154, 0), .Dim = c(6L, 
            2L), .Dimnames = list(c("-4", "-3", "-2", "-1", "0", 
            "1"), c("C", "T"))), N = 522)), `2` = structure(c(0, 
        35, 34, 4, 167, 0, 0, 4, 74, 3, 132, 0), .Dim = c(6L, 
        2L), .Dimnames = list(c("-4", "-3", "-2", "-1", "0", 
        "1"), c("C", "T"))))))
