Results <-
list(`bwaOutput/20210421msiMNRsJenny/257605A3_S26.sam` = list(
    LR48_SNP1 = list(All = list(Freqs = structure(c(2L, 54L, 
    477L, 2102L, 32L, 13L, 0L, 0L, 0L, 1L, 0L, 0L, 0L, 1L, 0L, 
    18L, 0L, 0L), .Dim = c(6L, 3L), .Dimnames = structure(list(
        c("-3", "-2", "-1", "0", "1", NA), c("C", "T", NA)), .Names = c("", 
    "")), class = "table"), N = 2700L), Tag.Distribution = structure(c(`1` = 50L, 
    `2` = 47L, `3` = 47L, `4` = 37L, `5` = 49L, `6` = 56L, `7` = 36L, 
    `8` = 40L, `9` = 23L, `10` = 20L, `11` = 12L, `12` = 6L, 
    `13` = 9L, `14` = 5L, `15` = 4L, `16` = 3L, `17` = 1L, `19` = 2L, 
    `20` = 1L, `24` = 1L, `26` = 1L), .Dim = 21L, .Dimnames = structure(list(
        c("1", "2", "3", "4", "5", "6", "7", "8", "9", "10", 
        "11", "12", "13", "14", "15", "16", "17", "19", "20", 
        "24", "26")), .Names = ""), class = "table"), No.Tag = structure(c(0L, 
    1L, 20L, 59L, 0L, 1L, 0L, 0L, 0L, 0L, 0L, 0L, 0L, 0L, 0L, 
    2L, 0L, 0L), .Dim = c(6L, 3L), .Dimnames = structure(list(
        c("-3", "-2", "-1", "0", "1", NA), c("C", "T", NA)), .Names = c("", 
    "")), class = "table"), All.Tags = list(Concordant = list(
        Freqs = structure(c(0, 6, 57, 287, 1, 0, 0, 0, 0, 0), .Dim = c(5L, 
        2L), .Dimnames = list(c("-3", "-2", "-1", "0", "1"), 
            c("C", "T"))), N = 351), Majority = list(Freqs = structure(c(0, 
    9, 71, 365, 1, 0, 0, 0, 0, 0), .Dim = c(5L, 2L), .Dimnames = list(
        c("-3", "-2", "-1", "0", "1"), c("C", "T"))), N = 446)), 
        `2` = structure(c(0, 9, 63, 327, 0, 0, 0, 0, 0, 0), .Dim = c(5L, 
        2L), .Dimnames = list(c("-3", "-2", "-1", "0", "1"), 
            c("C", "T"))))))
