Results <-
list(`bwaOutput/20210421msiMNRsJenny/257605A3_S26.sam` = list(
    GM29_SNP1 = list(All = list(Freqs = structure(c(0L, 0L, 1L, 
    0L, 0L, 0L, 42L, 2088L, 2L, 1L, 0L, 0L, 11L, 0L, 0L, 1L, 
    0L, 8L, 0L, 0L), .Dim = 5:4, .Dimnames = structure(list(c("-2", 
    "-1", "0", "1", NA), c("-", "A", "G", NA)), .Names = c("", 
    "")), class = "table"), N = 2154L), Tag.Distribution = structure(c(`1` = 89L, 
    `2` = 68L, `3` = 69L, `4` = 64L, `5` = 39L, `6` = 23L, `7` = 29L, 
    `8` = 23L, `9` = 7L, `10` = 8L, `11` = 10L, `12` = 10L, `13` = 6L, 
    `14` = 3L, `15` = 4L, `16` = 1L, `17` = 2L, `18` = 1L, `19` = 1L, 
    `20` = 1L, `21` = 1L, `22` = 1L), .Dim = 22L, .Dimnames = structure(list(
        c("1", "2", "3", "4", "5", "6", "7", "8", "9", "10", 
        "11", "12", "13", "14", "15", "16", "17", "18", "19", 
        "20", "21", "22")), .Names = ""), class = "table"), No.Tag = structure(c(0L, 
    0L, 0L, 0L, 0L, 0L, 0L, 39L, 1L, 1L, 0L, 0L, 1L, 0L, 0L, 
    0L, 0L, 1L, 0L, 0L), .Dim = 5:4, .Dimnames = structure(list(
        c("-2", "-1", "0", "1", NA), c("-", "A", "G", NA)), .Names = c("", 
    "")), class = "table"), All.Tags = list(Concordant = list(
        Freqs = structure(c(0, 0, 0, 0, 0, 3, 430, 0, 0, 0, 1, 
        0), .Dim = 4:3, .Dimnames = list(c("-2", "-1", "0", "1"
        ), c("-", "A", "G"))), N = 434), Majority = list(Freqs = structure(c(0, 
    0, 0, 0, 0, 3, 454, 0, 0, 0, 1, 0), .Dim = 4:3, .Dimnames = list(
        c("-2", "-1", "0", "1"), c("-", "A", "G"))), N = 458)), 
        `2` = structure(c(0, 0, 0, 0, 0, 1, 369, 0, 0, 0, 1, 
        0), .Dim = 4:3, .Dimnames = list(c("-2", "-1", "0", "1"
        ), c("-", "A", "G"))))))
