Results <-
list(`bwaOutput/20210421msiMNRsJenny/257605A3_S26.sam` = list(
    IM49_SNP1 = list(All = list(Freqs = structure(c(0L, 0L, 0L, 
    1L, 0L, 0L, 2L, 16L, 393L, 773L, 17L, 4L, 0L, 2L, 111L, 944L, 
    27L, 7L, 0L, 0L, 1L, 33L, 0L, 0L), .Dim = c(6L, 4L), .Dimnames = structure(list(
        c("-3", "-2", "-1", "0", "1", NA), c("A", "C", "G", NA
        )), .Names = c("", "")), class = "table"), N = 2331L), 
        Tag.Distribution = structure(c(`1` = 137L, `2` = 89L, 
        `3` = 77L, `4` = 77L, `5` = 49L, `6` = 37L, `7` = 32L, 
        `8` = 23L, `9` = 19L, `10` = 11L, `11` = 4L, `12` = 7L, 
        `13` = 5L, `14` = 2L, `20` = 1L), .Dim = 15L, .Dimnames = structure(list(
            c("1", "2", "3", "4", "5", "6", "7", "8", "9", "10", 
            "11", "12", "13", "14", "20")), .Names = ""), class = "table"), 
        No.Tag = structure(c(0L, 0L, 0L, 0L, 0L, 0L, 0L, 0L, 
        13L, 35L, 0L, 1L, 0L, 1L, 1L, 22L, 0L, 0L, 0L, 0L, 0L, 
        7L, 0L, 0L), .Dim = c(6L, 4L), .Dimnames = structure(list(
            c("-3", "-2", "-1", "0", "1", NA), c("A", "C", "G", 
            NA)), .Names = c("", "")), class = "table"), All.Tags = list(
            Concordant = list(Freqs = structure(c(0, 0, 0, 0, 
            0, 0, 2, 69, 150, 1, 0, 0, 20, 203, 1), .Dim = c(5L, 
            3L), .Dimnames = list(c("-3", "-2", "-1", "0", "1"
            ), c("A", "C", "G"))), N = 446), Majority = list(
                Freqs = structure(c(0, 0, 0, 0, 0, 0, 2, 83, 
                192, 2, 0, 0, 24, 244, 2), .Dim = c(5L, 3L), .Dimnames = list(
                  c("-3", "-2", "-1", "0", "1"), c("A", "C", 
                  "G"))), N = 549)), `2` = structure(c(0, 0, 
        0, 0, 0, 0, 1, 63, 141, 1, 0, 0, 17, 191, 1), .Dim = c(5L, 
        3L), .Dimnames = list(c("-3", "-2", "-1", "0", "1"), 
            c("A", "C", "G"))))))
