Results <-
list(`bwaOutput/20210421msiMNRsJenny/257605A3_S26.sam` = list(
    LR36_SNP1 = list(All = list(Freqs = structure(c(1L, 1L, 50L, 
    507L, 2711L, 26L, 22L, 0L, 0L, 0L, 1L, 2L, 0L, 0L, 0L, 0L, 
    0L, 3L, 34L, 0L, 0L), .Dim = c(7L, 3L), .Dimnames = structure(list(
        c("-4", "-3", "-2", "-1", "0", "1", NA), c("A", "T", 
        NA)), .Names = c("", "")), class = "table"), N = 3358L), 
        Tag.Distribution = structure(c(`1` = 118L, `2` = 117L, 
        `3` = 109L, `4` = 86L, `5` = 77L, `6` = 61L, `7` = 43L, 
        `8` = 30L, `9` = 20L, `10` = 23L, `11` = 14L, `12` = 9L, 
        `13` = 7L, `14` = 4L, `15` = 3L, `16` = 1L, `17` = 2L, 
        `18` = 1L, `22` = 1L), .Dim = 19L, .Dimnames = structure(list(
            c("1", "2", "3", "4", "5", "6", "7", "8", "9", "10", 
            "11", "12", "13", "14", "15", "16", "17", "18", "22"
            )), .Names = ""), class = "table"), No.Tag = structure(c(0L, 
        0L, 0L, 10L, 73L, 1L, 2L, 0L, 0L, 0L, 0L, 0L, 0L, 0L, 
        0L, 0L, 0L, 0L, 3L, 0L, 0L), .Dim = c(7L, 3L), .Dimnames = structure(list(
            c("-4", "-3", "-2", "-1", "0", "1", NA), c("A", "T", 
            NA)), .Names = c("", "")), class = "table"), All.Tags = list(
            Concordant = list(Freqs = structure(c(0, 0, 7, 84, 
            533, 0, 0, 0, 0, 1, 1, 0), .Dim = c(6L, 2L), .Dimnames = list(
                c("-4", "-3", "-2", "-1", "0", "1"), c("A", "T"
                ))), N = 626), Majority = list(Freqs = structure(c(0, 
            0, 8, 103, 604, 0, 0, 0, 0, 1, 1, 0), .Dim = c(6L, 
            2L), .Dimnames = list(c("-4", "-3", "-2", "-1", "0", 
            "1"), c("A", "T"))), N = 717)), `2` = structure(c(0, 
        0, 7, 88, 505, 0, 0, 0, 0, 0, 0, 0), .Dim = c(6L, 2L), .Dimnames = list(
            c("-4", "-3", "-2", "-1", "0", "1"), c("A", "T"))))))
