Results <-
list(`bwaOutput/20210421msiMNRsJenny/257605A3_S26.sam` = list(
    LR44_SNP1 = list(All = list(Freqs = structure(c(0L, 0L, 1L, 
    0L, 9L, 0L, 0L, 0L, 0L, 0L, 0L, 1L, 0L, 0L, 2L, 23L, 300L, 
    550L, 1659L, 29L, 6L, 0L, 0L, 1L, 1L, 18L, 0L, 0L), .Dim = c(7L, 
    4L), .Dimnames = structure(list(c("-4", "-3", "-2", "-1", 
    "0", "1", NA), c("C", "G", "T", NA)), .Names = c("", "")), class = "table"), 
        N = 2600L), Tag.Distribution = structure(c(`1` = 101L, 
    `2` = 89L, `3` = 76L, `4` = 71L, `5` = 54L, `6` = 50L, `7` = 51L, 
    `8` = 24L, `9` = 18L, `10` = 18L, `11` = 11L, `12` = 2L, 
    `13` = 4L, `14` = 4L, `16` = 1L), .Dim = 15L, .Dimnames = structure(list(
        c("1", "2", "3", "4", "5", "6", "7", "8", "9", "10", 
        "11", "12", "13", "14", "16")), .Names = ""), class = "table"), 
        No.Tag = structure(c(0L, 0L, 0L, 0L, 0L, 0L, 0L, 0L, 
        0L, 0L, 0L, 0L, 0L, 0L, 0L, 0L, 11L, 23L, 43L, 1L, 1L, 
        0L, 0L, 0L, 0L, 0L, 0L, 0L), .Dim = c(7L, 4L), .Dimnames = structure(list(
            c("-4", "-3", "-2", "-1", "0", "1", NA), c("C", "G", 
            "T", NA)), .Names = c("", "")), class = "table"), 
        All.Tags = list(Concordant = list(Freqs = structure(c(0, 
        0, 1, 0, 3, 0, 0, 0, 0, 0, 1, 0, 0, 3, 52, 82, 274, 3
        ), .Dim = c(6L, 3L), .Dimnames = list(c("-4", "-3", "-2", 
        "-1", "0", "1"), c("C", "G", "T"))), N = 419), Majority = list(
            Freqs = structure(c(0, 0, 1, 0, 3, 0, 0, 0, 0, 0, 
            1, 0, 0, 4, 60, 101, 377, 3), .Dim = c(6L, 3L), .Dimnames = list(
                c("-4", "-3", "-2", "-1", "0", "1"), c("C", "G", 
                "T"))), N = 550)), `2` = structure(c(0, 0, 0, 
        0, 1, 0, 0, 0, 0, 0, 0, 0, 0, 3, 49, 81, 315, 1), .Dim = c(6L, 
        3L), .Dimnames = list(c("-4", "-3", "-2", "-1", "0", 
        "1"), c("C", "G", "T"))))))
