Results <-
list(`bwaOutput/20210421msiMNRsJenny/257605A3_S26.sam` = list(
    GM17_SNP1 = list(All = list(Freqs = structure(c(1L, 178L, 
    1387L, 4L, 2L, 1L, 494L, 1101L, 1L, 2L, 0L, 0L, 10L, 0L, 
    0L), .Dim = c(5L, 3L), .Dimnames = structure(list(c("-2", 
    "-1", "0", "1", NA), c("C", "T", NA)), .Names = c("", "")), class = "table"), 
        N = 3181L), Tag.Distribution = structure(c(`1` = 90L, 
    `2` = 102L, `3` = 93L, `4` = 69L, `5` = 73L, `6` = 52L, `7` = 45L, 
    `8` = 37L, `9` = 30L, `10` = 15L, `11` = 9L, `12` = 11L, 
    `13` = 7L, `14` = 5L, `15` = 3L, `16` = 2L, `17` = 2L, `19` = 1L, 
    `20` = 2L), .Dim = 19L, .Dimnames = structure(list(c("1", 
    "2", "3", "4", "5", "6", "7", "8", "9", "10", "11", "12", 
    "13", "14", "15", "16", "17", "19", "20")), .Names = ""), class = "table"), 
        No.Tag = structure(c(0L, 2L, 23L, 0L, 0L, 0L, 5L, 27L, 
        0L, 1L, 0L, 0L, 4L, 0L, 0L), .Dim = c(5L, 3L), .Dimnames = structure(list(
            c("-2", "-1", "0", "1", NA), c("C", "T", NA)), .Names = c("", 
        "")), class = "table"), All.Tags = list(Concordant = list(
            Freqs = structure(c(0, 31, 254, 0, 0, 92, 194, 0), .Dim = c(4L, 
            2L), .Dimnames = list(c("-2", "-1", "0", "1"), c("C", 
            "T"))), N = 571), Majority = list(Freqs = structure(c(0, 
        37, 289, 0, 0, 99, 215, 0), .Dim = c(4L, 2L), .Dimnames = list(
            c("-2", "-1", "0", "1"), c("C", "T"))), N = 640)), 
        `2` = structure(c(0, 33, 245, 0, 0, 83, 191, 0), .Dim = c(4L, 
        2L), .Dimnames = list(c("-2", "-1", "0", "1"), c("C", 
        "T"))))))
