Results <-
list(`bwaOutput/20210421msiMNRsJenny/257605A3_S26.sam` = list(
    LR10_SNP1 = list(All = list(Freqs = structure(c(1L, 0L, 1L, 
    0L, 0L, 0L, 1L, 1L, 0L, 0L, 333L, 522L, 2112L, 7L, 6L, 3L, 
    2L, 22L, 3L, 0L), .Dim = 5:4, .Dimnames = structure(list(
        c("-2", "-1", "0", "1", NA), c("A", "C", "T", NA)), .Names = c("", 
    "")), class = "table"), N = 3014L), Tag.Distribution = structure(c(`1` = 113L, 
    `2` = 121L, `3` = 96L, `4` = 88L, `5` = 69L, `6` = 48L, `7` = 32L, 
    `8` = 25L, `9` = 32L, `10` = 11L, `11` = 7L, `12` = 4L, `13` = 8L, 
    `14` = 3L, `15` = 1L, `16` = 3L, `17` = 4L, `18` = 2L, `20` = 1L, 
    `24` = 1L), .Dim = 20L, .Dimnames = structure(list(c("1", 
    "2", "3", "4", "5", "6", "7", "8", "9", "10", "11", "12", 
    "13", "14", "15", "16", "17", "18", "20", "24")), .Names = ""), class = "table"), 
        No.Tag = structure(c(0L, 0L, 0L, 0L, 0L, 0L, 0L, 0L, 
        0L, 0L, 20L, 14L, 46L, 0L, 0L, 0L, 0L, 2L, 0L, 0L), .Dim = 5:4, .Dimnames = structure(list(
            c("-2", "-1", "0", "1", NA), c("A", "C", "T", NA)), .Names = c("", 
        "")), class = "table"), All.Tags = list(Concordant = list(
            Freqs = structure(c(0, 0, 0, 0, 0, 1, 1, 0, 65, 101, 
            427, 1), .Dim = 4:3, .Dimnames = list(c("-2", "-1", 
            "0", "1"), c("A", "C", "T"))), N = 596), Majority = list(
            Freqs = structure(c(0, 0, 0, 0, 0, 1, 1, 0, 72, 113, 
            471, 1), .Dim = 4:3, .Dimnames = list(c("-2", "-1", 
            "0", "1"), c("A", "C", "T"))), N = 659)), `2` = structure(c(0, 
        0, 0, 0, 0, 0, 0, 0, 58, 91, 398, 1), .Dim = 4:3, .Dimnames = list(
            c("-2", "-1", "0", "1"), c("A", "C", "T"))))))
