Results <-
list(`bwaOutput/20210421msiMNRsJenny/257605A3_S26.sam` = list(
    IM16_SNP1 = list(All = list(Freqs = structure(c(0L, 15L, 
    1242L, 17L, 1L, 1L, 86L, 1356L, 19L, 0L, 0L, 0L, 24L, 0L, 
    0L), .Dim = c(5L, 3L), .Dimnames = structure(list(c("-2", 
    "-1", "0", "1", "2"), c("A", "G", NA)), .Names = c("", ""
    )), class = "table"), N = 2761L), Tag.Distribution = structure(c(`1` = 115L, 
    `2` = 78L, `3` = 85L, `4` = 86L, `5` = 51L, `6` = 50L, `7` = 45L, 
    `8` = 32L, `9` = 18L, `10` = 8L, `11` = 12L, `12` = 7L, `13` = 6L, 
    `14` = 4L, `15` = 2L, `16` = 3L, `18` = 1L, `20` = 1L), .Dim = 18L, .Dimnames = structure(list(
        c("1", "2", "3", "4", "5", "6", "7", "8", "9", "10", 
        "11", "12", "13", "14", "15", "16", "18", "20")), .Names = ""), class = "table"), 
        No.Tag = structure(c(0L, 0L, 23L, 0L, 0L, 0L, 0L, 0L, 
        30L, 1L, 0L, 0L, 0L, 0L, 3L, 0L, 0L, 0L), .Dim = c(6L, 
        3L), .Dimnames = structure(list(c("-2", "-1", "0", "1", 
        "2", NA), c("A", "G", NA)), .Names = c("", "")), class = "table"), 
        All.Tags = list(Concordant = list(Freqs = structure(c(0, 
        2, 247, 1, 1, 0, 16, 257, 2, 0), .Dim = c(5L, 2L), .Dimnames = list(
            c("-2", "-1", "0", "1", "2"), c("A", "G"))), N = 526), 
            Majority = list(Freqs = structure(c(0, 2, 278, 1, 
            1, 0, 20, 284, 3, 0), .Dim = c(5L, 2L), .Dimnames = list(
                c("-2", "-1", "0", "1", "2"), c("A", "G"))), 
                N = 589)), `2` = structure(c(0, 2, 223, 0, 0, 
        0, 17, 235, 3, 0), .Dim = c(5L, 2L), .Dimnames = list(
            c("-2", "-1", "0", "1", "2"), c("A", "G"))))))
