Results <-
list(`bwaOutput/20210421msiMNRsJenny/257605A3_S26.sam` = list(
    LR17_SNP1 = list(All = list(Freqs = structure(c(16L, 830L, 
    3548L, 100L, 42L, 0L, 0L, 1L, 0L, 0L, 0L, 3L, 86L, 1L, 0L
    ), .Dim = c(5L, 3L), .Dimnames = structure(list(c("-2", "-1", 
    "0", "1", NA), c("A", "G", NA)), .Names = c("", "")), class = "table"), 
        N = 4627L), Tag.Distribution = structure(c(`1` = 151L, 
    `2` = 143L, `3` = 107L, `4` = 105L, `5` = 78L, `6` = 83L, 
    `7` = 72L, `8` = 38L, `9` = 39L, `10` = 32L, `11` = 26L, 
    `12` = 14L, `13` = 12L, `14` = 2L, `15` = 4L, `16` = 2L, 
    `17` = 4L, `18` = 2L, `22` = 1L, `23` = 1L), .Dim = 20L, .Dimnames = structure(list(
        c("1", "2", "3", "4", "5", "6", "7", "8", "9", "10", 
        "11", "12", "13", "14", "15", "16", "17", "18", "22", 
        "23")), .Names = ""), class = "table"), No.Tag = structure(c(1L, 
    34L, 148L, 1L, 6L, 0L, 0L, 0L, 0L, 0L, 0L, 0L, 13L, 0L, 0L
    ), .Dim = c(5L, 3L), .Dimnames = structure(list(c("-2", "-1", 
    "0", "1", NA), c("A", "G", NA)), .Names = c("", "")), class = "table"), 
        All.Tags = list(Concordant = list(Freqs = structure(c(0, 
        131, 593, 7, 0, 0, 0, 0), .Dim = c(4L, 2L), .Dimnames = list(
            c("-2", "-1", "0", "1"), c("A", "G"))), N = 731), 
            Majority = list(Freqs = structure(c(0, 158, 717, 
            14, 0, 0, 0, 0), .Dim = c(4L, 2L), .Dimnames = list(
                c("-2", "-1", "0", "1"), c("A", "G"))), N = 889)), 
        `2` = structure(c(0, 129, 605, 12, 0, 0, 0, 0), .Dim = c(4L, 
        2L), .Dimnames = list(c("-2", "-1", "0", "1"), c("A", 
        "G"))))))
