Results <-
list(`bwaOutput/20210421msiMNRsJenny/257605A3_S26.sam` = list(
    LR24_SNP1 = list(All = list(Freqs = structure(c(0L, 0L, 0L, 
    1L, 0L, 0L, 0L, 0L, 0L, 15L, 0L, 0L, 1L, 3L, 246L, 5431L, 
    11L, 3L, 0L, 0L, 0L, 5L, 0L, 0L, 0L, 0L, 0L, 26L, 0L, 0L), .Dim = 6:5, .Dimnames = structure(list(
        c("-3", "-2", "-1", "0", "1", NA), c("-", "A", "G", "T", 
        NA)), .Names = c("", "")), class = "table"), N = 5742L), 
        Tag.Distribution = structure(c(`1` = 456L, `2` = 295L, 
        `3` = 254L, `4` = 190L, `5` = 119L, `6` = 108L, `7` = 71L, 
        `8` = 33L, `9` = 39L, `10` = 18L, `11` = 11L, `12` = 9L, 
        `13` = 5L, `14` = 3L, `15` = 4L, `16` = 2L, `17` = 3L, 
        `20` = 2L, `23` = 1L), .Dim = 19L, .Dimnames = structure(list(
            c("1", "2", "3", "4", "5", "6", "7", "8", "9", "10", 
            "11", "12", "13", "14", "15", "16", "17", "20", "23"
            )), .Names = ""), class = "table"), No.Tag = structure(c(0L, 
        0L, 0L, 0L, 0L, 0L, 0L, 0L, 0L, 0L, 0L, 0L, 0L, 0L, 9L, 
        87L, 1L, 0L, 0L, 0L, 0L, 0L, 0L, 0L, 0L, 0L, 0L, 0L, 
        0L, 0L), .Dim = 6:5, .Dimnames = structure(list(c("-3", 
        "-2", "-1", "0", "1", NA), c("-", "A", "G", "T", NA)), .Names = c("", 
        "")), class = "table"), All.Tags = list(Concordant = list(
            Freqs = structure(c(0, 0, 0, 0, 0, 0, 0, 0, 3, 0, 
            0, 0, 42, 1488, 2, 0, 0, 0, 1, 0), .Dim = 5:4, .Dimnames = list(
                c("-3", "-2", "-1", "0", "1"), c("-", "A", "G", 
                "T"))), N = 1536), Majority = list(Freqs = structure(c(0, 
        0, 0, 0, 0, 0, 0, 0, 3, 0, 0, 0, 57, 1543, 2, 0, 0, 0, 
        1, 0), .Dim = 5:4, .Dimnames = list(c("-3", "-2", "-1", 
        "0", "1"), c("-", "A", "G", "T"))), N = 1606)), `2` = structure(c(0, 
        0, 0, 0, 0, 0, 0, 0, 3, 0, 0, 0, 34, 1116, 0, 0, 0, 0, 
        1, 0), .Dim = 5:4, .Dimnames = list(c("-3", "-2", "-1", 
        "0", "1"), c("-", "A", "G", "T"))))))
