Results <-
list(`bwaOutput/20210421msiMNRsJenny/258136A4_S33.sam` = list(
    LR36_SNP1 = list(All = list(Freqs = structure(c(0L, 9L, 299L, 
    931L, 254L, 3L, 1L, 14L, 1L, 4L, 123L, 944L, 139L, 0L, 0L, 
    8L, 0L, 0L, 3L, 40L, 2L, 0L, 0L, 0L), .Dim = c(8L, 3L), .Dimnames = structure(list(
        c("-3", "-2", "-1", "0", "1", "2", "3", NA), c("A", "T", 
        NA)), .Names = c("", "")), class = "table"), N = 2775L), 
        Tag.Distribution = structure(c(`1` = 103L, `2` = 84L, 
        `3` = 89L, `4` = 79L, `5` = 51L, `6` = 43L, `7` = 35L, 
        `8` = 28L, `9` = 14L, `10` = 16L, `11` = 11L, `12` = 8L, 
        `13` = 6L, `14` = 7L, `15` = 3L, `16` = 3L, `18` = 1L, 
        `20` = 1L, `22` = 1L, `23` = 1L), .Dim = 20L, .Dimnames = structure(list(
            c("1", "2", "3", "4", "5", "6", "7", "8", "9", "10", 
            "11", "12", "13", "14", "15", "16", "18", "20", "22", 
            "23")), .Names = ""), class = "table"), No.Tag = structure(c(0L, 
        1L, 11L, 29L, 10L, 0L, 0L, 1L, 0L, 0L, 1L, 23L, 7L, 0L, 
        0L, 0L, 0L, 0L, 0L, 0L, 1L, 0L, 0L, 0L), .Dim = c(8L, 
        3L), .Dimnames = structure(list(c("-3", "-2", "-1", "0", 
        "1", "2", "3", NA), c("A", "T", NA)), .Names = c("", 
        "")), class = "table"), All.Tags = list(Concordant = list(
            Freqs = structure(c(0, 2, 60, 160, 37, 0, 0, 0, 0, 
            18, 176, 22, 0, 0), .Dim = c(7L, 2L), .Dimnames = list(
                c("-3", "-2", "-1", "0", "1", "2", "3"), c("A", 
                "T"))), N = 475), Majority = list(Freqs = structure(c(0, 
        2, 69, 193, 47, 0, 0, 0, 0, 22, 209, 27, 0, 0), .Dim = c(7L, 
        2L), .Dimnames = list(c("-3", "-2", "-1", "0", "1", "2", 
        "3"), c("A", "T"))), N = 569)), `2` = structure(c(0, 
        0, 52, 161, 43, 0, 0, 0, 0, 18, 176, 21, 0, 0), .Dim = c(7L, 
        2L), .Dimnames = list(c("-3", "-2", "-1", "0", "1", "2", 
        "3"), c("A", "T"))))))
