Results <-
list(`bwaOutput/20210421msiMNRsJenny/258136A4_S33.sam` = list(
    IM49_SNP1 = list(All = list(Freqs = structure(c(0L, 0L, 0L, 
    1L, 0L, 0L, 1L, 273L, 649L, 1286L, 23L, 17L, 0L, 0L, 0L, 
    1L, 0L, 0L, 0L, 1L, 6L, 19L, 0L, 0L), .Dim = c(6L, 4L), .Dimnames = structure(list(
        c("-3", "-2", "-1", "0", "1", NA), c("A", "C", "G", NA
        )), .Names = c("", "")), class = "table"), N = 2277L), 
        Tag.Distribution = structure(c(`1` = 117L, `2` = 92L, 
        `3` = 83L, `4` = 64L, `5` = 44L, `6` = 32L, `7` = 38L, 
        `8` = 17L, `9` = 23L, `10` = 13L, `11` = 5L, `12` = 6L, 
        `13` = 5L, `15` = 3L), .Dim = 14L, .Dimnames = structure(list(
            c("1", "2", "3", "4", "5", "6", "7", "8", "9", "10", 
            "11", "12", "13", "15")), .Names = ""), class = "table"), 
        No.Tag = structure(c(0L, 0L, 0L, 0L, 0L, 0L, 0L, 21L, 
        17L, 40L, 0L, 1L, 0L, 0L, 0L, 0L, 0L, 0L, 0L, 1L, 1L, 
        2L, 0L, 0L), .Dim = c(6L, 4L), .Dimnames = structure(list(
            c("-3", "-2", "-1", "0", "1", NA), c("A", "C", "G", 
            NA)), .Names = c("", "")), class = "table"), All.Tags = list(
            Concordant = list(Freqs = structure(c(0, 0, 0, 0, 
            0, 0, 59, 139, 261, 1, 0, 0, 0, 0, 0), .Dim = c(5L, 
            3L), .Dimnames = list(c("-3", "-2", "-1", "0", "1"
            ), c("A", "C", "G"))), N = 460), Majority = list(
                Freqs = structure(c(0, 0, 0, 0, 0, 0, 60, 165, 
                302, 1, 0, 0, 0, 0, 0), .Dim = c(5L, 3L), .Dimnames = list(
                  c("-3", "-2", "-1", "0", "1"), c("A", "C", 
                  "G"))), N = 528)), `2` = structure(c(0, 0, 
        0, 0, 0, 0, 48, 126, 243, 0, 0, 0, 0, 0, 0), .Dim = c(5L, 
        3L), .Dimnames = list(c("-3", "-2", "-1", "0", "1"), 
            c("A", "C", "G"))))))
