Results <-
list(`bwaOutput/20210421msiMNRsJenny/258136A4_S33.sam` = list(
    GM07_SNP1 = list(All = list(Freqs = structure(c(11L, 741L, 
    265L, 1123L, 27L, 1L, 1L, 18L, 0L, 0L, 14L, 0L, 0L, 0L, 0L, 
    0L, 0L, 0L, 0L, 6L, 0L, 0L, 0L, 0L), .Dim = c(8L, 3L), .Dimnames = structure(list(
        c("-3", "-2", "-1", "0", "1", "2", "3", NA), c("A", "G", 
        NA)), .Names = c("", "")), class = "table"), N = 2207L), 
        Tag.Distribution = structure(c(`1` = 89L, `2` = 78L, 
        `3` = 76L, `4` = 50L, `5` = 44L, `6` = 38L, `7` = 35L, 
        `8` = 18L, `9` = 24L, `10` = 14L, `11` = 5L, `12` = 5L, 
        `13` = 1L, `14` = 2L, `16` = 1L, `17` = 1L, `18` = 2L, 
        `21` = 1L, `31` = 1L), .Dim = 19L, .Dimnames = structure(list(
            c("1", "2", "3", "4", "5", "6", "7", "8", "9", "10", 
            "11", "12", "13", "14", "16", "17", "18", "21", "31"
            )), .Names = ""), class = "table"), No.Tag = structure(c(0L, 
        16L, 18L, 28L, 1L, 0L, 0L, 1L, 0L, 0L, 0L, 0L, 0L, 0L, 
        0L, 0L, 0L, 0L, 0L, 0L, 0L, 0L, 0L, 0L), .Dim = c(8L, 
        3L), .Dimnames = structure(list(c("-3", "-2", "-1", "0", 
        "1", "2", "3", NA), c("A", "G", NA)), .Names = c("", 
        "")), class = "table"), All.Tags = list(Concordant = list(
            Freqs = structure(c(2, 148, 40, 209, 0, 0, 0, 0, 
            0, 2, 0, 0, 0, 0), .Dim = c(7L, 2L), .Dimnames = list(
                c("-3", "-2", "-1", "0", "1", "2", "3"), c("A", 
                "G"))), N = 401), Majority = list(Freqs = structure(c(2, 
        157, 47, 264, 0, 0, 0, 0, 0, 2, 0, 0, 0, 0), .Dim = c(7L, 
        2L), .Dimnames = list(c("-3", "-2", "-1", "0", "1", "2", 
        "3"), c("A", "G"))), N = 472)), `2` = structure(c(2, 
        127, 34, 219, 0, 0, 0, 0, 0, 2, 0, 0, 0, 0), .Dim = c(7L, 
        2L), .Dimnames = list(c("-3", "-2", "-1", "0", "1", "2", 
        "3"), c("A", "G"))))))
