Results <-
list(`bwaOutput/20210421msiMNRsJenny/258136A4_S33.sam` = list(
    LR17_SNP1 = list(All = list(Freqs = structure(c(4L, 285L, 
    1585L, 2009L, 33L, 36L, 0L, 0L, 0L, 1L, 0L, 0L, 0L, 0L, 24L, 
    61L, 0L, 0L), .Dim = c(6L, 3L), .Dimnames = structure(list(
        c("-3", "-2", "-1", "0", "1", NA), c("A", "G", NA)), .Names = c("", 
    "")), class = "table"), N = 4038L), Tag.Distribution = structure(c(`1` = 109L, 
    `2` = 108L, `3` = 108L, `4` = 81L, `5` = 75L, `6` = 73L, 
    `7` = 63L, `8` = 42L, `9` = 34L, `10` = 28L, `11` = 17L, 
    `12` = 14L, `13` = 12L, `14` = 6L, `15` = 4L, `16` = 3L, 
    `18` = 1L, `20` = 3L), .Dim = 18L, .Dimnames = structure(list(
        c("1", "2", "3", "4", "5", "6", "7", "8", "9", "10", 
        "11", "12", "13", "14", "15", "16", "18", "20")), .Names = ""), class = "table"), 
        No.Tag = structure(c(0L, 3L, 48L, 53L, 0L, 1L, 0L, 0L, 
        0L, 0L, 0L, 0L, 0L, 0L, 1L, 2L, 0L, 0L), .Dim = c(6L, 
        3L), .Dimnames = structure(list(c("-3", "-2", "-1", "0", 
        "1", NA), c("A", "G", NA)), .Names = c("", "")), class = "table"), 
        All.Tags = list(Concordant = list(Freqs = structure(c(0, 
        42, 258, 335, 1, 0, 0, 0, 0, 0), .Dim = c(5L, 2L), .Dimnames = list(
            c("-3", "-2", "-1", "0", "1"), c("A", "G"))), N = 636), 
            Majority = list(Freqs = structure(c(0, 49, 296, 410, 
            1, 0, 0, 0, 0, 0), .Dim = c(5L, 2L), .Dimnames = list(
                c("-3", "-2", "-1", "0", "1"), c("A", "G"))), 
                N = 756)), `2` = structure(c(0, 43, 257, 353, 
        0, 0, 0, 0, 0, 0), .Dim = c(5L, 2L), .Dimnames = list(
            c("-3", "-2", "-1", "0", "1"), c("A", "G"))))))
