Results <-
list(`bwaOutput/20210421msiMNRsJenny/258136A4_S33.sam` = list(
    LR48_SNP1 = list(All = list(Freqs = structure(c(1L, 158L, 
    664L, 717L, 12L, 9L, 1L, 250L, 298L, 745L, 18L, 6L, 0L, 2L, 
    3L, 12L, 0L, 0L), .Dim = c(6L, 3L), .Dimnames = structure(list(
        c("-3", "-2", "-1", "0", "1", NA), c("C", "T", NA)), .Names = c("", 
    "")), class = "table"), N = 2896L), Tag.Distribution = structure(c(`1` = 46L, 
    `2` = 28L, `3` = 40L, `4` = 54L, `5` = 39L, `6` = 38L, `7` = 27L, 
    `8` = 29L, `9` = 32L, `10` = 25L, `11` = 23L, `12` = 13L, 
    `13` = 8L, `14` = 7L, `15` = 4L, `16` = 4L, `17` = 3L, `18` = 3L, 
    `19` = 2L, `20` = 1L, `21` = 1L, `22` = 1L, `25` = 1L, `29` = 1L, 
    `32` = 1L), .Dim = 25L, .Dimnames = structure(list(c("1", 
    "2", "3", "4", "5", "6", "7", "8", "9", "10", "11", "12", 
    "13", "14", "15", "16", "17", "18", "19", "20", "21", "22", 
    "25", "29", "32")), .Names = ""), class = "table"), No.Tag = structure(c(0L, 
    1L, 17L, 4L, 0L, 2L, 0L, 1L, 2L, 20L, 1L, 1L, 0L, 0L, 0L, 
    0L, 0L, 0L), .Dim = c(6L, 3L), .Dimnames = structure(list(
        c("-3", "-2", "-1", "0", "1", NA), c("C", "T", NA)), .Names = c("", 
    "")), class = "table"), All.Tags = list(Concordant = list(
        Freqs = structure(c(0, 15, 69, 91, 0, 1, 34, 41, 81, 
        0), .Dim = c(5L, 2L), .Dimnames = list(c("-3", "-2", 
        "-1", "0", "1"), c("C", "T"))), N = 332), Majority = list(
        Freqs = structure(c(0, 20, 85, 119, 0, 1, 37, 50, 114, 
        0), .Dim = c(5L, 2L), .Dimnames = list(c("-3", "-2", 
        "-1", "0", "1"), c("C", "T"))), N = 426)), `2` = structure(c(0, 
    19, 79, 103, 0, 0, 33, 43, 105, 0), .Dim = c(5L, 2L), .Dimnames = list(
        c("-3", "-2", "-1", "0", "1"), c("C", "T"))))))
