Results <-
list(`bwaOutput/20210421msiMNRsJenny/258136A4_S33.sam` = list(
    DEPDC2_SNP1 = list(All = list(Freqs = structure(c(0L, 0L, 
    1L, 0L, 0L, 0L, 0L, 2L, 0L, 0L, 1L, 655L, 1986L, 188L, 169L, 
    0L, 6L, 65L, 4L, 0L), .Dim = 5:4, .Dimnames = structure(list(
        c("-2", "-1", "0", "1", NA), c("A", "C", "T", NA)), .Names = c("", 
    "")), class = "table"), N = 3077L), Tag.Distribution = structure(c(`1` = 162L, 
    `2` = 124L, `3` = 116L, `4` = 100L, `5` = 65L, `6` = 68L, 
    `7` = 36L, `8` = 23L, `9` = 17L, `10` = 16L, `11` = 5L, `12` = 6L, 
    `13` = 4L, `14` = 2L, `15` = 5L, `16` = 3L, `19` = 1L), .Dim = 17L, .Dimnames = structure(list(
        c("1", "2", "3", "4", "5", "6", "7", "8", "9", "10", 
        "11", "12", "13", "14", "15", "16", "19")), .Names = ""), class = "table"), 
        No.Tag = structure(c(0L, 0L, 1L, 0L, 0L, 0L, 0L, 0L, 
        0L, 0L, 0L, 26L, 40L, 1L, 11L, 0L, 0L, 9L, 0L, 0L), .Dim = 5:4, .Dimnames = structure(list(
            c("-2", "-1", "0", "1", NA), c("A", "C", "T", NA)), .Names = c("", 
        "")), class = "table"), All.Tags = list(Concordant = list(
            Freqs = structure(c(0, 0, 0, 0, 0, 0, 0, 0, 0, 130, 
            471, 54), .Dim = 4:3, .Dimnames = list(c("-2", "-1", 
            "0", "1"), c("A", "C", "T"))), N = 655), Majority = list(
            Freqs = structure(c(0, 0, 0, 0, 0, 0, 0, 0, 0, 144, 
            511, 63), .Dim = 4:3, .Dimnames = list(c("-2", "-1", 
            "0", "1"), c("A", "C", "T"))), N = 718)), `2` = structure(c(0, 
        0, 0, 0, 0, 0, 0, 0, 0, 120, 403, 52), .Dim = 4:3, .Dimnames = list(
            c("-2", "-1", "0", "1"), c("A", "C", "T"))))))
