Results <-
list(`bwaOutput/20210421msiMNRsJenny/258136A4_S33.sam` = list(
    GM09_SNP1 = list(All = list(Freqs = structure(c(0L, 15L, 
    1941L, 11L, 1L, 7L, 795L, 931L, 4L, 2L, 0L, 3L, 9L, 0L, 0L
    ), .Dim = c(5L, 3L), .Dimnames = structure(list(c("-2", "-1", 
    "0", "1", NA), c("A", "G", NA)), .Names = c("", "")), class = "table"), 
        N = 3719L), Tag.Distribution = structure(c(`1` = 123L, 
    `2` = 110L, `3` = 92L, `4` = 70L, `5` = 88L, `6` = 58L, `7` = 46L, 
    `8` = 47L, `9` = 33L, `10` = 22L, `11` = 17L, `12` = 11L, 
    `13` = 4L, `14` = 7L, `15` = 5L, `16` = 4L, `17` = 3L, `18` = 2L, 
    `19` = 1L, `20` = 1L, `33` = 1L), .Dim = 21L, .Dimnames = structure(list(
        c("1", "2", "3", "4", "5", "6", "7", "8", "9", "10", 
        "11", "12", "13", "14", "15", "16", "17", "18", "19", 
        "20", "33")), .Names = ""), class = "table"), No.Tag = structure(c(0L, 
    0L, 29L, 0L, 0L, 0L, 6L, 14L, 0L, 0L, 0L, 0L, 1L, 0L, 0L), .Dim = c(5L, 
    3L), .Dimnames = structure(list(c("-2", "-1", "0", "1", NA
    ), c("A", "G", NA)), .Names = c("", "")), class = "table"), 
        All.Tags = list(Concordant = list(Freqs = structure(c(0, 
        2, 346, 2, 1, 132, 163, 0), .Dim = c(4L, 2L), .Dimnames = list(
            c("-2", "-1", "0", "1"), c("A", "G"))), N = 646), 
            Majority = list(Freqs = structure(c(0, 2, 383, 2, 
            1, 153, 190, 0), .Dim = c(4L, 2L), .Dimnames = list(
                c("-2", "-1", "0", "1"), c("A", "G"))), N = 731)), 
        `2` = structure(c(0, 1, 320, 2, 1, 128, 160, 0), .Dim = c(4L, 
        2L), .Dimnames = list(c("-2", "-1", "0", "1"), c("A", 
        "G"))))))
