Results <-
list(`bwaOutput/20210421msiMNRsJenny/258136A4_S33.sam` = list(
    LR52_SNP1 = list(All = list(Freqs = structure(c(0L, 23L, 
    237L, 422L, 654L, 6L, 15L, 4L, 300L, 125L, 49L, 654L, 9L, 
    2L, 0L, 0L, 1L, 6L, 47L, 0L, 0L), .Dim = c(7L, 3L), .Dimnames = structure(list(
        c("-4", "-3", "-2", "-1", "0", "1", NA), c("C", "T", 
        NA)), .Names = c("", "")), class = "table"), N = 2554L), 
        Tag.Distribution = structure(c(`1` = 71L, `2` = 71L, 
        `3` = 62L, `4` = 72L, `5` = 52L, `6` = 50L, `7` = 36L, 
        `8` = 33L, `9` = 23L, `10` = 19L, `11` = 10L, `12` = 3L, 
        `13` = 4L, `14` = 4L, `15` = 2L, `16` = 1L, `21` = 1L, 
        `23` = 1L), .Dim = 18L, .Dimnames = structure(list(c("1", 
        "2", "3", "4", "5", "6", "7", "8", "9", "10", "11", "12", 
        "13", "14", "15", "16", "21", "23")), .Names = ""), class = "table"), 
        No.Tag = structure(c(0L, 0L, 5L, 16L, 11L, 0L, 0L, 0L, 
        0L, 4L, 1L, 9L, 0L, 0L, 0L, 0L, 0L, 0L, 4L, 0L, 0L), .Dim = c(7L, 
        3L), .Dimnames = structure(list(c("-4", "-3", "-2", "-1", 
        "0", "1", NA), c("C", "T", NA)), .Names = c("", "")), class = "table"), 
        All.Tags = list(Concordant = list(Freqs = structure(c(0, 
        1, 23, 53, 91, 0, 2, 57, 26, 2, 101, 1), .Dim = c(6L, 
        2L), .Dimnames = list(c("-4", "-3", "-2", "-1", "0", 
        "1"), c("C", "T"))), N = 357), Majority = list(Freqs = structure(c(0, 
        2, 37, 79, 136, 0, 2, 63, 30, 4, 142, 1), .Dim = c(6L, 
        2L), .Dimnames = list(c("-4", "-3", "-2", "-1", "0", 
        "1"), c("C", "T"))), N = 496)), `2` = structure(c(0, 
        2, 35, 63, 115, 0, 0, 56, 25, 2, 130, 0), .Dim = c(6L, 
        2L), .Dimnames = list(c("-4", "-3", "-2", "-1", "0", 
        "1"), c("C", "T"))))))
