Results <-
list(`bwaOutput/20210421msiMNRsJenny/258136A4_S33.sam` = list(
    LR24_SNP1 = list(All = list(Freqs = structure(c(0L, 110L, 
    2170L, 5L, 2L, 79L, 783L, 1190L, 0L, 2L, 0L, 0L, 10L, 0L, 
    0L), .Dim = c(5L, 3L), .Dimnames = structure(list(c("-2", 
    "-1", "0", "1", NA), c("A", "G", NA)), .Names = c("", "")), class = "table"), 
        N = 4351L), Tag.Distribution = structure(c(`1` = 447L, 
    `2` = 276L, `3` = 217L, `4` = 139L, `5` = 110L, `6` = 66L, 
    `7` = 35L, `8` = 23L, `9` = 16L, `10` = 12L, `11` = 16L, 
    `12` = 6L, `13` = 4L, `14` = 2L, `15` = 1L, `17` = 1L, `20` = 2L, 
    `26` = 1L), .Dim = 18L, .Dimnames = structure(list(c("1", 
    "2", "3", "4", "5", "6", "7", "8", "9", "10", "11", "12", 
    "13", "14", "15", "17", "20", "26")), .Names = ""), class = "table"), 
        No.Tag = structure(c(0L, 2L, 36L, 0L, 0L, 1L, 21L, 20L, 
        0L, 0L, 0L, 0L, 0L, 0L, 0L), .Dim = c(5L, 3L), .Dimnames = structure(list(
            c("-2", "-1", "0", "1", NA), c("A", "G", NA)), .Names = c("", 
        "")), class = "table"), All.Tags = list(Concordant = list(
            Freqs = structure(c(0, 26, 582, 1, 20, 211, 316, 
            0), .Dim = c(4L, 2L), .Dimnames = list(c("-2", "-1", 
            "0", "1"), c("A", "G"))), N = 1156), Majority = list(
            Freqs = structure(c(0, 29, 657, 1, 25, 251, 362, 
            0), .Dim = c(4L, 2L), .Dimnames = list(c("-2", "-1", 
            "0", "1"), c("A", "G"))), N = 1325)), `2` = structure(c(0, 
        17, 440, 0, 18, 170, 236, 0), .Dim = c(4L, 2L), .Dimnames = list(
            c("-2", "-1", "0", "1"), c("A", "G"))))))
