Results <-
list(`bwaOutput/20210421msiMNRsJenny/258136A4_S33.sam` = list(
    LR44_SNP1 = list(All = list(Freqs = structure(c(0L, 1L, 0L, 
    8L, 0L, 0L, 104L, 448L, 515L, 970L, 16L, 14L, 4L, 2L, 12L, 
    20L, 2L, 0L, 0L, 1L, 1L, 14L, 0L, 0L), .Dim = c(6L, 4L), .Dimnames = structure(list(
        c("-3", "-2", "-1", "0", "1", NA), c("-", "C", "T", NA
        )), .Names = c("", "")), class = "table"), N = 2132L), 
        Tag.Distribution = structure(c(`1` = 71L, `2` = 65L, 
        `3` = 85L, `4` = 65L, `5` = 53L, `6` = 32L, `7` = 30L, 
        `8` = 13L, `9` = 21L, `10` = 7L, `11` = 8L, `12` = 5L, 
        `13` = 5L, `14` = 4L, `15` = 2L, `16` = 2L), .Dim = 16L, .Dimnames = structure(list(
            c("1", "2", "3", "4", "5", "6", "7", "8", "9", "10", 
            "11", "12", "13", "14", "15", "16")), .Names = ""), class = "table"), 
        No.Tag = structure(c(0L, 0L, 0L, 0L, 0L, 0L, 12L, 14L, 
        4L, 21L, 0L, 2L, 0L, 0L, 0L, 0L, 0L, 0L, 0L, 0L, 1L, 
        1L, 0L, 0L), .Dim = c(6L, 4L), .Dimnames = structure(list(
            c("-3", "-2", "-1", "0", "1", NA), c("-", "C", "T", 
            NA)), .Names = c("", "")), class = "table"), All.Tags = list(
            Concordant = list(Freqs = structure(c(0, 0, 0, 0, 
            0, 19, 76, 78, 184, 1, 1, 0, 1, 4, 0), .Dim = c(5L, 
            3L), .Dimnames = list(c("-3", "-2", "-1", "0", "1"
            ), c("-", "C", "T"))), N = 364), Majority = list(
                Freqs = structure(c(0, 0, 0, 1, 0, 21, 88, 101, 
                232, 2, 1, 0, 1, 7, 0), .Dim = c(5L, 3L), .Dimnames = list(
                  c("-3", "-2", "-1", "0", "1"), c("-", "C", 
                  "T"))), N = 454)), `2` = structure(c(0, 0, 
        0, 1, 0, 18, 79, 86, 192, 1, 1, 0, 1, 6, 0), .Dim = c(5L, 
        3L), .Dimnames = list(c("-3", "-2", "-1", "0", "1"), 
            c("-", "C", "T"))))))
