Results <-
list(`bwaOutput/20210421msiMNRsJenny/259406A7_S2.sam` = list(
    LR10_SNP1 = list(All = list(Freqs = structure(c(7L, 760L, 
    952L, 10L, 2L, 9L, 0L, 22L, 1798L, 11L, 0L, 1L, 0L, 3L, 23L, 
    0L, 0L, 0L), .Dim = c(6L, 3L), .Dimnames = structure(list(
        c("-2", "-1", "0", "1", "2", NA), c("C", "T", NA)), .Names = c("", 
    "")), class = "table"), N = 3598L), Tag.Distribution = structure(c(`1` = 241L, 
    `2` = 179L, `3` = 162L, `4` = 119L, `5` = 83L, `6` = 62L, 
    `7` = 45L, `8` = 29L, `9` = 20L, `10` = 12L, `11` = 9L, `12` = 3L, 
    `13` = 2L, `14` = 3L, `16` = 1L, `17` = 3L, `21` = 1L, `23` = 1L
    ), .Dim = 18L, .Dimnames = structure(list(c("1", "2", "3", 
    "4", "5", "6", "7", "8", "9", "10", "11", "12", "13", "14", 
    "16", "17", "21", "23")), .Names = ""), class = "table"), 
        No.Tag = structure(c(0L, 18L, 25L, 0L, 0L, 1L, 0L, 0L, 
        42L, 1L, 0L, 0L, 0L, 0L, 2L, 0L, 0L, 0L), .Dim = c(6L, 
        3L), .Dimnames = structure(list(c("-2", "-1", "0", "1", 
        "2", NA), c("C", "T", NA)), .Names = c("", "")), class = "table"), 
        All.Tags = list(Concordant = list(Freqs = structure(c(3, 
        146, 213, 1, 0, 0, 0, 438, 0, 0), .Dim = c(5L, 2L), .Dimnames = list(
            c("-2", "-1", "0", "1", "2"), c("C", "T"))), N = 801), 
            Majority = list(Freqs = structure(c(3, 178, 256, 
            2, 0, 0, 1, 500, 0, 0), .Dim = c(5L, 2L), .Dimnames = list(
                c("-2", "-1", "0", "1", "2"), c("C", "T"))), 
                N = 940)), `2` = structure(c(2, 138, 192, 1, 
        0, 0, 1, 368, 0, 0), .Dim = c(5L, 2L), .Dimnames = list(
            c("-2", "-1", "0", "1", "2"), c("C", "T"))))))
