Results <-
list(`bwaOutput/20210421msiMNRsJenny/259406A7_S2.sam` = list(
    GM26_SNP1 = list(All = list(Freqs = structure(c(0L, 8L, 920L, 
    2L, 1L, 1L, 395L, 599L, 2L, 5L, 0L, 1L, 1L, 0L, 0L, 0L, 2L, 
    13L, 0L, 0L), .Dim = 5:4, .Dimnames = structure(list(c("-2", 
    "-1", "0", "1", NA), c("A", "G", "T", NA)), .Names = c("", 
    "")), class = "table"), N = 1950L), Tag.Distribution = structure(c(`1` = 138L, 
    `2` = 128L, `3` = 91L, `4` = 66L, `5` = 52L, `6` = 35L, `7` = 19L, 
    `8` = 14L, `9` = 9L, `10` = 4L, `11` = 4L, `12` = 1L, `13` = 1L, 
    `15` = 2L, `16` = 1L, `18` = 1L), .Dim = 16L, .Dimnames = structure(list(
        c("1", "2", "3", "4", "5", "6", "7", "8", "9", "10", 
        "11", "12", "13", "15", "16", "18")), .Names = ""), class = "table"), 
        No.Tag = structure(c(0L, 0L, 28L, 0L, 0L, 0L, 3L, 19L, 
        0L, 0L, 0L, 0L, 0L, 0L, 0L, 0L, 0L, 0L, 0L, 0L), .Dim = 5:4, .Dimnames = structure(list(
            c("-2", "-1", "0", "1", NA), c("A", "G", "T", NA)), .Names = c("", 
        "")), class = "table"), All.Tags = list(Concordant = list(
            Freqs = structure(c(0, 1, 256, 0, 0, 100, 164, 0, 
            0, 1, 0, 0), .Dim = 4:3, .Dimnames = list(c("-2", 
            "-1", "0", "1"), c("A", "G", "T"))), N = 522), Majority = list(
            Freqs = structure(c(0, 1, 269, 0, 0, 107, 175, 0, 
            0, 1, 0, 0), .Dim = 4:3, .Dimnames = list(c("-2", 
            "-1", "0", "1"), c("A", "G", "T"))), N = 553)), `2` = structure(c(0, 
        0, 208, 0, 0, 84, 129, 0, 0, 0, 0, 0), .Dim = 4:3, .Dimnames = list(
            c("-2", "-1", "0", "1"), c("A", "G", "T"))))))
