Results <-
list(`bwaOutput/20210421msiMNRsJenny/259406A7_S2.sam` = list(
    GM07_SNP1 = list(All = list(Freqs = structure(c(0L, 80L, 
    488L, 809L, 20L, 1L, 12L, 20L, 925L, 34L, 635L, 21L, 0L, 
    12L, 0L, 1L, 1L, 8L, 0L, 0L, 0L), .Dim = c(7L, 3L), .Dimnames = structure(list(
        c("-3", "-2", "-1", "0", "1", "2", NA), c("A", "G", NA
        )), .Names = c("", "")), class = "table"), N = 3067L), 
        Tag.Distribution = structure(c(`1` = 206L, `2` = 183L, 
        `3` = 138L, `4` = 88L, `5` = 73L, `6` = 59L, `7` = 36L, 
        `8` = 21L, `9` = 11L, `10` = 13L, `11` = 4L, `12` = 4L, 
        `13` = 1L, `14` = 5L, `15` = 1L, `16` = 2L, `17` = 1L, 
        `19` = 1L), .Dim = 18L, .Dimnames = structure(list(c("1", 
        "2", "3", "4", "5", "6", "7", "8", "9", "10", "11", "12", 
        "13", "14", "15", "16", "17", "19")), .Names = ""), class = "table"), 
        No.Tag = structure(c(0L, 1L, 11L, 38L, 1L, 0L, 1L, 1L, 
        32L, 1L, 13L, 0L, 0L, 3L, 0L, 0L, 0L, 1L, 0L, 0L, 0L), .Dim = c(7L, 
        3L), .Dimnames = structure(list(c("-3", "-2", "-1", "0", 
        "1", "2", NA), c("A", "G", NA)), .Names = c("", "")), class = "table"), 
        All.Tags = list(Concordant = list(Freqs = structure(c(0, 
        10, 98, 172, 3, 0, 3, 231, 6, 152, 2, 0), .Dim = c(6L, 
        2L), .Dimnames = list(c("-3", "-2", "-1", "0", "1", "2"
        ), c("A", "G"))), N = 677), Majority = list(Freqs = structure(c(0, 
        15, 122, 216, 3, 0, 4, 256, 7, 186, 3, 0), .Dim = c(6L, 
        2L), .Dimnames = list(c("-3", "-2", "-1", "0", "1", "2"
        ), c("A", "G"))), N = 812)), `2` = structure(c(0, 14, 
        97, 164, 1, 0, 3, 197, 3, 133, 1, 0), .Dim = c(6L, 2L
        ), .Dimnames = list(c("-3", "-2", "-1", "0", "1", "2"
        ), c("A", "G"))))))
