Results <-
list(`bwaOutput/20210421msiMNRsJenny/259406A7_S2.sam` = list(
    IM49_SNP1 = list(All = list(Freqs = structure(c(1L, 24L, 
    839L, 1050L, 19L, 18L, 0L, 37L, 727L, 961L, 16L, 9L, 0L, 
    0L, 0L, 1L, 0L, 0L, 0L, 0L, 7L, 39L, 2L, 0L), .Dim = c(6L, 
    4L), .Dimnames = structure(list(c("-3", "-2", "-1", "0", 
    "1", NA), c("C", "G", "T", NA)), .Names = c("", "")), class = "table"), 
        N = 3750L), Tag.Distribution = structure(c(`1` = 285L, 
    `2` = 213L, `3` = 150L, `4` = 133L, `5` = 93L, `6` = 66L, 
    `7` = 46L, `8` = 30L, `9` = 18L, `10` = 11L, `11` = 8L, `12` = 5L, 
    `13` = 3L, `14` = 1L, `17` = 1L, `20` = 1L, `23` = 1L), .Dim = 17L, .Dimnames = structure(list(
        c("1", "2", "3", "4", "5", "6", "7", "8", "9", "10", 
        "11", "12", "13", "14", "17", "20", "23")), .Names = ""), class = "table"), 
        No.Tag = structure(c(0L, 1L, 22L, 32L, 0L, 0L, 0L, 2L, 
        9L, 29L, 0L, 0L, 0L, 0L, 0L, 0L, 0L, 0L, 0L, 0L, 1L, 
        5L, 0L, 0L), .Dim = c(6L, 4L), .Dimnames = structure(list(
            c("-3", "-2", "-1", "0", "1", NA), c("C", "G", "T", 
            NA)), .Names = c("", "")), class = "table"), All.Tags = list(
            Concordant = list(Freqs = structure(c(0, 5, 180, 
            224, 2, 0, 2, 169, 237, 0, 0, 0, 0, 0, 0), .Dim = c(5L, 
            3L), .Dimnames = list(c("-3", "-2", "-1", "0", "1"
            ), c("C", "G", "T"))), N = 819), Majority = list(
                Freqs = structure(c(0, 5, 230, 300, 2, 0, 5, 
                200, 285, 0, 0, 0, 0, 0, 0), .Dim = c(5L, 3L), .Dimnames = list(
                  c("-3", "-2", "-1", "0", "1"), c("C", "G", 
                  "T"))), N = 1027)), `2` = structure(c(0, 3, 
        177, 212, 0, 0, 4, 140, 216, 0, 0, 0, 0, 0, 0), .Dim = c(5L, 
        3L), .Dimnames = list(c("-3", "-2", "-1", "0", "1"), 
            c("C", "G", "T"))))))
