Results <-
list(`bwaOutput/20210421msiMNRsJenny/259406A7_S2.sam` = list(
    LR52_SNP1 = list(All = list(Freqs = structure(c(25L, 880L, 
    315L, 194L, 1406L, 12L, 19L, 0L, 0L, 4L, 1L, 13L, 1L, 1L, 
    0L, 1L, 1L, 3L, 76L, 1L, 0L), .Dim = c(7L, 3L), .Dimnames = structure(list(
        c("-4", "-3", "-2", "-1", "0", "1", NA), c("C", "T", 
        NA)), .Names = c("", "")), class = "table"), N = 2953L), 
        Tag.Distribution = structure(c(`1` = 163L, `2` = 145L, 
        `3` = 130L, `4` = 102L, `5` = 83L, `6` = 57L, `7` = 40L, 
        `8` = 19L, `9` = 20L, `10` = 13L, `11` = 7L, `12` = 1L, 
        `13` = 3L, `14` = 1L, `15` = 1L), .Dim = 15L, .Dimnames = structure(list(
            c("1", "2", "3", "4", "5", "6", "7", "8", "9", "10", 
            "11", "12", "13", "14", "15")), .Names = ""), class = "table"), 
        No.Tag = structure(c(0L, 15L, 5L, 5L, 19L, 0L, 1L, 0L, 
        0L, 0L, 0L, 0L, 0L, 0L, 0L, 0L, 0L, 0L, 1L, 0L, 0L), .Dim = c(7L, 
        3L), .Dimnames = structure(list(c("-4", "-3", "-2", "-1", 
        "0", "1", NA), c("C", "T", NA)), .Names = c("", "")), class = "table"), 
        All.Tags = list(Concordant = list(Freqs = structure(c(5, 
        208, 73, 19, 289, 1, 0, 0, 1, 0, 2, 0), .Dim = c(6L, 
        2L), .Dimnames = list(c("-4", "-3", "-2", "-1", "0", 
        "1"), c("C", "T"))), N = 598), Majority = list(Freqs = structure(c(5, 
        232, 84, 24, 394, 1, 0, 0, 1, 0, 3, 0), .Dim = c(6L, 
        2L), .Dimnames = list(c("-4", "-3", "-2", "-1", "0", 
        "1"), c("C", "T"))), N = 744)), `2` = structure(c(2, 
        183, 66, 10, 326, 0, 0, 0, 1, 0, 3, 0), .Dim = c(6L, 
        2L), .Dimnames = list(c("-4", "-3", "-2", "-1", "0", 
        "1"), c("C", "T"))))))
