Results <-
list(`bwaOutput/20210421msiMNRsJenny/259406A7_S2.sam` = list(
    LR49_SNP1 = list(All = list(Freqs = structure(c(0L, 7L, 3L, 
    0L, 0L, 0L, 1L, 0L, 0L, 0L, 6L, 817L, 2946L, 1L, 8L, 0L, 
    0L, 1L, 0L, 0L, 0L, 6L, 16L, 0L, 0L), .Dim = c(5L, 5L), .Dimnames = structure(list(
        c("-2", "-1", "0", "1", NA), c("A", "C", "G", "T", NA
        )), .Names = c("", "")), class = "table"), N = 3812L), 
        Tag.Distribution = structure(c(`1` = 322L, `2` = 261L, 
        `3` = 170L, `4` = 125L, `5` = 72L, `6` = 62L, `7` = 32L, 
        `8` = 29L, `9` = 25L, `10` = 10L, `11` = 14L, `12` = 2L, 
        `13` = 4L, `14` = 3L, `20` = 1L), .Dim = 15L, .Dimnames = structure(list(
            c("1", "2", "3", "4", "5", "6", "7", "8", "9", "10", 
            "11", "12", "13", "14", "20")), .Names = ""), class = "table"), 
        No.Tag = structure(c(0L, 0L, 0L, 0L, 0L, 0L, 0L, 0L, 
        0L, 0L, 0L, 41L, 107L, 0L, 0L, 0L, 0L, 1L, 0L, 0L, 0L, 
        2L, 2L, 0L, 0L), .Dim = c(5L, 5L), .Dimnames = structure(list(
            c("-2", "-1", "0", "1", NA), c("A", "C", "G", "T", 
            NA)), .Names = c("", "")), class = "table"), All.Tags = list(
            Concordant = list(Freqs = structure(c(0, 0, 0, 0, 
            0, 0, 0, 0, 1, 192, 824, 0, 0, 0, 0, 0), .Dim = c(4L, 
            4L), .Dimnames = list(c("-2", "-1", "0", "1"), c("A", 
            "C", "G", "T"))), N = 1017), Majority = list(Freqs = structure(c(0, 
            1, 0, 0, 0, 0, 0, 0, 1, 229, 870, 0, 0, 0, 0, 0), .Dim = c(4L, 
            4L), .Dimnames = list(c("-2", "-1", "0", "1"), c("A", 
            "C", "G", "T"))), N = 1101)), `2` = structure(c(0, 
        1, 0, 0, 0, 0, 0, 0, 1, 167, 617, 0, 0, 0, 0, 0), .Dim = c(4L, 
        4L), .Dimnames = list(c("-2", "-1", "0", "1"), c("A", 
        "C", "G", "T"))))))
