Results <-
list(`bwaOutput/20210421msiMNRsJenny/259406A7_S2.sam` = list(
    LR17_SNP1 = list(All = list(Freqs = structure(c(2L, 62L, 
    2775L, 3720L, 54L, 45L, 0L, 0L, 0L, 1L, 0L, 0L, 0L, 0L, 23L, 
    96L, 0L, 0L), .Dim = c(6L, 3L), .Dimnames = structure(list(
        c("-3", "-2", "-1", "0", "1", NA), c("A", "G", NA)), .Names = c("", 
    "")), class = "table"), N = 6778L), Tag.Distribution = structure(c(`1` = 310L, 
    `2` = 266L, `3` = 225L, `4` = 189L, `5` = 155L, `6` = 111L, 
    `7` = 97L, `8` = 57L, `9` = 49L, `10` = 43L, `11` = 14L, 
    `12` = 14L, `13` = 11L, `14` = 8L, `15` = 3L, `16` = 4L, 
    `17` = 3L, `18` = 2L, `19` = 1L, `20` = 1L), .Dim = 20L, .Dimnames = structure(list(
        c("1", "2", "3", "4", "5", "6", "7", "8", "9", "10", 
        "11", "12", "13", "14", "15", "16", "17", "18", "19", 
        "20")), .Names = ""), class = "table"), No.Tag = structure(c(0L, 
    5L, 83L, 145L, 1L, 2L, 0L, 0L, 0L, 0L, 0L, 0L, 0L, 0L, 2L, 
    8L, 0L, 0L), .Dim = c(6L, 3L), .Dimnames = structure(list(
        c("-3", "-2", "-1", "0", "1", NA), c("A", "G", NA)), .Names = c("", 
    "")), class = "table"), All.Tags = list(Concordant = list(
        Freqs = structure(c(0, 6, 495, 700, 3, 0, 0, 0, 0, 0), .Dim = c(5L, 
        2L), .Dimnames = list(c("-3", "-2", "-1", "0", "1"), 
            c("A", "G"))), N = 1204), Majority = list(Freqs = structure(c(0, 
    6, 617, 880, 3, 0, 0, 0, 0, 0), .Dim = c(5L, 2L), .Dimnames = list(
        c("-3", "-2", "-1", "0", "1"), c("A", "G"))), N = 1506)), 
        `2` = structure(c(0, 4, 498, 699, 3, 0, 0, 0, 0, 0), .Dim = c(5L, 
        2L), .Dimnames = list(c("-3", "-2", "-1", "0", "1"), 
            c("A", "G"))))))
