Results <-
list(`bwaOutput/20210421msiMNRsJenny/259406A7_S2.sam` = list(
    LR44_SNP1 = list(All = list(Freqs = structure(c(0L, 3L, 63L, 
    833L, 16L, 6L, 0L, 0L, 0L, 5L, 0L, 0L, 1L, 23L, 433L, 536L, 
    7L, 5L, 0L, 0L, 2L, 17L, 0L, 0L), .Dim = c(6L, 4L), .Dimnames = structure(list(
        c("-3", "-2", "-1", "0", "1", NA), c("C", "G", "T", NA
        )), .Names = c("", "")), class = "table"), N = 1950L), 
        Tag.Distribution = structure(c(`1` = 148L, `2` = 117L, 
        `3` = 88L, `4` = 71L, `5` = 64L, `6` = 30L, `7` = 22L, 
        `8` = 18L, `9` = 4L, `10` = 7L, `11` = 3L, `13` = 1L, 
        `17` = 1L), .Dim = 13L, .Dimnames = structure(list(c("1", 
        "2", "3", "4", "5", "6", "7", "8", "9", "10", "11", "13", 
        "17")), .Names = ""), class = "table"), No.Tag = structure(c(0L, 
        0L, 1L, 25L, 0L, 0L, 0L, 0L, 0L, 0L, 0L, 0L, 0L, 1L, 
        7L, 18L, 0L, 0L, 0L, 0L, 0L, 1L, 0L, 0L), .Dim = c(6L, 
        4L), .Dimnames = structure(list(c("-3", "-2", "-1", "0", 
        "1", NA), c("C", "G", "T", NA)), .Names = c("", "")), class = "table"), 
        All.Tags = list(Concordant = list(Freqs = structure(c(0, 
        1, 6, 212, 2, 0, 0, 0, 0, 0, 0, 2, 90, 120, 3), .Dim = c(5L, 
        3L), .Dimnames = list(c("-3", "-2", "-1", "0", "1"), 
            c("C", "G", "T"))), N = 436), Majority = list(Freqs = structure(c(0, 
        1, 10, 248, 2, 0, 0, 0, 0, 0, 0, 2, 114, 156, 3), .Dim = c(5L, 
        3L), .Dimnames = list(c("-3", "-2", "-1", "0", "1"), 
            c("C", "G", "T"))), N = 536)), `2` = structure(c(0, 
        0, 7, 186, 1, 0, 0, 0, 0, 0, 0, 1, 84, 114, 0), .Dim = c(5L, 
        3L), .Dimnames = list(c("-3", "-2", "-1", "0", "1"), 
            c("C", "G", "T"))))))
