Results <-
list(`bwaOutput/20210421msiMNRsJenny/259406A7_S2.sam` = list(
    GM14_SNP1 = list(All = list(Freqs = structure(c(0L, 0L, 0L, 
    0L, 8L, 0L, 0L, 0L, 1L, 1L, 759L, 217L, 3106L, 32L, 1L, 13L, 
    0L, 0L, 0L, 0L, 1L, 0L, 0L, 0L, 0L, 0L, 1L, 1L, 28L, 0L, 
    0L, 0L), .Dim = c(8L, 4L), .Dimnames = structure(list(c("-4", 
    "-3", "-2", "-1", "0", "1", "2", NA), c("A", "C", "T", NA
    )), .Names = c("", "")), class = "table"), N = 4169L), Tag.Distribution = structure(c(`1` = 232L, 
    `2` = 204L, `3` = 188L, `4` = 146L, `5` = 102L, `6` = 65L, 
    `7` = 58L, `8` = 32L, `9` = 22L, `10` = 16L, `11` = 4L, `12` = 6L, 
    `13` = 4L, `14` = 6L, `15` = 1L, `16` = 2L, `19` = 3L, `20` = 1L
    ), .Dim = 18L, .Dimnames = structure(list(c("1", "2", "3", 
    "4", "5", "6", "7", "8", "9", "10", "11", "12", "13", "14", 
    "15", "16", "19", "20")), .Names = ""), class = "table"), 
        No.Tag = structure(c(0L, 0L, 0L, 0L, 0L, 0L, 0L, 0L, 
        0L, 0L, 19L, 2L, 62L, 0L, 0L, 0L, 0L, 0L, 0L, 0L, 0L, 
        0L, 0L, 0L, 0L, 0L, 0L, 0L, 2L, 0L, 0L, 0L), .Dim = c(8L, 
        4L), .Dimnames = structure(list(c("-4", "-3", "-2", "-1", 
        "0", "1", "2", NA), c("A", "C", "T", NA)), .Names = c("", 
        "")), class = "table"), All.Tags = list(Concordant = list(
            Freqs = structure(c(0, 0, 0, 0, 1, 0, 0, 0, 0, 176, 
            28, 709, 1, 0, 0, 0, 0, 0, 1, 0, 0), .Dim = c(7L, 
            3L), .Dimnames = list(c("-4", "-3", "-2", "-1", "0", 
            "1", "2"), c("A", "C", "T"))), N = 916), Majority = list(
            Freqs = structure(c(0, 0, 0, 0, 1, 0, 0, 0, 0, 201, 
            33, 822, 1, 0, 0, 0, 0, 0, 1, 0, 0), .Dim = c(7L, 
            3L), .Dimnames = list(c("-4", "-3", "-2", "-1", "0", 
            "1", "2"), c("A", "C", "T"))), N = 1059)), `2` = structure(c(0, 
        0, 0, 0, 1, 0, 0, 0, 0, 161, 20, 649, 0, 0, 0, 0, 0, 
        0, 0, 0, 0), .Dim = c(7L, 3L), .Dimnames = list(c("-4", 
        "-3", "-2", "-1", "0", "1", "2"), c("A", "C", "T"))))))
