Results <-
list(`bwaOutput/20210421msiMNRsJenny/261568A8_S19.sam` = list(
    GM14_SNP1 = list(All = list(Freqs = structure(c(1L, 39L, 
    250L, 1419L, 15L, 1L, 10L, 0L, 5L, 337L, 1453L, 3L, 0L, 9L, 
    0L, 0L, 0L, 24L, 1L, 0L, 0L), .Dim = c(7L, 3L), .Dimnames = structure(list(
        c("-3", "-2", "-1", "0", "1", "2", NA), c("C", "T", NA
        )), .Names = c("", "")), class = "table"), N = 3567L), 
        Tag.Distribution = structure(c(`1` = 150L, `2` = 132L, 
        `3` = 115L, `4` = 108L, `5` = 73L, `6` = 69L, `7` = 47L, 
        `8` = 47L, `9` = 18L, `10` = 14L, `11` = 11L, `12` = 9L, 
        `13` = 7L, `14` = 4L, `15` = 4L, `18` = 1L, `19` = 1L, 
        `20` = 1L, `22` = 1L), .Dim = 19L, .Dimnames = structure(list(
            c("1", "2", "3", "4", "5", "6", "7", "8", "9", "10", 
            "11", "12", "13", "14", "15", "18", "19", "20", "22"
            )), .Names = ""), class = "table"), No.Tag = structure(c(0L, 
        0L, 3L, 21L, 0L, 0L, 0L, 0L, 0L, 7L, 43L, 0L, 0L, 0L, 
        0L, 0L, 0L, 1L, 0L, 0L, 0L), .Dim = c(7L, 3L), .Dimnames = structure(list(
            c("-3", "-2", "-1", "0", "1", "2", NA), c("C", "T", 
            NA)), .Names = c("", "")), class = "table"), All.Tags = list(
            Concordant = list(Freqs = structure(c(0, 9, 47, 283, 
            3, 0, 0, 1, 61, 272, 1, 0), .Dim = c(6L, 2L), .Dimnames = list(
                c("-3", "-2", "-1", "0", "1", "2"), c("C", "T"
                ))), N = 677), Majority = list(Freqs = structure(c(0, 
            10, 59, 333, 4, 0, 0, 1, 72, 315, 1, 0), .Dim = c(6L, 
            2L), .Dimnames = list(c("-3", "-2", "-1", "0", "1", 
            "2"), c("C", "T"))), N = 795)), `2` = structure(c(0, 
        7, 48, 272, 1, 0, 0, 1, 61, 260, 0, 0), .Dim = c(6L, 
        2L), .Dimnames = list(c("-3", "-2", "-1", "0", "1", "2"
        ), c("C", "T"))))))
