Results <-
list(`bwaOutput/20210421msiMNRsJenny/261568A8_S19.sam` = list(
    LR46_SNP1 = list(All = list(Freqs = structure(c(0L, 0L, 1L, 
    0L, 0L, 1L, 280L, 909L, 1L, 4L, 0L, 29L, 1289L, 4L, 1L, 0L, 
    1L, 7L, 0L, 0L), .Dim = 5:4, .Dimnames = structure(list(c("-2", 
    "-1", "0", "1", NA), c("C", "G", "T", NA)), .Names = c("", 
    "")), class = "table"), N = 2527L), Tag.Distribution = structure(c(`1` = 109L, 
    `2` = 111L, `3` = 94L, `4` = 65L, `5` = 55L, `6` = 36L, `7` = 33L, 
    `8` = 25L, `9` = 14L, `10` = 12L, `11` = 10L, `12` = 4L, 
    `13` = 7L, `14` = 4L, `15` = 2L, `16` = 2L, `19` = 2L), .Dim = 17L, .Dimnames = structure(list(
        c("1", "2", "3", "4", "5", "6", "7", "8", "9", "10", 
        "11", "12", "13", "14", "15", "16", "19")), .Names = ""), class = "table"), 
        No.Tag = structure(c(0L, 0L, 0L, 0L, 0L, 0L, 25L, 26L, 
        0L, 3L, 0L, 0L, 26L, 0L, 0L, 0L, 0L, 1L, 0L, 0L), .Dim = 5:4, .Dimnames = structure(list(
            c("-2", "-1", "0", "1", NA), c("C", "G", "T", NA)), .Names = c("", 
        "")), class = "table"), All.Tags = list(Concordant = list(
            Freqs = structure(c(0, 0, 0, 0, 0, 52, 200, 0, 0, 
            2, 266, 0), .Dim = 4:3, .Dimnames = list(c("-2", 
            "-1", "0", "1"), c("C", "G", "T"))), N = 520), Majority = list(
            Freqs = structure(c(0, 0, 0, 0, 0, 57, 218, 0, 0, 
            3, 294, 0), .Dim = 4:3, .Dimnames = list(c("-2", 
            "-1", "0", "1"), c("C", "G", "T"))), N = 572)), `2` = structure(c(0, 
        0, 0, 0, 0, 50, 171, 0, 0, 3, 242, 0), .Dim = 4:3, .Dimnames = list(
            c("-2", "-1", "0", "1"), c("C", "G", "T"))))))
