Results <-
list(`bwaOutput/20210421msiMNRsJenny/261568A8_S19.sam` = list(
    LR52_SNP1 = list(All = list(Freqs = structure(c(10L, 203L, 
    363L, 2229L, 20L, 18L, 0L, 1L, 0L, 11L, 1L, 0L, 0L, 2L, 4L, 
    102L, 3L, 0L), .Dim = c(6L, 3L), .Dimnames = structure(list(
        c("-3", "-2", "-1", "0", "1", NA), c("C", "T", NA)), .Names = c("", 
    "")), class = "table"), N = 2967L), Tag.Distribution = structure(c(`1` = 120L, 
    `2` = 107L, `3` = 96L, `4` = 89L, `5` = 72L, `6` = 55L, `7` = 35L, 
    `8` = 30L, `9` = 22L, `10` = 13L, `11` = 8L, `12` = 6L, `13` = 8L, 
    `14` = 4L, `15` = 1L, `16` = 3L, `18` = 2L, `20` = 1L), .Dim = 18L, .Dimnames = structure(list(
        c("1", "2", "3", "4", "5", "6", "7", "8", "9", "10", 
        "11", "12", "13", "14", "15", "16", "18", "20")), .Names = ""), class = "table"), 
        No.Tag = structure(c(0L, 6L, 9L, 30L, 0L, 0L, 0L, 0L, 
        0L, 0L, 0L, 0L, 0L, 0L, 0L, 2L, 0L, 0L), .Dim = c(6L, 
        3L), .Dimnames = structure(list(c("-3", "-2", "-1", "0", 
        "1", NA), c("C", "T", NA)), .Names = c("", "")), class = "table"), 
        All.Tags = list(Concordant = list(Freqs = structure(c(1, 
        31, 30, 393, 1, 0, 1, 0, 2, 0), .Dim = c(5L, 2L), .Dimnames = list(
            c("-3", "-2", "-1", "0", "1"), c("C", "T"))), N = 459), 
            Majority = list(Freqs = structure(c(1, 39, 47, 540, 
            1, 0, 1, 0, 3, 0), .Dim = c(5L, 2L), .Dimnames = list(
                c("-3", "-2", "-1", "0", "1"), c("C", "T"))), 
                N = 632)), `2` = structure(c(1, 32, 37, 446, 
        0, 0, 0, 0, 2, 0), .Dim = c(5L, 2L), .Dimnames = list(
            c("-3", "-2", "-1", "0", "1"), c("C", "T"))))))
