Results <-
list(`bwaOutput/20210421msiMNRsJenny/261568A8_S19.sam` = list(
    LR44_SNP1 = list(All = list(Freqs = structure(c(1L, 51L, 
    167L, 786L, 8L, 5L, 0L, 0L, 0L, 3L, 0L, 0L, 1L, 3L, 137L, 
    1006L, 87L, 5L, 0L, 0L, 0L, 15L, 1L, 0L), .Dim = c(6L, 4L
    ), .Dimnames = structure(list(c("-3", "-2", "-1", "0", "1", 
    NA), c("C", "G", "T", NA)), .Names = c("", "")), class = "table"), 
        N = 2276L), Tag.Distribution = structure(c(`1` = 148L, 
    `2` = 112L, `3` = 102L, `4` = 83L, `5` = 54L, `6` = 48L, 
    `7` = 25L, `8` = 20L, `9` = 10L, `10` = 8L, `11` = 1L, `12` = 2L, 
    `13` = 6L, `14` = 1L, `15` = 2L, `16` = 1L), .Dim = 16L, .Dimnames = structure(list(
        c("1", "2", "3", "4", "5", "6", "7", "8", "9", "10", 
        "11", "12", "13", "14", "15", "16")), .Names = ""), class = "table"), 
        No.Tag = structure(c(0L, 0L, 0L, 10L, 0L, 0L, 0L, 0L, 
        0L, 0L, 0L, 0L, 0L, 0L, 1L, 14L, 2L, 1L, 0L, 0L, 0L, 
        2L, 0L, 0L), .Dim = c(6L, 4L), .Dimnames = structure(list(
            c("-3", "-2", "-1", "0", "1", NA), c("C", "G", "T", 
            NA)), .Names = c("", "")), class = "table"), All.Tags = list(
            Concordant = list(Freqs = structure(c(0, 11, 31, 
            157, 1, 0, 0, 0, 1, 0, 0, 1, 17, 229, 14), .Dim = c(5L, 
            3L), .Dimnames = list(c("-3", "-2", "-1", "0", "1"
            ), c("C", "G", "T"))), N = 462), Majority = list(
                Freqs = structure(c(0, 12, 37, 206, 1, 0, 0, 
                0, 1, 0, 0, 1, 21, 291, 19), .Dim = c(5L, 3L), .Dimnames = list(
                  c("-3", "-2", "-1", "0", "1"), c("C", "G", 
                  "T"))), N = 589)), `2` = structure(c(0, 8, 
        23, 162, 1, 0, 0, 0, 1, 0, 0, 0, 12, 220, 17), .Dim = c(5L, 
        3L), .Dimnames = list(c("-3", "-2", "-1", "0", "1"), 
            c("C", "G", "T"))))))
