Results <-
list(`bwaOutput/20210421msiMNRsJenny/261568A8_S19.sam` = list(
    LR17_SNP1 = list(All = list(Freqs = structure(c(7L, 205L, 
    4581L, 55L, 2L, 35L, 0L, 0L, 1L, 0L, 0L, 0L, 0L, 1L, 100L, 
    0L, 0L, 0L), .Dim = c(6L, 3L), .Dimnames = structure(list(
        c("-2", "-1", "0", "1", "2", NA), c("A", "C", NA)), .Names = c("", 
    "")), class = "table"), N = 4987L), Tag.Distribution = structure(c(`1` = 198L, 
    `2` = 161L, `3` = 135L, `4` = 141L, `5` = 121L, `6` = 100L, 
    `7` = 68L, `8` = 46L, `9` = 27L, `10` = 25L, `11` = 22L, 
    `12` = 10L, `13` = 11L, `14` = 5L, `15` = 6L, `16` = 3L, 
    `17` = 2L, `18` = 1L, `19` = 3L, `21` = 1L), .Dim = 20L, .Dimnames = structure(list(
        c("1", "2", "3", "4", "5", "6", "7", "8", "9", "10", 
        "11", "12", "13", "14", "15", "16", "17", "18", "19", 
        "21")), .Names = ""), class = "table"), No.Tag = structure(c(0L, 
    5L, 99L, 1L, 0L, 3L, 0L, 0L, 1L, 0L, 0L, 0L, 0L, 0L, 4L, 
    0L, 0L, 0L), .Dim = c(6L, 3L), .Dimnames = structure(list(
        c("-2", "-1", "0", "1", "2", NA), c("A", "C", NA)), .Names = c("", 
    "")), class = "table"), All.Tags = list(Concordant = list(
        Freqs = structure(c(1, 17, 878, 2, 0, 0, 0, 0, 0, 0), .Dim = c(5L, 
        2L), .Dimnames = list(c("-2", "-1", "0", "1", "2"), c("A", 
        "C"))), N = 898), Majority = list(Freqs = structure(c(1, 
    19, 1043, 3, 0, 0, 0, 0, 0, 0), .Dim = c(5L, 2L), .Dimnames = list(
        c("-2", "-1", "0", "1", "2"), c("A", "C"))), N = 1066)), 
        `2` = structure(c(0, 8, 866, 2, 0, 0, 0, 0, 0, 0), .Dim = c(5L, 
        2L), .Dimnames = list(c("-2", "-1", "0", "1", "2"), c("A", 
        "C"))))))
