Results <-
list(`bwaOutput/20210421msiMNRsJenny/261568A8_S19.sam` = list(
    IM49_SNP1 = list(All = list(Freqs = structure(c(28L, 322L, 
    1229L, 16L, 6L, 5L, 188L, 1308L, 29L, 6L, 0L, 0L, 1L, 0L, 
    0L, 0L, 2L, 34L, 1L, 0L), .Dim = 5:4, .Dimnames = structure(list(
        c("-2", "-1", "0", "1", NA), c("C", "G", "T", NA)), .Names = c("", 
    "")), class = "table"), N = 3175L), Tag.Distribution = structure(c(`1` = 231L, 
    `2` = 133L, `3` = 109L, `4` = 113L, `5` = 84L, `6` = 60L, 
    `7` = 37L, `8` = 30L, `9` = 15L, `10` = 11L, `11` = 10L, 
    `12` = 8L, `13` = 2L, `14` = 2L, `15` = 3L, `16` = 1L), .Dim = 16L, .Dimnames = structure(list(
        c("1", "2", "3", "4", "5", "6", "7", "8", "9", "10", 
        "11", "12", "13", "14", "15", "16")), .Names = ""), class = "table"), 
        No.Tag = structure(c(0L, 1L, 13L, 0L, 0L, 1L, 4L, 33L, 
        1L, 0L, 0L, 0L, 0L, 0L, 0L, 0L, 0L, 1L, 0L, 0L), .Dim = 5:4, .Dimnames = structure(list(
            c("-2", "-1", "0", "1", NA), c("C", "G", "T", NA)), .Names = c("", 
        "")), class = "table"), All.Tags = list(Concordant = list(
            Freqs = structure(c(5, 64, 291, 0, 0, 38, 286, 7, 
            0, 0, 0, 0), .Dim = 4:3, .Dimnames = list(c("-2", 
            "-1", "0", "1"), c("C", "G", "T"))), N = 691), Majority = list(
            Freqs = structure(c(6, 77, 342, 1, 0, 44, 344, 7, 
            0, 0, 0, 0), .Dim = 4:3, .Dimnames = list(c("-2", 
            "-1", "0", "1"), c("C", "G", "T"))), N = 821)), `2` = structure(c(4, 
        57, 245, 1, 0, 33, 254, 1, 0, 0, 0, 0), .Dim = 4:3, .Dimnames = list(
            c("-2", "-1", "0", "1"), c("C", "G", "T"))))))
