Results <-
list(`bwaOutput/20210421msiMNRsJenny/261568A8_S19.sam` = list(
    LR36_SNP1 = list(All = list(Freqs = structure(c(1L, 0L, 0L, 
    101L, 1503L, 12L, 0L, 5L, 0L, 1L, 5L, 53L, 1505L, 20L, 1L, 
    7L, 0L, 0L, 0L, 2L, 59L, 1L, 0L, 0L), .Dim = c(8L, 3L), .Dimnames = structure(list(
        c("-4", "-3", "-2", "-1", "0", "1", "2", NA), c("A", 
        "T", NA)), .Names = c("", "")), class = "table"), N = 3276L), 
        Tag.Distribution = structure(c(`1` = 154L, `2` = 126L, 
        `3` = 114L, `4` = 111L, `5` = 75L, `6` = 56L, `7` = 50L, 
        `8` = 29L, `9` = 18L, `10` = 18L, `11` = 8L, `12` = 7L, 
        `13` = 7L, `14` = 3L, `16` = 1L, `17` = 1L), .Dim = 16L, .Dimnames = structure(list(
            c("1", "2", "3", "4", "5", "6", "7", "8", "9", "10", 
            "11", "12", "13", "14", "16", "17")), .Names = ""), class = "table"), 
        No.Tag = structure(c(0L, 0L, 0L, 3L, 56L, 0L, 0L, 0L, 
        0L, 0L, 0L, 0L, 47L, 0L, 0L, 0L, 0L, 0L, 0L, 0L, 5L, 
        0L, 0L, 0L), .Dim = c(8L, 3L), .Dimnames = structure(list(
            c("-4", "-3", "-2", "-1", "0", "1", "2", NA), c("A", 
            "T", NA)), .Names = c("", "")), class = "table"), 
        All.Tags = list(Concordant = list(Freqs = structure(c(0, 
        0, 0, 16, 311, 0, 0, 0, 0, 2, 4, 287, 2, 1), .Dim = c(7L, 
        2L), .Dimnames = list(c("-4", "-3", "-2", "-1", "0", 
        "1", "2"), c("A", "T"))), N = 623), Majority = list(Freqs = structure(c(0, 
        0, 0, 19, 369, 0, 0, 0, 0, 2, 5, 360, 2, 1), .Dim = c(7L, 
        2L), .Dimnames = list(c("-4", "-3", "-2", "-1", "0", 
        "1", "2"), c("A", "T"))), N = 758)), `2` = structure(c(0, 
        0, 0, 13, 293, 0, 0, 0, 0, 2, 3, 297, 0, 0), .Dim = c(7L, 
        2L), .Dimnames = list(c("-4", "-3", "-2", "-1", "0", 
        "1", "2"), c("A", "T"))))))
