Results <-
list(`bwaOutput/20210421msiMNRsJenny/261890A9_S32.sam` = list(
    LR46_SNP1 = list(All = list(Freqs = structure(c(12L, 1647L, 
    2L, 1L, 8L, 1708L, 4L, 0L, 0L, 9L, 0L, 0L), .Dim = 4:3, .Dimnames = structure(list(
        c("-1", "0", "1", NA), c("G", "T", NA)), .Names = c("", 
    "")), class = "table"), N = 3391L), Tag.Distribution = structure(c(`1` = 72L, 
    `2` = 34L, `3` = 38L, `4` = 45L, `5` = 40L, `6` = 35L, `7` = 32L, 
    `8` = 30L, `9` = 35L, `10` = 21L, `11` = 22L, `12` = 12L, 
    `13` = 16L, `14` = 10L, `15` = 8L, `16` = 10L, `17` = 8L, 
    `18` = 4L, `19` = 3L, `20` = 3L, `21` = 3L, `23` = 1L, `24` = 1L, 
    `26` = 1L), .Dim = 24L, .Dimnames = structure(list(c("1", 
    "2", "3", "4", "5", "6", "7", "8", "9", "10", "11", "12", 
    "13", "14", "15", "16", "17", "18", "19", "20", "21", "23", 
    "24", "26")), .Names = ""), class = "table"), No.Tag = structure(c(0L, 
    32L, 0L, 0L, 0L, 49L, 0L, 0L, 0L, 2L, 0L, 0L), .Dim = 4:3, .Dimnames = structure(list(
        c("-1", "0", "1", NA), c("G", "T", NA)), .Names = c("", 
    "")), class = "table"), All.Tags = list(Concordant = list(
        Freqs = structure(c(1, 213, 0, 0, 238, 0), .Dim = 3:2, .Dimnames = list(
            c("-1", "0", "1"), c("G", "T"))), N = 452), Majority = list(
        Freqs = structure(c(1, 226, 0, 0, 255, 0), .Dim = 3:2, .Dimnames = list(
            c("-1", "0", "1"), c("G", "T"))), N = 482)), `2` = structure(c(1, 
    194, 0, 0, 217, 0), .Dim = 3:2, .Dimnames = list(c("-1", 
    "0", "1"), c("G", "T"))))))
