Results <-
list(`bwaOutput/20210421msiMNRsJenny/261890A9_S32.sam` = list(
    GM17_SNP1 = list(All = list(Freqs = structure(c(0L, 0L, 1L, 
    0L, 0L, 0L, 0L, 24L, 1L, 0L, 21L, 466L, 2712L, 12L, 5L, 0L, 
    4L, 8L, 0L, 0L), .Dim = 5:4, .Dimnames = structure(list(c("-2", 
    "-1", "0", "1", NA), c("A", "C", "T", NA)), .Names = c("", 
    "")), class = "table"), N = 3254L), Tag.Distribution = structure(c(`1` = 70L, 
    `2` = 42L, `3` = 48L, `4` = 43L, `5` = 46L, `6` = 45L, `7` = 39L, 
    `8` = 31L, `9` = 26L, `10` = 33L, `11` = 21L, `12` = 14L, 
    `13` = 6L, `14` = 15L, `15` = 8L, `16` = 5L, `17` = 4L, `18` = 2L, 
    `19` = 1L, `20` = 2L, `21` = 1L, `22` = 2L, `23` = 1L, `25` = 1L
    ), .Dim = 24L, .Dimnames = structure(list(c("1", "2", "3", 
    "4", "5", "6", "7", "8", "9", "10", "11", "12", "13", "14", 
    "15", "16", "17", "18", "19", "20", "21", "22", "23", "25"
    )), .Names = ""), class = "table"), No.Tag = structure(c(0L, 
    0L, 0L, 0L, 0L, 0L, 0L, 0L, 0L, 0L, 0L, 7L, 28L, 1L, 0L, 
    0L, 0L, 0L, 0L, 0L), .Dim = 5:4, .Dimnames = structure(list(
        c("-2", "-1", "0", "1", NA), c("A", "C", "T", NA)), .Names = c("", 
    "")), class = "table"), All.Tags = list(Concordant = list(
        Freqs = structure(c(0, 0, 0, 0, 0, 0, 2, 0, 2, 57, 394, 
        1), .Dim = 4:3, .Dimnames = list(c("-2", "-1", "0", "1"
        ), c("A", "C", "T"))), N = 456), Majority = list(Freqs = structure(c(0, 
    0, 0, 0, 0, 0, 3, 0, 3, 63, 429, 1), .Dim = 4:3, .Dimnames = list(
        c("-2", "-1", "0", "1"), c("A", "C", "T"))), N = 499)), 
        `2` = structure(c(0, 0, 0, 0, 0, 0, 1, 0, 3, 56, 373, 
        0), .Dim = 4:3, .Dimnames = list(c("-2", "-1", "0", "1"
        ), c("A", "C", "T"))))))
