Results <-
list(`bwaOutput/20210421msiMNRsJenny/261890A9_S32.sam` = list(
    LR52_SNP1 = list(All = list(Freqs = structure(c(6L, 319L, 
    1051L, 304L, 1115L, 12L, 10L, 1L, 24L, 0L, 0L, 0L, 0L, 8L, 
    0L, 0L, 0L, 0L, 0L, 0L, 3L, 1L, 48L, 0L, 1L, 0L, 0L), .Dim = c(9L, 
    3L), .Dimnames = structure(list(c("-4", "-3", "-2", "-1", 
    "0", "1", "2", "3", NA), c("C", "T", NA)), .Names = c("", 
    "")), class = "table"), N = 2903L), Tag.Distribution = structure(c(`1` = 48L, 
    `2` = 27L, `3` = 39L, `4` = 35L, `5` = 38L, `6` = 38L, `7` = 30L, 
    `8` = 25L, `9` = 29L, `10` = 23L, `11` = 21L, `12` = 16L, 
    `13` = 8L, `14` = 11L, `15` = 11L, `16` = 3L, `17` = 2L, 
    `18` = 2L, `19` = 2L, `20` = 2L, `21` = 1L, `22` = 1L, `24` = 2L, 
    `27` = 1L), .Dim = 24L, .Dimnames = structure(list(c("1", 
    "2", "3", "4", "5", "6", "7", "8", "9", "10", "11", "12", 
    "13", "14", "15", "16", "17", "18", "19", "20", "21", "22", 
    "24", "27")), .Names = ""), class = "table"), No.Tag = structure(c(0L, 
    22L, 24L, 2L, 15L, 0L, 0L, 0L, 0L, 0L, 0L, 0L, 0L, 0L, 0L, 
    0L, 0L, 0L, 0L, 0L, 0L, 0L, 2L, 0L, 0L, 0L, 0L), .Dim = c(9L, 
    3L), .Dimnames = structure(list(c("-4", "-3", "-2", "-1", 
    "0", "1", "2", "3", NA), c("C", "T", NA)), .Names = c("", 
    "")), class = "table"), All.Tags = list(Concordant = list(
        Freqs = structure(c(0, 36, 103, 21, 104, 1, 0, 0, 0, 
        0, 0, 0, 4, 0, 0, 0), .Dim = c(8L, 2L), .Dimnames = list(
            c("-4", "-3", "-2", "-1", "0", "1", "2", "3"), c("C", 
            "T"))), N = 269), Majority = list(Freqs = structure(c(0, 
    42, 141, 36, 180, 1, 1, 0, 0, 0, 0, 0, 4, 0, 0, 0), .Dim = c(8L, 
    2L), .Dimnames = list(c("-4", "-3", "-2", "-1", "0", "1", 
    "2", "3"), c("C", "T"))), N = 405)), `2` = structure(c(0, 
    36, 130, 31, 161, 1, 1, 0, 0, 0, 0, 0, 1, 0, 0, 0), .Dim = c(8L, 
    2L), .Dimnames = list(c("-4", "-3", "-2", "-1", "0", "1", 
    "2", "3"), c("C", "T"))))))
