Results <-
list(`bwaOutput/20210421msiMNRsJenny/261890A9_S32.sam` = list(
    GM29_SNP1 = list(All = list(Freqs = structure(c(1L, 73L, 
    1127L, 110L, 4L, 1L, 43L, 1259L, 2L, 2L, 0L, 0L, 7L, 0L, 
    0L), .Dim = c(5L, 3L), .Dimnames = structure(list(c("-2", 
    "-1", "0", "1", NA), c("A", "G", NA)), .Names = c("", "")), class = "table"), 
        N = 2629L), Tag.Distribution = structure(c(`1` = 53L, 
    `2` = 30L, `3` = 39L, `4` = 32L, `5` = 36L, `6` = 38L, `7` = 20L, 
    `8` = 23L, `9` = 16L, `10` = 16L, `11` = 16L, `12` = 10L, 
    `13` = 10L, `14` = 8L, `15` = 8L, `16` = 7L, `17` = 3L, `18` = 3L, 
    `19` = 1L, `21` = 2L, `22` = 1L, `25` = 1L, `28` = 1L, `29` = 1L, 
    `30` = 2L, `32` = 1L, `51` = 1L), .Dim = 27L, .Dimnames = structure(list(
        c("1", "2", "3", "4", "5", "6", "7", "8", "9", "10", 
        "11", "12", "13", "14", "15", "16", "17", "18", "19", 
        "21", "22", "25", "28", "29", "30", "32", "51")), .Names = ""), class = "table"), 
        No.Tag = structure(c(0L, 0L, 32L, 0L, 0L, 0L, 0L, 20L, 
        0L, 0L, 0L, 0L, 0L, 0L, 0L), .Dim = c(5L, 3L), .Dimnames = structure(list(
            c("-2", "-1", "0", "1", NA), c("A", "G", NA)), .Names = c("", 
        "")), class = "table"), All.Tags = list(Concordant = list(
            Freqs = structure(c(0, 3, 132, 12, 0, 3, 144, 0), .Dim = c(4L, 
            2L), .Dimnames = list(c("-2", "-1", "0", "1"), c("A", 
            "G"))), N = 294), Majority = list(Freqs = structure(c(0, 
        5, 165, 15, 0, 3, 187, 0), .Dim = c(4L, 2L), .Dimnames = list(
            c("-2", "-1", "0", "1"), c("A", "G"))), N = 375)), 
        `2` = structure(c(0, 5, 138, 13, 0, 3, 164, 0), .Dim = c(4L, 
        2L), .Dimnames = list(c("-2", "-1", "0", "1"), c("A", 
        "G"))))))
