Results <-
list(`bwaOutput/20210421msiMNRsJenny/261890A9_S32.sam` = list(
    LR44_SNP1 = list(All = list(Freqs = structure(c(0L, 0L, 0L, 
    13L, 0L, 0L, 0L, 68L, 459L, 553L, 1757L, 292L, 8L, 13L, 0L, 
    1L, 6L, 26L, 2L, 0L, 0L), .Dim = c(7L, 3L), .Dimnames = structure(list(
        c("-3", "-2", "-1", "0", "1", "2", NA), c("C", "T", NA
        )), .Names = c("", "")), class = "table"), N = 3198L), 
        Tag.Distribution = structure(c(`1` = 58L, `2` = 52L, 
        `3` = 53L, `4` = 48L, `5` = 43L, `6` = 40L, `7` = 44L, 
        `8` = 33L, `9` = 25L, `10` = 19L, `11` = 19L, `12` = 13L, 
        `13` = 11L, `14` = 7L, `15` = 7L, `16` = 9L, `17` = 7L, 
        `18` = 3L, `19` = 3L, `20` = 1L, `21` = 2L), .Dim = 21L, .Dimnames = structure(list(
            c("1", "2", "3", "4", "5", "6", "7", "8", "9", "10", 
            "11", "12", "13", "14", "15", "16", "17", "18", "19", 
            "20", "21")), .Names = ""), class = "table"), No.Tag = structure(c(0L, 
        0L, 0L, 1L, 0L, 0L, 0L, 2L, 9L, 22L, 48L, 2L, 0L, 2L, 
        0L, 0L, 0L, 10L, 0L, 0L, 0L), .Dim = c(7L, 3L), .Dimnames = structure(list(
            c("-3", "-2", "-1", "0", "1", "2", NA), c("C", "T", 
            NA)), .Names = c("", "")), class = "table"), All.Tags = list(
            Concordant = list(Freqs = structure(c(0, 0, 0, 3, 
            0, 0, 10, 60, 58, 173, 17, 0), .Dim = c(6L, 2L), .Dimnames = list(
                c("-3", "-2", "-1", "0", "1", "2"), c("C", "T"
                ))), N = 321), Majority = list(Freqs = structure(c(0, 
            0, 0, 3, 0, 0, 11, 71, 73, 283, 40, 0), .Dim = c(6L, 
            2L), .Dimnames = list(c("-3", "-2", "-1", "0", "1", 
            "2"), c("C", "T"))), N = 481)), `2` = structure(c(0, 
        0, 0, 1, 0, 0, 9, 61, 63, 253, 37, 0), .Dim = c(6L, 2L
        ), .Dimnames = list(c("-3", "-2", "-1", "0", "1", "2"
        ), c("C", "T"))))))
