Results <-
list(`bwaOutput/20210421msiMNRsJenny/261890A9_S32.sam` = list(
    LR24_SNP1 = list(All = list(Freqs = structure(c(0L, 58L, 
    2711L, 3L, 1L, 10L, 1323L, 1331L, 1L, 7L, 0L, 2L, 15L, 0L, 
    0L), .Dim = c(5L, 3L), .Dimnames = structure(list(c("-2", 
    "-1", "0", "1", NA), c("A", "G", NA)), .Names = c("", "")), class = "table"), 
        N = 5462L), Tag.Distribution = structure(c(`1` = 326L, 
    `2` = 212L, `3` = 183L, `4` = 131L, `5` = 102L, `6` = 70L, 
    `7` = 49L, `8` = 54L, `9` = 33L, `10` = 29L, `11` = 29L, 
    `12` = 12L, `13` = 12L, `14` = 12L, `15` = 9L, `16` = 3L, 
    `17` = 1L, `18` = 3L, `19` = 4L, `20` = 1L, `21` = 1L, `25` = 1L, 
    `30` = 1L), .Dim = 23L, .Dimnames = structure(list(c("1", 
    "2", "3", "4", "5", "6", "7", "8", "9", "10", "11", "12", 
    "13", "14", "15", "16", "17", "18", "19", "20", "21", "25", 
    "30")), .Names = ""), class = "table"), No.Tag = structure(c(0L, 
    4L, 70L, 0L, 0L, 6L, 15L, 36L, 0L, 0L, 0L, 1L, 2L, 0L, 0L
    ), .Dim = c(5L, 3L), .Dimnames = structure(list(c("-2", "-1", 
    "0", "1", NA), c("A", "G", NA)), .Names = c("", "")), class = "table"), 
        All.Tags = list(Concordant = list(Freqs = structure(c(0, 
        6, 549, 0, 1, 260, 251, 0), .Dim = c(4L, 2L), .Dimnames = list(
            c("-2", "-1", "0", "1"), c("A", "G"))), N = 1067), 
            Majority = list(Freqs = structure(c(0, 8, 621, 0, 
            2, 300, 305, 0), .Dim = c(4L, 2L), .Dimnames = list(
                c("-2", "-1", "0", "1"), c("A", "G"))), N = 1236)), 
        `2` = structure(c(0, 7, 458, 0, 1, 225, 226, 0), .Dim = c(4L, 
        2L), .Dimnames = list(c("-2", "-1", "0", "1"), c("A", 
        "G"))))))
