Results <-
list(`bwaOutput/20210421msiMNRsJenny/261890A9_S32.sam` = list(
    LR17_SNP1 = list(All = list(Freqs = structure(c(9L, 2090L, 
    2002L, 2953L, 47L, 1L, 55L, 0L, 5L, 22L, 66L, 1L, 0L, 0L), .Dim = c(7L, 
    2L), .Dimnames = structure(list(c("-3", "-2", "-1", "0", 
    "1", "2", NA), c("A", NA)), .Names = c("", "")), class = "table"), 
        N = 7251L), Tag.Distribution = structure(c(`1` = 97L, 
    `2` = 85L, `3` = 87L, `4` = 89L, `5` = 77L, `6` = 78L, `7` = 82L, 
    `8` = 62L, `9` = 54L, `10` = 55L, `11` = 39L, `12` = 33L, 
    `13` = 37L, `14` = 20L, `15` = 22L, `16` = 14L, `17` = 13L, 
    `18` = 11L, `19` = 5L, `20` = 6L, `21` = 4L, `22` = 3L, `23` = 3L, 
    `24` = 2L, `27` = 2L, `28` = 1L, `33` = 1L, `34` = 1L), .Dim = 28L, .Dimnames = structure(list(
        c("1", "2", "3", "4", "5", "6", "7", "8", "9", "10", 
        "11", "12", "13", "14", "15", "16", "17", "18", "19", 
        "20", "21", "22", "23", "24", "27", "28", "33", "34")), .Names = ""), class = "table"), 
        No.Tag = structure(c(0L, 36L, 76L, 95L, 4L, 0L, 3L, 0L, 
        0L, 1L, 3L, 0L, 0L, 0L), .Dim = c(7L, 2L), .Dimnames = structure(list(
            c("-3", "-2", "-1", "0", "1", "2", NA), c("A", NA
            )), .Names = c("", "")), class = "table"), All.Tags = list(
            Concordant = list(Freqs = structure(c(0, 230, 206, 
            298, 1, 0), .Dim = c(6L, 1L), .Dimnames = list(c("-3", 
            "-2", "-1", "0", "1", "2"), "A")), N = 735), Majority = list(
                Freqs = structure(c(0, 271, 275, 411, 1, 0), .Dim = c(6L, 
                1L), .Dimnames = list(c("-3", "-2", "-1", "0", 
                "1", "2"), "A")), N = 958)), `2` = structure(c(0, 
        251, 246, 375, 0, 0), .Dim = c(6L, 1L), .Dimnames = list(
            c("-3", "-2", "-1", "0", "1", "2"), "A")))))
