Results <-
list(`bwaOutput/20210421msiMNRsJenny/261890A9_S32.sam` = list(
    GM26_SNP1 = list(All = list(Freqs = structure(c(19L, 579L, 
    1205L, 18L, 5L, 0L, 0L, 18L, 0L, 0L, 1L, 1L, 5L, 0L, 0L), .Dim = c(5L, 
    3L), .Dimnames = structure(list(c("-2", "-1", "0", "1", NA
    ), c("A", "G", NA)), .Names = c("", "")), class = "table"), 
        N = 1851L), Tag.Distribution = structure(c(`1` = 46L, 
    `2` = 26L, `3` = 24L, `4` = 22L, `5` = 19L, `6` = 24L, `7` = 10L, 
    `8` = 16L, `9` = 27L, `10` = 11L, `11` = 11L, `12` = 6L, 
    `13` = 7L, `14` = 7L, `15` = 4L, `16` = 2L, `17` = 3L, `18` = 3L, 
    `19` = 1L, `22` = 3L, `23` = 3L, `25` = 1L), .Dim = 22L, .Dimnames = structure(list(
        c("1", "2", "3", "4", "5", "6", "7", "8", "9", "10", 
        "11", "12", "13", "14", "15", "16", "17", "18", "19", 
        "22", "23", "25")), .Names = ""), class = "table"), No.Tag = structure(c(0L, 
    11L, 22L, 10L, 1L, 0L, 0L, 0L, 0L, 0L, 0L, 0L, 1L, 0L, 0L
    ), .Dim = c(5L, 3L), .Dimnames = structure(list(c("-2", "-1", 
    "0", "1", NA), c("A", "G", NA)), .Names = c("", "")), class = "table"), 
        All.Tags = list(Concordant = list(Freqs = structure(c(0, 
        71, 174, 1, 0, 0, 1, 0), .Dim = c(4L, 2L), .Dimnames = list(
            c("-2", "-1", "0", "1"), c("A", "G"))), N = 247), 
            Majority = list(Freqs = structure(c(1, 79, 194, 1, 
            0, 0, 1, 0), .Dim = c(4L, 2L), .Dimnames = list(c("-2", 
            "-1", "0", "1"), c("A", "G"))), N = 276)), `2` = structure(c(1, 
        68, 160, 0, 0, 0, 1, 0), .Dim = c(4L, 2L), .Dimnames = list(
            c("-2", "-1", "0", "1"), c("A", "G"))))))
