Results <-
list(`bwaOutput/20210421msiMNRsJenny/261890A9_S32.sam` = list(
    IM49_SNP1 = list(All = list(Freqs = structure(c(10L, 1065L, 
    54L, 948L, 26L, 0L, 14L, 11L, 476L, 510L, 739L, 13L, 1L, 
    7L, 0L, 4L, 7L, 36L, 0L, 0L, 0L), .Dim = c(7L, 3L), .Dimnames = structure(list(
        c("-3", "-2", "-1", "0", "1", "2", NA), c("C", "G", NA
        )), .Names = c("", "")), class = "table"), N = 3921L), 
        Tag.Distribution = structure(c(`1` = 111L, `2` = 68L, 
        `3` = 70L, `4` = 59L, `5` = 56L, `6` = 53L, `7` = 44L, 
        `8` = 27L, `9` = 29L, `10` = 34L, `11` = 13L, `12` = 18L, 
        `13` = 8L, `14` = 16L, `15` = 10L, `16` = 8L, `17` = 4L, 
        `18` = 2L, `19` = 5L, `20` = 1L, `21` = 2L, `22` = 2L, 
        `25` = 2L), .Dim = 23L, .Dimnames = structure(list(c("1", 
        "2", "3", "4", "5", "6", "7", "8", "9", "10", "11", "12", 
        "13", "14", "15", "16", "17", "18", "19", "20", "21", 
        "22", "25")), .Names = ""), class = "table"), No.Tag = structure(c(2L, 
        74L, 3L, 36L, 0L, 0L, 0L, 0L, 13L, 38L, 15L, 0L, 0L, 
        0L, 0L, 0L, 1L, 3L, 0L, 0L, 0L), .Dim = c(7L, 3L), .Dimnames = structure(list(
            c("-3", "-2", "-1", "0", "1", "2", NA), c("C", "G", 
            NA)), .Names = c("", "")), class = "table"), All.Tags = list(
            Concordant = list(Freqs = structure(c(1, 157, 6, 
            122, 0, 0, 0, 75, 64, 80, 2, 0), .Dim = c(6L, 2L), .Dimnames = list(
                c("-3", "-2", "-1", "0", "1", "2"), c("C", "G"
                ))), N = 507), Majority = list(Freqs = structure(c(1, 
            173, 6, 162, 1, 0, 1, 86, 85, 110, 2, 0), .Dim = c(6L, 
            2L), .Dimnames = list(c("-3", "-2", "-1", "0", "1", 
            "2"), c("C", "G"))), N = 627)), `2` = structure(c(0, 
        144, 3, 139, 1, 0, 1, 64, 71, 98, 1, 0), .Dim = c(6L, 
        2L), .Dimnames = list(c("-3", "-2", "-1", "0", "1", "2"
        ), c("C", "G"))))))
