Results <-
list(`bwaOutput/20210421msiMNRsJenny/261890A9_S32.sam` = list(
    LR48_SNP1 = list(All = list(Freqs = structure(c(1L, 3L, 252L, 
    1021L, 15L, 5L, 1L, 16L, 1048L, 498L, 14L, 9L, 0L, 0L, 3L, 
    7L, 0L, 0L), .Dim = c(6L, 3L), .Dimnames = structure(list(
        c("-3", "-2", "-1", "0", "1", NA), c("C", "T", NA)), .Names = c("", 
    "")), class = "table"), N = 2893L), Tag.Distribution = structure(c(`1` = 39L, 
    `2` = 17L, `3` = 21L, `4` = 21L, `5` = 22L, `6` = 17L, `7` = 29L, 
    `8` = 21L, `9` = 15L, `10` = 13L, `11` = 20L, `12` = 14L, 
    `13` = 16L, `14` = 13L, `15` = 12L, `16` = 14L, `17` = 3L, 
    `18` = 3L, `19` = 6L, `20` = 7L, `21` = 4L, `22` = 1L, `23` = 1L, 
    `25` = 1L, `28` = 1L, `30` = 1L), .Dim = 26L, .Dimnames = structure(list(
        c("1", "2", "3", "4", "5", "6", "7", "8", "9", "10", 
        "11", "12", "13", "14", "15", "16", "17", "18", "19", 
        "20", "21", "22", "23", "25", "28", "30")), .Names = ""), class = "table"), 
        No.Tag = structure(c(0L, 0L, 9L, 30L, 0L, 1L, 0L, 0L, 
        15L, 15L, 1L, 0L, 0L, 0L, 1L, 0L, 0L, 0L), .Dim = c(6L, 
        3L), .Dimnames = structure(list(c("-3", "-2", "-1", "0", 
        "1", NA), c("C", "T", NA)), .Names = c("", "")), class = "table"), 
        All.Tags = list(Concordant = list(Freqs = structure(c(0, 
        0, 18, 90, 1, 0, 0, 91, 40, 1), .Dim = c(5L, 2L), .Dimnames = list(
            c("-3", "-2", "-1", "0", "1"), c("C", "T"))), N = 241), 
            Majority = list(Freqs = structure(c(0, 0, 26, 123, 
            1, 0, 0, 117, 59, 1), .Dim = c(5L, 2L), .Dimnames = list(
                c("-3", "-2", "-1", "0", "1"), c("C", "T"))), 
                N = 327)), `2` = structure(c(0, 0, 26, 106, 0, 
        0, 0, 107, 53, 0), .Dim = c(5L, 2L), .Dimnames = list(
            c("-3", "-2", "-1", "0", "1"), c("C", "T"))))))
