Results <-
list(`bwaOutput/20210421msiMNRsJenny/261890A9_S32.sam` = list(
    GM09_SNP1 = list(All = list(Freqs = structure(c(0L, 0L, 6L, 
    0L, 0L, 1L, 169L, 3958L, 7L, 4L, 0L, 0L, 3L, 0L, 0L, 0L, 
    0L, 17L, 0L, 0L), .Dim = 5:4, .Dimnames = structure(list(
        c("-2", "-1", "0", "1", NA), c("A", "G", "T", NA)), .Names = c("", 
    "")), class = "table"), N = 4165L), Tag.Distribution = structure(c(`1` = 89L, 
    `2` = 57L, `3` = 54L, `4` = 63L, `5` = 55L, `6` = 62L, `7` = 45L, 
    `8` = 38L, `9` = 28L, `10` = 33L, `11` = 26L, `12` = 16L, 
    `13` = 19L, `14` = 7L, `15` = 15L, `16` = 6L, `17` = 8L, 
    `18` = 3L, `19` = 2L, `20` = 1L, `21` = 3L, `22` = 2L, `24` = 1L, 
    `26` = 1L, `31` = 1L, `36` = 1L), .Dim = 26L, .Dimnames = structure(list(
        c("1", "2", "3", "4", "5", "6", "7", "8", "9", "10", 
        "11", "12", "13", "14", "15", "16", "17", "18", "19", 
        "20", "21", "22", "24", "26", "31", "36")), .Names = ""), class = "table"), 
        No.Tag = structure(c(0L, 0L, 2L, 0L, 0L, 0L, 5L, 74L, 
        0L, 0L, 0L, 0L, 0L, 0L, 0L, 0L, 0L, 3L, 0L, 0L), .Dim = 5:4, .Dimnames = structure(list(
            c("-2", "-1", "0", "1", NA), c("A", "G", "T", NA)), .Names = c("", 
        "")), class = "table"), All.Tags = list(Concordant = list(
            Freqs = structure(c(0, 0, 3, 0, 0, 19, 578, 1, 0, 
            0, 1, 0), .Dim = 4:3, .Dimnames = list(c("-2", "-1", 
            "0", "1"), c("A", "G", "T"))), N = 602), Majority = list(
            Freqs = structure(c(0, 0, 3, 0, 0, 24, 599, 1, 0, 
            0, 1, 0), .Dim = 4:3, .Dimnames = list(c("-2", "-1", 
            "0", "1"), c("A", "G", "T"))), N = 628)), `2` = structure(c(0, 
        0, 0, 0, 0, 23, 521, 0, 0, 0, 1, 0), .Dim = 4:3, .Dimnames = list(
            c("-2", "-1", "0", "1"), c("A", "G", "T"))))))
