Results <-
list(`bwaOutput/20210421msiMNRsJenny/261890A9_S32.sam` = list(
    LR11_SNP1 = list(All = list(Freqs = structure(c(0L, 1L, 0L, 
    0L, 0L, 0L, 0L, 2L, 150L, 1867L, 591L, 13L, 1L, 14L, 0L, 
    0L, 1L, 0L, 0L, 0L, 0L, 0L, 0L, 12L, 5L, 0L, 0L, 0L), .Dim = c(7L, 
    4L), .Dimnames = structure(list(c("-2", "-1", "0", "1", "2", 
    "3", NA), c("A", "C", "T", NA)), .Names = c("", "")), class = "table"), 
        N = 2657L), Tag.Distribution = structure(c(`1` = 67L, 
    `2` = 52L, `3` = 54L, `4` = 53L, `5` = 40L, `6` = 40L, `7` = 37L, 
    `8` = 32L, `9` = 21L, `10` = 20L, `11` = 15L, `12` = 10L, 
    `13` = 10L, `15` = 4L, `16` = 4L, `18` = 2L, `19` = 2L, `20` = 2L, 
    `21` = 2L, `24` = 1L), .Dim = 20L, .Dimnames = structure(list(
        c("1", "2", "3", "4", "5", "6", "7", "8", "9", "10", 
        "11", "12", "13", "15", "16", "18", "19", "20", "21", 
        "24")), .Names = ""), class = "table"), No.Tag = structure(c(0L, 
    0L, 0L, 0L, 0L, 0L, 0L, 0L, 0L, 38L, 8L, 0L, 0L, 0L, 0L, 
    0L, 0L, 0L, 0L, 0L, 0L, 0L, 0L, 1L, 2L, 0L, 0L, 0L), .Dim = c(7L, 
    4L), .Dimnames = structure(list(c("-2", "-1", "0", "1", "2", 
    "3", NA), c("A", "C", "T", NA)), .Names = c("", "")), class = "table"), 
        All.Tags = list(Concordant = list(Freqs = structure(c(0, 
        1, 0, 0, 0, 0, 0, 21, 296, 81, 0, 0, 0, 0, 0, 0, 0, 0
        ), .Dim = c(6L, 3L), .Dimnames = list(c("-2", "-1", "0", 
        "1", "2", "3"), c("A", "C", "T"))), N = 399), Majority = list(
            Freqs = structure(c(0, 1, 0, 0, 0, 0, 0, 23, 332, 
            101, 0, 0, 0, 0, 0, 0, 0, 0), .Dim = c(6L, 3L), .Dimnames = list(
                c("-2", "-1", "0", "1", "2", "3"), c("A", "C", 
                "T"))), N = 457)), `2` = structure(c(0, 0, 0, 
        0, 0, 0, 0, 18, 282, 93, 0, 0, 0, 0, 0, 0, 0, 0), .Dim = c(6L, 
        3L), .Dimnames = list(c("-2", "-1", "0", "1", "2", "3"
        ), c("A", "C", "T"))))))
