Results <-
list(`bwaOutput/20210421msiMNRsJenny/261890A9_S32.sam` = list(
    IM16_SNP1 = list(All = list(Freqs = structure(c(1L, 4L, 1012L, 
    609L, 15L, 5L, 0L, 0L, 46L, 1588L, 18L, 2L, 0L, 0L, 0L, 1L, 
    0L, 0L, 0L, 0L, 5L, 9L, 0L, 0L), .Dim = c(6L, 4L), .Dimnames = structure(list(
        c("-3", "-2", "-1", "0", "1", NA), c("A", "G", "T", NA
        )), .Names = c("", "")), class = "table"), N = 3315L), 
        Tag.Distribution = structure(c(`1` = 40L, `2` = 48L, 
        `3` = 35L, `4` = 36L, `5` = 52L, `6` = 34L, `7` = 46L, 
        `8` = 23L, `9` = 19L, `10` = 19L, `11` = 26L, `12` = 11L, 
        `13` = 10L, `14` = 20L, `15` = 7L, `16` = 8L, `17` = 7L, 
        `18` = 4L, `19` = 3L, `20` = 4L, `22` = 1L, `23` = 1L, 
        `25` = 1L, `26` = 1L, `27` = 1L, `28` = 1L), .Dim = 26L, .Dimnames = structure(list(
            c("1", "2", "3", "4", "5", "6", "7", "8", "9", "10", 
            "11", "12", "13", "14", "15", "16", "17", "18", "19", 
            "20", "22", "23", "25", "26", "27", "28")), .Names = ""), class = "table"), 
        No.Tag = structure(c(0L, 0L, 19L, 2L, 0L, 1L, 0L, 0L, 
        0L, 35L, 0L, 0L, 0L, 0L, 0L, 0L, 0L, 0L, 0L, 0L, 0L, 
        2L, 0L, 0L), .Dim = c(6L, 4L), .Dimnames = structure(list(
            c("-3", "-2", "-1", "0", "1", NA), c("A", "G", "T", 
            NA)), .Names = c("", "")), class = "table"), All.Tags = list(
            Concordant = list(Freqs = structure(c(0, 0, 114, 
            69, 0, 0, 0, 6, 200, 0, 0, 0, 0, 0, 0), .Dim = c(5L, 
            3L), .Dimnames = list(c("-3", "-2", "-1", "0", "1"
            ), c("A", "G", "T"))), N = 389), Majority = list(
                Freqs = structure(c(0, 1, 128, 87, 0, 0, 0, 6, 
                234, 0, 0, 0, 0, 0, 0), .Dim = c(5L, 3L), .Dimnames = list(
                  c("-3", "-2", "-1", "0", "1"), c("A", "G", 
                  "T"))), N = 456)), `2` = structure(c(0, 1, 
        119, 79, 0, 0, 0, 6, 211, 0, 0, 0, 0, 0, 0), .Dim = c(5L, 
        3L), .Dimnames = list(c("-3", "-2", "-1", "0", "1"), 
            c("A", "G", "T"))))))
