Results <-
list(`bwaOutput/20210421msiMNRsJenny/261890A9_S32.sam` = list(
    LR20_SNP1 = list(All = list(Freqs = structure(c(4L, 1326L, 
    4L, 1L, 11L, 911L, 4L, 0L, 0L, 7L, 0L, 0L), .Dim = 4:3, .Dimnames = structure(list(
        c("-1", "0", "1", NA), c("A", "G", NA)), .Names = c("", 
    "")), class = "table"), N = 2268L), Tag.Distribution = structure(c(`1` = 75L, 
    `2` = 38L, `3` = 41L, `4` = 39L, `5` = 30L, `6` = 34L, `7` = 19L, 
    `8` = 17L, `9` = 18L, `10` = 22L, `11` = 5L, `12` = 10L, 
    `13` = 4L, `14` = 14L, `15` = 5L, `16` = 2L, `17` = 2L, `18` = 4L, 
    `19` = 1L, `20` = 3L, `21` = 1L, `27` = 1L), .Dim = 22L, .Dimnames = structure(list(
        c("1", "2", "3", "4", "5", "6", "7", "8", "9", "10", 
        "11", "12", "13", "14", "15", "16", "17", "18", "19", 
        "20", "21", "27")), .Names = ""), class = "table"), No.Tag = structure(c(0L, 
    27L, 2L, 1L, 0L, 40L, 0L, 0L, 0L, 0L, 0L, 0L), .Dim = 4:3, .Dimnames = structure(list(
        c("-1", "0", "1", NA), c("A", "G", NA)), .Names = c("", 
    "")), class = "table"), All.Tags = list(Concordant = list(
        Freqs = structure(c(1, 228, 0, 1, 131, 0), .Dim = 3:2, .Dimnames = list(
            c("-1", "0", "1"), c("A", "G"))), N = 361), Majority = list(
        Freqs = structure(c(1, 237, 0, 1, 141, 0), .Dim = 3:2, .Dimnames = list(
            c("-1", "0", "1"), c("A", "G"))), N = 380)), `2` = structure(c(1, 
    190, 0, 1, 116, 0), .Dim = 3:2, .Dimnames = list(c("-1", 
    "0", "1"), c("A", "G"))))))
