Results <-
list(`bwaOutput/20210421msiMNRsJenny/261890A9_S32.sam` = list(
    GM14_SNP1 = list(All = list(Freqs = structure(c(0L, 0L, 0L, 
    1L, 0L, 0L, 8L, 335L, 1168L, 3219L, 24L, 54L, 0L, 0L, 0L, 
    4L, 0L, 0L, 0L, 0L, 0L, 19L, 0L, 0L), .Dim = c(6L, 4L), .Dimnames = structure(list(
        c("-3", "-2", "-1", "0", "1", NA), c("-", "C", "T", NA
        )), .Names = c("", "")), class = "table"), N = 4832L), 
        Tag.Distribution = structure(c(`1` = 66L, `2` = 50L, 
        `3` = 61L, `4` = 55L, `5` = 57L, `6` = 62L, `7` = 54L, 
        `8` = 43L, `9` = 41L, `10` = 37L, `11` = 33L, `12` = 28L, 
        `13` = 17L, `14` = 19L, `15` = 13L, `16` = 5L, `17` = 8L, 
        `18` = 6L, `19` = 4L, `21` = 3L, `22` = 2L, `23` = 2L, 
        `24` = 2L, `25` = 2L, `26` = 1L, `29` = 1L), .Dim = 26L, .Dimnames = structure(list(
            c("1", "2", "3", "4", "5", "6", "7", "8", "9", "10", 
            "11", "12", "13", "14", "15", "16", "17", "18", "19", 
            "21", "22", "23", "24", "25", "26", "29")), .Names = ""), class = "table"), 
        No.Tag = structure(c(0L, 0L, 0L, 0L, 0L, 0L, 0L, 1L, 
        11L, 40L, 0L, 1L, 0L, 0L, 0L, 2L, 0L, 0L, 0L, 0L, 0L, 
        3L, 0L, 0L), .Dim = c(6L, 4L), .Dimnames = structure(list(
            c("-3", "-2", "-1", "0", "1", NA), c("-", "C", "T", 
            NA)), .Names = c("", "")), class = "table"), All.Tags = list(
            Concordant = list(Freqs = structure(c(0, 0, 0, 0, 
            0, 1, 39, 125, 363, 0, 0, 0, 0, 2, 0), .Dim = c(5L, 
            3L), .Dimnames = list(c("-3", "-2", "-1", "0", "1"
            ), c("-", "C", "T"))), N = 530), Majority = list(
                Freqs = structure(c(0, 0, 0, 0, 0, 1, 44, 158, 
                457, 0, 0, 0, 0, 2, 0), .Dim = c(5L, 3L), .Dimnames = list(
                  c("-3", "-2", "-1", "0", "1"), c("-", "C", 
                  "T"))), N = 662)), `2` = structure(c(0, 0, 
        0, 0, 0, 1, 40, 145, 413, 0, 0, 0, 0, 0, 0), .Dim = c(5L, 
        3L), .Dimnames = list(c("-3", "-2", "-1", "0", "1"), 
            c("-", "C", "T"))))))
