Results <-
list(`bwaOutput/20210421msiMNRsJenny/261890A9_S32.sam` = list(
    LR36_SNP1 = list(All = list(Freqs = structure(c(1L, 3L, 366L, 
    634L, 923L, 10L, 22L, 2L, 5L, 302L, 831L, 962L, 4L, 17L, 
    0L, 1L, 3L, 10L, 42L, 0L, 0L), .Dim = c(7L, 3L), .Dimnames = structure(list(
        c("-4", "-3", "-2", "-1", "0", "1", NA), c("A", "T", 
        NA)), .Names = c("", "")), class = "table"), N = 4138L), 
        Tag.Distribution = structure(c(`1` = 107L, `2` = 60L, 
        `3` = 48L, `4` = 59L, `5` = 47L, `6` = 55L, `7` = 50L, 
        `8` = 26L, `9` = 32L, `10` = 24L, `11` = 28L, `12` = 21L, 
        `13` = 13L, `14` = 19L, `15` = 11L, `16` = 11L, `17` = 4L, 
        `18` = 1L, `20` = 2L, `22` = 2L, `23` = 5L, `24` = 2L, 
        `26` = 1L, `37` = 1L), .Dim = 24L, .Dimnames = structure(list(
            c("1", "2", "3", "4", "5", "6", "7", "8", "9", "10", 
            "11", "12", "13", "14", "15", "16", "17", "18", "20", 
            "22", "23", "24", "26", "37")), .Names = ""), class = "table"), 
        No.Tag = structure(c(0L, 0L, 10L, 22L, 19L, 0L, 1L, 0L, 
        0L, 22L, 23L, 45L, 0L, 0L, 0L, 0L, 0L, 3L, 3L, 0L, 0L
        ), .Dim = c(7L, 3L), .Dimnames = structure(list(c("-4", 
        "-3", "-2", "-1", "0", "1", NA), c("A", "T", NA)), .Names = c("", 
        "")), class = "table"), All.Tags = list(Concordant = list(
            Freqs = structure(c(0, 0, 42, 93, 121, 1, 0, 1, 26, 
            89, 114, 0), .Dim = c(6L, 2L), .Dimnames = list(c("-4", 
            "-3", "-2", "-1", "0", "1"), c("A", "T"))), N = 487), 
            Majority = list(Freqs = structure(c(0, 0, 49, 105, 
            152, 1, 0, 1, 36, 113, 148, 1), .Dim = c(6L, 2L), .Dimnames = list(
                c("-4", "-3", "-2", "-1", "0", "1"), c("A", "T"
                ))), N = 606)), `2` = structure(c(0, 0, 43, 82, 
        127, 0, 0, 0, 30, 107, 123, 1), .Dim = c(6L, 2L), .Dimnames = list(
            c("-4", "-3", "-2", "-1", "0", "1"), c("A", "T"))))))
