Results <-
list(`bwaOutput/20210421msiMNRsJenny/261890A9_S32.sam` = list(
    GM07_SNP1 = list(All = list(Freqs = structure(c(5L, 304L, 
    736L, 647L, 17L, 1L, 12L, 1L, 47L, 717L, 633L, 12L, 0L, 10L, 
    0L, 0L, 2L, 0L, 0L, 0L, 0L, 0L, 0L, 2L, 8L, 0L, 0L, 0L), .Dim = c(7L, 
    4L), .Dimnames = structure(list(c("-3", "-2", "-1", "0", 
    "1", "2", NA), c("A", "G", "T", NA)), .Names = c("", "")), class = "table"), 
        N = 3154L), Tag.Distribution = structure(c(`1` = 62L, 
    `2` = 58L, `3` = 47L, `4` = 40L, `5` = 41L, `6` = 32L, `7` = 41L, 
    `8` = 39L, `9` = 24L, `10` = 25L, `11` = 19L, `12` = 15L, 
    `13` = 9L, `14` = 8L, `15` = 6L, `16` = 3L, `17` = 9L, `18` = 2L, 
    `19` = 2L, `21` = 1L, `23` = 2L, `25` = 1L, `28` = 1L, `32` = 1L
    ), .Dim = 24L, .Dimnames = structure(list(c("1", "2", "3", 
    "4", "5", "6", "7", "8", "9", "10", "11", "12", "13", "14", 
    "15", "16", "17", "18", "19", "21", "23", "25", "28", "32"
    )), .Names = ""), class = "table"), No.Tag = structure(c(0L, 
    11L, 23L, 24L, 1L, 0L, 1L, 0L, 1L, 13L, 4L, 0L, 0L, 0L, 0L, 
    0L, 0L, 0L, 0L, 0L, 0L, 0L, 0L, 0L, 0L, 0L, 0L, 0L), .Dim = c(7L, 
    4L), .Dimnames = structure(list(c("-3", "-2", "-1", "0", 
    "1", "2", NA), c("A", "G", "T", NA)), .Names = c("", "")), class = "table"), 
        All.Tags = list(Concordant = list(Freqs = structure(c(2, 
        47, 87, 72, 0, 0, 0, 1, 93, 63, 0, 0, 0, 0, 1, 0, 0, 
        0), .Dim = c(6L, 3L), .Dimnames = list(c("-3", "-2", 
        "-1", "0", "1", "2"), c("A", "G", "T"))), N = 366), Majority = list(
            Freqs = structure(c(2, 48, 108, 107, 0, 0, 0, 4, 
            112, 95, 1, 0, 0, 0, 1, 0, 0, 0), .Dim = c(6L, 3L
            ), .Dimnames = list(c("-3", "-2", "-1", "0", "1", 
            "2"), c("A", "G", "T"))), N = 478)), `2` = structure(c(1, 
        39, 96, 93, 0, 0, 0, 4, 99, 85, 1, 0, 0, 0, 1, 0, 0, 
        0), .Dim = c(6L, 3L), .Dimnames = list(c("-3", "-2", 
        "-1", "0", "1", "2"), c("A", "G", "T"))))))
