Results <-
list(`bwaOutput/20210421msiMNRsJenny/261890A9_S32.sam` = list(
    LR10_SNP1 = list(All = list(Freqs = structure(c(5L, 622L, 
    660L, 5L, 4L, 8L, 119L, 1411L, 7L, 1L, 0L, 0L, 16L, 0L, 0L
    ), .Dim = c(5L, 3L), .Dimnames = structure(list(c("-2", "-1", 
    "0", "1", NA), c("C", "T", NA)), .Names = c("", "")), class = "table"), 
        N = 2858L), Tag.Distribution = structure(c(`1` = 66L, 
    `2` = 57L, `3` = 62L, `4` = 54L, `5` = 38L, `6` = 40L, `7` = 34L, 
    `8` = 40L, `9` = 25L, `10` = 24L, `11` = 18L, `12` = 7L, 
    `13` = 15L, `14` = 6L, `15` = 3L, `16` = 1L, `17` = 1L, `18` = 2L, 
    `19` = 3L, `20` = 1L), .Dim = 20L, .Dimnames = structure(list(
        c("1", "2", "3", "4", "5", "6", "7", "8", "9", "10", 
        "11", "12", "13", "14", "15", "16", "17", "18", "19", 
        "20")), .Names = ""), class = "table"), No.Tag = structure(c(0L, 
    10L, 25L, 0L, 0L, 0L, 2L, 28L, 1L, 1L, 0L, 0L, 4L, 0L, 0L
    ), .Dim = c(5L, 3L), .Dimnames = structure(list(c("-2", "-1", 
    "0", "1", NA), c("C", "T", NA)), .Names = c("", "")), class = "table"), 
        All.Tags = list(Concordant = list(Freqs = structure(c(0, 
        101, 92, 1, 0, 11, 223, 0), .Dim = c(4L, 2L), .Dimnames = list(
            c("-2", "-1", "0", "1"), c("C", "T"))), N = 428), 
            Majority = list(Freqs = structure(c(0, 112, 111, 
            1, 1, 14, 249, 0), .Dim = c(4L, 2L), .Dimnames = list(
                c("-2", "-1", "0", "1"), c("C", "T"))), N = 488)), 
        `2` = structure(c(0, 96, 97, 0, 1, 14, 214, 0), .Dim = c(4L, 
        2L), .Dimnames = list(c("-2", "-1", "0", "1"), c("C", 
        "T"))))))
