Results <-
list(`bwaOutput/20210421msiMNRsJenny/262323A10_S27.sam` = list(
    LR17_SNP1 = list(All = list(Freqs = structure(c(17L, 698L, 
    3675L, 51L, 1L, 29L, 0L, 0L, 1L, 0L, 0L, 0L, 0L, 11L, 117L, 
    0L, 0L, 0L), .Dim = c(6L, 3L), .Dimnames = structure(list(
        c("-2", "-1", "0", "1", "2", NA), c("A", "G", NA)), .Names = c("", 
    "")), class = "table"), N = 4600L), Tag.Distribution = structure(c(`1` = 211L, 
    `2` = 178L, `3` = 166L, `4` = 114L, `5` = 101L, `6` = 83L, 
    `7` = 64L, `8` = 53L, `9` = 37L, `10` = 19L, `11` = 13L, 
    `12` = 7L, `13` = 7L, `14` = 4L, `15` = 5L, `16` = 1L, `18` = 1L, 
    `21` = 1L, `26` = 1L), .Dim = 19L, .Dimnames = structure(list(
        c("1", "2", "3", "4", "5", "6", "7", "8", "9", "10", 
        "11", "12", "13", "14", "15", "16", "18", "21", "26")), .Names = ""), class = "table"), 
        No.Tag = structure(c(1L, 15L, 122L, 1L, 0L, 2L, 0L, 0L, 
        0L, 0L, 0L, 0L, 0L, 2L, 8L, 0L, 0L, 0L), .Dim = c(6L, 
        3L), .Dimnames = structure(list(c("-2", "-1", "0", "1", 
        "2", NA), c("A", "G", NA)), .Names = c("", "")), class = "table"), 
        All.Tags = list(Concordant = list(Freqs = structure(c(0, 
        117, 750, 2, 0, 0, 0, 0, 0, 0), .Dim = c(5L, 2L), .Dimnames = list(
            c("-2", "-1", "0", "1", "2"), c("A", "G"))), N = 869), 
            Majority = list(Freqs = structure(c(1, 145, 894, 
            4, 0, 0, 0, 0, 0, 0), .Dim = c(5L, 2L), .Dimnames = list(
                c("-2", "-1", "0", "1", "2"), c("A", "G"))), 
                N = 1044)), `2` = structure(c(1, 114, 722, 3, 
        0, 0, 0, 0, 0, 0), .Dim = c(5L, 2L), .Dimnames = list(
            c("-2", "-1", "0", "1", "2"), c("A", "G"))))))
