Results <-
list(`bwaOutput/20210421msiMNRsJenny/262323A10_S27.sam` = list(
    LR48_SNP1 = list(All = list(Freqs = structure(c(309L, 39L, 
    1123L, 21L, 1L, 13L, 7L, 394L, 1064L, 13L, 0L, 9L, 0L, 2L, 
    18L, 0L, 1L, 0L), .Dim = c(6L, 3L), .Dimnames = structure(list(
        c("-2", "-1", "0", "1", "2", NA), c("C", "T", NA)), .Names = c("", 
    "")), class = "table"), N = 3014L), Tag.Distribution = structure(c(`1` = 122L, 
    `2` = 71L, `3` = 69L, `4` = 70L, `5` = 58L, `6` = 44L, `7` = 45L, 
    `8` = 38L, `9` = 29L, `10` = 12L, `11` = 12L, `12` = 10L, 
    `13` = 7L, `14` = 5L, `15` = 2L, `16` = 1L, `17` = 1L, `18` = 3L, 
    `19` = 3L, `25` = 1L), .Dim = 20L, .Dimnames = structure(list(
        c("1", "2", "3", "4", "5", "6", "7", "8", "9", "10", 
        "11", "12", "13", "14", "15", "16", "17", "18", "19", 
        "25")), .Names = ""), class = "table"), No.Tag = structure(c(16L, 
    3L, 47L, 0L, 0L, 2L, 0L, 2L, 24L, 0L, 0L, 0L, 0L, 0L, 3L, 
    0L, 0L, 0L), .Dim = c(6L, 3L), .Dimnames = structure(list(
        c("-2", "-1", "0", "1", "2", NA), c("C", "T", NA)), .Names = c("", 
    "")), class = "table"), All.Tags = list(Concordant = list(
        Freqs = structure(c(50, 0, 179, 0, 0, 1, 64, 170, 0, 
        0), .Dim = c(5L, 2L), .Dimnames = list(c("-2", "-1", 
        "0", "1", "2"), c("C", "T"))), N = 464), Majority = list(
        Freqs = structure(c(55, 1, 230, 0, 0, 1, 77, 223, 0, 
        0), .Dim = c(5L, 2L), .Dimnames = list(c("-2", "-1", 
        "0", "1", "2"), c("C", "T"))), N = 587)), `2` = structure(c(45, 
    1, 182, 0, 0, 1, 65, 175, 0, 0), .Dim = c(5L, 2L), .Dimnames = list(
        c("-2", "-1", "0", "1", "2"), c("C", "T"))))))
