Results <-
list(`bwaOutput/20210421msiMNRsJenny/262323A10_S27.sam` = list(
    GM07_SNP1 = list(All = list(Freqs = structure(c(0L, 0L, 0L, 
    1L, 0L, 0L, 0L, 9L, 780L, 210L, 1595L, 29L, 1L, 16L, 0L, 
    2L, 1L, 16L, 0L, 0L, 0L), .Dim = c(7L, 3L), .Dimnames = structure(list(
        c("-3", "-2", "-1", "0", "1", "2", NA), c("A", "G", NA
        )), .Names = c("", "")), class = "table"), N = 2660L), 
        Tag.Distribution = structure(c(`1` = 142L, `2` = 122L, 
        `3` = 113L, `4` = 81L, `5` = 66L, `6` = 45L, `7` = 48L, 
        `8` = 23L, `9` = 15L, `10` = 12L, `11` = 4L, `12` = 2L, 
        `13` = 3L, `14` = 1L, `15` = 1L, `16` = 1L, `18` = 1L
        ), .Dim = 17L, .Dimnames = structure(list(c("1", "2", 
        "3", "4", "5", "6", "7", "8", "9", "10", "11", "12", 
        "13", "14", "15", "16", "18")), .Names = ""), class = "table"), 
        No.Tag = structure(c(0L, 0L, 0L, 0L, 0L, 0L, 0L, 0L, 
        13L, 10L, 36L, 1L, 0L, 1L, 0L, 0L, 0L, 5L, 0L, 0L, 0L
        ), .Dim = c(7L, 3L), .Dimnames = structure(list(c("-3", 
        "-2", "-1", "0", "1", "2", NA), c("A", "G", NA)), .Names = c("", 
        "")), class = "table"), All.Tags = list(Concordant = list(
            Freqs = structure(c(0, 0, 0, 1, 0, 0, 0, 183, 35, 
            336, 1, 1), .Dim = c(6L, 2L), .Dimnames = list(c("-3", 
            "-2", "-1", "0", "1", "2"), c("A", "G"))), N = 557), 
            Majority = list(Freqs = structure(c(0, 0, 0, 1, 0, 
            0, 1, 202, 40, 410, 1, 1), .Dim = c(6L, 2L), .Dimnames = list(
                c("-3", "-2", "-1", "0", "1", "2"), c("A", "G"
                ))), N = 656)), `2` = structure(c(0, 0, 0, 0, 
        0, 0, 1, 156, 29, 335, 0, 0), .Dim = c(6L, 2L), .Dimnames = list(
            c("-3", "-2", "-1", "0", "1", "2"), c("A", "G"))))))
