Results <-
list(`bwaOutput/20210421msiMNRsJenny/262323A10_S27.sam` = list(
    GM14_SNP1 = list(All = list(Freqs = structure(c(16L, 519L, 
    253L, 2025L, 17L, 30L, 0L, 0L, 0L, 19L, 0L, 0L), .Dim = c(6L, 
    2L), .Dimnames = structure(list(c("-3", "-2", "-1", "0", 
    "1", NA), c("C", NA)), .Names = c("", "")), class = "table"), 
        N = 2879L), Tag.Distribution = structure(c(`1` = 133L, 
    `2` = 106L, `3` = 129L, `4` = 82L, `5` = 59L, `6` = 52L, 
    `7` = 28L, `8` = 39L, `9` = 15L, `10` = 14L, `11` = 7L, `12` = 8L, 
    `13` = 3L, `14` = 3L, `15` = 3L, `16` = 2L, `17` = 1L, `21` = 1L, 
    `24` = 1L), .Dim = 19L, .Dimnames = structure(list(c("1", 
    "2", "3", "4", "5", "6", "7", "8", "9", "10", "11", "12", 
    "13", "14", "15", "16", "17", "21", "24")), .Names = ""), class = "table"), 
        No.Tag = structure(c(0L, 13L, 3L, 18L, 1L, 0L, 0L, 0L, 
        0L, 1L, 0L, 0L), .Dim = c(6L, 2L), .Dimnames = structure(list(
            c("-3", "-2", "-1", "0", "1", NA), c("C", NA)), .Names = c("", 
        "")), class = "table"), All.Tags = list(Concordant = list(
            Freqs = structure(c(2, 116, 43, 432, 0), .Dim = c(5L, 
            1L), .Dimnames = list(c("-3", "-2", "-1", "0", "1"
            ), "C")), N = 593), Majority = list(Freqs = structure(c(2, 
        129, 50, 494, 0), .Dim = c(5L, 1L), .Dimnames = list(
            c("-3", "-2", "-1", "0", "1"), "C")), N = 675)), 
        `2` = structure(c(2, 108, 39, 396, 0), .Dim = c(5L, 1L
        ), .Dimnames = list(c("-3", "-2", "-1", "0", "1"), "C")))))
