Results <-
list(`bwaOutput/20210421msiMNRsJenny/262323A10_S27.sam` = list(
    LR36_SNP1 = list(All = list(Freqs = structure(c(1L, 25L, 
    999L, 330L, 3L, 23L, 178L, 243L, 1073L, 8L, 0L, 10L, 2L, 
    2L, 44L, 1L, 0L, 0L), .Dim = c(6L, 3L), .Dimnames = structure(list(
        c("-2", "-1", "0", "1", "2", NA), c("A", "T", NA)), .Names = c("", 
    "")), class = "table"), N = 2942L), Tag.Distribution = structure(c(`1` = 188L, 
    `2` = 141L, `3` = 111L, `4` = 86L, `5` = 73L, `6` = 52L, 
    `7` = 24L, `8` = 23L, `9` = 21L, `10` = 12L, `11` = 8L, `12` = 8L, 
    `13` = 4L, `14` = 3L, `15` = 1L, `16` = 3L, `21` = 1L, `25` = 1L
    ), .Dim = 18L, .Dimnames = structure(list(c("1", "2", "3", 
    "4", "5", "6", "7", "8", "9", "10", "11", "12", "13", "14", 
    "15", "16", "21", "25")), .Names = ""), class = "table"), 
        No.Tag = structure(c(0L, 1L, 25L, 11L, 0L, 1L, 9L, 0L, 
        17L, 0L, 0L, 1L, 0L, 0L, 5L, 0L, 0L, 0L), .Dim = c(6L, 
        3L), .Dimnames = structure(list(c("-2", "-1", "0", "1", 
        "2", NA), c("A", "T", NA)), .Names = c("", "")), class = "table"), 
        All.Tags = list(Concordant = list(Freqs = structure(c(0, 
        2, 224, 67, 1, 35, 50, 246, 0, 0), .Dim = c(5L, 2L), .Dimnames = list(
            c("-2", "-1", "0", "1", "2"), c("A", "T"))), N = 625), 
            Majority = list(Freqs = structure(c(0, 2, 260, 81, 
            1, 39, 61, 283, 0, 0), .Dim = c(5L, 2L), .Dimnames = list(
                c("-2", "-1", "0", "1", "2"), c("A", "T"))), 
                N = 727)), `2` = structure(c(0, 0, 189, 63, 0, 
        33, 47, 215, 0, 0), .Dim = c(5L, 2L), .Dimnames = list(
            c("-2", "-1", "0", "1", "2"), c("A", "T"))))))
