Results <-
list(`bwaOutput/20210421msiMNRsJenny/262323A10_S27.sam` = list(
    LR24_SNP1 = list(All = list(Freqs = structure(c(3L, 584L, 
    1753L, 2L, 6L, 0L, 578L, 1762L, 3L, 4L, 0L, 0L, 17L, 0L, 
    0L), .Dim = c(5L, 3L), .Dimnames = structure(list(c("-2", 
    "-1", "0", "1", NA), c("A", "G", NA)), .Names = c("", "")), class = "table"), 
        N = 4712L), Tag.Distribution = structure(c(`1` = 473L, 
    `2` = 335L, `3` = 253L, `4` = 169L, `5` = 89L, `6` = 72L, 
    `7` = 40L, `8` = 31L, `9` = 17L, `10` = 13L, `11` = 13L, 
    `12` = 5L, `13` = 3L, `14` = 3L, `15` = 2L, `18` = 1L), .Dim = 16L, .Dimnames = structure(list(
        c("1", "2", "3", "4", "5", "6", "7", "8", "9", "10", 
        "11", "12", "13", "14", "15", "18")), .Names = ""), class = "table"), 
        No.Tag = structure(c(0L, 16L, 44L, 0L, 0L, 0L, 15L, 37L, 
        0L, 0L, 0L, 0L, 2L, 0L, 0L), .Dim = c(5L, 3L), .Dimnames = structure(list(
            c("-2", "-1", "0", "1", NA), c("A", "G", NA)), .Names = c("", 
        "")), class = "table"), All.Tags = list(Concordant = list(
            Freqs = structure(c(1, 142, 465, 0, 0, 142, 456, 
            0), .Dim = c(4L, 2L), .Dimnames = list(c("-2", "-1", 
            "0", "1"), c("A", "G"))), N = 1206), Majority = list(
            Freqs = structure(c(1, 172, 554, 0, 0, 173, 543, 
            0), .Dim = c(4L, 2L), .Dimnames = list(c("-2", "-1", 
            "0", "1"), c("A", "G"))), N = 1443)), `2` = structure(c(0, 
        123, 375, 0, 0, 110, 366, 0), .Dim = c(4L, 2L), .Dimnames = list(
            c("-2", "-1", "0", "1"), c("A", "G"))))))
