Results <-
list(`bwaOutput/20210421msiMNRsJenny/262323A10_S27.sam` = list(
    LR52_SNP1 = list(All = list(Freqs = structure(c(33L, 246L, 
    106L, 734L, 8L, 7L, 111L, 181L, 67L, 704L, 8L, 9L, 0L, 0L, 
    3L, 49L, 1L, 0L), .Dim = c(6L, 3L), .Dimnames = structure(list(
        c("-3", "-2", "-1", "0", "1", NA), c("C", "T", NA)), .Names = c("", 
    "")), class = "table"), N = 2267L), Tag.Distribution = structure(c(`1` = 107L, 
    `2` = 92L, `3` = 103L, `4` = 72L, `5` = 56L, `6` = 42L, `7` = 34L, 
    `8` = 19L, `9` = 15L, `10` = 7L, `11` = 4L, `12` = 3L, `13` = 5L, 
    `17` = 2L, `18` = 1L), .Dim = 15L, .Dimnames = structure(list(
        c("1", "2", "3", "4", "5", "6", "7", "8", "9", "10", 
        "11", "12", "13", "17", "18")), .Names = ""), class = "table"), 
        No.Tag = structure(c(0L, 6L, 3L, 19L, 0L, 0L, 0L, 10L, 
        1L, 13L, 0L, 0L, 0L, 0L, 0L, 3L, 0L, 0L), .Dim = c(6L, 
        3L), .Dimnames = structure(list(c("-3", "-2", "-1", "0", 
        "1", NA), c("C", "T", NA)), .Names = c("", "")), class = "table"), 
        All.Tags = list(Concordant = list(Freqs = structure(c(6, 
        44, 14, 140, 2, 25, 32, 3, 135, 1), .Dim = c(5L, 2L), .Dimnames = list(
            c("-3", "-2", "-1", "0", "1"), c("C", "T"))), N = 402), 
            Majority = list(Freqs = structure(c(6, 55, 16, 193, 
            2, 26, 38, 4, 194, 1), .Dim = c(5L, 2L), .Dimnames = list(
                c("-3", "-2", "-1", "0", "1"), c("C", "T"))), 
                N = 535)), `2` = structure(c(5, 49, 9, 159, 0, 
        24, 30, 1, 157, 0), .Dim = c(5L, 2L), .Dimnames = list(
            c("-3", "-2", "-1", "0", "1"), c("C", "T"))))))
