Results <-
list(`bwaOutput/20210421msiMNRsJenny/262323A10_S27.sam` = list(
    LR11_SNP1 = list(All = list(Freqs = structure(c(1L, 60L, 
    295L, 944L, 6L, 7L, 0L, 3L, 286L, 808L, 1L, 4L, 0L, 1L, 0L, 
    18L, 0L, 0L), .Dim = c(6L, 3L), .Dimnames = structure(list(
        c("-3", "-2", "-1", "0", "1", NA), c("A", "C", NA)), .Names = c("", 
    "")), class = "table"), N = 2434L), Tag.Distribution = structure(c(`1` = 166L, 
    `2` = 114L, `3` = 116L, `4` = 71L, `5` = 59L, `6` = 40L, 
    `7` = 30L, `8` = 25L, `9` = 10L, `10` = 8L, `11` = 6L, `12` = 4L, 
    `13` = 6L, `14` = 1L, `15` = 1L, `16` = 1L, `21` = 1L), .Dim = 17L, .Dimnames = structure(list(
        c("1", "2", "3", "4", "5", "6", "7", "8", "9", "10", 
        "11", "12", "13", "14", "15", "16", "21")), .Names = ""), class = "table"), 
        No.Tag = structure(c(0L, 0L, 3L, 4L, 0L, 0L, 0L, 0L, 
        7L, 20L, 0L, 0L, 0L, 0L, 0L, 1L, 0L, 0L), .Dim = c(6L, 
        3L), .Dimnames = structure(list(c("-3", "-2", "-1", "0", 
        "1", NA), c("A", "C", NA)), .Names = c("", "")), class = "table"), 
        All.Tags = list(Concordant = list(Freqs = structure(c(0, 
        17, 69, 219, 1, 0, 1, 64, 202, 0), .Dim = c(5L, 2L), .Dimnames = list(
            c("-3", "-2", "-1", "0", "1"), c("A", "C"))), N = 573), 
            Majority = list(Freqs = structure(c(0, 17, 80, 249, 
            1, 0, 1, 71, 225, 0), .Dim = c(5L, 2L), .Dimnames = list(
                c("-3", "-2", "-1", "0", "1"), c("A", "C"))), 
                N = 644)), `2` = structure(c(0, 13, 55, 197, 
        0, 0, 0, 52, 161, 0), .Dim = c(5L, 2L), .Dimnames = list(
            c("-3", "-2", "-1", "0", "1"), c("A", "C"))))))
