Results <-
list(`bwaOutput/20210421msiMNRsJenny/262323A10_S27.sam` = list(
    GM29_SNP1 = list(All = list(Freqs = structure(c(1L, 3L, 256L, 
    899L, 0L, 3L, 0L, 13L, 258L, 785L, 1L, 1L, 0L, 0L, 0L, 5L, 
    0L, 0L), .Dim = c(6L, 3L), .Dimnames = structure(list(c("-3", 
    "-2", "-1", "0", "1", NA), c("A", "G", NA)), .Names = c("", 
    "")), class = "table"), N = 2225L), Tag.Distribution = structure(c(`1` = 111L, 
    `2` = 94L, `3` = 68L, `4` = 43L, `5` = 48L, `6` = 48L, `7` = 19L, 
    `8` = 22L, `9` = 15L, `10` = 6L, `11` = 9L, `12` = 8L, `13` = 2L, 
    `14` = 4L, `15` = 1L, `16` = 4L, `17` = 1L, `19` = 1L, `20` = 1L, 
    `21` = 1L, `25` = 1L), .Dim = 21L, .Dimnames = structure(list(
        c("1", "2", "3", "4", "5", "6", "7", "8", "9", "10", 
        "11", "12", "13", "14", "15", "16", "17", "19", "20", 
        "21", "25")), .Names = ""), class = "table"), No.Tag = structure(c(0L, 
    0L, 4L, 25L, 0L, 0L, 0L, 0L, 4L, 27L, 0L, 0L, 0L, 0L, 0L, 
    0L, 0L, 0L), .Dim = c(6L, 3L), .Dimnames = structure(list(
        c("-3", "-2", "-1", "0", "1", NA), c("A", "G", NA)), .Names = c("", 
    "")), class = "table"), All.Tags = list(Concordant = list(
        Freqs = structure(c(0, 2, 42, 162, 0, 0, 1, 51, 147, 
        0), .Dim = c(5L, 2L), .Dimnames = list(c("-3", "-2", 
        "-1", "0", "1"), c("A", "G"))), N = 405), Majority = list(
        Freqs = structure(c(0, 2, 52, 200, 0, 0, 2, 58, 173, 
        0), .Dim = c(5L, 2L), .Dimnames = list(c("-3", "-2", 
        "-1", "0", "1"), c("A", "G"))), N = 487)), `2` = structure(c(0, 
    1, 39, 155, 0, 0, 2, 41, 139, 0), .Dim = c(5L, 2L), .Dimnames = list(
        c("-3", "-2", "-1", "0", "1"), c("A", "G"))))))
