Results <-
list(`bwaOutput/20210421msiMNRsJenny/264850B1_S47.sam` = list(
    GM14_SNP1 = list(All = list(Freqs = structure(c(26L, 939L, 
    1187L, 12L, 1L, 43L, 12L, 953L, 1084L, 5L, 0L, 31L, 0L, 5L, 
    27L, 0L, 0L, 0L), .Dim = c(6L, 3L), .Dimnames = structure(list(
        c("-2", "-1", "0", "1", "2", NA), c("C", "T", NA)), .Names = c("", 
    "")), class = "table"), N = 4325L), Tag.Distribution = structure(c(`1` = 691L, 
    `2` = 466L, `3` = 307L, `4` = 134L, `5` = 99L, `6` = 53L, 
    `7` = 23L, `8` = 16L, `9` = 5L, `10` = 3L, `11` = 2L), .Dim = 11L, .Dimnames = structure(list(
        c("1", "2", "3", "4", "5", "6", "7", "8", "9", "10", 
        "11")), .Names = ""), class = "table"), No.Tag = structure(c(1L, 
    5L, 12L, 1L, 0L, 1L, 0L, 13L, 11L, 0L, 0L, 0L, 0L, 0L, 2L, 
    0L, 0L, 0L), .Dim = c(6L, 3L), .Dimnames = structure(list(
        c("-2", "-1", "0", "1", "2", NA), c("C", "T", NA)), .Names = c("", 
    "")), class = "table"), All.Tags = list(Concordant = list(
        Freqs = structure(c(7, 308, 367, 2, 1, 5, 296, 339, 0, 
        0), .Dim = c(5L, 2L), .Dimnames = list(c("-2", "-1", 
        "0", "1", "2"), c("C", "T"))), N = 1325), Majority = list(
        Freqs = structure(c(8, 367, 454, 2, 1, 5, 362, 419, 0, 
        0), .Dim = c(5L, 2L), .Dimnames = list(c("-2", "-1", 
        "0", "1", "2"), c("C", "T"))), N = 1618)), `2` = structure(c(4, 
    210, 266, 0, 0, 0, 208, 255, 0, 0), .Dim = c(5L, 2L), .Dimnames = list(
        c("-2", "-1", "0", "1", "2"), c("C", "T"))))))
