Results <-
list(`bwaOutput/20210421msiMNRsJenny/264850B1_S47.sam` = list(
    GM07_SNP1 = list(All = list(Freqs = structure(c(0L, 0L, 0L, 
    1L, 0L, 0L, 2L, 902L, 786L, 1879L, 53L, 22L, 0L, 0L, 0L, 
    1L, 0L, 0L, 0L, 1L, 0L, 7L, 0L, 0L), .Dim = c(6L, 4L), .Dimnames = structure(list(
        c("-3", "-2", "-1", "0", "1", NA), c("-", "A", "G", NA
        )), .Names = c("", "")), class = "table"), N = 3654L), 
        Tag.Distribution = structure(c(`1` = 672L, `2` = 422L, 
        `3` = 235L, `4` = 130L, `5` = 58L, `6` = 44L, `7` = 16L, 
        `8` = 9L, `9` = 4L, `10` = 2L, `11` = 1L), .Dim = 11L, .Dimnames = structure(list(
            c("1", "2", "3", "4", "5", "6", "7", "8", "9", "10", 
            "11")), .Names = ""), class = "table"), No.Tag = structure(c(0L, 
        0L, 0L, 0L, 0L, 0L, 0L, 22L, 22L, 59L, 2L, 3L, 0L, 0L, 
        0L, 0L, 0L, 0L, 0L, 0L, 0L, 0L, 0L, 0L), .Dim = c(6L, 
        4L), .Dimnames = structure(list(c("-3", "-2", "-1", "0", 
        "1", NA), c("-", "A", "G", NA)), .Names = c("", "")), class = "table"), 
        All.Tags = list(Concordant = list(Freqs = structure(c(0, 
        0, 0, 0, 0, 0, 300, 270, 653, 12, 0, 0, 0, 1, 0), .Dim = c(5L, 
        3L), .Dimnames = list(c("-3", "-2", "-1", "0", "1"), 
            c("-", "A", "G"))), N = 1236), Majority = list(Freqs = structure(c(0, 
        0, 0, 0, 0, 0, 353, 324, 772, 12, 0, 0, 0, 1, 0), .Dim = c(5L, 
        3L), .Dimnames = list(c("-3", "-2", "-1", "0", "1"), 
            c("-", "A", "G"))), N = 1462)), `2` = structure(c(0, 
        0, 0, 0, 0, 0, 191, 149, 457, 0, 0, 0, 0, 0, 0), .Dim = c(5L, 
        3L), .Dimnames = list(c("-3", "-2", "-1", "0", "1"), 
            c("-", "A", "G"))))))
