Results <-
list(`bwaOutput/20210421msiMNRsJenny/264850B1_S47.sam` = list(
    LR11_SNP1 = list(All = list(Freqs = structure(c(0L, 0L, 0L, 
    1L, 0L, 0L, 0L, 0L, 0L, 0L, 4L, 0L, 0L, 0L, 1L, 4L, 109L, 
    3696L, 30L, 1L, 12L, 0L, 0L, 0L, 59L, 0L, 0L, 0L), .Dim = c(7L, 
    4L), .Dimnames = structure(list(c("-3", "-2", "-1", "0", 
    "1", "2", NA), c("-", "A", "C", NA)), .Names = c("", "")), class = "table"), 
        N = 3917L), Tag.Distribution = structure(c(`1` = 685L, 
    `2` = 434L, `3` = 253L, `4` = 152L, `5` = 62L, `6` = 31L, 
    `7` = 24L, `8` = 16L, `9` = 6L, `10` = 3L, `11` = 1L, `14` = 2L
    ), .Dim = 12L, .Dimnames = structure(list(c("1", "2", "3", 
    "4", "5", "6", "7", "8", "9", "10", "11", "14")), .Names = ""), class = "table"), 
        No.Tag = structure(c(0L, 0L, 0L, 0L, 0L, 0L, 0L, 0L, 
        0L, 0L, 0L, 0L, 0L, 0L, 0L, 0L, 2L, 78L, 1L, 0L, 0L, 
        0L, 0L, 0L, 1L, 0L, 0L, 0L), .Dim = c(7L, 4L), .Dimnames = structure(list(
            c("-3", "-2", "-1", "0", "1", "2", NA), c("-", "A", 
            "C", NA)), .Names = c("", "")), class = "table"), 
        All.Tags = list(Concordant = list(Freqs = structure(c(0, 
        0, 0, 0, 0, 0, 0, 0, 0, 0, 0, 0, 0, 1, 27, 1536, 5, 0
        ), .Dim = c(6L, 3L), .Dimnames = list(c("-3", "-2", "-1", 
        "0", "1", "2"), c("-", "A", "C"))), N = 1569), Majority = list(
            Freqs = structure(c(0, 0, 0, 0, 0, 0, 0, 0, 0, 0, 
            0, 0, 0, 1, 31, 1590, 6, 0), .Dim = c(6L, 3L), .Dimnames = list(
                c("-3", "-2", "-1", "0", "1", "2"), c("-", "A", 
                "C"))), N = 1628)), `2` = structure(c(0, 0, 0, 
        0, 0, 0, 0, 0, 0, 0, 0, 0, 0, 1, 14, 946, 1, 0), .Dim = c(6L, 
        3L), .Dimnames = list(c("-3", "-2", "-1", "0", "1", "2"
        ), c("-", "A", "C"))))))
