Results <-
list(`bwaOutput/20210421msiMNRsJenny/264850B1_S47.sam` = list(
    LR36_SNP1 = list(All = list(Freqs = structure(c(9L, 969L, 
    24L, 1111L, 8L, 21L, 0L, 1L, 0L, 0L, 0L, 0L, 3L, 52L, 845L, 
    1206L, 18L, 19L, 1L, 3L, 11L, 50L, 0L, 0L), .Dim = c(6L, 
    4L), .Dimnames = structure(list(c("-3", "-2", "-1", "0", 
    "1", NA), c("A", "G", "T", NA)), .Names = c("", "")), class = "table"), 
        N = 4351L), Tag.Distribution = structure(c(`1` = 683L, 
    `2` = 450L, `3` = 268L, `4` = 159L, `5` = 90L, `6` = 43L, 
    `7` = 30L, `8` = 16L, `9` = 8L, `10` = 1L, `11` = 2L, `13` = 3L
    ), .Dim = 12L, .Dimnames = structure(list(c("1", "2", "3", 
    "4", "5", "6", "7", "8", "9", "10", "11", "13")), .Names = ""), class = "table"), 
        No.Tag = structure(c(0L, 23L, 1L, 41L, 0L, 3L, 0L, 0L, 
        0L, 0L, 0L, 0L, 0L, 1L, 25L, 33L, 1L, 7L, 0L, 0L, 0L, 
        4L, 0L, 0L), .Dim = c(6L, 4L), .Dimnames = structure(list(
            c("-3", "-2", "-1", "0", "1", NA), c("A", "G", "T", 
            NA)), .Names = c("", "")), class = "table"), All.Tags = list(
            Concordant = list(Freqs = structure(c(2, 292, 2, 
            342, 1, 0, 0, 0, 0, 0, 2, 11, 239, 357, 5), .Dim = c(5L, 
            3L), .Dimnames = list(c("-3", "-2", "-1", "0", "1"
            ), c("A", "G", "T"))), N = 1253), Majority = list(
                Freqs = structure(c(2, 366, 3, 427, 1, 0, 0, 
                0, 0, 0, 2, 12, 298, 434, 5), .Dim = c(5L, 3L
                ), .Dimnames = list(c("-3", "-2", "-1", "0", 
                "1"), c("A", "G", "T"))), N = 1550)), `2` = structure(c(1, 
        205, 1, 243, 0, 0, 0, 0, 0, 0, 1, 7, 169, 262, 2), .Dim = c(5L, 
        3L), .Dimnames = list(c("-3", "-2", "-1", "0", "1"), 
            c("A", "G", "T"))))))
