Results <-
list(`bwaOutput/20210421msiMNRsJenny/264850B1_S47.sam` = list(
    LR44_SNP1 = list(All = list(Freqs = structure(c(0L, 0L, 0L, 
    0L, 1L, 0L, 0L, 0L, 12L, 573L, 101L, 53L, 705L, 11L, 1L, 
    6L, 0L, 7L, 158L, 171L, 1304L, 26L, 0L, 11L, 1L, 1L, 1L, 
    1L, 24L, 0L, 0L, 0L), .Dim = c(8L, 4L), .Dimnames = structure(list(
        c("-4", "-3", "-2", "-1", "0", "1", "2", NA), c("A", 
        "C", "T", NA)), .Names = c("", "")), class = "table"), 
        N = 3168L), Tag.Distribution = structure(c(`1` = 584L, 
    `2` = 407L, `3` = 204L, `4` = 117L, `5` = 58L, `6` = 28L, 
    `7` = 9L, `8` = 6L, `9` = 3L, `10` = 1L), .Dim = 10L, .Dimnames = structure(list(
        c("1", "2", "3", "4", "5", "6", "7", "8", "9", "10")), .Names = ""), class = "table"), 
        No.Tag = structure(c(0L, 0L, 0L, 0L, 0L, 0L, 0L, 0L, 
        0L, 19L, 2L, 2L, 25L, 1L, 0L, 0L, 0L, 0L, 3L, 4L, 21L, 
        3L, 0L, 0L, 0L, 0L, 0L, 0L, 4L, 0L, 0L, 0L), .Dim = c(8L, 
        4L), .Dimnames = structure(list(c("-4", "-3", "-2", "-1", 
        "0", "1", "2", NA), c("A", "C", "T", NA)), .Names = c("", 
        "")), class = "table"), All.Tags = list(Concordant = list(
            Freqs = structure(c(0, 0, 0, 0, 0, 0, 0, 2, 211, 
            31, 13, 244, 5, 1, 0, 2, 43, 44, 456, 4, 0), .Dim = c(7L, 
            3L), .Dimnames = list(c("-4", "-3", "-2", "-1", "0", 
            "1", "2"), c("A", "C", "T"))), N = 1056), Majority = list(
            Freqs = structure(c(0, 0, 0, 0, 0, 0, 0, 3, 245, 
            42, 13, 281, 5, 1, 0, 2, 56, 53, 534, 4, 0), .Dim = c(7L, 
            3L), .Dimnames = list(c("-4", "-3", "-2", "-1", "0", 
            "1", "2"), c("A", "C", "T"))), N = 1239)), `2` = structure(c(0, 
        0, 0, 0, 0, 0, 0, 1, 125, 23, 2, 157, 0, 0, 0, 1, 31, 
        22, 307, 0, 0), .Dim = c(7L, 3L), .Dimnames = list(c("-4", 
        "-3", "-2", "-1", "0", "1", "2"), c("A", "C", "T"))))))
