Results <-
list(`bwaOutput/20210421msiMNRsJenny/264850B1_S47.sam` = list(
    GM09_SNP1 = list(All = list(Freqs = structure(c(0L, 0L, 13L, 
    0L, 0L, 0L, 0L, 1L, 0L, 0L, 1L, 142L, 6339L, 4L, 2L, 0L, 
    0L, 2L, 0L, 0L, 0L, 0L, 26L, 0L, 0L), .Dim = c(5L, 5L), .Dimnames = structure(list(
        c("-2", "-1", "0", "1", NA), c("A", "C", "G", "T", NA
        )), .Names = c("", "")), class = "table"), N = 6530L), 
        Tag.Distribution = structure(c(`1` = 721L, `2` = 525L, 
        `3` = 357L, `4` = 215L, `5` = 127L, `6` = 88L, `7` = 63L, 
        `8` = 31L, `9` = 32L, `10` = 18L, `11` = 3L, `12` = 7L, 
        `13` = 5L, `14` = 3L, `15` = 4L, `16` = 1L, `17` = 1L, 
        `18` = 2L, `21` = 1L), .Dim = 19L, .Dimnames = structure(list(
            c("1", "2", "3", "4", "5", "6", "7", "8", "9", "10", 
            "11", "12", "13", "14", "15", "16", "17", "18", "21"
            )), .Names = ""), class = "table"), No.Tag = structure(c(0L, 
        0L, 0L, 0L, 0L, 0L, 0L, 0L, 0L, 0L, 0L, 5L, 128L, 0L, 
        1L, 0L, 0L, 0L, 0L, 0L, 0L, 0L, 0L, 0L, 0L), .Dim = c(5L, 
        5L), .Dimnames = structure(list(c("-2", "-1", "0", "1", 
        NA), c("A", "C", "G", "T", NA)), .Names = c("", "")), class = "table"), 
        All.Tags = list(Concordant = list(Freqs = structure(c(0, 
        0, 3, 0, 0, 0, 1, 0, 0, 22, 2092, 1, 0, 0, 0, 0), .Dim = c(4L, 
        4L), .Dimnames = list(c("-2", "-1", "0", "1"), c("A", 
        "C", "G", "T"))), N = 2119), Majority = list(Freqs = structure(c(0, 
        0, 4, 0, 0, 0, 1, 0, 0, 32, 2148, 1, 0, 0, 0, 0), .Dim = c(4L, 
        4L), .Dimnames = list(c("-2", "-1", "0", "1"), c("A", 
        "C", "G", "T"))), N = 2186)), `2` = structure(c(0, 0, 
        1, 0, 0, 0, 0, 0, 0, 16, 1450, 0, 0, 0, 0, 0), .Dim = c(4L, 
        4L), .Dimnames = list(c("-2", "-1", "0", "1"), c("A", 
        "C", "G", "T"))))))
