Results <-
list(`bwaOutput/20210421msiMNRsJenny/264850B1_S47.sam` = list(
    LR52_SNP1 = list(All = list(Freqs = structure(c(0L, 0L, 0L, 
    0L, 1L, 0L, 0L, 0L, 0L, 0L, 0L, 1L, 0L, 0L, 32L, 1306L, 1071L, 
    305L, 2612L, 35L, 43L, 0L, 0L, 2L, 2L, 52L, 0L, 0L), .Dim = c(7L, 
    4L), .Dimnames = structure(list(c("-4", "-3", "-2", "-1", 
    "0", "1", NA), c("A", "C", "T", NA)), .Names = c("", "")), class = "table"), 
        N = 5462L), Tag.Distribution = structure(c(`1` = 620L, 
    `2` = 475L, `3` = 302L, `4` = 222L, `5` = 131L, `6` = 82L, 
    `7` = 37L, `8` = 24L, `9` = 18L, `10` = 7L, `11` = 6L, `12` = 3L, 
    `13` = 2L, `14` = 1L, `16` = 1L, `18` = 1L), .Dim = 16L, .Dimnames = structure(list(
        c("1", "2", "3", "4", "5", "6", "7", "8", "9", "10", 
        "11", "12", "13", "14", "16", "18")), .Names = ""), class = "table"), 
        No.Tag = structure(c(0L, 0L, 0L, 0L, 0L, 0L, 0L, 0L, 
        0L, 0L, 0L, 0L, 0L, 0L, 0L, 38L, 9L, 8L, 32L, 1L, 3L, 
        0L, 0L, 0L, 0L, 1L, 0L, 0L), .Dim = c(7L, 4L), .Dimnames = structure(list(
            c("-4", "-3", "-2", "-1", "0", "1", NA), c("A", "C", 
            "T", NA)), .Names = c("", "")), class = "table"), 
        All.Tags = list(Concordant = list(Freqs = structure(c(0, 
        0, 0, 0, 0, 0, 0, 0, 0, 0, 1, 0, 4, 310, 250, 49, 685, 
        5), .Dim = c(6L, 3L), .Dimnames = list(c("-4", "-3", 
        "-2", "-1", "0", "1"), c("A", "C", "T"))), N = 1304), 
            Majority = list(Freqs = structure(c(0, 0, 0, 0, 0, 
            0, 0, 0, 0, 0, 1, 0, 4, 415, 335, 61, 894, 5), .Dim = c(6L, 
            3L), .Dimnames = list(c("-4", "-3", "-2", "-1", "0", 
            "1"), c("A", "C", "T"))), N = 1715)), `2` = structure(c(0, 
        0, 0, 0, 0, 0, 0, 0, 0, 0, 0, 0, 2, 276, 218, 19, 592, 
        1), .Dim = c(6L, 3L), .Dimnames = list(c("-4", "-3", 
        "-2", "-1", "0", "1"), c("A", "C", "T"))))))
