Results <-
list(`bwaOutput/20210421msiMNRsJenny/265906B3_S16.sam` = list(
    IM49_SNP1 = list(All = list(Freqs = structure(c(1L, 73L, 
    210L, 1767L, 27L, 1L, 6L, 5L, 36L, 177L, 1559L, 33L, 0L, 
    4L, 0L, 2L, 1L, 68L, 1L, 0L, 0L), .Dim = c(7L, 3L), .Dimnames = structure(list(
        c("-3", "-2", "-1", "0", "1", "2", NA), c("C", "G", NA
        )), .Names = c("", "")), class = "table"), N = 3971L), 
        Tag.Distribution = structure(c(`1` = 127L, `2` = 87L, 
        `3` = 57L, `4` = 77L, `5` = 62L, `6` = 46L, `7` = 35L, 
        `8` = 40L, `9` = 25L, `10` = 19L, `11` = 24L, `12` = 17L, 
        `13` = 12L, `14` = 18L, `15` = 11L, `16` = 7L, `17` = 4L, 
        `18` = 3L, `19` = 1L, `20` = 5L, `21` = 1L, `22` = 2L, 
        `24` = 2L, `30` = 1L), .Dim = 24L, .Dimnames = structure(list(
            c("1", "2", "3", "4", "5", "6", "7", "8", "9", "10", 
            "11", "12", "13", "14", "15", "16", "17", "18", "19", 
            "20", "21", "22", "24", "30")), .Names = ""), class = "table"), 
        No.Tag = structure(c(0L, 0L, 6L, 29L, 1L, 0L, 1L, 0L, 
        0L, 3L, 46L, 0L, 0L, 0L, 0L, 0L, 0L, 2L, 0L, 0L, 0L), .Dim = c(7L, 
        3L), .Dimnames = structure(list(c("-3", "-2", "-1", "0", 
        "1", "2", NA), c("C", "G", NA)), .Names = c("", "")), class = "table"), 
        All.Tags = list(Concordant = list(Freqs = structure(c(0, 
        6, 18, 224, 1, 0, 1, 3, 17, 223, 2, 0), .Dim = c(6L, 
        2L), .Dimnames = list(c("-3", "-2", "-1", "0", "1", "2"
        ), c("C", "G"))), N = 495), Majority = list(Freqs = structure(c(0, 
        10, 24, 294, 1, 0, 1, 3, 26, 296, 3, 0), .Dim = c(6L, 
        2L), .Dimnames = list(c("-3", "-2", "-1", "0", "1", "2"
        ), c("C", "G"))), N = 658)), `2` = structure(c(0, 9, 
        19, 241, 0, 0, 1, 3, 24, 248, 1, 0), .Dim = c(6L, 2L), .Dimnames = list(
            c("-3", "-2", "-1", "0", "1", "2"), c("C", "G"))))))
