Results <-
list(`bwaOutput/20210421msiMNRsJenny/265906B3_S16.sam` = list(
    LR11_SNP1 = list(All = list(Freqs = structure(c(0L, 0L, 0L, 
    1L, 0L, 0L, 1L, 119L, 1135L, 1205L, 18L, 17L, 0L, 0L, 2L, 
    16L, 0L, 0L), .Dim = c(6L, 3L), .Dimnames = structure(list(
        c("-4", "-2", "-1", "0", "1", NA), c("A", "C", NA)), .Names = c("", 
    "")), class = "table"), N = 2514L), Tag.Distribution = structure(c(`1` = 69L, 
    `2` = 64L, `3` = 50L, `4` = 44L, `5` = 45L, `6` = 30L, `7` = 26L, 
    `8` = 25L, `9` = 35L, `10` = 14L, `11` = 15L, `12` = 12L, 
    `13` = 10L, `14` = 10L, `15` = 2L, `16` = 1L, `17` = 1L, 
    `18` = 1L, `21` = 1L, `25` = 1L), .Dim = 20L, .Dimnames = structure(list(
        c("1", "2", "3", "4", "5", "6", "7", "8", "9", "10", 
        "11", "12", "13", "14", "15", "16", "17", "18", "21", 
        "25")), .Names = ""), class = "table"), No.Tag = structure(c(0L, 
    0L, 0L, 0L, 0L, 0L, 0L, 1L, 13L, 25L, 0L, 3L, 0L, 0L, 0L, 
    1L, 0L, 0L), .Dim = c(6L, 3L), .Dimnames = structure(list(
        c("-4", "-2", "-1", "0", "1", NA), c("A", "C", NA)), .Names = c("", 
    "")), class = "table"), All.Tags = list(Concordant = list(
        Freqs = structure(c(0, 0, 0, 0, 0, 0, 19, 169, 203, 1
        ), .Dim = c(5L, 2L), .Dimnames = list(c("-4", "-2", "-1", 
        "0", "1"), c("A", "C"))), N = 392), Majority = list(Freqs = structure(c(0, 
    0, 0, 0, 0, 0, 21, 190, 233, 1), .Dim = c(5L, 2L), .Dimnames = list(
        c("-4", "-2", "-1", "0", "1"), c("A", "C"))), N = 445)), 
        `2` = structure(c(0, 0, 0, 0, 0, 0, 16, 169, 193, 1), .Dim = c(5L, 
        2L), .Dimnames = list(c("-4", "-2", "-1", "0", "1"), 
            c("A", "C"))))))
