Results <-
list(`bwaOutput/20210421msiMNRsJenny/265906B3_S16.sam` = list(
    GM14_SNP1 = list(All = list(Freqs = structure(c(1L, 96L, 
    458L, 2748L, 36L, 1L, 36L, 0L, 0L, 0L, 2L, 0L, 0L, 0L, 0L, 
    0L, 0L, 19L, 0L, 0L, 0L), .Dim = c(7L, 3L), .Dimnames = structure(list(
        c("-3", "-2", "-1", "0", "1", "2", NA), c("C", "T", NA
        )), .Names = c("", "")), class = "table"), N = 3397L), 
        Tag.Distribution = structure(c(`1` = 71L, `2` = 40L, 
        `3` = 44L, `4` = 47L, `5` = 34L, `6` = 38L, `7` = 43L, 
        `8` = 42L, `9` = 27L, `10` = 35L, `11` = 16L, `12` = 12L, 
        `13` = 14L, `14` = 14L, `15` = 6L, `16` = 4L, `17` = 7L, 
        `18` = 2L, `19` = 2L, `21` = 1L, `22` = 3L, `26` = 1L, 
        `27` = 1L, `28` = 1L, `34` = 1L), .Dim = 25L, .Dimnames = structure(list(
            c("1", "2", "3", "4", "5", "6", "7", "8", "9", "10", 
            "11", "12", "13", "14", "15", "16", "17", "18", "19", 
            "21", "22", "26", "27", "28", "34")), .Names = ""), class = "table"), 
        No.Tag = structure(c(0L, 0L, 9L, 40L, 0L, 0L, 1L, 0L, 
        0L, 0L, 0L, 0L, 0L, 0L, 0L, 0L, 0L, 1L, 0L, 0L, 0L), .Dim = c(7L, 
        3L), .Dimnames = structure(list(c("-3", "-2", "-1", "0", 
        "1", "2", NA), c("C", "T", NA)), .Names = c("", "")), class = "table"), 
        All.Tags = list(Concordant = list(Freqs = structure(c(0, 
        9, 52, 320, 1, 1, 0, 0, 0, 2, 0, 0), .Dim = c(6L, 2L), .Dimnames = list(
            c("-3", "-2", "-1", "0", "1", "2"), c("C", "T"))), 
            N = 385), Majority = list(Freqs = structure(c(0, 
        11, 63, 417, 1, 1, 0, 0, 0, 2, 0, 0), .Dim = c(6L, 2L
        ), .Dimnames = list(c("-3", "-2", "-1", "0", "1", "2"
        ), c("C", "T"))), N = 495)), `2` = structure(c(0, 9, 
        50, 369, 1, 0, 0, 0, 0, 0, 0, 0), .Dim = c(6L, 2L), .Dimnames = list(
            c("-3", "-2", "-1", "0", "1", "2"), c("C", "T"))))))
