Results <-
list(`bwaOutput/20210421msiMNRsJenny/265906B3_S16.sam` = list(
    LR17_SNP1 = list(All = list(Freqs = structure(c(3L, 58L, 
    1574L, 3189L, 59L, 1L, 35L, 0L, 0L, 12L, 84L, 1L, 0L, 0L), .Dim = c(7L, 
    2L), .Dimnames = structure(list(c("-3", "-2", "-1", "0", 
    "1", "2", NA), c("A", NA)), .Names = c("", "")), class = "table"), 
        N = 5016L), Tag.Distribution = structure(c(`1` = 123L, 
    `2` = 52L, `3` = 63L, `4` = 65L, `5` = 56L, `6` = 62L, `7` = 45L, 
    `8` = 33L, `9` = 43L, `10` = 34L, `11` = 23L, `12` = 19L, 
    `13` = 27L, `14` = 19L, `15` = 16L, `16` = 12L, `17` = 4L, 
    `18` = 10L, `19` = 3L, `20` = 3L, `21` = 3L, `22` = 3L, `23` = 2L, 
    `24` = 1L, `25` = 3L, `26` = 2L, `28` = 1L, `29` = 1L), .Dim = 28L, .Dimnames = structure(list(
        c("1", "2", "3", "4", "5", "6", "7", "8", "9", "10", 
        "11", "12", "13", "14", "15", "16", "17", "18", "19", 
        "20", "21", "22", "23", "24", "25", "26", "28", "29")), .Names = ""), class = "table"), 
        No.Tag = structure(c(0L, 1L, 22L, 73L, 1L, 0L, 1L, 0L, 
        0L, 0L, 6L, 0L, 0L, 0L), .Dim = c(7L, 2L), .Dimnames = structure(list(
            c("-3", "-2", "-1", "0", "1", "2", NA), c("A", NA
            )), .Names = c("", "")), class = "table"), All.Tags = list(
            Concordant = list(Freqs = structure(c(0, 3, 167, 
            354, 2, 0), .Dim = c(6L, 1L), .Dimnames = list(c("-3", 
            "-2", "-1", "0", "1", "2"), "A")), N = 526), Majority = list(
                Freqs = structure(c(0, 4, 208, 489, 3, 0), .Dim = c(6L, 
                1L), .Dimnames = list(c("-3", "-2", "-1", "0", 
                "1", "2"), "A")), N = 704)), `2` = structure(c(0, 
        3, 182, 405, 2, 0), .Dim = c(6L, 1L), .Dimnames = list(
            c("-3", "-2", "-1", "0", "1", "2"), "A")))))
