Results <-
list(`bwaOutput/20210421msiMNRsJenny/265906B3_S16.sam` = list(
    GM26_SNP1 = list(All = list(Freqs = structure(c(1L, 1L, 101L, 
    900L, 0L, 2L, 0L, 0L, 3L, 980L, 2L, 1L, 0L, 0L, 0L, 1L, 0L, 
    0L, 0L, 1L, 1L, 18L, 0L, 0L), .Dim = c(6L, 4L), .Dimnames = structure(list(
        c("-3", "-2", "-1", "0", "1", NA), c("A", "G", "T", NA
        )), .Names = c("", "")), class = "table"), N = 2012L), 
        Tag.Distribution = structure(c(`1` = 31L, `2` = 32L, 
        `3` = 25L, `4` = 20L, `5` = 27L, `6` = 19L, `7` = 10L, 
        `8` = 13L, `9` = 14L, `10` = 14L, `11` = 4L, `12` = 10L, 
        `13` = 13L, `14` = 9L, `15` = 6L, `16` = 3L, `17` = 5L, 
        `18` = 2L, `19` = 3L, `20` = 3L, `23` = 2L, `24` = 2L, 
        `28` = 1L, `34` = 1L, `43` = 1L), .Dim = 25L, .Dimnames = structure(list(
            c("1", "2", "3", "4", "5", "6", "7", "8", "9", "10", 
            "11", "12", "13", "14", "15", "16", "17", "18", "19", 
            "20", "23", "24", "28", "34", "43")), .Names = ""), class = "table"), 
        No.Tag = structure(c(0L, 0L, 1L, 27L, 0L, 0L, 0L, 0L, 
        0L, 11L, 0L, 0L, 0L, 0L, 0L, 0L, 0L, 0L, 0L, 0L, 0L, 
        0L, 0L, 0L), .Dim = c(6L, 4L), .Dimnames = structure(list(
            c("-3", "-2", "-1", "0", "1", NA), c("A", "G", "T", 
            NA)), .Names = c("", "")), class = "table"), All.Tags = list(
            Concordant = list(Freqs = structure(c(0, 0, 5, 106, 
            0, 0, 0, 0, 124, 0, 0, 0, 0, 0, 0), .Dim = c(5L, 
            3L), .Dimnames = list(c("-3", "-2", "-1", "0", "1"
            ), c("A", "G", "T"))), N = 235), Majority = list(
                Freqs = structure(c(0, 0, 10, 119, 0, 0, 0, 0, 
                139, 0, 0, 0, 0, 0, 0), .Dim = c(5L, 3L), .Dimnames = list(
                  c("-3", "-2", "-1", "0", "1"), c("A", "G", 
                  "T"))), N = 268)), `2` = structure(c(0, 0, 
        10, 105, 0, 0, 0, 0, 124, 0, 0, 0, 0, 0, 0), .Dim = c(5L, 
        3L), .Dimnames = list(c("-3", "-2", "-1", "0", "1"), 
            c("A", "G", "T"))))))
