Results <-
list(`bwaOutput/20210421msiMNRsJenny/265906B3_S16.sam` = list(
    GM22_SNP1 = list(All = list(Freqs = structure(c(5L, 597L, 
    1743L, 10L, 9L, 0L, 0L, 2L, 0L, 0L, 0L, 0L, 20L, 1L, 0L), .Dim = c(5L, 
    3L), .Dimnames = structure(list(c("-2", "-1", "0", "1", NA
    ), c("A", "G", NA)), .Names = c("", "")), class = "table"), 
        N = 2387L), Tag.Distribution = structure(c(`1` = 56L, 
    `2` = 28L, `3` = 24L, `4` = 28L, `5` = 25L, `6` = 17L, `7` = 17L, 
    `8` = 19L, `9` = 21L, `10` = 21L, `11` = 23L, `12` = 11L, 
    `13` = 7L, `14` = 7L, `15` = 14L, `16` = 4L, `17` = 3L, `18` = 3L, 
    `20` = 1L, `21` = 1L, `22` = 1L, `23` = 1L, `24` = 2L, `26` = 2L
    ), .Dim = 24L, .Dimnames = structure(list(c("1", "2", "3", 
    "4", "5", "6", "7", "8", "9", "10", "11", "12", "13", "14", 
    "15", "16", "17", "18", "20", "21", "22", "23", "24", "26"
    )), .Names = ""), class = "table"), No.Tag = structure(c(0L, 
    14L, 37L, 0L, 0L, 0L, 0L, 0L, 0L, 0L, 0L, 0L, 4L, 0L, 0L), .Dim = c(5L, 
    3L), .Dimnames = structure(list(c("-2", "-1", "0", "1", NA
    ), c("A", "G", NA)), .Names = c("", "")), class = "table"), 
        All.Tags = list(Concordant = list(Freqs = structure(c(0, 
        85, 217, 0, 0, 0, 2, 0), .Dim = c(4L, 2L), .Dimnames = list(
            c("-2", "-1", "0", "1"), c("A", "G"))), N = 304), 
            Majority = list(Freqs = structure(c(0, 91, 242, 0, 
            0, 0, 2, 0), .Dim = c(4L, 2L), .Dimnames = list(c("-2", 
            "-1", "0", "1"), c("A", "G"))), N = 335)), `2` = structure(c(0, 
        75, 205, 0, 0, 0, 0, 0), .Dim = c(4L, 2L), .Dimnames = list(
            c("-2", "-1", "0", "1"), c("A", "G"))))))
