Results <-
list(`bwaOutput/20210421msiMNRsJenny/265906B3_S16.sam` = list(
    LR44_SNP1 = list(All = list(Freqs = structure(c(0L, 0L, 0L, 
    0L, 0L, 0L, 1L, 0L, 0L, 0L, 0L, 1L, 8L, 0L, 0L, 0L, 0L, 0L, 
    0L, 1L, 10L, 0L, 0L, 0L, 24L, 124L, 554L, 214L, 1532L, 26L, 
    0L, 9L, 0L, 2L, 2L, 0L, 15L, 0L, 0L, 0L), .Dim = c(8L, 5L
    ), .Dimnames = structure(list(c("-4", "-3", "-2", "-1", "0", 
    "1", "10", NA), c("-", "C", "G", "T", NA)), .Names = c("", 
    "")), class = "table"), N = 2523L), Tag.Distribution = structure(c(`1` = 65L, 
    `2` = 50L, `3` = 43L, `4` = 42L, `5` = 49L, `6` = 27L, `7` = 33L, 
    `8` = 25L, `9` = 25L, `10` = 13L, `11` = 6L, `12` = 18L, 
    `13` = 9L, `14` = 5L, `15` = 4L, `16` = 5L, `17` = 6L, `18` = 3L, 
    `20` = 2L), .Dim = 19L, .Dimnames = structure(list(c("1", 
    "2", "3", "4", "5", "6", "7", "8", "9", "10", "11", "12", 
    "13", "14", "15", "16", "17", "18", "20")), .Names = ""), class = "table"), 
        No.Tag = structure(c(0L, 0L, 0L, 0L, 0L, 0L, 0L, 0L, 
        0L, 0L, 0L, 0L, 0L, 0L, 0L, 0L, 0L, 0L, 0L, 0L, 0L, 0L, 
        0L, 0L, 0L, 1L, 18L, 7L, 31L, 2L, 0L, 2L, 0L, 0L, 0L, 
        0L, 2L, 0L, 0L, 0L), .Dim = c(8L, 5L), .Dimnames = structure(list(
            c("-4", "-3", "-2", "-1", "0", "1", "10", NA), c("-", 
            "C", "G", "T", NA)), .Names = c("", "")), class = "table"), 
        All.Tags = list(Concordant = list(Freqs = structure(c(0, 
        0, 0, 0, 0, 0, 0, 0, 0, 0, 0, 0, 0, 0, 0, 0, 0, 0, 0, 
        0, 0, 4, 26, 85, 24, 177, 0, 0), .Dim = c(7L, 4L), .Dimnames = list(
            c("-4", "-3", "-2", "-1", "0", "1", "10"), c("-", 
            "C", "G", "T"))), N = 316), Majority = list(Freqs = structure(c(0, 
        0, 0, 0, 0, 0, 0, 0, 0, 0, 0, 2, 0, 0, 0, 0, 0, 0, 1, 
        0, 0, 4, 28, 92, 30, 265, 0, 0), .Dim = c(7L, 4L), .Dimnames = list(
            c("-4", "-3", "-2", "-1", "0", "1", "10"), c("-", 
            "C", "G", "T"))), N = 422)), `2` = structure(c(0, 
        0, 0, 0, 0, 0, 0, 0, 0, 0, 0, 2, 0, 0, 0, 0, 0, 0, 1, 
        0, 0, 3, 22, 78, 20, 233, 0, 0), .Dim = c(7L, 4L), .Dimnames = list(
            c("-4", "-3", "-2", "-1", "0", "1", "10"), c("-", 
            "C", "G", "T"))))))
