Results <-
list(`bwaOutput/20210421msiMNRsJenny/265906B3_S16.sam` = list(
    GM01_SNP1 = list(All = list(Freqs = structure(c(0L, 0L, 47L, 
    1383L, 3L, 4L, 1L, 2L, 749L, 791L, 2L, 9L, 0L, 0L, 1L, 0L, 
    0L, 0L, 0L, 1L, 2L, 19L, 0L, 0L), .Dim = c(6L, 4L), .Dimnames = structure(list(
        c("-3", "-2", "-1", "0", "1", NA), c("A", "G", "T", NA
        )), .Names = c("", "")), class = "table"), N = 3014L), 
        Tag.Distribution = structure(c(`1` = 93L, `2` = 35L, 
        `3` = 61L, `4` = 45L, `5` = 50L, `6` = 37L, `7` = 43L, 
        `8` = 26L, `9` = 23L, `10` = 19L, `11` = 16L, `12` = 22L, 
        `13` = 9L, `14` = 6L, `15` = 5L, `16` = 5L, `17` = 3L, 
        `18` = 5L, `19` = 2L, `23` = 1L, `26` = 1L), .Dim = 21L, .Dimnames = structure(list(
            c("1", "2", "3", "4", "5", "6", "7", "8", "9", "10", 
            "11", "12", "13", "14", "15", "16", "17", "18", "19", 
            "23", "26")), .Names = ""), class = "table"), No.Tag = structure(c(0L, 
        0L, 2L, 36L, 0L, 1L, 0L, 0L, 34L, 10L, 0L, 0L, 0L, 0L, 
        0L, 0L, 0L, 0L, 0L, 1L, 1L, 1L, 0L, 0L), .Dim = c(6L, 
        4L), .Dimnames = structure(list(c("-3", "-2", "-1", "0", 
        "1", NA), c("A", "G", "T", NA)), .Names = c("", "")), class = "table"), 
        All.Tags = list(Concordant = list(Freqs = structure(c(0, 
        0, 2, 211, 0, 0, 0, 110, 120, 0, 0, 0, 0, 0, 0), .Dim = c(5L, 
        3L), .Dimnames = list(c("-3", "-2", "-1", "0", "1"), 
            c("A", "G", "T"))), N = 443), Majority = list(Freqs = structure(c(0, 
        0, 3, 245, 0, 0, 0, 122, 131, 0, 0, 0, 0, 0, 0), .Dim = c(5L, 
        3L), .Dimnames = list(c("-3", "-2", "-1", "0", "1"), 
            c("A", "G", "T"))), N = 501)), `2` = structure(c(0, 
        0, 2, 200, 0, 0, 0, 102, 108, 0, 0, 0, 0, 0, 0), .Dim = c(5L, 
        3L), .Dimnames = list(c("-3", "-2", "-1", "0", "1"), 
            c("A", "G", "T"))))))
