Results <-
list(`bwaOutput/20210421msiMNRsJenny/265906B3_S16.sam` = list(
    GM09_SNP1 = list(All = list(Freqs = structure(c(66L, 2234L, 
    4L, 0L, 21L, 2189L, 1L, 1L, 1L, 20L, 0L, 0L), .Dim = 4:3, .Dimnames = structure(list(
        c("-1", "0", "1", NA), c("A", "G", NA)), .Names = c("", 
    "")), class = "table"), N = 4537L), Tag.Distribution = structure(c(`1` = 106L, 
    `2` = 62L, `3` = 84L, `4` = 47L, `5` = 57L, `6` = 56L, `7` = 50L, 
    `8` = 41L, `9` = 40L, `10` = 35L, `11` = 29L, `12` = 23L, 
    `13` = 16L, `14` = 16L, `15` = 11L, `16` = 7L, `17` = 3L, 
    `18` = 1L, `19` = 3L, `20` = 2L, `21` = 1L, `22` = 2L, `24` = 1L, 
    `25` = 1L, `27` = 1L, `28` = 1L, `34` = 1L, `35` = 1L, `38` = 1L
    ), .Dim = 29L, .Dimnames = structure(list(c("1", "2", "3", 
    "4", "5", "6", "7", "8", "9", "10", "11", "12", "13", "14", 
    "15", "16", "17", "18", "19", "20", "21", "22", "24", "25", 
    "27", "28", "34", "35", "38")), .Names = ""), class = "table"), 
        No.Tag = structure(c(1L, 50L, 1L, 0L, 0L, 57L, 0L, 1L, 
        0L, 2L, 0L, 0L), .Dim = 4:3, .Dimnames = structure(list(
            c("-1", "0", "1", NA), c("A", "G", NA)), .Names = c("", 
        "")), class = "table"), All.Tags = list(Concordant = list(
            Freqs = structure(c(7, 315, 0, 0, 295, 0), .Dim = 3:2, .Dimnames = list(
                c("-1", "0", "1"), c("A", "G"))), N = 617), Majority = list(
            Freqs = structure(c(10, 353, 0, 2, 325, 0), .Dim = 3:2, .Dimnames = list(
                c("-1", "0", "1"), c("A", "G"))), N = 690)), 
        `2` = structure(c(8, 303, 0, 2, 277, 0), .Dim = 3:2, .Dimnames = list(
            c("-1", "0", "1"), c("A", "G"))))))
