Results <-
list(`bwaOutput/20210421msiMNRsJenny/265906B3_S16.sam` = list(
    LR36_SNP1 = list(All = list(Freqs = structure(c(1L, 0L, 0L, 
    5L, 0L, 1L, 5L, 688L, 167L, 2612L, 22L, 17L, 0L, 2L, 1L, 
    75L, 2L, 0L), .Dim = c(6L, 3L), .Dimnames = structure(list(
        c("-3", "-2", "-1", "0", "1", NA), c("A", "T", NA)), .Names = c("", 
    "")), class = "table"), N = 3598L), Tag.Distribution = structure(c(`1` = 75L, 
    `2` = 57L, `3` = 45L, `4` = 58L, `5` = 54L, `6` = 33L, `7` = 30L, 
    `8` = 46L, `9` = 22L, `10` = 25L, `11` = 16L, `12` = 16L, 
    `13` = 19L, `14` = 9L, `15` = 13L, `16` = 9L, `17` = 3L, 
    `18` = 3L, `19` = 2L, `20` = 2L, `22` = 2L, `23` = 1L, `24` = 1L, 
    `26` = 1L, `28` = 1L, `31` = 1L, `33` = 1L), .Dim = 27L, .Dimnames = structure(list(
        c("1", "2", "3", "4", "5", "6", "7", "8", "9", "10", 
        "11", "12", "13", "14", "15", "16", "17", "18", "19", 
        "20", "22", "23", "24", "26", "28", "31", "33")), .Names = ""), class = "table"), 
        No.Tag = structure(c(0L, 0L, 0L, 0L, 0L, 0L, 0L, 15L, 
        1L, 51L, 0L, 0L, 0L, 0L, 0L, 9L, 0L, 0L), .Dim = c(6L, 
        3L), .Dimnames = structure(list(c("-3", "-2", "-1", "0", 
        "1", NA), c("A", "T", NA)), .Names = c("", "")), class = "table"), 
        All.Tags = list(Concordant = list(Freqs = structure(c(1, 
        0, 0, 2, 0, 0, 97, 12, 338, 1), .Dim = c(5L, 2L), .Dimnames = list(
            c("-3", "-2", "-1", "0", "1"), c("A", "T"))), N = 451), 
            Majority = list(Freqs = structure(c(1, 0, 0, 2, 0, 
            0, 108, 16, 411, 1), .Dim = c(5L, 2L), .Dimnames = list(
                c("-3", "-2", "-1", "0", "1"), c("A", "T"))), 
                N = 539)), `2` = structure(c(0, 0, 0, 0, 0, 0, 
        96, 13, 360, 0), .Dim = c(5L, 2L), .Dimnames = list(c("-3", 
        "-2", "-1", "0", "1"), c("A", "T"))))))
