Results <-
list(`bwaOutput/20210421msiMNRsJenny/265906B3_S16.sam` = list(
    GM29_SNP1 = list(All = list(Freqs = structure(c(1L, 103L, 
    889L, 1L, 2L, 0L, 39L, 937L, 1L, 0L, 0L, 1L, 9L, 0L, 0L), .Dim = c(5L, 
    3L), .Dimnames = structure(list(c("-2", "-1", "0", "1", NA
    ), c("A", "G", NA)), .Names = c("", "")), class = "table"), 
        N = 1983L), Tag.Distribution = structure(c(`1` = 69L, 
    `2` = 26L, `3` = 35L, `4` = 38L, `5` = 33L, `6` = 22L, `7` = 18L, 
    `8` = 21L, `9` = 23L, `10` = 11L, `11` = 10L, `12` = 4L, 
    `13` = 7L, `14` = 7L, `15` = 3L, `16` = 2L, `17` = 4L, `18` = 1L, 
    `19` = 1L, `21` = 2L, `22` = 2L, `31` = 1L), .Dim = 22L, .Dimnames = structure(list(
        c("1", "2", "3", "4", "5", "6", "7", "8", "9", "10", 
        "11", "12", "13", "14", "15", "16", "17", "18", "19", 
        "21", "22", "31")), .Names = ""), class = "table"), No.Tag = structure(c(0L, 
    1L, 26L, 0L, 0L, 0L, 0L, 20L, 0L, 0L, 0L, 0L, 4L, 0L, 0L), .Dim = c(5L, 
    3L), .Dimnames = structure(list(c("-2", "-1", "0", "1", NA
    ), c("A", "G", NA)), .Names = c("", "")), class = "table"), 
        All.Tags = list(Concordant = list(Freqs = structure(c(1, 
        12, 139, 0, 0, 3, 130, 0), .Dim = c(4L, 2L), .Dimnames = list(
            c("-2", "-1", "0", "1"), c("A", "G"))), N = 285), 
            Majority = list(Freqs = structure(c(1, 15, 160, 0, 
            0, 3, 155, 0), .Dim = c(4L, 2L), .Dimnames = list(
                c("-2", "-1", "0", "1"), c("A", "G"))), N = 334)), 
        `2` = structure(c(0, 11, 129, 0, 0, 3, 122, 0), .Dim = c(4L, 
        2L), .Dimnames = list(c("-2", "-1", "0", "1"), c("A", 
        "G"))))))
