Results <-
list(`bwaOutput/20210421msiMNRsJenny/265906B3_S16.sam` = list(
    LR24_SNP1 = list(All = list(Freqs = structure(c(28L, 375L, 
    4899L, 13L, 9L, 1L, 0L, 8L, 0L, 0L, 0L, 1L, 21L, 0L, 0L), .Dim = c(5L, 
    3L), .Dimnames = structure(list(c("-2", "-1", "0", "1", NA
    ), c("A", "G", NA)), .Names = c("", "")), class = "table"), 
        N = 5355L), Tag.Distribution = structure(c(`1` = 313L, 
    `2` = 208L, `3` = 152L, `4` = 147L, `5` = 113L, `6` = 76L, 
    `7` = 63L, `8` = 49L, `9` = 34L, `10` = 27L, `11` = 19L, 
    `12` = 11L, `13` = 9L, `14` = 5L, `15` = 6L, `16` = 5L, `17` = 6L, 
    `18` = 3L, `19` = 4L, `20` = 2L, `21` = 2L, `22` = 1L, `23` = 1L
    ), .Dim = 23L, .Dimnames = structure(list(c("1", "2", "3", 
    "4", "5", "6", "7", "8", "9", "10", "11", "12", "13", "14", 
    "15", "16", "17", "18", "19", "20", "21", "22", "23")), .Names = ""), class = "table"), 
        No.Tag = structure(c(1L, 3L, 89L, 0L, 1L, 0L, 0L, 0L, 
        0L, 0L, 0L, 0L, 1L, 0L, 0L), .Dim = c(5L, 3L), .Dimnames = structure(list(
            c("-2", "-1", "0", "1", NA), c("A", "G", NA)), .Names = c("", 
        "")), class = "table"), All.Tags = list(Concordant = list(
            Freqs = structure(c(7, 63, 1097, 1, 0, 0, 5, 0), .Dim = c(4L, 
            2L), .Dimnames = list(c("-2", "-1", "0", "1"), c("A", 
            "G"))), N = 1173), Majority = list(Freqs = structure(c(8, 
        77, 1151, 1, 0, 0, 5, 0), .Dim = c(4L, 2L), .Dimnames = list(
            c("-2", "-1", "0", "1"), c("A", "G"))), N = 1242)), 
        `2` = structure(c(6, 58, 871, 0, 0, 0, 0, 0), .Dim = c(4L, 
        2L), .Dimnames = list(c("-2", "-1", "0", "1"), c("A", 
        "G"))))))
