Results <-
list(`bwaOutput/20210421msiMNRsJenny/265906B3_S16.sam` = list(
    IM16_SNP1 = list(All = list(Freqs = structure(c(75L, 1051L, 
    109L, 1L, 1L, 41L, 1189L, 14L, 1L, 0L, 0L, 1L, 0L, 0L, 0L, 
    0L, 15L, 0L, 0L, 0L), .Dim = 5:4, .Dimnames = structure(list(
        c("-1", "0", "1", "2", NA), c("A", "G", "T", NA)), .Names = c("", 
    "")), class = "table"), N = 2498L), Tag.Distribution = structure(c(`1` = 59L, 
    `2` = 31L, `3` = 36L, `4` = 16L, `5` = 27L, `6` = 21L, `7` = 35L, 
    `8` = 17L, `9` = 26L, `10` = 18L, `11` = 10L, `12` = 23L, 
    `13` = 16L, `14` = 6L, `15` = 3L, `16` = 4L, `17` = 5L, `18` = 4L, 
    `19` = 3L, `21` = 2L, `28` = 1L), .Dim = 21L, .Dimnames = structure(list(
        c("1", "2", "3", "4", "5", "6", "7", "8", "9", "10", 
        "11", "12", "13", "14", "15", "16", "17", "18", "19", 
        "21", "28")), .Names = ""), class = "table"), No.Tag = structure(c(0L, 
    18L, 1L, 0L, 0L, 0L, 57L, 0L, 0L, 0L, 0L, 0L, 0L, 0L, 0L, 
    0L, 2L, 0L, 0L, 0L), .Dim = 5:4, .Dimnames = structure(list(
        c("-1", "0", "1", "2", NA), c("A", "G", "T", NA)), .Names = c("", 
    "")), class = "table"), All.Tags = list(Concordant = list(
        Freqs = structure(c(10, 128, 11, 0, 5, 151, 1, 0, 0, 
        0, 0, 0), .Dim = 4:3, .Dimnames = list(c("-1", "0", "1", 
        "2"), c("A", "G", "T"))), N = 306), Majority = list(Freqs = structure(c(10, 
    150, 15, 0, 6, 176, 1, 0, 0, 0, 0, 0), .Dim = 4:3, .Dimnames = list(
        c("-1", "0", "1", "2"), c("A", "G", "T"))), N = 358)), 
        `2` = structure(c(8, 128, 12, 0, 4, 151, 0, 0, 0, 0, 
        0, 0), .Dim = 4:3, .Dimnames = list(c("-1", "0", "1", 
        "2"), c("A", "G", "T"))))))
