Results <-
list(`bwaOutput/20210421msiMNRsJenny/265906B3_S16.sam` = list(
    LR10_SNP1 = list(All = list(Freqs = structure(c(14L, 751L, 
    672L, 7L, 6L, 0L, 1L, 0L, 0L, 0L, 0L, 46L, 1458L, 4L, 0L, 
    0L, 1L, 14L, 0L, 0L), .Dim = 5:4, .Dimnames = structure(list(
        c("-2", "-1", "0", "1", NA), c("C", "G", "T", NA)), .Names = c("", 
    "")), class = "table"), N = 2974L), Tag.Distribution = structure(c(`1` = 74L, 
    `2` = 56L, `3` = 50L, `4` = 39L, `5` = 28L, `6` = 28L, `7` = 21L, 
    `8` = 26L, `9` = 21L, `10` = 20L, `11` = 19L, `12` = 21L, 
    `13` = 13L, `14` = 6L, `15` = 11L, `16` = 9L, `17` = 2L, 
    `18` = 3L, `19` = 1L, `20` = 2L, `21` = 1L, `22` = 1L, `23` = 1L, 
    `24` = 2L, `25` = 1L, `28` = 1L), .Dim = 26L, .Dimnames = structure(list(
        c("1", "2", "3", "4", "5", "6", "7", "8", "9", "10", 
        "11", "12", "13", "14", "15", "16", "17", "18", "19", 
        "20", "21", "22", "23", "24", "25", "28")), .Names = ""), class = "table"), 
        No.Tag = structure(c(0L, 33L, 21L, 1L, 1L, 0L, 0L, 0L, 
        0L, 0L, 0L, 1L, 35L, 0L, 0L, 0L, 0L, 1L, 0L, 0L), .Dim = 5:4, .Dimnames = structure(list(
            c("-2", "-1", "0", "1", NA), c("C", "G", "T", NA)), .Names = c("", 
        "")), class = "table"), All.Tags = list(Concordant = list(
            Freqs = structure(c(2, 88, 78, 0, 0, 0, 0, 0, 0, 
            4, 199, 0), .Dim = 4:3, .Dimnames = list(c("-2", 
            "-1", "0", "1"), c("C", "G", "T"))), N = 371), Majority = list(
            Freqs = structure(c(2, 99, 105, 0, 0, 0, 0, 0, 0, 
            4, 237, 0), .Dim = 4:3, .Dimnames = list(c("-2", 
            "-1", "0", "1"), c("C", "G", "T"))), N = 447)), `2` = structure(c(1, 
        83, 84, 0, 0, 0, 0, 0, 0, 2, 208, 0), .Dim = 4:3, .Dimnames = list(
            c("-2", "-1", "0", "1"), c("C", "G", "T"))))))
