Results <-
list(`bwaOutput/20210421msiMNRsJenny/265906B3_S16.sam` = list(
    DEPDC2_SNP1 = list(All = list(Freqs = structure(c(22L, 1436L, 
    81L, 1L, 84L, 657L, 1038L, 10L, 0L, 15L, 7L, 61L, 4L, 0L, 
    0L), .Dim = c(5L, 3L), .Dimnames = structure(list(c("-1", 
    "0", "1", "2", NA), c("C", "T", NA)), .Names = c("", "")), class = "table"), 
        N = 3416L), Tag.Distribution = structure(c(`1` = 128L, 
    `2` = 81L, `3` = 73L, `4` = 75L, `5` = 48L, `6` = 61L, `7` = 39L, 
    `8` = 34L, `9` = 33L, `10` = 18L, `11` = 11L, `12` = 14L, 
    `13` = 10L, `14` = 4L, `15` = 6L, `16` = 3L, `17` = 2L, `18` = 2L, 
    `19` = 3L, `20` = 1L, `21` = 2L, `22` = 2L, `33` = 1L), .Dim = 23L, .Dimnames = structure(list(
        c("1", "2", "3", "4", "5", "6", "7", "8", "9", "10", 
        "11", "12", "13", "14", "15", "16", "17", "18", "19", 
        "20", "21", "22", "33")), .Names = ""), class = "table"), 
        No.Tag = structure(c(1L, 46L, 1L, 0L, 0L, 11L, 31L, 0L, 
        0L, 1L, 1L, 8L, 0L, 0L, 0L), .Dim = c(5L, 3L), .Dimnames = structure(list(
            c("-1", "0", "1", "2", NA), c("C", "T", NA)), .Names = c("", 
        "")), class = "table"), All.Tags = list(Concordant = list(
            Freqs = structure(c(1, 264, 18, 0, 108, 172, 0, 0
            ), .Dim = c(4L, 2L), .Dimnames = list(c("-1", "0", 
            "1", "2"), c("C", "T"))), N = 563), Majority = list(
            Freqs = structure(c(2, 292, 21, 0, 118, 189, 1, 0
            ), .Dim = c(4L, 2L), .Dimnames = list(c("-1", "0", 
            "1", "2"), c("C", "T"))), N = 623)), `2` = structure(c(2, 
        238, 19, 0, 96, 154, 1, 0), .Dim = c(4L, 2L), .Dimnames = list(
            c("-1", "0", "1", "2"), c("C", "T"))))))
