Results <-
list(`bwaOutput/20210421msiMNRsJenny/265906B3_S16.sam` = list(
    LR52_SNP1 = list(All = list(Freqs = structure(c(3L, 464L, 
    21L, 71L, 501L, 6L, 0L, 3L, 0L, 182L, 444L, 57L, 555L, 6L, 
    1L, 7L, 1L, 2L, 4L, 2L, 31L, 0L, 0L, 0L), .Dim = c(8L, 3L
    ), .Dimnames = structure(list(c("-4", "-3", "-2", "-1", "0", 
    "1", "2", NA), c("C", "T", NA)), .Names = c("", "")), class = "table"), 
        N = 2361L), Tag.Distribution = structure(c(`1` = 46L, 
    `2` = 34L, `3` = 23L, `4` = 25L, `5` = 25L, `6` = 19L, `7` = 19L, 
    `8` = 20L, `9` = 19L, `10` = 13L, `11` = 24L, `12` = 11L, 
    `13` = 14L, `14` = 15L, `15` = 7L, `16` = 3L, `17` = 3L, 
    `18` = 2L, `19` = 1L, `20` = 2L, `21` = 1L, `24` = 2L, `25` = 1L, 
    `30` = 1L), .Dim = 24L, .Dimnames = structure(list(c("1", 
    "2", "3", "4", "5", "6", "7", "8", "9", "10", "11", "12", 
    "13", "14", "15", "16", "17", "18", "19", "20", "21", "24", 
    "25", "30")), .Names = ""), class = "table"), No.Tag = structure(c(0L, 
    3L, 0L, 1L, 8L, 0L, 0L, 0L, 0L, 1L, 18L, 0L, 2L, 0L, 0L, 
    0L, 0L, 0L, 0L, 0L, 1L, 0L, 0L, 0L), .Dim = c(8L, 3L), .Dimnames = structure(list(
        c("-4", "-3", "-2", "-1", "0", "1", "2", NA), c("C", 
        "T", NA)), .Names = c("", "")), class = "table"), All.Tags = list(
        Concordant = list(Freqs = structure(c(0, 63, 5, 2, 39, 
        0, 0, 0, 21, 44, 3, 40, 0, 0), .Dim = c(7L, 2L), .Dimnames = list(
            c("-4", "-3", "-2", "-1", "0", "1", "2"), c("C", 
            "T"))), N = 217), Majority = list(Freqs = structure(c(0, 
        72, 5, 2, 77, 0, 0, 0, 24, 58, 3, 78, 0, 0), .Dim = c(7L, 
        2L), .Dimnames = list(c("-4", "-3", "-2", "-1", "0", 
        "1", "2"), c("C", "T"))), N = 319)), `2` = structure(c(0, 
    61, 3, 2, 67, 0, 0, 0, 21, 54, 1, 68, 0, 0), .Dim = c(7L, 
    2L), .Dimnames = list(c("-4", "-3", "-2", "-1", "0", "1", 
    "2"), c("C", "T"))))))
