Results <-
list(`bwaOutput/20210421msiMNRsJenny/265906B3_S16.sam` = list(
    LR49_SNP1 = list(All = list(Freqs = structure(c(0L, 8L, 5L, 
    0L, 3L, 1048L, 2357L, 13L, 0L, 6L, 7L, 0L), .Dim = 4:3, .Dimnames = structure(list(
        c("-2", "-1", "0", NA), c("A", "G", NA)), .Names = c("", 
    "")), class = "table"), N = 3447L), Tag.Distribution = structure(c(`1` = 132L, 
    `2` = 74L, `3` = 75L, `4` = 48L, `5` = 55L, `6` = 50L, `7` = 34L, 
    `8` = 26L, `9` = 36L, `10` = 20L, `11` = 22L, `12` = 12L, 
    `13` = 10L, `14` = 10L, `15` = 1L, `16` = 7L, `17` = 3L, 
    `18` = 2L, `19` = 5L, `21` = 1L, `22` = 3L, `23` = 1L, `26` = 1L
    ), .Dim = 23L, .Dimnames = structure(list(c("1", "2", "3", 
    "4", "5", "6", "7", "8", "9", "10", "11", "12", "13", "14", 
    "15", "16", "17", "18", "19", "21", "22", "23", "26")), .Names = ""), class = "table"), 
        No.Tag = structure(c(0L, 0L, 0L, 0L, 0L, 28L, 74L, 1L, 
        0L, 0L, 1L, 0L), .Dim = 4:3, .Dimnames = structure(list(
            c("-2", "-1", "0", NA), c("A", "G", NA)), .Names = c("", 
        "")), class = "table"), All.Tags = list(Concordant = list(
            Freqs = structure(c(0, 1, 2, 1, 166, 410), .Dim = 3:2, .Dimnames = list(
                c("-2", "-1", "0"), c("A", "G"))), N = 580), 
            Majority = list(Freqs = structure(c(0, 2, 2, 1, 189, 
            428), .Dim = 3:2, .Dimnames = list(c("-2", "-1", 
            "0"), c("A", "G"))), N = 622)), `2` = structure(c(0, 
        1, 0, 1, 152, 340), .Dim = 3:2, .Dimnames = list(c("-2", 
        "-1", "0"), c("A", "G"))))))
