Results <-
list(`bwaOutput/20210421msiMNRsJenny/265906B3_S16.sam` = list(
    LR46_SNP1 = list(All = list(Freqs = structure(c(1001L, 2034L, 
    3L, 17L, 1L, 1L, 0L, 0L, 2L, 4L, 0L, 0L), .Dim = 4:3, .Dimnames = structure(list(
        c("-1", "0", "1", NA), c("G", "T", NA)), .Names = c("", 
    "")), class = "table"), N = 3063L), Tag.Distribution = structure(c(`1` = 76L, 
    `2` = 35L, `3` = 32L, `4` = 39L, `5` = 31L, `6` = 23L, `7` = 22L, 
    `8` = 24L, `9` = 26L, `10` = 19L, `11` = 16L, `12` = 11L, 
    `13` = 19L, `14` = 6L, `15` = 11L, `16` = 6L, `17` = 4L, 
    `18` = 6L, `19` = 1L, `20` = 6L, `21` = 4L, `22` = 2L, `23` = 1L, 
    `24` = 1L, `26` = 2L, `27` = 1L, `29` = 1L), .Dim = 27L, .Dimnames = structure(list(
        c("1", "2", "3", "4", "5", "6", "7", "8", "9", "10", 
        "11", "12", "13", "14", "15", "16", "17", "18", "19", 
        "20", "21", "22", "23", "24", "26", "27", "29")), .Names = ""), class = "table"), 
        No.Tag = structure(c(25L, 77L, 0L, 2L, 0L, 0L, 0L, 0L, 
        0L, 0L, 0L, 0L), .Dim = 4:3, .Dimnames = structure(list(
            c("-1", "0", "1", NA), c("G", "T", NA)), .Names = c("", 
        "")), class = "table"), All.Tags = list(Concordant = list(
            Freqs = structure(c(119, 277, 0, 1, 0, 0), .Dim = 3:2, .Dimnames = list(
                c("-1", "0", "1"), c("G", "T"))), N = 397), Majority = list(
            Freqs = structure(c(130, 292, 0, 1, 0, 0), .Dim = 3:2, .Dimnames = list(
                c("-1", "0", "1"), c("G", "T"))), N = 423)), 
        `2` = structure(c(112, 237, 0, 0, 0, 0), .Dim = 3:2, .Dimnames = list(
            c("-1", "0", "1"), c("G", "T"))))))
