Results <-
list(`bwaOutput/20210421msiMNRsJenny/265906B3_S16.sam` = list(
    GM17_SNP1 = list(All = list(Freqs = structure(c(19L, 1496L, 
    2L, 2L, 60L, 1589L, 17L, 3L, 1L, 13L, 0L, 0L), .Dim = 4:3, .Dimnames = structure(list(
        c("-1", "0", "1", NA), c("C", "T", NA)), .Names = c("", 
    "")), class = "table"), N = 3202L), Tag.Distribution = structure(c(`1` = 86L, 
    `2` = 46L, `3` = 40L, `4` = 44L, `5` = 32L, `6` = 24L, `7` = 38L, 
    `8` = 26L, `9` = 40L, `10` = 16L, `11` = 19L, `12` = 18L, 
    `13` = 13L, `14` = 8L, `15` = 6L, `16` = 6L, `17` = 7L, `18` = 7L, 
    `19` = 2L, `20` = 1L, `21` = 4L, `24` = 3L), .Dim = 22L, .Dimnames = structure(list(
        c("1", "2", "3", "4", "5", "6", "7", "8", "9", "10", 
        "11", "12", "13", "14", "15", "16", "17", "18", "19", 
        "20", "21", "24")), .Names = ""), class = "table"), No.Tag = structure(c(0L, 
    22L, 0L, 0L, 1L, 53L, 1L, 0L, 0L, 2L, 0L, 0L), .Dim = 4:3, .Dimnames = structure(list(
        c("-1", "0", "1", NA), c("C", "T", NA)), .Names = c("", 
    "")), class = "table"), All.Tags = list(Concordant = list(
        Freqs = structure(c(1, 211, 0, 5, 212, 2), .Dim = 3:2, .Dimnames = list(
            c("-1", "0", "1"), c("C", "T"))), N = 431), Majority = list(
        Freqs = structure(c(1, 233, 0, 6, 236, 2), .Dim = 3:2, .Dimnames = list(
            c("-1", "0", "1"), c("C", "T"))), N = 478)), `2` = structure(c(1, 
    195, 0, 5, 197, 2), .Dim = 3:2, .Dimnames = list(c("-1", 
    "0", "1"), c("C", "T"))))))
