Results <-
list(`bwaOutput/20210421msiMNRsJenny/265906B3_S16.sam` = list(
    GM07_SNP1 = list(All = list(Freqs = structure(c(0L, 0L, 1L, 
    0L, 0L, 0L, 0L, 0L, 17L, 245L, 956L, 29L, 1L, 12L, 1L, 125L, 
    528L, 553L, 17L, 2L, 14L, 0L, 0L, 3L, 6L, 1L, 0L, 0L), .Dim = c(7L, 
    4L), .Dimnames = structure(list(c("-3", "-2", "-1", "0", 
    "1", "2", NA), c("-", "A", "G", NA)), .Names = c("", "")), class = "table"), 
        N = 2511L), Tag.Distribution = structure(c(`1` = 51L, 
    `2` = 42L, `3` = 31L, `4` = 33L, `5` = 28L, `6` = 24L, `7` = 32L, 
    `8` = 21L, `9` = 26L, `10` = 23L, `11` = 9L, `12` = 16L, 
    `13` = 11L, `14` = 6L, `15` = 9L, `16` = 5L, `17` = 4L, `18` = 3L, 
    `22` = 1L, `24` = 2L, `32` = 1L), .Dim = 21L, .Dimnames = structure(list(
        c("1", "2", "3", "4", "5", "6", "7", "8", "9", "10", 
        "11", "12", "13", "14", "15", "16", "17", "18", "22", 
        "24", "32")), .Names = ""), class = "table"), No.Tag = structure(c(0L, 
    0L, 0L, 0L, 0L, 0L, 0L, 0L, 0L, 8L, 23L, 0L, 0L, 2L, 0L, 
    0L, 3L, 15L, 0L, 0L, 2L, 0L, 0L, 0L, 1L, 0L, 0L, 0L), .Dim = c(7L, 
    4L), .Dimnames = structure(list(c("-3", "-2", "-1", "0", 
    "1", "2", NA), c("-", "A", "G", NA)), .Names = c("", "")), class = "table"), 
        All.Tags = list(Concordant = list(Freqs = structure(c(0, 
        0, 0, 0, 0, 0, 0, 2, 32, 95, 1, 0, 0, 17, 53, 58, 0, 
        0), .Dim = c(6L, 3L), .Dimnames = list(c("-3", "-2", 
        "-1", "0", "1", "2"), c("-", "A", "G"))), N = 258), Majority = list(
            Freqs = structure(c(0, 0, 0, 0, 0, 0, 0, 2, 39, 145, 
            1, 0, 0, 21, 71, 92, 1, 0), .Dim = c(6L, 3L), .Dimnames = list(
                c("-3", "-2", "-1", "0", "1", "2"), c("-", "A", 
                "G"))), N = 372)), `2` = structure(c(0, 0, 0, 
        0, 0, 0, 0, 2, 29, 130, 1, 0, 0, 17, 61, 82, 1, 0), .Dim = c(6L, 
        3L), .Dimnames = list(c("-3", "-2", "-1", "0", "1", "2"
        ), c("-", "A", "G"))))))
