Results <-
list(`bwaOutput/20210421msiMNRsJenny/265906B3_S16.sam` = list(
    LR48_SNP1 = list(All = list(Freqs = structure(c(1L, 179L, 
    1153L, 13L, 11L, 2L, 170L, 1251L, 14L, 5L, 0L, 0L, 19L, 0L, 
    0L), .Dim = c(5L, 3L), .Dimnames = structure(list(c("-2", 
    "-1", "0", "1", NA), c("C", "T", NA)), .Names = c("", "")), class = "table"), 
        N = 2818L), Tag.Distribution = structure(c(`1` = 49L, 
    `2` = 24L, `3` = 24L, `4` = 29L, `5` = 29L, `6` = 20L, `7` = 28L, 
    `8` = 20L, `9` = 20L, `10` = 25L, `11` = 14L, `12` = 21L, 
    `13` = 5L, `14` = 7L, `15` = 12L, `16` = 9L, `17` = 6L, `18` = 3L, 
    `19` = 5L, `20` = 2L, `21` = 2L, `22` = 2L, `23` = 1L, `24` = 2L, 
    `25` = 1L, `26` = 1L), .Dim = 26L, .Dimnames = structure(list(
        c("1", "2", "3", "4", "5", "6", "7", "8", "9", "10", 
        "11", "12", "13", "14", "15", "16", "17", "18", "19", 
        "20", "21", "22", "23", "24", "25", "26")), .Names = ""), class = "table"), 
        No.Tag = structure(c(0L, 14L, 44L, 1L, 2L, 0L, 3L, 22L, 
        0L, 0L, 0L, 0L, 4L, 0L, 0L), .Dim = c(5L, 3L), .Dimnames = structure(list(
            c("-2", "-1", "0", "1", NA), c("C", "T", NA)), .Names = c("", 
        "")), class = "table"), All.Tags = list(Concordant = list(
            Freqs = structure(c(0, 15, 121, 0, 0, 18, 115, 0), .Dim = c(4L, 
            2L), .Dimnames = list(c("-2", "-1", "0", "1"), c("C", 
            "T"))), N = 269), Majority = list(Freqs = structure(c(0, 
        18, 158, 1, 0, 20, 157, 0), .Dim = c(4L, 2L), .Dimnames = list(
            c("-2", "-1", "0", "1"), c("C", "T"))), N = 354)), 
        `2` = structure(c(0, 16, 131, 1, 0, 18, 143, 0), .Dim = c(4L, 
        2L), .Dimnames = list(c("-2", "-1", "0", "1"), c("C", 
        "T"))))))
