Results <-
list(`bwaOutput/20210421msiMNRsJenny/267255B4_S8.sam` = list(
    LR52_SNP1 = list(All = list(Freqs = structure(c(2L, 144L, 
    36L, 247L, 2274L, 23L, 17L, 0L, 0L, 0L, 0L, 7L, 0L, 0L, 0L, 
    0L, 0L, 1L, 123L, 3L, 0L), .Dim = c(7L, 3L), .Dimnames = structure(list(
        c("-4", "-3", "-2", "-1", "0", "1", NA), c("C", "T", 
        NA)), .Names = c("", "")), class = "table"), N = 2877L), 
        Tag.Distribution = structure(c(`1` = 138L, `2` = 137L, 
        `3` = 98L, `4` = 103L, `5` = 60L, `6` = 53L, `7` = 38L, 
        `8` = 25L, `9` = 23L, `10` = 11L, `11` = 12L, `12` = 5L, 
        `13` = 4L, `14` = 2L, `15` = 1L, `17` = 1L, `20` = 1L
        ), .Dim = 17L, .Dimnames = structure(list(c("1", "2", 
        "3", "4", "5", "6", "7", "8", "9", "10", "11", "12", 
        "13", "14", "15", "17", "20")), .Names = ""), class = "table"), 
        No.Tag = structure(c(0L, 6L, 0L, 2L, 22L, 0L, 0L, 0L, 
        0L, 0L, 0L, 0L, 0L, 0L, 0L, 0L, 0L, 0L, 4L, 0L, 0L), .Dim = c(7L, 
        3L), .Dimnames = structure(list(c("-4", "-3", "-2", "-1", 
        "0", "1", NA), c("C", "T", NA)), .Names = c("", "")), class = "table"), 
        All.Tags = list(Concordant = list(Freqs = structure(c(0, 
        31, 5, 21, 450, 1, 0, 0, 0, 0, 4, 0), .Dim = c(6L, 2L
        ), .Dimnames = list(c("-4", "-3", "-2", "-1", "0", "1"
        ), c("C", "T"))), N = 512), Majority = list(Freqs = structure(c(0, 
        36, 7, 27, 606, 3, 0, 0, 0, 0, 4, 0), .Dim = c(6L, 2L
        ), .Dimnames = list(c("-4", "-3", "-2", "-1", "0", "1"
        ), c("C", "T"))), N = 683)), `2` = structure(c(0, 30, 
        3, 14, 499, 2, 0, 0, 0, 0, 1, 0), .Dim = c(6L, 2L), .Dimnames = list(
            c("-4", "-3", "-2", "-1", "0", "1"), c("C", "T"))))))
