Results <-
list(`bwaOutput/20210421msiMNRsJenny/267255B4_S8.sam` = list(
    DEPDC2_SNP1 = list(All = list(Freqs = structure(c(0L, 13L, 
    1910L, 8L, 8L, 1L, 98L, 1660L, 2L, 9L, 0L, 2L, 103L, 1L, 
    0L), .Dim = c(5L, 3L), .Dimnames = structure(list(c("-4", 
    "-1", "0", "1", NA), c("C", "T", NA)), .Names = c("", "")), class = "table"), 
        N = 3815L), Tag.Distribution = structure(c(`1` = 303L, 
    `2` = 221L, `3` = 161L, `4` = 146L, `5` = 102L, `6` = 67L, 
    `7` = 41L, `8` = 23L, `9` = 15L, `10` = 14L, `11` = 4L, `12` = 2L, 
    `13` = 1L, `14` = 4L, `15` = 1L, `16` = 2L, `17` = 1L, `18` = 1L, 
    `22` = 1L), .Dim = 19L, .Dimnames = structure(list(c("1", 
    "2", "3", "4", "5", "6", "7", "8", "9", "10", "11", "12", 
    "13", "14", "15", "16", "17", "18", "22")), .Names = ""), class = "table"), 
        No.Tag = structure(c(0L, 0L, 48L, 0L, 3L, 0L, 1L, 35L, 
        0L, 2L, 0L, 1L, 13L, 1L, 0L), .Dim = c(5L, 3L), .Dimnames = structure(list(
            c("-4", "-1", "0", "1", NA), c("C", "T", NA)), .Names = c("", 
        "")), class = "table"), All.Tags = list(Concordant = list(
            Freqs = structure(c(0, 2, 507, 0, 0, 28, 419, 0), .Dim = c(4L, 
            2L), .Dimnames = list(c("-4", "-1", "0", "1"), c("C", 
            "T"))), N = 956), Majority = list(Freqs = structure(c(0, 
        3, 563, 1, 0, 29, 475, 0), .Dim = c(4L, 2L), .Dimnames = list(
            c("-4", "-1", "0", "1"), c("C", "T"))), N = 1071)), 
        `2` = structure(c(0, 1, 415, 1, 0, 19, 346, 0), .Dim = c(4L, 
        2L), .Dimnames = list(c("-4", "-1", "0", "1"), c("C", 
        "T"))))))
