Results <-
list(`bwaOutput/20210421msiMNRsJenny/267255B4_S8.sam` = list(
    IM49_SNP1 = list(All = list(Freqs = structure(c(0L, 0L, 0L, 
    1L, 0L, 0L, 0L, 2L, 131L, 84L, 2699L, 58L, 2L, 10L, 0L, 1L, 
    0L, 72L, 2L, 0L, 0L), .Dim = c(7L, 3L), .Dimnames = structure(list(
        c("-3", "-2", "-1", "0", "1", "2", NA), c("C", "G", NA
        )), .Names = c("", "")), class = "table"), N = 3062L), 
        Tag.Distribution = structure(c(`1` = 229L, `2` = 160L, 
        `3` = 146L, `4` = 92L, `5` = 67L, `6` = 37L, `7` = 40L, 
        `8` = 21L, `9` = 12L, `10` = 15L, `11` = 10L, `12` = 7L, 
        `13` = 4L, `14` = 2L, `15` = 4L, `16` = 1L), .Dim = 16L, .Dimnames = structure(list(
            c("1", "2", "3", "4", "5", "6", "7", "8", "9", "10", 
            "11", "12", "13", "14", "15", "16")), .Names = ""), class = "table"), 
        No.Tag = structure(c(0L, 0L, 0L, 0L, 0L, 0L, 0L, 0L, 
        7L, 4L, 77L, 2L, 0L, 0L, 0L, 0L, 0L, 4L, 0L, 0L, 0L), .Dim = c(7L, 
        3L), .Dimnames = structure(list(c("-3", "-2", "-1", "0", 
        "1", "2", NA), c("C", "G", NA)), .Names = c("", "")), class = "table"), 
        All.Tags = list(Concordant = list(Freqs = structure(c(0, 
        0, 0, 0, 0, 0, 1, 31, 7, 679, 11, 0), .Dim = c(6L, 2L
        ), .Dimnames = list(c("-3", "-2", "-1", "0", "1", "2"
        ), c("C", "G"))), N = 729), Majority = list(Freqs = structure(c(0, 
        0, 0, 0, 0, 0, 1, 36, 9, 759, 11, 0), .Dim = c(6L, 2L
        ), .Dimnames = list(c("-3", "-2", "-1", "0", "1", "2"
        ), c("C", "G"))), N = 816)), `2` = structure(c(0, 0, 
        0, 0, 0, 0, 0, 30, 4, 564, 0, 0), .Dim = c(6L, 2L), .Dimnames = list(
            c("-3", "-2", "-1", "0", "1", "2"), c("C", "G"))))))
