Results <-
list(`bwaOutput/20210421msiMNRsJenny/267255B4_S8.sam` = list(
    GM17_SNP1 = list(All = list(Freqs = structure(c(1L, 131L, 
    1650L, 4L, 3L, 0L, 133L, 1616L, 9L, 3L, 0L, 2L, 14L, 0L, 
    0L), .Dim = c(5L, 3L), .Dimnames = structure(list(c("-2", 
    "-1", "0", "1", NA), c("C", "T", NA)), .Names = c("", "")), class = "table"), 
        N = 3566L), Tag.Distribution = structure(c(`1` = 184L, 
    `2` = 141L, `3` = 113L, `4` = 99L, `5` = 81L, `6` = 58L, 
    `7` = 46L, `8` = 27L, `9` = 21L, `10` = 20L, `11` = 16L, 
    `12` = 10L, `13` = 5L, `14` = 4L, `15` = 6L, `16` = 2L, `17` = 1L, 
    `19` = 1L, `20` = 1L, `24` = 1L), .Dim = 20L, .Dimnames = structure(list(
        c("1", "2", "3", "4", "5", "6", "7", "8", "9", "10", 
        "11", "12", "13", "14", "15", "16", "17", "19", "20", 
        "24")), .Names = ""), class = "table"), No.Tag = structure(c(0L, 
    4L, 26L, 0L, 0L, 0L, 5L, 30L, 1L, 0L, 0L, 0L, 0L, 0L, 0L), .Dim = c(5L, 
    3L), .Dimnames = structure(list(c("-2", "-1", "0", "1", NA
    ), c("C", "T", NA)), .Names = c("", "")), class = "table"), 
        All.Tags = list(Concordant = list(Freqs = structure(c(0, 
        21, 335, 1, 0, 29, 331, 1), .Dim = c(4L, 2L), .Dimnames = list(
            c("-2", "-1", "0", "1"), c("C", "T"))), N = 718), 
            Majority = list(Freqs = structure(c(0, 26, 384, 1, 
            0, 32, 376, 1), .Dim = c(4L, 2L), .Dimnames = list(
                c("-2", "-1", "0", "1"), c("C", "T"))), N = 820)), 
        `2` = structure(c(0, 23, 295, 0, 0, 23, 300, 0), .Dim = c(4L, 
        2L), .Dimnames = list(c("-2", "-1", "0", "1"), c("C", 
        "T"))))))
