Results <-
list(`bwaOutput/20210421msiMNRsJenny/267255B4_S8.sam` = list(
    LR11_SNP1 = list(All = list(Freqs = structure(c(3L, 124L, 
    1560L, 8L, 1L, 6L, 1L, 94L, 1212L, 8L, 0L, 7L, 0L, 1L, 11L, 
    1L, 0L, 0L), .Dim = c(6L, 3L), .Dimnames = structure(list(
        c("-2", "-1", "0", "1", "2", NA), c("A", "C", NA)), .Names = c("", 
    "")), class = "table"), N = 3037L), Tag.Distribution = structure(c(`1` = 204L, 
    `2` = 166L, `3` = 127L, `4` = 83L, `5` = 82L, `6` = 56L, 
    `7` = 40L, `8` = 23L, `9` = 21L, `10` = 11L, `11` = 6L, `12` = 5L, 
    `13` = 3L, `14` = 2L, `15` = 2L, `16` = 2L), .Dim = 16L, .Dimnames = structure(list(
        c("1", "2", "3", "4", "5", "6", "7", "8", "9", "10", 
        "11", "12", "13", "14", "15", "16")), .Names = ""), class = "table"), 
        No.Tag = structure(c(0L, 1L, 15L, 0L, 0L, 2L, 0L, 1L, 
        3L, 0L, 0L, 2L, 0L, 0L, 0L, 0L, 0L, 0L), .Dim = c(6L, 
        3L), .Dimnames = structure(list(c("-2", "-1", "0", "1", 
        "2", NA), c("A", "C", NA)), .Names = c("", "")), class = "table"), 
        All.Tags = list(Concordant = list(Freqs = structure(c(0, 
        19, 359, 1, 0, 0, 16, 305, 1, 0), .Dim = c(5L, 2L), .Dimnames = list(
            c("-2", "-1", "0", "1", "2"), c("A", "C"))), N = 701), 
            Majority = list(Freqs = structure(c(0, 23, 422, 1, 
            0, 0, 19, 347, 1, 0), .Dim = c(5L, 2L), .Dimnames = list(
                c("-2", "-1", "0", "1", "2"), c("A", "C"))), 
                N = 813)), `2` = structure(c(0, 16, 324, 0, 0, 
        0, 14, 259, 0, 0), .Dim = c(5L, 2L), .Dimnames = list(
            c("-2", "-1", "0", "1", "2"), c("A", "C"))))))
