Results <-
list(`bwaOutput/20210421msiMNRsJenny/267255B4_S8.sam` = list(
    LR44_SNP1 = list(All = list(Freqs = structure(c(2L, 76L, 
    75L, 832L, 17L, 5L, 0L, 0L, 0L, 18L, 0L, 1L, 0L, 69L, 105L, 
    894L, 20L, 5L, 0L, 0L, 0L, 15L, 2L, 0L), .Dim = c(6L, 4L), .Dimnames = structure(list(
        c("-3", "-2", "-1", "0", "1", NA), c("C", "G", "T", NA
        )), .Names = c("", "")), class = "table"), N = 2136L), 
        Tag.Distribution = structure(c(`1` = 140L, `2` = 123L, 
        `3` = 89L, `4` = 64L, `5` = 54L, `6` = 38L, `7` = 29L, 
        `8` = 11L, `9` = 13L, `10` = 8L, `11` = 10L, `12` = 3L, 
        `13` = 1L, `18` = 1L), .Dim = 14L, .Dimnames = structure(list(
            c("1", "2", "3", "4", "5", "6", "7", "8", "9", "10", 
            "11", "12", "13", "18")), .Names = ""), class = "table"), 
        No.Tag = structure(c(0L, 1L, 4L, 29L, 1L, 0L, 0L, 0L, 
        0L, 0L, 0L, 0L, 0L, 2L, 0L, 25L, 1L, 0L, 0L, 0L, 0L, 
        0L, 1L, 0L), .Dim = c(6L, 4L), .Dimnames = structure(list(
            c("-3", "-2", "-1", "0", "1", NA), c("C", "G", "T", 
            NA)), .Names = c("", "")), class = "table"), All.Tags = list(
            Concordant = list(Freqs = structure(c(0, 13, 5, 177, 
            0, 0, 0, 0, 4, 0, 0, 20, 8, 200, 0), .Dim = c(5L, 
            3L), .Dimnames = list(c("-3", "-2", "-1", "0", "1"
            ), c("C", "G", "T"))), N = 427), Majority = list(
                Freqs = structure(c(0, 16, 5, 231, 1, 0, 0, 0, 
                4, 0, 0, 20, 11, 266, 0), .Dim = c(5L, 3L), .Dimnames = list(
                  c("-3", "-2", "-1", "0", "1"), c("C", "G", 
                  "T"))), N = 554)), `2` = structure(c(0, 13, 
        2, 173, 1, 0, 0, 0, 3, 0, 0, 16, 8, 200, 0), .Dim = c(5L, 
        3L), .Dimnames = list(c("-3", "-2", "-1", "0", "1"), 
            c("C", "G", "T"))))))
