Results <-
list(`bwaOutput/20210421msiMNRsJenny/267255B4_S8.sam` = list(
    LR36_SNP1 = list(All = list(Freqs = structure(c(0L, 0L, 0L, 
    1L, 0L, 0L, 1L, 9L, 187L, 1916L, 16L, 4L, 0L, 0L, 0L, 167L, 
    0L, 0L, 0L, 1L, 1L, 22L, 0L, 0L), .Dim = c(6L, 4L), .Dimnames = structure(list(
        c("-3", "-2", "-1", "0", "1", NA), c("-", "A", "T", NA
        )), .Names = c("", "")), class = "table"), N = 2325L), 
        Tag.Distribution = structure(c(`1` = 149L, `2` = 102L, 
        `3` = 102L, `4` = 60L, `5` = 50L, `6` = 48L, `7` = 25L, 
        `8` = 12L, `9` = 19L, `10` = 12L, `11` = 7L, `12` = 6L, 
        `13` = 1L, `14` = 2L, `16` = 4L, `17` = 1L), .Dim = 16L, .Dimnames = structure(list(
            c("1", "2", "3", "4", "5", "6", "7", "8", "9", "10", 
            "11", "12", "13", "14", "16", "17")), .Names = ""), class = "table"), 
        No.Tag = structure(c(0L, 0L, 0L, 0L, 0L, 0L, 0L, 0L, 
        3L, 42L, 2L, 0L, 0L, 0L, 0L, 3L, 0L, 0L, 0L, 0L, 0L, 
        5L, 0L, 0L), .Dim = c(6L, 4L), .Dimnames = structure(list(
            c("-3", "-2", "-1", "0", "1", NA), c("-", "A", "T", 
            NA)), .Names = c("", "")), class = "table"), All.Tags = list(
            Concordant = list(Freqs = structure(c(0, 0, 0, 0, 
            0, 0, 1, 24, 463, 1, 0, 0, 0, 43, 0), .Dim = c(5L, 
            3L), .Dimnames = list(c("-3", "-2", "-1", "0", "1"
            ), c("-", "A", "T"))), N = 532), Majority = list(
                Freqs = structure(c(0, 0, 0, 0, 0, 0, 1, 32, 
                510, 1, 0, 0, 0, 48, 0), .Dim = c(5L, 3L), .Dimnames = list(
                  c("-3", "-2", "-1", "0", "1"), c("-", "A", 
                  "T"))), N = 592)), `2` = structure(c(0, 0, 
        0, 0, 0, 0, 1, 26, 382, 1, 0, 0, 0, 34, 0), .Dim = c(5L, 
        3L), .Dimnames = list(c("-3", "-2", "-1", "0", "1"), 
            c("-", "A", "T"))))))
