Results <-
list(`bwaOutput/20210421msiMNRsJenny/267255B4_S8.sam` = list(
    LR24_SNP1 = list(All = list(Freqs = structure(c(0L, 0L, 42L, 
    1L, 0L, 0L, 0L, 1L, 0L, 0L, 4L, 262L, 6078L, 13L, 6L, 0L, 
    1L, 38L, 0L, 0L), .Dim = 5:4, .Dimnames = structure(list(
        c("-2", "-1", "0", "1", NA), c("A", "C", "G", NA)), .Names = c("", 
    "")), class = "table"), N = 6446L), Tag.Distribution = structure(c(`1` = 579L, 
    `2` = 375L, `3` = 284L, `4` = 190L, `5` = 145L, `6` = 95L, 
    `7` = 72L, `8` = 42L, `9` = 38L, `10` = 21L, `11` = 21L, 
    `12` = 9L, `13` = 3L, `14` = 7L, `15` = 5L, `16` = 2L, `17` = 1L, 
    `18` = 1L, `21` = 1L, `32` = 1L), .Dim = 20L, .Dimnames = structure(list(
        c("1", "2", "3", "4", "5", "6", "7", "8", "9", "10", 
        "11", "12", "13", "14", "15", "16", "17", "18", "21", 
        "32")), .Names = ""), class = "table"), No.Tag = structure(c(0L, 
    0L, 0L, 0L, 0L, 0L, 0L, 0L, 0L, 0L, 0L, 8L, 130L, 0L, 0L, 
    0L, 0L, 9L, 0L, 0L), .Dim = 5:4, .Dimnames = structure(list(
        c("-2", "-1", "0", "1", NA), c("A", "C", "G", NA)), .Names = c("", 
    "")), class = "table"), All.Tags = list(Concordant = list(
        Freqs = structure(c(0, 0, 4, 0, 0, 0, 0, 0, 0, 42, 1728, 
        1), .Dim = 4:3, .Dimnames = list(c("-2", "-1", "0", "1"
        ), c("A", "C", "G"))), N = 1775), Majority = list(Freqs = structure(c(0, 
    0, 8, 0, 0, 0, 0, 0, 1, 62, 1793, 1), .Dim = 4:3, .Dimnames = list(
        c("-2", "-1", "0", "1"), c("A", "C", "G"))), N = 1865)), 
        `2` = structure(c(0, 0, 5, 0, 0, 0, 0, 0, 1, 43, 1244, 
        0), .Dim = 4:3, .Dimnames = list(c("-2", "-1", "0", "1"
        ), c("A", "C", "G"))))))
