Results <-
list(`bwaOutput/20210421msiMNRsJenny/267255B4_S8.sam` = list(
    LR17_SNP1 = list(All = list(Freqs = structure(c(18L, 496L, 
    5259L, 81L, 2L, 27L, 0L, 0L, 2L, 0L, 0L, 0L, 1L, 6L, 169L, 
    1L, 0L, 0L), .Dim = c(6L, 3L), .Dimnames = structure(list(
        c("-2", "-1", "0", "1", "2", NA), c("A", "G", NA)), .Names = c("", 
    "")), class = "table"), N = 6062L), Tag.Distribution = structure(c(`1` = 251L, 
    `2` = 191L, `3` = 178L, `4` = 166L, `5` = 122L, `6` = 109L, 
    `7` = 79L, `8` = 67L, `9` = 49L, `10` = 22L, `11` = 19L, 
    `12` = 16L, `13` = 15L, `14` = 7L, `15` = 10L, `16` = 4L, 
    `17` = 1L, `18` = 2L, `20` = 1L, `22` = 1L, `23` = 1L), .Dim = 21L, .Dimnames = structure(list(
        c("1", "2", "3", "4", "5", "6", "7", "8", "9", "10", 
        "11", "12", "13", "14", "15", "16", "17", "18", "20", 
        "22", "23")), .Names = ""), class = "table"), No.Tag = structure(c(1L, 
    17L, 159L, 1L, 1L, 2L, 0L, 0L, 0L, 0L, 0L, 0L, 0L, 0L, 10L, 
    0L, 0L, 0L), .Dim = c(6L, 3L), .Dimnames = structure(list(
        c("-2", "-1", "0", "1", "2", NA), c("A", "G", NA)), .Names = c("", 
    "")), class = "table"), All.Tags = list(Concordant = list(
        Freqs = structure(c(2, 53, 1021, 4, 0, 0, 0, 0, 0, 0), .Dim = c(5L, 
        2L), .Dimnames = list(c("-2", "-1", "0", "1", "2"), c("A", 
        "G"))), N = 1080), Majority = list(Freqs = structure(c(2, 
    73, 1197, 5, 0, 0, 0, 0, 0, 0), .Dim = c(5L, 2L), .Dimnames = list(
        c("-2", "-1", "0", "1", "2"), c("A", "G"))), N = 1277)), 
        `2` = structure(c(0, 59, 975, 4, 0, 0, 0, 0, 0, 0), .Dim = c(5L, 
        2L), .Dimnames = list(c("-2", "-1", "0", "1", "2"), c("A", 
        "G"))))))
