Results <-
list(`bwaOutput/20210421msiMNRsJenny/267255B4_S8.sam` = list(
    GM01_SNP1 = list(All = list(Freqs = structure(c(0L, 34L, 
    1936L, 4L, 3L, 1L, 164L, 1644L, 5L, 4L, 0L, 1L, 23L, 0L, 
    0L), .Dim = c(5L, 3L), .Dimnames = structure(list(c("-2", 
    "-1", "0", "1", NA), c("A", "G", NA)), .Names = c("", "")), class = "table"), 
        N = 3819L), Tag.Distribution = structure(c(`1` = 220L, 
    `2` = 152L, `3` = 141L, `4` = 115L, `5` = 106L, `6` = 57L, 
    `7` = 51L, `8` = 31L, `9` = 21L, `10` = 19L, `11` = 12L, 
    `12` = 9L, `13` = 3L, `14` = 4L, `16` = 2L, `17` = 1L, `18` = 2L, 
    `19` = 1L, `28` = 1L), .Dim = 19L, .Dimnames = structure(list(
        c("1", "2", "3", "4", "5", "6", "7", "8", "9", "10", 
        "11", "12", "13", "14", "16", "17", "18", "19", "28")), .Names = ""), class = "table"), 
        No.Tag = structure(c(0L, 0L, 33L, 0L, 0L, 0L, 2L, 52L, 
        0L, 0L, 0L, 0L, 2L, 0L, 0L), .Dim = c(5L, 3L), .Dimnames = structure(list(
            c("-2", "-1", "0", "1", NA), c("A", "G", NA)), .Names = c("", 
        "")), class = "table"), All.Tags = list(Concordant = list(
            Freqs = structure(c(0, 2, 415, 1, 0, 22, 372, 0), .Dim = c(4L, 
            2L), .Dimnames = list(c("-2", "-1", "0", "1"), c("A", 
            "G"))), N = 812), Majority = list(Freqs = structure(c(0, 
        2, 479, 1, 0, 27, 419, 0), .Dim = c(4L, 2L), .Dimnames = list(
            c("-2", "-1", "0", "1"), c("A", "G"))), N = 928)), 
        `2` = structure(c(0, 1, 372, 0, 0, 22, 317, 0), .Dim = c(4L, 
        2L), .Dimnames = list(c("-2", "-1", "0", "1"), c("A", 
        "G"))))))
