Results <-
list(`bwaOutput/20210421msiMNRsJenny/267255B4_S8.sam` = list(
    GM09_SNP1 = list(All = list(Freqs = structure(c(0L, 10L, 
    0L, 0L, 26L, 4887L, 113L, 2L, 0L, 2L, 0L, 0L, 0L, 29L, 0L, 
    0L), .Dim = c(4L, 4L), .Dimnames = structure(list(c("-1", 
    "0", "1", NA), c("A", "G", "T", NA)), .Names = c("", "")), class = "table"), 
        N = 5069L), Tag.Distribution = structure(c(`1` = 242L, 
    `2` = 188L, `3` = 139L, `4` = 141L, `5` = 128L, `6` = 84L, 
    `7` = 61L, `8` = 46L, `9` = 38L, `10` = 26L, `11` = 17L, 
    `12` = 14L, `13` = 5L, `14` = 10L, `15` = 4L, `16` = 1L, 
    `17` = 2L, `18` = 2L, `19` = 1L, `23` = 1L, `29` = 1L, `36` = 1L, 
    `37` = 1L), .Dim = 23L, .Dimnames = structure(list(c("1", 
    "2", "3", "4", "5", "6", "7", "8", "9", "10", "11", "12", 
    "13", "14", "15", "16", "17", "18", "19", "23", "29", "36", 
    "37")), .Names = ""), class = "table"), No.Tag = structure(c(0L, 
    1L, 0L, 0L, 0L, 70L, 1L, 0L, 0L, 0L, 0L, 0L, 0L, 7L, 0L, 
    0L), .Dim = c(4L, 4L), .Dimnames = structure(list(c("-1", 
    "0", "1", NA), c("A", "G", "T", NA)), .Names = c("", "")), class = "table"), 
        All.Tags = list(Concordant = list(Freqs = structure(c(0, 
        1, 0, 1, 1079, 24, 0, 0, 0), .Dim = c(3L, 3L), .Dimnames = list(
            c("-1", "0", "1"), c("A", "G", "T"))), N = 1105), 
            Majority = list(Freqs = structure(c(0, 2, 0, 2, 1116, 
            27, 0, 0, 0), .Dim = c(3L, 3L), .Dimnames = list(
                c("-1", "0", "1"), c("A", "G", "T"))), N = 1147)), 
        `2` = structure(c(0, 1, 0, 1, 885, 21, 0, 0, 0), .Dim = c(3L, 
        3L), .Dimnames = list(c("-1", "0", "1"), c("A", "G", 
        "T"))))))
