Results <-
list(`bwaOutput/20210421msiMNRsJenny/267255B4_S8.sam` = list(
    IM16_SNP1 = list(All = list(Freqs = structure(c(10L, 67L, 
    1341L, 18L, 0L, 2L, 0L, 113L, 1395L, 19L, 1L, 1L, 0L, 0L, 
    29L, 0L, 0L, 0L), .Dim = c(6L, 3L), .Dimnames = structure(list(
        c("-2", "-1", "0", "1", "2", NA), c("A", "G", NA)), .Names = c("", 
    "")), class = "table"), N = 2996L), Tag.Distribution = structure(c(`1` = 178L, 
    `2` = 124L, `3` = 104L, `4` = 100L, `5` = 60L, `6` = 48L, 
    `7` = 29L, `8` = 39L, `9` = 14L, `10` = 11L, `11` = 10L, 
    `12` = 6L, `13` = 4L, `14` = 1L, `15` = 2L, `16` = 2L, `17` = 1L, 
    `18` = 3L, `23` = 1L, `24` = 1L), .Dim = 20L, .Dimnames = structure(list(
        c("1", "2", "3", "4", "5", "6", "7", "8", "9", "10", 
        "11", "12", "13", "14", "15", "16", "17", "18", "23", 
        "24")), .Names = ""), class = "table"), No.Tag = structure(c(3L, 
    0L, 27L, 1L, 0L, 1L, 0L, 2L, 52L, 0L, 1L, 1L, 0L, 0L, 3L, 
    0L, 0L, 0L), .Dim = c(6L, 3L), .Dimnames = structure(list(
        c("-2", "-1", "0", "1", "2", NA), c("A", "G", NA)), .Names = c("", 
    "")), class = "table"), All.Tags = list(Concordant = list(
        Freqs = structure(c(1, 15, 283, 2, 0, 0, 15, 322, 0, 
        0), .Dim = c(5L, 2L), .Dimnames = list(c("-2", "-1", 
        "0", "1", "2"), c("A", "G"))), N = 638), Majority = list(
        Freqs = structure(c(1, 17, 328, 2, 0, 0, 18, 357, 0, 
        0), .Dim = c(5L, 2L), .Dimnames = list(c("-2", "-1", 
        "0", "1", "2"), c("A", "G"))), N = 723)), `2` = structure(c(1, 
    12, 247, 0, 0, 0, 15, 274, 0, 0), .Dim = c(5L, 2L), .Dimnames = list(
        c("-2", "-1", "0", "1", "2"), c("A", "G"))))))
