Results <-
list(`bwaOutput/20210421msiMNRsJenny/267255B4_S8.sam` = list(
    GM07_SNP1 = list(All = list(Freqs = structure(c(0L, 0L, 0L, 
    1L, 0L, 0L, 0L, 0L, 3L, 125L, 1254L, 32L, 1L, 9L, 2L, 79L, 
    66L, 1197L, 36L, 0L, 9L, 0L, 0L, 0L, 9L, 0L, 0L, 0L), .Dim = c(7L, 
    4L), .Dimnames = structure(list(c("-3", "-2", "-1", "0", 
    "1", "2", NA), c("-", "A", "G", NA)), .Names = c("", "")), class = "table"), 
        N = 2823L), Tag.Distribution = structure(c(`1` = 170L, 
    `2` = 135L, `3` = 107L, `4` = 84L, `5` = 62L, `6` = 46L, 
    `7` = 32L, `8` = 30L, `9` = 16L, `10` = 10L, `11` = 10L, 
    `12` = 6L, `13` = 5L, `14` = 3L, `15` = 1L, `17` = 1L, `23` = 1L
    ), .Dim = 17L, .Dimnames = structure(list(c("1", "2", "3", 
    "4", "5", "6", "7", "8", "9", "10", "11", "12", "13", "14", 
    "15", "17", "23")), .Names = ""), class = "table"), No.Tag = structure(c(0L, 
    0L, 0L, 0L, 0L, 0L, 0L, 0L, 0L, 8L, 33L, 2L, 0L, 4L, 0L, 
    0L, 2L, 35L, 2L, 0L, 2L, 0L, 0L, 0L, 0L, 0L, 0L, 0L), .Dim = c(7L, 
    4L), .Dimnames = structure(list(c("-3", "-2", "-1", "0", 
    "1", "2", NA), c("-", "A", "G", NA)), .Names = c("", "")), class = "table"), 
        All.Tags = list(Concordant = list(Freqs = structure(c(0, 
        0, 0, 0, 0, 0, 0, 0, 21, 245, 3, 0, 0, 11, 9, 250, 5, 
        0), .Dim = c(6L, 3L), .Dimnames = list(c("-3", "-2", 
        "-1", "0", "1", "2"), c("-", "A", "G"))), N = 544), Majority = list(
            Freqs = structure(c(0, 0, 0, 0, 0, 0, 0, 0, 23, 319, 
            4, 0, 0, 15, 9, 319, 6, 0), .Dim = c(6L, 3L), .Dimnames = list(
                c("-3", "-2", "-1", "0", "1", "2"), c("-", "A", 
                "G"))), N = 695)), `2` = structure(c(0, 0, 0, 
        0, 0, 0, 0, 0, 12, 245, 1, 0, 0, 13, 3, 253, 1, 0), .Dim = c(6L, 
        3L), .Dimnames = list(c("-3", "-2", "-1", "0", "1", "2"
        ), c("-", "A", "G"))))))
