Results <-
list(`bwaOutput/20210421msiMNRsJenny/269964B6_S11.sam` = list(
    LR49_SNP1 = list(All = list(Freqs = structure(c(1L, 4L, 451L, 
    1038L, 2L, 59L, 43L, 471L, 1043L, 3L, 0L, 0L, 4L, 19L, 0L
    ), .Dim = c(5L, 3L), .Dimnames = structure(list(c("-3", "-2", 
    "-1", "0", NA), c("A", "G", NA)), .Names = c("", "")), class = "table"), 
        N = 3138L), Tag.Distribution = structure(c(`1` = 154L, 
    `2` = 135L, `3` = 98L, `4` = 70L, `5` = 65L, `6` = 42L, `7` = 35L, 
    `8` = 40L, `9` = 30L, `10` = 14L, `11` = 15L, `12` = 7L, 
    `13` = 7L, `14` = 5L, `15` = 6L, `19` = 1L), .Dim = 16L, .Dimnames = structure(list(
        c("1", "2", "3", "4", "5", "6", "7", "8", "9", "10", 
        "11", "12", "13", "14", "15", "19")), .Names = ""), class = "table"), 
        No.Tag = structure(c(0L, 0L, 6L, 26L, 0L, 0L, 2L, 5L, 
        27L, 1L, 0L, 0L, 0L, 2L, 0L), .Dim = c(5L, 3L), .Dimnames = structure(list(
            c("-3", "-2", "-1", "0", NA), c("A", "G", NA)), .Names = c("", 
        "")), class = "table"), All.Tags = list(Concordant = list(
            Freqs = structure(c(0, 1, 88, 214, 12, 7, 93, 223
            ), .Dim = c(4L, 2L), .Dimnames = list(c("-3", "-2", 
            "-1", "0"), c("A", "G"))), N = 638), Majority = list(
            Freqs = structure(c(0, 1, 101, 238, 14, 8, 109, 245
            ), .Dim = c(4L, 2L), .Dimnames = list(c("-3", "-2", 
            "-1", "0"), c("A", "G"))), N = 716)), `2` = structure(c(0, 
        1, 81, 191, 11, 6, 83, 189), .Dim = c(4L, 2L), .Dimnames = list(
            c("-3", "-2", "-1", "0"), c("A", "G"))))))
