Results <-
list(`bwaOutput/20210421msiMNRsJenny/269965B7_S7.sam` = list(
    IM49_SNP1 = list(All = list(Freqs = structure(c(3L, 356L, 
    533L, 1698L, 27L, 0L, 19L, 0L, 6L, 221L, 1982L, 46L, 1L, 
    11L, 0L, 1L, 5L, 56L, 0L, 0L, 0L), .Dim = c(7L, 3L), .Dimnames = structure(list(
        c("-3", "-2", "-1", "0", "1", "2", NA), c("C", "G", NA
        )), .Names = c("", "")), class = "table"), N = 4965L), 
        Tag.Distribution = structure(c(`1` = 152L, `2` = 100L, 
        `3` = 97L, `4` = 83L, `5` = 53L, `6` = 70L, `7` = 57L, 
        `8` = 39L, `9` = 34L, `10` = 30L, `11` = 27L, `12` = 18L, 
        `13` = 13L, `14` = 8L, `15` = 12L, `16` = 7L, `17` = 10L, 
        `18` = 5L, `19` = 7L, `20` = 4L, `21` = 8L, `22` = 1L, 
        `24` = 4L, `25` = 2L, `26` = 1L), .Dim = 25L, .Dimnames = structure(list(
            c("1", "2", "3", "4", "5", "6", "7", "8", "9", "10", 
            "11", "12", "13", "14", "15", "16", "17", "18", "19", 
            "20", "21", "22", "24", "25", "26")), .Names = ""), class = "table"), 
        No.Tag = structure(c(0L, 6L, 7L, 28L, 0L, 0L, 0L, 0L, 
        0L, 1L, 22L, 0L, 0L, 1L, 0L, 0L, 0L, 2L, 0L, 0L, 0L), .Dim = c(7L, 
        3L), .Dimnames = structure(list(c("-3", "-2", "-1", "0", 
        "1", "2", NA), c("C", "G", NA)), .Names = c("", "")), class = "table"), 
        All.Tags = list(Concordant = list(Freqs = structure(c(0, 
        41, 72, 216, 0, 0, 0, 1, 18, 275, 2, 0), .Dim = c(6L, 
        2L), .Dimnames = list(c("-3", "-2", "-1", "0", "1", "2"
        ), c("C", "G"))), N = 625), Majority = list(Freqs = structure(c(0, 
        49, 85, 284, 0, 0, 0, 1, 24, 369, 4, 0), .Dim = c(6L, 
        2L), .Dimnames = list(c("-3", "-2", "-1", "0", "1", "2"
        ), c("C", "G"))), N = 816)), `2` = structure(c(0, 40, 
        72, 240, 0, 0, 0, 1, 19, 305, 3, 0), .Dim = c(6L, 2L), .Dimnames = list(
            c("-3", "-2", "-1", "0", "1", "2"), c("C", "G"))))))
