Results <-
list(`bwaOutput/20210421msiMNRsJenny/269964B6_S11.sam` = list(
    LR36_SNP1 = list(All = list(Freqs = structure(c(1L, 37L, 
    544L, 1231L, 11L, 15L, 1L, 2L, 35L, 1484L, 17L, 6L, 0L, 0L, 
    5L, 63L, 1L, 0L), .Dim = c(6L, 3L), .Dimnames = structure(list(
        c("-3", "-2", "-1", "0", "1", NA), c("A", "T", NA)), .Names = c("", 
    "")), class = "table"), N = 3453L), Tag.Distribution = structure(c(`1` = 110L, 
    `2` = 96L, `3` = 100L, `4` = 91L, `5` = 73L, `6` = 46L, `7` = 40L, 
    `8` = 42L, `9` = 22L, `10` = 22L, `11` = 8L, `12` = 16L, 
    `13` = 8L, `14` = 9L, `15` = 6L, `16` = 2L, `17` = 2L, `19` = 1L, 
    `21` = 1L), .Dim = 19L, .Dimnames = structure(list(c("1", 
    "2", "3", "4", "5", "6", "7", "8", "9", "10", "11", "12", 
    "13", "14", "15", "16", "17", "19", "21")), .Names = ""), class = "table"), 
        No.Tag = structure(c(0L, 0L, 4L, 16L, 0L, 0L, 0L, 0L, 
        1L, 68L, 8L, 1L, 0L, 0L, 0L, 8L, 0L, 0L), .Dim = c(6L, 
        3L), .Dimnames = structure(list(c("-3", "-2", "-1", "0", 
        "1", NA), c("A", "T", NA)), .Names = c("", "")), class = "table"), 
        All.Tags = list(Concordant = list(Freqs = structure(c(0, 
        2, 99, 209, 0, 1, 0, 4, 260, 0), .Dim = c(5L, 2L), .Dimnames = list(
            c("-3", "-2", "-1", "0", "1"), c("A", "T"))), N = 575), 
            Majority = list(Freqs = structure(c(0, 4, 116, 250, 
            0, 1, 0, 4, 305, 0), .Dim = c(5L, 2L), .Dimnames = list(
                c("-3", "-2", "-1", "0", "1"), c("A", "T"))), 
                N = 680)), `2` = structure(c(0, 4, 97, 210, 0, 
        1, 0, 2, 264, 0), .Dim = c(5L, 2L), .Dimnames = list(
            c("-3", "-2", "-1", "0", "1"), c("A", "T"))))))
