Results <-
list(`bwaOutput/20210421msiMNRsJenny/269965B7_S7.sam` = list(
    LR49_SNP1 = list(All = list(Freqs = structure(c(2L, 4L, 0L, 
    0L, 0L, 1L, 0L, 0L, 636L, 2544L, 3L, 4L, 4L, 15L, 0L, 0L), .Dim = c(4L, 
    4L), .Dimnames = structure(list(c("-1", "0", "1", NA), c("A", 
    "C", "G", NA)), .Names = c("", "")), class = "table"), N = 3213L), 
        Tag.Distribution = structure(c(`1` = 99L, `2` = 82L, 
        `3` = 77L, `4` = 44L, `5` = 42L, `6` = 46L, `7` = 45L, 
        `8` = 18L, `9` = 15L, `10` = 24L, `11` = 12L, `12` = 4L, 
        `13` = 14L, `14` = 9L, `15` = 8L, `16` = 8L, `17` = 4L, 
        `18` = 5L, `19` = 1L, `20` = 2L, `22` = 1L, `23` = 2L, 
        `24` = 1L, `26` = 1L, `33` = 1L), .Dim = 25L, .Dimnames = structure(list(
            c("1", "2", "3", "4", "5", "6", "7", "8", "9", "10", 
            "11", "12", "13", "14", "15", "16", "17", "18", "19", 
            "20", "22", "23", "24", "26", "33")), .Names = ""), class = "table"), 
        No.Tag = structure(c(0L, 1L, 0L, 0L, 0L, 0L, 0L, 0L, 
        22L, 93L, 0L, 0L, 0L, 3L, 0L, 0L), .Dim = c(4L, 4L), .Dimnames = structure(list(
            c("-1", "0", "1", NA), c("A", "C", "G", NA)), .Names = c("", 
        "")), class = "table"), All.Tags = list(Concordant = list(
            Freqs = structure(c(0, 3, 0, 0, 0, 0, 92, 429, 0), .Dim = c(3L, 
            3L), .Dimnames = list(c("-1", "0", "1"), c("A", "C", 
            "G"))), N = 524), Majority = list(Freqs = structure(c(0, 
        3, 0, 0, 0, 0, 103, 456, 0), .Dim = c(3L, 3L), .Dimnames = list(
            c("-1", "0", "1"), c("A", "C", "G"))), N = 562)), 
        `2` = structure(c(0, 0, 0, 0, 0, 0, 82, 383, 0), .Dim = c(3L, 
        3L), .Dimnames = list(c("-1", "0", "1"), c("A", "C", 
        "G"))))))
