Results <-
list(`bwaOutput/20210421msiMNRsJenny/269965B7_S7.sam` = list(
    GM01_SNP1 = list(All = list(Freqs = structure(c(0L, 1L, 0L, 
    0L, 45L, 2796L, 7L, 10L, 0L, 2L, 0L, 0L, 0L, 23L, 0L, 0L), .Dim = c(4L, 
    4L), .Dimnames = structure(list(c("-1", "0", "1", NA), c("-", 
    "A", "G", NA)), .Names = c("", "")), class = "table"), N = 2884L), 
        Tag.Distribution = structure(c(`1` = 49L, `2` = 38L, 
        `3` = 30L, `4` = 32L, `5` = 35L, `6` = 20L, `7` = 33L, 
        `8` = 21L, `9` = 31L, `10` = 30L, `11` = 18L, `12` = 15L, 
        `13` = 11L, `14` = 11L, `15` = 5L, `16` = 6L, `17` = 4L, 
        `18` = 5L, `19` = 3L, `20` = 2L, `24` = 1L, `27` = 1L, 
        `28` = 1L, `29` = 1L), .Dim = 24L, .Dimnames = structure(list(
            c("1", "2", "3", "4", "5", "6", "7", "8", "9", "10", 
            "11", "12", "13", "14", "15", "16", "17", "18", "19", 
            "20", "24", "27", "28", "29")), .Names = ""), class = "table"), 
        No.Tag = structure(c(0L, 0L, 0L, 0L, 2L, 55L, 0L, 1L, 
        0L, 0L, 0L, 0L, 0L, 1L, 0L, 0L), .Dim = c(4L, 4L), .Dimnames = structure(list(
            c("-1", "0", "1", NA), c("-", "A", "G", NA)), .Names = c("", 
        "")), class = "table"), All.Tags = list(Concordant = list(
            Freqs = structure(c(0, 0, 0, 2, 358, 0, 0, 2, 0), .Dim = c(3L, 
            3L), .Dimnames = list(c("-1", "0", "1"), c("-", "A", 
            "G"))), N = 362), Majority = list(Freqs = structure(c(0, 
        0, 0, 3, 390, 0, 0, 2, 0), .Dim = c(3L, 3L), .Dimnames = list(
            c("-1", "0", "1"), c("-", "A", "G"))), N = 395)), 
        `2` = structure(c(0, 0, 0, 2, 350, 0, 0, 0, 0), .Dim = c(3L, 
        3L), .Dimnames = list(c("-1", "0", "1"), c("-", "A", 
        "G"))))))
