Results <-
list(`bwaOutput/20210421msiMNRsJenny/269964B6_S11.sam` = list(
    GM09_SNP1 = list(All = list(Freqs = structure(c(0L, 0L, 3L, 
    0L, 0L, 1L, 488L, 3356L, 4L, 3L, 0L, 0L, 22L, 0L, 0L), .Dim = c(5L, 
    3L), .Dimnames = structure(list(c("-2", "-1", "0", "1", NA
    ), c("A", "G", NA)), .Names = c("", "")), class = "table"), 
        N = 3877L), Tag.Distribution = structure(c(`1` = 134L, 
    `2` = 90L, `3` = 106L, `4` = 85L, `5` = 66L, `6` = 62L, `7` = 41L, 
    `8` = 46L, `9` = 31L, `10` = 13L, `11` = 17L, `12` = 14L, 
    `13` = 11L, `14` = 10L, `15` = 4L, `16` = 3L, `17` = 2L, 
    `18` = 5L, `19` = 4L, `21` = 1L, `24` = 1L, `27` = 1L, `28` = 1L
    ), .Dim = 23L, .Dimnames = structure(list(c("1", "2", "3", 
    "4", "5", "6", "7", "8", "9", "10", "11", "12", "13", "14", 
    "15", "16", "17", "18", "19", "21", "24", "27", "28")), .Names = ""), class = "table"), 
        No.Tag = structure(c(0L, 0L, 1L, 0L, 0L, 0L, 6L, 81L, 
        1L, 0L, 0L, 0L, 4L, 0L, 0L), .Dim = c(5L, 3L), .Dimnames = structure(list(
            c("-2", "-1", "0", "1", NA), c("A", "G", NA)), .Names = c("", 
        "")), class = "table"), All.Tags = list(Concordant = list(
            Freqs = structure(c(0, 0, 1, 0, 0, 76, 616, 0), .Dim = c(4L, 
            2L), .Dimnames = list(c("-2", "-1", "0", "1"), c("A", 
            "G"))), N = 693), Majority = list(Freqs = structure(c(0, 
        0, 1, 0, 0, 92, 645, 0), .Dim = c(4L, 2L), .Dimnames = list(
            c("-2", "-1", "0", "1"), c("A", "G"))), N = 738)), 
        `2` = structure(c(0, 0, 0, 0, 0, 75, 533, 0), .Dim = c(4L, 
        2L), .Dimnames = list(c("-2", "-1", "0", "1"), c("A", 
        "G"))))))
