Results <-
list(`bwaOutput/20210421msiMNRsJenny/269964B6_S11.sam` = list(
    IM16_SNP1 = list(All = list(Freqs = structure(c(1L, 407L, 
    1102L, 22L, 1L, 2L, 1L, 418L, 865L, 8L, 0L, 1L, 0L, 3L, 10L, 
    0L, 0L, 0L), .Dim = c(6L, 3L), .Dimnames = structure(list(
        c("-2", "-1", "0", "1", "2", NA), c("A", "G", NA)), .Names = c("", 
    "")), class = "table"), N = 2841L), Tag.Distribution = structure(c(`1` = 83L, 
    `2` = 72L, `3` = 86L, `4` = 61L, `5` = 49L, `6` = 38L, `7` = 37L, 
    `8` = 29L, `9` = 19L, `10` = 22L, `11` = 16L, `12` = 11L, 
    `13` = 8L, `14` = 9L, `15` = 3L, `16` = 2L, `17` = 3L, `19` = 1L, 
    `20` = 1L), .Dim = 19L, .Dimnames = structure(list(c("1", 
    "2", "3", "4", "5", "6", "7", "8", "9", "10", "11", "12", 
    "13", "14", "15", "16", "17", "19", "20")), .Names = ""), class = "table"), 
        No.Tag = structure(c(0L, 5L, 22L, 0L, 0L, 0L, 0L, 8L, 
        17L, 0L, 0L, 0L, 0L, 0L, 0L, 0L, 0L, 0L), .Dim = c(6L, 
        3L), .Dimnames = structure(list(c("-2", "-1", "0", "1", 
        "2", NA), c("A", "G", NA)), .Names = c("", "")), class = "table"), 
        All.Tags = list(Concordant = list(Freqs = structure(c(0, 
        64, 176, 1, 0, 0, 71, 157, 0, 0), .Dim = c(5L, 2L), .Dimnames = list(
            c("-2", "-1", "0", "1", "2"), c("A", "G"))), N = 469), 
            Majority = list(Freqs = structure(c(0, 76, 211, 2, 
            0, 0, 79, 173, 0, 0), .Dim = c(5L, 2L), .Dimnames = list(
                c("-2", "-1", "0", "1", "2"), c("A", "G"))), 
                N = 541)), `2` = structure(c(0, 68, 180, 1, 0, 
        0, 69, 142, 0, 0), .Dim = c(5L, 2L), .Dimnames = list(
            c("-2", "-1", "0", "1", "2"), c("A", "G"))))))
