Results <-
list(`bwaOutput/20210421msiMNRsJenny/269965B7_S7.sam` = list(
    GM09_SNP1 = list(All = list(Freqs = structure(c(32L, 2520L, 
    3L, 10L, 4L, 1222L, 2L, 0L, 0L, 11L, 0L, 0L), .Dim = 4:3, .Dimnames = structure(list(
        c("-1", "0", "1", NA), c("A", "G", NA)), .Names = c("", 
    "")), class = "table"), N = 3804L), Tag.Distribution = structure(c(`1` = 80L, 
    `2` = 51L, `3` = 48L, `4` = 54L, `5` = 51L, `6` = 40L, `7` = 32L, 
    `8` = 36L, `9` = 27L, `10` = 24L, `11` = 25L, `12` = 28L, 
    `13` = 15L, `14` = 2L, `15` = 13L, `16` = 11L, `17` = 5L, 
    `18` = 2L, `19` = 7L, `20` = 3L, `21` = 2L, `22` = 1L, `25` = 1L, 
    `27` = 1L, `31` = 1L, `35` = 1L), .Dim = 26L, .Dimnames = structure(list(
        c("1", "2", "3", "4", "5", "6", "7", "8", "9", "10", 
        "11", "12", "13", "14", "15", "16", "17", "18", "19", 
        "20", "21", "22", "25", "27", "31", "35")), .Names = ""), class = "table"), 
        No.Tag = structure(c(0L, 43L, 0L, 10L, 0L, 18L, 0L, 0L, 
        0L, 0L, 0L, 0L), .Dim = 4:3, .Dimnames = structure(list(
            c("-1", "0", "1", NA), c("A", "G", NA)), .Names = c("", 
        "")), class = "table"), All.Tags = list(Concordant = list(
            Freqs = structure(c(3, 339, 0, 0, 176, 0), .Dim = 3:2, .Dimnames = list(
                c("-1", "0", "1"), c("A", "G"))), N = 518), Majority = list(
            Freqs = structure(c(3, 361, 0, 0, 192, 0), .Dim = 3:2, .Dimnames = list(
                c("-1", "0", "1"), c("A", "G"))), N = 556)), 
        `2` = structure(c(3, 319, 0, 0, 156, 0), .Dim = 3:2, .Dimnames = list(
            c("-1", "0", "1"), c("A", "G"))))))
