Results <-
list(`bwaOutput/20210421msiMNRsJenny/269965B7_S7.sam` = list(
    IM16_SNP1 = list(All = list(Freqs = structure(c(5L, 674L, 
    450L, 8L, 0L, 0L, 52L, 1004L, 25L, 1L, 0L, 3L, 9L, 0L, 0L
    ), .Dim = c(5L, 3L), .Dimnames = structure(list(c("-2", "-1", 
    "0", "1", NA), c("A", "G", NA)), .Names = c("", "")), class = "table"), 
        N = 2231L), Tag.Distribution = structure(c(`1` = 62L, 
    `2` = 30L, `3` = 40L, `4` = 23L, `5` = 37L, `6` = 29L, `7` = 14L, 
    `8` = 13L, `9` = 16L, `10` = 17L, `11` = 16L, `12` = 16L, 
    `13` = 5L, `14` = 5L, `15` = 5L, `16` = 3L, `17` = 1L, `18` = 3L, 
    `19` = 4L, `20` = 1L, `21` = 1L, `22` = 4L, `29` = 1L, `31` = 1L
    ), .Dim = 24L, .Dimnames = structure(list(c("1", "2", "3", 
    "4", "5", "6", "7", "8", "9", "10", "11", "12", "13", "14", 
    "15", "16", "17", "18", "19", "20", "21", "22", "29", "31"
    )), .Names = ""), class = "table"), No.Tag = structure(c(0L, 
    4L, 16L, 0L, 0L, 0L, 0L, 39L, 1L, 0L, 0L, 0L, 0L, 0L, 0L), .Dim = c(5L, 
    3L), .Dimnames = structure(list(c("-2", "-1", "0", "1", NA
    ), c("A", "G", NA)), .Names = c("", "")), class = "table"), 
        All.Tags = list(Concordant = list(Freqs = structure(c(1, 
        95, 62, 0, 0, 5, 142, 1), .Dim = c(4L, 2L), .Dimnames = list(
            c("-2", "-1", "0", "1"), c("A", "G"))), N = 306), 
            Majority = list(Freqs = structure(c(1, 102, 71, 0, 
            0, 5, 164, 2), .Dim = c(4L, 2L), .Dimnames = list(
                c("-2", "-1", "0", "1"), c("A", "G"))), N = 345)), 
        `2` = structure(c(1, 86, 58, 0, 0, 4, 133, 2), .Dim = c(4L, 
        2L), .Dimnames = list(c("-2", "-1", "0", "1"), c("A", 
        "G"))))))
