Results <-
list(`bwaOutput/20210421msiMNRsJenny/269964B6_S11.sam` = list(
    IM49_SNP1 = list(All = list(Freqs = structure(c(0L, 0L, 0L, 
    1L, 0L, 0L, 1L, 101L, 966L, 1976L, 47L, 13L, 0L, 0L, 8L, 
    39L, 2L, 0L), .Dim = c(6L, 3L), .Dimnames = structure(list(
        c("-3", "-2", "-1", "0", "1", NA), c("C", "G", NA)), .Names = c("", 
    "")), class = "table"), N = 3154L), Tag.Distribution = structure(c(`1` = 138L, 
    `2` = 103L, `3` = 95L, `4` = 87L, `5` = 59L, `6` = 37L, `7` = 41L, 
    `8` = 32L, `9` = 22L, `10` = 19L, `11` = 9L, `12` = 9L, `13` = 8L, 
    `14` = 5L, `15` = 6L, `16` = 2L, `18` = 1L, `19` = 2L, `20` = 1L, 
    `21` = 1L), .Dim = 20L, .Dimnames = structure(list(c("1", 
    "2", "3", "4", "5", "6", "7", "8", "9", "10", "11", "12", 
    "13", "14", "15", "16", "18", "19", "20", "21")), .Names = ""), class = "table"), 
        No.Tag = structure(c(0L, 0L, 0L, 0L, 0L, 0L, 0L, 6L, 
        39L, 75L, 4L, 1L, 0L, 0L, 1L, 3L, 0L, 0L), .Dim = c(6L, 
        3L), .Dimnames = structure(list(c("-3", "-2", "-1", "0", 
        "1", NA), c("C", "G", NA)), .Names = c("", "")), class = "table"), 
        All.Tags = list(Concordant = list(Freqs = structure(c(0, 
        0, 0, 0, 0, 0, 17, 158, 362, 0), .Dim = c(5L, 2L), .Dimnames = list(
            c("-3", "-2", "-1", "0", "1"), c("C", "G"))), N = 537), 
            Majority = list(Freqs = structure(c(0, 0, 0, 0, 0, 
            0, 17, 193, 440, 1), .Dim = c(5L, 2L), .Dimnames = list(
                c("-3", "-2", "-1", "0", "1"), c("C", "G"))), 
                N = 651)), `2` = structure(c(0, 0, 0, 0, 0, 0, 
        11, 157, 349, 1), .Dim = c(5L, 2L), .Dimnames = list(
            c("-3", "-2", "-1", "0", "1"), c("C", "G"))))))
