Results <-
list(`bwaOutput/20210421msiMNRsJenny/269964B6_S11.sam` = list(
    LR24_SNP1 = list(All = list(Freqs = structure(c(109L, 393L, 
    1859L, 2L, 0L, 5L, 8L, 193L, 2345L, 6L, 1L, 5L, 0L, 1L, 8L, 
    0L, 0L, 0L), .Dim = c(6L, 3L), .Dimnames = structure(list(
        c("-2", "-1", "0", "1", "2", NA), c("A", "G", NA)), .Names = c("", 
    "")), class = "table"), N = 4935L), Tag.Distribution = structure(c(`1` = 444L, 
    `2` = 308L, `3` = 223L, `4` = 160L, `5` = 84L, `6` = 91L, 
    `7` = 61L, `8` = 40L, `9` = 28L, `10` = 14L, `11` = 9L, `12` = 5L, 
    `13` = 6L, `14` = 1L, `15` = 5L, `17` = 1L, `18` = 1L, `22` = 1L
    ), .Dim = 18L, .Dimnames = structure(list(c("1", "2", "3", 
    "4", "5", "6", "7", "8", "9", "10", "11", "12", "13", "14", 
    "15", "17", "18", "22")), .Names = ""), class = "table"), 
        No.Tag = structure(c(3L, 6L, 18L, 0L, 0L, 1L, 0L, 2L, 
        47L, 0L, 0L, 0L, 0L, 0L, 1L, 0L, 0L, 0L), .Dim = c(6L, 
        3L), .Dimnames = structure(list(c("-2", "-1", "0", "1", 
        "2", NA), c("A", "G", NA)), .Names = c("", "")), class = "table"), 
        All.Tags = list(Concordant = list(Freqs = structure(c(29, 
        80, 478, 0, 0, 0, 45, 564, 0, 0), .Dim = c(5L, 2L), .Dimnames = list(
            c("-2", "-1", "0", "1", "2"), c("A", "G"))), N = 1196), 
            Majority = list(Freqs = structure(c(33, 104, 562, 
            0, 0, 0, 51, 670, 0, 0), .Dim = c(5L, 2L), .Dimnames = list(
                c("-2", "-1", "0", "1", "2"), c("A", "G"))), 
                N = 1420)), `2` = structure(c(16, 72, 374, 0, 
        0, 0, 33, 482, 0, 0), .Dim = c(5L, 2L), .Dimnames = list(
            c("-2", "-1", "0", "1", "2"), c("A", "G"))))))
