Results <-
list(`bwaOutput/20210421msiMNRsJenny/269964B6_S11.sam` = list(
    GM07_SNP1 = list(All = list(Freqs = structure(c(0L, 0L, 2L, 
    0L, 0L, 1L, 79L, 646L, 1721L, 45L, 2L, 24L, 0L, 3L, 23L, 
    0L, 0L, 0L), .Dim = c(6L, 3L), .Dimnames = structure(list(
        c("-2", "-1", "0", "1", "2", NA), c("A", "G", NA)), .Names = c("", 
    "")), class = "table"), N = 2546L), Tag.Distribution = structure(c(`1` = 108L, 
    `2` = 74L, `3` = 65L, `4` = 64L, `5` = 61L, `6` = 42L, `7` = 22L, 
    `8` = 32L, `9` = 17L, `10` = 16L, `11` = 15L, `12` = 4L, 
    `13` = 4L, `14` = 5L, `15` = 5L, `17` = 1L, `18` = 1L, `21` = 1L, 
    `25` = 1L), .Dim = 19L, .Dimnames = structure(list(c("1", 
    "2", "3", "4", "5", "6", "7", "8", "9", "10", "11", "12", 
    "13", "14", "15", "17", "18", "21", "25")), .Names = ""), class = "table"), 
        No.Tag = structure(c(0L, 0L, 0L, 0L, 0L, 0L, 2L, 11L, 
        48L, 1L, 0L, 2L, 0L, 1L, 3L, 0L, 0L, 0L), .Dim = c(6L, 
        3L), .Dimnames = structure(list(c("-2", "-1", "0", "1", 
        "2", NA), c("A", "G", NA)), .Names = c("", "")), class = "table"), 
        All.Tags = list(Concordant = list(Freqs = structure(c(0, 
        0, 2, 0, 0, 13, 97, 289, 5, 0), .Dim = c(5L, 2L), .Dimnames = list(
            c("-2", "-1", "0", "1", "2"), c("A", "G"))), N = 406), 
            Majority = list(Freqs = structure(c(0, 0, 2, 0, 0, 
            15, 130, 371, 6, 0), .Dim = c(5L, 2L), .Dimnames = list(
                c("-2", "-1", "0", "1", "2"), c("A", "G"))), 
                N = 524)), `2` = structure(c(0, 0, 0, 0, 0, 12, 
        105, 299, 3, 0), .Dim = c(5L, 2L), .Dimnames = list(c("-2", 
        "-1", "0", "1", "2"), c("A", "G"))))))
