Results <-
list(`bwaOutput/20210421msiMNRsJenny/269964B6_S11.sam` = list(
    LR52_SNP1 = list(All = list(Freqs = structure(c(0L, 0L, 0L, 
    0L, 0L, 1L, 0L, 0L, 0L, 6L, 168L, 200L, 312L, 1398L, 19L, 
    14L, 1L, 0L, 0L, 2L, 3L, 32L, 0L, 0L), .Dim = c(8L, 3L), .Dimnames = structure(list(
        c("-5", "-4", "-3", "-2", "-1", "0", "1", NA), c("C", 
        "T", NA)), .Names = c("", "")), class = "table"), N = 2156L), 
        Tag.Distribution = structure(c(`1` = 87L, `2` = 64L, 
        `3` = 64L, `4` = 69L, `5` = 32L, `6` = 35L, `7` = 27L, 
        `8` = 23L, `9` = 23L, `10` = 11L, `11` = 8L, `12` = 9L, 
        `13` = 8L, `14` = 2L, `16` = 2L), .Dim = 15L, .Dimnames = structure(list(
            c("1", "2", "3", "4", "5", "6", "7", "8", "9", "10", 
            "11", "12", "13", "14", "16")), .Names = ""), class = "table"), 
        No.Tag = structure(c(0L, 0L, 0L, 0L, 0L, 1L, 0L, 0L, 
        0L, 0L, 0L, 1L, 4L, 41L, 2L, 0L, 0L, 0L, 0L, 0L, 0L, 
        4L, 0L, 0L), .Dim = c(8L, 3L), .Dimnames = structure(list(
            c("-5", "-4", "-3", "-2", "-1", "0", "1", NA), c("C", 
            "T", NA)), .Names = c("", "")), class = "table"), 
        All.Tags = list(Concordant = list(Freqs = structure(c(0, 
        0, 0, 0, 0, 0, 0, 0, 2, 38, 33, 35, 216, 1), .Dim = c(7L, 
        2L), .Dimnames = list(c("-5", "-4", "-3", "-2", "-1", 
        "0", "1"), c("C", "T"))), N = 325), Majority = list(Freqs = structure(c(0, 
        0, 0, 0, 0, 0, 0, 0, 2, 42, 40, 49, 308, 1), .Dim = c(7L, 
        2L), .Dimnames = list(c("-5", "-4", "-3", "-2", "-1", 
        "0", "1"), c("C", "T"))), N = 442)), `2` = structure(c(0, 
        0, 0, 0, 0, 0, 0, 0, 1, 31, 37, 34, 257, 0), .Dim = c(7L, 
        2L), .Dimnames = list(c("-5", "-4", "-3", "-2", "-1", 
        "0", "1"), c("C", "T"))))))
