Results <-
list(`bwaOutput/20210421msiMNRsJenny/269965B7_S7.sam` = list(
    LR20_SNP1 = list(All = list(Freqs = structure(c(171L, 741L, 
    0L, 1L, 9L, 1076L, 0L, 1L, 0L, 4L, 1L, 0L), .Dim = 4:3, .Dimnames = structure(list(
        c("-1", "0", "1", NA), c("A", "G", NA)), .Names = c("", 
    "")), class = "table"), N = 2004L), Tag.Distribution = structure(c(`1` = 47L, 
    `2` = 38L, `3` = 24L, `4` = 35L, `5` = 25L, `6` = 27L, `7` = 31L, 
    `8` = 9L, `9` = 13L, `10` = 12L, `11` = 12L, `12` = 7L, `13` = 7L, 
    `14` = 9L, `15` = 4L, `16` = 1L, `17` = 4L, `18` = 4L, `19` = 1L, 
    `20` = 3L, `21` = 1L, `23` = 1L, `30` = 1L), .Dim = 23L, .Dimnames = structure(list(
        c("1", "2", "3", "4", "5", "6", "7", "8", "9", "10", 
        "11", "12", "13", "14", "15", "16", "17", "18", "19", 
        "20", "21", "23", "30")), .Names = ""), class = "table"), 
        No.Tag = structure(c(1L, 20L, 0L, 0L, 0L, 31L, 0L, 1L, 
        0L, 1L, 0L, 0L), .Dim = 4:3, .Dimnames = structure(list(
            c("-1", "0", "1", NA), c("A", "G", NA)), .Names = c("", 
        "")), class = "table"), All.Tags = list(Concordant = list(
            Freqs = structure(c(27, 106, 0, 1, 170, 0), .Dim = 3:2, .Dimnames = list(
                c("-1", "0", "1"), c("A", "G"))), N = 304), Majority = list(
            Freqs = structure(c(28, 109, 0, 1, 176, 0), .Dim = 3:2, .Dimnames = list(
                c("-1", "0", "1"), c("A", "G"))), N = 314)), 
        `2` = structure(c(26, 98, 0, 1, 143, 0), .Dim = 3:2, .Dimnames = list(
            c("-1", "0", "1"), c("A", "G"))))))
