Results <-
list(`bwaOutput/20210421msiMNRsJenny/269965B7_S7.sam` = list(
    LR52_SNP1 = list(All = list(Freqs = structure(c(1L, 27L, 
    408L, 6L, 38L, 300L, 2L, 4L, 0L, 0L, 36L, 146L, 245L, 354L, 
    2L, 3L, 0L, 0L, 0L, 1L, 1L, 17L, 0L, 0L), .Dim = c(8L, 3L
    ), .Dimnames = structure(list(c("-5", "-4", "-3", "-2", "-1", 
    "0", "1", NA), c("C", "T", NA)), .Names = c("", "")), class = "table"), 
        N = 1591L), Tag.Distribution = structure(c(`1` = 23L, 
    `2` = 10L, `3` = 25L, `4` = 21L, `5` = 26L, `6` = 22L, `7` = 16L, 
    `8` = 11L, `9` = 9L, `10` = 12L, `11` = 13L, `12` = 11L, 
    `13` = 8L, `14` = 3L, `15` = 7L, `16` = 3L, `17` = 1L, `19` = 1L, 
    `20` = 1L, `22` = 1L, `24` = 1L, `25` = 1L), .Dim = 22L, .Dimnames = structure(list(
        c("1", "2", "3", "4", "5", "6", "7", "8", "9", "10", 
        "11", "12", "13", "14", "15", "16", "17", "19", "20", 
        "22", "24", "25")), .Names = ""), class = "table"), No.Tag = structure(c(0L, 
    1L, 12L, 0L, 1L, 3L, 0L, 0L, 0L, 0L, 0L, 2L, 2L, 4L, 0L, 
    0L, 0L, 0L, 0L, 0L, 0L, 0L, 0L, 0L), .Dim = c(8L, 3L), .Dimnames = structure(list(
        c("-5", "-4", "-3", "-2", "-1", "0", "1", NA), c("C", 
        "T", NA)), .Names = c("", "")), class = "table"), All.Tags = list(
        Concordant = list(Freqs = structure(c(0, 2, 45, 1, 3, 
        36, 0, 0, 0, 4, 19, 16, 38, 0), .Dim = c(7L, 2L), .Dimnames = list(
            c("-5", "-4", "-3", "-2", "-1", "0", "1"), c("C", 
            "T"))), N = 164), Majority = list(Freqs = structure(c(0, 
        2, 51, 1, 4, 51, 0, 0, 0, 4, 23, 31, 53, 0), .Dim = c(7L, 
        2L), .Dimnames = list(c("-5", "-4", "-3", "-2", "-1", 
        "0", "1"), c("C", "T"))), N = 220)), `2` = structure(c(0, 
    2, 46, 0, 2, 46, 0, 0, 0, 4, 19, 29, 51, 0), .Dim = c(7L, 
    2L), .Dimnames = list(c("-5", "-4", "-3", "-2", "-1", "0", 
    "1"), c("C", "T"))))))
