Results <-
list(`bwaOutput/20210421msiMNRsJenny/269964B6_S11.sam` = list(
    GM22_SNP1 = list(All = list(Freqs = structure(c(1L, 30L, 
    1160L, 5L, 3L, 0L, 15L, 1104L, 4L, 4L, 0L, 1L, 22L, 0L, 0L
    ), .Dim = c(5L, 3L), .Dimnames = structure(list(c("-2", "-1", 
    "0", "1", NA), c("A", "G", NA)), .Names = c("", "")), class = "table"), 
        N = 2349L), Tag.Distribution = structure(c(`1` = 70L, 
    `2` = 54L, `3` = 60L, `4` = 53L, `5` = 41L, `6` = 32L, `7` = 25L, 
    `8` = 24L, `9` = 20L, `10` = 20L, `11` = 13L, `12` = 13L, 
    `13` = 3L, `14` = 6L, `15` = 2L, `16` = 1L, `17` = 2L, `18` = 1L, 
    `19` = 1L, `22` = 1L, `23` = 1L), .Dim = 21L, .Dimnames = structure(list(
        c("1", "2", "3", "4", "5", "6", "7", "8", "9", "10", 
        "11", "12", "13", "14", "15", "16", "17", "18", "19", 
        "22", "23")), .Names = ""), class = "table"), No.Tag = structure(c(0L, 
    0L, 13L, 0L, 0L, 0L, 1L, 35L, 0L, 0L, 0L, 0L, 2L, 0L, 0L), .Dim = c(5L, 
    3L), .Dimnames = structure(list(c("-2", "-1", "0", "1", NA
    ), c("A", "G", NA)), .Names = c("", "")), class = "table"), 
        All.Tags = list(Concordant = list(Freqs = structure(c(0, 
        1, 200, 0, 0, 1, 192, 0), .Dim = c(4L, 2L), .Dimnames = list(
            c("-2", "-1", "0", "1"), c("A", "G"))), N = 394), 
            Majority = list(Freqs = structure(c(0, 1, 227, 0, 
            0, 1, 210, 0), .Dim = c(4L, 2L), .Dimnames = list(
                c("-2", "-1", "0", "1"), c("A", "G"))), N = 439)), 
        `2` = structure(c(0, 1, 190, 0, 0, 1, 180, 0), .Dim = c(4L, 
        2L), .Dimnames = list(c("-2", "-1", "0", "1"), c("A", 
        "G"))))))
