Results <-
list(`bwaOutput/20210421msiMNRsJenny/269965B7_S7.sam` = list(
    LR17_SNP1 = list(All = list(Freqs = structure(c(61L, 1255L, 
    4060L, 55L, 1L, 39L, 0L, 0L, 1L, 0L, 0L, 0L, 0L, 1L, 0L, 
    0L, 0L, 0L, 0L, 5L, 95L, 1L, 0L, 0L), .Dim = c(6L, 4L), .Dimnames = structure(list(
        c("-2", "-1", "0", "1", "2", NA), c("A", "G", "T", NA
        )), .Names = c("", "")), class = "table"), N = 5574L), 
        Tag.Distribution = structure(c(`1` = 91L, `2` = 46L, 
        `3` = 51L, `4` = 52L, `5` = 44L, `6` = 50L, `7` = 54L, 
        `8` = 33L, `9` = 46L, `10` = 44L, `11` = 38L, `12` = 17L, 
        `13` = 23L, `14` = 22L, `15` = 16L, `16` = 18L, `17` = 8L, 
        `18` = 12L, `19` = 4L, `20` = 5L, `21` = 4L, `22` = 4L, 
        `23` = 5L, `24` = 2L, `25` = 1L, `26` = 3L, `27` = 1L, 
        `30` = 2L, `39` = 1L), .Dim = 29L, .Dimnames = structure(list(
            c("1", "2", "3", "4", "5", "6", "7", "8", "9", "10", 
            "11", "12", "13", "14", "15", "16", "17", "18", "19", 
            "20", "21", "22", "23", "24", "25", "26", "27", "30", 
            "39")), .Names = ""), class = "table"), No.Tag = structure(c(1L, 
        33L, 116L, 3L, 0L, 2L, 0L, 0L, 0L, 0L, 0L, 0L, 0L, 0L, 
        0L, 0L, 0L, 0L, 0L, 0L, 10L, 0L, 0L, 0L), .Dim = c(6L, 
        4L), .Dimnames = structure(list(c("-2", "-1", "0", "1", 
        "2", NA), c("A", "G", "T", NA)), .Names = c("", "")), class = "table"), 
        All.Tags = list(Concordant = list(Freqs = structure(c(7, 
        111, 383, 2, 0, 0, 0, 0, 0, 0, 0, 0, 0, 0, 0), .Dim = c(5L, 
        3L), .Dimnames = list(c("-2", "-1", "0", "1", "2"), c("A", 
        "G", "T"))), N = 503), Majority = list(Freqs = structure(c(8, 
        137, 537, 3, 0, 0, 0, 0, 0, 0, 0, 0, 0, 0, 0), .Dim = c(5L, 
        3L), .Dimnames = list(c("-2", "-1", "0", "1", "2"), c("A", 
        "G", "T"))), N = 685)), `2` = structure(c(6, 118, 473, 
        2, 0, 0, 0, 0, 0, 0, 0, 0, 0, 0, 0), .Dim = c(5L, 3L), .Dimnames = list(
            c("-2", "-1", "0", "1", "2"), c("A", "G", "T"))))))
