Results <-
list(`bwaOutput/20210421msiMNRsJenny/269965B7_S7.sam` = list(
    DEPDC2_SNP1 = list(All = list(Freqs = structure(c(6L, 892L, 
    194L, 5L, 286L, 0L, 1L, 0L, 0L, 0L, 18L, 1693L, 13L, 0L, 
    10L, 0L, 54L, 0L, 0L, 0L), .Dim = 5:4, .Dimnames = structure(list(
        c("-1", "0", "1", "2", NA), c("C", "G", "T", NA)), .Names = c("", 
    "")), class = "table"), N = 3172L), Tag.Distribution = structure(c(`1` = 107L, 
    `2` = 66L, `3` = 68L, `4` = 59L, `5` = 58L, `6` = 49L, `7` = 33L, 
    `8` = 22L, `9` = 35L, `10` = 17L, `11` = 16L, `12` = 10L, 
    `13` = 16L, `14` = 8L, `15` = 3L, `16` = 4L, `17` = 2L, `18` = 3L, 
    `19` = 1L, `20` = 2L, `21` = 1L, `23` = 1L, `25` = 1L), .Dim = 23L, .Dimnames = structure(list(
        c("1", "2", "3", "4", "5", "6", "7", "8", "9", "10", 
        "11", "12", "13", "14", "15", "16", "17", "18", "19", 
        "20", "21", "23", "25")), .Names = ""), class = "table"), 
        No.Tag = structure(c(0L, 25L, 7L, 0L, 7L, 0L, 1L, 0L, 
        0L, 0L, 0L, 31L, 0L, 0L, 0L, 0L, 5L, 0L, 0L, 0L), .Dim = 5:4, .Dimnames = structure(list(
            c("-1", "0", "1", "2", NA), c("C", "G", "T", NA)), .Names = c("", 
        "")), class = "table"), All.Tags = list(Concordant = list(
            Freqs = structure(c(1, 155, 49, 2, 0, 0, 0, 0, 0, 
            271, 1, 0), .Dim = 4:3, .Dimnames = list(c("-1", 
            "0", "1", "2"), c("C", "G", "T"))), N = 479), Majority = list(
            Freqs = structure(c(1, 169, 54, 2, 0, 0, 0, 0, 0, 
            306, 1, 0), .Dim = 4:3, .Dimnames = list(c("-1", 
            "0", "1", "2"), c("C", "G", "T"))), N = 533)), `2` = structure(c(0, 
        143, 47, 2, 0, 0, 0, 0, 0, 258, 1, 0), .Dim = 4:3, .Dimnames = list(
            c("-1", "0", "1", "2"), c("C", "G", "T"))))))
