Results <-
list(`bwaOutput/20210421msiMNRsJenny/269964B6_S11.sam` = list(
    LR44_SNP1 = list(All = list(Freqs = structure(c(12L, 219L, 
    283L, 1167L, 11L, 0L, 8L, 0L, 0L, 0L, 2L, 0L, 0L, 0L, 0L, 
    2L, 6L, 24L, 1L, 1L, 0L, 0L, 0L, 0L, 8L, 0L, 0L, 0L), .Dim = c(7L, 
    4L), .Dimnames = structure(list(c("-3", "-2", "-1", "0", 
    "1", "4", NA), c("C", "G", "T", NA)), .Names = c("", "")), class = "table"), 
        N = 1744L), Tag.Distribution = structure(c(`1` = 75L, 
    `2` = 54L, `3` = 62L, `4` = 47L, `5` = 45L, `6` = 31L, `7` = 22L, 
    `8` = 22L, `9` = 10L, `10` = 5L, `11` = 6L, `12` = 6L, `13` = 3L, 
    `14` = 2L, `15` = 1L, `21` = 1L), .Dim = 16L, .Dimnames = structure(list(
        c("1", "2", "3", "4", "5", "6", "7", "8", "9", "10", 
        "11", "12", "13", "14", "15", "21")), .Names = ""), class = "table"), 
        No.Tag = structure(c(0L, 1L, 11L, 52L, 1L, 0L, 0L, 0L, 
        0L, 0L, 0L, 0L, 0L, 0L, 0L, 0L, 0L, 0L, 0L, 0L, 0L, 0L, 
        0L, 0L, 0L, 0L, 0L, 0L), .Dim = c(7L, 4L), .Dimnames = structure(list(
            c("-3", "-2", "-1", "0", "1", "4", NA), c("C", "G", 
            "T", NA)), .Names = c("", "")), class = "table"), 
        All.Tags = list(Concordant = list(Freqs = structure(c(3, 
        50, 38, 201, 0, 0, 0, 0, 0, 1, 0, 0, 0, 0, 1, 3, 0, 0
        ), .Dim = c(6L, 3L), .Dimnames = list(c("-3", "-2", "-1", 
        "0", "1", "4"), c("C", "G", "T"))), N = 297), Majority = list(
            Freqs = structure(c(3, 56, 49, 264, 0, 0, 0, 0, 0, 
            1, 0, 0, 0, 0, 1, 6, 0, 0), .Dim = c(6L, 3L), .Dimnames = list(
                c("-3", "-2", "-1", "0", "1", "4"), c("C", "G", 
                "T"))), N = 380)), `2` = structure(c(1, 47, 40, 
        212, 0, 0, 0, 0, 0, 1, 0, 0, 0, 0, 1, 4, 0, 0), .Dim = c(6L, 
        3L), .Dimnames = list(c("-3", "-2", "-1", "0", "1", "4"
        ), c("C", "G", "T"))))))
