Results <-
list(`bwaOutput/20210421msiMNRsJenny/269964B6_S11.sam` = list(
    LR17_SNP1 = list(All = list(Freqs = structure(c(19L, 496L, 
    4915L, 65L, 28L, 0L, 0L, 2L, 0L, 0L, 0L, 0L, 1L, 0L, 0L, 
    0L, 4L, 141L, 1L, 0L), .Dim = 5:4, .Dimnames = structure(list(
        c("-2", "-1", "0", "1", NA), c("A", "G", "T", NA)), .Names = c("", 
    "")), class = "table"), N = 5672L), Tag.Distribution = structure(c(`1` = 142L, 
    `2` = 133L, `3` = 126L, `4` = 121L, `5` = 112L, `6` = 74L, 
    `7` = 65L, `8` = 53L, `9` = 46L, `10` = 32L, `11` = 23L, 
    `12` = 24L, `13` = 21L, `14` = 10L, `15` = 8L, `16` = 13L, 
    `17` = 5L, `19` = 2L, `20` = 4L, `21` = 3L, `22` = 2L, `23` = 1L
    ), .Dim = 22L, .Dimnames = structure(list(c("1", "2", "3", 
    "4", "5", "6", "7", "8", "9", "10", "11", "12", "13", "14", 
    "15", "16", "17", "19", "20", "21", "22", "23")), .Names = ""), class = "table"), 
        No.Tag = structure(c(1L, 14L, 144L, 0L, 1L, 0L, 0L, 0L, 
        0L, 0L, 0L, 0L, 0L, 0L, 0L, 0L, 1L, 9L, 0L, 0L), .Dim = 5:4, .Dimnames = structure(list(
            c("-2", "-1", "0", "1", NA), c("A", "G", "T", NA)), .Names = c("", 
        "")), class = "table"), All.Tags = list(Concordant = list(
            Freqs = structure(c(1, 46, 732, 1, 0, 0, 0, 0, 0, 
            0, 0, 0), .Dim = 4:3, .Dimnames = list(c("-2", "-1", 
            "0", "1"), c("A", "G", "T"))), N = 780), Majority = list(
            Freqs = structure(c(1, 65, 926, 1, 0, 0, 0, 0, 0, 
            0, 0, 0), .Dim = 4:3, .Dimnames = list(c("-2", "-1", 
            "0", "1"), c("A", "G", "T"))), N = 993)), `2` = structure(c(0, 
        52, 810, 0, 0, 0, 0, 0, 0, 0, 0, 0), .Dim = 4:3, .Dimnames = list(
            c("-2", "-1", "0", "1"), c("A", "G", "T"))))))
