Results <-
list(`bwaOutput/20210421msiMNRsJenny/269965B7_S7.sam` = list(
    GM14_SNP1 = list(All = list(Freqs = structure(c(19L, 937L, 
    420L, 1837L, 27L, 24L, 0L, 0L, 0L, 1L, 0L, 0L, 0L, 0L, 1L, 
    13L, 0L, 0L), .Dim = c(6L, 3L), .Dimnames = structure(list(
        c("-3", "-2", "-1", "0", "1", NA), c("C", "T", NA)), .Names = c("", 
    "")), class = "table"), N = 3279L), Tag.Distribution = structure(c(`1` = 57L, 
    `2` = 34L, `3` = 35L, `4` = 41L, `5` = 31L, `6` = 42L, `7` = 27L, 
    `8` = 29L, `9` = 25L, `10` = 21L, `11` = 17L, `12` = 14L, 
    `13` = 11L, `14` = 16L, `15` = 22L, `16` = 8L, `17` = 6L, 
    `18` = 2L, `19` = 4L, `20` = 3L, `21` = 4L, `22` = 1L, `23` = 1L
    ), .Dim = 23L, .Dimnames = structure(list(c("1", "2", "3", 
    "4", "5", "6", "7", "8", "9", "10", "11", "12", "13", "14", 
    "15", "16", "17", "18", "19", "20", "21", "22", "23")), .Names = ""), class = "table"), 
        No.Tag = structure(c(0L, 3L, 14L, 18L, 1L, 2L, 0L, 0L, 
        0L, 0L, 0L, 0L, 0L, 0L, 0L, 1L, 0L, 0L), .Dim = c(6L, 
        3L), .Dimnames = structure(list(c("-3", "-2", "-1", "0", 
        "1", NA), c("C", "T", NA)), .Names = c("", "")), class = "table"), 
        All.Tags = list(Concordant = list(Freqs = structure(c(2, 
        123, 46, 193, 1, 0, 0, 0, 1, 0), .Dim = c(5L, 2L), .Dimnames = list(
            c("-3", "-2", "-1", "0", "1"), c("C", "T"))), N = 366), 
            Majority = list(Freqs = structure(c(2, 131, 56, 254, 
            2, 0, 0, 0, 1, 0), .Dim = c(5L, 2L), .Dimnames = list(
                c("-3", "-2", "-1", "0", "1"), c("C", "T"))), 
                N = 446)), `2` = structure(c(2, 112, 51, 225, 
        2, 0, 0, 0, 0, 0), .Dim = c(5L, 2L), .Dimnames = list(
            c("-3", "-2", "-1", "0", "1"), c("C", "T"))))))
