Results <-
list(`bwaOutput/20210421msiMNRsJenny/269965B7_S7.sam` = list(
    LR10_SNP1 = list(All = list(Freqs = structure(c(0L, 0L, 1L, 
    0L, 0L, 1L, 22L, 1033L, 6L, 1L, 0L, 112L, 1041L, 5L, 1L, 
    0L, 0L, 18L, 0L, 0L), .Dim = 5:4, .Dimnames = structure(list(
        c("-2", "-1", "0", "1", NA), c("A", "C", "T", NA)), .Names = c("", 
    "")), class = "table"), N = 2241L), Tag.Distribution = structure(c(`1` = 44L, 
    `2` = 24L, `3` = 34L, `4` = 28L, `5` = 28L, `6` = 26L, `7` = 30L, 
    `8` = 28L, `9` = 13L, `10` = 17L, `11` = 13L, `12` = 10L, 
    `13` = 11L, `14` = 7L, `15` = 9L, `17` = 3L, `18` = 1L, `19` = 1L, 
    `20` = 1L, `21` = 3L, `22` = 1L, `30` = 1L), .Dim = 22L, .Dimnames = structure(list(
        c("1", "2", "3", "4", "5", "6", "7", "8", "9", "10", 
        "11", "12", "13", "14", "15", "17", "18", "19", "20", 
        "21", "22", "30")), .Names = ""), class = "table"), No.Tag = structure(c(0L, 
    0L, 0L, 0L, 0L, 0L, 0L, 34L, 0L, 0L, 0L, 0L, 21L, 0L, 0L, 
    0L, 0L, 1L, 0L, 0L), .Dim = 5:4, .Dimnames = structure(list(
        c("-2", "-1", "0", "1", NA), c("A", "C", "T", NA)), .Names = c("", 
    "")), class = "table"), All.Tags = list(Concordant = list(
        Freqs = structure(c(0, 0, 0, 0, 0, 2, 142, 1, 0, 15, 
        129, 0), .Dim = 4:3, .Dimnames = list(c("-2", "-1", "0", 
        "1"), c("A", "C", "T"))), N = 289), Majority = list(Freqs = structure(c(0, 
    0, 0, 0, 0, 2, 161, 1, 0, 15, 148, 0), .Dim = 4:3, .Dimnames = list(
        c("-2", "-1", "0", "1"), c("A", "C", "T"))), N = 327)), 
        `2` = structure(c(0, 0, 0, 0, 0, 1, 140, 1, 0, 13, 130, 
        0), .Dim = 4:3, .Dimnames = list(c("-2", "-1", "0", "1"
        ), c("A", "C", "T"))))))
