Results <-
list(`bwaOutput/20210421msiMNRsJenny/269965B7_S7.sam` = list(
    LR11_SNP1 = list(All = list(Freqs = structure(c(1L, 4L, 88L, 
    1879L, 33L, 1L, 8L, 0L, 2L, 239L, 1110L, 11L, 0L, 4L, 0L, 
    0L, 2L, 26L, 0L, 0L, 0L), .Dim = c(7L, 3L), .Dimnames = structure(list(
        c("-3", "-2", "-1", "0", "1", "2", NA), c("A", "C", NA
        )), .Names = c("", "")), class = "table"), N = 3408L), 
        Tag.Distribution = structure(c(`1` = 87L, `2` = 60L, 
        `3` = 52L, `4` = 58L, `5` = 35L, `6` = 45L, `7` = 35L, 
        `8` = 32L, `9` = 21L, `10` = 26L, `11` = 23L, `12` = 21L, 
        `13` = 13L, `14` = 10L, `15` = 8L, `16` = 9L, `17` = 3L, 
        `18` = 1L, `19` = 2L, `20` = 1L, `21` = 4L, `22` = 1L, 
        `23` = 1L, `29` = 1L, `30` = 1L), .Dim = 25L, .Dimnames = structure(list(
            c("1", "2", "3", "4", "5", "6", "7", "8", "9", "10", 
            "11", "12", "13", "14", "15", "16", "17", "18", "19", 
            "20", "21", "22", "23", "29", "30")), .Names = ""), class = "table"), 
        No.Tag = structure(c(0L, 0L, 0L, 12L, 0L, 0L, 0L, 0L, 
        0L, 0L, 12L, 0L, 0L, 0L, 0L, 0L, 0L, 1L, 0L, 0L, 0L), .Dim = c(7L, 
        3L), .Dimnames = structure(list(c("-3", "-2", "-1", "0", 
        "1", "2", NA), c("A", "C", NA)), .Names = c("", "")), class = "table"), 
        All.Tags = list(Concordant = list(Freqs = structure(c(0, 
        0, 9, 244, 1, 0, 0, 1, 31, 159, 1, 0), .Dim = c(6L, 2L
        ), .Dimnames = list(c("-3", "-2", "-1", "0", "1", "2"
        ), c("A", "C"))), N = 446), Majority = list(Freqs = structure(c(0, 
        0, 13, 305, 2, 0, 0, 1, 35, 186, 1, 0), .Dim = c(6L, 
        2L), .Dimnames = list(c("-3", "-2", "-1", "0", "1", "2"
        ), c("A", "C"))), N = 543)), `2` = structure(c(0, 0, 
        10, 254, 2, 0, 0, 0, 33, 160, 1, 0), .Dim = c(6L, 2L), .Dimnames = list(
            c("-3", "-2", "-1", "0", "1", "2"), c("A", "C"))))))
