Results <-
list(`bwaOutput/20210421msiMNRsJenny/269965B7_S7.sam` = list(
    LR24_SNP1 = list(All = list(Freqs = structure(c(0L, 1L, 0L, 
    0L, 0L, 21L, 0L, 0L, 208L, 5867L, 9L, 7L, 0L, 1L, 0L, 0L, 
    1L, 13L, 0L, 0L), .Dim = 4:5, .Dimnames = structure(list(
        c("-1", "0", "1", NA), c("-", "A", "G", "T", NA)), .Names = c("", 
    "")), class = "table"), N = 6128L), Tag.Distribution = structure(c(`1` = 285L, 
    `2` = 199L, `3` = 182L, `4` = 133L, `5` = 110L, `6` = 81L, 
    `7` = 73L, `8` = 55L, `9` = 40L, `10` = 27L, `11` = 21L, 
    `12` = 21L, `13` = 19L, `14` = 13L, `15` = 11L, `16` = 3L, 
    `17` = 6L, `18` = 3L, `19` = 4L, `20` = 2L, `21` = 5L, `22` = 3L, 
    `23` = 1L, `26` = 1L, `32` = 1L), .Dim = 25L, .Dimnames = structure(list(
        c("1", "2", "3", "4", "5", "6", "7", "8", "9", "10", 
        "11", "12", "13", "14", "15", "16", "17", "18", "19", 
        "20", "21", "22", "23", "26", "32")), .Names = ""), class = "table"), 
        No.Tag = structure(c(0L, 0L, 0L, 0L, 0L, 0L, 0L, 0L, 
        3L, 96L, 0L, 1L, 0L, 0L, 0L, 0L, 0L, 1L, 0L, 0L), .Dim = 4:5, .Dimnames = structure(list(
            c("-1", "0", "1", NA), c("-", "A", "G", "T", NA)), .Names = c("", 
        "")), class = "table"), All.Tags = list(Concordant = list(
            Freqs = structure(c(0, 0, 0, 0, 5, 0, 24, 1219, 0, 
            0, 0, 0), .Dim = 3:4, .Dimnames = list(c("-1", "0", 
            "1"), c("-", "A", "G", "T"))), N = 1248), Majority = list(
            Freqs = structure(c(0, 0, 0, 0, 5, 0, 28, 1256, 0, 
            0, 0, 0), .Dim = 3:4, .Dimnames = list(c("-1", "0", 
            "1"), c("-", "A", "G", "T"))), N = 1289)), `2` = structure(c(0, 
        0, 0, 0, 1, 0, 23, 983, 0, 0, 0, 0), .Dim = 3:4, .Dimnames = list(
            c("-1", "0", "1"), c("-", "A", "G", "T"))))))
