Results <-
list(`bwaOutput/20210421msiMNRsJenny/269964B6_S11.sam` = list(
    LR11_SNP1 = list(All = list(Freqs = structure(c(3L, 70L, 
    1405L, 8L, 3L, 0L, 99L, 889L, 6L, 3L, 0L, 1L, 0L, 0L, 0L, 
    0L, 0L, 22L, 1L, 0L), .Dim = 5:4, .Dimnames = structure(list(
        c("-2", "-1", "0", "1", NA), c("A", "C", "T", NA)), .Names = c("", 
    "")), class = "table"), N = 2510L), Tag.Distribution = structure(c(`1` = 138L, 
    `2` = 88L, `3` = 72L, `4` = 77L, `5` = 58L, `6` = 49L, `7` = 36L, 
    `8` = 29L, `9` = 17L, `10` = 11L, `11` = 5L, `12` = 5L, `13` = 4L, 
    `14` = 2L, `15` = 2L, `16` = 1L, `17` = 1L, `18` = 1L, `21` = 1L
    ), .Dim = 19L, .Dimnames = structure(list(c("1", "2", "3", 
    "4", "5", "6", "7", "8", "9", "10", "11", "12", "13", "14", 
    "15", "16", "17", "18", "21")), .Names = ""), class = "table"), 
        No.Tag = structure(c(0L, 1L, 21L, 0L, 0L, 0L, 1L, 21L, 
        0L, 0L, 0L, 0L, 0L, 0L, 0L, 0L, 0L, 0L, 0L, 0L), .Dim = 5:4, .Dimnames = structure(list(
            c("-2", "-1", "0", "1", NA), c("A", "C", "T", NA)), .Names = c("", 
        "")), class = "table"), All.Tags = list(Concordant = list(
            Freqs = structure(c(0, 8, 293, 0, 0, 19, 191, 0, 
            0, 1, 0, 0), .Dim = 4:3, .Dimnames = list(c("-2", 
            "-1", "0", "1"), c("A", "C", "T"))), N = 512), Majority = list(
            Freqs = structure(c(0, 10, 338, 0, 0, 23, 215, 0, 
            0, 1, 0, 0), .Dim = 4:3, .Dimnames = list(c("-2", 
            "-1", "0", "1"), c("A", "C", "T"))), N = 587)), `2` = structure(c(0, 
        9, 261, 0, 0, 17, 167, 0, 0, 0, 0, 0), .Dim = 4:3, .Dimnames = list(
            c("-2", "-1", "0", "1"), c("A", "C", "T"))))))
