Results <-
list(`bwaOutput/20210421msiMNRsJenny/269965B7_S7.sam` = list(
    LR44_SNP1 = list(All = list(Freqs = structure(c(0L, 7L, 1L, 
    0L, 0L, 0L, 0L, 205L, 368L, 20L, 338L, 7L, 0L, 3L, 1L, 83L, 
    723L, 478L, 4L, 4L, 7L, 2L, 2L, 1L, 8L, 0L, 0L, 0L), .Dim = c(7L, 
    4L), .Dimnames = structure(list(c("-3", "-2", "-1", "0", 
    "1", "6", NA), c("A", "C", "T", NA)), .Names = c("", "")), class = "table"), 
        N = 2262L), Tag.Distribution = structure(c(`1` = 44L, 
    `2` = 39L, `3` = 39L, `4` = 40L, `5` = 28L, `6` = 33L, `7` = 28L, 
    `8` = 22L, `9` = 16L, `10` = 16L, `11` = 8L, `12` = 13L, 
    `13` = 9L, `14` = 5L, `15` = 4L, `16` = 2L, `17` = 2L, `18` = 5L, 
    `19` = 2L, `20` = 3L, `21` = 2L, `23` = 1L), .Dim = 22L, .Dimnames = structure(list(
        c("1", "2", "3", "4", "5", "6", "7", "8", "9", "10", 
        "11", "12", "13", "14", "15", "16", "17", "18", "19", 
        "20", "21", "23")), .Names = ""), class = "table"), No.Tag = structure(c(0L, 
    0L, 0L, 0L, 0L, 0L, 0L, 1L, 8L, 0L, 5L, 0L, 0L, 0L, 0L, 3L, 
    5L, 15L, 0L, 0L, 1L, 0L, 0L, 0L, 1L, 0L, 0L, 0L), .Dim = c(7L, 
    4L), .Dimnames = structure(list(c("-3", "-2", "-1", "0", 
    "1", "6", NA), c("A", "C", "T", NA)), .Names = c("", "")), class = "table"), 
        All.Tags = list(Concordant = list(Freqs = structure(c(0, 
        1, 0, 0, 0, 0, 27, 57, 1, 41, 0, 0, 0, 7, 84, 55, 0, 
        0), .Dim = c(6L, 3L), .Dimnames = list(c("-3", "-2", 
        "-1", "0", "1", "6"), c("A", "C", "T"))), N = 273), Majority = list(
            Freqs = structure(c(0, 1, 0, 0, 0, 0, 30, 67, 1, 
            55, 1, 0, 0, 9, 111, 77, 0, 1), .Dim = c(6L, 3L), .Dimnames = list(
                c("-3", "-2", "-1", "0", "1", "6"), c("A", "C", 
                "T"))), N = 353)), `2` = structure(c(0, 1, 0, 
        0, 0, 0, 29, 61, 0, 47, 1, 0, 0, 9, 97, 66, 0, 1), .Dim = c(6L, 
        3L), .Dimnames = list(c("-3", "-2", "-1", "0", "1", "6"
        ), c("A", "C", "T"))))))
