Results <-
list(`bwaOutput/20210421msiMNRsJenny/269965B7_S7.sam` = list(
    LR36_SNP1 = list(All = list(Freqs = structure(c(0L, 0L, 0L, 
    0L, 0L, 0L, 0L, 1L, 1L, 1L, 439L, 460L, 15L, 992L, 8L, 12L, 
    0L, 0L, 1L, 22L, 457L, 1362L, 19L, 10L, 0L, 0L, 0L, 1L, 5L, 
    53L, 0L, 0L), .Dim = c(8L, 4L), .Dimnames = structure(list(
        c("-5", "-4", "-3", "-2", "-1", "0", "1", NA), c("-", 
        "A", "T", NA)), .Names = c("", "")), class = "table"), 
        N = 3859L), Tag.Distribution = structure(c(`1` = 64L, 
    `2` = 50L, `3` = 54L, `4` = 43L, `5` = 44L, `6` = 54L, `7` = 44L, 
    `8` = 42L, `9` = 38L, `10` = 16L, `11` = 22L, `12` = 15L, 
    `13` = 13L, `14` = 11L, `15` = 9L, `16` = 8L, `17` = 5L, 
    `18` = 5L, `19` = 1L, `20` = 4L, `21` = 4L, `22` = 3L, `25` = 2L, 
    `27` = 1L), .Dim = 24L, .Dimnames = structure(list(c("1", 
    "2", "3", "4", "5", "6", "7", "8", "9", "10", "11", "12", 
    "13", "14", "15", "16", "17", "18", "19", "20", "21", "22", 
    "25", "27")), .Names = ""), class = "table"), No.Tag = structure(c(0L, 
    0L, 0L, 0L, 0L, 0L, 0L, 0L, 0L, 0L, 3L, 23L, 1L, 59L, 0L, 
    0L, 0L, 0L, 0L, 2L, 24L, 43L, 0L, 1L, 0L, 0L, 0L, 0L, 1L, 
    5L, 0L, 0L), .Dim = c(8L, 4L), .Dimnames = structure(list(
        c("-5", "-4", "-3", "-2", "-1", "0", "1", NA), c("-", 
        "A", "T", NA)), .Names = c("", "")), class = "table"), 
        All.Tags = list(Concordant = list(Freqs = structure(c(0, 
        0, 0, 0, 0, 0, 0, 0, 0, 60, 54, 0, 120, 1, 0, 0, 0, 0, 
        56, 146, 0), .Dim = c(7L, 3L), .Dimnames = list(c("-5", 
        "-4", "-3", "-2", "-1", "0", "1"), c("-", "A", "T"))), 
            N = 437), Majority = list(Freqs = structure(c(0, 
        0, 0, 0, 0, 0, 0, 0, 0, 66, 66, 0, 147, 1, 0, 0, 0, 1, 
        64, 194, 1), .Dim = c(7L, 3L), .Dimnames = list(c("-5", 
        "-4", "-3", "-2", "-1", "0", "1"), c("-", "A", "T"))), 
            N = 540)), `2` = structure(c(0, 0, 0, 0, 0, 0, 0, 
        0, 0, 59, 59, 0, 130, 0, 0, 0, 0, 1, 55, 174, 1), .Dim = c(7L, 
        3L), .Dimnames = list(c("-5", "-4", "-3", "-2", "-1", 
        "0", "1"), c("-", "A", "T"))))))
