Results <-
list(`bwaOutput/20210421msiMNRsJenny/270476B8_S5.sam` = list(
    LR24_SNP1 = list(All = list(Freqs = structure(c(6L, 774L, 
    1868L, 2L, 6L, 7L, 721L, 2102L, 6L, 6L, 0L, 2L, 20L, 0L, 
    0L), .Dim = c(5L, 3L), .Dimnames = structure(list(c("-2", 
    "-1", "0", "1", NA), c("A", "G", NA)), .Names = c("", "")), class = "table"), 
        N = 5520L), Tag.Distribution = structure(c(`1` = 334L, 
    `2` = 213L, `3` = 185L, `4` = 139L, `5` = 114L, `6` = 99L, 
    `7` = 64L, `8` = 53L, `9` = 32L, `10` = 29L, `11` = 12L, 
    `12` = 15L, `13` = 11L, `14` = 4L, `15` = 8L, `16` = 5L, 
    `17` = 2L, `18` = 3L, `19` = 1L, `20` = 1L, `21` = 2L, `22` = 1L
    ), .Dim = 22L, .Dimnames = structure(list(c("1", "2", "3", 
    "4", "5", "6", "7", "8", "9", "10", "11", "12", "13", "14", 
    "15", "16", "17", "18", "19", "20", "21", "22")), .Names = ""), class = "table"), 
        No.Tag = structure(c(0L, 9L, 57L, 0L, 0L, 0L, 23L, 41L, 
        1L, 0L, 0L, 0L, 2L, 0L, 0L), .Dim = c(5L, 3L), .Dimnames = structure(list(
            c("-2", "-1", "0", "1", NA), c("A", "G", NA)), .Names = c("", 
        "")), class = "table"), All.Tags = list(Concordant = list(
            Freqs = structure(c(2, 131, 393, 0, 0, 151, 391, 
            0), .Dim = c(4L, 2L), .Dimnames = list(c("-2", "-1", 
            "0", "1"), c("A", "G"))), N = 1068), Majority = list(
            Freqs = structure(c(2, 163, 448, 0, 1, 178, 488, 
            0), .Dim = c(4L, 2L), .Dimnames = list(c("-2", "-1", 
            "0", "1"), c("A", "G"))), N = 1280)), `2` = structure(c(2, 
        124, 329, 0, 1, 118, 379, 0), .Dim = c(4L, 2L), .Dimnames = list(
            c("-2", "-1", "0", "1"), c("A", "G"))))))
