Results <-
list(`bwaOutput/20210421msiMNRsJenny/270476B8_S5.sam` = list(
    LR52_SNP1 = list(All = list(Freqs = structure(c(0L, 5L, 81L, 
    150L, 465L, 2L, 0L, 9L, 13L, 132L, 0L, 32L, 446L, 6L, 0L, 
    2L, 0L, 0L, 2L, 1L, 20L, 0L, 1L, 0L), .Dim = c(8L, 3L), .Dimnames = structure(list(
        c("-4", "-3", "-2", "-1", "0", "1", "2", NA), c("C", 
        "T", NA)), .Names = c("", "")), class = "table"), N = 1367L), 
        Tag.Distribution = structure(c(`1` = 31L, `2` = 26L, 
        `3` = 25L, `4` = 21L, `5` = 21L, `6` = 28L, `7` = 16L, 
        `8` = 13L, `9` = 8L, `10` = 8L, `11` = 11L, `12` = 4L, 
        `13` = 5L, `14` = 5L, `15` = 1L, `16` = 3L, `19` = 2L, 
        `21` = 3L), .Dim = 18L, .Dimnames = structure(list(c("1", 
        "2", "3", "4", "5", "6", "7", "8", "9", "10", "11", "12", 
        "13", "14", "15", "16", "19", "21")), .Names = ""), class = "table"), 
        No.Tag = structure(c(0L, 0L, 0L, 3L, 3L, 0L, 0L, 0L, 
        0L, 1L, 0L, 1L, 7L, 1L, 0L, 0L, 0L, 0L, 0L, 0L, 0L, 0L, 
        0L, 0L), .Dim = c(8L, 3L), .Dimnames = structure(list(
            c("-4", "-3", "-2", "-1", "0", "1", "2", NA), c("C", 
            "T", NA)), .Names = c("", "")), class = "table"), 
        All.Tags = list(Concordant = list(Freqs = structure(c(0, 
        1, 8, 12, 57, 0, 0, 3, 17, 0, 1, 49, 1, 0), .Dim = c(7L, 
        2L), .Dimnames = list(c("-4", "-3", "-2", "-1", "0", 
        "1", "2"), c("C", "T"))), N = 149), Majority = list(Freqs = structure(c(0, 
        1, 10, 23, 88, 0, 0, 3, 22, 0, 2, 72, 1, 0), .Dim = c(7L, 
        2L), .Dimnames = list(c("-4", "-3", "-2", "-1", "0", 
        "1", "2"), c("C", "T"))), N = 222)), `2` = structure(c(0, 
        1, 8, 20, 78, 0, 0, 2, 19, 0, 1, 64, 0, 0), .Dim = c(7L, 
        2L), .Dimnames = list(c("-4", "-3", "-2", "-1", "0", 
        "1", "2"), c("C", "T"))))))
