Results <-
list(`bwaOutput/20210421msiMNRsJenny/270476B8_S5.sam` = list(
    LR17_SNP1 = list(All = list(Freqs = structure(c(2L, 97L, 
    1099L, 3136L, 35L, 1L, 37L, 0L, 0L, 0L, 1L, 0L, 0L, 0L, 0L, 
    0L, 4L, 86L, 1L, 0L, 0L), .Dim = c(7L, 3L), .Dimnames = structure(list(
        c("-3", "-2", "-1", "0", "1", "2", NA), c("A", "G", NA
        )), .Names = c("", "")), class = "table"), N = 4499L), 
        Tag.Distribution = structure(c(`1` = 99L, `2` = 51L, 
        `3` = 67L, `4` = 71L, `5` = 66L, `6` = 51L, `7` = 51L, 
        `8` = 46L, `9` = 36L, `10` = 31L, `11` = 29L, `12` = 27L, 
        `13` = 15L, `14` = 9L, `15` = 2L, `16` = 8L, `17` = 6L, 
        `18` = 2L, `19` = 7L, `20` = 1L, `21` = 2L, `22` = 2L, 
        `23` = 1L, `24` = 1L, `25` = 1L, `30` = 2L), .Dim = 26L, .Dimnames = structure(list(
            c("1", "2", "3", "4", "5", "6", "7", "8", "9", "10", 
            "11", "12", "13", "14", "15", "16", "17", "18", "19", 
            "20", "21", "22", "23", "24", "25", "30")), .Names = ""), class = "table"), 
        No.Tag = structure(c(0L, 1L, 39L, 132L, 1L, 0L, 2L, 0L, 
        0L, 0L, 0L, 0L, 0L, 0L, 0L, 0L, 0L, 12L, 0L, 0L, 0L), .Dim = c(7L, 
        3L), .Dimnames = structure(list(c("-3", "-2", "-1", "0", 
        "1", "2", NA), c("A", "G", NA)), .Names = c("", "")), class = "table"), 
        All.Tags = list(Concordant = list(Freqs = structure(c(0, 
        10, 121, 392, 2, 0, 0, 0, 0, 0, 0, 0), .Dim = c(6L, 2L
        ), .Dimnames = list(c("-3", "-2", "-1", "0", "1", "2"
        ), c("A", "G"))), N = 525), Majority = list(Freqs = structure(c(0, 
        14, 152, 502, 3, 0, 0, 0, 0, 0, 0, 0), .Dim = c(6L, 2L
        ), .Dimnames = list(c("-3", "-2", "-1", "0", "1", "2"
        ), c("A", "G"))), N = 671)), `2` = structure(c(0, 13, 
        134, 432, 1, 0, 0, 0, 0, 0, 0, 0), .Dim = c(6L, 2L), .Dimnames = list(
            c("-3", "-2", "-1", "0", "1", "2"), c("A", "G"))))))
