Results <-
list(`bwaOutput/20210421msiMNRsJenny/270476B8_S5.sam` = list(
    LR44_SNP1 = list(All = list(Freqs = structure(c(2L, 25L, 
    116L, 834L, 20L, 1L, 6L, 0L, 1L, 86L, 820L, 12L, 1L, 3L, 
    0L, 0L, 0L, 24L, 0L, 0L, 0L), .Dim = c(7L, 3L), .Dimnames = structure(list(
        c("-3", "-2", "-1", "0", "1", "2", NA), c("C", "T", NA
        )), .Names = c("", "")), class = "table"), N = 1951L), 
        Tag.Distribution = structure(c(`1` = 37L, `2` = 28L, 
        `3` = 38L, `4` = 28L, `5` = 38L, `6` = 30L, `7` = 22L, 
        `8` = 22L, `9` = 14L, `10` = 14L, `11` = 15L, `12` = 13L, 
        `13` = 6L, `14` = 7L, `15` = 2L, `16` = 2L, `17` = 3L, 
        `23` = 1L), .Dim = 18L, .Dimnames = structure(list(c("1", 
        "2", "3", "4", "5", "6", "7", "8", "9", "10", "11", "12", 
        "13", "14", "15", "16", "17", "23")), .Names = ""), class = "table"), 
        No.Tag = structure(c(0L, 0L, 2L, 18L, 0L, 0L, 0L, 0L, 
        0L, 2L, 10L, 0L, 0L, 0L, 0L, 0L, 0L, 1L, 0L, 0L, 0L), .Dim = c(7L, 
        3L), .Dimnames = structure(list(c("-3", "-2", "-1", "0", 
        "1", "2", NA), c("C", "T", NA)), .Names = c("", "")), class = "table"), 
        All.Tags = list(Concordant = list(Freqs = structure(c(0, 
        1, 7, 109, 0, 0, 0, 0, 2, 94, 0, 0), .Dim = c(6L, 2L), .Dimnames = list(
            c("-3", "-2", "-1", "0", "1", "2"), c("C", "T"))), 
            N = 213), Majority = list(Freqs = structure(c(0, 
        3, 10, 151, 1, 0, 0, 0, 5, 146, 0, 0), .Dim = c(6L, 2L
        ), .Dimnames = list(c("-3", "-2", "-1", "0", "1", "2"
        ), c("C", "T"))), N = 316)), `2` = structure(c(0, 2, 
        8, 131, 1, 0, 0, 0, 5, 132, 0, 0), .Dim = c(6L, 2L), .Dimnames = list(
            c("-3", "-2", "-1", "0", "1", "2"), c("C", "T"))))))
