Results <-
list(`bwaOutput/20210421msiMNRsJenny/270476B8_S5.sam` = list(
    GM07_SNP1 = list(All = list(Freqs = structure(c(19L, 231L, 
    598L, 14L, 9L, 1L, 127L, 846L, 15L, 10L, 0L, 1L, 0L, 0L, 
    0L, 0L, 1L, 5L, 0L, 0L), .Dim = 5:4, .Dimnames = structure(list(
        c("-2", "-1", "0", "1", NA), c("A", "G", "T", NA)), .Names = c("", 
    "")), class = "table"), N = 1877L), Tag.Distribution = structure(c(`1` = 47L, 
    `2` = 36L, `3` = 38L, `4` = 37L, `5` = 32L, `6` = 31L, `7` = 22L, 
    `8` = 23L, `9` = 11L, `10` = 10L, `11` = 13L, `12` = 8L, 
    `13` = 6L, `14` = 6L, `15` = 4L, `16` = 2L, `17` = 1L, `18` = 1L, 
    `23` = 1L), .Dim = 19L, .Dimnames = structure(list(c("1", 
    "2", "3", "4", "5", "6", "7", "8", "9", "10", "11", "12", 
    "13", "14", "15", "16", "17", "18", "23")), .Names = ""), class = "table"), 
        No.Tag = structure(c(0L, 7L, 34L, 1L, 1L, 1L, 1L, 14L, 
        1L, 1L, 0L, 0L, 0L, 0L, 0L, 0L, 0L, 1L, 0L, 0L), .Dim = 5:4, .Dimnames = structure(list(
            c("-2", "-1", "0", "1", NA), c("A", "G", "T", NA)), .Names = c("", 
        "")), class = "table"), All.Tags = list(Concordant = list(
            Freqs = structure(c(1, 31, 75, 1, 0, 16, 128, 1, 
            0, 0, 0, 0), .Dim = 4:3, .Dimnames = list(c("-2", 
            "-1", "0", "1"), c("A", "G", "T"))), N = 253), Majority = list(
            Freqs = structure(c(1, 38, 103, 1, 0, 18, 164, 1, 
            0, 0, 0, 0), .Dim = 4:3, .Dimnames = list(c("-2", 
            "-1", "0", "1"), c("A", "G", "T"))), N = 326)), `2` = structure(c(1, 
        34, 93, 1, 0, 15, 136, 0, 0, 0, 0, 0), .Dim = 4:3, .Dimnames = list(
            c("-2", "-1", "0", "1"), c("A", "G", "T"))))))
