Results <-
list(`bwaOutput/20210421msiMNRsJenny/270476B8_S5.sam` = list(
    LR48_SNP1 = list(All = list(Freqs = structure(c(23L, 387L, 
    1774L, 21L, 2L, 8L, 0L, 0L, 1L, 0L, 0L, 0L, 1L, 2L, 14L, 
    0L, 0L, 0L), .Dim = c(6L, 3L), .Dimnames = structure(list(
        c("-2", "-1", "0", "1", "2", NA), c("C", "T", NA)), .Names = c("", 
    "")), class = "table"), N = 2233L), Tag.Distribution = structure(c(`1` = 25L, 
    `2` = 20L, `3` = 17L, `4` = 20L, `5` = 24L, `6` = 19L, `7` = 17L, 
    `8` = 13L, `9` = 13L, `10` = 8L, `11` = 14L, `12` = 8L, `13` = 12L, 
    `14` = 3L, `15` = 11L, `16` = 7L, `17` = 8L, `18` = 6L, `19` = 2L, 
    `20` = 5L, `22` = 2L, `23` = 1L, `24` = 1L, `26` = 2L, `29` = 1L, 
    `34` = 1L), .Dim = 26L, .Dimnames = structure(list(c("1", 
    "2", "3", "4", "5", "6", "7", "8", "9", "10", "11", "12", 
    "13", "14", "15", "16", "17", "18", "19", "20", "22", "23", 
    "24", "26", "29", "34")), .Names = ""), class = "table"), 
        No.Tag = structure(c(0L, 3L, 63L, 2L, 0L, 0L, 0L, 0L, 
        0L, 0L, 0L, 0L, 0L, 0L, 2L, 0L, 0L, 0L), .Dim = c(6L, 
        3L), .Dimnames = structure(list(c("-2", "-1", "0", "1", 
        "2", NA), c("C", "T", NA)), .Names = c("", "")), class = "table"), 
        All.Tags = list(Concordant = list(Freqs = structure(c(3, 
        38, 163, 0, 0, 0, 0, 1, 0, 0), .Dim = c(5L, 2L), .Dimnames = list(
            c("-2", "-1", "0", "1", "2"), c("C", "T"))), N = 205), 
            Majority = list(Freqs = structure(c(3, 46, 206, 0, 
            0, 0, 0, 1, 0, 0), .Dim = c(5L, 2L), .Dimnames = list(
                c("-2", "-1", "0", "1", "2"), c("C", "T"))), 
                N = 256)), `2` = structure(c(2, 41, 189, 0, 0, 
        0, 0, 0, 0, 0), .Dim = c(5L, 2L), .Dimnames = list(c("-2", 
        "-1", "0", "1", "2"), c("C", "T"))))))
