Results <-
list(`bwaOutput/20210421msiMNRsJenny/270476B8_S5.sam` = list(
    GM14_SNP1 = list(All = list(Freqs = structure(c(0L, 0L, 2L, 
    0L, 0L, 4L, 448L, 2525L, 13L, 18L, 0L, 3L, 32L, 0L, 0L), .Dim = c(5L, 
    3L), .Dimnames = structure(list(c("-2", "-1", "0", "1", NA
    ), c("C", "T", NA)), .Names = c("", "")), class = "table"), 
        N = 3045L), Tag.Distribution = structure(c(`1` = 50L, 
    `2` = 43L, `3` = 36L, `4` = 47L, `5` = 37L, `6` = 48L, `7` = 35L, 
    `8` = 32L, `9` = 25L, `10` = 17L, `11` = 24L, `12` = 20L, 
    `13` = 8L, `14` = 7L, `15` = 6L, `16` = 9L, `17` = 3L, `18` = 2L, 
    `19` = 1L, `20` = 1L, `22` = 2L, `23` = 1L, `24` = 1L, `25` = 1L
    ), .Dim = 24L, .Dimnames = structure(list(c("1", "2", "3", 
    "4", "5", "6", "7", "8", "9", "10", "11", "12", "13", "14", 
    "15", "16", "17", "18", "19", "20", "22", "23", "24", "25"
    )), .Names = ""), class = "table"), No.Tag = structure(c(0L, 
    0L, 0L, 0L, 0L, 0L, 2L, 60L, 0L, 0L, 0L, 0L, 0L, 0L, 0L), .Dim = c(5L, 
    3L), .Dimnames = structure(list(c("-2", "-1", "0", "1", NA
    ), c("C", "T", NA)), .Names = c("", "")), class = "table"), 
        All.Tags = list(Concordant = list(Freqs = structure(c(0, 
        0, 2, 0, 0, 53, 328, 0), .Dim = c(4L, 2L), .Dimnames = list(
            c("-2", "-1", "0", "1"), c("C", "T"))), N = 383), 
            Majority = list(Freqs = structure(c(0, 0, 2, 0, 0, 
            62, 386, 0), .Dim = c(4L, 2L), .Dimnames = list(c("-2", 
            "-1", "0", "1"), c("C", "T"))), N = 450)), `2` = structure(c(0, 
        0, 0, 0, 0, 55, 346, 0), .Dim = c(4L, 2L), .Dimnames = list(
            c("-2", "-1", "0", "1"), c("C", "T"))))))
