Results <-
list(`bwaOutput/20210421msiMNRsJenny/270476B8_S5.sam` = list(
    LR36_SNP1 = list(All = list(Freqs = structure(c(0L, 1L, 0L, 
    2L, 0L, 0L, 5L, 331L, 597L, 2098L, 22L, 18L, 0L, 3L, 8L, 
    51L, 0L, 0L), .Dim = c(6L, 3L), .Dimnames = structure(list(
        c("-3", "-2", "-1", "0", "1", NA), c("A", "T", NA)), .Names = c("", 
    "")), class = "table"), N = 3136L), Tag.Distribution = structure(c(`1` = 61L, 
    `2` = 43L, `3` = 61L, `4` = 52L, `5` = 48L, `6` = 45L, `7` = 20L, 
    `8` = 29L, `9` = 27L, `10` = 19L, `11` = 31L, `12` = 12L, 
    `13` = 9L, `14` = 9L, `15` = 3L, `16` = 5L, `17` = 7L, `18` = 1L, 
    `19` = 3L, `20` = 2L, `21` = 2L, `22` = 1L, `23` = 1L), .Dim = 23L, .Dimnames = structure(list(
        c("1", "2", "3", "4", "5", "6", "7", "8", "9", "10", 
        "11", "12", "13", "14", "15", "16", "17", "18", "19", 
        "20", "21", "22", "23")), .Names = ""), class = "table"), 
        No.Tag = structure(c(0L, 0L, 0L, 0L, 0L, 0L, 1L, 3L, 
        18L, 77L, 3L, 0L, 0L, 0L, 0L, 7L, 0L, 0L), .Dim = c(6L, 
        3L), .Dimnames = structure(list(c("-3", "-2", "-1", "0", 
        "1", NA), c("A", "T", NA)), .Names = c("", "")), class = "table"), 
        All.Tags = list(Concordant = list(Freqs = structure(c(0, 
        1, 0, 0, 0, 0, 50, 74, 284, 2), .Dim = c(5L, 2L), .Dimnames = list(
            c("-3", "-2", "-1", "0", "1"), c("A", "T"))), N = 411), 
            Majority = list(Freqs = structure(c(0, 1, 0, 0, 0, 
            0, 55, 87, 334, 2), .Dim = c(5L, 2L), .Dimnames = list(
                c("-3", "-2", "-1", "0", "1"), c("A", "T"))), 
                N = 479)), `2` = structure(c(0, 0, 0, 0, 0, 0, 
        51, 74, 299, 2), .Dim = c(5L, 2L), .Dimnames = list(c("-3", 
        "-2", "-1", "0", "1"), c("A", "T"))))))
