Results <-
list(`bwaOutput/20210421msiMNRsJenny/270476B8_S5.sam` = list(
    LR49_SNP1 = list(All = list(Freqs = structure(c(1L, 406L, 
    846L, 1L, 1L, 407L, 859L, 3L, 0L, 4L, 18L, 0L), .Dim = 4:3, .Dimnames = structure(list(
        c("-2", "-1", "0", NA), c("A", "G", NA)), .Names = c("", 
    "")), class = "table"), N = 2546L), Tag.Distribution = structure(c(`1` = 92L, 
    `2` = 74L, `3` = 68L, `4` = 50L, `5` = 42L, `6` = 42L, `7` = 21L, 
    `8` = 24L, `9` = 30L, `10` = 9L, `11` = 11L, `12` = 10L, 
    `13` = 3L, `14` = 8L, `15` = 4L, `16` = 1L, `17` = 4L, `18` = 3L, 
    `19` = 2L, `21` = 1L), .Dim = 20L, .Dimnames = structure(list(
        c("1", "2", "3", "4", "5", "6", "7", "8", "9", "10", 
        "11", "12", "13", "14", "15", "16", "17", "18", "19", 
        "21")), .Names = ""), class = "table"), No.Tag = structure(c(0L, 
    9L, 32L, 0L, 0L, 32L, 14L, 1L, 0L, 0L, 4L, 0L), .Dim = 4:3, .Dimnames = structure(list(
        c("-2", "-1", "0", NA), c("A", "G", NA)), .Names = c("", 
    "")), class = "table"), All.Tags = list(Concordant = list(
        Freqs = structure(c(1, 64, 154, 0, 59, 172), .Dim = 3:2, .Dimnames = list(
            c("-2", "-1", "0"), c("A", "G"))), N = 450), Majority = list(
        Freqs = structure(c(1, 74, 168, 0, 66, 186), .Dim = 3:2, .Dimnames = list(
            c("-2", "-1", "0"), c("A", "G"))), N = 495)), `2` = structure(c(0, 
    61, 137, 0, 58, 148), .Dim = 3:2, .Dimnames = list(c("-2", 
    "-1", "0"), c("A", "G"))))))
