Results <-
list(`bwaOutput/20210421msiMNRsJenny/270476B8_S5.sam` = list(
    GM01_SNP1 = list(All = list(Freqs = structure(c(65L, 1300L, 
    7L, 4L, 31L, 1556L, 4L, 5L, 0L, 15L, 0L, 0L), .Dim = 4:3, .Dimnames = structure(list(
        c("-1", "0", "1", NA), c("A", "G", NA)), .Names = c("", 
    "")), class = "table"), N = 2987L), Tag.Distribution = structure(c(`1` = 59L, 
    `2` = 49L, `3` = 53L, `4` = 60L, `5` = 38L, `6` = 52L, `7` = 33L, 
    `8` = 25L, `9` = 28L, `10` = 20L, `11` = 15L, `12` = 18L, 
    `13` = 15L, `14` = 9L, `15` = 4L, `16` = 1L, `17` = 1L, `18` = 3L, 
    `19` = 3L, `20` = 2L, `24` = 1L, `28` = 1L), .Dim = 22L, .Dimnames = structure(list(
        c("1", "2", "3", "4", "5", "6", "7", "8", "9", "10", 
        "11", "12", "13", "14", "15", "16", "17", "18", "19", 
        "20", "24", "28")), .Names = ""), class = "table"), No.Tag = structure(c(0L, 
    23L, 1L, 1L, 2L, 21L, 0L, 0L, 0L, 0L, 0L, 0L), .Dim = 4:3, .Dimnames = structure(list(
        c("-1", "0", "1", NA), c("A", "G", NA)), .Names = c("", 
    "")), class = "table"), All.Tags = list(Concordant = list(
        Freqs = structure(c(5, 191, 0, 1, 227, 0), .Dim = 3:2, .Dimnames = list(
            c("-1", "0", "1"), c("A", "G"))), N = 424), Majority = list(
        Freqs = structure(c(7, 220, 0, 2, 255, 0), .Dim = 3:2, .Dimnames = list(
            c("-1", "0", "1"), c("A", "G"))), N = 484)), `2` = structure(c(7, 
    189, 0, 2, 227, 0), .Dim = 3:2, .Dimnames = list(c("-1", 
    "0", "1"), c("A", "G"))))))
