Results <-
list(`bwaOutput/20210421msiMNRsJenny/270476B8_S5.sam` = list(
    IM49_SNP1 = list(All = list(Freqs = structure(c(29L, 539L, 
    1465L, 35L, 1L, 12L, 2L, 61L, 1736L, 30L, 0L, 1L, 0L, 0L, 
    1L, 0L, 0L, 0L, 0L, 2L, 59L, 1L, 0L, 0L), .Dim = c(6L, 4L
    ), .Dimnames = structure(list(c("-2", "-1", "0", "1", "2", 
    NA), c("C", "G", "T", NA)), .Names = c("", "")), class = "table"), 
        N = 3974L), Tag.Distribution = structure(c(`1` = 135L, 
    `2` = 80L, `3` = 74L, `4` = 75L, `5` = 63L, `6` = 56L, `7` = 53L, 
    `8` = 45L, `9` = 28L, `10` = 22L, `11` = 24L, `12` = 18L, 
    `13` = 14L, `14` = 13L, `15` = 7L, `16` = 3L, `17` = 5L, 
    `18` = 3L, `21` = 1L, `23` = 1L, `24` = 1L), .Dim = 21L, .Dimnames = structure(list(
        c("1", "2", "3", "4", "5", "6", "7", "8", "9", "10", 
        "11", "12", "13", "14", "15", "16", "17", "18", "21", 
        "23", "24")), .Names = ""), class = "table"), No.Tag = structure(c(0L, 
    10L, 43L, 3L, 0L, 0L, 0L, 3L, 35L, 1L, 0L, 0L, 0L, 0L, 0L, 
    0L, 0L, 0L, 0L, 0L, 4L, 0L, 0L, 0L), .Dim = c(6L, 4L), .Dimnames = structure(list(
        c("-2", "-1", "0", "1", "2", NA), c("C", "G", "T", NA
        )), .Names = c("", "")), class = "table"), All.Tags = list(
        Concordant = list(Freqs = structure(c(3, 68, 203, 0, 
        0, 0, 5, 264, 1, 0, 0, 0, 0, 0, 0), .Dim = c(5L, 3L), .Dimnames = list(
            c("-2", "-1", "0", "1", "2"), c("C", "G", "T"))), 
            N = 544), Majority = list(Freqs = structure(c(4, 
        94, 260, 0, 0, 0, 6, 332, 1, 0, 0, 0, 0, 0, 0), .Dim = c(5L, 
        3L), .Dimnames = list(c("-2", "-1", "0", "1", "2"), c("C", 
        "G", "T"))), N = 697)), `2` = structure(c(4, 76, 213, 
    0, 0, 0, 3, 275, 0, 0, 0, 0, 0, 0, 0), .Dim = c(5L, 3L), .Dimnames = list(
        c("-2", "-1", "0", "1", "2"), c("C", "G", "T"))))))
