Results <-
list(`bwaOutput/20210421msiMNRsJenny/270476B8_S5.sam` = list(
    GM09_SNP1 = list(All = list(Freqs = structure(c(38L, 2043L, 
    0L, 3L, 5L, 1956L, 2L, 0L, 0L, 12L, 0L, 0L), .Dim = 4:3, .Dimnames = structure(list(
        c("-1", "0", "1", NA), c("A", "G", NA)), .Names = c("", 
    "")), class = "table"), N = 4059L), Tag.Distribution = structure(c(`1` = 92L, 
    `2` = 69L, `3` = 70L, `4` = 59L, `5` = 68L, `6` = 58L, `7` = 58L, 
    `8` = 43L, `9` = 33L, `10` = 27L, `11` = 7L, `12` = 15L, 
    `13` = 14L, `14` = 13L, `15` = 8L, `16` = 6L, `17` = 5L, 
    `18` = 6L, `19` = 1L, `20` = 4L, `21` = 1L, `22` = 3L, `28` = 1L, 
    `29` = 1L, `43` = 1L), .Dim = 25L, .Dimnames = structure(list(
        c("1", "2", "3", "4", "5", "6", "7", "8", "9", "10", 
        "11", "12", "13", "14", "15", "16", "17", "18", "19", 
        "20", "21", "22", "28", "29", "43")), .Names = ""), class = "table"), 
        No.Tag = structure(c(0L, 26L, 0L, 1L, 0L, 34L, 0L, 0L, 
        0L, 1L, 0L, 0L), .Dim = 4:3, .Dimnames = structure(list(
            c("-1", "0", "1", NA), c("A", "G", NA)), .Names = c("", 
        "")), class = "table"), All.Tags = list(Concordant = list(
            Freqs = structure(c(4, 307, 0, 0, 284, 0), .Dim = 3:2, .Dimnames = list(
                c("-1", "0", "1"), c("A", "G"))), N = 595), Majority = list(
            Freqs = structure(c(4, 336, 0, 0, 317, 0), .Dim = 3:2, .Dimnames = list(
                c("-1", "0", "1"), c("A", "G"))), N = 657)), 
        `2` = structure(c(3, 288, 0, 0, 276, 0), .Dim = 3:2, .Dimnames = list(
            c("-1", "0", "1"), c("A", "G"))))))
