Results <-
list(`bwaOutput/20210421msiMNRsJenny/270476B8_S5.sam` = list(
    LR40_SNP1 = list(All = list(Freqs = structure(c(0L, 1L, 27L, 
    823L, 0L, 0L, 1L, 0L, 9L, 624L, 24L, 1L, 0L, 0L, 0L, 2L, 
    0L, 0L), .Dim = c(6L, 3L), .Dimnames = structure(list(c("-3", 
    "-2", "-1", "0", "1", NA), c("A", "C", NA)), .Names = c("", 
    "")), class = "table"), N = 1512L), Tag.Distribution = structure(c(`1` = 45L, 
    `2` = 33L, `3` = 35L, `4` = 35L, `5` = 22L, `6` = 18L, `7` = 12L, 
    `8` = 16L, `9` = 11L, `10` = 10L, `11` = 4L, `12` = 9L, `13` = 11L, 
    `14` = 1L, `15` = 1L, `16` = 1L, `17` = 2L, `18` = 1L, `19` = 2L, 
    `24` = 1L), .Dim = 20L, .Dimnames = structure(list(c("1", 
    "2", "3", "4", "5", "6", "7", "8", "9", "10", "11", "12", 
    "13", "14", "15", "16", "17", "18", "19", "24")), .Names = ""), class = "table"), 
        No.Tag = structure(c(0L, 0L, 1L, 41L, 0L, 0L, 0L, 0L, 
        1L, 30L, 0L, 0L, 0L, 0L, 0L, 0L, 0L, 0L), .Dim = c(6L, 
        3L), .Dimnames = structure(list(c("-3", "-2", "-1", "0", 
        "1", NA), c("A", "C", NA)), .Names = c("", "")), class = "table"), 
        All.Tags = list(Concordant = list(Freqs = structure(c(0, 
        0, 1, 135, 0, 0, 0, 1, 105, 2), .Dim = c(5L, 2L), .Dimnames = list(
            c("-3", "-2", "-1", "0", "1"), c("A", "C"))), N = 244), 
            Majority = list(Freqs = structure(c(0, 0, 2, 146, 
            0, 0, 0, 1, 119, 2), .Dim = c(5L, 2L), .Dimnames = list(
                c("-3", "-2", "-1", "0", "1"), c("A", "C"))), 
                N = 270)), `2` = structure(c(0, 0, 2, 127, 0, 
        0, 0, 0, 94, 2), .Dim = c(5L, 2L), .Dimnames = list(c("-3", 
        "-2", "-1", "0", "1"), c("A", "C"))))))
