Results <-
list(`bwaOutput/20210421msiMNRsJenny/270476B8_S5.sam` = list(
    LR10_SNP1 = list(All = list(Freqs = structure(c(1L, 23L, 
    1176L, 31L, 1L, 1L, 0L, 17L, 1118L, 1L, 0L, 0L, 0L, 0L, 15L, 
    0L, 0L, 0L), .Dim = c(6L, 3L), .Dimnames = structure(list(
        c("-2", "-1", "0", "1", "2", NA), c("C", "T", NA)), .Names = c("", 
    "")), class = "table"), N = 2384L), Tag.Distribution = structure(c(`1` = 58L, 
    `2` = 42L, `3` = 54L, `4` = 44L, `5` = 30L, `6` = 27L, `7` = 34L, 
    `8` = 24L, `9` = 18L, `10` = 16L, `11` = 14L, `12` = 8L, 
    `13` = 5L, `14` = 7L, `15` = 1L, `16` = 1L, `17` = 3L, `18` = 3L, 
    `19` = 2L, `21` = 2L, `23` = 1L, `24` = 1L, `28` = 1L, `33` = 1L
    ), .Dim = 24L, .Dimnames = structure(list(c("1", "2", "3", 
    "4", "5", "6", "7", "8", "9", "10", "11", "12", "13", "14", 
    "15", "16", "17", "18", "19", "21", "23", "24", "28", "33"
    )), .Names = ""), class = "table"), No.Tag = structure(c(0L, 
    0L, 31L, 0L, 0L, 1L, 0L, 0L, 67L, 0L, 0L, 0L, 0L, 0L, 4L, 
    0L, 0L, 0L), .Dim = c(6L, 3L), .Dimnames = structure(list(
        c("-2", "-1", "0", "1", "2", NA), c("C", "T", NA)), .Names = c("", 
    "")), class = "table"), All.Tags = list(Concordant = list(
        Freqs = structure(c(0, 0, 174, 1, 0, 0, 0, 173, 0, 0), .Dim = c(5L, 
        2L), .Dimnames = list(c("-2", "-1", "0", "1", "2"), c("C", 
        "T"))), N = 348), Majority = list(Freqs = structure(c(0, 
    1, 201, 1, 0, 0, 0, 192, 0, 0), .Dim = c(5L, 2L), .Dimnames = list(
        c("-2", "-1", "0", "1", "2"), c("C", "T"))), N = 395)), 
        `2` = structure(c(0, 1, 171, 1, 0, 0, 0, 164, 0, 0), .Dim = c(5L, 
        2L), .Dimnames = list(c("-2", "-1", "0", "1", "2"), c("C", 
        "T"))))))
