Results <-
list(`bwaOutput/20210421msiMNRsJenny/271060B10_S21.sam` = list(
    GM14_SNP1 = list(All = list(Freqs = structure(c(0L, 0L, 1L, 
    0L, 0L, 0L, 23L, 723L, 2081L, 16L, 1L, 35L, 0L, 0L, 1L, 0L, 
    0L, 0L, 0L, 0L, 16L, 0L, 0L, 0L), .Dim = c(6L, 4L), .Dimnames = structure(list(
        c("-2", "-1", "0", "1", "2", NA), c("-", "C", "T", NA
        )), .Names = c("", "")), class = "table"), N = 2897L), 
        Tag.Distribution = structure(c(`1` = 90L, `2` = 58L, 
        `3` = 69L, `4` = 53L, `5` = 51L, `6` = 30L, `7` = 44L, 
        `8` = 39L, `9` = 30L, `10` = 21L, `11` = 16L, `12` = 7L, 
        `13` = 10L, `14` = 6L, `15` = 5L, `16` = 3L, `17` = 2L, 
        `18` = 2L, `20` = 2L), .Dim = 19L, .Dimnames = structure(list(
            c("1", "2", "3", "4", "5", "6", "7", "8", "9", "10", 
            "11", "12", "13", "14", "15", "16", "17", "18", "20"
            )), .Names = ""), class = "table"), No.Tag = structure(c(0L, 
        0L, 0L, 0L, 0L, 0L, 0L, 8L, 20L, 0L, 0L, 1L, 0L, 0L, 
        0L, 0L, 0L, 0L, 0L, 0L, 1L, 0L, 0L, 0L), .Dim = c(6L, 
        4L), .Dimnames = structure(list(c("-2", "-1", "0", "1", 
        "2", NA), c("-", "C", "T", NA)), .Names = c("", "")), class = "table"), 
        All.Tags = list(Concordant = list(Freqs = structure(c(0, 
        0, 0, 0, 0, 4, 97, 339, 0, 1, 0, 0, 1, 0, 0), .Dim = c(5L, 
        3L), .Dimnames = list(c("-2", "-1", "0", "1", "2"), c("-", 
        "C", "T"))), N = 442), Majority = list(Freqs = structure(c(0, 
        0, 0, 0, 0, 4, 121, 396, 1, 1, 0, 0, 1, 0, 0), .Dim = c(5L, 
        3L), .Dimnames = list(c("-2", "-1", "0", "1", "2"), c("-", 
        "C", "T"))), N = 524)), `2` = structure(c(0, 0, 0, 0, 
        0, 3, 107, 329, 1, 0, 0, 0, 0, 0, 0), .Dim = c(5L, 3L
        ), .Dimnames = list(c("-2", "-1", "0", "1", "2"), c("-", 
        "C", "T"))))))
