Results <-
list(`bwaOutput/20210421msiMNRsJenny/271060B10_S21.sam` = list(
    LR11_SNP1 = list(All = list(Freqs = structure(c(0L, 0L, 0L, 
    1L, 0L, 0L, 0L, 2L, 11L, 1141L, 1869L, 16L, 0L, 20L, 0L, 
    0L, 7L, 27L, 0L, 1L, 0L), .Dim = c(7L, 3L), .Dimnames = structure(list(
        c("-3", "-2", "-1", "0", "1", "2", NA), c("A", "C", NA
        )), .Names = c("", "")), class = "table"), N = 3095L), 
        Tag.Distribution = structure(c(`1` = 103L, `2` = 92L, 
        `3` = 94L, `4` = 82L, `5` = 61L, `6` = 43L, `7` = 51L, 
        `8` = 31L, `9` = 22L, `10` = 14L, `11` = 8L, `12` = 16L, 
        `13` = 5L, `14` = 6L, `15` = 1L, `16` = 2L, `17` = 3L, 
        `18` = 1L, `19` = 1L, `21` = 2L, `23` = 1L), .Dim = 21L, .Dimnames = structure(list(
            c("1", "2", "3", "4", "5", "6", "7", "8", "9", "10", 
            "11", "12", "13", "14", "15", "16", "17", "18", "19", 
            "21", "23")), .Names = ""), class = "table"), No.Tag = structure(c(0L, 
        0L, 0L, 0L, 0L, 0L, 0L, 0L, 0L, 8L, 52L, 0L, 0L, 2L, 
        0L, 0L, 0L, 1L, 0L, 0L, 0L), .Dim = c(7L, 3L), .Dimnames = structure(list(
            c("-3", "-2", "-1", "0", "1", "2", NA), c("A", "C", 
            NA)), .Names = c("", "")), class = "table"), All.Tags = list(
            Concordant = list(Freqs = structure(c(0, 0, 0, 1, 
            0, 0, 0, 1, 205, 320, 0, 0), .Dim = c(6L, 2L), .Dimnames = list(
                c("-3", "-2", "-1", "0", "1", "2"), c("A", "C"
                ))), N = 527), Majority = list(Freqs = structure(c(0, 
            0, 0, 1, 0, 0, 0, 1, 235, 382, 1, 0), .Dim = c(6L, 
            2L), .Dimnames = list(c("-3", "-2", "-1", "0", "1", 
            "2"), c("A", "C"))), N = 620)), `2` = structure(c(0, 
        0, 0, 0, 0, 0, 0, 1, 190, 329, 1, 0), .Dim = c(6L, 2L
        ), .Dimnames = list(c("-3", "-2", "-1", "0", "1", "2"
        ), c("A", "C"))))))
