Results <-
list(`bwaOutput/20210421msiMNRsJenny/271060B10_S21.sam` = list(
    LR44_SNP1 = list(All = list(Freqs = structure(c(0L, 0L, 3L, 
    0L, 0L, 0L, 50L, 404L, 1422L, 20L, 2L, 14L, 0L, 1L, 3L, 0L, 
    0L, 0L, 0L, 10L, 39L, 0L, 0L, 1L, 0L, 3L, 15L, 0L, 0L, 0L
    ), .Dim = 6:5, .Dimnames = structure(list(c("-2", "-1", "0", 
    "1", "11", NA), c("-", "C", "G", "T", NA)), .Names = c("", 
    "")), class = "table"), N = 1987L), Tag.Distribution = structure(c(`1` = 71L, 
    `2` = 55L, `3` = 50L, `4` = 50L, `5` = 42L, `6` = 23L, `7` = 32L, 
    `8` = 26L, `9` = 20L, `10` = 13L, `11` = 9L, `12` = 5L, `13` = 2L, 
    `14` = 5L, `15` = 2L, `16` = 1L, `22` = 1L), .Dim = 17L, .Dimnames = structure(list(
        c("1", "2", "3", "4", "5", "6", "7", "8", "9", "10", 
        "11", "12", "13", "14", "15", "16", "22")), .Names = ""), class = "table"), 
        No.Tag = structure(c(0L, 0L, 0L, 0L, 0L, 0L, 0L, 7L, 
        35L, 0L, 0L, 0L, 0L, 0L, 0L, 0L, 0L, 0L, 0L, 1L, 0L, 
        0L, 0L, 0L, 0L, 0L, 0L, 0L, 0L, 0L), .Dim = 6:5, .Dimnames = structure(list(
            c("-2", "-1", "0", "1", "11", NA), c("-", "C", "G", 
            "T", NA)), .Names = c("", "")), class = "table"), 
        All.Tags = list(Concordant = list(Freqs = structure(c(0, 
        0, 0, 0, 0, 5, 55, 245, 1, 1, 0, 0, 0, 0, 0, 0, 1, 5, 
        0, 0), .Dim = 5:4, .Dimnames = list(c("-2", "-1", "0", 
        "1", "11"), c("-", "C", "G", "T"))), N = 313), Majority = list(
            Freqs = structure(c(0, 0, 0, 0, 0, 6, 76, 311, 1, 
            1, 0, 0, 1, 0, 0, 0, 2, 6, 0, 0), .Dim = 5:4, .Dimnames = list(
                c("-2", "-1", "0", "1", "11"), c("-", "C", "G", 
                "T"))), N = 404)), `2` = structure(c(0, 0, 0, 
        0, 0, 4, 63, 258, 0, 1, 0, 0, 1, 0, 0, 0, 2, 4, 0, 0), .Dim = 5:4, .Dimnames = list(
            c("-2", "-1", "0", "1", "11"), c("-", "C", "G", "T"
            ))))))
