Results <-
list(`bwaOutput/20210421msiMNRsJenny/271060B10_S21.sam` = list(
    LR52_SNP1 = list(All = list(Freqs = structure(c(1L, 24L, 
    808L, 23L, 155L, 1147L, 8L, 12L, 0L, 0L, 3L, 0L, 0L, 3L, 
    0L, 0L, 0L, 0L, 0L, 0L, 3L, 60L, 2L, 0L), .Dim = c(8L, 3L
    ), .Dimnames = structure(list(c("-5", "-4", "-3", "-2", "-1", 
    "0", "1", NA), c("C", "T", NA)), .Names = c("", "")), class = "table"), 
        N = 2249L), Tag.Distribution = structure(c(`1` = 62L, 
    `2` = 40L, `3` = 47L, `4` = 65L, `5` = 47L, `6` = 36L, `7` = 30L, 
    `8` = 23L, `9` = 23L, `10` = 20L, `11` = 10L, `12` = 4L, 
    `13` = 5L, `14` = 3L, `15` = 2L, `16` = 2L, `17` = 2L, `20` = 1L, 
    `21` = 1L, `24` = 1L), .Dim = 20L, .Dimnames = structure(list(
        c("1", "2", "3", "4", "5", "6", "7", "8", "9", "10", 
        "11", "12", "13", "14", "15", "16", "17", "20", "21", 
        "24")), .Names = ""), class = "table"), No.Tag = structure(c(0L, 
    0L, 14L, 0L, 2L, 12L, 0L, 0L, 0L, 0L, 0L, 0L, 0L, 0L, 0L, 
    0L, 0L, 0L, 0L, 0L, 0L, 0L, 0L, 0L), .Dim = c(8L, 3L), .Dimnames = structure(list(
        c("-5", "-4", "-3", "-2", "-1", "0", "1", NA), c("C", 
        "T", NA)), .Names = c("", "")), class = "table"), All.Tags = list(
        Concordant = list(Freqs = structure(c(0, 1, 125, 2, 7, 
        164, 0, 0, 0, 1, 0, 0, 1, 0), .Dim = c(7L, 2L), .Dimnames = list(
            c("-5", "-4", "-3", "-2", "-1", "0", "1"), c("C", 
            "T"))), N = 301), Majority = list(Freqs = structure(c(0, 
        2, 141, 2, 9, 250, 0, 0, 0, 1, 0, 0, 1, 0), .Dim = c(7L, 
        2L), .Dimnames = list(c("-5", "-4", "-3", "-2", "-1", 
        "0", "1"), c("C", "T"))), N = 406)), `2` = structure(c(0, 
    2, 124, 1, 3, 215, 0, 0, 0, 1, 0, 0, 1, 0), .Dim = c(7L, 
    2L), .Dimnames = list(c("-5", "-4", "-3", "-2", "-1", "0", 
    "1"), c("C", "T"))))))
