Results <-
list(`bwaOutput/20210421msiMNRsJenny/271060B10_S21.sam` = list(
    IM49_SNP1 = list(All = list(Freqs = structure(c(5L, 901L, 
    143L, 3407L, 448L, 25L, 1L, 33L, 0L, 0L, 0L, 2L, 0L, 0L, 
    0L, 0L, 1L, 4L, 1L, 41L, 4L, 0L, 0L, 0L), .Dim = c(8L, 3L
    ), .Dimnames = structure(list(c("-3", "-2", "-1", "0", "1", 
    "2", "3", NA), c("C", "G", NA)), .Names = c("", "")), class = "table"), 
        N = 5016L), Tag.Distribution = structure(c(`1` = 185L, 
    `2` = 131L, `3` = 122L, `4` = 119L, `5` = 85L, `6` = 74L, 
    `7` = 64L, `8` = 52L, `9` = 32L, `10` = 39L, `11` = 15L, 
    `12` = 18L, `13` = 11L, `14` = 10L, `15` = 5L, `16` = 7L, 
    `17` = 8L, `18` = 3L, `19` = 4L, `20` = 1L, `21` = 2L, `22` = 1L
    ), .Dim = 22L, .Dimnames = structure(list(c("1", "2", "3", 
    "4", "5", "6", "7", "8", "9", "10", "11", "12", "13", "14", 
    "15", "16", "17", "18", "19", "20", "21", "22")), .Names = ""), class = "table"), 
        No.Tag = structure(c(0L, 26L, 2L, 77L, 7L, 0L, 0L, 0L, 
        0L, 0L, 0L, 0L, 0L, 0L, 0L, 0L, 0L, 0L, 0L, 3L, 0L, 0L, 
        0L, 0L), .Dim = c(8L, 3L), .Dimnames = structure(list(
            c("-3", "-2", "-1", "0", "1", "2", "3", NA), c("C", 
            "G", NA)), .Names = c("", "")), class = "table"), 
        All.Tags = list(Concordant = list(Freqs = structure(c(1, 
        155, 10, 543, 49, 0, 0, 0, 0, 0, 2, 0, 0, 0), .Dim = c(7L, 
        2L), .Dimnames = list(c("-3", "-2", "-1", "0", "1", "2", 
        "3"), c("C", "G"))), N = 760), Majority = list(Freqs = structure(c(1, 
        174, 14, 682, 79, 1, 0, 0, 0, 0, 2, 0, 0, 0), .Dim = c(7L, 
        2L), .Dimnames = list(c("-3", "-2", "-1", "0", "1", "2", 
        "3"), c("C", "G"))), N = 953)), `2` = structure(c(1, 
        136, 7, 569, 67, 1, 0, 0, 0, 0, 0, 0, 0, 0), .Dim = c(7L, 
        2L), .Dimnames = list(c("-3", "-2", "-1", "0", "1", "2", 
        "3"), c("C", "G"))))))
