Results <-
list(`bwaOutput/20210421msiMNRsJenny/271060B10_S21.sam` = list(
    IM16_SNP1 = list(All = list(Freqs = structure(c(16L, 1876L, 
    468L, 10L, 8L, 0L, 1L, 0L, 0L, 1L, 0L, 15L, 4L, 0L, 0L), .Dim = c(5L, 
    3L), .Dimnames = structure(list(c("-1", "0", "1", "2", NA
    ), c("A", "G", NA)), .Names = c("", "")), class = "table"), 
        N = 2399L), Tag.Distribution = structure(c(`1` = 53L, 
    `2` = 51L, `3` = 50L, `4` = 55L, `5` = 29L, `6` = 32L, `7` = 30L, 
    `8` = 30L, `9` = 20L, `10` = 12L, `11` = 13L, `12` = 12L, 
    `13` = 10L, `14` = 3L, `15` = 5L, `16` = 3L, `17` = 2L, `18` = 1L, 
    `19` = 3L, `21` = 1L, `25` = 1L, `30` = 1L), .Dim = 22L, .Dimnames = structure(list(
        c("1", "2", "3", "4", "5", "6", "7", "8", "9", "10", 
        "11", "12", "13", "14", "15", "16", "17", "18", "19", 
        "21", "25", "30")), .Names = ""), class = "table"), No.Tag = structure(c(0L, 
    9L, 7L, 0L, 1L, 0L, 0L, 0L, 0L, 1L, 0L, 2L, 0L, 0L, 0L), .Dim = c(5L, 
    3L), .Dimnames = structure(list(c("-1", "0", "1", "2", NA
    ), c("A", "G", NA)), .Names = c("", "")), class = "table"), 
        All.Tags = list(Concordant = list(Freqs = structure(c(3, 
        297, 50, 0, 0, 1, 0, 0), .Dim = c(4L, 2L), .Dimnames = list(
            c("-1", "0", "1", "2"), c("A", "G"))), N = 351), 
            Majority = list(Freqs = structure(c(3, 332, 70, 0, 
            0, 1, 0, 0), .Dim = c(4L, 2L), .Dimnames = list(c("-1", 
            "0", "1", "2"), c("A", "G"))), N = 406)), `2` = structure(c(2, 
        290, 66, 0, 0, 0, 0, 0), .Dim = c(4L, 2L), .Dimnames = list(
            c("-1", "0", "1", "2"), c("A", "G"))))))
