Results <-
list(`bwaOutput/20210421msiMNRsJenny/271060B10_S21.sam` = list(
    GM01_SNP1 = list(All = list(Freqs = structure(c(23L, 1616L, 
    2L, 2L, 18L, 1762L, 13L, 5L, 1L, 21L, 0L, 0L), .Dim = 4:3, .Dimnames = structure(list(
        c("-1", "0", "1", NA), c("A", "G", NA)), .Names = c("", 
    "")), class = "table"), N = 3463L), Tag.Distribution = structure(c(`1` = 96L, 
    `2` = 88L, `3` = 70L, `4` = 55L, `5` = 77L, `6` = 49L, `7` = 49L, 
    `8` = 36L, `9` = 26L, `10` = 26L, `11` = 19L, `12` = 15L, 
    `13` = 10L, `14` = 7L, `15` = 4L, `16` = 3L, `17` = 4L, `18` = 1L, 
    `21` = 2L, `23` = 2L), .Dim = 20L, .Dimnames = structure(list(
        c("1", "2", "3", "4", "5", "6", "7", "8", "9", "10", 
        "11", "12", "13", "14", "15", "16", "17", "18", "21", 
        "23")), .Names = ""), class = "table"), No.Tag = structure(c(1L, 
    24L, 0L, 0L, 1L, 29L, 0L, 0L, 0L, 3L, 0L, 0L), .Dim = 4:3, .Dimnames = structure(list(
        c("-1", "0", "1", NA), c("A", "G", NA)), .Names = c("", 
    "")), class = "table"), All.Tags = list(Concordant = list(
        Freqs = structure(c(4, 265, 0, 1, 286, 1), .Dim = 3:2, .Dimnames = list(
            c("-1", "0", "1"), c("A", "G"))), N = 557), Majority = list(
        Freqs = structure(c(4, 297, 0, 1, 327, 1), .Dim = 3:2, .Dimnames = list(
            c("-1", "0", "1"), c("A", "G"))), N = 630)), `2` = structure(c(2, 
    259, 0, 0, 273, 1), .Dim = 3:2, .Dimnames = list(c("-1", 
    "0", "1"), c("A", "G"))))))
