Results <-
list(`bwaOutput/20210421msiMNRsJenny/271060B10_S21.sam` = list(
    LR48_SNP1 = list(All = list(Freqs = structure(c(0L, 1L, 147L, 
    1145L, 23L, 3L, 1L, 12L, 369L, 700L, 7L, 4L, 0L, 0L, 3L, 
    13L, 0L, 0L), .Dim = c(6L, 3L), .Dimnames = structure(list(
        c("-3", "-2", "-1", "0", "1", NA), c("C", "T", NA)), .Names = c("", 
    "")), class = "table"), N = 2428L), Tag.Distribution = structure(c(`1` = 42L, 
    `2` = 35L, `3` = 32L, `4` = 41L, `5` = 38L, `6` = 30L, `7` = 30L, 
    `8` = 28L, `9` = 26L, `10` = 15L, `11` = 9L, `12` = 12L, 
    `13` = 8L, `14` = 9L, `15` = 5L, `16` = 5L, `17` = 2L, `19` = 3L, 
    `20` = 2L, `26` = 1L), .Dim = 20L, .Dimnames = structure(list(
        c("1", "2", "3", "4", "5", "6", "7", "8", "9", "10", 
        "11", "12", "13", "14", "15", "16", "17", "19", "20", 
        "26")), .Names = ""), class = "table"), No.Tag = structure(c(0L, 
    0L, 15L, 51L, 0L, 1L, 0L, 0L, 0L, 14L, 0L, 0L, 0L, 0L, 0L, 
    2L, 0L, 0L), .Dim = c(6L, 3L), .Dimnames = structure(list(
        c("-3", "-2", "-1", "0", "1", NA), c("C", "T", NA)), .Names = c("", 
    "")), class = "table"), All.Tags = list(Concordant = list(
        Freqs = structure(c(0, 0, 13, 141, 0, 0, 1, 44, 89, 0
        ), .Dim = c(5L, 2L), .Dimnames = list(c("-3", "-2", "-1", 
        "0", "1"), c("C", "T"))), N = 288), Majority = list(Freqs = structure(c(0, 
    0, 15, 184, 0, 0, 1, 58, 113, 0), .Dim = c(5L, 2L), .Dimnames = list(
        c("-3", "-2", "-1", "0", "1"), c("C", "T"))), N = 371)), 
        `2` = structure(c(0, 0, 14, 161, 0, 0, 1, 54, 99, 0), .Dim = c(5L, 
        2L), .Dimnames = list(c("-3", "-2", "-1", "0", "1"), 
            c("C", "T"))))))
