Results <-
list(`bwaOutput/20210421msiMNRsJenny/271060B10_S21.sam` = list(
    DEPDC2_SNP1 = list(All = list(Freqs = structure(c(0L, 53L, 
    1393L, 6L, 0L, 4L, 0L, 3L, 1877L, 2L, 1L, 9L, 1L, 1L, 98L, 
    0L, 0L, 0L), .Dim = c(6L, 3L), .Dimnames = structure(list(
        c("-2", "-1", "0", "1", "2", NA), c("C", "T", NA)), .Names = c("", 
    "")), class = "table"), N = 3448L), Tag.Distribution = structure(c(`1` = 166L, 
    `2` = 123L, `3` = 99L, `4` = 86L, `5` = 71L, `6` = 61L, `7` = 39L, 
    `8` = 36L, `9` = 21L, `10` = 18L, `11` = 14L, `12` = 16L, 
    `13` = 5L, `14` = 7L, `15` = 3L, `16` = 3L, `17` = 1L, `19` = 1L
    ), .Dim = 18L, .Dimnames = structure(list(c("1", "2", "3", 
    "4", "5", "6", "7", "8", "9", "10", "11", "12", "13", "14", 
    "15", "16", "17", "19")), .Names = ""), class = "table"), 
        No.Tag = structure(c(0L, 0L, 48L, 1L, 0L, 1L, 0L, 0L, 
        44L, 0L, 1L, 0L, 0L, 0L, 11L, 0L, 0L, 0L), .Dim = c(6L, 
        3L), .Dimnames = structure(list(c("-2", "-1", "0", "1", 
        "2", NA), c("C", "T", NA)), .Names = c("", "")), class = "table"), 
        All.Tags = list(Concordant = list(Freqs = structure(c(0, 
        9, 314, 0, 0, 0, 0, 362, 0, 0), .Dim = c(5L, 2L), .Dimnames = list(
            c("-2", "-1", "0", "1", "2"), c("C", "T"))), N = 685), 
            Majority = list(Freqs = structure(c(0, 11, 341, 0, 
            0, 0, 0, 403, 0, 0), .Dim = c(5L, 2L), .Dimnames = list(
                c("-2", "-1", "0", "1", "2"), c("C", "T"))), 
                N = 755)), `2` = structure(c(0, 8, 261, 0, 0, 
        0, 0, 328, 0, 0), .Dim = c(5L, 2L), .Dimnames = list(
            c("-2", "-1", "0", "1", "2"), c("C", "T"))))))
