Results <-
list(`bwaOutput/20210421msiMNRsJenny/271060B10_S21.sam` = list(
    LR24_SNP1 = list(All = list(Freqs = structure(c(0L, 1L, 0L, 
    0L, 0L, 0L, 0L, 1L, 0L, 22L, 0L, 0L, 1L, 1141L, 27L, 5686L, 
    11L, 11L, 0L, 2L, 0L, 17L, 0L, 0L), .Dim = c(6L, 4L), .Dimnames = structure(list(
        c("-3", "-2", "-1", "0", "1", NA), c("-", "A", "G", NA
        )), .Names = c("", "")), class = "table"), N = 6920L), 
        Tag.Distribution = structure(c(`1` = 450L, `2` = 295L, 
        `3` = 236L, `4` = 201L, `5` = 171L, `6` = 97L, `7` = 87L, 
        `8` = 59L, `9` = 43L, `10` = 26L, `11` = 27L, `12` = 16L, 
        `13` = 11L, `14` = 7L, `15` = 8L, `16` = 3L, `17` = 3L, 
        `18` = 2L, `19` = 2L, `21` = 1L, `23` = 1L), .Dim = 21L, .Dimnames = structure(list(
            c("1", "2", "3", "4", "5", "6", "7", "8", "9", "10", 
            "11", "12", "13", "14", "15", "16", "17", "18", "19", 
            "21", "23")), .Names = ""), class = "table"), No.Tag = structure(c(0L, 
        0L, 0L, 0L, 0L, 0L, 0L, 0L, 0L, 2L, 0L, 0L, 0L, 8L, 1L, 
        122L, 0L, 2L, 0L, 0L, 0L, 1L, 0L, 0L), .Dim = c(6L, 4L
        ), .Dimnames = structure(list(c("-3", "-2", "-1", "0", 
        "1", NA), c("-", "A", "G", NA)), .Names = c("", "")), class = "table"), 
        All.Tags = list(Concordant = list(Freqs = structure(c(0, 
        0, 0, 0, 0, 0, 1, 0, 3, 0, 0, 234, 5, 1317, 0), .Dim = c(5L, 
        3L), .Dimnames = list(c("-3", "-2", "-1", "0", "1"), 
            c("-", "A", "G"))), N = 1560), Majority = list(Freqs = structure(c(0, 
        0, 0, 0, 0, 0, 1, 0, 4, 0, 0, 288, 5, 1417, 0), .Dim = c(5L, 
        3L), .Dimnames = list(c("-3", "-2", "-1", "0", "1"), 
            c("-", "A", "G"))), N = 1715)), `2` = structure(c(0, 
        0, 0, 0, 0, 0, 0, 0, 2, 0, 0, 214, 1, 1053, 0), .Dim = c(5L, 
        3L), .Dimnames = list(c("-3", "-2", "-1", "0", "1"), 
            c("-", "A", "G"))))))
