Results <-
list(`bwaOutput/20210421msiMNRsJenny/271060B10_S21.sam` = list(
    LR17_SNP1 = list(All = list(Freqs = structure(c(4L, 1080L, 
    1131L, 2881L, 33L, 33L, 0L, 0L, 1L, 0L, 0L, 0L, 0L, 0L, 0L, 
    1L, 0L, 0L, 0L, 1L, 12L, 64L, 0L, 0L), .Dim = c(6L, 4L), .Dimnames = structure(list(
        c("-3", "-2", "-1", "0", "1", NA), c("A", "G", "T", NA
        )), .Names = c("", "")), class = "table"), N = 5241L), 
        Tag.Distribution = structure(c(`1` = 105L, `2` = 103L, 
        `3` = 102L, `4` = 108L, `5` = 99L, `6` = 84L, `7` = 61L, 
        `8` = 60L, `9` = 49L, `10` = 27L, `11` = 18L, `12` = 21L, 
        `13` = 16L, `14` = 8L, `15` = 4L, `16` = 6L, `17` = 4L, 
        `18` = 7L, `19` = 5L, `21` = 3L, `22` = 1L, `23` = 1L, 
        `25` = 2L, `26` = 1L), .Dim = 24L, .Dimnames = structure(list(
            c("1", "2", "3", "4", "5", "6", "7", "8", "9", "10", 
            "11", "12", "13", "14", "15", "16", "17", "18", "19", 
            "21", "22", "23", "25", "26")), .Names = ""), class = "table"), 
        No.Tag = structure(c(1L, 33L, 45L, 86L, 1L, 6L, 0L, 0L, 
        0L, 0L, 0L, 0L, 0L, 0L, 0L, 0L, 0L, 0L, 0L, 0L, 1L, 3L, 
        0L, 0L), .Dim = c(6L, 4L), .Dimnames = structure(list(
            c("-3", "-2", "-1", "0", "1", NA), c("A", "G", "T", 
            NA)), .Names = c("", "")), class = "table"), All.Tags = list(
            Concordant = list(Freqs = structure(c(0, 148, 135, 
            393, 1, 0, 0, 0, 0, 0, 0, 0, 0, 0, 0), .Dim = c(5L, 
            3L), .Dimnames = list(c("-3", "-2", "-1", "0", "1"
            ), c("A", "G", "T"))), N = 677), Majority = list(
                Freqs = structure(c(0, 168, 187, 508, 1, 0, 0, 
                0, 0, 0, 0, 0, 0, 0, 0), .Dim = c(5L, 3L), .Dimnames = list(
                  c("-3", "-2", "-1", "0", "1"), c("A", "G", 
                  "T"))), N = 864)), `2` = structure(c(0, 152, 
        164, 449, 1, 0, 0, 0, 0, 0, 0, 0, 0, 0, 0), .Dim = c(5L, 
        3L), .Dimnames = list(c("-3", "-2", "-1", "0", "1"), 
            c("A", "G", "T"))))))
