Results <-
list(`bwaOutput/20210421msiMNRsJenny/272564C1_S23.sam` = list(
    IM49_SNP1 = list(All = list(Freqs = structure(c(79L, 123L, 
    376L, 1842L, 33L, 0L, 19L, 0L, 15L, 591L, 1398L, 17L, 1L, 
    6L, 0L, 1L, 6L, 67L, 0L, 0L, 0L), .Dim = c(7L, 3L), .Dimnames = structure(list(
        c("-3", "-2", "-1", "0", "1", "2", NA), c("C", "G", NA
        )), .Names = c("", "")), class = "table"), N = 4574L), 
        Tag.Distribution = structure(c(`1` = 105L, `2` = 49L, 
        `3` = 40L, `4` = 58L, `5` = 41L, `6` = 39L, `7` = 45L, 
        `8` = 36L, `9` = 36L, `10` = 35L, `11` = 28L, `12` = 17L, 
        `13` = 17L, `14` = 12L, `15` = 13L, `16` = 7L, `17` = 16L, 
        `18` = 8L, `19` = 3L, `20` = 8L, `21` = 4L, `23` = 3L, 
        `24` = 1L, `25` = 1L, `29` = 2L, `40` = 1L), .Dim = 26L, .Dimnames = structure(list(
            c("1", "2", "3", "4", "5", "6", "7", "8", "9", "10", 
            "11", "12", "13", "14", "15", "16", "17", "18", "19", 
            "20", "21", "23", "24", "25", "29", "40")), .Names = ""), class = "table"), 
        No.Tag = structure(c(15L, 7L, 6L, 69L, 1L, 0L, 0L, 0L, 
        0L, 15L, 47L, 0L, 0L, 0L, 0L, 0L, 0L, 2L, 0L, 0L, 0L), .Dim = c(7L, 
        3L), .Dimnames = structure(list(c("-3", "-2", "-1", "0", 
        "1", "2", NA), c("C", "G", NA)), .Names = c("", "")), class = "table"), 
        All.Tags = list(Concordant = list(Freqs = structure(c(11, 
        18, 33, 186, 1, 0, 0, 1, 51, 142, 0, 0), .Dim = c(6L, 
        2L), .Dimnames = list(c("-3", "-2", "-1", "0", "1", "2"
        ), c("C", "G"))), N = 443), Majority = list(Freqs = structure(c(11, 
        18, 47, 251, 1, 0, 0, 1, 66, 202, 0, 0), .Dim = c(6L, 
        2L), .Dimnames = list(c("-3", "-2", "-1", "0", "1", "2"
        ), c("C", "G"))), N = 597)), `2` = structure(c(10, 15, 
        38, 210, 0, 0, 0, 1, 58, 176, 0, 0), .Dim = c(6L, 2L), .Dimnames = list(
            c("-3", "-2", "-1", "0", "1", "2"), c("C", "G"))))))
