Results <-
list(`bwaOutput/20210421msiMNRsJenny/272564C1_S23.sam` = list(
    GM14_SNP1 = list(All = list(Freqs = structure(c(0L, 0L, 1L, 
    0L, 0L, 3L, 131L, 1614L, 11L, 10L, 0L, 0L, 1L, 0L, 0L, 4L, 
    35L, 1551L, 10L, 4L, 0L, 1L, 31L, 1L, 0L), .Dim = c(5L, 5L
    ), .Dimnames = structure(list(c("-2", "-1", "0", "1", NA), 
        c("A", "C", "G", "T", NA)), .Names = c("", "")), class = "table"), 
        N = 3408L), Tag.Distribution = structure(c(`1` = 65L, 
    `2` = 17L, `3` = 30L, `4` = 26L, `5` = 29L, `6` = 26L, `7` = 25L, 
    `8` = 29L, `9` = 16L, `10` = 23L, `11` = 22L, `12` = 18L, 
    `13` = 18L, `14` = 19L, `15` = 14L, `16` = 12L, `17` = 5L, 
    `18` = 6L, `19` = 7L, `20` = 1L, `21` = 4L, `22` = 1L, `25` = 1L, 
    `26` = 1L, `27` = 1L, `29` = 1L, `31` = 1L, `34` = 1L), .Dim = 28L, .Dimnames = structure(list(
        c("1", "2", "3", "4", "5", "6", "7", "8", "9", "10", 
        "11", "12", "13", "14", "15", "16", "17", "18", "19", 
        "20", "21", "22", "25", "26", "27", "29", "31", "34")), .Names = ""), class = "table"), 
        No.Tag = structure(c(0L, 0L, 0L, 0L, 0L, 0L, 2L, 21L, 
        0L, 0L, 0L, 0L, 0L, 0L, 0L, 0L, 0L, 22L, 0L, 0L, 0L, 
        0L, 4L, 0L, 0L), .Dim = c(5L, 5L), .Dimnames = structure(list(
            c("-2", "-1", "0", "1", NA), c("A", "C", "G", "T", 
            NA)), .Names = c("", "")), class = "table"), All.Tags = list(
            Concordant = list(Freqs = structure(c(0, 0, 0, 0, 
            0, 7, 165, 0, 0, 0, 0, 0, 0, 0, 153, 0), .Dim = c(4L, 
            4L), .Dimnames = list(c("-2", "-1", "0", "1"), c("A", 
            "C", "G", "T"))), N = 325), Majority = list(Freqs = structure(c(0, 
            0, 0, 0, 0, 10, 208, 0, 0, 0, 0, 0, 0, 0, 195, 0), .Dim = c(4L, 
            4L), .Dimnames = list(c("-2", "-1", "0", "1"), c("A", 
            "C", "G", "T"))), N = 413)), `2` = structure(c(0, 
        0, 0, 0, 0, 7, 174, 0, 0, 0, 0, 0, 0, 0, 170, 0), .Dim = c(4L, 
        4L), .Dimnames = list(c("-2", "-1", "0", "1"), c("A", 
        "C", "G", "T"))))))
