Results <-
list(`bwaOutput/20210421msiMNRsJenny/272564C1_S23.sam` = list(
    GM17_SNP1 = list(All = list(Freqs = structure(c(0L, 0L, 8L, 
    0L, 0L, 1L, 30L, 2994L, 10L, 4L, 0L, 0L, 16L, 0L, 0L), .Dim = c(5L, 
    3L), .Dimnames = structure(list(c("-2", "-1", "0", "1", NA
    ), c("C", "T", NA)), .Names = c("", "")), class = "table"), 
        N = 3063L), Tag.Distribution = structure(c(`1` = 46L, 
    `2` = 11L, `3` = 19L, `4` = 26L, `5` = 38L, `6` = 18L, `7` = 23L, 
    `8` = 22L, `9` = 24L, `10` = 21L, `11` = 12L, `12` = 14L, 
    `13` = 15L, `14` = 16L, `15` = 7L, `16` = 10L, `17` = 8L, 
    `18` = 4L, `19` = 6L, `20` = 6L, `21` = 2L, `22` = 1L, `23` = 3L, 
    `24` = 2L, `25` = 1L, `28` = 1L, `30` = 1L, `38` = 1L), .Dim = 28L, .Dimnames = structure(list(
        c("1", "2", "3", "4", "5", "6", "7", "8", "9", "10", 
        "11", "12", "13", "14", "15", "16", "17", "18", "19", 
        "20", "21", "22", "23", "24", "25", "28", "30", "38")), .Names = ""), class = "table"), 
        No.Tag = structure(c(0L, 0L, 0L, 0L, 0L, 0L, 1L, 41L, 
        0L, 0L, 0L, 0L, 3L, 0L, 0L), .Dim = c(5L, 3L), .Dimnames = structure(list(
            c("-2", "-1", "0", "1", NA), c("C", "T", NA)), .Names = c("", 
        "")), class = "table"), All.Tags = list(Concordant = list(
            Freqs = structure(c(0, 0, 6, 0, 0, 1, 311, 0), .Dim = c(4L, 
            2L), .Dimnames = list(c("-2", "-1", "0", "1"), c("C", 
            "T"))), N = 318), Majority = list(Freqs = structure(c(0, 
        0, 6, 0, 0, 1, 347, 0), .Dim = c(4L, 2L), .Dimnames = list(
            c("-2", "-1", "0", "1"), c("C", "T"))), N = 354)), 
        `2` = structure(c(0, 0, 0, 0, 0, 1, 311, 0), .Dim = c(4L, 
        2L), .Dimnames = list(c("-2", "-1", "0", "1"), c("C", 
        "T"))))))
