Results <-
list(`bwaOutput/20210421msiMNRsJenny/272564C1_S23.sam` = list(
    LR44_SNP1 = list(All = list(Freqs = structure(c(1L, 86L, 
    606L, 1767L, 22L, 15L, 0L, 1L, 9L, 0L, 0L, 0L, 0L, 1L, 25L, 
    22L, 1L, 0L, 0L, 0L, 3L, 17L, 1L, 0L), .Dim = c(6L, 4L), .Dimnames = structure(list(
        c("-3", "-2", "-1", "0", "1", NA), c("C", "G", "T", NA
        )), .Names = c("", "")), class = "table"), N = 2577L), 
        Tag.Distribution = structure(c(`1` = 49L, `2` = 18L, 
        `3` = 32L, `4` = 30L, `5` = 27L, `6` = 29L, `7` = 28L, 
        `8` = 25L, `9` = 21L, `10` = 10L, `11` = 14L, `12` = 16L, 
        `13` = 13L, `14` = 7L, `15` = 7L, `16` = 8L, `17` = 6L, 
        `18` = 3L, `19` = 4L, `20` = 2L, `24` = 1L, `26` = 1L, 
        `27` = 1L, `33` = 1L), .Dim = 24L, .Dimnames = structure(list(
            c("1", "2", "3", "4", "5", "6", "7", "8", "9", "10", 
            "11", "12", "13", "14", "15", "16", "17", "18", "19", 
            "20", "24", "26", "27", "33")), .Names = ""), class = "table"), 
        No.Tag = structure(c(0L, 3L, 5L, 43L, 0L, 0L, 0L, 0L, 
        0L, 0L, 0L, 0L, 0L, 0L, 0L, 0L, 0L, 0L, 0L, 0L, 0L, 2L, 
        1L, 0L), .Dim = c(6L, 4L), .Dimnames = structure(list(
            c("-3", "-2", "-1", "0", "1", NA), c("C", "G", "T", 
            NA)), .Names = c("", "")), class = "table"), All.Tags = list(
            Concordant = list(Freqs = structure(c(0, 6, 46, 164, 
            0, 0, 0, 2, 0, 0, 0, 0, 3, 6, 0), .Dim = c(5L, 3L
            ), .Dimnames = list(c("-3", "-2", "-1", "0", "1"), 
                c("C", "G", "T"))), N = 227), Majority = list(
                Freqs = structure(c(0, 7, 74, 249, 0, 0, 0, 3, 
                0, 0, 0, 0, 4, 8, 0), .Dim = c(5L, 3L), .Dimnames = list(
                  c("-3", "-2", "-1", "0", "1"), c("C", "G", 
                  "T"))), N = 345)), `2` = structure(c(0, 6, 
        65, 220, 0, 0, 0, 2, 0, 0, 0, 0, 3, 2, 0), .Dim = c(5L, 
        3L), .Dimnames = list(c("-3", "-2", "-1", "0", "1"), 
            c("C", "G", "T"))))))
