Results <-
list(`bwaOutput/20210421msiMNRsJenny/272568C2_S36.sam` = list(
    LR36_SNP1 = list(All = list(Freqs = structure(c(0L, 0L, 1L, 
    5L, 0L, 0L, 0L, 0L, 0L, 1L, 0L, 0L, 3L, 67L, 1095L, 1964L, 
    20L, 20L, 0L, 0L, 10L, 73L, 1L, 0L), .Dim = c(6L, 4L), .Dimnames = structure(list(
        c("-3", "-2", "-1", "0", "1", NA), c("A", "C", "T", NA
        )), .Names = c("", "")), class = "table"), N = 3260L), 
        Tag.Distribution = structure(c(`1` = 154L, `2` = 118L, 
        `3` = 107L, `4` = 89L, `5` = 74L, `6` = 60L, `7` = 38L, 
        `8` = 31L, `9` = 26L, `10` = 19L, `11` = 7L, `12` = 12L, 
        `13` = 2L, `14` = 4L, `15` = 2L, `16` = 2L, `17` = 1L, 
        `18` = 2L, `20` = 1L), .Dim = 19L, .Dimnames = structure(list(
            c("1", "2", "3", "4", "5", "6", "7", "8", "9", "10", 
            "11", "12", "13", "14", "15", "16", "17", "18", "20"
            )), .Names = ""), class = "table"), No.Tag = structure(c(0L, 
        0L, 1L, 0L, 0L, 0L, 0L, 0L, 0L, 0L, 0L, 0L, 0L, 1L, 30L, 
        46L, 1L, 3L, 0L, 0L, 0L, 5L, 0L, 0L), .Dim = c(6L, 4L
        ), .Dimnames = structure(list(c("-3", "-2", "-1", "0", 
        "1", NA), c("A", "C", "T", NA)), .Names = c("", "")), class = "table"), 
        All.Tags = list(Concordant = list(Freqs = structure(c(0, 
        0, 0, 3, 0, 0, 0, 0, 0, 0, 1, 8, 211, 405, 1), .Dim = c(5L, 
        3L), .Dimnames = list(c("-3", "-2", "-1", "0", "1"), 
            c("A", "C", "T"))), N = 629), Majority = list(Freqs = structure(c(0, 
        0, 0, 3, 0, 0, 0, 0, 0, 0, 1, 10, 244, 470, 1), .Dim = c(5L, 
        3L), .Dimnames = list(c("-3", "-2", "-1", "0", "1"), 
            c("A", "C", "T"))), N = 729)), `2` = structure(c(0, 
        0, 0, 0, 0, 0, 0, 0, 0, 0, 0, 9, 190, 383, 1), .Dim = c(5L, 
        3L), .Dimnames = list(c("-3", "-2", "-1", "0", "1"), 
            c("A", "C", "T"))))))
