Results <-
list(`bwaOutput/20210421msiMNRsJenny/272564C1_S23.sam` = list(
    DEPDC2_SNP1 = list(All = list(Freqs = structure(c(0L, 0L, 
    3L, 0L, 1L, 0L, 1L, 5L, 1430L, 881L, 5L, 451L, 0L, 0L, 73L, 
    33L, 0L, 0L), .Dim = c(6L, 3L), .Dimnames = structure(list(
        c("-2", "-1", "0", "1", "2", NA), c("C", "T", NA)), .Names = c("", 
    "")), class = "table"), N = 2883L), Tag.Distribution = structure(c(`1` = 91L, 
    `2` = 37L, `3` = 38L, `4` = 43L, `5` = 40L, `6` = 28L, `7` = 15L, 
    `8` = 32L, `9` = 20L, `10` = 18L, `11` = 18L, `12` = 15L, 
    `13` = 16L, `14` = 15L, `15` = 10L, `16` = 5L, `17` = 2L, 
    `18` = 2L, `19` = 3L, `20` = 1L, `21` = 1L, `23` = 1L, `25` = 1L, 
    `30` = 1L), .Dim = 24L, .Dimnames = structure(list(c("1", 
    "2", "3", "4", "5", "6", "7", "8", "9", "10", "11", "12", 
    "13", "14", "15", "16", "17", "18", "19", "20", "21", "23", 
    "25", "30")), .Names = ""), class = "table"), No.Tag = structure(c(0L, 
    0L, 0L, 0L, 0L, 0L, 0L, 1L, 20L, 22L, 0L, 22L, 0L, 0L, 3L, 
    3L, 0L, 0L), .Dim = c(6L, 3L), .Dimnames = structure(list(
        c("-2", "-1", "0", "1", "2", NA), c("C", "T", NA)), .Names = c("", 
    "")), class = "table"), All.Tags = list(Concordant = list(
        Freqs = structure(c(0, 0, 3, 0, 1, 0, 2, 186, 163, 2), .Dim = c(5L, 
        2L), .Dimnames = list(c("-2", "-1", "0", "1", "2"), c("C", 
        "T"))), N = 357), Majority = list(Freqs = structure(c(0, 
    0, 3, 0, 1, 0, 2, 208, 201, 2), .Dim = c(5L, 2L), .Dimnames = list(
        c("-2", "-1", "0", "1", "2"), c("C", "T"))), N = 417)), 
        `2` = structure(c(0, 0, 0, 0, 0, 0, 0, 184, 169, 1), .Dim = c(5L, 
        2L), .Dimnames = list(c("-2", "-1", "0", "1", "2"), c("C", 
        "T"))))))
