Results <-
list(`bwaOutput/20210421msiMNRsJenny/272568C2_S36.sam` = list(
    GM07_SNP1 = list(All = list(Freqs = structure(c(11L, 510L, 
    608L, 13L, 1L, 7L, 2L, 91L, 946L, 27L, 2L, 8L, 0L, 1L, 8L, 
    1L, 0L, 0L), .Dim = c(6L, 3L), .Dimnames = structure(list(
        c("-2", "-1", "0", "1", "2", NA), c("A", "G", NA)), .Names = c("", 
    "")), class = "table"), N = 2236L), Tag.Distribution = structure(c(`1` = 113L, 
    `2` = 89L, `3` = 82L, `4` = 60L, `5` = 40L, `6` = 27L, `7` = 24L, 
    `8` = 27L, `9` = 19L, `10` = 10L, `11` = 5L, `12` = 7L, `13` = 2L, 
    `14` = 6L, `15` = 1L, `16` = 1L, `17` = 2L, `18` = 2L, `20` = 1L
    ), .Dim = 19L, .Dimnames = structure(list(c("1", "2", "3", 
    "4", "5", "6", "7", "8", "9", "10", "11", "12", "13", "14", 
    "15", "16", "17", "18", "20")), .Names = ""), class = "table"), 
        No.Tag = structure(c(2L, 10L, 7L, 0L, 0L, 1L, 0L, 1L, 
        46L, 1L, 0L, 2L, 0L, 1L, 1L, 0L, 0L, 0L), .Dim = c(6L, 
        3L), .Dimnames = structure(list(c("-2", "-1", "0", "1", 
        "2", NA), c("A", "G", NA)), .Names = c("", "")), class = "table"), 
        All.Tags = list(Concordant = list(Freqs = structure(c(1, 
        104, 94, 1, 0, 0, 8, 166, 4, 0), .Dim = c(5L, 2L), .Dimnames = list(
            c("-2", "-1", "0", "1", "2"), c("A", "G"))), N = 378), 
            Majority = list(Freqs = structure(c(1, 123, 130, 
            1, 0, 0, 12, 232, 4, 0), .Dim = c(5L, 2L), .Dimnames = list(
                c("-2", "-1", "0", "1", "2"), c("A", "G"))), 
                N = 503)), `2` = structure(c(0, 97, 102, 0, 0, 
        0, 8, 184, 0, 0), .Dim = c(5L, 2L), .Dimnames = list(
            c("-2", "-1", "0", "1", "2"), c("A", "G"))))))
