Results <-
list(`bwaOutput/20210421msiMNRsJenny/272564C1_S23.sam` = list(
    GM22_SNP1 = list(All = list(Freqs = structure(c(3L, 177L, 
    2081L, 8L, 8L, 0L, 0L, 5L, 0L, 0L, 0L, 0L, 18L, 0L, 0L), .Dim = c(5L, 
    3L), .Dimnames = structure(list(c("-2", "-1", "0", "1", NA
    ), c("A", "G", NA)), .Names = c("", "")), class = "table"), 
        N = 2300L), Tag.Distribution = structure(c(`1` = 40L, 
    `2` = 9L, `3` = 18L, `4` = 17L, `5` = 18L, `6` = 25L, `7` = 17L, 
    `8` = 22L, `9` = 11L, `10` = 14L, `11` = 15L, `12` = 12L, 
    `13` = 12L, `14` = 7L, `15` = 15L, `16` = 4L, `17` = 7L, 
    `18` = 3L, `19` = 8L, `20` = 3L, `21` = 1L, `22` = 1L, `23` = 2L
    ), .Dim = 23L, .Dimnames = structure(list(c("1", "2", "3", 
    "4", "5", "6", "7", "8", "9", "10", "11", "12", "13", "14", 
    "15", "16", "17", "18", "19", "20", "21", "22", "23")), .Names = ""), class = "table"), 
        No.Tag = structure(c(0L, 0L, 19L, 0L, 0L, 0L, 0L, 0L, 
        0L, 0L, 0L, 0L, 1L, 0L, 0L), .Dim = c(5L, 3L), .Dimnames = structure(list(
            c("-2", "-1", "0", "1", NA), c("A", "G", NA)), .Names = c("", 
        "")), class = "table"), All.Tags = list(Concordant = list(
            Freqs = structure(c(0, 16, 222, 0, 0, 0, 5, 0), .Dim = c(4L, 
            2L), .Dimnames = list(c("-2", "-1", "0", "1"), c("A", 
            "G"))), N = 243), Majority = list(Freqs = structure(c(0, 
        16, 259, 0, 0, 0, 5, 0), .Dim = c(4L, 2L), .Dimnames = list(
            c("-2", "-1", "0", "1"), c("A", "G"))), N = 280)), 
        `2` = structure(c(0, 13, 228, 0, 0, 0, 0, 0), .Dim = c(4L, 
        2L), .Dimnames = list(c("-2", "-1", "0", "1"), c("A", 
        "G"))))))
