Results <-
list(`bwaOutput/20210421msiMNRsJenny/272568C2_S36.sam` = list(
    LR24_SNP1 = list(All = list(Freqs = structure(c(0L, 8L, 45L, 
    0L, 0L, 0L, 15L, 1368L, 4015L, 10L, 1L, 12L, 0L, 1L, 11L, 
    0L, 0L, 0L), .Dim = c(6L, 3L), .Dimnames = structure(list(
        c("-2", "-1", "0", "1", "2", NA), c("A", "G", NA)), .Names = c("", 
    "")), class = "table"), N = 5486L), Tag.Distribution = structure(c(`1` = 490L, 
    `2` = 339L, `3` = 243L, `4` = 166L, `5` = 123L, `6` = 70L, 
    `7` = 62L, `8` = 42L, `9` = 19L, `10` = 13L, `11` = 12L, 
    `12` = 13L, `13` = 3L, `14` = 9L, `15` = 5L, `16` = 4L, `17` = 1L, 
    `18` = 1L, `19` = 2L, `20` = 1L, `22` = 1L, `23` = 1L), .Dim = 22L, .Dimnames = structure(list(
        c("1", "2", "3", "4", "5", "6", "7", "8", "9", "10", 
        "11", "12", "13", "14", "15", "16", "17", "18", "19", 
        "20", "22", "23")), .Names = ""), class = "table"), No.Tag = structure(c(0L, 
    0L, 1L, 0L, 0L, 0L, 0L, 30L, 58L, 0L, 0L, 0L, 0L, 0L, 0L, 
    0L, 0L, 0L), .Dim = c(6L, 3L), .Dimnames = structure(list(
        c("-2", "-1", "0", "1", "2", NA), c("A", "G", NA)), .Names = c("", 
    "")), class = "table"), All.Tags = list(Concordant = list(
        Freqs = structure(c(0, 2, 8, 0, 0, 5, 298, 1071, 0, 0
        ), .Dim = c(5L, 2L), .Dimnames = list(c("-2", "-1", "0", 
        "1", "2"), c("A", "G"))), N = 1384), Majority = list(
        Freqs = structure(c(0, 2, 13, 0, 0, 5, 369, 1183, 1, 
        0), .Dim = c(5L, 2L), .Dimnames = list(c("-2", "-1", 
        "0", "1", "2"), c("A", "G"))), N = 1573)), `2` = structure(c(0, 
    1, 7, 0, 0, 3, 256, 819, 1, 0), .Dim = c(5L, 2L), .Dimnames = list(
        c("-2", "-1", "0", "1", "2"), c("A", "G"))))))
