Results <-
list(`bwaOutput/20210421msiMNRsJenny/272564C1_S23.sam` = list(
    LR52_SNP1 = list(All = list(Freqs = structure(c(0L, 3L, 55L, 
    231L, 774L, 3L, 14L, 18L, 219L, 6L, 65L, 644L, 7L, 10L, 0L, 
    1L, 1L, 3L, 47L, 0L, 0L), .Dim = c(7L, 3L), .Dimnames = structure(list(
        c("-4", "-3", "-2", "-1", "0", "1", NA), c("C", "T", 
        NA)), .Names = c("", "")), class = "table"), N = 2101L), 
        Tag.Distribution = structure(c(`1` = 20L, `2` = 23L, 
        `3` = 17L, `4` = 18L, `5` = 20L, `6` = 21L, `7` = 23L, 
        `8` = 17L, `9` = 10L, `10` = 17L, `11` = 15L, `12` = 8L, 
        `13` = 11L, `14` = 11L, `15` = 7L, `16` = 6L, `17` = 6L, 
        `18` = 4L, `19` = 1L, `20` = 1L, `21` = 1L, `22` = 1L, 
        `25` = 1L, `27` = 1L), .Dim = 24L, .Dimnames = structure(list(
            c("1", "2", "3", "4", "5", "6", "7", "8", "9", "10", 
            "11", "12", "13", "14", "15", "16", "17", "18", "19", 
            "20", "21", "22", "25", "27")), .Names = ""), class = "table"), 
        No.Tag = structure(c(0L, 0L, 1L, 20L, 21L, 0L, 0L, 0L, 
        2L, 0L, 3L, 11L, 0L, 1L, 0L, 0L, 1L, 0L, 2L, 0L, 0L), .Dim = c(7L, 
        3L), .Dimnames = structure(list(c("-4", "-3", "-2", "-1", 
        "0", "1", NA), c("C", "T", NA)), .Names = c("", "")), class = "table"), 
        All.Tags = list(Concordant = list(Freqs = structure(c(0, 
        0, 1, 13, 56, 0, 2, 27, 0, 0, 45, 0), .Dim = c(6L, 2L
        ), .Dimnames = list(c("-4", "-3", "-2", "-1", "0", "1"
        ), c("C", "T"))), N = 144), Majority = list(Freqs = structure(c(0, 
        0, 2, 24, 106, 0, 2, 29, 0, 1, 84, 0), .Dim = c(6L, 2L
        ), .Dimnames = list(c("-4", "-3", "-2", "-1", "0", "1"
        ), c("C", "T"))), N = 248)), `2` = structure(c(0, 0, 
        2, 24, 95, 0, 2, 28, 0, 1, 79, 0), .Dim = c(6L, 2L), .Dimnames = list(
            c("-4", "-3", "-2", "-1", "0", "1"), c("C", "T"))))))
