Results <-
list(`bwaOutput/20210421msiMNRsJenny/272568C2_S36.sam` = list(
    LR17_SNP1 = list(All = list(Freqs = structure(c(62L, 843L, 
    2205L, 772L, 17L, 73L, 0L, 3L, 46L, 4L, 0L, 0L), .Dim = c(6L, 
    2L), .Dimnames = structure(list(c("-2", "-1", "0", "1", "2", 
    NA), c("A", NA)), .Names = c("", "")), class = "table"), 
        N = 4025L), Tag.Distribution = structure(c(`1` = 119L, 
    `2` = 101L, `3` = 108L, `4` = 68L, `5` = 84L, `6` = 56L, 
    `7` = 58L, `8` = 43L, `9` = 36L, `10` = 23L, `11` = 16L, 
    `12` = 14L, `13` = 6L, `14` = 7L, `15` = 6L, `16` = 6L, `17` = 4L, 
    `18` = 3L, `20` = 1L, `21` = 1L, `22` = 2L), .Dim = 21L, .Dimnames = structure(list(
        c("1", "2", "3", "4", "5", "6", "7", "8", "9", "10", 
        "11", "12", "13", "14", "15", "16", "17", "18", "20", 
        "21", "22")), .Names = ""), class = "table"), No.Tag = structure(c(4L, 
    25L, 77L, 19L, 1L, 5L, 0L, 0L, 4L, 0L, 0L, 0L), .Dim = c(6L, 
    2L), .Dimnames = structure(list(c("-2", "-1", "0", "1", "2", 
    NA), c("A", NA)), .Names = c("", "")), class = "table"), 
        All.Tags = list(Concordant = list(Freqs = structure(c(5, 
        112, 338, 117, 0), .Dim = c(5L, 1L), .Dimnames = list(
            c("-2", "-1", "0", "1", "2"), "A")), N = 572), Majority = list(
            Freqs = structure(c(7, 146, 416, 163, 0), .Dim = c(5L, 
            1L), .Dimnames = list(c("-2", "-1", "0", "1", "2"
            ), "A")), N = 732)), `2` = structure(c(7, 117, 350, 
        145, 0), .Dim = c(5L, 1L), .Dimnames = list(c("-2", "-1", 
        "0", "1", "2"), "A")))))
