Results <-
list(`bwaOutput/20210421msiMNRsJenny/272564C1_S23.sam` = list(
    IM16_SNP1 = list(All = list(Freqs = structure(c(0L, 12L, 
    792L, 242L, 3L, 1L, 2L, 1L, 367L, 723L, 11L, 0L, 0L, 3L, 
    0L, 3L, 13L, 2L, 0L, 0L, 0L), .Dim = c(7L, 3L), .Dimnames = structure(list(
        c("-2", "-1", "0", "1", "2", "3", NA), c("A", "G", NA
        )), .Names = c("", "")), class = "table"), N = 2175L), 
        Tag.Distribution = structure(c(`1` = 45L, `2` = 13L, 
        `3` = 22L, `4` = 19L, `5` = 21L, `6` = 15L, `7` = 18L, 
        `8` = 15L, `9` = 19L, `10` = 17L, `11` = 12L, `12` = 7L, 
        `13` = 12L, `14` = 11L, `15` = 6L, `16` = 3L, `17` = 12L, 
        `18` = 1L, `19` = 3L, `20` = 2L, `21` = 1L, `22` = 2L, 
        `23` = 1L, `24` = 1L, `25` = 1L, `30` = 1L), .Dim = 26L, .Dimnames = structure(list(
            c("1", "2", "3", "4", "5", "6", "7", "8", "9", "10", 
            "11", "12", "13", "14", "15", "16", "17", "18", "19", 
            "20", "21", "22", "23", "24", "25", "30")), .Names = ""), class = "table"), 
        No.Tag = structure(c(0L, 0L, 12L, 10L, 0L, 0L, 0L, 0L, 
        2L, 4L, 0L, 0L, 0L, 0L, 0L, 0L, 2L, 0L, 0L, 0L, 0L), .Dim = c(7L, 
        3L), .Dimnames = structure(list(c("-2", "-1", "0", "1", 
        "2", "3", NA), c("A", "G", NA)), .Names = c("", "")), class = "table"), 
        All.Tags = list(Concordant = list(Freqs = structure(c(0, 
        0, 90, 23, 0, 0, 0, 41, 83, 0, 0, 0), .Dim = c(6L, 2L
        ), .Dimnames = list(c("-2", "-1", "0", "1", "2", "3"), 
            c("A", "G"))), N = 237), Majority = list(Freqs = structure(c(0, 
        0, 103, 34, 0, 0, 0, 46, 94, 0, 0, 0), .Dim = c(6L, 2L
        ), .Dimnames = list(c("-2", "-1", "0", "1", "2", "3"), 
            c("A", "G"))), N = 277)), `2` = structure(c(0, 0, 
        87, 29, 0, 0, 0, 40, 78, 0, 0, 0), .Dim = c(6L, 2L), .Dimnames = list(
            c("-2", "-1", "0", "1", "2", "3"), c("A", "G"))))))
