Results <-
list(`bwaOutput/20210421msiMNRsJenny/272564C1_S23.sam` = list(
    LR17_SNP1 = list(All = list(Freqs = structure(c(1L, 32L, 
    817L, 4011L, 61L, 34L, 0L, 0L, 0L, 1L, 0L, 0L, 0L, 0L, 6L, 
    123L, 1L, 0L), .Dim = c(6L, 3L), .Dimnames = structure(list(
        c("-3", "-2", "-1", "0", "1", NA), c("A", "G", NA)), .Names = c("", 
    "")), class = "table"), N = 5087L), Tag.Distribution = structure(c(`1` = 101L, 
    `2` = 24L, `3` = 26L, `4` = 32L, `5` = 42L, `6` = 44L, `7` = 37L, 
    `8` = 41L, `9` = 37L, `10` = 36L, `11` = 33L, `12` = 24L, 
    `13` = 25L, `14` = 18L, `15` = 21L, `16` = 8L, `17` = 16L, 
    `18` = 13L, `19` = 10L, `20` = 4L, `21` = 5L, `22` = 1L, 
    `23` = 2L, `24` = 4L, `25` = 1L, `26` = 1L, `32` = 1L, `43` = 1L
    ), .Dim = 28L, .Dimnames = structure(list(c("1", "2", "3", 
    "4", "5", "6", "7", "8", "9", "10", "11", "12", "13", "14", 
    "15", "16", "17", "18", "19", "20", "21", "22", "23", "24", 
    "25", "26", "32", "43")), .Names = ""), class = "table"), 
        No.Tag = structure(c(0L, 2L, 24L, 95L, 5L, 3L, 0L, 0L, 
        0L, 0L, 0L, 0L, 0L, 0L, 2L, 5L, 0L, 0L), .Dim = c(6L, 
        3L), .Dimnames = structure(list(c("-3", "-2", "-1", "0", 
        "1", NA), c("A", "G", NA)), .Names = c("", "")), class = "table"), 
        All.Tags = list(Concordant = list(Freqs = structure(c(0, 
        0, 64, 355, 1, 0, 0, 0, 0, 0), .Dim = c(5L, 2L), .Dimnames = list(
            c("-3", "-2", "-1", "0", "1"), c("A", "G"))), N = 420), 
            Majority = list(Freqs = structure(c(0, 1, 80, 509, 
            2, 0, 0, 0, 0, 0), .Dim = c(5L, 2L), .Dimnames = list(
                c("-3", "-2", "-1", "0", "1"), c("A", "G"))), 
                N = 592)), `2` = structure(c(0, 1, 68, 432, 1, 
        0, 0, 0, 0, 0), .Dim = c(5L, 2L), .Dimnames = list(c("-3", 
        "-2", "-1", "0", "1"), c("A", "G"))))))
