Results <-
list(`bwaOutput/20210421msiMNRsJenny/272564C1_S23.sam` = list(
    GM29_SNP1 = list(All = list(Freqs = structure(c(0L, 20L, 
    924L, 2L, 0L, 2L, 282L, 557L, 1L, 2L, 0L, 0L, 7L, 0L, 0L), .Dim = c(5L, 
    3L), .Dimnames = structure(list(c("-2", "-1", "0", "1", NA
    ), c("A", "G", NA)), .Names = c("", "")), class = "table"), 
        N = 1797L), Tag.Distribution = structure(c(`1` = 38L, 
    `2` = 19L, `3` = 29L, `4` = 23L, `5` = 22L, `6` = 27L, `7` = 11L, 
    `8` = 15L, `9` = 13L, `10` = 14L, `11` = 8L, `12` = 8L, `13` = 6L, 
    `14` = 7L, `15` = 6L, `16` = 4L, `17` = 2L, `19` = 3L, `20` = 1L, 
    `21` = 1L, `22` = 1L, `25` = 1L, `27` = 1L, `28` = 1L), .Dim = 24L, .Dimnames = structure(list(
        c("1", "2", "3", "4", "5", "6", "7", "8", "9", "10", 
        "11", "12", "13", "14", "15", "16", "17", "19", "20", 
        "21", "22", "25", "27", "28")), .Names = ""), class = "table"), 
        No.Tag = structure(c(0L, 2L, 44L, 0L, 0L, 0L, 1L, 18L, 
        0L, 0L, 0L, 0L, 3L, 0L, 0L), .Dim = c(5L, 3L), .Dimnames = structure(list(
            c("-2", "-1", "0", "1", NA), c("A", "G", NA)), .Names = c("", 
        "")), class = "table"), All.Tags = list(Concordant = list(
            Freqs = structure(c(0, 1, 109, 0, 0, 37, 76, 0), .Dim = c(4L, 
            2L), .Dimnames = list(c("-2", "-1", "0", "1"), c("A", 
            "G"))), N = 223), Majority = list(Freqs = structure(c(0, 
        1, 127, 0, 0, 42, 88, 0), .Dim = c(4L, 2L), .Dimnames = list(
            c("-2", "-1", "0", "1"), c("A", "G"))), N = 258)), 
        `2` = structure(c(0, 0, 106, 0, 0, 39, 75, 0), .Dim = c(4L, 
        2L), .Dimnames = list(c("-2", "-1", "0", "1"), c("A", 
        "G"))))))
