Results <-
list(`bwaOutput/20210421msiMNRsJenny/272564C1_S23.sam` = list(
    GM01_SNP1 = list(All = list(Freqs = structure(c(42L, 2461L, 
    12L, 1L, 2L, 0L, 3L, 0L, 0L, 0L, 0L, 7L, 0L, 0L, 0L), .Dim = c(5L, 
    3L), .Dimnames = structure(list(c("-1", "0", "1", "2", NA
    ), c("A", "G", NA)), .Names = c("", "")), class = "table"), 
        N = 2528L), Tag.Distribution = structure(c(`1` = 51L, 
    `2` = 30L, `3` = 30L, `4` = 32L, `5` = 33L, `6` = 29L, `7` = 30L, 
    `8` = 19L, `9` = 26L, `10` = 19L, `11` = 18L, `12` = 12L, 
    `13` = 4L, `14` = 12L, `15` = 5L, `16` = 3L, `17` = 3L, `18` = 4L, 
    `19` = 2L, `21` = 2L, `22` = 2L, `23` = 2L, `24` = 1L, `39` = 1L
    ), .Dim = 24L, .Dimnames = structure(list(c("1", "2", "3", 
    "4", "5", "6", "7", "8", "9", "10", "11", "12", "13", "14", 
    "15", "16", "17", "18", "19", "21", "22", "23", "24", "39"
    )), .Names = ""), class = "table"), No.Tag = structure(c(1L, 
    31L, 0L, 0L, 0L, 0L, 0L, 0L, 0L, 0L, 0L, 1L, 0L, 0L, 0L), .Dim = c(5L, 
    3L), .Dimnames = structure(list(c("-1", "0", "1", "2", NA
    ), c("A", "G", NA)), .Names = c("", "")), class = "table"), 
        All.Tags = list(Concordant = list(Freqs = structure(c(1, 
        320, 1, 0, 0, 2, 0, 0), .Dim = c(4L, 2L), .Dimnames = list(
            c("-1", "0", "1", "2"), c("A", "G"))), N = 324), 
            Majority = list(Freqs = structure(c(1, 363, 1, 0, 
            0, 2, 0, 0), .Dim = c(4L, 2L), .Dimnames = list(c("-1", 
            "0", "1", "2"), c("A", "G"))), N = 367)), `2` = structure(c(1, 
        317, 0, 0, 0, 0, 0, 0), .Dim = c(4L, 2L), .Dimnames = list(
            c("-1", "0", "1", "2"), c("A", "G"))))))
