Results <-
list(`bwaOutput/20210421msiMNRsJenny/272568C2_S36.sam` = list(
    IM49_SNP1 = list(All = list(Freqs = structure(c(5L, 864L, 
    25L, 896L, 15L, 0L, 15L, 9L, 920L, 36L, 782L, 14L, 1L, 6L, 
    0L, 2L, 0L, 27L, 0L, 0L, 0L), .Dim = c(7L, 3L), .Dimnames = structure(list(
        c("-3", "-2", "-1", "0", "1", "2", NA), c("C", "G", NA
        )), .Names = c("", "")), class = "table"), N = 3617L), 
        Tag.Distribution = structure(c(`1` = 199L, `2` = 132L, 
        `3` = 89L, `4` = 70L, `5` = 69L, `6` = 55L, `7` = 51L, 
        `8` = 20L, `9` = 44L, `10` = 13L, `11` = 12L, `12` = 17L, 
        `13` = 10L, `14` = 3L, `15` = 3L, `16` = 1L, `17` = 1L, 
        `18` = 3L, `19` = 1L, `29` = 1L), .Dim = 20L, .Dimnames = structure(list(
            c("1", "2", "3", "4", "5", "6", "7", "8", "9", "10", 
            "11", "12", "13", "14", "15", "16", "17", "18", "19", 
            "29")), .Names = ""), class = "table"), No.Tag = structure(c(5L, 
        69L, 0L, 18L, 0L, 0L, 2L, 7L, 72L, 0L, 24L, 0L, 0L, 1L, 
        0L, 1L, 0L, 2L, 0L, 0L, 0L), .Dim = c(7L, 3L), .Dimnames = structure(list(
            c("-3", "-2", "-1", "0", "1", "2", NA), c("C", "G", 
            NA)), .Names = c("", "")), class = "table"), All.Tags = list(
            Concordant = list(Freqs = structure(c(0, 171, 3, 
            174, 2, 0, 1, 165, 2, 130, 0, 0), .Dim = c(6L, 2L
            ), .Dimnames = list(c("-3", "-2", "-1", "0", "1", 
            "2"), c("C", "G"))), N = 648), Majority = list(Freqs = structure(c(0, 
            185, 3, 213, 2, 0, 1, 186, 2, 175, 0, 0), .Dim = c(6L, 
            2L), .Dimnames = list(c("-3", "-2", "-1", "0", "1", 
            "2"), c("C", "G"))), N = 767)), `2` = structure(c(0, 
        142, 0, 157, 0, 0, 0, 143, 1, 135, 0, 0), .Dim = c(6L, 
        2L), .Dimnames = list(c("-3", "-2", "-1", "0", "1", "2"
        ), c("C", "G"))))))
