Results <-
list(`bwaOutput/20210421msiMNRsJenny/272564C1_S23.sam` = list(
    LR24_SNP1 = list(All = list(Freqs = structure(c(33L, 5739L, 
    10L, 4L, 0L, 11L, 0L, 0L, 1L, 24L, 1L, 0L), .Dim = 4:3, .Dimnames = structure(list(
        c("-1", "0", "1", NA), c("A", "G", NA)), .Names = c("", 
    "")), class = "table"), N = 5823L), Tag.Distribution = structure(c(`1` = 266L, 
    `2` = 176L, `3` = 165L, `4` = 123L, `5` = 100L, `6` = 79L, 
    `7` = 56L, `8` = 52L, `9` = 31L, `10` = 34L, `11` = 13L, 
    `12` = 13L, `13` = 15L, `14` = 10L, `15` = 14L, `16` = 10L, 
    `17` = 7L, `18` = 9L, `19` = 1L, `20` = 5L, `21` = 2L, `22` = 2L, 
    `23` = 4L, `24` = 1L, `26` = 2L, `31` = 1L, `34` = 1L), .Dim = 27L, .Dimnames = structure(list(
        c("1", "2", "3", "4", "5", "6", "7", "8", "9", "10", 
        "11", "12", "13", "14", "15", "16", "17", "18", "19", 
        "20", "21", "22", "23", "24", "26", "31", "34")), .Names = ""), class = "table"), 
        No.Tag = structure(c(0L, 89L, 1L, 0L, 0L, 0L, 0L, 0L, 
        0L, 4L, 0L, 0L), .Dim = 4:3, .Dimnames = structure(list(
            c("-1", "0", "1", NA), c("A", "G", NA)), .Names = c("", 
        "")), class = "table"), All.Tags = list(Concordant = list(
            Freqs = structure(c(3, 1143, 1, 0, 5, 0), .Dim = 3:2, .Dimnames = list(
                c("-1", "0", "1"), c("A", "G"))), N = 1152), 
            Majority = list(Freqs = structure(c(4, 1177, 1, 0, 
            5, 0), .Dim = 3:2, .Dimnames = list(c("-1", "0", 
            "1"), c("A", "G"))), N = 1187)), `2` = structure(c(2, 
        924, 0, 0, 0, 0), .Dim = 3:2, .Dimnames = list(c("-1", 
        "0", "1"), c("A", "G"))))))
