Results <-
list(`bwaOutput/20210421msiMNRsJenny/272568C2_S36.sam` = list(
    GM01_SNP1 = list(All = list(Freqs = structure(c(0L, 1L, 1L, 
    0L, 0L, 0L, 1L, 759L, 2438L, 8L, 1L, 4L, 0L, 0L, 1L, 0L, 
    0L, 0L, 0L, 3L, 22L, 0L, 0L, 0L), .Dim = c(6L, 4L), .Dimnames = structure(list(
        c("-2", "-1", "0", "1", "2", NA), c("A", "G", "T", NA
        )), .Names = c("", "")), class = "table"), N = 3239L), 
        Tag.Distribution = structure(c(`1` = 140L, `2` = 114L, 
        `3` = 102L, `4` = 65L, `5` = 51L, `6` = 62L, `7` = 39L, 
        `8` = 29L, `9` = 28L, `10` = 16L, `11` = 13L, `12` = 13L, 
        `13` = 4L, `14` = 3L, `15` = 2L, `16` = 5L, `17` = 4L, 
        `18` = 5L, `19` = 1L, `21` = 1L), .Dim = 20L, .Dimnames = structure(list(
            c("1", "2", "3", "4", "5", "6", "7", "8", "9", "10", 
            "11", "12", "13", "14", "15", "16", "17", "18", "19", 
            "21")), .Names = ""), class = "table"), No.Tag = structure(c(0L, 
        0L, 0L, 0L, 0L, 0L, 0L, 20L, 36L, 0L, 0L, 1L, 0L, 0L, 
        0L, 0L, 0L, 0L, 0L, 1L, 2L, 0L, 0L, 0L), .Dim = c(6L, 
        4L), .Dimnames = structure(list(c("-2", "-1", "0", "1", 
        "2", NA), c("A", "G", "T", NA)), .Names = c("", "")), class = "table"), 
        All.Tags = list(Concordant = list(Freqs = structure(c(0, 
        0, 0, 0, 0, 0, 141, 477, 0, 0, 0, 0, 0, 0, 0), .Dim = c(5L, 
        3L), .Dimnames = list(c("-2", "-1", "0", "1", "2"), c("A", 
        "G", "T"))), N = 618), Majority = list(Freqs = structure(c(0, 
        0, 0, 0, 0, 0, 162, 526, 1, 0, 0, 0, 0, 0, 0), .Dim = c(5L, 
        3L), .Dimnames = list(c("-2", "-1", "0", "1", "2"), c("A", 
        "G", "T"))), N = 689)), `2` = structure(c(0, 0, 0, 0, 
        0, 0, 133, 418, 1, 0, 0, 0, 0, 0, 0), .Dim = c(5L, 3L
        ), .Dimnames = list(c("-2", "-1", "0", "1", "2"), c("A", 
        "G", "T"))))))
