Results <-
list(`bwaOutput/20210421msiMNRsJenny/272564C1_S23.sam` = list(
    LR49_SNP1 = list(All = list(Freqs = structure(c(1L, 1465L, 
    0L, 4L, 1456L, 1L, 0L, 1L, 0L, 0L, 28L, 0L), .Dim = 3:4, .Dimnames = structure(list(
        c("-1", "0", "1"), c("A", "G", "T", NA)), .Names = c("", 
    "")), class = "table"), N = 2956L), Tag.Distribution = structure(c(`1` = 72L, 
    `2` = 47L, `3` = 50L, `4` = 47L, `5` = 35L, `6` = 41L, `7` = 25L, 
    `8` = 28L, `9` = 18L, `10` = 21L, `11` = 15L, `12` = 9L, 
    `13` = 7L, `14` = 9L, `15` = 6L, `16` = 8L, `17` = 7L, `18` = 4L, 
    `19` = 2L, `20` = 5L, `22` = 1L, `23` = 1L, `27` = 1L, `30` = 1L, 
    `32` = 1L), .Dim = 25L, .Dimnames = structure(list(c("1", 
    "2", "3", "4", "5", "6", "7", "8", "9", "10", "11", "12", 
    "13", "14", "15", "16", "17", "18", "19", "20", "22", "23", 
    "27", "30", "32")), .Names = ""), class = "table"), No.Tag = structure(c(0L, 
    48L, 0L, 0L, 0L, 34L, 0L, 0L, 0L, 0L, 0L, 0L, 0L, 7L, 0L, 
    0L), .Dim = c(4L, 4L), .Dimnames = structure(list(c("-1", 
    "0", "1", NA), c("A", "G", "T", NA)), .Names = c("", "")), class = "table"), 
        All.Tags = list(Concordant = list(Freqs = structure(c(0, 
        223, 0, 0, 204, 0, 0, 0, 0), .Dim = c(3L, 3L), .Dimnames = list(
            c("-1", "0", "1"), c("A", "G", "T"))), N = 427), 
            Majority = list(Freqs = structure(c(0, 236, 0, 0, 
            215, 0, 0, 0, 0), .Dim = c(3L, 3L), .Dimnames = list(
                c("-1", "0", "1"), c("A", "G", "T"))), N = 451)), 
        `2` = structure(c(0, 195, 0, 0, 189, 0, 0, 0, 0), .Dim = c(3L, 
        3L), .Dimnames = list(c("-1", "0", "1"), c("A", "G", 
        "T"))))))
