Results <-
list(`bwaOutput/20210421msiMNRsJenny/272568C2_S36.sam` = list(
    GM09_SNP1 = list(All = list(Freqs = structure(c(2L, 1341L, 
    1211L, 2L, 6L, 0L, 15L, 2349L, 3L, 2L, 0L, 2L, 18L, 0L, 0L
    ), .Dim = c(5L, 3L), .Dimnames = structure(list(c("-2", "-1", 
    "0", "1", NA), c("A", "G", NA)), .Names = c("", "")), class = "table"), 
        N = 4951L), Tag.Distribution = structure(c(`1` = 210L, 
    `2` = 177L, `3` = 139L, `4` = 107L, `5` = 88L, `6` = 92L, 
    `7` = 67L, `8` = 41L, `9` = 37L, `10` = 24L, `11` = 19L, 
    `12` = 15L, `13` = 7L, `14` = 7L, `15` = 6L, `16` = 5L, `17` = 6L, 
    `18` = 2L, `19` = 3L, `20` = 1L, `22` = 3L, `23` = 1L, `28` = 1L
    ), .Dim = 23L, .Dimnames = structure(list(c("1", "2", "3", 
    "4", "5", "6", "7", "8", "9", "10", "11", "12", "13", "14", 
    "15", "16", "17", "18", "19", "20", "22", "23", "28")), .Names = ""), class = "table"), 
        No.Tag = structure(c(0L, 27L, 21L, 0L, 2L, 0L, 4L, 43L, 
        0L, 2L, 0L, 0L, 1L, 0L, 0L), .Dim = c(5L, 3L), .Dimnames = structure(list(
            c("-2", "-1", "0", "1", NA), c("A", "G", NA)), .Names = c("", 
        "")), class = "table"), All.Tags = list(Concordant = list(
            Freqs = structure(c(0, 242, 220, 0, 0, 0, 435, 0), .Dim = c(4L, 
            2L), .Dimnames = list(c("-2", "-1", "0", "1"), c("A", 
            "G"))), N = 897), Majority = list(Freqs = structure(c(0, 
        277, 255, 0, 0, 0, 498, 0), .Dim = c(4L, 2L), .Dimnames = list(
            c("-2", "-1", "0", "1"), c("A", "G"))), N = 1030)), 
        `2` = structure(c(0, 218, 203, 0, 0, 0, 404, 0), .Dim = c(4L, 
        2L), .Dimnames = list(c("-2", "-1", "0", "1"), c("A", 
        "G"))))))
