Results <-
list(`bwaOutput/20210421msiMNRsJenny/272568C2_S36.sam` = list(
    LR52_SNP1 = list(All = list(Freqs = structure(c(42L, 682L, 
    607L, 1066L, 23L, 25L, 0L, 2L, 2L, 27L, 0L, 0L), .Dim = c(6L, 
    2L), .Dimnames = structure(list(c("-3", "-2", "-1", "0", 
    "1", NA), c("T", NA)), .Names = c("", "")), class = "table"), 
        N = 2476L), Tag.Distribution = structure(c(`1` = 101L, 
    `2` = 70L, `3` = 78L, `4` = 62L, `5` = 47L, `6` = 31L, `7` = 21L, 
    `8` = 28L, `9` = 24L, `10` = 17L, `11` = 11L, `12` = 8L, 
    `13` = 6L, `14` = 1L, `15` = 2L, `16` = 2L, `17` = 1L, `18` = 2L, 
    `19` = 1L, `23` = 1L, `24` = 2L, `27` = 1L), .Dim = 22L, .Dimnames = structure(list(
        c("1", "2", "3", "4", "5", "6", "7", "8", "9", "10", 
        "11", "12", "13", "14", "15", "16", "17", "18", "19", 
        "23", "24", "27")), .Names = ""), class = "table"), No.Tag = structure(c(0L, 
    14L, 5L, 11L, 1L, 2L, 0L, 0L, 0L, 1L, 0L, 0L), .Dim = c(6L, 
    2L), .Dimnames = structure(list(c("-3", "-2", "-1", "0", 
    "1", NA), c("T", NA)), .Names = c("", "")), class = "table"), 
        All.Tags = list(Concordant = list(Freqs = structure(c(4, 
        124, 82, 154, 1), .Dim = c(5L, 1L), .Dimnames = list(
            c("-3", "-2", "-1", "0", "1"), "T")), N = 365), Majority = list(
            Freqs = structure(c(4, 143, 119, 226, 1), .Dim = c(5L, 
            1L), .Dimnames = list(c("-3", "-2", "-1", "0", "1"
            ), "T")), N = 493)), `2` = structure(c(4, 114, 89, 
        190, 0), .Dim = c(5L, 1L), .Dimnames = list(c("-3", "-2", 
        "-1", "0", "1"), "T")))))
