Results <-
list(`bwaOutput/20210421msiMNRsJenny/272568C2_S36.sam` = list(
    GM14_SNP1 = list(All = list(Freqs = structure(c(0L, 0L, 0L, 
    6L, 0L, 0L, 3L, 49L, 1489L, 1356L, 10L, 55L, 0L, 0L, 0L, 
    3L, 0L, 0L, 0L, 0L, 1L, 11L, 0L, 0L), .Dim = c(6L, 4L), .Dimnames = structure(list(
        c("-3", "-2", "-1", "0", "1", NA), c("-", "C", "T", NA
        )), .Names = c("", "")), class = "table"), N = 2983L), 
        Tag.Distribution = structure(c(`1` = 155L, `2` = 106L, 
        `3` = 106L, `4` = 87L, `5` = 53L, `6` = 54L, `7` = 44L, 
        `8` = 27L, `9` = 15L, `10` = 20L, `11` = 12L, `12` = 7L, 
        `13` = 5L, `14` = 1L, `15` = 2L, `17` = 1L, `19` = 2L, 
        `20` = 2L, `25` = 1L), .Dim = 19L, .Dimnames = structure(list(
            c("1", "2", "3", "4", "5", "6", "7", "8", "9", "10", 
            "11", "12", "13", "14", "15", "17", "19", "20", "25"
            )), .Names = ""), class = "table"), No.Tag = structure(c(0L, 
        0L, 0L, 0L, 0L, 0L, 0L, 1L, 22L, 32L, 0L, 1L, 0L, 0L, 
        0L, 0L, 0L, 0L, 0L, 0L, 0L, 1L, 0L, 0L), .Dim = c(6L, 
        4L), .Dimnames = structure(list(c("-3", "-2", "-1", "0", 
        "1", NA), c("-", "C", "T", NA)), .Names = c("", "")), class = "table"), 
        All.Tags = list(Concordant = list(Freqs = structure(c(0, 
        0, 0, 1, 0, 0, 4, 305, 279, 4, 0, 0, 0, 3, 0), .Dim = c(5L, 
        3L), .Dimnames = list(c("-3", "-2", "-1", "0", "1"), 
            c("-", "C", "T"))), N = 596), Majority = list(Freqs = structure(c(0, 
        0, 0, 1, 0, 0, 4, 345, 319, 4, 0, 0, 0, 3, 0), .Dim = c(5L, 
        3L), .Dimnames = list(c("-3", "-2", "-1", "0", "1"), 
            c("-", "C", "T"))), N = 676)), `2` = structure(c(0, 
        0, 0, 1, 0, 0, 1, 282, 241, 0, 0, 0, 0, 0, 0), .Dim = c(5L, 
        3L), .Dimnames = list(c("-3", "-2", "-1", "0", "1"), 
            c("-", "C", "T"))))))
