Results <-
list(`bwaOutput/20210421msiMNRsJenny/272564C1_S23.sam` = list(
    LR48_SNP1 = list(All = list(Freqs = structure(c(16L, 652L, 
    1810L, 29L, 9L, 0L, 0L, 1L, 0L, 0L, 0L, 1L, 13L, 0L, 0L), .Dim = c(5L, 
    3L), .Dimnames = structure(list(c("-2", "-1", "0", "1", NA
    ), c("C", "T", NA)), .Names = c("", "")), class = "table"), 
        N = 2531L), Tag.Distribution = structure(c(`1` = 35L, 
    `2` = 11L, `3` = 12L, `4` = 17L, `5` = 5L, `6` = 10L, `7` = 17L, 
    `8` = 12L, `9` = 10L, `10` = 18L, `11` = 9L, `12` = 15L, 
    `13` = 11L, `14` = 17L, `15` = 9L, `16` = 9L, `17` = 8L, 
    `18` = 6L, `19` = 3L, `20` = 4L, `21` = 6L, `22` = 2L, `23` = 4L, 
    `24` = 2L, `25` = 1L, `26` = 2L, `27` = 1L, `31` = 1L), .Dim = 28L, .Dimnames = structure(list(
        c("1", "2", "3", "4", "5", "6", "7", "8", "9", "10", 
        "11", "12", "13", "14", "15", "16", "17", "18", "19", 
        "20", "21", "22", "23", "24", "25", "26", "27", "31")), .Names = ""), class = "table"), 
        No.Tag = structure(c(2L, 10L, 22L, 0L, 0L, 0L, 0L, 0L, 
        0L, 0L, 0L, 0L, 1L, 0L, 0L), .Dim = c(5L, 3L), .Dimnames = structure(list(
            c("-2", "-1", "0", "1", NA), c("C", "T", NA)), .Names = c("", 
        "")), class = "table"), All.Tags = list(Concordant = list(
            Freqs = structure(c(1, 54, 138, 0, 0, 0, 1, 0), .Dim = c(4L, 
            2L), .Dimnames = list(c("-2", "-1", "0", "1"), c("C", 
            "T"))), N = 194), Majority = list(Freqs = structure(c(1, 
        63, 190, 0, 0, 0, 1, 0), .Dim = c(4L, 2L), .Dimnames = list(
            c("-2", "-1", "0", "1"), c("C", "T"))), N = 255)), 
        `2` = structure(c(0, 54, 167, 0, 0, 0, 0, 0), .Dim = c(4L, 
        2L), .Dimnames = list(c("-2", "-1", "0", "1"), c("C", 
        "T"))))))
