Results <-
list(`bwaOutput/20210421msiMNRsJenny/272568C2_S36.sam` = list(
    DEPDC2_SNP1 = list(All = list(Freqs = structure(c(0L, 0L, 
    1L, 0L, 0L, 0L, 1L, 1L, 0L, 0L, 1L, 40L, 3606L, 12L, 20L, 
    0L, 1L, 130L, 0L, 0L), .Dim = 5:4, .Dimnames = structure(list(
        c("-2", "-1", "0", "1", NA), c("A", "C", "T", NA)), .Names = c("", 
    "")), class = "table"), N = 3813L), Tag.Distribution = structure(c(`1` = 221L, 
    `2` = 193L, `3` = 132L, `4` = 110L, `5` = 72L, `6` = 63L, 
    `7` = 30L, `8` = 33L, `9` = 30L, `10` = 27L, `11` = 14L, 
    `12` = 6L, `13` = 6L, `14` = 6L, `15` = 3L, `16` = 2L, `19` = 1L, 
    `25` = 1L, `34` = 1L), .Dim = 19L, .Dimnames = structure(list(
        c("1", "2", "3", "4", "5", "6", "7", "8", "9", "10", 
        "11", "12", "13", "14", "15", "16", "19", "25", "34")), .Names = ""), class = "table"), 
        No.Tag = structure(c(0L, 0L, 0L, 0L, 0L, 0L, 0L, 0L, 
        0L, 0L, 0L, 0L, 64L, 0L, 0L, 0L, 0L, 11L, 0L, 0L), .Dim = 5:4, .Dimnames = structure(list(
            c("-2", "-1", "0", "1", NA), c("A", "C", "T", NA)), .Names = c("", 
        "")), class = "table"), All.Tags = list(Concordant = list(
            Freqs = structure(c(0, 0, 0, 0, 0, 1, 0, 0, 0, 5, 
            902, 2), .Dim = 4:3, .Dimnames = list(c("-2", "-1", 
            "0", "1"), c("A", "C", "T"))), N = 910), Majority = list(
            Freqs = structure(c(0, 0, 0, 0, 0, 1, 0, 0, 0, 7, 
            924, 3), .Dim = 4:3, .Dimnames = list(c("-2", "-1", 
            "0", "1"), c("A", "C", "T"))), N = 935)), `2` = structure(c(0, 
        0, 0, 0, 0, 0, 0, 0, 0, 6, 717, 2), .Dim = 4:3, .Dimnames = list(
            c("-2", "-1", "0", "1"), c("A", "C", "T"))))))
