Results <-
list(`bwaOutput/20210421msiMNRsJenny/272564C1_S23.sam` = list(
    LR11_SNP1 = list(All = list(Freqs = structure(c(1L, 8L, 90L, 
    3338L, 22L, 9L, 0L, 0L, 2L, 11L, 0L, 0L, 0L, 0L, 0L, 28L, 
    0L, 0L), .Dim = c(6L, 3L), .Dimnames = structure(list(c("-3", 
    "-2", "-1", "0", "1", NA), c("A", "C", NA)), .Names = c("", 
    "")), class = "table"), N = 3509L), Tag.Distribution = structure(c(`1` = 74L, 
    `2` = 31L, `3` = 54L, `4` = 43L, `5` = 43L, `6` = 46L, `7` = 38L, 
    `8` = 25L, `9` = 21L, `10` = 20L, `11` = 21L, `12` = 19L, 
    `13` = 28L, `14` = 12L, `15` = 8L, `16` = 4L, `17` = 11L, 
    `18` = 4L, `19` = 4L, `20` = 2L, `21` = 1L, `22` = 2L, `24` = 1L, 
    `27` = 1L), .Dim = 24L, .Dimnames = structure(list(c("1", 
    "2", "3", "4", "5", "6", "7", "8", "9", "10", "11", "12", 
    "13", "14", "15", "16", "17", "18", "19", "20", "21", "22", 
    "24", "27")), .Names = ""), class = "table"), No.Tag = structure(c(0L, 
    0L, 1L, 23L, 0L, 0L, 0L, 0L, 0L, 0L, 0L, 0L, 0L, 0L, 0L, 
    3L, 0L, 0L), .Dim = c(6L, 3L), .Dimnames = structure(list(
        c("-3", "-2", "-1", "0", "1", NA), c("A", "C", NA)), .Names = c("", 
    "")), class = "table"), All.Tags = list(Concordant = list(
        Freqs = structure(c(0, 1, 4, 419, 0, 0, 0, 2, 10, 0), .Dim = c(5L, 
        2L), .Dimnames = list(c("-3", "-2", "-1", "0", "1"), 
            c("A", "C"))), N = 436), Majority = list(Freqs = structure(c(0, 
    2, 5, 487, 0, 0, 0, 2, 10, 0), .Dim = c(5L, 2L), .Dimnames = list(
        c("-3", "-2", "-1", "0", "1"), c("A", "C"))), N = 506)), 
        `2` = structure(c(0, 1, 4, 429, 0, 0, 0, 0, 0, 0), .Dim = c(5L, 
        2L), .Dimnames = list(c("-3", "-2", "-1", "0", "1"), 
            c("A", "C"))))))
