Results <-
list(`bwaOutput/20210421msiMNRsJenny/272564C1_S23.sam` = list(
    LR10_SNP1 = list(All = list(Freqs = structure(c(0L, 0L, 1L, 
    2L, 0L, 0L, 0L, 1L, 373L, 61L, 2311L, 7L, 1L, 4L, 0L, 5L, 
    0L, 15L, 0L, 0L, 0L), .Dim = c(7L, 3L), .Dimnames = structure(list(
        c("-3", "-2", "-1", "0", "1", "2", NA), c("C", "T", NA
        )), .Names = c("", "")), class = "table"), N = 2781L), 
        Tag.Distribution = structure(c(`1` = 40L, `2` = 31L, 
        `3` = 32L, `4` = 33L, `5` = 31L, `6` = 36L, `7` = 26L, 
        `8` = 27L, `9` = 20L, `10` = 18L, `11` = 17L, `12` = 17L, 
        `13` = 11L, `14` = 11L, `15` = 7L, `16` = 7L, `17` = 3L, 
        `18` = 3L, `19` = 4L, `20` = 3L, `21` = 2L, `24` = 1L, 
        `29` = 1L), .Dim = 23L, .Dimnames = structure(list(c("1", 
        "2", "3", "4", "5", "6", "7", "8", "9", "10", "11", "12", 
        "13", "14", "15", "16", "17", "18", "19", "20", "21", 
        "24", "29")), .Names = ""), class = "table"), No.Tag = structure(c(0L, 
        0L, 0L, 0L, 0L, 0L, 0L, 0L, 1L, 1L, 75L, 1L, 0L, 0L, 
        0L, 0L, 0L, 3L, 0L, 0L, 0L), .Dim = c(7L, 3L), .Dimnames = structure(list(
            c("-3", "-2", "-1", "0", "1", "2", NA), c("C", "T", 
            NA)), .Names = c("", "")), class = "table"), All.Tags = list(
            Concordant = list(Freqs = structure(c(0, 0, 0, 0, 
            0, 0, 0, 43, 3, 283, 0, 0), .Dim = c(6L, 2L), .Dimnames = list(
                c("-3", "-2", "-1", "0", "1", "2"), c("C", "T"
                ))), N = 329), Majority = list(Freqs = structure(c(0, 
            0, 0, 0, 0, 0, 0, 48, 3, 325, 0, 0), .Dim = c(6L, 
            2L), .Dimnames = list(c("-3", "-2", "-1", "0", "1", 
            "2"), c("C", "T"))), N = 376)), `2` = structure(c(0, 
        0, 0, 0, 0, 0, 0, 46, 3, 289, 0, 0), .Dim = c(6L, 2L), .Dimnames = list(
            c("-3", "-2", "-1", "0", "1", "2"), c("C", "T"))))))
