Results <-
list(`bwaOutput/20210421msiMNRsJenny/272568C2_S36.sam` = list(
    IM16_SNP1 = list(All = list(Freqs = structure(c(0L, 2L, 572L, 
    704L, 13L, 3L, 3L, 741L, 5L, 583L, 5L, 6L, 0L, 3L, 4L, 6L, 
    0L, 0L), .Dim = c(6L, 3L), .Dimnames = structure(list(c("-3", 
    "-2", "-1", "0", "1", NA), c("A", "G", NA)), .Names = c("", 
    "")), class = "table"), N = 2650L), Tag.Distribution = structure(c(`1` = 116L, 
    `2` = 96L, `3` = 78L, `4` = 67L, `5` = 49L, `6` = 48L, `7` = 24L, 
    `8` = 21L, `9` = 15L, `10` = 16L, `11` = 7L, `12` = 9L, `13` = 7L, 
    `14` = 6L, `15` = 6L, `16` = 6L, `20` = 1L, `21` = 1L, `23` = 1L
    ), .Dim = 19L, .Dimnames = structure(list(c("1", "2", "3", 
    "4", "5", "6", "7", "8", "9", "10", "11", "12", "13", "14", 
    "15", "16", "20", "21", "23")), .Names = ""), class = "table"), 
        No.Tag = structure(c(0L, 0L, 4L, 30L, 1L, 0L, 0L, 13L, 
        0L, 17L, 0L, 0L, 0L, 0L, 0L, 1L, 0L, 0L), .Dim = c(6L, 
        3L), .Dimnames = structure(list(c("-3", "-2", "-1", "0", 
        "1", NA), c("A", "G", NA)), .Names = c("", "")), class = "table"), 
        All.Tags = list(Concordant = list(Freqs = structure(c(0, 
        0, 108, 138, 2, 0, 123, 2, 128, 0), .Dim = c(5L, 2L), .Dimnames = list(
            c("-3", "-2", "-1", "0", "1"), c("A", "G"))), N = 501), 
            Majority = list(Freqs = structure(c(0, 0, 122, 152, 
            2, 0, 139, 2, 141, 0), .Dim = c(5L, 2L), .Dimnames = list(
                c("-3", "-2", "-1", "0", "1"), c("A", "G"))), 
                N = 558)), `2` = structure(c(0, 0, 98, 116, 1, 
        0, 119, 0, 111, 0), .Dim = c(5L, 2L), .Dimnames = list(
            c("-3", "-2", "-1", "0", "1"), c("A", "G"))))))
