Results <-
list(`bwaOutput/20210421msiMNRsJenny/272564C1_S23.sam` = list(
    LR36_SNP1 = list(All = list(Freqs = structure(c(0L, 1L, 44L, 
    1660L, 11L, 5L, 1L, 243L, 29L, 1242L, 10L, 5L, 0L, 1L, 1L, 
    43L, 0L, 0L), .Dim = c(6L, 3L), .Dimnames = structure(list(
        c("-3", "-2", "-1", "0", "1", NA), c("A", "T", NA)), .Names = c("", 
    "")), class = "table"), N = 3296L), Tag.Distribution = structure(c(`1` = 54L, 
    `2` = 32L, `3` = 26L, `4` = 29L, `5` = 34L, `6` = 35L, `7` = 30L, 
    `8` = 24L, `9` = 20L, `10` = 20L, `11` = 16L, `12` = 13L, 
    `13` = 11L, `14` = 10L, `15` = 10L, `16` = 10L, `17` = 16L, 
    `18` = 9L, `19` = 3L, `20` = 4L, `21` = 3L, `22` = 3L, `23` = 1L, 
    `24` = 1L, `31` = 1L, `32` = 1L), .Dim = 26L, .Dimnames = structure(list(
        c("1", "2", "3", "4", "5", "6", "7", "8", "9", "10", 
        "11", "12", "13", "14", "15", "16", "17", "18", "19", 
        "20", "21", "22", "23", "24", "31", "32")), .Names = ""), class = "table"), 
        No.Tag = structure(c(0L, 0L, 2L, 44L, 0L, 0L, 0L, 5L, 
        0L, 29L, 0L, 2L, 0L, 0L, 0L, 5L, 0L, 0L), .Dim = c(6L, 
        3L), .Dimnames = structure(list(c("-3", "-2", "-1", "0", 
        "1", NA), c("A", "T", NA)), .Names = c("", "")), class = "table"), 
        All.Tags = list(Concordant = list(Freqs = structure(c(0, 
        0, 0, 172, 0, 0, 24, 0, 127, 0), .Dim = c(5L, 2L), .Dimnames = list(
            c("-3", "-2", "-1", "0", "1"), c("A", "T"))), N = 323), 
            Majority = list(Freqs = structure(c(0, 0, 1, 221, 
            0, 0, 27, 0, 162, 0), .Dim = c(5L, 2L), .Dimnames = list(
                c("-3", "-2", "-1", "0", "1"), c("A", "T"))), 
                N = 411)), `2` = structure(c(0, 0, 1, 188, 0, 
        0, 27, 0, 145, 0), .Dim = c(5L, 2L), .Dimnames = list(
            c("-3", "-2", "-1", "0", "1"), c("A", "T"))))))
