Results <-
list(`bwaOutput/20210421msiMNRsJenny/272568C2_S36.sam` = list(
    LR44_SNP1 = list(All = list(Freqs = structure(c(0L, 0L, 0L, 
    1L, 6L, 0L, 0L, 1L, 1L, 503L, 792L, 116L, 1210L, 25L, 1L, 
    10L, 0L, 2L, 4L, 1L, 19L, 0L, 0L, 0L), .Dim = c(8L, 3L), .Dimnames = structure(list(
        c("-4", "-3", "-2", "-1", "0", "1", "2", NA), c("C", 
        "T", NA)), .Names = c("", "")), class = "table"), N = 2692L), 
        Tag.Distribution = structure(c(`1` = 122L, `2` = 106L, 
        `3` = 86L, `4` = 75L, `5` = 56L, `6` = 43L, `7` = 25L, 
        `8` = 36L, `9` = 17L, `10` = 15L, `11` = 13L, `12` = 8L, 
        `13` = 8L, `14` = 3L, `15` = 2L, `16` = 1L, `17` = 1L
        ), .Dim = 17L, .Dimnames = structure(list(c("1", "2", 
        "3", "4", "5", "6", "7", "8", "9", "10", "11", "12", 
        "13", "14", "15", "16", "17")), .Names = ""), class = "table"), 
        No.Tag = structure(c(0L, 0L, 0L, 0L, 0L, 0L, 0L, 0L, 
        0L, 1L, 21L, 4L, 20L, 1L, 0L, 0L, 0L, 1L, 0L, 0L, 0L, 
        0L, 0L, 0L), .Dim = c(8L, 3L), .Dimnames = structure(list(
            c("-4", "-3", "-2", "-1", "0", "1", "2", NA), c("C", 
            "T", NA)), .Names = c("", "")), class = "table"), 
        All.Tags = list(Concordant = list(Freqs = structure(c(0, 
        0, 0, 0, 0, 0, 0, 0, 95, 168, 11, 211, 1, 0), .Dim = c(7L, 
        2L), .Dimnames = list(c("-4", "-3", "-2", "-1", "0", 
        "1", "2"), c("C", "T"))), N = 486), Majority = list(Freqs = structure(c(0, 
        0, 0, 0, 1, 0, 0, 0, 107, 186, 14, 281, 1, 0), .Dim = c(7L, 
        2L), .Dimnames = list(c("-4", "-3", "-2", "-1", "0", 
        "1", "2"), c("C", "T"))), N = 590)), `2` = structure(c(0, 
        0, 0, 0, 1, 0, 0, 0, 82, 149, 6, 234, 0, 0), .Dim = c(7L, 
        2L), .Dimnames = list(c("-4", "-3", "-2", "-1", "0", 
        "1", "2"), c("C", "T"))))))
