Results <-
list(`bwaOutput/20210421msiMNRsJenny/272568C2_S36.sam` = list(
    GM17_SNP1 = list(All = list(Freqs = structure(c(23L, 1512L, 
    2L, 3L, 166L, 1582L, 2L, 2L, 1L, 16L, 0L, 0L), .Dim = 4:3, .Dimnames = structure(list(
        c("-1", "0", "1", NA), c("C", "T", NA)), .Names = c("", 
    "")), class = "table"), N = 3309L), Tag.Distribution = structure(c(`1` = 134L, 
    `2` = 129L, `3` = 87L, `4` = 87L, `5` = 67L, `6` = 59L, `7` = 49L, 
    `8` = 29L, `9` = 18L, `10` = 16L, `11` = 13L, `12` = 13L, 
    `13` = 6L, `14` = 4L, `15` = 7L, `16` = 2L, `17` = 1L, `18` = 2L, 
    `24` = 1L), .Dim = 19L, .Dimnames = structure(list(c("1", 
    "2", "3", "4", "5", "6", "7", "8", "9", "10", "11", "12", 
    "13", "14", "15", "16", "17", "18", "24")), .Names = ""), class = "table"), 
        No.Tag = structure(c(0L, 49L, 0L, 0L, 0L, 22L, 0L, 0L, 
        0L, 4L, 0L, 0L), .Dim = 4:3, .Dimnames = structure(list(
            c("-1", "0", "1", NA), c("C", "T", NA)), .Names = c("", 
        "")), class = "table"), All.Tags = list(Concordant = list(
            Freqs = structure(c(2, 311, 0, 31, 306, 0), .Dim = 3:2, .Dimnames = list(
                c("-1", "0", "1"), c("C", "T"))), N = 650), Majority = list(
            Freqs = structure(c(2, 339, 0, 33, 340, 0), .Dim = 3:2, .Dimnames = list(
                c("-1", "0", "1"), c("C", "T"))), N = 714)), 
        `2` = structure(c(2, 272, 0, 28, 282, 0), .Dim = 3:2, .Dimnames = list(
            c("-1", "0", "1"), c("C", "T"))))))
