Results <-
list(`bwaOutput/20210421msiMNRsJenny/272564C1_S23.sam` = list(
    GM07_SNP1 = list(All = list(Freqs = structure(c(3L, 283L, 
    676L, 31L, 3L, 8L, 3L, 235L, 734L, 20L, 0L, 9L, 0L, 1L, 6L, 
    0L, 0L, 0L), .Dim = c(6L, 3L), .Dimnames = structure(list(
        c("-2", "-1", "0", "1", "2", NA), c("A", "G", NA)), .Names = c("", 
    "")), class = "table"), N = 2012L), Tag.Distribution = structure(c(`1` = 46L, 
    `2` = 18L, `3` = 18L, `4` = 19L, `5` = 19L, `6` = 13L, `7` = 15L, 
    `8` = 16L, `9` = 13L, `10` = 10L, `11` = 8L, `12` = 12L, 
    `13` = 10L, `14` = 5L, `15` = 8L, `16` = 7L, `17` = 5L, `18` = 6L, 
    `19` = 2L, `20` = 2L, `21` = 3L, `22` = 1L, `26` = 1L, `27` = 1L, 
    `28` = 1L, `39` = 1L), .Dim = 26L, .Dimnames = structure(list(
        c("1", "2", "3", "4", "5", "6", "7", "8", "9", "10", 
        "11", "12", "13", "14", "15", "16", "17", "18", "19", 
        "20", "21", "22", "26", "27", "28", "39")), .Names = ""), class = "table"), 
        No.Tag = structure(c(0L, 3L, 12L, 0L, 0L, 0L, 0L, 5L, 
        15L, 0L, 0L, 0L, 0L, 0L, 2L, 0L, 0L, 0L), .Dim = c(6L, 
        3L), .Dimnames = structure(list(c("-2", "-1", "0", "1", 
        "2", NA), c("A", "G", NA)), .Names = c("", "")), class = "table"), 
        All.Tags = list(Concordant = list(Freqs = structure(c(0, 
        35, 47, 0, 0, 1, 23, 60, 2, 0), .Dim = c(5L, 2L), .Dimnames = list(
            c("-2", "-1", "0", "1", "2"), c("A", "G"))), N = 168), 
            Majority = list(Freqs = structure(c(0, 42, 88, 0, 
            0, 1, 28, 95, 2, 0), .Dim = c(5L, 2L), .Dimnames = list(
                c("-2", "-1", "0", "1", "2"), c("A", "G"))), 
                N = 256)), `2` = structure(c(0, 34, 75, 0, 0, 
        0, 25, 80, 0, 0), .Dim = c(5L, 2L), .Dimnames = list(
            c("-2", "-1", "0", "1", "2"), c("A", "G"))))))
