Results <-
list(`bwaOutput/20210421msiMNRsJenny/272564C1_S23.sam` = list(
    LR20_SNP1 = list(All = list(Freqs = structure(c(1L, 1058L, 
    0L, 3L, 1266L, 1L, 1L, 16L, 0L), .Dim = c(3L, 3L), .Dimnames = structure(list(
        c("-1", "0", "1"), c("A", "G", NA)), .Names = c("", ""
    )), class = "table"), N = 2346L), Tag.Distribution = structure(c(`1` = 57L, 
    `2` = 26L, `3` = 24L, `4` = 27L, `5` = 28L, `6` = 27L, `7` = 27L, 
    `8` = 16L, `9` = 14L, `10` = 13L, `11` = 11L, `12` = 15L, 
    `13` = 4L, `14` = 8L, `15` = 6L, `16` = 4L, `17` = 5L, `18` = 4L, 
    `19` = 2L, `20` = 3L, `21` = 2L, `22` = 1L, `23` = 1L, `24` = 3L, 
    `25` = 2L, `27` = 1L), .Dim = 26L, .Dimnames = structure(list(
        c("1", "2", "3", "4", "5", "6", "7", "8", "9", "10", 
        "11", "12", "13", "14", "15", "16", "17", "18", "19", 
        "20", "21", "22", "23", "24", "25", "27")), .Names = ""), class = "table"), 
        No.Tag = structure(c(0L, 35L, 0L, 0L, 1L, 33L, 0L, 0L, 
        0L, 3L, 0L, 0L), .Dim = 4:3, .Dimnames = structure(list(
            c("-1", "0", "1", NA), c("A", "G", NA)), .Names = c("", 
        "")), class = "table"), All.Tags = list(Concordant = list(
            Freqs = structure(c(0, 150, 0, 0, 165, 0), .Dim = 3:2, .Dimnames = list(
                c("-1", "0", "1"), c("A", "G"))), N = 315), Majority = list(
            Freqs = structure(c(0, 154, 0, 0, 175, 0), .Dim = 3:2, .Dimnames = list(
                c("-1", "0", "1"), c("A", "G"))), N = 329)), 
        `2` = structure(c(0, 126, 0, 0, 148, 0), .Dim = 3:2, .Dimnames = list(
            c("-1", "0", "1"), c("A", "G"))))))
