Results <-
list(`bwaOutput/20210421msiMNRsJenny/272564C1_S23.sam` = list(
    GM26_SNP1 = list(All = list(Freqs = structure(c(6L, 858L, 
    2L, 1L, 213L, 664L, 1L, 1L, 3L, 15L, 0L, 0L), .Dim = 4:3, .Dimnames = structure(list(
        c("-1", "0", "1", NA), c("A", "G", NA)), .Names = c("", 
    "")), class = "table"), N = 1764L), Tag.Distribution = structure(c(`1` = 45L, 
    `2` = 14L, `3` = 20L, `4` = 11L, `5` = 10L, `6` = 14L, `7` = 19L, 
    `8` = 12L, `9` = 13L, `10` = 11L, `11` = 15L, `12` = 6L, 
    `13` = 5L, `14` = 5L, `15` = 6L, `16` = 8L, `17` = 6L, `18` = 2L, 
    `19` = 3L, `21` = 1L, `22` = 2L, `23` = 2L, `24` = 1L, `25` = 1L, 
    `26` = 1L), .Dim = 25L, .Dimnames = structure(list(c("1", 
    "2", "3", "4", "5", "6", "7", "8", "9", "10", "11", "12", 
    "13", "14", "15", "16", "17", "18", "19", "21", "22", "23", 
    "24", "25", "26")), .Names = ""), class = "table"), No.Tag = structure(c(0L, 
    21L, 0L, 1L, 1L, 3L, 0L, 0L, 0L, 0L, 0L, 0L), .Dim = 4:3, .Dimnames = structure(list(
        c("-1", "0", "1", NA), c("A", "G", NA)), .Names = c("", 
    "")), class = "table"), All.Tags = list(Concordant = list(
        Freqs = structure(c(0, 104, 0, 30, 81, 0), .Dim = 3:2, .Dimnames = list(
            c("-1", "0", "1"), c("A", "G"))), N = 215), Majority = list(
        Freqs = structure(c(0, 112, 0, 30, 89, 0), .Dim = 3:2, .Dimnames = list(
            c("-1", "0", "1"), c("A", "G"))), N = 231)), `2` = structure(c(0, 
    89, 0, 22, 77, 0), .Dim = 3:2, .Dimnames = list(c("-1", "0", 
    "1"), c("A", "G"))))))
