Results <-
list(`bwaOutput/20210421msiMNRsJenny/273381C4_S3.sam` = list(
    GM17_SNP1 = list(All = list(Freqs = structure(c(13L, 1103L, 
    334L, 1L, 11L, 25L, 1444L, 7L, 0L, 2L, 1L, 5L, 2L, 0L, 0L
    ), .Dim = c(5L, 3L), .Dimnames = structure(list(c("-1", "0", 
    "1", "2", NA), c("C", "T", NA)), .Names = c("", "")), class = "table"), 
        N = 2948L), Tag.Distribution = structure(c(`1` = 114L, 
    `2` = 101L, `3` = 65L, `4` = 61L, `5` = 62L, `6` = 47L, `7` = 38L, 
    `8` = 27L, `9` = 25L, `10` = 22L, `11` = 5L, `12` = 6L, `13` = 9L, 
    `14` = 6L, `15` = 5L, `16` = 4L, `17` = 2L, `18` = 4L, `31` = 1L
    ), .Dim = 19L, .Dimnames = structure(list(c("1", "2", "3", 
    "4", "5", "6", "7", "8", "9", "10", "11", "12", "13", "14", 
    "15", "16", "17", "18", "31")), .Names = ""), class = "table"), 
        No.Tag = structure(c(0L, 19L, 1L, 0L, 2L, 0L, 47L, 0L, 
        0L, 0L, 0L, 0L, 1L, 0L, 0L), .Dim = c(5L, 3L), .Dimnames = structure(list(
            c("-1", "0", "1", "2", NA), c("C", "T", NA)), .Names = c("", 
        "")), class = "table"), All.Tags = list(Concordant = list(
            Freqs = structure(c(1, 194, 49, 0, 1, 269, 1, 0), .Dim = c(4L, 
            2L), .Dimnames = list(c("-1", "0", "1", "2"), c("C", 
            "T"))), N = 515), Majority = list(Freqs = structure(c(1, 
        222, 65, 0, 2, 303, 1, 0), .Dim = c(4L, 2L), .Dimnames = list(
            c("-1", "0", "1", "2"), c("C", "T"))), N = 594)), 
        `2` = structure(c(1, 177, 55, 0, 1, 248, 0, 0), .Dim = c(4L, 
        2L), .Dimnames = list(c("-1", "0", "1", "2"), c("C", 
        "T"))))))
