Results <-
list(`bwaOutput/20210421msiMNRsJenny/273381C4_S3.sam` = list(
    LR17_SNP1 = list(All = list(Freqs = structure(c(1L, 10L, 
    341L, 4367L, 50L, 1L, 33L, 0L, 0L, 0L, 1L, 0L, 0L, 0L, 0L, 
    0L, 4L, 102L, 0L, 0L, 0L), .Dim = c(7L, 3L), .Dimnames = structure(list(
        c("-3", "-2", "-1", "0", "1", "2", NA), c("A", "G", NA
        )), .Names = c("", "")), class = "table"), N = 4910L), 
        Tag.Distribution = structure(c(`1` = 141L, `2` = 101L, 
        `3` = 108L, `4` = 86L, `5` = 93L, `6` = 96L, `7` = 71L, 
        `8` = 48L, `9` = 45L, `10` = 29L, `11` = 29L, `12` = 14L, 
        `13` = 12L, `14` = 8L, `15` = 7L, `16` = 6L, `17` = 1L, 
        `18` = 1L, `19` = 1L, `20` = 1L, `21` = 1L, `22` = 1L, 
        `25` = 1L, `29` = 1L), .Dim = 24L, .Dimnames = structure(list(
            c("1", "2", "3", "4", "5", "6", "7", "8", "9", "10", 
            "11", "12", "13", "14", "15", "16", "17", "18", "19", 
            "20", "21", "22", "25", "29")), .Names = ""), class = "table"), 
        No.Tag = structure(c(0L, 1L, 3L, 138L, 1L, 0L, 0L, 0L, 
        0L, 0L, 0L, 0L, 0L, 0L, 0L, 0L, 0L, 12L, 0L, 0L, 0L), .Dim = c(7L, 
        3L), .Dimnames = structure(list(c("-3", "-2", "-1", "0", 
        "1", "2", NA), c("A", "G", NA)), .Names = c("", "")), class = "table"), 
        All.Tags = list(Concordant = list(Freqs = structure(c(0, 
        0, 32, 693, 0, 0, 0, 0, 0, 0, 0, 0), .Dim = c(6L, 2L), .Dimnames = list(
            c("-3", "-2", "-1", "0", "1", "2"), c("A", "G"))), 
            N = 725), Majority = list(Freqs = structure(c(0, 
        0, 42, 845, 1, 0, 0, 0, 0, 0, 0, 0), .Dim = c(6L, 2L), .Dimnames = list(
            c("-3", "-2", "-1", "0", "1", "2"), c("A", "G"))), 
            N = 888)), `2` = structure(c(0, 0, 29, 720, 1, 0, 
        0, 0, 0, 0, 0, 0), .Dim = c(6L, 2L), .Dimnames = list(
            c("-3", "-2", "-1", "0", "1", "2"), c("A", "G"))))))
