Results <-
list(`bwaOutput/20210421msiMNRsJenny/273381C4_S3.sam` = list(
    LR36_SNP1 = list(All = list(Freqs = structure(c(0L, 0L, 0L, 
    2L, 0L, 0L, 0L, 0L, 0L, 1L, 0L, 1L, 0L, 0L, 0L, 0L, 0L, 0L, 
    0L, 1L, 0L, 0L, 0L, 0L, 7L, 538L, 567L, 1707L, 17L, 4L, 3L, 
    18L, 0L, 3L, 2L, 44L, 1L, 0L, 0L, 0L), .Dim = c(8L, 5L), .Dimnames = structure(list(
        c("-3", "-2", "-1", "0", "1", "2", "7", NA), c("A", "C", 
        "G", "T", NA)), .Names = c("", "")), class = "table"), 
        N = 2916L), Tag.Distribution = structure(c(`1` = 111L, 
    `2` = 87L, `3` = 71L, `4` = 75L, `5` = 70L, `6` = 56L, `7` = 37L, 
    `8` = 31L, `9` = 19L, `10` = 21L, `11` = 13L, `12` = 12L, 
    `13` = 6L, `15` = 2L, `16` = 1L, `18` = 2L), .Dim = 16L, .Dimnames = structure(list(
        c("1", "2", "3", "4", "5", "6", "7", "8", "9", "10", 
        "11", "12", "13", "15", "16", "18")), .Names = ""), class = "table"), 
        No.Tag = structure(c(0L, 0L, 0L, 0L, 0L, 0L, 0L, 0L, 
        0L, 0L, 0L, 0L, 0L, 0L, 0L, 0L, 0L, 0L, 0L, 0L, 0L, 0L, 
        0L, 0L, 0L, 13L, 10L, 62L, 2L, 0L, 1L, 3L, 0L, 0L, 0L, 
        6L, 0L, 0L, 0L, 0L), .Dim = c(8L, 5L), .Dimnames = structure(list(
            c("-3", "-2", "-1", "0", "1", "2", "7", NA), c("A", 
            "C", "G", "T", NA)), .Names = c("", "")), class = "table"), 
        All.Tags = list(Concordant = list(Freqs = structure(c(0, 
        0, 0, 1, 0, 0, 0, 0, 0, 0, 0, 0, 0, 0, 0, 0, 0, 0, 0, 
        0, 0, 0, 101, 101, 318, 3, 1, 0), .Dim = c(7L, 4L), .Dimnames = list(
            c("-3", "-2", "-1", "0", "1", "2", "7"), c("A", "C", 
            "G", "T"))), N = 525), Majority = list(Freqs = structure(c(0, 
        0, 0, 1, 0, 0, 0, 0, 0, 0, 0, 0, 0, 0, 0, 0, 0, 0, 0, 
        0, 0, 0, 113, 112, 366, 3, 1, 0), .Dim = c(7L, 4L), .Dimnames = list(
            c("-3", "-2", "-1", "0", "1", "2", "7"), c("A", "C", 
            "G", "T"))), N = 596)), `2` = structure(c(0, 0, 0, 
        0, 0, 0, 0, 0, 0, 0, 0, 0, 0, 0, 0, 0, 0, 0, 0, 0, 0, 
        0, 95, 92, 300, 2, 1, 0), .Dim = c(7L, 4L), .Dimnames = list(
            c("-3", "-2", "-1", "0", "1", "2", "7"), c("A", "C", 
            "G", "T"))))))
