Results <-
list(`bwaOutput/20210421msiMNRsJenny/273381C4_S3.sam` = list(
    IM49_SNP1 = list(All = list(Freqs = structure(c(1L, 175L, 
    575L, 783L, 19L, 19L, 5L, 584L, 14L, 772L, 11L, 14L, 0L, 
    2L, 2L, 21L, 0L, 0L), .Dim = c(6L, 3L), .Dimnames = structure(list(
        c("-3", "-2", "-1", "0", "1", NA), c("C", "G", NA)), .Names = c("", 
    "")), class = "table"), N = 2997L), Tag.Distribution = structure(c(`1` = 183L, 
    `2` = 127L, `3` = 97L, `4` = 76L, `5` = 75L, `6` = 51L, `7` = 43L, 
    `8` = 26L, `9` = 13L, `10` = 15L, `11` = 8L, `12` = 6L, `13` = 4L, 
    `14` = 5L, `15` = 4L, `16` = 2L, `17` = 2L, `18` = 1L, `20` = 1L
    ), .Dim = 19L, .Dimnames = structure(list(c("1", "2", "3", 
    "4", "5", "6", "7", "8", "9", "10", "11", "12", "13", "14", 
    "15", "16", "17", "18", "20")), .Names = ""), class = "table"), 
        No.Tag = structure(c(0L, 1L, 5L, 32L, 1L, 0L, 0L, 7L, 
        0L, 15L, 0L, 1L, 0L, 0L, 0L, 0L, 0L, 0L), .Dim = c(6L, 
        3L), .Dimnames = structure(list(c("-3", "-2", "-1", "0", 
        "1", NA), c("C", "G", NA)), .Names = c("", "")), class = "table"), 
        All.Tags = list(Concordant = list(Freqs = structure(c(1, 
        23, 122, 165, 0, 0, 130, 1, 160, 2), .Dim = c(5L, 2L), .Dimnames = list(
            c("-3", "-2", "-1", "0", "1"), c("C", "G"))), N = 604), 
            Majority = list(Freqs = structure(c(1, 28, 140, 196, 
            0, 0, 151, 1, 190, 3), .Dim = c(5L, 2L), .Dimnames = list(
                c("-3", "-2", "-1", "0", "1"), c("C", "G"))), 
                N = 710)), `2` = structure(c(0, 26, 100, 148, 
        0, 0, 119, 0, 142, 1), .Dim = c(5L, 2L), .Dimnames = list(
            c("-3", "-2", "-1", "0", "1"), c("C", "G"))))))
