Results <-
list(`bwaOutput/20210421msiMNRsJenny/273381C4_S3.sam` = list(
    LR10_SNP1 = list(All = list(Freqs = structure(c(0L, 1L, 0L, 
    0L, 0L, 3L, 1233L, 1415L, 10L, 4L, 0L, 2L, 3L, 0L, 0L, 0L, 
    2L, 3L, 0L, 0L), .Dim = 5:4, .Dimnames = structure(list(c("-2", 
    "-1", "0", "1", NA), c("A", "C", "T", NA)), .Names = c("", 
    "")), class = "table"), N = 2676L), Tag.Distribution = structure(c(`1` = 87L, 
    `2` = 97L, `3` = 73L, `4` = 72L, `5` = 55L, `6` = 46L, `7` = 41L, 
    `8` = 25L, `9` = 25L, `10` = 17L, `11` = 12L, `12` = 5L, 
    `13` = 2L, `14` = 1L, `15` = 3L, `16` = 5L, `19` = 1L), .Dim = 17L, .Dimnames = structure(list(
        c("1", "2", "3", "4", "5", "6", "7", "8", "9", "10", 
        "11", "12", "13", "14", "15", "16", "19")), .Names = ""), class = "table"), 
        No.Tag = structure(c(0L, 0L, 0L, 0L, 0L, 0L, 43L, 35L, 
        0L, 0L, 0L, 0L, 0L, 0L, 0L, 0L, 0L, 1L, 0L, 0L), .Dim = 5:4, .Dimnames = structure(list(
            c("-2", "-1", "0", "1", NA), c("A", "C", "T", NA)), .Names = c("", 
        "")), class = "table"), All.Tags = list(Concordant = list(
            Freqs = structure(c(0, 0, 0, 0, 0, 226, 274, 0, 0, 
            1, 2, 0), .Dim = 4:3, .Dimnames = list(c("-2", "-1", 
            "0", "1"), c("A", "C", "T"))), N = 503), Majority = list(
            Freqs = structure(c(0, 0, 0, 0, 0, 240, 314, 0, 0, 
            1, 2, 0), .Dim = 4:3, .Dimnames = list(c("-2", "-1", 
            "0", "1"), c("A", "C", "T"))), N = 557)), `2` = structure(c(0, 
        0, 0, 0, 0, 204, 266, 0, 0, 1, 0, 0), .Dim = 4:3, .Dimnames = list(
            c("-2", "-1", "0", "1"), c("A", "C", "T"))))))
