Results <-
list(`bwaOutput/20210421msiMNRsJenny/273381C4_S3.sam` = list(
    LR48_SNP1 = list(All = list(Freqs = structure(c(0L, 0L, 0L, 
    1L, 0L, 0L, 0L, 0L, 45L, 374L, 626L, 10L, 0L, 9L, 1L, 8L, 
    446L, 647L, 7L, 1L, 6L, 0L, 0L, 5L, 17L, 1L, 0L, 0L), .Dim = c(7L, 
    4L), .Dimnames = structure(list(c("-3", "-2", "-1", "0", 
    "1", "2", NA), c("A", "C", "T", NA)), .Names = c("", "")), class = "table"), 
        N = 2204L), Tag.Distribution = structure(c(`1` = 58L, 
    `2` = 47L, `3` = 44L, `4` = 40L, `5` = 41L, `6` = 30L, `7` = 37L, 
    `8` = 24L, `9` = 20L, `10` = 12L, `11` = 6L, `12` = 4L, `13` = 10L, 
    `14` = 3L, `15` = 4L, `16` = 6L, `18` = 1L, `19` = 1L, `20` = 1L, 
    `21` = 1L, `23` = 1L, `25` = 1L), .Dim = 22L, .Dimnames = structure(list(
        c("1", "2", "3", "4", "5", "6", "7", "8", "9", "10", 
        "11", "12", "13", "14", "15", "16", "18", "19", "20", 
        "21", "23", "25")), .Names = ""), class = "table"), No.Tag = structure(c(0L, 
    0L, 0L, 0L, 0L, 0L, 0L, 0L, 0L, 4L, 28L, 0L, 0L, 0L, 0L, 
    0L, 17L, 5L, 0L, 0L, 1L, 0L, 0L, 0L, 0L, 1L, 0L, 0L), .Dim = c(7L, 
    4L), .Dimnames = structure(list(c("-3", "-2", "-1", "0", 
    "1", "2", NA), c("A", "C", "T", NA)), .Names = c("", "")), class = "table"), 
        All.Tags = list(Concordant = list(Freqs = structure(c(0, 
        0, 0, 0, 0, 0, 0, 4, 58, 91, 0, 0, 0, 0, 55, 86, 0, 0
        ), .Dim = c(6L, 3L), .Dimnames = list(c("-3", "-2", "-1", 
        "0", "1", "2"), c("A", "C", "T"))), N = 294), Majority = list(
            Freqs = structure(c(0, 0, 0, 0, 0, 0, 0, 5, 73, 112, 
            0, 0, 0, 0, 74, 112, 0, 0), .Dim = c(6L, 3L), .Dimnames = list(
                c("-3", "-2", "-1", "0", "1", "2"), c("A", "C", 
                "T"))), N = 376)), `2` = structure(c(0, 0, 0, 
        0, 0, 0, 0, 5, 60, 90, 0, 0, 0, 0, 66, 101, 0, 0), .Dim = c(6L, 
        3L), .Dimnames = list(c("-3", "-2", "-1", "0", "1", "2"
        ), c("A", "C", "T"))))))
