Results <-
list(`bwaOutput/20210421msiMNRsJenny/273381C4_S3.sam` = list(
    LR24_SNP1 = list(All = list(Freqs = structure(c(0L, 0L, 12L, 
    2423L, 4L, 2L, 1L, 40L, 1077L, 1389L, 1L, 7L, 0L, 0L, 2L, 
    17L, 0L, 0L), .Dim = c(6L, 3L), .Dimnames = structure(list(
        c("-3", "-2", "-1", "0", "1", NA), c("A", "G", NA)), .Names = c("", 
    "")), class = "table"), N = 4975L), Tag.Distribution = structure(c(`1` = 419L, 
    `2` = 326L, `3` = 253L, `4` = 157L, `5` = 98L, `6` = 85L, 
    `7` = 38L, `8` = 48L, `9` = 32L, `10` = 13L, `11` = 7L, `12` = 7L, 
    `13` = 7L, `14` = 3L, `15` = 1L, `16` = 1L, `17` = 1L, `19` = 1L
    ), .Dim = 18L, .Dimnames = structure(list(c("1", "2", "3", 
    "4", "5", "6", "7", "8", "9", "10", "11", "12", "13", "14", 
    "15", "16", "17", "19")), .Names = ""), class = "table"), 
        No.Tag = structure(c(0L, 0L, 0L, 43L, 0L, 0L, 0L, 0L, 
        26L, 18L, 0L, 0L, 0L, 0L, 0L, 1L, 0L, 0L), .Dim = c(6L, 
        3L), .Dimnames = structure(list(c("-3", "-2", "-1", "0", 
        "1", NA), c("A", "G", NA)), .Names = c("", "")), class = "table"), 
        All.Tags = list(Concordant = list(Freqs = structure(c(0, 
        0, 2, 630, 0, 0, 8, 250, 332, 0), .Dim = c(5L, 2L), .Dimnames = list(
            c("-3", "-2", "-1", "0", "1"), c("A", "G"))), N = 1222), 
            Majority = list(Freqs = structure(c(0, 0, 2, 722, 
            0, 0, 9, 297, 402, 0), .Dim = c(5L, 2L), .Dimnames = list(
                c("-3", "-2", "-1", "0", "1"), c("A", "G"))), 
                N = 1432)), `2` = structure(c(0, 0, 2, 524, 0, 
        0, 8, 209, 276, 0), .Dim = c(5L, 2L), .Dimnames = list(
            c("-3", "-2", "-1", "0", "1"), c("A", "G"))))))
