Results <-
list(`bwaOutput/20210421msiMNRsJenny/273381C4_S3.sam` = list(
    GM07_SNP1 = list(All = list(Freqs = structure(c(27L, 479L, 
    548L, 22L, 1L, 11L, 9L, 374L, 645L, 15L, 0L, 5L, 0L, 1L, 
    12L, 0L, 0L, 0L), .Dim = c(6L, 3L), .Dimnames = structure(list(
        c("-2", "-1", "0", "1", "2", NA), c("A", "G", NA)), .Names = c("", 
    "")), class = "table"), N = 2149L), Tag.Distribution = structure(c(`1` = 90L, 
    `2` = 80L, `3` = 66L, `4` = 57L, `5` = 42L, `6` = 40L, `7` = 25L, 
    `8` = 24L, `9` = 17L, `10` = 11L, `11` = 7L, `12` = 8L, `13` = 2L, 
    `14` = 3L, `15` = 5L, `16` = 1L, `17` = 1L), .Dim = 17L, .Dimnames = structure(list(
        c("1", "2", "3", "4", "5", "6", "7", "8", "9", "10", 
        "11", "12", "13", "14", "15", "16", "17")), .Names = ""), class = "table"), 
        No.Tag = structure(c(0L, 3L, 25L, 0L, 0L, 1L, 1L, 5L, 
        8L, 1L, 0L, 0L, 0L, 0L, 0L, 0L, 0L, 0L), .Dim = c(6L, 
        3L), .Dimnames = structure(list(c("-2", "-1", "0", "1", 
        "2", NA), c("A", "G", NA)), .Names = c("", "")), class = "table"), 
        All.Tags = list(Concordant = list(Freqs = structure(c(3, 
        82, 104, 0, 0, 1, 67, 117, 1, 0), .Dim = c(5L, 2L), .Dimnames = list(
            c("-2", "-1", "0", "1", "2"), c("A", "G"))), N = 375), 
            Majority = list(Freqs = structure(c(3, 96, 129, 2, 
            0, 1, 83, 147, 1, 0), .Dim = c(5L, 2L), .Dimnames = list(
                c("-2", "-1", "0", "1", "2"), c("A", "G"))), 
                N = 462)), `2` = structure(c(2, 85, 98, 2, 0, 
        0, 68, 118, 0, 0), .Dim = c(5L, 2L), .Dimnames = list(
            c("-2", "-1", "0", "1", "2"), c("A", "G"))))))
