Results <-
list(`bwaOutput/20210421msiMNRsJenny/273381C4_S3.sam` = list(
    LR52_SNP1 = list(All = list(Freqs = structure(c(0L, 19L, 
    183L, 346L, 628L, 2L, 6L, 23L, 383L, 5L, 43L, 551L, 7L, 3L, 
    0L, 0L, 1L, 2L, 39L, 1L, 0L), .Dim = c(7L, 3L), .Dimnames = structure(list(
        c("-4", "-3", "-2", "-1", "0", "1", NA), c("C", "T", 
        NA)), .Names = c("", "")), class = "table"), N = 2242L), 
        Tag.Distribution = structure(c(`1` = 67L, `2` = 62L, 
        `3` = 81L, `4` = 59L, `5` = 45L, `6` = 39L, `7` = 32L, 
        `8` = 28L, `9` = 22L, `10` = 12L, `11` = 7L, `12` = 2L, 
        `13` = 3L, `14` = 3L, `15` = 2L, `16` = 2L, `17` = 1L, 
        `18` = 2L, `19` = 1L), .Dim = 19L, .Dimnames = structure(list(
            c("1", "2", "3", "4", "5", "6", "7", "8", "9", "10", 
            "11", "12", "13", "14", "15", "16", "17", "18", "19"
            )), .Names = ""), class = "table"), No.Tag = structure(c(0L, 
        0L, 1L, 0L, 6L, 0L, 0L, 0L, 2L, 0L, 2L, 19L, 0L, 0L, 
        0L, 0L, 0L, 0L, 1L, 0L, 0L), .Dim = c(7L, 3L), .Dimnames = structure(list(
            c("-4", "-3", "-2", "-1", "0", "1", NA), c("C", "T", 
            NA)), .Names = c("", "")), class = "table"), All.Tags = list(
            Concordant = list(Freqs = structure(c(0, 2, 27, 45, 
            103, 0, 6, 80, 0, 0, 88, 0), .Dim = c(6L, 2L), .Dimnames = list(
                c("-4", "-3", "-2", "-1", "0", "1"), c("C", "T"
                ))), N = 351), Majority = list(Freqs = structure(c(0, 
            2, 34, 61, 140, 0, 6, 86, 0, 2, 123, 0), .Dim = c(6L, 
            2L), .Dimnames = list(c("-4", "-3", "-2", "-1", "0", 
            "1"), c("C", "T"))), N = 454)), `2` = structure(c(0, 
        2, 30, 54, 124, 0, 5, 72, 0, 2, 102, 0), .Dim = c(6L, 
        2L), .Dimnames = list(c("-4", "-3", "-2", "-1", "0", 
        "1"), c("C", "T"))))))
