Results <-
list(`bwaOutput/20210421msiMNRsJenny/273381C4_S3.sam` = list(
    LR44_SNP1 = list(All = list(Freqs = structure(c(0L, 6L, 0L, 
    3L, 0L, 0L, 0L, 0L, 15L, 505L, 185L, 1451L, 17L, 1L, 2L, 
    15L, 0L, 6L, 6L, 36L, 0L, 0L, 0L, 1L, 0L, 0L, 1L, 21L, 0L, 
    0L, 0L, 0L), .Dim = c(8L, 4L), .Dimnames = structure(list(
        c("-3", "-2", "-1", "0", "1", "3", "4", NA), c("A", "C", 
        "T", NA)), .Names = c("", "")), class = "table"), N = 2271L), 
        Tag.Distribution = structure(c(`1` = 94L, `2` = 72L, 
        `3` = 65L, `4` = 74L, `5` = 46L, `6` = 44L, `7` = 30L, 
        `8` = 25L, `9` = 15L, `10` = 11L, `11` = 11L, `12` = 5L, 
        `13` = 5L, `14` = 2L, `16` = 2L, `17` = 1L, `19` = 1L, 
        `20` = 1L), .Dim = 18L, .Dimnames = structure(list(c("1", 
        "2", "3", "4", "5", "6", "7", "8", "9", "10", "11", "12", 
        "13", "14", "16", "17", "19", "20")), .Names = ""), class = "table"), 
        No.Tag = structure(c(0L, 0L, 0L, 0L, 0L, 0L, 0L, 0L, 
        0L, 14L, 1L, 15L, 0L, 0L, 0L, 0L, 0L, 0L, 0L, 1L, 0L, 
        0L, 0L, 0L, 0L, 0L, 0L, 0L, 0L, 0L, 0L, 0L), .Dim = c(8L, 
        4L), .Dimnames = structure(list(c("-3", "-2", "-1", "0", 
        "1", "3", "4", NA), c("A", "C", "T", NA)), .Names = c("", 
        "")), class = "table"), All.Tags = list(Concordant = list(
            Freqs = structure(c(0, 1, 0, 1, 0, 0, 0, 0, 92, 15, 
            266, 0, 0, 0, 0, 2, 1, 5, 0, 0, 0), .Dim = c(7L, 
            3L), .Dimnames = list(c("-3", "-2", "-1", "0", "1", 
            "3", "4"), c("A", "C", "T"))), N = 383), Majority = list(
            Freqs = structure(c(0, 1, 0, 1, 0, 0, 0, 0, 106, 
            23, 348, 0, 0, 1, 0, 2, 1, 7, 0, 0, 0), .Dim = c(7L, 
            3L), .Dimnames = list(c("-3", "-2", "-1", "0", "1", 
            "3", "4"), c("A", "C", "T"))), N = 490)), `2` = structure(c(0, 
        1, 0, 1, 0, 0, 0, 0, 87, 18, 285, 0, 0, 1, 0, 1, 1, 5, 
        0, 0, 0), .Dim = c(7L, 3L), .Dimnames = list(c("-3", 
        "-2", "-1", "0", "1", "3", "4"), c("A", "C", "T"))))))
