Results <-
list(`bwaOutput/20210421msiMNRsJenny/273863C5_S28.sam` = list(
    LR24_SNP1 = list(All = list(Freqs = structure(c(42L, 2861L, 
    6L, 1L, 77L, 2801L, 3L, 3L, 0L, 17L, 0L, 0L), .Dim = 4:3, .Dimnames = structure(list(
        c("-1", "0", "1", NA), c("A", "G", NA)), .Names = c("", 
    "")), class = "table"), N = 5811L), Tag.Distribution = structure(c(`1` = 469L, 
    `2` = 334L, `3` = 255L, `4` = 207L, `5` = 119L, `6` = 80L, 
    `7` = 54L, `8` = 37L, `9` = 36L, `10` = 28L, `11` = 17L, 
    `12` = 9L, `13` = 9L, `14` = 3L, `15` = 2L, `16` = 3L, `17` = 2L, 
    `19` = 3L, `21` = 1L), .Dim = 19L, .Dimnames = structure(list(
        c("1", "2", "3", "4", "5", "6", "7", "8", "9", "10", 
        "11", "12", "13", "14", "15", "16", "17", "19", "21")), .Names = ""), class = "table"), 
        No.Tag = structure(c(1L, 44L, 0L, 0L, 3L, 34L, 0L, 0L, 
        0L, 2L, 0L, 0L), .Dim = 4:3, .Dimnames = structure(list(
            c("-1", "0", "1", NA), c("A", "G", NA)), .Names = c("", 
        "")), class = "table"), All.Tags = list(Concordant = list(
            Freqs = structure(c(11, 673, 0, 18, 663, 0), .Dim = 3:2, .Dimnames = list(
                c("-1", "0", "1"), c("A", "G"))), N = 1365), 
            Majority = list(Freqs = structure(c(12, 788, 0, 22, 
            776, 0), .Dim = 3:2, .Dimnames = list(c("-1", "0", 
            "1"), c("A", "G"))), N = 1598)), `2` = structure(c(6, 
        565, 0, 13, 553, 0), .Dim = 3:2, .Dimnames = list(c("-1", 
        "0", "1"), c("A", "G"))))))
