Results <-
list(`bwaOutput/20210421msiMNRsJenny/273863C5_S28.sam` = list(
    LR11_SNP1 = list(All = list(Freqs = structure(c(29L, 254L, 
    1307L, 13L, 0L, 5L, 2L, 36L, 1231L, 6L, 1L, 2L, 1L, 2L, 25L, 
    0L, 0L, 0L), .Dim = c(6L, 3L), .Dimnames = structure(list(
        c("-2", "-1", "0", "1", "2", NA), c("A", "C", NA)), .Names = c("", 
    "")), class = "table"), N = 2914L), Tag.Distribution = structure(c(`1` = 137L, 
    `2` = 113L, `3` = 87L, `4` = 89L, `5` = 57L, `6` = 62L, `7` = 35L, 
    `8` = 34L, `9` = 21L, `10` = 10L, `11` = 12L, `12` = 7L, 
    `13` = 4L, `14` = 4L, `15` = 4L, `16` = 2L, `17` = 1L), .Dim = 17L, .Dimnames = structure(list(
        c("1", "2", "3", "4", "5", "6", "7", "8", "9", "10", 
        "11", "12", "13", "14", "15", "16", "17")), .Names = ""), class = "table"), 
        No.Tag = structure(c(0L, 3L, 22L, 1L, 0L, 0L, 0L, 0L, 
        10L, 0L, 0L, 1L, 0L, 0L, 1L, 0L, 0L, 0L), .Dim = c(6L, 
        3L), .Dimnames = structure(list(c("-2", "-1", "0", "1", 
        "2", NA), c("A", "C", NA)), .Names = c("", "")), class = "table"), 
        All.Tags = list(Concordant = list(Freqs = structure(c(7, 
        51, 263, 2, 0, 0, 3, 247, 1, 0), .Dim = c(5L, 2L), .Dimnames = list(
            c("-2", "-1", "0", "1", "2"), c("A", "C"))), N = 574), 
            Majority = list(Freqs = structure(c(7, 56, 301, 2, 
            0, 0, 4, 287, 1, 0), .Dim = c(5L, 2L), .Dimnames = list(
                c("-2", "-1", "0", "1", "2"), c("A", "C"))), 
                N = 658)), `2` = structure(c(6, 41, 241, 0, 0, 
        0, 3, 233, 1, 0), .Dim = c(5L, 2L), .Dimnames = list(
            c("-2", "-1", "0", "1", "2"), c("A", "C"))))))
