Results <-
list(`bwaOutput/20210421msiMNRsJenny/273863C5_S28.sam` = list(
    LR40_SNP1 = list(All = list(Freqs = structure(c(199L, 1002L, 
    4L, 0L, 2L, 10L, 1279L, 13L, 1L, 2L, 0L, 1L, 0L, 0L, 0L, 
    1L, 6L, 0L, 0L, 0L), .Dim = 5:4, .Dimnames = structure(list(
        c("-1", "0", "1", "2", NA), c("A", "C", "T", NA)), .Names = c("", 
    "")), class = "table"), N = 2520L), Tag.Distribution = structure(c(`1` = 129L, 
    `2` = 95L, `3` = 88L, `4` = 59L, `5` = 46L, `6` = 45L, `7` = 23L, 
    `8` = 23L, `9` = 18L, `10` = 17L, `11` = 11L, `12` = 6L, 
    `13` = 6L, `14` = 6L, `15` = 1L, `16` = 2L, `17` = 2L, `18` = 1L
    ), .Dim = 18L, .Dimnames = structure(list(c("1", "2", "3", 
    "4", "5", "6", "7", "8", "9", "10", "11", "12", "13", "14", 
    "15", "16", "17", "18")), .Names = ""), class = "table"), 
        No.Tag = structure(c(5L, 31L, 0L, 0L, 0L, 0L, 30L, 2L, 
        0L, 1L, 0L, 0L, 0L, 0L, 0L, 0L, 1L, 0L, 0L, 0L), .Dim = 5:4, .Dimnames = structure(list(
            c("-1", "0", "1", "2", NA), c("A", "C", "T", NA)), .Names = c("", 
        "")), class = "table"), All.Tags = list(Concordant = list(
            Freqs = structure(c(40, 190, 1, 0, 1, 267, 0, 0, 
            0, 0, 0, 0), .Dim = 4:3, .Dimnames = list(c("-1", 
            "0", "1", "2"), c("A", "C", "T"))), N = 499), Majority = list(
            Freqs = structure(c(47, 221, 1, 0, 1, 296, 0, 0, 
            0, 0, 0, 0), .Dim = 4:3, .Dimnames = list(c("-1", 
            "0", "1", "2"), c("A", "C", "T"))), N = 566)), `2` = structure(c(32, 
        181, 0, 0, 1, 224, 0, 0, 0, 0, 0, 0), .Dim = 4:3, .Dimnames = list(
            c("-1", "0", "1", "2"), c("A", "C", "T"))))))
