Results <-
list(`bwaOutput/20210421msiMNRsJenny/273863C5_S28.sam` = list(
    LR49_SNP1 = list(All = list(Freqs = structure(c(1L, 313L, 
    1433L, 1L, 4L, 0L, 24L, 1581L, 2L, 1L, 0L, 2L, 29L, 0L, 0L
    ), .Dim = c(5L, 3L), .Dimnames = structure(list(c("-2", "-1", 
    "0", "1", NA), c("A", "G", NA)), .Names = c("", "")), class = "table"), 
        N = 3391L), Tag.Distribution = structure(c(`1` = 221L, 
    `2` = 147L, `3` = 128L, `4` = 92L, `5` = 55L, `6` = 50L, 
    `7` = 46L, `8` = 31L, `9` = 28L, `10` = 20L, `11` = 13L, 
    `12` = 6L, `13` = 2L, `14` = 3L, `15` = 3L, `16` = 1L, `17` = 1L, 
    `18` = 1L, `21` = 1L, `24` = 1L), .Dim = 20L, .Dimnames = structure(list(
        c("1", "2", "3", "4", "5", "6", "7", "8", "9", "10", 
        "11", "12", "13", "14", "15", "16", "17", "18", "21", 
        "24")), .Names = ""), class = "table"), No.Tag = structure(c(0L, 
    5L, 49L, 0L, 1L, 0L, 0L, 43L, 0L, 0L, 0L, 0L, 5L, 0L, 0L), .Dim = c(5L, 
    3L), .Dimnames = structure(list(c("-2", "-1", "0", "1", NA
    ), c("A", "G", NA)), .Names = c("", "")), class = "table"), 
        All.Tags = list(Concordant = list(Freqs = structure(c(0, 
        64, 318, 0, 0, 2, 354, 0), .Dim = c(4L, 2L), .Dimnames = list(
            c("-2", "-1", "0", "1"), c("A", "G"))), N = 738), 
            Majority = list(Freqs = structure(c(0, 76, 344, 0, 
            0, 3, 396, 0), .Dim = c(4L, 2L), .Dimnames = list(
                c("-2", "-1", "0", "1"), c("A", "G"))), N = 819)), 
        `2` = structure(c(0, 60, 251, 0, 0, 3, 292, 0), .Dim = c(4L, 
        2L), .Dimnames = list(c("-2", "-1", "0", "1"), c("A", 
        "G"))))))
