Results <-
list(`bwaOutput/20210421msiMNRsJenny/273863C5_S28.sam` = list(
    LR36_SNP1 = list(All = list(Freqs = structure(c(0L, 9L, 294L, 
    1338L, 18L, 12L, 0L, 0L, 0L, 2L, 0L, 0L, 0L, 0L, 1L, 0L, 
    0L, 0L, 1L, 2L, 27L, 1493L, 27L, 12L, 0L, 0L, 0L, 68L, 0L, 
    0L), .Dim = 6:5, .Dimnames = structure(list(c("-3", "-2", 
    "-1", "0", "1", NA), c("A", "C", "G", "T", NA)), .Names = c("", 
    "")), class = "table"), N = 3304L), Tag.Distribution = structure(c(`1` = 149L, 
    `2` = 110L, `3` = 97L, `4` = 86L, `5` = 68L, `6` = 52L, `7` = 50L, 
    `8` = 37L, `9` = 25L, `10` = 18L, `11` = 12L, `12` = 8L, 
    `13` = 6L, `14` = 4L, `15` = 3L, `16` = 1L, `17` = 1L, `18` = 2L, 
    `29` = 1L), .Dim = 19L, .Dimnames = structure(list(c("1", 
    "2", "3", "4", "5", "6", "7", "8", "9", "10", "11", "12", 
    "13", "14", "15", "16", "17", "18", "29")), .Names = ""), class = "table"), 
        No.Tag = structure(c(0L, 0L, 9L, 38L, 1L, 2L, 0L, 0L, 
        0L, 0L, 0L, 0L, 0L, 0L, 0L, 0L, 0L, 0L, 0L, 0L, 1L, 38L, 
        0L, 0L, 0L, 0L, 0L, 3L, 0L, 0L), .Dim = 6:5, .Dimnames = structure(list(
            c("-3", "-2", "-1", "0", "1", NA), c("A", "C", "G", 
            "T", NA)), .Names = c("", "")), class = "table"), 
        All.Tags = list(Concordant = list(Freqs = structure(c(0, 
        1, 55, 252, 0, 0, 0, 0, 0, 0, 0, 0, 0, 0, 0, 0, 0, 0, 
        284, 5), .Dim = 5:4, .Dimnames = list(c("-3", "-2", "-1", 
        "0", "1"), c("A", "C", "G", "T"))), N = 597), Majority = list(
            Freqs = structure(c(0, 1, 62, 311, 0, 0, 0, 0, 0, 
            0, 0, 0, 0, 0, 0, 0, 0, 0, 331, 6), .Dim = 5:4, .Dimnames = list(
                c("-3", "-2", "-1", "0", "1"), c("A", "C", "G", 
                "T"))), N = 711)), `2` = structure(c(0, 1, 51, 
        243, 0, 0, 0, 0, 0, 0, 0, 0, 0, 0, 0, 0, 0, 0, 272, 4
        ), .Dim = 5:4, .Dimnames = list(c("-3", "-2", "-1", "0", 
        "1"), c("A", "C", "G", "T"))))))
