Results <-
list(`bwaOutput/20210421msiMNRsJenny/273863C5_S28.sam` = list(
    LR52_SNP1 = list(All = list(Freqs = structure(c(0L, 0L, 0L, 
    0L, 1L, 0L, 0L, 0L, 0L, 3L, 70L, 306L, 1171L, 11L, 1L, 10L, 
    1L, 45L, 172L, 203L, 1102L, 14L, 0L, 7L, 0L, 0L, 1L, 4L, 
    87L, 2L, 0L, 0L), .Dim = c(8L, 4L), .Dimnames = structure(list(
        c("-5", "-3", "-2", "-1", "0", "1", "2", NA), c("A", 
        "C", "T", NA)), .Names = c("", "")), class = "table"), 
        N = 3211L), Tag.Distribution = structure(c(`1` = 78L, 
    `2` = 90L, `3` = 64L, `4` = 69L, `5` = 62L, `6` = 37L, `7` = 39L, 
    `8` = 39L, `9` = 27L, `10` = 23L, `11` = 17L, `12` = 13L, 
    `13` = 10L, `14` = 8L, `15` = 2L, `16` = 4L, `18` = 2L, `19` = 3L, 
    `20` = 1L, `22` = 1L, `26` = 2L), .Dim = 21L, .Dimnames = structure(list(
        c("1", "2", "3", "4", "5", "6", "7", "8", "9", "10", 
        "11", "12", "13", "14", "15", "16", "18", "19", "20", 
        "22", "26")), .Names = ""), class = "table"), No.Tag = structure(c(0L, 
    0L, 0L, 0L, 0L, 0L, 0L, 0L, 0L, 0L, 0L, 2L, 4L, 0L, 0L, 1L, 
    0L, 0L, 1L, 1L, 19L, 0L, 0L, 0L, 0L, 0L, 0L, 0L, 1L, 0L, 
    0L, 0L), .Dim = c(8L, 4L), .Dimnames = structure(list(c("-5", 
    "-3", "-2", "-1", "0", "1", "2", NA), c("A", "C", "T", NA
    )), .Names = c("", "")), class = "table"), All.Tags = list(
        Concordant = list(Freqs = structure(c(0, 0, 0, 0, 0, 
        0, 0, 0, 0, 7, 15, 138, 0, 0, 0, 5, 20, 9, 151, 1, 0), .Dim = c(7L, 
        3L), .Dimnames = list(c("-5", "-3", "-2", "-1", "0", 
        "1", "2"), c("A", "C", "T"))), N = 346), Majority = list(
            Freqs = structure(c(0, 0, 0, 0, 0, 0, 0, 0, 0, 8, 
            39, 222, 0, 0, 0, 5, 29, 18, 230, 1, 0), .Dim = c(7L, 
            3L), .Dimnames = list(c("-5", "-3", "-2", "-1", "0", 
            "1", "2"), c("A", "C", "T"))), N = 552)), `2` = structure(c(0, 
    0, 0, 0, 0, 0, 0, 0, 0, 5, 33, 200, 0, 0, 0, 4, 25, 13, 202, 
    0, 0), .Dim = c(7L, 3L), .Dimnames = list(c("-5", "-3", "-2", 
    "-1", "0", "1", "2"), c("A", "C", "T"))))))
