Results <-
list(`bwaOutput/20210421msiMNRsJenny/273863C5_S28.sam` = list(
    IM49_SNP1 = list(All = list(Freqs = structure(c(4L, 295L, 
    1375L, 17L, 10L, 11L, 203L, 1327L, 25L, 10L, 0L, 0L, 1L, 
    0L, 0L, 0L, 3L, 50L, 1L, 0L), .Dim = 5:4, .Dimnames = structure(list(
        c("-2", "-1", "0", "1", NA), c("C", "G", "T", NA)), .Names = c("", 
    "")), class = "table"), N = 3332L), Tag.Distribution = structure(c(`1` = 174L, 
    `2` = 130L, `3` = 107L, `4` = 80L, `5` = 58L, `6` = 51L, 
    `7` = 42L, `8` = 43L, `9` = 23L, `10` = 19L, `11` = 11L, 
    `12` = 13L, `13` = 6L, `14` = 3L, `15` = 2L, `16` = 2L, `17` = 2L, 
    `21` = 1L), .Dim = 18L, .Dimnames = structure(list(c("1", 
    "2", "3", "4", "5", "6", "7", "8", "9", "10", "11", "12", 
    "13", "14", "15", "16", "17", "21")), .Names = ""), class = "table"), 
        No.Tag = structure(c(0L, 21L, 52L, 1L, 0L, 0L, 2L, 28L, 
        1L, 2L, 0L, 0L, 0L, 0L, 0L, 0L, 1L, 4L, 0L, 0L), .Dim = 5:4, .Dimnames = structure(list(
            c("-2", "-1", "0", "1", NA), c("C", "G", "T", NA)), .Names = c("", 
        "")), class = "table"), All.Tags = list(Concordant = list(
            Freqs = structure(c(1, 43, 259, 0, 2, 41, 260, 0, 
            0, 0, 0, 0), .Dim = 4:3, .Dimnames = list(c("-2", 
            "-1", "0", "1"), c("C", "G", "T"))), N = 606), Majority = list(
            Freqs = structure(c(1, 52, 311, 0, 2, 46, 317, 1, 
            0, 0, 0, 0), .Dim = 4:3, .Dimnames = list(c("-2", 
            "-1", "0", "1"), c("C", "G", "T"))), N = 730)), `2` = structure(c(1, 
        39, 246, 0, 2, 34, 247, 1, 0, 0, 0, 0), .Dim = 4:3, .Dimnames = list(
            c("-2", "-1", "0", "1"), c("C", "G", "T"))))))
