Results <-
list(`bwaOutput/20210421msiMNRsJenny/273863C5_S28.sam` = list(
    GM07_SNP1 = list(All = list(Freqs = structure(c(0L, 0L, 1L, 
    0L, 0L, 0L, 0L, 4L, 267L, 2124L, 138L, 19L, 3L, 20L, 0L, 
    0L, 3L, 0L, 0L, 0L, 0L, 0L, 0L, 1L, 0L, 0L, 0L, 0L, 0L, 0L, 
    9L, 0L, 0L, 0L, 0L), .Dim = c(7L, 5L), .Dimnames = structure(list(
        c("-2", "-1", "0", "1", "2", "3", NA), c("-", "A", "G", 
        "T", NA)), .Names = c("", "")), class = "table"), N = 2589L), 
        Tag.Distribution = structure(c(`1` = 131L, `2` = 81L, 
        `3` = 87L, `4` = 69L, `5` = 52L, `6` = 42L, `7` = 33L, 
        `8` = 31L, `9` = 23L, `10` = 14L, `11` = 8L, `12` = 7L, 
        `13` = 3L, `14` = 2L, `15` = 1L, `16` = 4L, `17` = 1L, 
        `18` = 1L), .Dim = 18L, .Dimnames = structure(list(c("1", 
        "2", "3", "4", "5", "6", "7", "8", "9", "10", "11", "12", 
        "13", "14", "15", "16", "17", "18")), .Names = ""), class = "table"), 
        No.Tag = structure(c(0L, 0L, 0L, 0L, 0L, 0L, 0L, 0L, 
        1L, 58L, 1L, 0L, 0L, 5L, 0L, 0L, 0L, 0L, 0L, 0L, 0L, 
        0L, 0L, 0L, 0L, 0L, 0L, 0L, 0L, 0L, 3L, 0L, 0L, 0L, 0L
        ), .Dim = c(7L, 5L), .Dimnames = structure(list(c("-2", 
        "-1", "0", "1", "2", "3", NA), c("-", "A", "G", "T", 
        NA)), .Names = c("", "")), class = "table"), All.Tags = list(
            Concordant = list(Freqs = structure(c(0, 0, 0, 0, 
            0, 0, 1, 42, 380, 11, 2, 0, 0, 0, 2, 0, 0, 0, 0, 
            0, 0, 0, 0, 0), .Dim = c(6L, 4L), .Dimnames = list(
                c("-2", "-1", "0", "1", "2", "3"), c("-", "A", 
                "G", "T"))), N = 438), Majority = list(Freqs = structure(c(0, 
            0, 0, 0, 0, 0, 1, 49, 490, 18, 5, 0, 0, 0, 2, 0, 
            0, 0, 0, 0, 0, 0, 0, 0), .Dim = c(6L, 4L), .Dimnames = list(
                c("-2", "-1", "0", "1", "2", "3"), c("-", "A", 
                "G", "T"))), N = 565)), `2` = structure(c(0, 
        0, 0, 0, 0, 0, 1, 34, 386, 15, 3, 0, 0, 0, 0, 0, 0, 0, 
        0, 0, 0, 0, 0, 0), .Dim = c(6L, 4L), .Dimnames = list(
            c("-2", "-1", "0", "1", "2", "3"), c("-", "A", "G", 
            "T"))))))
