Results <-
list(`bwaOutput/20210421msiMNRsJenny/273863C5_S28.sam` = list(
    GM14_SNP1 = list(All = list(Freqs = structure(c(0L, 0L, 2L, 
    0L, 0L, 5L, 162L, 2963L, 35L, 18L, 0L, 0L, 23L, 0L, 0L, 0L, 
    0L, 18L, 0L, 0L), .Dim = 5:4, .Dimnames = structure(list(
        c("-2", "-1", "0", "1", NA), c("A", "C", "T", NA)), .Names = c("", 
    "")), class = "table"), N = 3226L), Tag.Distribution = structure(c(`1` = 115L, 
    `2` = 102L, `3` = 95L, `4` = 93L, `5` = 64L, `6` = 66L, `7` = 50L, 
    `8` = 29L, `9` = 24L, `10` = 9L, `11` = 11L, `12` = 7L, `13` = 11L, 
    `14` = 7L, `15` = 4L, `16` = 2L, `17` = 3L), .Dim = 17L, .Dimnames = structure(list(
        c("1", "2", "3", "4", "5", "6", "7", "8", "9", "10", 
        "11", "12", "13", "14", "15", "16", "17")), .Names = ""), class = "table"), 
        No.Tag = structure(c(0L, 0L, 0L, 0L, 0L, 0L, 1L, 54L, 
        1L, 0L, 0L, 0L, 1L, 0L, 0L, 0L, 0L, 0L, 0L, 0L), .Dim = 5:4, .Dimnames = structure(list(
            c("-2", "-1", "0", "1", NA), c("A", "C", "T", NA)), .Names = c("", 
        "")), class = "table"), All.Tags = list(Concordant = list(
            Freqs = structure(c(0, 0, 0, 0, 0, 22, 559, 1, 0, 
            0, 3, 0), .Dim = 4:3, .Dimnames = list(c("-2", "-1", 
            "0", "1"), c("A", "C", "T"))), N = 585), Majority = list(
            Freqs = structure(c(0, 0, 0, 0, 0, 26, 644, 1, 0, 
            0, 3, 0), .Dim = 4:3, .Dimnames = list(c("-2", "-1", 
            "0", "1"), c("A", "C", "T"))), N = 674)), `2` = structure(c(0, 
        0, 0, 0, 0, 21, 540, 0, 0, 0, 2, 0), .Dim = 4:3, .Dimnames = list(
            c("-2", "-1", "0", "1"), c("A", "C", "T"))))))
