Results <-
list(`bwaOutput/20210421msiMNRsJenny/273863C5_S28.sam` = list(
    GM29_SNP1 = list(All = list(Freqs = structure(c(1L, 44L, 
    2331L, 4L, 2L, 0L, 1L, 0L, 0L, 0L, 0L, 0L, 1L, 0L, 0L, 0L, 
    0L, 5L, 0L, 0L), .Dim = 5:4, .Dimnames = structure(list(c("-2", 
    "-1", "0", "1", NA), c("A", "G", "T", NA)), .Names = c("", 
    "")), class = "table"), N = 2389L), Tag.Distribution = structure(c(`1` = 89L, 
    `2` = 67L, `3` = 77L, `4` = 51L, `5` = 51L, `6` = 36L, `7` = 30L, 
    `8` = 20L, `9` = 19L, `10` = 13L, `11` = 11L, `12` = 3L, 
    `13` = 5L, `14` = 5L, `15` = 5L, `16` = 2L, `18` = 2L, `21` = 1L, 
    `24` = 1L, `31` = 1L), .Dim = 20L, .Dimnames = structure(list(
        c("1", "2", "3", "4", "5", "6", "7", "8", "9", "10", 
        "11", "12", "13", "14", "15", "16", "18", "21", "24", 
        "31")), .Names = ""), class = "table"), No.Tag = structure(c(0L, 
    0L, 77L, 0L, 1L, 0L, 0L, 0L, 0L, 0L, 0L, 0L, 0L, 0L, 0L, 
    0L, 0L, 0L, 0L, 0L), .Dim = 5:4, .Dimnames = structure(list(
        c("-2", "-1", "0", "1", NA), c("A", "G", "T", NA)), .Names = c("", 
    "")), class = "table"), All.Tags = list(Concordant = list(
        Freqs = structure(c(0, 7, 454, 0, 0, 1, 0, 0, 0, 0, 0, 
        0), .Dim = 4:3, .Dimnames = list(c("-2", "-1", "0", "1"
        ), c("A", "G", "T"))), N = 462), Majority = list(Freqs = structure(c(0, 
    7, 479, 0, 0, 1, 0, 0, 0, 0, 0, 0), .Dim = 4:3, .Dimnames = list(
        c("-2", "-1", "0", "1"), c("A", "G", "T"))), N = 487)), 
        `2` = structure(c(0, 3, 395, 0, 0, 0, 0, 0, 0, 0, 0, 
        0), .Dim = 4:3, .Dimnames = list(c("-2", "-1", "0", "1"
        ), c("A", "G", "T"))))))
