Results <-
list(`bwaOutput/20210421msiMNRsJenny/273863C5_S28.sam` = list(
    GM09_SNP1 = list(All = list(Freqs = structure(c(2L, 483L, 
    4480L, 13L, 3L, 0L, 0L, 6L, 0L, 0L, 0L, 0L, 1L, 0L, 0L, 0L, 
    0L, 18L, 0L, 0L), .Dim = 5:4, .Dimnames = structure(list(
        c("-2", "-1", "0", "1", NA), c("A", "G", "T", NA)), .Names = c("", 
    "")), class = "table"), N = 5006L), Tag.Distribution = structure(c(`1` = 208L, 
    `2` = 152L, `3` = 134L, `4` = 130L, `5` = 115L, `6` = 78L, 
    `7` = 74L, `8` = 48L, `9` = 34L, `10` = 28L, `11` = 20L, 
    `12` = 10L, `13` = 8L, `14` = 10L, `15` = 11L, `16` = 1L, 
    `18` = 1L, `19` = 2L, `20` = 1L, `21` = 1L, `24` = 2L, `25` = 1L, 
    `28` = 1L), .Dim = 23L, .Dimnames = structure(list(c("1", 
    "2", "3", "4", "5", "6", "7", "8", "9", "10", "11", "12", 
    "13", "14", "15", "16", "18", "19", "20", "21", "24", "25", 
    "28")), .Names = ""), class = "table"), No.Tag = structure(c(0L, 
    14L, 57L, 1L, 0L, 0L, 0L, 2L, 0L, 0L, 0L, 0L, 0L, 0L, 0L, 
    0L, 0L, 4L, 0L, 0L), .Dim = 5:4, .Dimnames = structure(list(
        c("-2", "-1", "0", "1", NA), c("A", "G", "T", NA)), .Names = c("", 
    "")), class = "table"), All.Tags = list(Concordant = list(
        Freqs = structure(c(0, 88, 905, 1, 0, 0, 3, 0, 0, 0, 
        1, 0), .Dim = 4:3, .Dimnames = list(c("-2", "-1", "0", 
        "1"), c("A", "G", "T"))), N = 998), Majority = list(Freqs = structure(c(0, 
    101, 950, 2, 0, 0, 3, 0, 0, 0, 1, 0), .Dim = 4:3, .Dimnames = list(
        c("-2", "-1", "0", "1"), c("A", "G", "T"))), N = 1057)), 
        `2` = structure(c(0, 78, 772, 1, 0, 0, 0, 0, 0, 0, 0, 
        0), .Dim = 4:3, .Dimnames = list(c("-2", "-1", "0", "1"
        ), c("A", "G", "T"))))))
