Results <-
list(`bwaOutput/20210421msiMNRsJenny/273863C5_S28.sam` = list(
    LR44_SNP1 = list(All = list(Freqs = structure(c(0L, 5L, 102L, 
    1057L, 23L, 6L, 0L, 0L, 0L, 3L, 0L, 0L, 2L, 116L, 240L, 1094L, 
    20L, 12L, 0L, 0L, 2L, 28L, 0L, 0L), .Dim = c(6L, 4L), .Dimnames = structure(list(
        c("-3", "-2", "-1", "0", "1", NA), c("C", "G", "T", NA
        )), .Names = c("", "")), class = "table"), N = 2710L), 
        Tag.Distribution = structure(c(`1` = 124L, `2` = 112L, 
        `3` = 85L, `4` = 93L, `5` = 55L, `6` = 51L, `7` = 42L, 
        `8` = 31L, `9` = 11L, `10` = 13L, `11` = 6L, `12` = 5L, 
        `13` = 8L, `14` = 3L, `15` = 2L, `16` = 2L), .Dim = 16L, .Dimnames = structure(list(
            c("1", "2", "3", "4", "5", "6", "7", "8", "9", "10", 
            "11", "12", "13", "14", "15", "16")), .Names = ""), class = "table"), 
        No.Tag = structure(c(0L, 0L, 0L, 16L, 0L, 0L, 0L, 0L, 
        0L, 0L, 0L, 0L, 0L, 7L, 14L, 10L, 1L, 0L, 0L, 0L, 0L, 
        1L, 0L, 0L), .Dim = c(6L, 4L), .Dimnames = structure(list(
            c("-3", "-2", "-1", "0", "1", NA), c("C", "G", "T", 
            NA)), .Names = c("", "")), class = "table"), All.Tags = list(
            Concordant = list(Freqs = structure(c(0, 0, 12, 204, 
            2, 0, 0, 0, 1, 0, 0, 28, 23, 177, 0), .Dim = c(5L, 
            3L), .Dimnames = list(c("-3", "-2", "-1", "0", "1"
            ), c("C", "G", "T"))), N = 447), Majority = list(
                Freqs = structure(c(0, 0, 15, 270, 2, 0, 0, 0, 
                1, 0, 0, 32, 32, 257, 0), .Dim = c(5L, 3L), .Dimnames = list(
                  c("-3", "-2", "-1", "0", "1"), c("C", "G", 
                  "T"))), N = 609)), `2` = structure(c(0, 0, 
        11, 223, 1, 0, 0, 0, 1, 0, 0, 21, 24, 208, 0), .Dim = c(5L, 
        3L), .Dimnames = list(c("-3", "-2", "-1", "0", "1"), 
            c("C", "G", "T"))))))
