Results <-
list(`bwaOutput/20210421msiMNRsJenny/273863C5_S28.sam` = list(
    LR17_SNP1 = list(All = list(Freqs = structure(c(15L, 568L, 
    4494L, 108L, 2L, 42L, 0L, 0L, 4L, 0L, 0L, 0L, 0L, 4L, 141L, 
    0L, 0L, 0L), .Dim = c(6L, 3L), .Dimnames = structure(list(
        c("-2", "-1", "0", "1", "2", NA), c("A", "G", NA)), .Names = c("", 
    "")), class = "table"), N = 5378L), Tag.Distribution = structure(c(`1` = 182L, 
    `2` = 134L, `3` = 139L, `4` = 117L, `5` = 127L, `6` = 89L, 
    `7` = 83L, `8` = 52L, `9` = 41L, `10` = 31L, `11` = 22L, 
    `12` = 10L, `13` = 14L, `14` = 10L, `15` = 4L, `16` = 2L, 
    `17` = 4L, `18` = 4L, `19` = 1L, `21` = 2L, `25` = 1L), .Dim = 21L, .Dimnames = structure(list(
        c("1", "2", "3", "4", "5", "6", "7", "8", "9", "10", 
        "11", "12", "13", "14", "15", "16", "17", "18", "19", 
        "21", "25")), .Names = ""), class = "table"), No.Tag = structure(c(0L, 
    28L, 149L, 7L, 0L, 3L, 0L, 0L, 0L, 0L, 0L, 0L, 0L, 0L, 9L, 
    0L, 0L, 0L), .Dim = c(6L, 3L), .Dimnames = structure(list(
        c("-2", "-1", "0", "1", "2", NA), c("A", "G", NA)), .Names = c("", 
    "")), class = "table"), All.Tags = list(Concordant = list(
        Freqs = structure(c(2, 65, 763, 9, 0, 0, 0, 0, 0, 0), .Dim = c(5L, 
        2L), .Dimnames = list(c("-2", "-1", "0", "1", "2"), c("A", 
        "G"))), N = 839), Majority = list(Freqs = structure(c(2, 
    87, 934, 12, 0, 0, 0, 0, 0, 0), .Dim = c(5L, 2L), .Dimnames = list(
        c("-2", "-1", "0", "1", "2"), c("A", "G"))), N = 1035)), 
        `2` = structure(c(1, 64, 785, 10, 0, 0, 0, 0, 0, 0), .Dim = c(5L, 
        2L), .Dimnames = list(c("-2", "-1", "0", "1", "2"), c("A", 
        "G"))))))
