Results <-
list(`bwaOutput/20210421msiMNRsJenny/273863C5_S28.sam` = list(
    LR46_SNP1 = list(All = list(Freqs = structure(c(0L, 0L, 0L, 
    0L, 1L, 1L, 231L, 2546L, 8L, 6L, 0L, 0L, 3L, 0L, 0L, 0L, 
    1L, 9L, 0L, 0L), .Dim = 5:4, .Dimnames = structure(list(c("-3", 
    "-1", "0", "1", NA), c("A", "G", "T", NA)), .Names = c("", 
    "")), class = "table"), N = 2806L), Tag.Distribution = structure(c(`1` = 92L, 
    `2` = 78L, `3` = 63L, `4` = 61L, `5` = 50L, `6` = 44L, `7` = 38L, 
    `8` = 26L, `9` = 22L, `10` = 21L, `11` = 15L, `12` = 7L, 
    `13` = 4L, `14` = 6L, `15` = 2L, `16` = 3L, `17` = 2L, `20` = 2L, 
    `22` = 1L, `23` = 1L, `24` = 1L, `27` = 1L), .Dim = 22L, .Dimnames = structure(list(
        c("1", "2", "3", "4", "5", "6", "7", "8", "9", "10", 
        "11", "12", "13", "14", "15", "16", "17", "20", "22", 
        "23", "24", "27")), .Names = ""), class = "table"), No.Tag = structure(c(0L, 
    0L, 0L, 0L, 1L, 0L, 14L, 77L, 0L, 1L, 0L, 0L, 0L, 0L, 0L, 
    0L, 0L, 3L, 0L, 0L), .Dim = 5:4, .Dimnames = structure(list(
        c("-3", "-1", "0", "1", NA), c("A", "G", "T", NA)), .Names = c("", 
    "")), class = "table"), All.Tags = list(Concordant = list(
        Freqs = structure(c(0, 0, 0, 0, 0, 43, 468, 0, 0, 0, 
        1, 0), .Dim = 4:3, .Dimnames = list(c("-3", "-1", "0", 
        "1"), c("A", "G", "T"))), N = 512), Majority = list(Freqs = structure(c(0, 
    0, 0, 0, 0, 48, 488, 0, 0, 0, 1, 0), .Dim = 4:3, .Dimnames = list(
        c("-3", "-1", "0", "1"), c("A", "G", "T"))), N = 537)), 
        `2` = structure(c(0, 0, 0, 0, 0, 35, 412, 0, 0, 0, 0, 
        0), .Dim = 4:3, .Dimnames = list(c("-3", "-1", "0", "1"
        ), c("A", "G", "T"))))))
