Results <-
list(`bwaOutput/20210421msiMNRsJenny/274563_S22.sam` = list(LR36_SNP1 = list(
    All = list(Freqs = structure(c(0L, 0L, 50L, 856L, 933L, 9L, 
    18L, 1L, 194L, 418L, 25L, 771L, 3L, 7L, 0L, 0L, 1L, 1L, 31L, 
    0L, 0L), .Dim = c(7L, 3L), .Dimnames = structure(list(c("-4", 
    "-3", "-2", "-1", "0", "1", NA), c("A", "T", NA)), .Names = c("", 
    "")), class = "table"), N = 3318L), Tag.Distribution = structure(c(`1` = 133L, 
    `2` = 126L, `3` = 85L, `4` = 88L, `5` = 63L, `6` = 62L, `7` = 43L, 
    `8` = 30L, `9` = 15L, `10` = 20L, `11` = 18L, `12` = 9L, 
    `13` = 7L, `14` = 3L, `15` = 2L, `16` = 2L, `17` = 3L, `18` = 3L, 
    `19` = 1L, `23` = 1L, `26` = 1L), .Dim = 21L, .Dimnames = structure(list(
        c("1", "2", "3", "4", "5", "6", "7", "8", "9", "10", 
        "11", "12", "13", "14", "15", "16", "17", "18", "19", 
        "23", "26")), .Names = ""), class = "table"), No.Tag = structure(c(0L, 
    0L, 0L, 25L, 23L, 0L, 0L, 0L, 10L, 8L, 0L, 22L, 0L, 0L, 0L, 
    0L, 0L, 0L, 1L, 0L, 0L), .Dim = c(7L, 3L), .Dimnames = structure(list(
        c("-4", "-3", "-2", "-1", "0", "1", NA), c("A", "T", 
        NA)), .Names = c("", "")), class = "table"), All.Tags = list(
        Concordant = list(Freqs = structure(c(0, 0, 12, 159, 
        153, 0, 0, 43, 83, 2, 156, 0), .Dim = c(6L, 2L), .Dimnames = list(
            c("-4", "-3", "-2", "-1", "0", "1"), c("A", "T"))), 
            N = 608), Majority = list(Freqs = structure(c(0, 
        0, 12, 175, 189, 0, 0, 48, 92, 2, 175, 0), .Dim = c(6L, 
        2L), .Dimnames = list(c("-4", "-3", "-2", "-1", "0", 
        "1"), c("A", "T"))), N = 693)), `2` = structure(c(0, 
    0, 10, 145, 157, 0, 0, 37, 74, 2, 143, 0), .Dim = c(6L, 2L
    ), .Dimnames = list(c("-4", "-3", "-2", "-1", "0", "1"), 
        c("A", "T"))))))
