Results <-
list(`bwaOutput/20210421msiMNRsJenny/274563_S22.sam` = list(GM09_SNP1 = list(
    All = list(Freqs = structure(c(6L, 1970L, 1L, 0L, 22L, 2325L, 
    0L, 1L, 0L, 2L, 0L, 0L, 0L, 18L, 0L, 0L), .Dim = c(4L, 4L
    ), .Dimnames = structure(list(c("-1", "0", "1", NA), c("A", 
    "G", "T", NA)), .Names = c("", "")), class = "table"), N = 4345L), 
    Tag.Distribution = structure(c(`1` = 147L, `2` = 151L, `3` = 131L, 
    `4` = 104L, `5` = 90L, `6` = 69L, `7` = 58L, `8` = 45L, `9` = 34L, 
    `10` = 23L, `11` = 17L, `12` = 13L, `13` = 8L, `14` = 4L, 
    `15` = 3L, `16` = 6L, `17` = 2L, `18` = 1L, `19` = 2L, `20` = 2L, 
    `22` = 1L, `24` = 1L, `29` = 1L), .Dim = 23L, .Dimnames = structure(list(
        c("1", "2", "3", "4", "5", "6", "7", "8", "9", "10", 
        "11", "12", "13", "14", "15", "16", "17", "18", "19", 
        "20", "22", "24", "29")), .Names = ""), class = "table"), 
    No.Tag = structure(c(0L, 49L, 0L, 0L, 0L, 23L, 0L, 0L, 0L, 
    0L, 0L, 0L, 0L, 0L, 0L, 0L), .Dim = c(4L, 4L), .Dimnames = structure(list(
        c("-1", "0", "1", NA), c("A", "G", "T", NA)), .Names = c("", 
    "")), class = "table"), All.Tags = list(Concordant = list(
        Freqs = structure(c(0, 362, 0, 3, 433, 0, 0, 0, 0), .Dim = c(3L, 
        3L), .Dimnames = list(c("-1", "0", "1"), c("A", "G", 
        "T"))), N = 798), Majority = list(Freqs = structure(c(0, 
    412, 0, 3, 485, 0, 0, 0, 0), .Dim = c(3L, 3L), .Dimnames = list(
        c("-1", "0", "1"), c("A", "G", "T"))), N = 900)), `2` = structure(c(0, 
    339, 0, 2, 415, 0, 0, 0, 0), .Dim = c(3L, 3L), .Dimnames = list(
        c("-1", "0", "1"), c("A", "G", "T"))))))
