Results <-
list(`bwaOutput/20210421msiMNRsJenny/274563_S22.sam` = list(GM14_SNP1 = list(
    All = list(Freqs = structure(c(22L, 834L, 332L, 2016L, 25L, 
    20L, 0L, 0L, 0L, 3L, 0L, 0L, 0L, 1L, 1L, 9L, 1L, 0L), .Dim = c(6L, 
    3L), .Dimnames = structure(list(c("-3", "-2", "-1", "0", 
    "1", NA), c("C", "T", NA)), .Names = c("", "")), class = "table"), 
        N = 3264L), Tag.Distribution = structure(c(`1` = 147L, 
    `2` = 116L, `3` = 83L, `4` = 79L, `5` = 76L, `6` = 56L, `7` = 47L, 
    `8` = 31L, `9` = 17L, `10` = 17L, `11` = 13L, `12` = 11L, 
    `13` = 9L, `14` = 6L, `15` = 3L, `16` = 1L, `17` = 1L, `18` = 2L, 
    `19` = 2L, `21` = 1L), .Dim = 20L, .Dimnames = structure(list(
        c("1", "2", "3", "4", "5", "6", "7", "8", "9", "10", 
        "11", "12", "13", "14", "15", "16", "17", "18", "19", 
        "21")), .Names = ""), class = "table"), No.Tag = structure(c(0L, 
    10L, 1L, 43L, 1L, 0L, 0L, 0L, 0L, 0L, 0L, 0L, 0L, 0L, 0L, 
    0L, 0L, 0L), .Dim = c(6L, 3L), .Dimnames = structure(list(
        c("-3", "-2", "-1", "0", "1", NA), c("C", "T", NA)), .Names = c("", 
    "")), class = "table"), All.Tags = list(Concordant = list(
        Freqs = structure(c(4, 167, 55, 380, 0, 0, 0, 0, 2, 0
        ), .Dim = c(5L, 2L), .Dimnames = list(c("-3", "-2", "-1", 
        "0", "1"), c("C", "T"))), N = 608), Majority = list(Freqs = structure(c(5, 
    184, 66, 448, 0, 0, 0, 0, 2, 0), .Dim = c(5L, 2L), .Dimnames = list(
        c("-3", "-2", "-1", "0", "1"), c("C", "T"))), N = 705)), 
    `2` = structure(c(3, 142, 55, 361, 0, 0, 0, 0, 0, 0), .Dim = c(5L, 
    2L), .Dimnames = list(c("-3", "-2", "-1", "0", "1"), c("C", 
    "T"))))))
