Results <-
list(`bwaOutput/20210421msiMNRsJenny/274565_S39.sam` = list(LR52_SNP1 = list(
    All = list(Freqs = structure(c(5L, 168L, 6L, 67L, 658L, 7L, 
    3L, 2L, 55L, 12L, 148L, 671L, 9L, 5L, 0L, 0L, 0L, 4L, 43L, 
    1L, 0L), .Dim = c(7L, 3L), .Dimnames = structure(list(c("-4", 
    "-3", "-2", "-1", "0", "1", NA), c("C", "T", NA)), .Names = c("", 
    "")), class = "table"), N = 1864L), Tag.Distribution = structure(c(`1` = 132L, 
    `2` = 109L, `3` = 84L, `4` = 72L, `5` = 50L, `6` = 30L, `7` = 27L, 
    `8` = 17L, `9` = 10L, `10` = 6L, `11` = 2L, `12` = 1L, `14` = 1L
    ), .Dim = 13L, .Dimnames = structure(list(c("1", "2", "3", 
    "4", "5", "6", "7", "8", "9", "10", "11", "12", "14")), .Names = ""), class = "table"), 
    No.Tag = structure(c(0L, 3L, 0L, 5L, 5L, 0L, 0L, 0L, 0L, 
    0L, 0L, 7L, 0L, 0L, 0L, 0L, 0L, 0L, 1L, 0L, 0L), .Dim = c(7L, 
    3L), .Dimnames = structure(list(c("-4", "-3", "-2", "-1", 
    "0", "1", NA), c("C", "T", NA)), .Names = c("", "")), class = "table"), 
    All.Tags = list(Concordant = list(Freqs = structure(c(2, 
    41, 0, 8, 160, 0, 0, 9, 2, 28, 167, 0), .Dim = c(6L, 2L), .Dimnames = list(
        c("-4", "-3", "-2", "-1", "0", "1"), c("C", "T"))), N = 417), 
        Majority = list(Freqs = structure(c(2, 42, 0, 10, 208, 
        0, 0, 14, 2, 32, 207, 1), .Dim = c(6L, 2L), .Dimnames = list(
            c("-4", "-3", "-2", "-1", "0", "1"), c("C", "T"))), 
            N = 518)), `2` = structure(c(1, 32, 0, 6, 163, 0, 
    0, 12, 0, 21, 158, 1), .Dim = c(6L, 2L), .Dimnames = list(
        c("-4", "-3", "-2", "-1", "0", "1"), c("C", "T"))))))
