Results <-
list(`bwaOutput/20210421msiMNRsJenny/274563_S22.sam` = list(LR17_SNP1 = list(
    All = list(Freqs = structure(c(17L, 1512L, 325L, 3064L, 296L, 
    10L, 46L, 0L, 1L, 0L, 0L, 0L, 0L, 0L, 0L, 2L, 1L, 95L, 1L, 
    0L, 0L), .Dim = c(7L, 3L), .Dimnames = structure(list(c("-3", 
    "-2", "-1", "0", "1", "2", NA), c("A", "G", NA)), .Names = c("", 
    "")), class = "table"), N = 5370L), Tag.Distribution = structure(c(`1` = 130L, 
    `2` = 123L, `3` = 147L, `4` = 118L, `5` = 118L, `6` = 84L, 
    `7` = 74L, `8` = 53L, `9` = 46L, `10` = 35L, `11` = 23L, 
    `12` = 16L, `13` = 11L, `14` = 14L, `15` = 4L, `16` = 5L, 
    `17` = 2L, `18` = 3L, `19` = 4L, `21` = 2L, `22` = 1L), .Dim = 21L, .Dimnames = structure(list(
        c("1", "2", "3", "4", "5", "6", "7", "8", "9", "10", 
        "11", "12", "13", "14", "15", "16", "17", "18", "19", 
        "21", "22")), .Names = ""), class = "table"), No.Tag = structure(c(0L, 
    30L, 13L, 70L, 3L, 0L, 4L, 0L, 0L, 0L, 0L, 0L, 0L, 0L, 0L, 
    0L, 0L, 9L, 0L, 0L, 0L), .Dim = c(7L, 3L), .Dimnames = structure(list(
        c("-3", "-2", "-1", "0", "1", "2", NA), c("A", "G", NA
        )), .Names = c("", "")), class = "table"), All.Tags = list(
        Concordant = list(Freqs = structure(c(3, 229, 35, 483, 
        36, 1, 0, 0, 0, 0, 0, 0), .Dim = c(6L, 2L), .Dimnames = list(
            c("-3", "-2", "-1", "0", "1", "2"), c("A", "G"))), 
            N = 787), Majority = list(Freqs = structure(c(3, 
        279, 43, 599, 58, 1, 0, 0, 0, 0, 0, 0), .Dim = c(6L, 
        2L), .Dimnames = list(c("-3", "-2", "-1", "0", "1", "2"
        ), c("A", "G"))), N = 983)), `2` = structure(c(3, 252, 
    34, 520, 49, 0, 0, 0, 0, 0, 0, 0), .Dim = c(6L, 2L), .Dimnames = list(
        c("-3", "-2", "-1", "0", "1", "2"), c("A", "G"))))))
