Results <-
list(`bwaOutput/20210421msiMNRsJenny/274563_S22.sam` = list(IM16_SNP1 = list(
    All = list(Freqs = structure(c(15L, 929L, 339L, 4L, 4L, 638L, 
    620L, 11L, 2L, 5L, 2L, 17L, 0L, 0L, 0L), .Dim = c(5L, 3L), .Dimnames = structure(list(
        c("-1", "0", "1", "2", NA), c("A", "G", NA)), .Names = c("", 
    "")), class = "table"), N = 2586L), Tag.Distribution = structure(c(`1` = 111L, 
    `2` = 80L, `3` = 77L, `4` = 70L, `5` = 46L, `6` = 42L, `7` = 33L, 
    `8` = 26L, `9` = 16L, `10` = 21L, `11` = 9L, `12` = 8L, `13` = 5L, 
    `14` = 7L, `15` = 1L, `16` = 4L, `17` = 2L, `19` = 1L), .Dim = 18L, .Dimnames = structure(list(
        c("1", "2", "3", "4", "5", "6", "7", "8", "9", "10", 
        "11", "12", "13", "14", "15", "16", "17", "19")), .Names = ""), class = "table"), 
    No.Tag = structure(c(0L, 30L, 0L, 0L, 0L, 3L, 5L, 0L, 0L, 
    1L, 0L, 0L, 0L, 0L, 0L), .Dim = c(5L, 3L), .Dimnames = structure(list(
        c("-1", "0", "1", "2", NA), c("A", "G", NA)), .Names = c("", 
    "")), class = "table"), All.Tags = list(Concordant = list(
        Freqs = structure(c(4, 162, 63, 0, 115, 121, 0, 0), .Dim = c(4L, 
        2L), .Dimnames = list(c("-1", "0", "1", "2"), c("A", 
        "G"))), N = 465), Majority = list(Freqs = structure(c(4, 
    192, 78, 0, 136, 138, 1, 0), .Dim = c(4L, 2L), .Dimnames = list(
        c("-1", "0", "1", "2"), c("A", "G"))), N = 549)), `2` = structure(c(0, 
    163, 59, 0, 112, 107, 1, 0), .Dim = c(4L, 2L), .Dimnames = list(
        c("-1", "0", "1", "2"), c("A", "G"))))))
