Results <-
list(`bwaOutput/20210421msiMNRsJenny/274563_S22.sam` = list(GM07_SNP1 = list(
    All = list(Freqs = structure(c(1L, 13L, 232L, 875L, 44L, 
    4L, 12L, 0L, 100L, 890L, 484L, 12L, 0L, 19L, 0L, 0L, 5L, 
    4L, 0L, 0L, 0L), .Dim = c(7L, 3L), .Dimnames = structure(list(
        c("-3", "-2", "-1", "0", "1", "2", NA), c("A", "G", NA
        )), .Names = c("", "")), class = "table"), N = 2695L), 
    Tag.Distribution = structure(c(`1` = 120L, `2` = 101L, `3` = 110L, 
    `4` = 78L, `5` = 73L, `6` = 44L, `7` = 33L, `8` = 18L, `9` = 16L, 
    `10` = 19L, `11` = 12L, `12` = 9L, `13` = 1L, `14` = 2L, 
    `15` = 2L, `17` = 1L), .Dim = 16L, .Dimnames = structure(list(
        c("1", "2", "3", "4", "5", "6", "7", "8", "9", "10", 
        "11", "12", "13", "14", "15", "17")), .Names = ""), class = "table"), 
    No.Tag = structure(c(0L, 1L, 3L, 13L, 0L, 0L, 0L, 0L, 0L, 
    33L, 14L, 0L, 0L, 1L, 0L, 0L, 0L, 0L, 0L, 0L, 0L), .Dim = c(7L, 
    3L), .Dimnames = structure(list(c("-3", "-2", "-1", "0", 
    "1", "2", NA), c("A", "G", NA)), .Names = c("", "")), class = "table"), 
    All.Tags = list(Concordant = list(Freqs = structure(c(0, 
    2, 44, 152, 0, 1, 0, 29, 176, 80, 1, 0), .Dim = c(6L, 2L), .Dimnames = list(
        c("-3", "-2", "-1", "0", "1", "2"), c("A", "G"))), N = 485), 
        Majority = list(Freqs = structure(c(0, 2, 51, 205, 3, 
        1, 0, 29, 213, 110, 1, 0), .Dim = c(6L, 2L), .Dimnames = list(
            c("-3", "-2", "-1", "0", "1", "2"), c("A", "G"))), 
            N = 615)), `2` = structure(c(0, 2, 38, 176, 3, 1, 
    0, 18, 168, 92, 1, 0), .Dim = c(6L, 2L), .Dimnames = list(
        c("-3", "-2", "-1", "0", "1", "2"), c("A", "G"))))))
