Results <-
list(`bwaOutput/20210421msiMNRsJenny/274563_S22.sam` = list(LR44_SNP1 = list(
    All = list(Freqs = structure(c(2L, 593L, 5L, 42L, 556L, 9L, 
    0L, 8L, 0L, 0L, 0L, 0L, 1L, 0L, 0L, 0L, 0L, 37L, 581L, 52L, 
    587L, 8L, 5L, 6L, 0L, 0L, 2L, 1L, 13L, 0L, 0L, 0L), .Dim = c(8L, 
    4L), .Dimnames = structure(list(c("-4", "-3", "-2", "-1", 
    "0", "1", "4", NA), c("C", "G", "T", NA)), .Names = c("", 
    "")), class = "table"), N = 2508L), Tag.Distribution = structure(c(`1` = 112L, 
    `2` = 96L, `3` = 84L, `4` = 67L, `5` = 62L, `6` = 41L, `7` = 34L, 
    `8` = 27L, `9` = 18L, `10` = 13L, `11` = 10L, `12` = 2L, 
    `13` = 3L, `14` = 3L, `15` = 3L, `16` = 1L, `18` = 1L, `21` = 1L, 
    `23` = 1L), .Dim = 19L, .Dimnames = structure(list(c("1", 
    "2", "3", "4", "5", "6", "7", "8", "9", "10", "11", "12", 
    "13", "14", "15", "16", "18", "21", "23")), .Names = ""), class = "table"), 
    No.Tag = structure(c(1L, 9L, 0L, 0L, 10L, 0L, 0L, 0L, 0L, 
    0L, 0L, 0L, 0L, 0L, 0L, 0L, 0L, 0L, 15L, 0L, 9L, 0L, 0L, 
    0L, 0L, 0L, 0L, 0L, 0L, 0L, 0L, 0L), .Dim = c(8L, 4L), .Dimnames = structure(list(
        c("-4", "-3", "-2", "-1", "0", "1", "4", NA), c("C", 
        "G", "T", NA)), .Names = c("", "")), class = "table"), 
    All.Tags = list(Concordant = list(Freqs = structure(c(0, 
    127, 0, 6, 100, 1, 0, 0, 0, 0, 0, 1, 0, 0, 0, 7, 112, 2, 
    100, 0, 1), .Dim = c(7L, 3L), .Dimnames = list(c("-4", "-3", 
    "-2", "-1", "0", "1", "4"), c("C", "G", "T"))), N = 457), 
        Majority = list(Freqs = structure(c(0, 137, 0, 6, 126, 
        1, 0, 0, 0, 0, 0, 1, 0, 0, 0, 8, 133, 4, 144, 0, 1), .Dim = c(7L, 
        3L), .Dimnames = list(c("-4", "-3", "-2", "-1", "0", 
        "1", "4"), c("C", "G", "T"))), N = 561)), `2` = structure(c(0, 
    115, 0, 1, 104, 1, 0, 0, 0, 0, 0, 0, 0, 0, 0, 5, 105, 2, 
    120, 0, 1), .Dim = c(7L, 3L), .Dimnames = list(c("-4", "-3", 
    "-2", "-1", "0", "1", "4"), c("C", "G", "T"))))))
