Results <-
list(`bwaOutput/20210421msiMNRsJenny/274563_S22.sam` = list(IM49_SNP1 = list(
    All = list(Freqs = structure(c(51L, 820L, 816L, 13L, 16L, 
    21L, 710L, 596L, 15L, 13L, 0L, 15L, 27L, 0L, 0L), .Dim = c(5L, 
    3L), .Dimnames = structure(list(c("-2", "-1", "0", "1", NA
    ), c("C", "G", NA)), .Names = c("", "")), class = "table"), 
        N = 3113L), Tag.Distribution = structure(c(`1` = 207L, 
    `2` = 131L, `3` = 91L, `4` = 84L, `5` = 64L, `6` = 48L, `7` = 33L, 
    `8` = 22L, `9` = 21L, `10` = 14L, `11` = 12L, `12` = 7L, 
    `13` = 8L, `14` = 5L, `15` = 1L, `16` = 4L, `17` = 5L, `18` = 2L, 
    `20` = 1L), .Dim = 19L, .Dimnames = structure(list(c("1", 
    "2", "3", "4", "5", "6", "7", "8", "9", "10", "11", "12", 
    "13", "14", "15", "16", "17", "18", "20")), .Names = ""), class = "table"), 
    No.Tag = structure(c(0L, 14L, 11L, 0L, 0L, 1L, 26L, 23L, 
    0L, 3L, 0L, 0L, 3L, 0L, 0L), .Dim = c(5L, 3L), .Dimnames = structure(list(
        c("-2", "-1", "0", "1", NA), c("C", "G", NA)), .Names = c("", 
    "")), class = "table"), All.Tags = list(Concordant = list(
        Freqs = structure(c(11, 167, 146, 1, 6, 145, 132, 2), .Dim = c(4L, 
        2L), .Dimnames = list(c("-2", "-1", "0", "1"), c("C", 
        "G"))), N = 610), Majority = list(Freqs = structure(c(13, 
    195, 187, 1, 6, 164, 165, 2), .Dim = c(4L, 2L), .Dimnames = list(
        c("-2", "-1", "0", "1"), c("C", "G"))), N = 733)), `2` = structure(c(8, 
    153, 132, 0, 3, 122, 115, 0), .Dim = c(4L, 2L), .Dimnames = list(
        c("-2", "-1", "0", "1"), c("C", "G"))))))
