Results <-
list(`bwaOutput/20210421msiMNRsJenny/274563_S22.sam` = list(LR48_SNP1 = list(
    All = list(Freqs = structure(c(8L, 149L, 2587L, 81L, 12L, 
    0L, 0L, 1L, 0L, 0L, 0L, 1L, 30L, 0L, 0L), .Dim = c(5L, 3L
    ), .Dimnames = structure(list(c("-2", "-1", "0", "1", NA), 
        c("C", "T", NA)), .Names = c("", "")), class = "table"), 
        N = 2869L), Tag.Distribution = structure(c(`1` = 78L, 
    `2` = 61L, `3` = 44L, `4` = 41L, `5` = 48L, `6` = 35L, `7` = 43L, 
    `8` = 31L, `9` = 22L, `10` = 19L, `11` = 19L, `12` = 12L, 
    `13` = 12L, `14` = 9L, `15` = 6L, `16` = 5L, `17` = 1L, `18` = 1L, 
    `19` = 2L, `20` = 1L, `23` = 1L, `26` = 1L), .Dim = 22L, .Dimnames = structure(list(
        c("1", "2", "3", "4", "5", "6", "7", "8", "9", "10", 
        "11", "12", "13", "14", "15", "16", "17", "18", "19", 
        "20", "23", "26")), .Names = ""), class = "table"), No.Tag = structure(c(0L, 
    2L, 36L, 0L, 0L, 0L, 0L, 0L, 0L, 0L, 0L, 0L, 1L, 0L, 0L), .Dim = c(5L, 
    3L), .Dimnames = structure(list(c("-2", "-1", "0", "1", NA
    ), c("C", "T", NA)), .Names = c("", "")), class = "table"), 
    All.Tags = list(Concordant = list(Freqs = structure(c(0, 
    10, 355, 9, 0, 0, 1, 0), .Dim = c(4L, 2L), .Dimnames = list(
        c("-2", "-1", "0", "1"), c("C", "T"))), N = 375), Majority = list(
        Freqs = structure(c(0, 12, 455, 11, 0, 0, 1, 0), .Dim = c(4L, 
        2L), .Dimnames = list(c("-2", "-1", "0", "1"), c("C", 
        "T"))), N = 479)), `2` = structure(c(0, 8, 390, 8, 0, 
    0, 0, 0), .Dim = c(4L, 2L), .Dimnames = list(c("-2", "-1", 
    "0", "1"), c("C", "T"))))))
