Results <-
list(`bwaOutput/20210421msiMNRsJenny/274563_S22.sam` = list(LR52_SNP1 = list(
    All = list(Freqs = structure(c(6L, 163L, 683L, 79L, 796L, 
    7L, 12L, 1L, 72L, 600L, 92L, 703L, 10L, 8L, 0L, 1L, 4L, 2L, 
    40L, 0L, 0L), .Dim = c(7L, 3L), .Dimnames = structure(list(
        c("-4", "-3", "-2", "-1", "0", "1", NA), c("C", "T", 
        NA)), .Names = c("", "")), class = "table"), N = 3279L), 
    Tag.Distribution = structure(c(`1` = 85L, `2` = 66L, `3` = 67L, 
    `4` = 68L, `5` = 57L, `6` = 39L, `7` = 36L, `8` = 50L, `9` = 36L, 
    `10` = 25L, `11` = 16L, `12` = 11L, `13` = 9L, `14` = 7L, 
    `15` = 1L, `16` = 6L, `17` = 1L, `18` = 5L, `20` = 1L, `26` = 1L
    ), .Dim = 20L, .Dimnames = structure(list(c("1", "2", "3", 
    "4", "5", "6", "7", "8", "9", "10", "11", "12", "13", "14", 
    "15", "16", "17", "18", "20", "26")), .Names = ""), class = "table"), 
    No.Tag = structure(c(0L, 3L, 26L, 0L, 18L, 1L, 2L, 0L, 2L, 
    3L, 1L, 1L, 0L, 0L, 0L, 0L, 0L, 0L, 0L, 0L, 0L), .Dim = c(7L, 
    3L), .Dimnames = structure(list(c("-4", "-3", "-2", "-1", 
    "0", "1", NA), c("C", "T", NA)), .Names = c("", "")), class = "table"), 
    All.Tags = list(Concordant = list(Freqs = structure(c(0, 
    18, 94, 3, 98, 0, 1, 7, 81, 4, 88, 0), .Dim = c(6L, 2L), .Dimnames = list(
        c("-4", "-3", "-2", "-1", "0", "1"), c("C", "T"))), N = 394), 
        Majority = list(Freqs = structure(c(0, 22, 130, 3, 150, 
        0, 1, 9, 109, 8, 137, 0), .Dim = c(6L, 2L), .Dimnames = list(
            c("-4", "-3", "-2", "-1", "0", "1"), c("C", "T"))), 
            N = 569)), `2` = structure(c(0, 21, 114, 2, 127, 
    0, 0, 8, 95, 5, 116, 0), .Dim = c(6L, 2L), .Dimnames = list(
        c("-4", "-3", "-2", "-1", "0", "1"), c("C", "T"))))))
