Results <-
list(`bwaOutput/20210421msiMNRsJenny/274563_S22.sam` = list(LR24_SNP1 = list(
    All = list(Freqs = structure(c(0L, 2L, 12L, 0L, 0L, 23L, 
    1325L, 4146L, 11L, 17L, 0L, 2L, 20L, 0L, 0L), .Dim = c(5L, 
    3L), .Dimnames = structure(list(c("-2", "-1", "0", "1", NA
    ), c("A", "G", NA)), .Names = c("", "")), class = "table"), 
        N = 5558L), Tag.Distribution = structure(c(`1` = 511L, 
    `2` = 330L, `3` = 247L, `4` = 179L, `5` = 119L, `6` = 72L, 
    `7` = 57L, `8` = 45L, `9` = 31L, `10` = 17L, `11` = 13L, 
    `12` = 9L, `13` = 5L, `14` = 6L, `15` = 3L, `16` = 2L, `17` = 1L, 
    `19` = 1L, `22` = 1L, `29` = 1L), .Dim = 20L, .Dimnames = structure(list(
        c("1", "2", "3", "4", "5", "6", "7", "8", "9", "10", 
        "11", "12", "13", "14", "15", "16", "17", "19", "22", 
        "29")), .Names = ""), class = "table"), No.Tag = structure(c(0L, 
    0L, 0L, 0L, 0L, 0L, 22L, 103L, 0L, 2L, 0L, 1L, 3L, 0L, 0L
    ), .Dim = c(5L, 3L), .Dimnames = structure(list(c("-2", "-1", 
    "0", "1", NA), c("A", "G", NA)), .Names = c("", "")), class = "table"), 
    All.Tags = list(Concordant = list(Freqs = structure(c(0, 
    0, 3, 0, 3, 270, 1107, 1), .Dim = c(4L, 2L), .Dimnames = list(
        c("-2", "-1", "0", "1"), c("A", "G"))), N = 1384), Majority = list(
        Freqs = structure(c(0, 1, 3, 0, 5, 351, 1241, 1), .Dim = c(4L, 
        2L), .Dimnames = list(c("-2", "-1", "0", "1"), c("A", 
        "G"))), N = 1602)), `2` = structure(c(0, 1, 1, 0, 3, 
    243, 842, 1), .Dim = c(4L, 2L), .Dimnames = list(c("-2", 
    "-1", "0", "1"), c("A", "G"))))))
