Results <-
list(`bwaOutput/20210421msiMNRsJenny/274565_S39.sam` = list(IM49_SNP1 = list(
    All = list(Freqs = structure(c(2L, 174L, 23L, 747L, 20L, 
    7L, 3L, 191L, 21L, 685L, 10L, 0L, 0L, 0L, 0L, 25L, 0L, 0L
    ), .Dim = c(6L, 3L), .Dimnames = structure(list(c("-3", "-2", 
    "-1", "0", "1", NA), c("C", "G", NA)), .Names = c("", "")), class = "table"), 
        N = 1908L), Tag.Distribution = structure(c(`1` = 209L, 
    `2` = 152L, `3` = 103L, `4` = 72L, `5` = 35L, `6` = 33L, 
    `7` = 15L, `8` = 11L, `9` = 4L, `10` = 3L, `11` = 2L, `12` = 1L, 
    `13` = 2L, `14` = 1L, `15` = 1L, `26` = 1L), .Dim = 16L, .Dimnames = structure(list(
        c("1", "2", "3", "4", "5", "6", "7", "8", "9", "10", 
        "11", "12", "13", "14", "15", "26")), .Names = ""), class = "table"), 
    No.Tag = structure(c(0L, 10L, 0L, 26L, 1L, 0L, 0L, 1L, 0L, 
    11L, 0L, 0L, 0L, 0L, 0L, 2L, 0L, 0L), .Dim = c(6L, 3L), .Dimnames = structure(list(
        c("-3", "-2", "-1", "0", "1", NA), c("C", "G", NA)), .Names = c("", 
    "")), class = "table"), All.Tags = list(Concordant = list(
        Freqs = structure(c(0, 40, 0, 229, 4, 0, 42, 6, 219, 
        0), .Dim = c(5L, 2L), .Dimnames = list(c("-3", "-2", 
        "-1", "0", "1"), c("C", "G"))), N = 540), Majority = list(
        Freqs = structure(c(0, 51, 1, 263, 4, 0, 54, 6, 235, 
        0), .Dim = c(5L, 2L), .Dimnames = list(c("-3", "-2", 
        "-1", "0", "1"), c("C", "G"))), N = 614)), `2` = structure(c(0, 
    36, 1, 183, 1, 0, 41, 1, 150, 0), .Dim = c(5L, 2L), .Dimnames = list(
        c("-3", "-2", "-1", "0", "1"), c("C", "G"))))))
