Results <-
list(`bwaOutput/20210421msiMNRsJenny/275294_S20.sam` = list(GM07_SNP1 = list(
    All = list(Freqs = structure(c(6L, 241L, 279L, 730L, 17L, 
    1L, 17L, 0L, 30L, 291L, 668L, 11L, 1L, 9L, 0L, 1L, 0L, 4L, 
    0L, 0L, 0L), .Dim = c(7L, 3L), .Dimnames = structure(list(
        c("-3", "-2", "-1", "0", "1", "2", NA), c("A", "G", NA
        )), .Names = c("", "")), class = "table"), N = 2306L), 
    Tag.Distribution = structure(c(`1` = 99L, `2` = 101L, `3` = 76L, 
    `4` = 50L, `5` = 58L, `6` = 34L, `7` = 31L, `8` = 25L, `9` = 19L, 
    `10` = 9L, `11` = 9L, `12` = 8L, `13` = 1L, `14` = 2L, `15` = 2L, 
    `17` = 1L, `18` = 3L), .Dim = 17L, .Dimnames = structure(list(
        c("1", "2", "3", "4", "5", "6", "7", "8", "9", "10", 
        "11", "12", "13", "14", "15", "17", "18")), .Names = ""), class = "table"), 
    No.Tag = structure(c(1L, 3L, 13L, 22L, 0L, 0L, 4L, 0L, 0L, 
    4L, 18L, 0L, 0L, 2L, 0L, 0L, 0L, 1L, 0L, 0L, 0L), .Dim = c(7L, 
    3L), .Dimnames = structure(list(c("-3", "-2", "-1", "0", 
    "1", "2", NA), c("A", "G", NA)), .Names = c("", "")), class = "table"), 
    All.Tags = list(Concordant = list(Freqs = structure(c(1, 
    47, 63, 125, 1, 0, 0, 6, 51, 114, 1, 0), .Dim = c(6L, 2L), .Dimnames = list(
        c("-3", "-2", "-1", "0", "1", "2"), c("A", "G"))), N = 409), 
        Majority = list(Freqs = structure(c(1, 55, 72, 162, 1, 
        0, 0, 6, 69, 146, 1, 0), .Dim = c(6L, 2L), .Dimnames = list(
            c("-3", "-2", "-1", "0", "1", "2"), c("A", "G"))), 
            N = 513)), `2` = structure(c(0, 42, 52, 139, 1, 0, 
    0, 4, 55, 123, 0, 0), .Dim = c(6L, 2L), .Dimnames = list(
        c("-3", "-2", "-1", "0", "1", "2"), c("A", "G"))))))
