Results <-
list(`bwaOutput/20210421msiMNRsJenny/275294_S20.sam` = list(LR44_SNP1 = list(
    All = list(Freqs = structure(c(3L, 85L, 312L, 105L, 1235L, 
    44L, 6L, 1L, 6L, 0L, 0L, 0L, 0L, 7L, 0L, 0L, 0L, 0L, 0L, 
    0L, 4L, 1L, 34L, 0L, 0L, 1L, 0L, 0L, 0L, 0L, 0L, 13L, 0L, 
    0L, 0L, 0L), .Dim = c(9L, 4L), .Dimnames = structure(list(
        c("-4", "-3", "-2", "-1", "0", "1", "2", "3", NA), c("C", 
        "G", "T", NA)), .Names = c("", "")), class = "table"), 
        N = 1857L), Tag.Distribution = structure(c(`1` = 83L, 
    `2` = 66L, `3` = 74L, `4` = 58L, `5` = 37L, `6` = 43L, `7` = 18L, 
    `8` = 22L, `9` = 12L, `10` = 12L, `11` = 5L, `12` = 2L, `13` = 3L, 
    `14` = 2L, `16` = 2L), .Dim = 15L, .Dimnames = structure(list(
        c("1", "2", "3", "4", "5", "6", "7", "8", "9", "10", 
        "11", "12", "13", "14", "16")), .Names = ""), class = "table"), 
    No.Tag = structure(c(0L, 1L, 5L, 2L, 28L, 1L, 0L, 0L, 0L, 
    0L, 0L, 0L, 0L, 0L, 0L, 0L, 0L, 0L, 0L, 0L, 0L, 0L, 0L, 0L, 
    0L, 0L, 0L, 0L, 0L, 0L, 0L, 0L, 0L, 0L, 0L, 0L), .Dim = c(9L, 
    4L), .Dimnames = structure(list(c("-4", "-3", "-2", "-1", 
    "0", "1", "2", "3", NA), c("C", "G", "T", NA)), .Names = c("", 
    "")), class = "table"), All.Tags = list(Concordant = list(
        Freqs = structure(c(0, 13, 76, 9, 230, 0, 0, 0, 0, 0, 
        0, 0, 2, 0, 0, 0, 0, 0, 1, 0, 6, 0, 0, 0), .Dim = c(8L, 
        3L), .Dimnames = list(c("-4", "-3", "-2", "-1", "0", 
        "1", "2", "3"), c("C", "G", "T"))), N = 337), Majority = list(
        Freqs = structure(c(0, 17, 86, 13, 297, 3, 0, 0, 0, 0, 
        0, 0, 3, 0, 0, 0, 0, 0, 1, 0, 7, 0, 0, 0), .Dim = c(8L, 
        3L), .Dimnames = list(c("-4", "-3", "-2", "-1", "0", 
        "1", "2", "3"), c("C", "G", "T"))), N = 427)), `2` = structure(c(0, 
    16, 63, 9, 246, 3, 0, 0, 0, 0, 0, 0, 2, 0, 0, 0, 0, 0, 1, 
    0, 6, 0, 0, 0), .Dim = c(8L, 3L), .Dimnames = list(c("-4", 
    "-3", "-2", "-1", "0", "1", "2", "3"), c("C", "G", "T"))))))
