Results <-
list(`bwaOutput/20210421msiMNRsJenny/275294_S20.sam` = list(GM14_SNP1 = list(
    All = list(Freqs = structure(c(0L, 0L, 0L, 1L, 0L, 0L, 0L, 
    3L, 373L, 454L, 1953L, 24L, 1L, 28L, 0L, 0L, 0L, 17L, 0L, 
    0L, 0L), .Dim = c(7L, 3L), .Dimnames = structure(list(c("-3", 
    "-2", "-1", "0", "1", "2", NA), c("A", "C", NA)), .Names = c("", 
    "")), class = "table"), N = 2854L), Tag.Distribution = structure(c(`1` = 108L, 
    `2` = 106L, `3` = 91L, `4` = 86L, `5` = 80L, `6` = 46L, `7` = 29L, 
    `8` = 37L, `9` = 21L, `10` = 10L, `11` = 8L, `12` = 5L, `13` = 7L, 
    `14` = 4L, `15` = 1L, `17` = 2L, `19` = 2L, `20` = 1L), .Dim = 18L, .Dimnames = structure(list(
        c("1", "2", "3", "4", "5", "6", "7", "8", "9", "10", 
        "11", "12", "13", "14", "15", "17", "19", "20")), .Names = ""), class = "table"), 
    No.Tag = structure(c(0L, 0L, 0L, 0L, 0L, 0L, 0L, 0L, 4L, 
    7L, 40L, 0L, 0L, 0L, 0L, 0L, 0L, 0L, 0L, 0L, 0L), .Dim = c(7L, 
    3L), .Dimnames = structure(list(c("-3", "-2", "-1", "0", 
    "1", "2", NA), c("A", "C", NA)), .Names = c("", "")), class = "table"), 
    All.Tags = list(Concordant = list(Freqs = structure(c(0, 
    0, 0, 0, 0, 0, 0, 83, 86, 371, 0, 0), .Dim = c(6L, 2L), .Dimnames = list(
        c("-3", "-2", "-1", "0", "1", "2"), c("A", "C"))), N = 540), 
        Majority = list(Freqs = structure(c(0, 0, 0, 0, 0, 0, 
        0, 93, 101, 428, 1, 0), .Dim = c(6L, 2L), .Dimnames = list(
            c("-3", "-2", "-1", "0", "1", "2"), c("A", "C"))), 
            N = 623)), `2` = structure(c(0, 0, 0, 0, 0, 0, 0, 
    82, 75, 361, 1, 0), .Dim = c(6L, 2L), .Dimnames = list(c("-3", 
    "-2", "-1", "0", "1", "2"), c("A", "C"))))))
