Results <-
list(`bwaOutput/20210421msiMNRsJenny/275294_S20.sam` = list(IM49_SNP1 = list(
    All = list(Freqs = structure(c(3L, 65L, 326L, 819L, 9L, 0L, 
    9L, 0L, 17L, 186L, 1120L, 27L, 1L, 5L, 0L, 0L, 0L, 33L, 1L, 
    0L, 0L), .Dim = c(7L, 3L), .Dimnames = structure(list(c("-3", 
    "-2", "-1", "0", "1", "2", NA), c("C", "G", NA)), .Names = c("", 
    "")), class = "table"), N = 2621L), Tag.Distribution = structure(c(`1` = 154L, 
    `2` = 118L, `3` = 90L, `4` = 86L, `5` = 65L, `6` = 39L, `7` = 33L, 
    `8` = 21L, `9` = 17L, `10` = 16L, `11` = 5L, `12` = 7L, `14` = 5L, 
    `15` = 3L, `17` = 2L), .Dim = 15L, .Dimnames = structure(list(
        c("1", "2", "3", "4", "5", "6", "7", "8", "9", "10", 
        "11", "12", "14", "15", "17")), .Names = ""), class = "table"), 
    No.Tag = structure(c(0L, 0L, 6L, 20L, 1L, 0L, 0L, 0L, 0L, 
    3L, 20L, 1L, 0L, 0L, 0L, 0L, 0L, 6L, 1L, 0L, 0L), .Dim = c(7L, 
    3L), .Dimnames = structure(list(c("-3", "-2", "-1", "0", 
    "1", "2", NA), c("C", "G", NA)), .Names = c("", "")), class = "table"), 
    All.Tags = list(Concordant = list(Freqs = structure(c(0, 
    15, 62, 181, 0, 0, 0, 1, 33, 233, 0, 0), .Dim = c(6L, 2L), .Dimnames = list(
        c("-3", "-2", "-1", "0", "1", "2"), c("C", "G"))), N = 525), 
        Majority = list(Freqs = structure(c(0, 17, 74, 216, 0, 
        0, 0, 1, 41, 288, 0, 0), .Dim = c(6L, 2L), .Dimnames = list(
            c("-3", "-2", "-1", "0", "1", "2"), c("C", "G"))), 
            N = 637)), `2` = structure(c(0, 14, 55, 164, 0, 0, 
    0, 1, 31, 225, 0, 0), .Dim = c(6L, 2L), .Dimnames = list(
        c("-3", "-2", "-1", "0", "1", "2"), c("C", "G"))))))
