Results <-
list(`bwaOutput/20210421msiMNRsJenny/275294_S20.sam` = list(IM16_SNP1 = list(
    All = list(Freqs = structure(c(1L, 8L, 897L, 10L, 1L, 0L, 
    0L, 1L, 1L, 0L, 0L, 0L, 2L, 328L, 802L, 20L, 0L, 1L, 0L, 
    1L, 0L, 0L, 0L, 0L, 0L, 2L, 14L, 0L, 0L, 0L), .Dim = 6:5, .Dimnames = structure(list(
        c("-2", "-1", "0", "1", "2", NA), c("A", "C", "G", "T", 
        NA)), .Names = c("", "")), class = "table"), N = 2089L), 
    Tag.Distribution = structure(c(`1` = 120L, `2` = 78L, `3` = 75L, 
    `4` = 59L, `5` = 52L, `6` = 45L, `7` = 22L, `8` = 18L, `9` = 16L, 
    `10` = 10L, `11` = 9L, `12` = 4L, `13` = 1L, `14` = 2L, `15` = 2L, 
    `16` = 1L, `17` = 1L), .Dim = 17L, .Dimnames = structure(list(
        c("1", "2", "3", "4", "5", "6", "7", "8", "9", "10", 
        "11", "12", "13", "14", "15", "16", "17")), .Names = ""), class = "table"), 
    No.Tag = structure(c(0L, 1L, 12L, 0L, 0L, 0L, 0L, 0L, 0L, 
    0L, 0L, 0L, 0L, 4L, 12L, 0L, 0L, 0L, 0L, 0L, 0L, 0L, 0L, 
    0L, 0L, 0L, 0L, 0L, 0L, 0L), .Dim = 6:5, .Dimnames = structure(list(
        c("-2", "-1", "0", "1", "2", NA), c("A", "C", "G", "T", 
        NA)), .Names = c("", "")), class = "table"), All.Tags = list(
        Concordant = list(Freqs = structure(c(0, 1, 209, 0, 0, 
        0, 0, 0, 0, 0, 0, 59, 170, 0, 0, 0, 0, 0, 0, 0), .Dim = 5:4, .Dimnames = list(
            c("-2", "-1", "0", "1", "2"), c("A", "C", "G", "T"
            ))), N = 439), Majority = list(Freqs = structure(c(0, 
        1, 226, 0, 0, 0, 0, 0, 0, 0, 0, 72, 202, 0, 0, 0, 0, 
        0, 0, 0), .Dim = 5:4, .Dimnames = list(c("-2", "-1", 
        "0", "1", "2"), c("A", "C", "G", "T"))), N = 501)), `2` = structure(c(0, 
    1, 175, 0, 0, 0, 0, 0, 0, 0, 0, 60, 151, 0, 0, 0, 0, 0, 0, 
    0), .Dim = 5:4, .Dimnames = list(c("-2", "-1", "0", "1", 
    "2"), c("A", "C", "G", "T"))))))
