Results <-
list(`bwaOutput/20210421msiMNRsJenny/275294_S20.sam` = list(LR52_SNP1 = list(
    All = list(Freqs = structure(c(1L, 109L, 31L, 99L, 77L, 600L, 
    4L, 6L, 0L, 1L, 7L, 156L, 118L, 644L, 1L, 8L, 0L, 0L, 0L, 
    0L, 2L, 43L, 2L, 0L), .Dim = c(8L, 3L), .Dimnames = structure(list(
        c("-5", "-4", "-3", "-2", "-1", "0", "1", NA), c("C", 
        "T", NA)), .Names = c("", "")), class = "table"), N = 1909L), 
    Tag.Distribution = structure(c(`1` = 101L, `2` = 80L, `3` = 64L, 
    `4` = 71L, `5` = 37L, `6` = 37L, `7` = 33L, `8` = 12L, `9` = 15L, 
    `10` = 8L, `11` = 9L, `12` = 4L, `14` = 2L, `15` = 1L), .Dim = 14L, .Dimnames = structure(list(
        c("1", "2", "3", "4", "5", "6", "7", "8", "9", "10", 
        "11", "12", "14", "15")), .Names = ""), class = "table"), 
    No.Tag = structure(c(0L, 0L, 0L, 1L, 1L, 19L, 0L, 0L, 0L, 
    0L, 0L, 1L, 2L, 7L, 0L, 0L, 0L, 0L, 0L, 0L, 0L, 2L, 0L, 0L
    ), .Dim = c(8L, 3L), .Dimnames = structure(list(c("-5", "-4", 
    "-3", "-2", "-1", "0", "1", NA), c("C", "T", NA)), .Names = c("", 
    "")), class = "table"), All.Tags = list(Concordant = list(
        Freqs = structure(c(0, 26, 7, 24, 4, 118, 0, 0, 0, 0, 
        32, 14, 125, 0), .Dim = c(7L, 2L), .Dimnames = list(c("-5", 
        "-4", "-3", "-2", "-1", "0", "1"), c("C", "T"))), N = 350), 
        Majority = list(Freqs = structure(c(0, 31, 7, 28, 6, 
        162, 0, 0, 0, 0, 40, 16, 169, 0), .Dim = c(7L, 2L), .Dimnames = list(
            c("-5", "-4", "-3", "-2", "-1", "0", "1"), c("C", 
            "T"))), N = 459)), `2` = structure(c(0, 24, 6, 20, 
    3, 127, 0, 0, 0, 0, 30, 12, 141, 0), .Dim = c(7L, 2L), .Dimnames = list(
        c("-5", "-4", "-3", "-2", "-1", "0", "1"), c("C", "T"
        ))))))
