Results <-
list(`bwaOutput/20210421msiMNRsJenny/275294_S20.sam` = list(LR17_SNP1 = list(
    All = list(Freqs = structure(c(17L, 466L, 3676L, 44L, 21L, 
    0L, 0L, 1L, 0L, 0L, 0L, 2L, 89L, 1L, 0L), .Dim = c(5L, 3L
    ), .Dimnames = structure(list(c("-2", "-1", "0", "1", NA), 
        c("A", "G", NA)), .Names = c("", "")), class = "table"), 
        N = 4317L), Tag.Distribution = structure(c(`1` = 175L, 
    `2` = 134L, `3` = 114L, `4` = 117L, `5` = 82L, `6` = 88L, 
    `7` = 49L, `8` = 42L, `9` = 33L, `10` = 19L, `11` = 23L, 
    `12` = 10L, `13` = 8L, `14` = 8L, `15` = 4L, `16` = 4L, `17` = 2L, 
    `18` = 1L, `20` = 1L, `21` = 1L, `22` = 1L), .Dim = 21L, .Dimnames = structure(list(
        c("1", "2", "3", "4", "5", "6", "7", "8", "9", "10", 
        "11", "12", "13", "14", "15", "16", "17", "18", "20", 
        "21", "22")), .Names = ""), class = "table"), No.Tag = structure(c(0L, 
    15L, 106L, 1L, 1L, 0L, 0L, 0L, 0L, 0L, 0L, 0L, 9L, 0L, 0L
    ), .Dim = c(5L, 3L), .Dimnames = structure(list(c("-2", "-1", 
    "0", "1", NA), c("A", "G", NA)), .Names = c("", "")), class = "table"), 
    All.Tags = list(Concordant = list(Freqs = structure(c(2, 
    60, 684, 5, 0, 0, 0, 0), .Dim = c(4L, 2L), .Dimnames = list(
        c("-2", "-1", "0", "1"), c("A", "G"))), N = 751), Majority = list(
        Freqs = structure(c(3, 72, 814, 7, 0, 0, 0, 0), .Dim = c(4L, 
        2L), .Dimnames = list(c("-2", "-1", "0", "1"), c("A", 
        "G"))), N = 896)), `2` = structure(c(2, 56, 666, 3, 0, 
    0, 0, 0), .Dim = c(4L, 2L), .Dimnames = list(c("-2", "-1", 
    "0", "1"), c("A", "G"))))))
