Results <-
list(`bwaOutput/20210421msiMNRsJenny/275407_S34.sam` = list(LR48_SNP1 = list(
    All = list(Freqs = structure(c(0L, 2L, 79L, 939L, 12L, 6L, 
    1L, 7L, 222L, 1214L, 16L, 6L, 0L, 0L, 2L, 25L, 0L, 0L), .Dim = c(6L, 
    3L), .Dimnames = structure(list(c("-3", "-2", "-1", "0", 
    "1", NA), c("C", "T", NA)), .Names = c("", "")), class = "table"), 
        N = 2531L), Tag.Distribution = structure(c(`1` = 67L, 
    `2` = 52L, `3` = 51L, `4` = 45L, `5` = 49L, `6` = 33L, `7` = 35L, 
    `8` = 20L, `9` = 22L, `10` = 22L, `11` = 15L, `12` = 13L, 
    `13` = 5L, `14` = 7L, `15` = 4L, `16` = 3L, `17` = 3L, `18` = 2L, 
    `19` = 1L, `20` = 1L), .Dim = 20L, .Dimnames = structure(list(
        c("1", "2", "3", "4", "5", "6", "7", "8", "9", "10", 
        "11", "12", "13", "14", "15", "16", "17", "18", "19", 
        "20")), .Names = ""), class = "table"), No.Tag = structure(c(0L, 
    0L, 0L, 18L, 0L, 0L, 0L, 0L, 4L, 18L, 0L, 0L, 0L, 0L, 0L, 
    3L, 0L, 0L), .Dim = c(6L, 3L), .Dimnames = structure(list(
        c("-3", "-2", "-1", "0", "1", NA), c("C", "T", NA)), .Names = c("", 
    "")), class = "table"), All.Tags = list(Concordant = list(
        Freqs = structure(c(0, 0, 8, 131, 2, 0, 1, 33, 168, 0
        ), .Dim = c(5L, 2L), .Dimnames = list(c("-3", "-2", "-1", 
        "0", "1"), c("C", "T"))), N = 343), Majority = list(Freqs = structure(c(0, 
    0, 12, 166, 2, 0, 1, 42, 217, 0), .Dim = c(5L, 2L), .Dimnames = list(
        c("-3", "-2", "-1", "0", "1"), c("C", "T"))), N = 440)), 
    `2` = structure(c(0, 0, 9, 143, 0, 0, 0, 32, 193, 0), .Dim = c(5L, 
    2L), .Dimnames = list(c("-3", "-2", "-1", "0", "1"), c("C", 
    "T"))))))
