Results <-
list(`bwaOutput/20210421msiMNRsJenny/275407_S34.sam` = list(GM14_SNP1 = list(
    All = list(Freqs = structure(c(6L, 244L, 1145L, 11L, 13L, 
    11L, 607L, 673L, 1L, 19L, 0L, 1L, 11L, 0L, 0L), .Dim = c(5L, 
    3L), .Dimnames = structure(list(c("-2", "-1", "0", "1", NA
    ), c("C", "T", NA)), .Names = c("", "")), class = "table"), 
        N = 2742L), Tag.Distribution = structure(c(`1` = 111L, 
    `2` = 85L, `3` = 81L, `4` = 57L, `5` = 62L, `6` = 47L, `7` = 28L, 
    `8` = 32L, `9` = 18L, `10` = 20L, `11` = 13L, `12` = 6L, 
    `13` = 5L, `14` = 7L, `15` = 5L, `17` = 1L, `20` = 1L, `21` = 1L
    ), .Dim = 18L, .Dimnames = structure(list(c("1", "2", "3", 
    "4", "5", "6", "7", "8", "9", "10", "11", "12", "13", "14", 
    "15", "17", "20", "21")), .Names = ""), class = "table"), 
    No.Tag = structure(c(0L, 10L, 10L, 0L, 0L, 0L, 36L, 13L, 
    0L, 2L, 0L, 0L, 2L, 0L, 0L), .Dim = c(5L, 3L), .Dimnames = structure(list(
        c("-2", "-1", "0", "1", NA), c("C", "T", NA)), .Names = c("", 
    "")), class = "table"), All.Tags = list(Concordant = list(
        Freqs = structure(c(0, 31, 205, 0, 3, 114, 125, 0), .Dim = c(4L, 
        2L), .Dimnames = list(c("-2", "-1", "0", "1"), c("C", 
        "T"))), N = 478), Majority = list(Freqs = structure(c(0, 
    41, 250, 0, 3, 125, 147, 0), .Dim = c(4L, 2L), .Dimnames = list(
        c("-2", "-1", "0", "1"), c("C", "T"))), N = 566)), `2` = structure(c(0, 
    31, 207, 0, 1, 101, 119, 0), .Dim = c(4L, 2L), .Dimnames = list(
        c("-2", "-1", "0", "1"), c("C", "T"))))))
