Results <-
list(`bwaOutput/20210421msiMNRsJenny/275407_S34.sam` = list(LR36_SNP1 = list(
    All = list(Freqs = structure(c(3L, 539L, 35L, 1298L, 396L, 
    38L, 1L, 47L, 0L, 0L, 0L, 1L, 0L, 0L, 0L, 0L, 0L, 1L, 0L, 
    29L, 0L, 0L, 0L, 0L), .Dim = c(8L, 3L), .Dimnames = structure(list(
        c("-3", "-2", "-1", "0", "1", "2", "3", NA), c("A", "T", 
        NA)), .Names = c("", "")), class = "table"), N = 2388L), 
    Tag.Distribution = structure(c(`1` = 118L, `2` = 90L, `3` = 70L, 
    `4` = 63L, `5` = 48L, `6` = 45L, `7` = 21L, `8` = 36L, `9` = 14L, 
    `10` = 14L, `11` = 8L, `12` = 2L, `13` = 5L, `14` = 3L, `15` = 1L, 
    `16` = 1L, `18` = 2L, `19` = 1L, `22` = 1L), .Dim = 19L, .Dimnames = structure(list(
        c("1", "2", "3", "4", "5", "6", "7", "8", "9", "10", 
        "11", "12", "13", "14", "15", "16", "18", "19", "22")), .Names = ""), class = "table"), 
    No.Tag = structure(c(0L, 11L, 0L, 51L, 18L, 2L, 0L, 5L, 0L, 
    0L, 0L, 0L, 0L, 0L, 0L, 0L, 0L, 1L, 0L, 2L, 0L, 0L, 0L, 0L
    ), .Dim = c(8L, 3L), .Dimnames = structure(list(c("-3", "-2", 
    "-1", "0", "1", "2", "3", NA), c("A", "T", NA)), .Names = c("", 
    "")), class = "table"), All.Tags = list(Concordant = list(
        Freqs = structure(c(1, 106, 2, 273, 78, 9, 1, 0, 0, 0, 
        1, 0, 0, 0), .Dim = c(7L, 2L), .Dimnames = list(c("-3", 
        "-2", "-1", "0", "1", "2", "3"), c("A", "T"))), N = 471), 
        Majority = list(Freqs = structure(c(1, 118, 3, 306, 95, 
        9, 1, 0, 0, 0, 1, 0, 0, 0), .Dim = c(7L, 2L), .Dimnames = list(
            c("-3", "-2", "-1", "0", "1", "2", "3"), c("A", "T"
            ))), N = 534)), `2` = structure(c(0, 95, 2, 233, 
    83, 5, 0, 0, 0, 0, 0, 0, 0, 0), .Dim = c(7L, 2L), .Dimnames = list(
        c("-3", "-2", "-1", "0", "1", "2", "3"), c("A", "T"))))))
