Results <-
list(`bwaOutput/20210421msiMNRsJenny/275407_S34.sam` = list(LR17_SNP1 = list(
    All = list(Freqs = structure(c(21L, 997L, 2886L, 20L, 31L, 
    0L, 0L, 1L, 0L, 0L, 0L, 8L, 113L, 0L, 0L), .Dim = c(5L, 3L
    ), .Dimnames = structure(list(c("-2", "-1", "0", "1", NA), 
        c("A", "C", NA)), .Names = c("", "")), class = "table"), 
        N = 4077L), Tag.Distribution = structure(c(`1` = 168L, 
    `2` = 122L, `3` = 104L, `4` = 104L, `5` = 96L, `6` = 67L, 
    `7` = 62L, `8` = 46L, `9` = 40L, `10` = 23L, `11` = 7L, `12` = 14L, 
    `13` = 4L, `14` = 5L, `15` = 2L, `16` = 2L, `17` = 1L, `18` = 1L, 
    `19` = 2L, `20` = 1L), .Dim = 20L, .Dimnames = structure(list(
        c("1", "2", "3", "4", "5", "6", "7", "8", "9", "10", 
        "11", "12", "13", "14", "15", "16", "17", "18", "19", 
        "20")), .Names = ""), class = "table"), No.Tag = structure(c(0L, 
    34L, 95L, 0L, 3L, 0L, 0L, 0L, 0L, 0L, 0L, 1L, 8L, 0L, 0L), .Dim = c(5L, 
    3L), .Dimnames = structure(list(c("-2", "-1", "0", "1", NA
    ), c("A", "C", NA)), .Names = c("", "")), class = "table"), 
    All.Tags = list(Concordant = list(Freqs = structure(c(1, 
    159, 550, 1, 0, 0, 0, 0), .Dim = c(4L, 2L), .Dimnames = list(
        c("-2", "-1", "0", "1"), c("A", "C"))), N = 711), Majority = list(
        Freqs = structure(c(1, 194, 643, 1, 0, 0, 0, 0), .Dim = c(4L, 
        2L), .Dimnames = list(c("-2", "-1", "0", "1"), c("A", 
        "C"))), N = 839)), `2` = structure(c(0, 156, 531, 0, 
    0, 0, 0, 0), .Dim = c(4L, 2L), .Dimnames = list(c("-2", "-1", 
    "0", "1"), c("A", "C"))))))
