Results <-
list(`bwaOutput/20210421msiMNRsJenny/275407_S34.sam` = list(LR52_SNP1 = list(
    All = list(Freqs = structure(c(0L, 0L, 0L, 0L, 1L, 0L, 0L, 
    0L, 10L, 386L, 58L, 491L, 6L, 14L, 1L, 28L, 408L, 44L, 504L, 
    8L, 6L, 0L, 0L, 2L, 1L, 41L, 0L, 0L), .Dim = c(7L, 4L), .Dimnames = structure(list(
        c("-4", "-3", "-2", "-1", "0", "1", NA), c("-", "C", 
        "T", NA)), .Names = c("", "")), class = "table"), N = 2009L), 
    Tag.Distribution = structure(c(`1` = 60L, `2` = 57L, `3` = 63L, 
    `4` = 61L, `5` = 50L, `6` = 38L, `7` = 25L, `8` = 20L, `9` = 26L, 
    `10` = 8L, `11` = 11L, `12` = 3L, `13` = 2L, `15` = 1L, `16` = 1L, 
    `21` = 1L), .Dim = 16L, .Dimnames = structure(list(c("1", 
    "2", "3", "4", "5", "6", "7", "8", "9", "10", "11", "12", 
    "13", "15", "16", "21")), .Names = ""), class = "table"), 
    No.Tag = structure(c(0L, 0L, 0L, 0L, 0L, 0L, 0L, 0L, 0L, 
    4L, 0L, 5L, 0L, 0L, 0L, 1L, 18L, 2L, 5L, 0L, 2L, 0L, 0L, 
    0L, 0L, 3L, 0L, 0L), .Dim = c(7L, 4L), .Dimnames = structure(list(
        c("-4", "-3", "-2", "-1", "0", "1", NA), c("-", "C", 
        "T", NA)), .Names = c("", "")), class = "table"), All.Tags = list(
        Concordant = list(Freqs = structure(c(0, 0, 0, 0, 1, 
        0, 0, 0, 76, 3, 75, 0, 0, 3, 66, 2, 83, 1), .Dim = c(6L, 
        3L), .Dimnames = list(c("-4", "-3", "-2", "-1", "0", 
        "1"), c("-", "C", "T"))), N = 310), Majority = list(Freqs = structure(c(0, 
        0, 0, 0, 1, 0, 0, 0, 90, 6, 112, 0, 0, 4, 81, 3, 115, 
        1), .Dim = c(6L, 3L), .Dimnames = list(c("-4", "-3", 
        "-2", "-1", "0", "1"), c("-", "C", "T"))), N = 413)), 
    `2` = structure(c(0, 0, 0, 0, 0, 0, 0, 0, 81, 5, 98, 0, 0, 
    3, 72, 1, 97, 0), .Dim = c(6L, 3L), .Dimnames = list(c("-4", 
    "-3", "-2", "-1", "0", "1"), c("-", "C", "T"))))))
