Results <-
list(`bwaOutput/20210421msiMNRsJenny/275407_S34.sam` = list(LR11_SNP1 = list(
    All = list(Freqs = structure(c(0L, 0L, 1L, 0L, 0L, 0L, 1L, 
    63L, 2126L, 22L, 2L, 8L, 0L, 0L, 4L, 0L, 0L, 0L, 0L, 0L, 
    1L, 0L, 0L, 0L, 0L, 0L, 14L, 0L, 0L, 0L), .Dim = 6:5, .Dimnames = structure(list(
        c("-2", "-1", "0", "1", "2", NA), c("-", "A", "C", "G", 
        NA)), .Names = c("", "")), class = "table"), N = 2242L), 
    Tag.Distribution = structure(c(`1` = 117L, `2` = 102L, `3` = 77L, 
    `4` = 70L, `5` = 51L, `6` = 42L, `7` = 23L, `8` = 20L, `9` = 17L, 
    `10` = 9L, `11` = 11L, `12` = 3L, `13` = 2L, `14` = 4L, `15` = 3L, 
    `22` = 1L), .Dim = 16L, .Dimnames = structure(list(c("1", 
    "2", "3", "4", "5", "6", "7", "8", "9", "10", "11", "12", 
    "13", "14", "15", "22")), .Names = ""), class = "table"), 
    No.Tag = structure(c(0L, 0L, 0L, 0L, 0L, 0L, 0L, 0L, 32L, 
    0L, 0L, 0L, 0L, 0L, 0L, 0L, 0L, 0L, 0L, 0L, 0L, 0L, 0L, 0L, 
    0L, 0L, 1L, 0L, 0L, 0L), .Dim = 6:5, .Dimnames = structure(list(
        c("-2", "-1", "0", "1", "2", NA), c("-", "A", "C", "G", 
        NA)), .Names = c("", "")), class = "table"), All.Tags = list(
        Concordant = list(Freqs = structure(c(0, 0, 0, 0, 0, 
        0, 6, 484, 0, 0, 0, 0, 3, 0, 0, 0, 0, 0, 0, 0), .Dim = 5:4, .Dimnames = list(
            c("-2", "-1", "0", "1", "2"), c("-", "A", "C", "G"
            ))), N = 493), Majority = list(Freqs = structure(c(0, 
        0, 0, 0, 0, 0, 6, 535, 1, 0, 0, 0, 3, 0, 0, 0, 0, 0, 
        0, 0), .Dim = 5:4, .Dimnames = list(c("-2", "-1", "0", 
        "1", "2"), c("-", "A", "C", "G"))), N = 545)), `2` = structure(c(0, 
    0, 0, 0, 0, 0, 3, 426, 1, 0, 0, 0, 0, 0, 0, 0, 0, 0, 0, 0
    ), .Dim = 5:4, .Dimnames = list(c("-2", "-1", "0", "1", "2"
    ), c("-", "A", "C", "G"))))))
