Results <-
list(`bwaOutput/20210421msiMNRsJenny/275407_S34.sam` = list(LR40_SNP1 = list(
    All = list(Freqs = structure(c(0L, 27L, 825L, 1L, 1L, 1L, 
    452L, 444L, 0L, 5L, 0L, 0L, 1L, 0L, 0L, 0L, 1L, 7L, 0L, 0L
    ), .Dim = 5:4, .Dimnames = structure(list(c("-2", "-1", "0", 
    "1", NA), c("A", "C", "T", NA)), .Names = c("", "")), class = "table"), 
        N = 1765L), Tag.Distribution = structure(c(`1` = 102L, 
    `2` = 66L, `3` = 67L, `4` = 57L, `5` = 38L, `6` = 25L, `7` = 24L, 
    `8` = 17L, `9` = 12L, `10` = 8L, `11` = 5L, `12` = 5L, `13` = 3L, 
    `14` = 1L, `17` = 1L, `22` = 1L), .Dim = 16L, .Dimnames = structure(list(
        c("1", "2", "3", "4", "5", "6", "7", "8", "9", "10", 
        "11", "12", "13", "14", "17", "22")), .Names = ""), class = "table"), 
    No.Tag = structure(c(0L, 0L, 32L, 0L, 0L, 0L, 16L, 13L, 0L, 
    0L, 0L, 0L, 0L, 0L, 0L, 0L, 1L, 1L, 0L, 0L), .Dim = 5:4, .Dimnames = structure(list(
        c("-2", "-1", "0", "1", NA), c("A", "C", "T", NA)), .Names = c("", 
    "")), class = "table"), All.Tags = list(Concordant = list(
        Freqs = structure(c(0, 7, 178, 0, 0, 95, 108, 0, 0, 0, 
        0, 0), .Dim = 4:3, .Dimnames = list(c("-2", "-1", "0", 
        "1"), c("A", "C", "T"))), N = 388), Majority = list(Freqs = structure(c(0, 
    7, 194, 0, 0, 102, 119, 0, 0, 0, 0, 0), .Dim = 4:3, .Dimnames = list(
        c("-2", "-1", "0", "1"), c("A", "C", "T"))), N = 422)), 
    `2` = structure(c(0, 4, 152, 0, 0, 83, 85, 0, 0, 0, 0, 0), .Dim = 4:3, .Dimnames = list(
        c("-2", "-1", "0", "1"), c("A", "C", "T"))))))
