Results <-
list(`bwaOutput/20210421msiMNRsJenny/275407_S34.sam` = list(LR44_SNP1 = list(
    All = list(Freqs = structure(c(0L, 0L, 1L, 7L, 0L, 0L, 4L, 
    140L, 441L, 1246L, 12L, 11L, 0L, 0L, 0L, 8L, 0L, 0L, 0L, 
    0L, 0L, 25L, 1L, 0L, 0L, 0L, 1L, 18L, 1L, 0L), .Dim = 6:5, .Dimnames = structure(list(
        c("-3", "-2", "-1", "0", "1", NA), c("-", "C", "G", "T", 
        NA)), .Names = c("", "")), class = "table"), N = 1916L), 
    Tag.Distribution = structure(c(`1` = 96L, `2` = 81L, `3` = 71L, 
    `4` = 43L, `5` = 62L, `6` = 36L, `7` = 19L, `8` = 15L, `9` = 21L, 
    `10` = 8L, `11` = 6L, `12` = 5L, `13` = 3L, `14` = 1L, `16` = 1L
    ), .Dim = 15L, .Dimnames = structure(list(c("1", "2", "3", 
    "4", "5", "6", "7", "8", "9", "10", "11", "12", "13", "14", 
    "16")), .Names = ""), class = "table"), No.Tag = structure(c(0L, 
    0L, 0L, 0L, 0L, 0L, 0L, 3L, 4L, 18L, 0L, 3L, 0L, 0L, 0L, 
    0L, 0L, 0L, 0L, 0L, 0L, 0L, 0L, 0L, 0L, 0L, 0L, 2L, 0L, 0L
    ), .Dim = 6:5, .Dimnames = structure(list(c("-3", "-2", "-1", 
    "0", "1", NA), c("-", "C", "G", "T", NA)), .Names = c("", 
    "")), class = "table"), All.Tags = list(Concordant = list(
        Freqs = structure(c(0, 0, 0, 0, 0, 0, 25, 83, 235, 0, 
        0, 0, 0, 2, 0, 0, 0, 0, 8, 0), .Dim = 5:4, .Dimnames = list(
            c("-3", "-2", "-1", "0", "1"), c("-", "C", "G", "T"
            ))), N = 353), Majority = list(Freqs = structure(c(0, 
    0, 0, 1, 0, 0, 31, 96, 313, 0, 0, 0, 0, 2, 0, 0, 0, 0, 9, 
    0), .Dim = 5:4, .Dimnames = list(c("-3", "-2", "-1", "0", 
    "1"), c("-", "C", "G", "T"))), N = 452)), `2` = structure(c(0, 
    0, 0, 1, 0, 0, 23, 73, 255, 0, 0, 0, 0, 2, 0, 0, 0, 0, 4, 
    0), .Dim = 5:4, .Dimnames = list(c("-3", "-2", "-1", "0", 
    "1"), c("-", "C", "G", "T"))))))
