Results <-
list(`bwaOutput/20210421msiMNRsJenny/275407_S34.sam` = list(IM49_SNP1 = list(
    All = list(Freqs = structure(c(2L, 98L, 1066L, 20L, 1L, 4L, 
    0L, 115L, 815L, 55L, 1L, 10L, 0L, 2L, 46L, 2L, 0L, 0L), .Dim = c(6L, 
    3L), .Dimnames = structure(list(c("-2", "-1", "0", "1", "2", 
    NA), c("C", "G", NA)), .Names = c("", "")), class = "table"), 
        N = 2237L), Tag.Distribution = structure(c(`1` = 160L, 
    `2` = 93L, `3` = 73L, `4` = 74L, `5` = 47L, `6` = 44L, `7` = 31L, 
    `8` = 21L, `9` = 12L, `10` = 8L, `11` = 5L, `12` = 5L, `14` = 6L, 
    `15` = 1L, `16` = 1L, `18` = 1L), .Dim = 16L, .Dimnames = structure(list(
        c("1", "2", "3", "4", "5", "6", "7", "8", "9", "10", 
        "11", "12", "14", "15", "16", "18")), .Names = ""), class = "table"), 
    No.Tag = structure(c(0L, 1L, 28L, 1L, 0L, 0L, 0L, 2L, 21L, 
    1L, 0L, 0L, 0L, 0L, 2L, 0L, 0L, 0L), .Dim = c(6L, 3L), .Dimnames = structure(list(
        c("-2", "-1", "0", "1", "2", NA), c("C", "G", NA)), .Names = c("", 
    "")), class = "table"), All.Tags = list(Concordant = list(
        Freqs = structure(c(0, 18, 234, 2, 0, 0, 15, 189, 12, 
        0), .Dim = c(5L, 2L), .Dimnames = list(c("-2", "-1", 
        "0", "1", "2"), c("C", "G"))), N = 470), Majority = list(
        Freqs = structure(c(0, 22, 276, 2, 0, 0, 17, 217, 14, 
        0), .Dim = c(5L, 2L), .Dimnames = list(c("-2", "-1", 
        "0", "1", "2"), c("C", "G"))), N = 548)), `2` = structure(c(0, 
    14, 206, 1, 0, 0, 16, 164, 9, 0), .Dim = c(5L, 2L), .Dimnames = list(
        c("-2", "-1", "0", "1", "2"), c("C", "G"))))))
