Results <-
list(`bwaOutput/20210421msiMNRsJenny/287921_S46.sam` = list(GM29_SNP1 = list(
    All = list(Freqs = structure(c(168L, 1325L, 1L, 6L, 21L, 
    1648L, 3L, 1L, 0L, 15L, 0L, 0L), .Dim = 4:3, .Dimnames = structure(list(
        c("-1", "0", "1", NA), c("A", "G", NA)), .Names = c("", 
    "")), class = "table"), N = 3188L), Tag.Distribution = structure(c(`1` = 143L, 
    `2` = 102L, `3` = 93L, `4` = 70L, `5` = 55L, `6` = 62L, `7` = 31L, 
    `8` = 24L, `9` = 26L, `10` = 16L, `11` = 14L, `12` = 11L, 
    `13` = 3L, `14` = 8L, `15` = 3L, `16` = 4L, `17` = 2L, `18` = 3L, 
    `19` = 1L, `20` = 1L, `22` = 1L, `25` = 1L, `28` = 1L, `30` = 1L
    ), .Dim = 24L, .Dimnames = structure(list(c("1", "2", "3", 
    "4", "5", "6", "7", "8", "9", "10", "11", "12", "13", "14", 
    "15", "16", "17", "18", "19", "20", "22", "25", "28", "30"
    )), .Names = ""), class = "table"), No.Tag = structure(c(4L, 
    24L, 1L, 1L, 0L, 23L, 0L, 0L, 0L, 1L, 0L, 0L), .Dim = 4:3, .Dimnames = structure(list(
        c("-1", "0", "1", NA), c("A", "G", NA)), .Names = c("", 
    "")), class = "table"), All.Tags = list(Concordant = list(
        Freqs = structure(c(22, 233, 0, 5, 295, 0), .Dim = 3:2, .Dimnames = list(
            c("-1", "0", "1"), c("A", "G"))), N = 555), Majority = list(
        Freqs = structure(c(28, 285, 0, 5, 337, 0), .Dim = 3:2, .Dimnames = list(
            c("-1", "0", "1"), c("A", "G"))), N = 655)), `2` = structure(c(25, 
    220, 0, 2, 266, 0), .Dim = 3:2, .Dimnames = list(c("-1", 
    "0", "1"), c("A", "G"))))))
