Results <-
list(`bwaOutput/20210421msiMNRsJenny/287921_S46.sam` = list(IM16_SNP1 = list(
    All = list(Freqs = structure(c(0L, 0L, 2L, 0L, 0L, 0L, 36L, 
    946L, 2632L, 56L, 2L, 7L, 0L, 3L, 28L, 0L, 0L, 0L), .Dim = c(6L, 
    3L), .Dimnames = structure(list(c("-2", "-1", "0", "1", "2", 
    NA), c("A", "G", NA)), .Names = c("", "")), class = "table"), 
        N = 3712L), Tag.Distribution = structure(c(`1` = 124L, 
    `2` = 112L, `3` = 102L, `4` = 68L, `5` = 76L, `6` = 51L, 
    `7` = 59L, `8` = 34L, `9` = 31L, `10` = 27L, `11` = 17L, 
    `12` = 13L, `13` = 7L, `14` = 8L, `15` = 5L, `16` = 3L, `17` = 1L, 
    `18` = 2L, `19` = 1L, `20` = 1L, `22` = 2L, `25` = 1L), .Dim = 22L, .Dimnames = structure(list(
        c("1", "2", "3", "4", "5", "6", "7", "8", "9", "10", 
        "11", "12", "13", "14", "15", "16", "17", "18", "19", 
        "20", "22", "25")), .Names = ""), class = "table"), No.Tag = structure(c(0L, 
    0L, 0L, 0L, 0L, 0L, 0L, 3L, 26L, 1L, 0L, 2L, 0L, 0L, 4L, 
    0L, 0L, 0L), .Dim = c(6L, 3L), .Dimnames = structure(list(
        c("-2", "-1", "0", "1", "2", NA), c("A", "G", NA)), .Names = c("", 
    "")), class = "table"), All.Tags = list(Concordant = list(
        Freqs = structure(c(0, 0, 2, 0, 0, 3, 162, 475, 3, 0), .Dim = c(5L, 
        2L), .Dimnames = list(c("-2", "-1", "0", "1", "2"), c("A", 
        "G"))), N = 645), Majority = list(Freqs = structure(c(0, 
    0, 2, 0, 0, 4, 183, 538, 4, 0), .Dim = c(5L, 2L), .Dimnames = list(
        c("-2", "-1", "0", "1", "2"), c("A", "G"))), N = 731)), 
    `2` = structure(c(0, 0, 0, 0, 0, 3, 158, 449, 2, 0), .Dim = c(5L, 
    2L), .Dimnames = list(c("-2", "-1", "0", "1", "2"), c("A", 
    "G"))))))
