Results <-
list(`bwaOutput/20210421msiMNRsJenny/287921_S46.sam` = list(LR17_SNP1 = list(
    All = list(Freqs = structure(c(0L, 0L, 0L, 0L, 2L, 0L, 0L, 
    0L, 2L, 24L, 1829L, 1889L, 3504L, 44L, 1L, 46L, 0L, 0L, 7L, 
    7L, 96L, 1L, 0L, 0L), .Dim = c(8L, 3L), .Dimnames = structure(list(
        c("-4", "-3", "-2", "-1", "0", "1", "2", NA), c("-", 
        "A", NA)), .Names = c("", "")), class = "table"), N = 7452L), 
    Tag.Distribution = structure(c(`1` = 169L, `2` = 126L, `3` = 129L, 
    `4` = 137L, `5` = 103L, `6` = 104L, `7` = 96L, `8` = 71L, 
    `9` = 55L, `10` = 64L, `11` = 35L, `12` = 34L, `13` = 24L, 
    `14` = 11L, `15` = 17L, `16` = 14L, `17` = 7L, `18` = 1L, 
    `19` = 5L, `20` = 5L, `21` = 7L, `22` = 1L, `23` = 1L, `24` = 2L, 
    `25` = 1L, `26` = 1L, `27` = 3L), .Dim = 27L, .Dimnames = structure(list(
        c("1", "2", "3", "4", "5", "6", "7", "8", "9", "10", 
        "11", "12", "13", "14", "15", "16", "17", "18", "19", 
        "20", "21", "22", "23", "24", "25", "26", "27")), .Names = ""), class = "table"), 
    No.Tag = structure(c(0L, 0L, 0L, 0L, 0L, 0L, 0L, 0L, 0L, 
    0L, 42L, 25L, 62L, 0L, 0L, 3L, 0L, 0L, 2L, 1L, 5L, 0L, 0L, 
    0L), .Dim = c(8L, 3L), .Dimnames = structure(list(c("-4", 
    "-3", "-2", "-1", "0", "1", "2", NA), c("-", "A", NA)), .Names = c("", 
    "")), class = "table"), All.Tags = list(Concordant = list(
        Freqs = structure(c(0, 0, 0, 0, 0, 0, 0, 0, 3, 239, 224, 
        400, 0, 0), .Dim = c(7L, 2L), .Dimnames = list(c("-4", 
        "-3", "-2", "-1", "0", "1", "2"), c("-", "A"))), N = 866), 
        Majority = list(Freqs = structure(c(0, 0, 0, 0, 0, 0, 
        0, 0, 3, 300, 303, 577, 0, 0), .Dim = c(7L, 2L), .Dimnames = list(
            c("-4", "-3", "-2", "-1", "0", "1", "2"), c("-", 
            "A"))), N = 1183)), `2` = structure(c(0, 0, 0, 0, 
    0, 0, 0, 0, 3, 254, 263, 506, 0, 0), .Dim = c(7L, 2L), .Dimnames = list(
        c("-4", "-3", "-2", "-1", "0", "1", "2"), c("-", "A"))))))
