Results <-
list(`bwaOutput/20210421msiMNRsJenny/287921_S46.sam` = list(IM49_SNP1 = list(
    All = list(Freqs = structure(c(0L, 1L, 0L, 0L, 0L, 0L, 0L, 
    8L, 1230L, 702L, 3399L, 79L, 1L, 38L, 0L, 0L, 2L, 5L, 0L, 
    0L, 0L, 0L, 0L, 0L, 1L, 0L, 0L, 0L, 0L, 5L, 10L, 44L, 1L, 
    0L, 0L), .Dim = c(7L, 5L), .Dimnames = structure(list(c("-3", 
    "-2", "-1", "0", "1", "2", NA), c("A", "C", "G", "T", NA)), .Names = c("", 
    "")), class = "table"), N = 5526L), Tag.Distribution = structure(c(`1` = 250L, 
    `2` = 198L, `3` = 167L, `4` = 157L, `5` = 94L, `6` = 95L, 
    `7` = 69L, `8` = 52L, `9` = 30L, `10` = 29L, `11` = 20L, 
    `12` = 15L, `13` = 14L, `14` = 11L, `15` = 8L, `16` = 7L, 
    `17` = 3L, `18` = 2L, `25` = 1L, `29` = 1L, `30` = 1L), .Dim = 21L, .Dimnames = structure(list(
        c("1", "2", "3", "4", "5", "6", "7", "8", "9", "10", 
        "11", "12", "13", "14", "15", "16", "17", "18", "25", 
        "29", "30")), .Names = ""), class = "table"), No.Tag = structure(c(0L, 
    0L, 0L, 0L, 0L, 0L, 0L, 0L, 14L, 17L, 78L, 0L, 0L, 3L, 0L, 
    0L, 0L, 1L, 0L, 0L, 0L, 0L, 0L, 0L, 0L, 0L, 0L, 0L, 0L, 0L, 
    0L, 0L, 0L, 0L, 0L), .Dim = c(7L, 5L), .Dimnames = structure(list(
        c("-3", "-2", "-1", "0", "1", "2", NA), c("A", "C", "G", 
        "T", NA)), .Names = c("", "")), class = "table"), All.Tags = list(
        Concordant = list(Freqs = structure(c(0, 0, 0, 0, 0, 
        0, 1, 213, 96, 592, 8, 0, 0, 0, 1, 2, 0, 0, 0, 0, 0, 
        0, 0, 0), .Dim = c(6L, 4L), .Dimnames = list(c("-3", 
        "-2", "-1", "0", "1", "2"), c("A", "C", "G", "T"))), 
            N = 913), Majority = list(Freqs = structure(c(0, 
        0, 0, 0, 0, 0, 1, 259, 138, 760, 8, 0, 0, 0, 1, 2, 0, 
        0, 0, 0, 0, 0, 0, 0), .Dim = c(6L, 4L), .Dimnames = list(
            c("-3", "-2", "-1", "0", "1", "2"), c("A", "C", "G", 
            "T"))), N = 1169)), `2` = structure(c(0, 0, 0, 0, 
    0, 0, 1, 210, 111, 613, 1, 0, 0, 0, 0, 1, 0, 0, 0, 0, 0, 
    0, 0, 0), .Dim = c(6L, 4L), .Dimnames = list(c("-3", "-2", 
    "-1", "0", "1", "2"), c("A", "C", "G", "T"))))))
