Results <-
list(`bwaOutput/20210421msiMNRsJenny/287921_S46.sam` = list(GM11_SNP1 = list(
    All = list(Freqs = structure(c(3L, 875L, 3578L, 16L, 5L, 
    0L, 0L, 2L, 0L, 0L, 0L, 2L, 10L, 1L, 0L), .Dim = c(5L, 3L
    ), .Dimnames = structure(list(c("-2", "-1", "0", "1", NA), 
        c("A", "G", NA)), .Names = c("", "")), class = "table"), 
        N = 4492L), Tag.Distribution = structure(c(`1` = 145L, 
    `2` = 118L, `3` = 109L, `4` = 108L, `5` = 90L, `6` = 80L, 
    `7` = 64L, `8` = 52L, `9` = 35L, `10` = 26L, `11` = 20L, 
    `12` = 13L, `13` = 9L, `14` = 4L, `15` = 4L, `16` = 3L, `17` = 6L, 
    `18` = 2L, `19` = 1L, `20` = 2L, `22` = 1L, `23` = 1L, `27` = 1L
    ), .Dim = 23L, .Dimnames = structure(list(c("1", "2", "3", 
    "4", "5", "6", "7", "8", "9", "10", "11", "12", "13", "14", 
    "15", "16", "17", "18", "19", "20", "22", "23", "27")), .Names = ""), class = "table"), 
    No.Tag = structure(c(0L, 12L, 43L, 0L, 2L, 0L, 0L, 0L, 0L, 
    0L, 0L, 0L, 0L, 0L, 0L), .Dim = c(5L, 3L), .Dimnames = structure(list(
        c("-2", "-1", "0", "1", NA), c("A", "G", NA)), .Names = c("", 
    "")), class = "table"), All.Tags = list(Concordant = list(
        Freqs = structure(c(0, 139, 669, 1, 0, 0, 2, 0), .Dim = c(4L, 
        2L), .Dimnames = list(c("-2", "-1", "0", "1"), c("A", 
        "G"))), N = 811), Majority = list(Freqs = structure(c(0, 
    157, 722, 2, 0, 0, 2, 0), .Dim = c(4L, 2L), .Dimnames = list(
        c("-2", "-1", "0", "1"), c("A", "G"))), N = 883)), `2` = structure(c(0, 
    134, 606, 1, 0, 0, 0, 0), .Dim = c(4L, 2L), .Dimnames = list(
        c("-2", "-1", "0", "1"), c("A", "G"))))))
