Results <-
list(`bwaOutput/20210421msiMNRsJenny/287921_S46.sam` = list(LR36_SNP1 = list(
    All = list(Freqs = structure(c(0L, 48L, 914L, 1147L, 16L, 
    20L, 0L, 0L, 0L, 1L, 0L, 0L, 9L, 221L, 670L, 1014L, 19L, 
    24L, 0L, 2L, 10L, 53L, 0L, 0L), .Dim = c(6L, 4L), .Dimnames = structure(list(
        c("-3", "-2", "-1", "0", "1", NA), c("A", "C", "T", NA
        )), .Names = c("", "")), class = "table"), N = 4168L), 
    Tag.Distribution = structure(c(`1` = 141L, `2` = 100L, `3` = 91L, 
    `4` = 95L, `5` = 82L, `6` = 72L, `7` = 58L, `8` = 49L, `9` = 39L, 
    `10` = 22L, `11` = 14L, `12` = 21L, `13` = 7L, `14` = 4L, 
    `15` = 6L, `16` = 5L, `17` = 2L, `18` = 2L, `19` = 1L, `20` = 1L, 
    `22` = 1L), .Dim = 21L, .Dimnames = structure(list(c("1", 
    "2", "3", "4", "5", "6", "7", "8", "9", "10", "11", "12", 
    "13", "14", "15", "16", "17", "18", "19", "20", "22")), .Names = ""), class = "table"), 
    No.Tag = structure(c(0L, 0L, 21L, 30L, 3L, 1L, 0L, 0L, 0L, 
    0L, 0L, 0L, 5L, 1L, 19L, 20L, 0L, 4L, 0L, 0L, 1L, 4L, 0L, 
    0L), .Dim = c(6L, 4L), .Dimnames = structure(list(c("-3", 
    "-2", "-1", "0", "1", NA), c("A", "C", "T", NA)), .Names = c("", 
    "")), class = "table"), All.Tags = list(Concordant = list(
        Freqs = structure(c(0, 8, 139, 187, 0, 0, 0, 0, 0, 0, 
        0, 38, 102, 157, 1), .Dim = c(5L, 3L), .Dimnames = list(
            c("-3", "-2", "-1", "0", "1"), c("A", "C", "T"))), 
        N = 632), Majority = list(Freqs = structure(c(0, 9, 175, 
    226, 0, 0, 0, 0, 0, 0, 0, 46, 126, 200, 1), .Dim = c(5L, 
    3L), .Dimnames = list(c("-3", "-2", "-1", "0", "1"), c("A", 
    "C", "T"))), N = 783)), `2` = structure(c(0, 6, 143, 193, 
    0, 0, 0, 0, 0, 0, 0, 40, 104, 166, 1), .Dim = c(5L, 3L), .Dimnames = list(
        c("-3", "-2", "-1", "0", "1"), c("A", "C", "T"))))))
