Results <-
list(`bwaOutput/20210421msiMNRsJenny/287921_S46.sam` = list(GM17_SNP1 = list(
    All = list(Freqs = structure(c(1L, 79L, 2228L, 7L, 0L, 2L, 
    0L, 19L, 2391L, 5L, 1L, 1L, 0L, 1L, 24L, 0L, 0L, 0L), .Dim = c(6L, 
    3L), .Dimnames = structure(list(c("-2", "-1", "0", "1", "2", 
    NA), c("C", "T", NA)), .Names = c("", "")), class = "table"), 
        N = 4759L), Tag.Distribution = structure(c(`1` = 156L, 
    `2` = 120L, `3` = 122L, `4` = 99L, `5` = 80L, `6` = 59L, 
    `7` = 75L, `8` = 45L, `9` = 44L, `10` = 30L, `11` = 25L, 
    `12` = 17L, `13` = 17L, `14` = 8L, `15` = 4L, `16` = 4L, 
    `17` = 3L, `18` = 2L, `19` = 1L, `20` = 2L, `21` = 3L), .Dim = 21L, .Dimnames = structure(list(
        c("1", "2", "3", "4", "5", "6", "7", "8", "9", "10", 
        "11", "12", "13", "14", "15", "16", "17", "18", "19", 
        "20", "21")), .Names = ""), class = "table"), No.Tag = structure(c(0L, 
    0L, 70L, 1L, 0L, 1L, 0L, 0L, 47L, 1L, 1L, 0L, 0L, 0L, 0L, 
    0L, 0L, 0L), .Dim = c(6L, 3L), .Dimnames = structure(list(
        c("-2", "-1", "0", "1", "2", NA), c("C", "T", NA)), .Names = c("", 
    "")), class = "table"), All.Tags = list(Concordant = list(
        Freqs = structure(c(0, 12, 373, 0, 0, 0, 1, 416, 0, 0
        ), .Dim = c(5L, 2L), .Dimnames = list(c("-2", "-1", "0", 
        "1", "2"), c("C", "T"))), N = 802), Majority = list(Freqs = structure(c(0, 
    14, 426, 0, 0, 0, 1, 466, 0, 0), .Dim = c(5L, 2L), .Dimnames = list(
        c("-2", "-1", "0", "1", "2"), c("C", "T"))), N = 907)), 
    `2` = structure(c(0, 14, 355, 0, 0, 0, 1, 385, 0, 0), .Dim = c(5L, 
    2L), .Dimnames = list(c("-2", "-1", "0", "1", "2"), c("C", 
    "T"))))))
