Results <-
list(`bwaOutput/20210421msiMNRsJenny/287921_S46.sam` = list(LR44_SNP1 = list(
    All = list(Freqs = structure(c(0L, 0L, 1L, 6L, 0L, 0L, 0L, 
    0L, 0L, 1L, 71L, 560L, 1170L, 16L, 0L, 0L, 0L, 26L, 0L, 0L, 
    3L, 6L, 0L, 0L, 0L, 0L, 0L, 0L, 8L, 279L, 1865L, 44L, 1L, 
    4L, 1L, 13L, 0L, 0L, 8L, 39L, 0L, 0L, 0L, 0L, 0L), .Dim = c(9L, 
    5L), .Dimnames = structure(list(c("-3", "-2", "-1", "0", 
    "1", "2", "3", "5", NA), c("-", "C", "G", "T", NA)), .Names = c("", 
    "")), class = "table"), N = 4122L), Tag.Distribution = structure(c(`1` = 153L, 
    `2` = 106L, `3` = 113L, `4` = 108L, `5` = 92L, `6` = 69L, 
    `7` = 53L, `8` = 35L, `9` = 36L, `10` = 21L, `11` = 18L, 
    `12` = 7L, `13` = 13L, `14` = 9L, `15` = 2L, `16` = 4L, `17` = 6L, 
    `18` = 2L, `21` = 2L), .Dim = 19L, .Dimnames = structure(list(
        c("1", "2", "3", "4", "5", "6", "7", "8", "9", "10", 
        "11", "12", "13", "14", "15", "16", "17", "18", "21")), .Names = ""), class = "table"), 
    No.Tag = structure(c(0L, 0L, 0L, 0L, 0L, 0L, 0L, 0L, 0L, 
    0L, 1L, 4L, 21L, 0L, 0L, 0L, 0L, 0L, 0L, 0L, 0L, 0L, 0L, 
    0L, 0L, 0L, 0L, 0L, 0L, 7L, 37L, 3L, 0L, 0L, 0L, 2L, 0L, 
    0L, 0L, 1L, 0L, 0L, 0L, 0L, 0L), .Dim = c(9L, 5L), .Dimnames = structure(list(
        c("-3", "-2", "-1", "0", "1", "2", "3", "5", NA), c("-", 
        "C", "G", "T", NA)), .Names = c("", "")), class = "table"), 
    All.Tags = list(Concordant = list(Freqs = structure(c(0, 
    0, 0, 0, 0, 0, 0, 0, 0, 6, 73, 186, 1, 0, 0, 0, 0, 0, 1, 
    2, 0, 0, 0, 0, 0, 0, 29, 252, 1, 0, 1, 1), .Dim = c(8L, 4L
    ), .Dimnames = list(c("-3", "-2", "-1", "0", "1", "2", "3", 
    "5"), c("-", "C", "G", "T"))), N = 553), Majority = list(
        Freqs = structure(c(0, 0, 0, 1, 0, 0, 0, 0, 0, 10, 105, 
        266, 1, 0, 0, 0, 0, 0, 1, 2, 0, 0, 0, 0, 0, 0, 37, 386, 
        2, 0, 1, 1), .Dim = c(8L, 4L), .Dimnames = list(c("-3", 
        "-2", "-1", "0", "1", "2", "3", "5"), c("-", "C", "G", 
        "T"))), N = 813)), `2` = structure(c(0, 0, 0, 1, 0, 0, 
    0, 0, 0, 8, 84, 211, 0, 0, 0, 0, 0, 0, 1, 2, 0, 0, 0, 0, 
    0, 0, 25, 329, 1, 0, 1, 0), .Dim = c(8L, 4L), .Dimnames = list(
        c("-3", "-2", "-1", "0", "1", "2", "3", "5"), c("-", 
        "C", "G", "T"))))))
