Results <-
list(`bwaOutput/20210421msiMNRsJenny/287921_S46.sam` = list(DEPDC2_SNP1 = list(
    All = list(Freqs = structure(c(0L, 0L, 2L, 0L, 0L, 4L, 1413L, 
    2424L, 15L, 21L, 0L, 19L, 88L, 1L, 0L), .Dim = c(5L, 3L), .Dimnames = structure(list(
        c("-2", "-1", "0", "1", NA), c("C", "T", NA)), .Names = c("", 
    "")), class = "table"), N = 3987L), Tag.Distribution = structure(c(`1` = 177L, 
    `2` = 154L, `3` = 108L, `4` = 96L, `5` = 87L, `6` = 65L, 
    `7` = 58L, `8` = 40L, `9` = 30L, `10` = 18L, `11` = 13L, 
    `12` = 7L, `13` = 10L, `14` = 8L, `15` = 4L, `16` = 4L, `18` = 1L, 
    `21` = 1L, `23` = 1L, `25` = 1L, `26` = 1L), .Dim = 21L, .Dimnames = structure(list(
        c("1", "2", "3", "4", "5", "6", "7", "8", "9", "10", 
        "11", "12", "13", "14", "15", "16", "18", "21", "23", 
        "25", "26")), .Names = ""), class = "table"), No.Tag = structure(c(0L, 
    0L, 1L, 0L, 0L, 0L, 11L, 66L, 0L, 2L, 0L, 3L, 4L, 0L, 0L), .Dim = c(5L, 
    3L), .Dimnames = structure(list(c("-2", "-1", "0", "1", NA
    ), c("C", "T", NA)), .Names = c("", "")), class = "table"), 
    All.Tags = list(Concordant = list(Freqs = structure(c(0, 
    0, 0, 0, 1, 272, 488, 2), .Dim = c(4L, 2L), .Dimnames = list(
        c("-2", "-1", "0", "1"), c("C", "T"))), N = 763), Majority = list(
        Freqs = structure(c(0, 0, 0, 0, 1, 307, 547, 2), .Dim = c(4L, 
        2L), .Dimnames = list(c("-2", "-1", "0", "1"), c("C", 
        "T"))), N = 857)), `2` = structure(c(0, 0, 0, 0, 1, 254, 
    440, 1), .Dim = c(4L, 2L), .Dimnames = list(c("-2", "-1", 
    "0", "1"), c("C", "T"))))))
