Results <-
list(`bwaOutput/20210421msiMNRsJenny/287921_S46.sam` = list(LR24_SNP1 = list(
    All = list(Freqs = structure(c(3L, 1310L, 4292L, 4L, 9L, 
    0L, 0L, 1L, 0L, 0L, 0L, 0L, 1L, 0L, 0L, 0L, 2L, 24L, 0L, 
    0L), .Dim = 5:4, .Dimnames = structure(list(c("-2", "-1", 
    "0", "1", NA), c("A", "G", "T", NA)), .Names = c("", "")), class = "table"), 
        N = 5646L), Tag.Distribution = structure(c(`1` = 430L, 
    `2` = 310L, `3` = 256L, `4` = 160L, `5` = 110L, `6` = 90L, 
    `7` = 62L, `8` = 40L, `9` = 36L, `10` = 21L, `11` = 17L, 
    `12` = 13L, `13` = 4L, `14` = 4L, `15` = 5L, `16` = 3L, `17` = 3L, 
    `18` = 1L, `21` = 1L, `22` = 2L), .Dim = 20L, .Dimnames = structure(list(
        c("1", "2", "3", "4", "5", "6", "7", "8", "9", "10", 
        "11", "12", "13", "14", "15", "16", "17", "18", "21", 
        "22")), .Names = ""), class = "table"), No.Tag = structure(c(0L, 
    30L, 70L, 0L, 1L, 0L, 0L, 0L, 0L, 0L, 0L, 0L, 0L, 0L, 0L, 
    0L, 0L, 1L, 0L, 0L), .Dim = 5:4, .Dimnames = structure(list(
        c("-2", "-1", "0", "1", NA), c("A", "G", "T", NA)), .Names = c("", 
    "")), class = "table"), All.Tags = list(Concordant = list(
        Freqs = structure(c(0, 277, 1085, 2, 0, 0, 0, 0, 0, 0, 
        0, 0), .Dim = 4:3, .Dimnames = list(c("-2", "-1", "0", 
        "1"), c("A", "G", "T"))), N = 1364), Majority = list(
        Freqs = structure(c(0, 350, 1172, 2, 0, 0, 0, 0, 0, 0, 
        0, 0), .Dim = 4:3, .Dimnames = list(c("-2", "-1", "0", 
        "1"), c("A", "G", "T"))), N = 1524)), `2` = structure(c(0, 
    248, 849, 0, 0, 0, 0, 0, 0, 0, 0, 0), .Dim = 4:3, .Dimnames = list(
        c("-2", "-1", "0", "1"), c("A", "G", "T"))))))
