Results <-
list(`bwaOutput/20210421msiMNRsJenny/287921_S46.sam` = list(GM01_SNP1 = list(
    All = list(Freqs = structure(c(58L, 2164L, 14L, 0L, 5L, 35L, 
    2346L, 87L, 6L, 4L, 0L, 49L, 1L, 0L, 0L), .Dim = c(5L, 3L
    ), .Dimnames = structure(list(c("-1", "0", "1", "2", NA), 
        c("A", "G", NA)), .Names = c("", "")), class = "table"), 
        N = 4769L), Tag.Distribution = structure(c(`1` = 151L, 
    `2` = 133L, `3` = 122L, `4` = 83L, `5` = 83L, `6` = 77L, 
    `7` = 64L, `8` = 40L, `9` = 42L, `10` = 36L, `11` = 29L, 
    `12` = 10L, `13` = 13L, `14` = 16L, `15` = 4L, `16` = 7L, 
    `17` = 2L, `18` = 2L, `19` = 1L, `20` = 1L, `21` = 1L, `22` = 2L, 
    `25` = 1L), .Dim = 23L, .Dimnames = structure(list(c("1", 
    "2", "3", "4", "5", "6", "7", "8", "9", "10", "11", "12", 
    "13", "14", "15", "16", "17", "18", "19", "20", "21", "22", 
    "25")), .Names = ""), class = "table"), No.Tag = structure(c(2L, 
    41L, 0L, 0L, 0L, 1L, 23L, 0L, 0L, 1L, 0L, 0L, 0L, 0L, 0L), .Dim = c(5L, 
    3L), .Dimnames = structure(list(c("-1", "0", "1", "2", NA
    ), c("A", "G", NA)), .Names = c("", "")), class = "table"), 
    All.Tags = list(Concordant = list(Freqs = structure(c(3, 
    355, 1, 0, 0, 385, 8, 0), .Dim = c(4L, 2L), .Dimnames = list(
        c("-1", "0", "1", "2"), c("A", "G"))), N = 752), Majority = list(
        Freqs = structure(c(4, 431, 1, 0, 1, 449, 13, 0), .Dim = c(4L, 
        2L), .Dimnames = list(c("-1", "0", "1", "2"), c("A", 
        "G"))), N = 899)), `2` = structure(c(2, 347, 1, 0, 1, 
    389, 12, 0), .Dim = c(4L, 2L), .Dimnames = list(c("-1", "0", 
    "1", "2"), c("A", "G"))))))
