Results <-
list(`bwaOutput/20210421msiMNRsJenny/287921_S46.sam` = list(LR20_SNP1 = list(
    All = list(Freqs = structure(c(1L, 35L, 1777L, 2L, 1L, 0L, 
    13L, 1921L, 2L, 1L, 0L, 0L, 24L, 0L, 0L), .Dim = c(5L, 3L
    ), .Dimnames = structure(list(c("-3", "-1", "0", "1", NA), 
        c("A", "G", NA)), .Names = c("", "")), class = "table"), 
        N = 3777L), Tag.Distribution = structure(c(`1` = 194L, 
    `2` = 123L, `3` = 105L, `4` = 96L, `5` = 65L, `6` = 59L, 
    `7` = 42L, `8` = 30L, `9` = 30L, `10` = 20L, `11` = 21L, 
    `12` = 12L, `13` = 8L, `14` = 8L, `15` = 8L, `17` = 4L, `18` = 1L, 
    `20` = 1L, `22` = 1L, `28` = 1L), .Dim = 20L, .Dimnames = structure(list(
        c("1", "2", "3", "4", "5", "6", "7", "8", "9", "10", 
        "11", "12", "13", "14", "15", "17", "18", "20", "22", 
        "28")), .Names = ""), class = "table"), No.Tag = structure(c(0L, 
    0L, 23L, 0L, 0L, 0L, 0L, 59L, 0L, 0L, 0L, 0L, 6L, 0L, 0L), .Dim = c(5L, 
    3L), .Dimnames = structure(list(c("-3", "-1", "0", "1", NA
    ), c("A", "G", NA)), .Names = c("", "")), class = "table"), 
    All.Tags = list(Concordant = list(Freqs = structure(c(0, 
    7, 350, 0, 0, 5, 374, 0), .Dim = c(4L, 2L), .Dimnames = list(
        c("-3", "-1", "0", "1"), c("A", "G"))), N = 736), Majority = list(
        Freqs = structure(c(0, 8, 392, 0, 0, 5, 413, 0), .Dim = c(4L, 
        2L), .Dimnames = list(c("-3", "-1", "0", "1"), c("A", 
        "G"))), N = 818)), `2` = structure(c(0, 5, 307, 0, 0, 
    1, 314, 0), .Dim = c(4L, 2L), .Dimnames = list(c("-3", "-1", 
    "0", "1"), c("A", "G"))))))
