Results <-
list(`bwaOutput/20210421msiMNRsJenny/287921_S46.sam` = list(LR48_SNP1 = list(
    All = list(Freqs = structure(c(0L, 16L, 658L, 724L, 5L, 0L, 
    8L, 1L, 656L, 168L, 797L, 12L, 1L, 12L, 0L, 2L, 3L, 23L, 
    0L, 0L, 0L), .Dim = c(7L, 3L), .Dimnames = structure(list(
        c("-3", "-2", "-1", "0", "1", "2", NA), c("C", "T", NA
        )), .Names = c("", "")), class = "table"), N = 3086L), 
    Tag.Distribution = structure(c(`1` = 88L, `2` = 59L, `3` = 60L, 
    `4` = 72L, `5` = 52L, `6` = 55L, `7` = 40L, `8` = 32L, `9` = 23L, 
    `10` = 22L, `11` = 26L, `12` = 11L, `13` = 7L, `14` = 7L, 
    `15` = 2L, `16` = 4L, `17` = 3L, `18` = 1L), .Dim = 18L, .Dimnames = structure(list(
        c("1", "2", "3", "4", "5", "6", "7", "8", "9", "10", 
        "11", "12", "13", "14", "15", "16", "17", "18")), .Names = ""), class = "table"), 
    No.Tag = structure(c(0L, 0L, 15L, 41L, 0L, 0L, 1L, 0L, 11L, 
    6L, 12L, 0L, 0L, 2L, 0L, 0L, 0L, 1L, 0L, 0L, 0L), .Dim = c(7L, 
    3L), .Dimnames = structure(list(c("-3", "-2", "-1", "0", 
    "1", "2", NA), c("C", "T", NA)), .Names = c("", "")), class = "table"), 
    All.Tags = list(Concordant = list(Freqs = structure(c(0, 
    1, 97, 114, 0, 0, 0, 110, 19, 112, 0, 0), .Dim = c(6L, 2L
    ), .Dimnames = list(c("-3", "-2", "-1", "0", "1", "2"), c("C", 
    "T"))), N = 453), Majority = list(Freqs = structure(c(0, 
    2, 116, 141, 0, 0, 0, 118, 26, 145, 0, 0), .Dim = c(6L, 2L
    ), .Dimnames = list(c("-3", "-2", "-1", "0", "1", "2"), c("C", 
    "T"))), N = 548)), `2` = structure(c(0, 1, 99, 114, 0, 0, 
    0, 102, 23, 123, 0, 0), .Dim = c(6L, 2L), .Dimnames = list(
        c("-3", "-2", "-1", "0", "1", "2"), c("C", "T"))))))
