Results <-
list(`bwaOutput/20210421msiMNRsJenny/287921_S46.sam` = list(GM14_SNP1 = list(
    All = list(Freqs = structure(c(0L, 0L, 0L, 1L, 0L, 0L, 0L, 
    0L, 0L, 5L, 15L, 0L, 1L, 334L, 1296L, 3522L, 24L, 15L, 0L, 
    0L, 1L, 40L, 0L, 0L), .Dim = c(6L, 4L), .Dimnames = structure(list(
        c("-3", "-2", "-1", "0", "1", NA), c("A", "C", "T", NA
        )), .Names = c("", "")), class = "table"), N = 5254L), 
    Tag.Distribution = structure(c(`1` = 155L, `2` = 111L, `3` = 122L, 
    `4` = 101L, `5` = 85L, `6` = 82L, `7` = 76L, `8` = 44L, `9` = 47L, 
    `10` = 45L, `11` = 17L, `12` = 29L, `13` = 14L, `14` = 9L, 
    `15` = 1L, `16` = 10L, `17` = 7L, `18` = 1L, `19` = 1L, `20` = 2L, 
    `21` = 1L, `22` = 2L, `23` = 1L, `31` = 1L), .Dim = 24L, .Dimnames = structure(list(
        c("1", "2", "3", "4", "5", "6", "7", "8", "9", "10", 
        "11", "12", "13", "14", "15", "16", "17", "18", "19", 
        "20", "21", "22", "23", "31")), .Names = ""), class = "table"), 
    No.Tag = structure(c(0L, 0L, 0L, 0L, 0L, 0L, 0L, 0L, 0L, 
    0L, 0L, 0L, 0L, 11L, 13L, 76L, 0L, 0L, 0L, 0L, 0L, 0L, 0L, 
    0L), .Dim = c(6L, 4L), .Dimnames = structure(list(c("-3", 
    "-2", "-1", "0", "1", NA), c("A", "C", "T", NA)), .Names = c("", 
    "")), class = "table"), All.Tags = list(Concordant = list(
        Freqs = structure(c(0, 0, 0, 0, 0, 0, 0, 0, 3, 0, 0, 
        54, 204, 541, 0), .Dim = c(5L, 3L), .Dimnames = list(
            c("-3", "-2", "-1", "0", "1"), c("A", "C", "T"))), 
        N = 802), Majority = list(Freqs = structure(c(0, 0, 0, 
    0, 0, 0, 0, 0, 3, 1, 0, 61, 237, 636, 0), .Dim = c(5L, 3L
    ), .Dimnames = list(c("-3", "-2", "-1", "0", "1"), c("A", 
    "C", "T"))), N = 938)), `2` = structure(c(0, 0, 0, 0, 0, 
    0, 0, 0, 0, 1, 0, 52, 196, 542, 0), .Dim = c(5L, 3L), .Dimnames = list(
        c("-3", "-2", "-1", "0", "1"), c("A", "C", "T"))))))
