Results <-
list(`bwaOutput/20210421msiMNRsJenny/287921_S46.sam` = list(LR52_SNP1 = list(
    All = list(Freqs = structure(c(0L, 0L, 1L, 1L, 1L, 0L, 0L, 
    0L, 52L, 1100L, 728L, 164L, 1703L, 22L, 1L, 23L, 1L, 1L, 
    1L, 3L, 46L, 0L, 0L, 0L), .Dim = c(8L, 3L), .Dimnames = structure(list(
        c("-4", "-3", "-2", "-1", "0", "1", "2", NA), c("C", 
        "T", NA)), .Names = c("", "")), class = "table"), N = 3848L), 
    Tag.Distribution = structure(c(`1` = 119L, `2` = 104L, `3` = 99L, 
    `4` = 72L, `5` = 81L, `6` = 63L, `7` = 54L, `8` = 41L, `9` = 39L, 
    `10` = 21L, `11` = 22L, `12` = 14L, `13` = 13L, `14` = 3L, 
    `15` = 3L, `16` = 3L, `17` = 3L, `19` = 1L, `20` = 2L), .Dim = 19L, .Dimnames = structure(list(
        c("1", "2", "3", "4", "5", "6", "7", "8", "9", "10", 
        "11", "12", "13", "14", "15", "16", "17", "19", "20")), .Names = ""), class = "table"), 
    No.Tag = structure(c(0L, 0L, 0L, 0L, 0L, 0L, 0L, 0L, 1L, 
    20L, 9L, 1L, 25L, 0L, 0L, 1L, 0L, 0L, 0L, 0L, 5L, 0L, 0L, 
    0L), .Dim = c(8L, 3L), .Dimnames = structure(list(c("-4", 
    "-3", "-2", "-1", "0", "1", "2", NA), c("C", "T", NA)), .Names = c("", 
    "")), class = "table"), All.Tags = list(Concordant = list(
        Freqs = structure(c(0, 0, 0, 1, 0, 0, 0, 7, 190, 104, 
        7, 255, 1, 0), .Dim = c(7L, 2L), .Dimnames = list(c("-4", 
        "-3", "-2", "-1", "0", "1", "2"), c("C", "T"))), N = 565), 
        Majority = list(Freqs = structure(c(0, 0, 0, 1, 0, 0, 
        0, 8, 210, 138, 8, 375, 1, 0), .Dim = c(7L, 2L), .Dimnames = list(
            c("-4", "-3", "-2", "-1", "0", "1", "2"), c("C", 
            "T"))), N = 741)), `2` = structure(c(0, 0, 0, 0, 
    0, 0, 0, 6, 172, 116, 3, 328, 0, 0), .Dim = c(7L, 2L), .Dimnames = list(
        c("-4", "-3", "-2", "-1", "0", "1", "2"), c("C", "T"))))))
