Results <-
list(`bwaOutput/20210421msiMNRsJenny/287921_S46.sam` = list(GM09_SNP1 = list(
    All = list(Freqs = structure(c(20L, 2829L, 7L, 0L, 20L, 2217L, 
    0L, 2L, 0L, 30L, 0L, 0L), .Dim = 4:3, .Dimnames = structure(list(
        c("-1", "0", "1", NA), c("A", "G", NA)), .Names = c("", 
    "")), class = "table"), N = 5125L), Tag.Distribution = structure(c(`1` = 195L, 
    `2` = 137L, `3` = 141L, `4` = 112L, `5` = 95L, `6` = 83L, 
    `7` = 61L, `8` = 51L, `9` = 44L, `10` = 25L, `11` = 14L, 
    `12` = 13L, `13` = 19L, `14` = 17L, `15` = 5L, `16` = 6L, 
    `17` = 1L, `18` = 2L, `19` = 2L, `21` = 2L, `22` = 2L, `26` = 2L, 
    `27` = 1L, `31` = 1L), .Dim = 24L, .Dimnames = structure(list(
        c("1", "2", "3", "4", "5", "6", "7", "8", "9", "10", 
        "11", "12", "13", "14", "15", "16", "17", "18", "19", 
        "21", "22", "26", "27", "31")), .Names = ""), class = "table"), 
    No.Tag = structure(c(1L, 36L, 0L, 0L, 0L, 40L, 0L, 0L, 0L, 
    1L, 0L, 0L), .Dim = 4:3, .Dimnames = structure(list(c("-1", 
    "0", "1", NA), c("A", "G", NA)), .Names = c("", "")), class = "table"), 
    All.Tags = list(Concordant = list(Freqs = structure(c(2, 
    482, 0, 3, 408, 0), .Dim = 3:2, .Dimnames = list(c("-1", 
    "0", "1"), c("A", "G"))), N = 895), Majority = list(Freqs = structure(c(2, 
    545, 0, 3, 458, 0), .Dim = 3:2, .Dimnames = list(c("-1", 
    "0", "1"), c("A", "G"))), N = 1008)), `2` = structure(c(2, 
    453, 0, 3, 360, 0), .Dim = 3:2, .Dimnames = list(c("-1", 
    "0", "1"), c("A", "G"))))))
