Results <-
list(`bwaOutput/20210421msiMNRsJenny/287921_S46.sam` = list(LR10_SNP1 = list(
    All = list(Freqs = structure(c(0L, 0L, 5L, 1L, 0L, 1L, 595L, 
    6901L, 32L, 16L, 0L, 5L, 105L, 1L, 0L), .Dim = c(5L, 3L), .Dimnames = structure(list(
        c("-2", "-1", "0", "1", NA), c("C", "T", NA)), .Names = c("", 
    "")), class = "table"), N = 7662L), Tag.Distribution = structure(c(`1` = 215L, 
    `2` = 190L, `3` = 164L, `4` = 138L, `5` = 123L, `6` = 111L, 
    `7` = 86L, `8` = 92L, `9` = 53L, `10` = 55L, `11` = 47L, 
    `12` = 20L, `13` = 29L, `14` = 11L, `15` = 8L, `16` = 8L, 
    `17` = 6L, `18` = 5L, `19` = 6L, `20` = 3L, `21` = 4L, `22` = 1L, 
    `23` = 2L, `24` = 2L, `26` = 3L), .Dim = 25L, .Dimnames = structure(list(
        c("1", "2", "3", "4", "5", "6", "7", "8", "9", "10", 
        "11", "12", "13", "14", "15", "16", "17", "18", "19", 
        "20", "21", "22", "23", "24", "26")), .Names = ""), class = "table"), 
    No.Tag = structure(c(0L, 0L, 0L, 0L, 0L, 0L, 24L, 165L, 0L, 
    2L, 0L, 1L, 5L, 0L, 0L), .Dim = c(5L, 3L), .Dimnames = structure(list(
        c("-2", "-1", "0", "1", NA), c("C", "T", NA)), .Names = c("", 
    "")), class = "table"), All.Tags = list(Concordant = list(
        Freqs = structure(c(0, 0, 3, 1, 1, 72, 1133, 1), .Dim = c(4L, 
        2L), .Dimnames = list(c("-2", "-1", "0", "1"), c("C", 
        "T"))), N = 1211), Majority = list(Freqs = structure(c(0, 
    0, 3, 1, 1, 86, 1261, 1), .Dim = c(4L, 2L), .Dimnames = list(
        c("-2", "-1", "0", "1"), c("C", "T"))), N = 1353)), `2` = structure(c(0, 
    0, 0, 0, 0, 68, 1079, 0), .Dim = c(4L, 2L), .Dimnames = list(
        c("-2", "-1", "0", "1"), c("C", "T"))))))
