Results <-
list(`bwaOutput/20210421msiMNRsJenny/287921_S46.sam` = list(LR11_SNP1 = list(
    All = list(Freqs = structure(c(0L, 0L, 0L, 5L, 0L, 0L, 2L, 
    17L, 1288L, 4026L, 34L, 29L, 0L, 0L, 1L, 0L, 0L, 0L, 0L, 
    0L, 0L, 1L, 0L, 0L, 0L, 0L, 7L, 24L, 0L, 0L), .Dim = 6:5, .Dimnames = structure(list(
        c("-3", "-2", "-1", "0", "1", NA), c("A", "C", "G", "T", 
        NA)), .Names = c("", "")), class = "table"), N = 5434L), 
    Tag.Distribution = structure(c(`1` = 203L, `2` = 152L, `3` = 140L, 
    `4` = 151L, `5` = 114L, `6` = 99L, `7` = 69L, `8` = 42L, 
    `9` = 54L, `10` = 23L, `11` = 22L, `12` = 19L, `13` = 9L, 
    `14` = 10L, `15` = 2L, `16` = 6L, `17` = 2L, `18` = 2L, `19` = 2L, 
    `20` = 2L, `21` = 1L, `22` = 1L, `26` = 1L, `30` = 1L), .Dim = 24L, .Dimnames = structure(list(
        c("1", "2", "3", "4", "5", "6", "7", "8", "9", "10", 
        "11", "12", "13", "14", "15", "16", "17", "18", "19", 
        "20", "21", "22", "26", "30")), .Names = ""), class = "table"), 
    No.Tag = structure(c(0L, 0L, 0L, 0L, 0L, 0L, 0L, 0L, 18L, 
    82L, 1L, 1L, 0L, 0L, 0L, 0L, 0L, 0L, 0L, 0L, 0L, 0L, 0L, 
    0L, 0L, 0L, 0L, 2L, 0L, 0L), .Dim = 6:5, .Dimnames = structure(list(
        c("-3", "-2", "-1", "0", "1", NA), c("A", "C", "G", "T", 
        NA)), .Names = c("", "")), class = "table"), All.Tags = list(
        Concordant = list(Freqs = structure(c(0, 0, 0, 1, 0, 
        0, 3, 227, 705, 1, 0, 0, 1, 0, 0, 0, 0, 0, 0, 0), .Dim = 5:4, .Dimnames = list(
            c("-3", "-2", "-1", "0", "1"), c("A", "C", "G", "T"
            ))), N = 938), Majority = list(Freqs = structure(c(0, 
        0, 0, 2, 0, 0, 3, 264, 837, 1, 0, 0, 1, 0, 0, 0, 0, 0, 
        0, 0), .Dim = 5:4, .Dimnames = list(c("-3", "-2", "-1", 
        "0", "1"), c("A", "C", "G", "T"))), N = 1108)), `2` = structure(c(0, 
    0, 0, 1, 0, 0, 0, 214, 697, 0, 0, 0, 0, 0, 0, 0, 0, 0, 0, 
    0), .Dim = 5:4, .Dimnames = list(c("-3", "-2", "-1", "0", 
    "1"), c("A", "C", "G", "T"))))))
