Results <-
list(`bwaOutput/20210421msiMNRsJenny/287921_S46.sam` = list(GM22_SNP1 = list(
    All = list(Freqs = structure(c(2L, 1055L, 3164L, 15L, 1L, 
    17L, 0L, 0L, 1L, 0L, 0L, 0L, 0L, 1L, 24L, 0L, 0L, 0L), .Dim = c(6L, 
    3L), .Dimnames = structure(list(c("-2", "-1", "0", "1", "2", 
    NA), c("A", "G", NA)), .Names = c("", "")), class = "table"), 
        N = 4280L), Tag.Distribution = structure(c(`1` = 148L, 
    `2` = 86L, `3` = 84L, `4` = 71L, `5` = 72L, `6` = 64L, `7` = 54L, 
    `8` = 45L, `9` = 36L, `10` = 34L, `11` = 18L, `12` = 24L, 
    `13` = 10L, `14` = 12L, `15` = 11L, `16` = 3L, `17` = 2L, 
    `18` = 3L, `19` = 2L, `20` = 1L, `21` = 1L, `23` = 1L), .Dim = 22L, .Dimnames = structure(list(
        c("1", "2", "3", "4", "5", "6", "7", "8", "9", "10", 
        "11", "12", "13", "14", "15", "16", "17", "18", "19", 
        "20", "21", "23")), .Names = ""), class = "table"), No.Tag = structure(c(0L, 
    10L, 72L, 0L, 0L, 6L, 0L, 0L, 0L, 0L, 0L, 0L, 0L, 0L, 3L, 
    0L, 0L, 0L), .Dim = c(6L, 3L), .Dimnames = structure(list(
        c("-2", "-1", "0", "1", "2", NA), c("A", "G", NA)), .Names = c("", 
    "")), class = "table"), All.Tags = list(Concordant = list(
        Freqs = structure(c(0, 168, 528, 1, 0, 0, 0, 0, 0, 0), .Dim = c(5L, 
        2L), .Dimnames = list(c("-2", "-1", "0", "1", "2"), c("A", 
        "G"))), N = 697), Majority = list(Freqs = structure(c(0, 
    187, 587, 1, 0, 0, 0, 0, 0, 0), .Dim = c(5L, 2L), .Dimnames = list(
        c("-2", "-1", "0", "1", "2"), c("A", "G"))), N = 775)), 
    `2` = structure(c(0, 151, 478, 0, 0, 0, 0, 0, 0, 0), .Dim = c(5L, 
    2L), .Dimnames = list(c("-2", "-1", "0", "1", "2"), c("A", 
    "G"))))))
