Results <-
list(`bwaOutput/20210421msiMNRsJenny/287921_S46.sam` = list(GM07_SNP1 = list(
    All = list(Freqs = structure(c(0L, 0L, 9L, 1L, 0L, 0L, 321L, 
    1555L, 2016L, 77L, 1L, 39L, 3L, 5L, 23L, 1L, 0L, 0L), .Dim = c(6L, 
    3L), .Dimnames = structure(list(c("-2", "-1", "0", "1", "2", 
    NA), c("A", "G", NA)), .Names = c("", "")), class = "table"), 
        N = 4051L), Tag.Distribution = structure(c(`1` = 128L, 
    `2` = 121L, `3` = 86L, `4` = 93L, `5` = 60L, `6` = 69L, `7` = 64L, 
    `8` = 44L, `9` = 34L, `10` = 20L, `11` = 20L, `12` = 12L, 
    `13` = 15L, `14` = 7L, `15` = 3L, `16` = 5L, `17` = 3L, `18` = 3L, 
    `23` = 1L, `24` = 1L), .Dim = 20L, .Dimnames = structure(list(
        c("1", "2", "3", "4", "5", "6", "7", "8", "9", "10", 
        "11", "12", "13", "14", "15", "16", "17", "18", "23", 
        "24")), .Names = ""), class = "table"), No.Tag = structure(c(0L, 
    0L, 0L, 0L, 0L, 0L, 20L, 29L, 42L, 3L, 0L, 3L, 0L, 0L, 0L, 
    0L, 0L, 0L), .Dim = c(6L, 3L), .Dimnames = structure(list(
        c("-2", "-1", "0", "1", "2", NA), c("A", "G", NA)), .Names = c("", 
    "")), class = "table"), All.Tags = list(Concordant = list(
        Freqs = structure(c(0, 0, 1, 0, 0, 56, 232, 297, 4, 1
        ), .Dim = c(5L, 2L), .Dimnames = list(c("-2", "-1", "0", 
        "1", "2"), c("A", "G"))), N = 591), Majority = list(Freqs = structure(c(0, 
    0, 2, 0, 0, 64, 290, 399, 6, 1), .Dim = c(5L, 2L), .Dimnames = list(
        c("-2", "-1", "0", "1", "2"), c("A", "G"))), N = 762)), 
    `2` = structure(c(0, 0, 1, 0, 0, 51, 249, 338, 2, 1), .Dim = c(5L, 
    2L), .Dimnames = list(c("-2", "-1", "0", "1", "2"), c("A", 
    "G"))))))
