Results <-
list(`bwaOutput/20210421msiMNRsJenny/289280_S43.sam` = list(LR10_SNP1 = list(
    All = list(Freqs = structure(c(0L, 1L, 0L, 0L, 127L, 4106L, 
    22L, 8L, 1L, 5L, 0L, 0L, 0L, 34L, 0L, 0L), .Dim = c(4L, 4L
    ), .Dimnames = structure(list(c("-1", "0", "1", NA), c("-", 
    "C", "T", NA)), .Names = c("", "")), class = "table"), N = 4304L), 
    Tag.Distribution = structure(c(`1` = 60L, `2` = 36L, `3` = 32L, 
    `4` = 39L, `5` = 34L, `6` = 36L, `7` = 36L, `8` = 38L, `9` = 33L, 
    `10` = 30L, `11` = 22L, `12` = 21L, `13` = 16L, `14` = 21L, 
    `15` = 7L, `16` = 16L, `17` = 16L, `18` = 7L, `19` = 5L, 
    `20` = 3L, `21` = 4L, `22` = 3L, `23` = 1L, `24` = 2L, `25` = 2L, 
    `26` = 1L, `27` = 1L), .Dim = 27L, .Dimnames = structure(list(
        c("1", "2", "3", "4", "5", "6", "7", "8", "9", "10", 
        "11", "12", "13", "14", "15", "16", "17", "18", "19", 
        "20", "21", "22", "23", "24", "25", "26", "27")), .Names = ""), class = "table"), 
    No.Tag = structure(c(0L, 0L, 0L, 0L, 2L, 141L, 0L, 0L, 0L, 
    0L, 0L, 0L, 0L, 4L, 0L, 0L), .Dim = c(4L, 4L), .Dimnames = structure(list(
        c("-1", "0", "1", NA), c("-", "C", "T", NA)), .Names = c("", 
    "")), class = "table"), All.Tags = list(Concordant = list(
        Freqs = structure(c(0, 0, 0, 4, 402, 0, 1, 2, 0), .Dim = c(3L, 
        3L), .Dimnames = list(c("-1", "0", "1"), c("-", "C", 
        "T"))), N = 409), Majority = list(Freqs = structure(c(0, 
    0, 0, 5, 504, 0, 1, 2, 0), .Dim = c(3L, 3L), .Dimnames = list(
        c("-1", "0", "1"), c("-", "C", "T"))), N = 512)), `2` = structure(c(0, 
    0, 0, 3, 456, 0, 0, 0, 0), .Dim = c(3L, 3L), .Dimnames = list(
        c("-1", "0", "1"), c("-", "C", "T"))))))
