Results <-
list(`bwaOutput/20210421msiMNRsJenny/289280_S43.sam` = list(GM11_SNP1 = list(
    All = list(Freqs = structure(c(0L, 0L, 1L, 0L, 0L, 2L, 203L, 
    2063L, 5L, 1L, 0L, 1L, 0L, 0L, 0L, 0L, 0L, 1L, 0L, 0L, 0L, 
    1L, 7L, 0L, 0L), .Dim = c(5L, 5L), .Dimnames = structure(list(
        c("-2", "-1", "0", "1", NA), c("-", "A", "G", "T", NA
        )), .Names = c("", "")), class = "table"), N = 2285L), 
    Tag.Distribution = structure(c(`1` = 46L, `2` = 36L, `3` = 24L, 
    `4` = 24L, `5` = 21L, `6` = 24L, `7` = 20L, `8` = 13L, `9` = 13L, 
    `10` = 14L, `11` = 15L, `12` = 11L, `13` = 12L, `14` = 8L, 
    `15` = 8L, `16` = 7L, `17` = 3L, `18` = 8L, `19` = 4L, `20` = 1L, 
    `21` = 3L, `23` = 1L, `24` = 1L, `28` = 1L), .Dim = 24L, .Dimnames = structure(list(
        c("1", "2", "3", "4", "5", "6", "7", "8", "9", "10", 
        "11", "12", "13", "14", "15", "16", "17", "18", "19", 
        "20", "21", "23", "24", "28")), .Names = ""), class = "table"), 
    No.Tag = structure(c(0L, 0L, 0L, 0L, 0L, 0L, 1L, 22L, 0L, 
    0L, 0L, 0L, 0L, 0L, 0L, 0L, 0L, 0L, 0L, 0L, 0L, 0L, 0L, 0L, 
    0L), .Dim = c(5L, 5L), .Dimnames = structure(list(c("-2", 
    "-1", "0", "1", NA), c("-", "A", "G", "T", NA)), .Names = c("", 
    "")), class = "table"), All.Tags = list(Concordant = list(
        Freqs = structure(c(0, 0, 0, 0, 1, 28, 268, 0, 0, 0, 
        0, 0, 0, 0, 0, 0), .Dim = c(4L, 4L), .Dimnames = list(
            c("-2", "-1", "0", "1"), c("-", "A", "G", "T"))), 
        N = 297), Majority = list(Freqs = structure(c(0, 0, 0, 
    0, 1, 32, 282, 0, 0, 0, 0, 0, 0, 0, 0, 0), .Dim = c(4L, 4L
    ), .Dimnames = list(c("-2", "-1", "0", "1"), c("-", "A", 
    "G", "T"))), N = 315)), `2` = structure(c(0, 0, 0, 0, 1, 
    29, 239, 0, 0, 0, 0, 0, 0, 0, 0, 0), .Dim = c(4L, 4L), .Dimnames = list(
        c("-2", "-1", "0", "1"), c("-", "A", "G", "T"))))))
