Results <-
list(`bwaOutput/20210421msiMNRsJenny/289280_S43.sam` = list(GM14_SNP1 = list(
    All = list(Freqs = structure(c(69L, 456L, 2169L, 14L, 13L, 
    0L, 1L, 18L, 0L, 0L), .Dim = c(5L, 2L), .Dimnames = structure(list(
        c("-2", "-1", "0", "1", NA), c("C", NA)), .Names = c("", 
    "")), class = "table"), N = 2740L), Tag.Distribution = structure(c(`1` = 43L, 
    `2` = 16L, `3` = 19L, `4` = 24L, `5` = 15L, `6` = 18L, `7` = 25L, 
    `8` = 19L, `9` = 20L, `10` = 17L, `11` = 13L, `12` = 16L, 
    `13` = 19L, `14` = 8L, `15` = 9L, `16` = 4L, `17` = 6L, `18` = 4L, 
    `19` = 3L, `20` = 4L, `21` = 3L, `22` = 1L, `23` = 1L, `24` = 2L, 
    `25` = 2L, `26` = 3L, `27` = 1L, `40` = 1L, `53` = 1L), .Dim = 29L, .Dimnames = structure(list(
        c("1", "2", "3", "4", "5", "6", "7", "8", "9", "10", 
        "11", "12", "13", "14", "15", "16", "17", "18", "19", 
        "20", "21", "22", "23", "24", "25", "26", "27", "40", 
        "53")), .Names = ""), class = "table"), No.Tag = structure(c(0L, 
    21L, 21L, 0L, 0L, 0L, 1L, 1L, 0L, 0L), .Dim = c(5L, 2L), .Dimnames = structure(list(
        c("-2", "-1", "0", "1", NA), c("C", NA)), .Names = c("", 
    "")), class = "table"), All.Tags = list(Concordant = list(
        Freqs = structure(c(5, 45, 195, 0), .Dim = c(4L, 1L), .Dimnames = list(
            c("-2", "-1", "0", "1"), "C")), N = 245), Majority = list(
        Freqs = structure(c(6, 50, 259, 0), .Dim = c(4L, 1L), .Dimnames = list(
            c("-2", "-1", "0", "1"), "C")), N = 315)), `2` = structure(c(6, 
    42, 225, 0), .Dim = c(4L, 1L), .Dimnames = list(c("-2", "-1", 
    "0", "1"), "C")))))
