Results <-
list(`bwaOutput/20210421msiMNRsJenny/289280_S43.sam` = list(LR49_SNP1 = list(
    All = list(Freqs = structure(c(1L, 230L, 855L, 1L, 0L, 14L, 
    934L, 0L, 0L, 0L, 13L, 0L), .Dim = 4:3, .Dimnames = structure(list(
        c("-2", "-1", "0", NA), c("A", "G", NA)), .Names = c("", 
    "")), class = "table"), N = 2048L), Tag.Distribution = structure(c(`1` = 65L, 
    `2` = 43L, `3` = 26L, `4` = 20L, `5` = 29L, `6` = 24L, `7` = 22L, 
    `8` = 19L, `9` = 22L, `10` = 12L, `11` = 10L, `12` = 5L, 
    `13` = 6L, `14` = 10L, `15` = 8L, `16` = 1L, `17` = 2L, `18` = 1L, 
    `19` = 2L, `20` = 2L, `22` = 1L, `23` = 1L, `24` = 2L), .Dim = 23L, .Dimnames = structure(list(
        c("1", "2", "3", "4", "5", "6", "7", "8", "9", "10", 
        "11", "12", "13", "14", "15", "16", "17", "18", "19", 
        "20", "22", "23", "24")), .Names = ""), class = "table"), 
    No.Tag = structure(c(0L, 11L, 29L, 0L, 0L, 0L, 37L, 0L, 0L, 
    0L, 2L, 0L), .Dim = 4:3, .Dimnames = structure(list(c("-2", 
    "-1", "0", NA), c("A", "G", NA)), .Names = c("", "")), class = "table"), 
    All.Tags = list(Concordant = list(Freqs = structure(c(0, 
    28, 145, 0, 0, 139), .Dim = 3:2, .Dimnames = list(c("-2", 
    "-1", "0"), c("A", "G"))), N = 312), Majority = list(Freqs = structure(c(0, 
    32, 152, 0, 1, 146), .Dim = 3:2, .Dimnames = list(c("-2", 
    "-1", "0"), c("A", "G"))), N = 331)), `2` = structure(c(0, 
    26, 120, 0, 1, 119), .Dim = 3:2, .Dimnames = list(c("-2", 
    "-1", "0"), c("A", "G"))))))
