Results <-
list(`bwaOutput/20210421msiMNRsJenny/289280_S43.sam` = list(GM22_SNP1 = list(
    All = list(Freqs = structure(c(3L, 35L, 2277L, 9L, 9L, 0L, 
    0L, 2L, 0L, 0L, 0L, 0L, 12L, 0L, 0L), .Dim = c(5L, 3L), .Dimnames = structure(list(
        c("-2", "-1", "0", "1", NA), c("A", "G", NA)), .Names = c("", 
    "")), class = "table"), N = 2347L), Tag.Distribution = structure(c(`1` = 50L, 
    `2` = 10L, `3` = 16L, `4` = 15L, `5` = 23L, `6` = 15L, `7` = 16L, 
    `8` = 19L, `9` = 26L, `10` = 15L, `11` = 14L, `12` = 8L, 
    `13` = 8L, `14` = 8L, `15` = 15L, `16` = 4L, `17` = 6L, `18` = 5L, 
    `19` = 2L, `20` = 2L, `21` = 2L, `22` = 2L, `23` = 2L, `24` = 2L, 
    `26` = 1L, `31` = 1L), .Dim = 26L, .Dimnames = structure(list(
        c("1", "2", "3", "4", "5", "6", "7", "8", "9", "10", 
        "11", "12", "13", "14", "15", "16", "17", "18", "19", 
        "20", "21", "22", "23", "24", "26", "31")), .Names = ""), class = "table"), 
    No.Tag = structure(c(0L, 1L, 53L, 0L, 0L, 0L, 0L, 0L, 0L, 
    0L, 0L, 0L, 0L, 0L, 0L), .Dim = c(5L, 3L), .Dimnames = structure(list(
        c("-2", "-1", "0", "1", NA), c("A", "G", NA)), .Names = c("", 
    "")), class = "table"), All.Tags = list(Concordant = list(
        Freqs = structure(c(0, 1, 244, 0, 0, 0, 2, 0), .Dim = c(4L, 
        2L), .Dimnames = list(c("-2", "-1", "0", "1"), c("A", 
        "G"))), N = 247), Majority = list(Freqs = structure(c(0, 
    2, 279, 0, 0, 0, 2, 0), .Dim = c(4L, 2L), .Dimnames = list(
        c("-2", "-1", "0", "1"), c("A", "G"))), N = 283)), `2` = structure(c(0, 
    1, 236, 0, 0, 0, 0, 0), .Dim = c(4L, 2L), .Dimnames = list(
        c("-2", "-1", "0", "1"), c("A", "G"))))))
