Results <-
list(`bwaOutput/20210421msiMNRsJenny/289280_S43.sam` = list(IM16_SNP1 = list(
    All = list(Freqs = structure(c(199L, 239L, 1511L, 18L, 1L, 
    4L, 0L, 1L, 4L, 0L, 0L, 0L, 1L, 0L, 10L, 2L, 0L, 0L), .Dim = c(6L, 
    3L), .Dimnames = structure(list(c("-2", "-1", "0", "1", "2", 
    NA), c("G", "T", NA)), .Names = c("", "")), class = "table"), 
        N = 1990L), Tag.Distribution = structure(c(`1` = 31L, 
    `2` = 20L, `3` = 17L, `4` = 23L, `5` = 16L, `6` = 19L, `7` = 12L, 
    `8` = 18L, `9` = 8L, `10` = 8L, `11` = 12L, `12` = 10L, `13` = 10L, 
    `14` = 11L, `15` = 6L, `16` = 5L, `17` = 8L, `18` = 6L, `19` = 4L, 
    `21` = 4L, `22` = 2L, `23` = 1L), .Dim = 22L, .Dimnames = structure(list(
        c("1", "2", "3", "4", "5", "6", "7", "8", "9", "10", 
        "11", "12", "13", "14", "15", "16", "17", "18", "19", 
        "21", "22", "23")), .Names = ""), class = "table"), No.Tag = structure(c(4L, 
    1L, 19L, 0L, 0L, 1L, 0L, 0L, 0L, 0L, 0L, 0L, 0L, 0L, 0L, 
    0L, 0L, 0L), .Dim = c(6L, 3L), .Dimnames = structure(list(
        c("-2", "-1", "0", "1", "2", NA), c("G", "T", NA)), .Names = c("", 
    "")), class = "table"), All.Tags = list(Concordant = list(
        Freqs = structure(c(22, 25, 164, 0, 0, 0, 0, 0, 0, 0), .Dim = c(5L, 
        2L), .Dimnames = list(c("-2", "-1", "0", "1", "2"), c("G", 
        "T"))), N = 211), Majority = list(Freqs = structure(c(23, 
    30, 194, 0, 0, 0, 0, 1, 0, 0), .Dim = c(5L, 2L), .Dimnames = list(
        c("-2", "-1", "0", "1", "2"), c("G", "T"))), N = 248)), 
    `2` = structure(c(21, 24, 172, 0, 0, 0, 0, 1, 0, 0), .Dim = c(5L, 
    2L), .Dimnames = list(c("-2", "-1", "0", "1", "2"), c("G", 
    "T"))))))
