Results <-
list(`bwaOutput/20210421msiMNRsJenny/289280_S43.sam` = list(GM26_SNP1 = list(
    All = list(Freqs = structure(c(2L, 794L, 3L, 1L, 1L, 752L, 
    2L, 0L, 0L, 17L, 0L, 0L), .Dim = 4:3, .Dimnames = structure(list(
        c("-1", "0", "1", NA), c("A", "G", NA)), .Names = c("", 
    "")), class = "table"), N = 1572L), Tag.Distribution = structure(c(`1` = 30L, 
    `2` = 7L, `3` = 9L, `4` = 11L, `5` = 16L, `6` = 12L, `7` = 16L, 
    `8` = 7L, `9` = 12L, `10` = 12L, `11` = 7L, `12` = 3L, `13` = 7L, 
    `14` = 8L, `15` = 6L, `16` = 4L, `17` = 2L, `18` = 5L, `19` = 4L, 
    `20` = 1L, `21` = 1L, `22` = 2L, `23` = 1L, `24` = 1L, `25` = 1L, 
    `27` = 1L, `29` = 1L), .Dim = 27L, .Dimnames = structure(list(
        c("1", "2", "3", "4", "5", "6", "7", "8", "9", "10", 
        "11", "12", "13", "14", "15", "16", "17", "18", "19", 
        "20", "21", "22", "23", "24", "25", "27", "29")), .Names = ""), class = "table"), 
    No.Tag = structure(c(0L, 25L, 0L, 0L, 0L, 1L, 0L, 0L, 0L, 
    0L, 0L, 0L), .Dim = 4:3, .Dimnames = structure(list(c("-1", 
    "0", "1", NA), c("A", "G", NA)), .Names = c("", "")), class = "table"), 
    All.Tags = list(Concordant = list(Freqs = structure(c(0, 
    85, 0, 0, 88, 0), .Dim = 3:2, .Dimnames = list(c("-1", "0", 
    "1"), c("A", "G"))), N = 173), Majority = list(Freqs = structure(c(0, 
    90, 0, 0, 93, 0), .Dim = 3:2, .Dimnames = list(c("-1", "0", 
    "1"), c("A", "G"))), N = 183)), `2` = structure(c(0, 77, 
    0, 0, 80, 0), .Dim = 3:2, .Dimnames = list(c("-1", "0", "1"
    ), c("A", "G"))))))
