Results <-
list(`bwaOutput/20210421msiMNRsJenny/289280_S43.sam` = list(GM09_SNP1 = list(
    All = list(Freqs = structure(c(10L, 1903L, 5L, 1L, 7L, 1632L, 
    2L, 0L, 0L, 16L, 0L, 0L), .Dim = 4:3, .Dimnames = structure(list(
        c("-1", "0", "1", NA), c("A", "G", NA)), .Names = c("", 
    "")), class = "table"), N = 3576L), Tag.Distribution = structure(c(`1` = 65L, 
    `2` = 28L, `3` = 39L, `4` = 35L, `5` = 37L, `6` = 35L, `7` = 25L, 
    `8` = 23L, `9` = 21L, `10` = 23L, `11` = 16L, `12` = 16L, 
    `13` = 23L, `14` = 6L, `15` = 8L, `16` = 9L, `17` = 7L, `18` = 9L, 
    `19` = 4L, `20` = 2L, `21` = 3L, `22` = 2L, `23` = 1L, `25` = 3L, 
    `26` = 2L, `27` = 3L, `28` = 1L, `29` = 3L, `30` = 1L, `36` = 2L
    ), .Dim = 30L, .Dimnames = structure(list(c("1", "2", "3", 
    "4", "5", "6", "7", "8", "9", "10", "11", "12", "13", "14", 
    "15", "16", "17", "18", "19", "20", "21", "22", "23", "25", 
    "26", "27", "28", "29", "30", "36")), .Names = ""), class = "table"), 
    No.Tag = structure(c(0L, 36L, 0L, 0L, 1L, 20L, 0L, 0L, 0L, 
    1L, 0L, 0L), .Dim = 4:3, .Dimnames = structure(list(c("-1", 
    "0", "1", NA), c("A", "G", NA)), .Names = c("", "")), class = "table"), 
    All.Tags = list(Concordant = list(Freqs = structure(c(1, 
    215, 0, 0, 196, 0), .Dim = 3:2, .Dimnames = list(c("-1", 
    "0", "1"), c("A", "G"))), N = 412), Majority = list(Freqs = structure(c(1, 
    238, 0, 0, 209, 0), .Dim = 3:2, .Dimnames = list(c("-1", 
    "0", "1"), c("A", "G"))), N = 448)), `2` = structure(c(0, 
    207, 0, 0, 178, 0), .Dim = 3:2, .Dimnames = list(c("-1", 
    "0", "1"), c("A", "G"))))))
