Results <-
list(`bwaOutput/20210421msiMNRsJenny/289280_S43.sam` = list(GM01_SNP1 = list(
    All = list(Freqs = structure(c(0L, 19L, 1218L, 10L, 2L, 1L, 
    20L, 1177L, 2L, 2L, 0L, 0L, 17L, 0L, 0L), .Dim = c(5L, 3L
    ), .Dimnames = structure(list(c("-2", "-1", "0", "1", NA), 
        c("A", "G", NA)), .Names = c("", "")), class = "table"), 
        N = 2468L), Tag.Distribution = structure(c(`1` = 47L, 
    `2` = 28L, `3` = 27L, `4` = 28L, `5` = 27L, `6` = 20L, `7` = 21L, 
    `8` = 17L, `9` = 21L, `10` = 16L, `11` = 19L, `12` = 15L, 
    `13` = 11L, `14` = 10L, `15` = 7L, `16` = 3L, `17` = 4L, 
    `18` = 4L, `19` = 5L, `20` = 1L, `22` = 3L, `23` = 3L, `24` = 1L, 
    `28` = 1L), .Dim = 24L, .Dimnames = structure(list(c("1", 
    "2", "3", "4", "5", "6", "7", "8", "9", "10", "11", "12", 
    "13", "14", "15", "16", "17", "18", "19", "20", "22", "23", 
    "24", "28")), .Names = ""), class = "table"), No.Tag = structure(c(0L, 
    0L, 13L, 0L, 0L, 0L, 0L, 4L, 0L, 1L, 0L, 0L, 0L, 0L, 0L), .Dim = c(5L, 
    3L), .Dimnames = structure(list(c("-2", "-1", "0", "1", NA
    ), c("A", "G", NA)), .Names = c("", "")), class = "table"), 
    All.Tags = list(Concordant = list(Freqs = structure(c(0, 
    0, 139, 1, 0, 1, 146, 0), .Dim = c(4L, 2L), .Dimnames = list(
        c("-2", "-1", "0", "1"), c("A", "G"))), N = 287), Majority = list(
        Freqs = structure(c(0, 0, 162, 1, 0, 1, 169, 0), .Dim = c(4L, 
        2L), .Dimnames = list(c("-2", "-1", "0", "1"), c("A", 
        "G"))), N = 333)), `2` = structure(c(0, 0, 142, 1, 0, 
    1, 143, 0), .Dim = c(4L, 2L), .Dimnames = list(c("-2", "-1", 
    "0", "1"), c("A", "G"))))))
