Results <-
list(`bwaOutput/20210421msiMNRsJenny/289280_S43.sam` = list(IM49_SNP1 = list(
    All = list(Freqs = structure(c(0L, 0L, 57L, 1895L, 30L, 1L, 
    10L, 1L, 40L, 90L, 1916L, 48L, 2L, 5L, 0L, 0L, 2L, 86L, 2L, 
    0L, 0L), .Dim = c(7L, 3L), .Dimnames = structure(list(c("-3", 
    "-2", "-1", "0", "1", "2", NA), c("C", "G", NA)), .Names = c("", 
    "")), class = "table"), N = 4185L), Tag.Distribution = structure(c(`1` = 131L, 
    `2` = 64L, `3` = 58L, `4` = 44L, `5` = 51L, `6` = 44L, `7` = 42L, 
    `8` = 39L, `9` = 29L, `10` = 29L, `11` = 27L, `12` = 20L, 
    `13` = 15L, `14` = 18L, `15` = 11L, `16` = 8L, `17` = 7L, 
    `18` = 6L, `20` = 5L, `21` = 3L, `22` = 3L, `23` = 3L, `24` = 1L
    ), .Dim = 23L, .Dimnames = structure(list(c("1", "2", "3", 
    "4", "5", "6", "7", "8", "9", "10", "11", "12", "13", "14", 
    "15", "16", "17", "18", "20", "21", "22", "23", "24")), .Names = ""), class = "table"), 
    No.Tag = structure(c(0L, 0L, 2L, 33L, 1L, 0L, 1L, 0L, 0L, 
    2L, 29L, 0L, 0L, 0L, 0L, 0L, 0L, 6L, 0L, 0L, 0L), .Dim = c(7L, 
    3L), .Dimnames = structure(list(c("-3", "-2", "-1", "0", 
    "1", "2", NA), c("C", "G", NA)), .Names = c("", "")), class = "table"), 
    All.Tags = list(Concordant = list(Freqs = structure(c(0, 
    0, 6, 255, 1, 0, 0, 5, 10, 211, 0, 0), .Dim = c(6L, 2L), .Dimnames = list(
        c("-3", "-2", "-1", "0", "1", "2"), c("C", "G"))), N = 488), 
        Majority = list(Freqs = structure(c(0, 0, 6, 319, 1, 
        0, 0, 6, 10, 294, 1, 0), .Dim = c(6L, 2L), .Dimnames = list(
            c("-3", "-2", "-1", "0", "1", "2"), c("C", "G"))), 
            N = 637)), `2` = structure(c(0, 0, 1, 255, 0, 0, 
    0, 5, 2, 252, 1, 0), .Dim = c(6L, 2L), .Dimnames = list(c("-3", 
    "-2", "-1", "0", "1", "2"), c("C", "G"))))))
