Results <-
list(`bwaOutput/20210421msiMNRsJenny/289280_S43.sam` = list(LR36_SNP1 = list(
    All = list(Freqs = structure(c(0L, 1L, 0L, 2L, 0L, 0L, 1L, 
    29L, 424L, 1512L, 11L, 14L, 0L, 0L, 6L, 44L, 0L, 0L), .Dim = c(6L, 
    3L), .Dimnames = structure(list(c("-3", "-2", "-1", "0", 
    "1", NA), c("A", "T", NA)), .Names = c("", "")), class = "table"), 
        N = 2044L), Tag.Distribution = structure(c(`1` = 38L, 
    `2` = 22L, `3` = 19L, `4` = 18L, `5` = 22L, `6` = 19L, `7` = 20L, 
    `8` = 9L, `9` = 10L, `10` = 13L, `11` = 20L, `12` = 10L, 
    `13` = 8L, `14` = 5L, `15` = 3L, `16` = 4L, `17` = 3L, `18` = 3L, 
    `19` = 7L, `20` = 6L, `21` = 2L, `22` = 3L, `24` = 1L, `25` = 1L
    ), .Dim = 24L, .Dimnames = structure(list(c("1", "2", "3", 
    "4", "5", "6", "7", "8", "9", "10", "11", "12", "13", "14", 
    "15", "16", "17", "18", "19", "20", "21", "22", "24", "25"
    )), .Names = ""), class = "table"), No.Tag = structure(c(0L, 
    0L, 0L, 0L, 0L, 0L, 0L, 0L, 5L, 31L, 0L, 2L, 0L, 0L, 0L, 
    1L, 0L, 0L), .Dim = c(6L, 3L), .Dimnames = structure(list(
        c("-3", "-2", "-1", "0", "1", NA), c("A", "T", NA)), .Names = c("", 
    "")), class = "table"), All.Tags = list(Concordant = list(
        Freqs = structure(c(0, 1, 0, 0, 0, 0, 4, 43, 159, 0), .Dim = c(5L, 
        2L), .Dimnames = list(c("-3", "-2", "-1", "0", "1"), 
            c("A", "T"))), N = 207), Majority = list(Freqs = structure(c(0, 
    1, 0, 0, 0, 0, 4, 48, 208, 0), .Dim = c(5L, 2L), .Dimnames = list(
        c("-3", "-2", "-1", "0", "1"), c("A", "T"))), N = 261)), 
    `2` = structure(c(0, 0, 0, 0, 0, 0, 3, 42, 181, 0), .Dim = c(5L, 
    2L), .Dimnames = list(c("-3", "-2", "-1", "0", "1"), c("A", 
    "T"))))))
