Results <-
list(`bwaOutput/20210421msiMNRsJenny/289280_S43.sam` = list(LR24_SNP1 = list(
    All = list(Freqs = structure(c(328L, 1410L, 4L, 4L, 9L, 1610L, 
    3L, 0L, 0L, 15L, 0L, 0L), .Dim = 4:3, .Dimnames = structure(list(
        c("-1", "0", "1", NA), c("A", "G", NA)), .Names = c("", 
    "")), class = "table"), N = 3383L), Tag.Distribution = structure(c(`1` = 176L, 
    `2` = 96L, `3` = 94L, `4` = 71L, `5` = 47L, `6` = 37L, `7` = 34L, 
    `8` = 34L, `9` = 26L, `10` = 19L, `11` = 16L, `12` = 12L, 
    `13` = 6L, `14` = 12L, `15` = 2L, `16` = 5L, `17` = 3L, `18` = 4L, 
    `19` = 2L, `20` = 2L, `22` = 2L, `24` = 1L, `26` = 1L), .Dim = 23L, .Dimnames = structure(list(
        c("1", "2", "3", "4", "5", "6", "7", "8", "9", "10", 
        "11", "12", "13", "14", "15", "16", "17", "18", "19", 
        "20", "22", "24", "26")), .Names = ""), class = "table"), 
    No.Tag = structure(c(0L, 54L, 0L, 2L, 0L, 29L, 0L, 0L, 0L, 
    2L, 0L, 0L), .Dim = 4:3, .Dimnames = structure(list(c("-1", 
    "0", "1", NA), c("A", "G", NA)), .Names = c("", "")), class = "table"), 
    All.Tags = list(Concordant = list(Freqs = structure(c(57, 
    264, 1, 1, 297, 1), .Dim = 3:2, .Dimnames = list(c("-1", 
    "0", "1"), c("A", "G"))), N = 621), Majority = list(Freqs = structure(c(67, 
    296, 1, 1, 327, 1), .Dim = 3:2, .Dimnames = list(c("-1", 
    "0", "1"), c("A", "G"))), N = 693)), `2` = structure(c(53, 
    215, 0, 0, 249, 1), .Dim = 3:2, .Dimnames = list(c("-1", 
    "0", "1"), c("A", "G"))))))
