Results <-
list(`bwaOutput/20210421msiMNRsJenny/289280_S43.sam` = list(LR46_SNP1 = list(
    All = list(Freqs = structure(c(1L, 34L, 2533L, 5L, 5L, 0L, 
    1L, 2L, 0L, 0L, 0L, 0L, 13L, 0L, 0L), .Dim = c(5L, 3L), .Dimnames = structure(list(
        c("-2", "-1", "0", "1", NA), c("G", "T", NA)), .Names = c("", 
    "")), class = "table"), N = 2594L), Tag.Distribution = structure(c(`1` = 49L, 
    `2` = 23L, `3` = 14L, `4` = 20L, `5` = 22L, `6` = 20L, `7` = 16L, 
    `8` = 19L, `9` = 17L, `10` = 14L, `11` = 13L, `12` = 8L, 
    `13` = 11L, `14` = 10L, `15` = 6L, `16` = 9L, `17` = 5L, 
    `18` = 4L, `19` = 4L, `20` = 4L, `21` = 5L, `22` = 1L, `23` = 2L, 
    `24` = 4L, `25` = 3L, `29` = 2L, `31` = 1L), .Dim = 27L, .Dimnames = structure(list(
        c("1", "2", "3", "4", "5", "6", "7", "8", "9", "10", 
        "11", "12", "13", "14", "15", "16", "17", "18", "19", 
        "20", "21", "22", "23", "24", "25", "29", "31")), .Names = ""), class = "table"), 
    No.Tag = structure(c(0L, 0L, 84L, 0L, 0L, 0L, 0L, 0L, 0L, 
    0L, 0L, 0L, 4L, 0L, 0L), .Dim = c(5L, 3L), .Dimnames = structure(list(
        c("-2", "-1", "0", "1", NA), c("G", "T", NA)), .Names = c("", 
    "")), class = "table"), All.Tags = list(Concordant = list(
        Freqs = structure(c(0, 0, 285, 0, 0, 1, 2, 0), .Dim = c(4L, 
        2L), .Dimnames = list(c("-2", "-1", "0", "1"), c("G", 
        "T"))), N = 288), Majority = list(Freqs = structure(c(0, 
    1, 299, 0, 0, 1, 2, 0), .Dim = c(4L, 2L), .Dimnames = list(
        c("-2", "-1", "0", "1"), c("G", "T"))), N = 303)), `2` = structure(c(0, 
    1, 256, 0, 0, 0, 0, 0), .Dim = c(4L, 2L), .Dimnames = list(
        c("-2", "-1", "0", "1"), c("G", "T"))))))
