Results <-
list(`bwaOutput/20210421msiMNRsJenny/289280_S43.sam` = list(LR44_SNP1 = list(
    All = list(Freqs = structure(c(0L, 0L, 0L, 12L, 0L, 0L, 2L, 
    87L, 445L, 2241L, 41L, 29L, 0L, 0L, 5L, 26L, 2L, 0L), .Dim = c(6L, 
    3L), .Dimnames = structure(list(c("-3", "-2", "-1", "0", 
    "1", NA), c("C", "T", NA)), .Names = c("", "")), class = "table"), 
        N = 2890L), Tag.Distribution = structure(c(`1` = 65L, 
    `2` = 47L, `3` = 29L, `4` = 29L, `5` = 36L, `6` = 34L, `7` = 25L, 
    `8` = 28L, `9` = 23L, `10` = 16L, `11` = 18L, `12` = 17L, 
    `13` = 14L, `14` = 11L, `15` = 7L, `16` = 7L, `17` = 6L, 
    `18` = 4L, `19` = 2L, `20` = 3L, `21` = 1L, `22` = 1L, `23` = 2L, 
    `24` = 1L), .Dim = 24L, .Dimnames = structure(list(c("1", 
    "2", "3", "4", "5", "6", "7", "8", "9", "10", "11", "12", 
    "13", "14", "15", "16", "17", "18", "19", "20", "21", "22", 
    "23", "24")), .Names = ""), class = "table"), No.Tag = structure(c(0L, 
    0L, 0L, 0L, 0L, 0L, 0L, 0L, 3L, 31L, 2L, 1L, 0L, 0L, 0L, 
    1L, 0L, 0L), .Dim = c(6L, 3L), .Dimnames = structure(list(
        c("-3", "-2", "-1", "0", "1", NA), c("C", "T", NA)), .Names = c("", 
    "")), class = "table"), All.Tags = list(Concordant = list(
        Freqs = structure(c(0, 0, 0, 2, 0, 0, 13, 37, 213, 2), .Dim = c(5L, 
        2L), .Dimnames = list(c("-3", "-2", "-1", "0", "1"), 
            c("C", "T"))), N = 267), Majority = list(Freqs = structure(c(0, 
    0, 0, 2, 0, 0, 14, 51, 346, 2), .Dim = c(5L, 2L), .Dimnames = list(
        c("-3", "-2", "-1", "0", "1"), c("C", "T"))), N = 415)), 
    `2` = structure(c(0, 0, 0, 1, 0, 0, 11, 41, 300, 0), .Dim = c(5L, 
    2L), .Dimnames = list(c("-3", "-2", "-1", "0", "1"), c("C", 
    "T"))))))
