Results <-
list(`bwaOutput/20210421msiMNRsJenny/289280_S43.sam` = list(LR48_SNP1 = list(
    All = list(Freqs = structure(c(1L, 4L, 1L, 0L, 0L, 0L, 12L, 
    413L, 1818L, 27L, 1L, 7L, 0L, 3L, 26L, 0L, 0L, 0L), .Dim = c(6L, 
    3L), .Dimnames = structure(list(c("-2", "-1", "0", "1", "2", 
    NA), c("C", "T", NA)), .Names = c("", "")), class = "table"), 
        N = 2313L), Tag.Distribution = structure(c(`1` = 28L, 
    `2` = 7L, `3` = 6L, `4` = 6L, `5` = 9L, `6` = 7L, `7` = 12L, 
    `8` = 12L, `9` = 12L, `10` = 10L, `11` = 12L, `12` = 7L, 
    `13` = 10L, `14` = 7L, `15` = 10L, `16` = 8L, `17` = 10L, 
    `18` = 6L, `19` = 6L, `20` = 4L, `21` = 3L, `22` = 2L, `23` = 4L, 
    `24` = 5L, `25` = 1L, `26` = 2L, `27` = 2L, `29` = 1L, `31` = 1L, 
    `33` = 1L), .Dim = 30L, .Dimnames = structure(list(c("1", 
    "2", "3", "4", "5", "6", "7", "8", "9", "10", "11", "12", 
    "13", "14", "15", "16", "17", "18", "19", "20", "21", "22", 
    "23", "24", "25", "26", "27", "29", "31", "33")), .Names = ""), class = "table"), 
    No.Tag = structure(c(0L, 0L, 0L, 0L, 0L, 0L, 0L, 3L, 14L, 
    0L, 0L, 0L, 0L, 0L, 0L, 0L, 0L, 0L), .Dim = c(6L, 3L), .Dimnames = structure(list(
        c("-2", "-1", "0", "1", "2", NA), c("C", "T", NA)), .Names = c("", 
    "")), class = "table"), All.Tags = list(Concordant = list(
        Freqs = structure(c(0, 0, 1, 0, 0, 1, 28, 102, 0, 0), .Dim = c(5L, 
        2L), .Dimnames = list(c("-2", "-1", "0", "1", "2"), c("C", 
        "T"))), N = 132), Majority = list(Freqs = structure(c(0, 
    1, 1, 0, 0, 1, 38, 167, 0, 0), .Dim = c(5L, 2L), .Dimnames = list(
        c("-2", "-1", "0", "1", "2"), c("C", "T"))), N = 208)), 
    `2` = structure(c(0, 1, 0, 0, 0, 0, 34, 148, 0, 0), .Dim = c(5L, 
    2L), .Dimnames = list(c("-2", "-1", "0", "1", "2"), c("C", 
    "T"))))))
