Results <-
list(`bwaOutput/20210421msiMNRsJenny/289280_S43.sam` = list(LR20_SNP1 = list(
    All = list(Freqs = structure(c(10L, 155L, 800L, 1L, 1L, 0L, 
    2L, 1141L, 2L, 0L, 0L, 0L, 10L, 0L, 0L), .Dim = c(5L, 3L), .Dimnames = structure(list(
        c("-2", "-1", "0", "1", NA), c("A", "G", NA)), .Names = c("", 
    "")), class = "table"), N = 2122L), Tag.Distribution = structure(c(`1` = 48L, 
    `2` = 27L, `3` = 22L, `4` = 18L, `5` = 23L, `6` = 23L, `7` = 16L, 
    `8` = 13L, `9` = 15L, `10` = 13L, `11` = 13L, `12` = 6L, 
    `13` = 13L, `14` = 9L, `15` = 4L, `16` = 4L, `17` = 5L, `18` = 1L, 
    `19` = 6L, `20` = 3L, `21` = 1L, `22` = 3L, `23` = 1L, `24` = 1L, 
    `26` = 1L, `28` = 1L), .Dim = 26L, .Dimnames = structure(list(
        c("1", "2", "3", "4", "5", "6", "7", "8", "9", "10", 
        "11", "12", "13", "14", "15", "16", "17", "18", "19", 
        "20", "21", "22", "23", "24", "26", "28")), .Names = ""), class = "table"), 
    No.Tag = structure(c(0L, 1L, 13L, 0L, 1L, 0L, 0L, 31L, 0L, 
    0L, 0L, 0L, 3L, 0L, 0L), .Dim = c(5L, 3L), .Dimnames = structure(list(
        c("-2", "-1", "0", "1", NA), c("A", "G", NA)), .Names = c("", 
    "")), class = "table"), All.Tags = list(Concordant = list(
        Freqs = structure(c(1, 20, 100, 1, 0, 0, 151, 0), .Dim = c(4L, 
        2L), .Dimnames = list(c("-2", "-1", "0", "1"), c("A", 
        "G"))), N = 273), Majority = list(Freqs = structure(c(1, 
    22, 108, 1, 0, 0, 158, 0), .Dim = c(4L, 2L), .Dimnames = list(
        c("-2", "-1", "0", "1"), c("A", "G"))), N = 290)), `2` = structure(c(1, 
    17, 91, 0, 0, 0, 133, 0), .Dim = c(4L, 2L), .Dimnames = list(
        c("-2", "-1", "0", "1"), c("A", "G"))))))
