Results <-
list(`bwaOutput/20210421msiMNRsJenny/289280_S43.sam` = list(GM17_SNP1 = list(
    All = list(Freqs = structure(c(1L, 46L, 1513L, 8L, 1L, 52L, 
    237L, 1174L, 2L, 4L, 0L, 1L, 10L, 0L, 0L), .Dim = c(5L, 3L
    ), .Dimnames = structure(list(c("-2", "-1", "0", "1", NA), 
        c("C", "T", NA)), .Names = c("", "")), class = "table"), 
        N = 3049L), Tag.Distribution = structure(c(`1` = 59L, 
    `2` = 27L, `3` = 28L, `4` = 20L, `5` = 23L, `6` = 26L, `7` = 27L, 
    `8` = 23L, `9` = 14L, `10` = 19L, `11` = 15L, `12` = 20L, 
    `13` = 13L, `14` = 15L, `15` = 17L, `16` = 6L, `17` = 3L, 
    `18` = 5L, `19` = 5L, `20` = 3L, `21` = 3L, `22` = 1L, `23` = 1L, 
    `24` = 3L, `25` = 1L, `26` = 3L, `27` = 1L, `39` = 1L), .Dim = 28L, .Dimnames = structure(list(
        c("1", "2", "3", "4", "5", "6", "7", "8", "9", "10", 
        "11", "12", "13", "14", "15", "16", "17", "18", "19", 
        "20", "21", "22", "23", "24", "25", "26", "27", "39")), .Names = ""), class = "table"), 
    No.Tag = structure(c(0L, 1L, 23L, 0L, 0L, 0L, 1L, 7L, 0L, 
    0L, 0L, 0L, 0L, 0L, 0L), .Dim = c(5L, 3L), .Dimnames = structure(list(
        c("-2", "-1", "0", "1", NA), c("C", "T", NA)), .Names = c("", 
    "")), class = "table"), All.Tags = list(Concordant = list(
        Freqs = structure(c(0, 3, 166, 0, 8, 26, 114, 0), .Dim = c(4L, 
        2L), .Dimnames = list(c("-2", "-1", "0", "1"), c("C", 
        "T"))), N = 317), Majority = list(Freqs = structure(c(0, 
    3, 196, 0, 8, 27, 143, 0), .Dim = c(4L, 2L), .Dimnames = list(
        c("-2", "-1", "0", "1"), c("C", "T"))), N = 377)), `2` = structure(c(0, 
    2, 167, 0, 8, 21, 121, 0), .Dim = c(4L, 2L), .Dimnames = list(
        c("-2", "-1", "0", "1"), c("C", "T"))))))
