Results <-
list(`bwaOutput/20210421msiMNRsJenny/289280_S43.sam` = list(GM07_SNP1 = list(
    All = list(Freqs = structure(c(0L, 3L, 2L, 0L, 0L, 0L, 8L, 
    268L, 1576L, 47L, 3L, 20L, 0L, 1L, 17L, 1L, 0L, 0L), .Dim = c(6L, 
    3L), .Dimnames = structure(list(c("-2", "-1", "0", "1", "2", 
    NA), c("A", "G", NA)), .Names = c("", "")), class = "table"), 
        N = 1946L), Tag.Distribution = structure(c(`1` = 36L, 
    `2` = 22L, `3` = 16L, `4` = 16L, `5` = 21L, `6` = 8L, `7` = 18L, 
    `8` = 16L, `9` = 9L, `10` = 16L, `11` = 9L, `12` = 8L, `13` = 9L, 
    `14` = 10L, `15` = 7L, `16` = 5L, `17` = 5L, `18` = 3L, `19` = 1L, 
    `20` = 3L, `21` = 3L, `23` = 4L, `24` = 1L, `28` = 1L), .Dim = 24L, .Dimnames = structure(list(
        c("1", "2", "3", "4", "5", "6", "7", "8", "9", "10", 
        "11", "12", "13", "14", "15", "16", "17", "18", "19", 
        "20", "21", "23", "24", "28")), .Names = ""), class = "table"), 
    No.Tag = structure(c(0L, 0L, 0L, 0L, 0L, 0L, 0L, 16L, 22L, 
    0L, 0L, 5L, 0L, 0L, 1L, 0L, 0L, 0L), .Dim = c(6L, 3L), .Dimnames = structure(list(
        c("-2", "-1", "0", "1", "2", NA), c("A", "G", NA)), .Names = c("", 
    "")), class = "table"), All.Tags = list(Concordant = list(
        Freqs = structure(c(0, 3, 2, 0, 0, 0, 17, 142, 1, 1), .Dim = c(5L, 
        2L), .Dimnames = list(c("-2", "-1", "0", "1", "2"), c("A", 
        "G"))), N = 166), Majority = list(Freqs = structure(c(0, 
    3, 2, 0, 0, 0, 25, 211, 2, 1), .Dim = c(5L, 2L), .Dimnames = list(
        c("-2", "-1", "0", "1", "2"), c("A", "G"))), N = 244)), 
    `2` = structure(c(0, 0, 0, 0, 0, 0, 21, 187, 1, 0), .Dim = c(5L, 
    2L), .Dimnames = list(c("-2", "-1", "0", "1", "2"), c("A", 
    "G"))))))
