Results <-
list(`bwaOutput/20210421msiMNRsJenny/289280_S43.sam` = list(LR17_SNP1 = list(
    All = list(Freqs = structure(c(1L, 29L, 724L, 3435L, 54L, 
    1L, 31L, 0L, 0L, 0L, 3L, 0L, 0L, 0L, 0L, 0L, 3L, 107L, 0L, 
    0L, 0L), .Dim = c(7L, 3L), .Dimnames = structure(list(c("-3", 
    "-2", "-1", "0", "1", "2", NA), c("A", "G", NA)), .Names = c("", 
    "")), class = "table"), N = 4388L), Tag.Distribution = structure(c(`1` = 71L, 
    `2` = 29L, `3` = 27L, `4` = 21L, `5` = 30L, `6` = 28L, `7` = 28L, 
    `8` = 30L, `9` = 16L, `10` = 22L, `11` = 17L, `12` = 29L, 
    `13` = 21L, `14` = 20L, `15` = 18L, `16` = 14L, `17` = 14L, 
    `18` = 9L, `19` = 10L, `20` = 5L, `21` = 4L, `22` = 4L, `23` = 8L, 
    `24` = 1L, `25` = 5L, `27` = 1L, `28` = 1L, `29` = 1L), .Dim = 28L, .Dimnames = structure(list(
        c("1", "2", "3", "4", "5", "6", "7", "8", "9", "10", 
        "11", "12", "13", "14", "15", "16", "17", "18", "19", 
        "20", "21", "22", "23", "24", "25", "27", "28", "29")), .Names = ""), class = "table"), 
    No.Tag = structure(c(0L, 1L, 18L, 84L, 1L, 0L, 3L, 0L, 0L, 
    0L, 2L, 0L, 0L, 0L, 0L, 0L, 0L, 6L, 0L, 0L, 0L), .Dim = c(7L, 
    3L), .Dimnames = structure(list(c("-3", "-2", "-1", "0", 
    "1", "2", NA), c("A", "G", NA)), .Names = c("", "")), class = "table"), 
    All.Tags = list(Concordant = list(Freqs = structure(c(0, 
    2, 50, 278, 1, 0, 0, 0, 0, 0, 0, 0), .Dim = c(6L, 2L), .Dimnames = list(
        c("-3", "-2", "-1", "0", "1", "2"), c("A", "G"))), N = 331), 
        Majority = list(Freqs = structure(c(0, 2, 67, 400, 1, 
        0, 0, 0, 0, 0, 0, 0), .Dim = c(6L, 2L), .Dimnames = list(
            c("-3", "-2", "-1", "0", "1", "2"), c("A", "G"))), 
            N = 470)), `2` = structure(c(0, 1, 58, 351, 0, 0, 
    0, 0, 0, 0, 0, 0), .Dim = c(6L, 2L), .Dimnames = list(c("-3", 
    "-2", "-1", "0", "1", "2"), c("A", "G"))))))
