Results <-
list(`bwaOutput/20210421msiMNRsJenny/289280_S43.sam` = list(LR11_SNP1 = list(
    All = list(Freqs = structure(c(0L, 0L, 3L, 0L, 0L, 2L, 139L, 
    2759L, 22L, 7L, 0L, 3L, 24L, 0L, 0L), .Dim = c(5L, 3L), .Dimnames = structure(list(
        c("-2", "-1", "0", "1", NA), c("A", "C", NA)), .Names = c("", 
    "")), class = "table"), N = 2959L), Tag.Distribution = structure(c(`1` = 65L, 
    `2` = 24L, `3` = 29L, `4` = 38L, `5` = 21L, `6` = 34L, `7` = 22L, 
    `8` = 25L, `9` = 26L, `10` = 23L, `11` = 10L, `12` = 17L, 
    `13` = 10L, `14` = 15L, `15` = 9L, `16` = 7L, `17` = 4L, 
    `18` = 4L, `19` = 2L, `20` = 2L, `21` = 3L, `22` = 4L, `23` = 1L, 
    `24` = 1L, `25` = 1L, `28` = 1L, `29` = 1L, `33` = 1L, `40` = 1L
    ), .Dim = 29L, .Dimnames = structure(list(c("1", "2", "3", 
    "4", "5", "6", "7", "8", "9", "10", "11", "12", "13", "14", 
    "15", "16", "17", "18", "19", "20", "21", "22", "23", "24", 
    "25", "28", "29", "33", "40")), .Names = ""), class = "table"), 
    No.Tag = structure(c(0L, 0L, 1L, 0L, 0L, 0L, 1L, 6L, 0L, 
    0L, 0L, 0L, 0L, 0L, 0L), .Dim = c(5L, 3L), .Dimnames = structure(list(
        c("-2", "-1", "0", "1", NA), c("A", "C", NA)), .Names = c("", 
    "")), class = "table"), All.Tags = list(Concordant = list(
        Freqs = structure(c(0, 0, 2, 0, 0, 9, 311, 0), .Dim = c(4L, 
        2L), .Dimnames = list(c("-2", "-1", "0", "1"), c("A", 
        "C"))), N = 322), Majority = list(Freqs = structure(c(0, 
    0, 2, 0, 0, 10, 384, 0), .Dim = c(4L, 2L), .Dimnames = list(
        c("-2", "-1", "0", "1"), c("A", "C"))), N = 396)), `2` = structure(c(0, 
    0, 0, 0, 0, 9, 324, 0), .Dim = c(4L, 2L), .Dimnames = list(
        c("-2", "-1", "0", "1"), c("A", "C"))))))
