Results <-
list(`bwaOutput/20210421msiMNRsJenny/289280_S43.sam` = list(LR52_SNP1 = list(
    All = list(Freqs = structure(c(195L, 9L, 9L, 113L, 986L, 
    11L, 1L, 11L, 0L, 28L, 38L, 266L, 840L, 12L, 1L, 11L, 0L, 
    0L, 0L, 3L, 47L, 0L, 0L, 0L), .Dim = c(8L, 3L), .Dimnames = structure(list(
        c("-4", "-3", "-2", "-1", "0", "1", "2", NA), c("C", 
        "T", NA)), .Names = c("", "")), class = "table"), N = 2581L), 
    Tag.Distribution = structure(c(`1` = 38L, `2` = 14L, `3` = 22L, 
    `4` = 14L, `5` = 12L, `6` = 10L, `7` = 17L, `8` = 17L, `9` = 15L, 
    `10` = 18L, `11` = 11L, `12` = 17L, `13` = 11L, `14` = 12L, 
    `15` = 14L, `16` = 10L, `17` = 5L, `18` = 5L, `19` = 6L, 
    `20` = 5L, `21` = 1L, `22` = 2L, `23` = 4L, `24` = 1L, `25` = 1L, 
    `26` = 1L, `32` = 1L), .Dim = 27L, .Dimnames = structure(list(
        c("1", "2", "3", "4", "5", "6", "7", "8", "9", "10", 
        "11", "12", "13", "14", "15", "16", "17", "18", "19", 
        "20", "21", "22", "23", "24", "25", "26", "32")), .Names = ""), class = "table"), 
    No.Tag = structure(c(0L, 0L, 1L, 7L, 3L, 0L, 0L, 0L, 0L, 
    1L, 0L, 2L, 29L, 0L, 0L, 1L, 0L, 0L, 0L, 0L, 0L, 0L, 0L, 
    0L), .Dim = c(8L, 3L), .Dimnames = structure(list(c("-4", 
    "-3", "-2", "-1", "0", "1", "2", NA), c("C", "T", NA)), .Names = c("", 
    "")), class = "table"), All.Tags = list(Concordant = list(
        Freqs = structure(c(18, 3, 1, 3, 62, 1, 0, 0, 2, 2, 13, 
        57, 1, 0), .Dim = c(7L, 2L), .Dimnames = list(c("-4", 
        "-3", "-2", "-1", "0", "1", "2"), c("C", "T"))), N = 163), 
        Majority = list(Freqs = structure(c(20, 3, 1, 7, 111, 
        1, 0, 0, 2, 3, 28, 100, 1, 0), .Dim = c(7L, 2L), .Dimnames = list(
            c("-4", "-3", "-2", "-1", "0", "1", "2"), c("C", 
            "T"))), N = 277)), `2` = structure(c(19, 2, 0, 5, 
    99, 1, 0, 0, 2, 2, 24, 89, 0, 0), .Dim = c(7L, 2L), .Dimnames = list(
        c("-4", "-3", "-2", "-1", "0", "1", "2"), c("C", "T"))))))
