Results <-
list(`bwaOutput/20210421msiMNRsJenny/290560_S44.sam` = list(LR17_SNP1 = list(
    All = list(Freqs = structure(c(106L, 2155L, 1817L, 35L, 45L, 
    0L, 1L, 0L, 0L, 0L, 0L, 1L, 0L, 0L, 0L, 0L, 9L, 58L, 0L, 
    0L), .Dim = 5:4, .Dimnames = structure(list(c("-2", "-1", 
    "0", "1", NA), c("A", "G", "T", NA)), .Names = c("", "")), class = "table"), 
        N = 4227L), Tag.Distribution = structure(c(`1` = 315L, 
    `2` = 273L, `3` = 205L, `4` = 161L, `5` = 102L, `6` = 89L, 
    `7` = 40L, `8` = 24L, `9` = 20L, `10` = 13L, `11` = 6L, `12` = 4L, 
    `14` = 2L, `19` = 1L), .Dim = 14L, .Dimnames = structure(list(
        c("1", "2", "3", "4", "5", "6", "7", "8", "9", "10", 
        "11", "12", "14", "19")), .Names = ""), class = "table"), 
    No.Tag = structure(c(4L, 44L, 63L, 0L, 4L, 0L, 0L, 0L, 0L, 
    0L, 0L, 0L, 0L, 0L, 0L, 0L, 0L, 5L, 0L, 0L), .Dim = 5:4, .Dimnames = structure(list(
        c("-2", "-1", "0", "1", NA), c("A", "G", "T", NA)), .Names = c("", 
    "")), class = "table"), All.Tags = list(Concordant = list(
        Freqs = structure(c(16, 552, 447, 2, 0, 0, 0, 0, 0, 0, 
        0, 0), .Dim = 4:3, .Dimnames = list(c("-2", "-1", "0", 
        "1"), c("A", "G", "T"))), N = 1017), Majority = list(
        Freqs = structure(c(20, 638, 532, 3, 0, 0, 0, 0, 0, 0, 
        0, 0), .Dim = 4:3, .Dimnames = list(c("-2", "-1", "0", 
        "1"), c("A", "G", "T"))), N = 1193)), `2` = structure(c(13, 
    467, 407, 3, 0, 0, 0, 0, 0, 0, 0, 0), .Dim = 4:3, .Dimnames = list(
        c("-2", "-1", "0", "1"), c("A", "G", "T"))))))
