Results <-
list(`bwaOutput/20210421msiMNRsJenny/290560_S44.sam` = list(LR44_SNP1 = list(
    All = list(Freqs = structure(c(0L, 0L, 2L, 0L, 0L, 0L, 0L, 
    0L, 0L, 0L, 0L, 0L, 3L, 3L, 0L, 0L, 0L, 0L, 1L, 38L, 462L, 
    57L, 593L, 10L, 0L, 2L, 4L, 0L, 0L, 0L, 0L, 2L, 0L, 0L, 0L, 
    0L, 0L, 1L, 29L, 304L, 1000L, 21L, 2L, 0L, 8L, 0L, 0L, 0L, 
    3L, 33L, 0L, 0L, 0L, 0L), .Dim = c(9L, 6L), .Dimnames = structure(list(
        c("-4", "-3", "-2", "-1", "0", "1", "2", "4", NA), c("-", 
        "A", "C", "G", "T", NA)), .Names = c("", "")), class = "table"), 
        N = 2578L), Tag.Distribution = structure(c(`1` = 312L, 
    `2` = 216L, `3` = 184L, `4` = 100L, `5` = 48L, `6` = 39L, 
    `7` = 20L, `8` = 5L, `9` = 7L, `10` = 4L, `11` = 2L, `12` = 1L, 
    `13` = 3L), .Dim = 13L, .Dimnames = structure(list(c("1", 
    "2", "3", "4", "5", "6", "7", "8", "9", "10", "11", "12", 
    "13")), .Names = ""), class = "table"), No.Tag = structure(c(0L, 
    0L, 0L, 0L, 0L, 0L, 0L, 0L, 0L, 0L, 0L, 0L, 0L, 0L, 0L, 0L, 
    0L, 0L, 0L, 3L, 9L, 6L, 9L, 0L, 0L, 0L, 0L, 0L, 0L, 0L, 0L, 
    0L, 0L, 0L, 0L, 0L, 0L, 0L, 0L, 7L, 17L, 1L, 0L, 0L, 0L, 
    0L, 0L, 0L, 0L, 0L, 0L, 0L, 0L, 0L), .Dim = c(9L, 6L), .Dimnames = structure(list(
        c("-4", "-3", "-2", "-1", "0", "1", "2", "4", NA), c("-", 
        "A", "C", "G", "T", NA)), .Names = c("", "")), class = "table"), 
    All.Tags = list(Concordant = list(Freqs = structure(c(0, 
    0, 1, 0, 0, 0, 0, 0, 0, 0, 0, 1, 0, 0, 0, 0, 0, 7, 145, 6, 
    169, 2, 0, 0, 0, 0, 0, 0, 1, 0, 0, 0, 0, 1, 6, 89, 297, 4, 
    2, 0), .Dim = c(8L, 5L), .Dimnames = list(c("-4", "-3", "-2", 
    "-1", "0", "1", "2", "4"), c("-", "A", "C", "G", "T"))), 
        N = 731), Majority = list(Freqs = structure(c(0, 0, 1, 
    0, 0, 0, 0, 0, 0, 0, 0, 1, 1, 0, 0, 0, 0, 10, 172, 7, 212, 
    2, 0, 0, 0, 0, 0, 0, 1, 0, 0, 0, 0, 1, 7, 101, 357, 5, 2, 
    0), .Dim = c(8L, 5L), .Dimnames = list(c("-4", "-3", "-2", 
    "-1", "0", "1", "2", "4"), c("-", "A", "C", "G", "T"))), 
        N = 880)), `2` = structure(c(0, 0, 1, 0, 0, 0, 0, 0, 
    0, 0, 0, 1, 1, 0, 0, 0, 0, 8, 116, 3, 147, 1, 0, 0, 0, 0, 
    0, 0, 1, 0, 0, 0, 0, 0, 4, 56, 236, 3, 0, 0), .Dim = c(8L, 
    5L), .Dimnames = list(c("-4", "-3", "-2", "-1", "0", "1", 
    "2", "4"), c("-", "A", "C", "G", "T"))))))
