Results <-
list(`bwaOutput/20210421msiMNRsJenny/290560_S44.sam` = list(LR36_SNP1 = list(
    All = list(Freqs = structure(c(0L, 0L, 0L, 1L, 1L, 0L, 0L, 
    0L, 1L, 2L, 43L, 1764L, 81L, 545L, 26L, 51L, 0L, 0L, 2L, 
    50L, 3L, 11L, 3L, 0L), .Dim = c(8L, 3L), .Dimnames = structure(list(
        c("-3", "-2", "-1", "0", "1", "2", "3", NA), c("A", "T", 
        NA)), .Names = c("", "")), class = "table"), N = 2584L), 
    Tag.Distribution = structure(c(`1` = 300L, `2` = 231L, `3` = 162L, 
    `4` = 102L, `5` = 50L, `6` = 36L, `7` = 16L, `8` = 12L, `9` = 6L, 
    `10` = 6L, `11` = 2L, `14` = 1L), .Dim = 12L, .Dimnames = structure(list(
        c("1", "2", "3", "4", "5", "6", "7", "8", "9", "10", 
        "11", "14")), .Names = ""), class = "table"), No.Tag = structure(c(0L, 
    0L, 0L, 0L, 0L, 0L, 0L, 0L, 0L, 0L, 3L, 60L, 0L, 28L, 2L, 
    6L, 0L, 0L, 0L, 5L, 0L, 0L, 0L, 0L), .Dim = c(8L, 3L), .Dimnames = structure(list(
        c("-3", "-2", "-1", "0", "1", "2", "3", NA), c("A", "T", 
        NA)), .Names = c("", "")), class = "table"), All.Tags = list(
        Concordant = list(Freqs = structure(c(0, 0, 0, 0, 1, 
        0, 0, 0, 1, 8, 581, 24, 176, 3), .Dim = c(7L, 2L), .Dimnames = list(
            c("-3", "-2", "-1", "0", "1", "2", "3"), c("A", "T"
            ))), N = 794), Majority = list(Freqs = structure(c(0, 
        0, 0, 0, 1, 0, 0, 0, 1, 8, 636, 26, 209, 3), .Dim = c(7L, 
        2L), .Dimnames = list(c("-3", "-2", "-1", "0", "1", "2", 
        "3"), c("A", "T"))), N = 884)), `2` = structure(c(0, 
    0, 0, 0, 0, 0, 0, 0, 0, 2, 447, 12, 133, 2), .Dim = c(7L, 
    2L), .Dimnames = list(c("-3", "-2", "-1", "0", "1", "2", 
    "3"), c("A", "T"))))))
