Results <-
list(`bwaOutput/20210421msiMNRsJenny/290560_S44.sam` = list(LR48_SNP1 = list(
    All = list(Freqs = structure(c(1L, 15L, 821L, 2061L, 38L, 
    1L, 14L, 0L, 0L, 6L, 2L, 0L, 0L, 1L, 0L, 0L, 1L, 15L, 0L, 
    0L, 0L), .Dim = c(7L, 3L), .Dimnames = structure(list(c("-3", 
    "-2", "-1", "0", "1", "2", NA), c("C", "T", NA)), .Names = c("", 
    "")), class = "table"), N = 2976L), Tag.Distribution = structure(c(`1` = 175L, 
    `2` = 171L, `3` = 131L, `4` = 108L, `5` = 75L, `6` = 65L, 
    `7` = 28L, `8` = 21L, `9` = 14L, `10` = 11L, `11` = 6L, `12` = 2L, 
    `13` = 3L, `14` = 2L, `18` = 1L), .Dim = 15L, .Dimnames = structure(list(
        c("1", "2", "3", "4", "5", "6", "7", "8", "9", "10", 
        "11", "12", "13", "14", "18")), .Names = ""), class = "table"), 
    No.Tag = structure(c(0L, 0L, 34L, 59L, 0L, 0L, 0L, 0L, 0L, 
    0L, 1L, 0L, 0L, 0L, 0L, 0L, 0L, 0L, 0L, 0L, 0L), .Dim = c(7L, 
    3L), .Dimnames = structure(list(c("-3", "-2", "-1", "0", 
    "1", "2", NA), c("C", "T", NA)), .Names = c("", "")), class = "table"), 
    All.Tags = list(Concordant = list(Freqs = structure(c(0, 
    0, 182, 481, 5, 0, 0, 0, 0, 1, 0, 0), .Dim = c(6L, 2L), .Dimnames = list(
        c("-3", "-2", "-1", "0", "1", "2"), c("C", "T"))), N = 669), 
        Majority = list(Freqs = structure(c(0, 1, 211, 566, 5, 
        0, 0, 0, 0, 1, 0, 0), .Dim = c(6L, 2L), .Dimnames = list(
            c("-3", "-2", "-1", "0", "1", "2"), c("C", "T"))), 
            N = 784)), `2` = structure(c(0, 1, 160, 451, 0, 0, 
    0, 0, 0, 0, 0, 0), .Dim = c(6L, 2L), .Dimnames = list(c("-3", 
    "-2", "-1", "0", "1", "2"), c("C", "T"))))))
