Results <-
list(`bwaOutput/20210421msiMNRsJenny/290560_S44.sam` = list(GM29_SNP1 = list(
    All = list(Freqs = structure(c(0L, 2L, 37L, 1351L, 5L, 2L, 
    1L, 703L, 4L, 585L, 0L, 4L, 0L, 1L, 0L, 8L, 0L, 0L), .Dim = c(6L, 
    3L), .Dimnames = structure(list(c("-3", "-2", "-1", "0", 
    "1", NA), c("A", "G", NA)), .Names = c("", "")), class = "table"), 
        N = 2703L), Tag.Distribution = structure(c(`1` = 270L, 
    `2` = 191L, `3` = 129L, `4` = 94L, `5` = 65L, `6` = 33L, 
    `7` = 22L, `8` = 11L, `9` = 13L, `10` = 10L, `11` = 4L, `12` = 3L, 
    `13` = 3L, `14` = 2L, `15` = 1L, `16` = 4L, `19` = 1L), .Dim = 17L, .Dimnames = structure(list(
        c("1", "2", "3", "4", "5", "6", "7", "8", "9", "10", 
        "11", "12", "13", "14", "15", "16", "19")), .Names = ""), class = "table"), 
    No.Tag = structure(c(0L, 0L, 1L, 33L, 0L, 1L, 0L, 17L, 0L, 
    6L, 0L, 1L, 0L, 0L, 0L, 2L, 0L, 0L), .Dim = c(6L, 3L), .Dimnames = structure(list(
        c("-3", "-2", "-1", "0", "1", NA), c("A", "G", NA)), .Names = c("", 
    "")), class = "table"), All.Tags = list(Concordant = list(
        Freqs = structure(c(0, 0, 9, 317, 1, 0, 178, 0, 171, 
        0), .Dim = c(5L, 2L), .Dimnames = list(c("-3", "-2", 
        "-1", "0", "1"), c("A", "G"))), N = 676), Majority = list(
        Freqs = structure(c(0, 0, 10, 383, 1, 0, 214, 0, 203, 
        0), .Dim = c(5L, 2L), .Dimnames = list(c("-3", "-2", 
        "-1", "0", "1"), c("A", "G"))), N = 811)), `2` = structure(c(0, 
    0, 4, 275, 0, 0, 140, 0, 125, 0), .Dim = c(5L, 2L), .Dimnames = list(
        c("-3", "-2", "-1", "0", "1"), c("A", "G"))))))
