Results <-
list(`bwaOutput/20210421msiMNRsJenny/290560_S44.sam` = list(LR52_SNP1 = list(
    All = list(Freqs = structure(c(3L, 74L, 676L, 86L, 585L, 
    7L, 18L, 0L, 55L, 737L, 81L, 559L, 9L, 7L, 0L, 0L, 0L, 2L, 
    28L, 0L, 0L), .Dim = c(7L, 3L), .Dimnames = structure(list(
        c("-4", "-3", "-2", "-1", "0", "1", NA), c("C", "T", 
        NA)), .Names = c("", "")), class = "table"), N = 2927L), 
    Tag.Distribution = structure(c(`1` = 282L, `2` = 246L, `3` = 177L, 
    `4` = 112L, `5` = 76L, `6` = 53L, `7` = 29L, `8` = 13L, `9` = 3L, 
    `10` = 4L, `11` = 2L, `12` = 1L, `13` = 2L), .Dim = 13L, .Dimnames = structure(list(
        c("1", "2", "3", "4", "5", "6", "7", "8", "9", "10", 
        "11", "12", "13")), .Names = ""), class = "table"), No.Tag = structure(c(2L, 
    1L, 9L, 1L, 14L, 0L, 0L, 0L, 1L, 6L, 0L, 7L, 0L, 0L, 0L, 
    0L, 0L, 0L, 1L, 0L, 0L), .Dim = c(7L, 3L), .Dimnames = structure(list(
        c("-4", "-3", "-2", "-1", "0", "1", NA), c("C", "T", 
        NA)), .Names = c("", "")), class = "table"), All.Tags = list(
        Concordant = list(Freqs = structure(c(0, 14, 189, 6, 
        151, 1, 0, 13, 186, 20, 161, 1), .Dim = c(6L, 2L), .Dimnames = list(
            c("-4", "-3", "-2", "-1", "0", "1"), c("C", "T"))), 
            N = 742), Majority = list(Freqs = structure(c(0, 
        16, 237, 11, 202, 1, 0, 14, 228, 20, 199, 1), .Dim = c(6L, 
        2L), .Dimnames = list(c("-4", "-3", "-2", "-1", "0", 
        "1"), c("C", "T"))), N = 929)), `2` = structure(c(0, 
    11, 179, 5, 143, 0, 0, 9, 167, 6, 135, 0), .Dim = c(6L, 2L
    ), .Dimnames = list(c("-4", "-3", "-2", "-1", "0", "1"), 
        c("C", "T"))))))
