Results <-
list(`bwaOutput/20210421msiMNRsJenny/290560_S44.sam` = list(GM07_SNP1 = list(
    All = list(Freqs = structure(c(0L, 1L, 0L, 0L, 0L, 0L, 9L, 
    755L, 723L, 26L, 0L, 14L, 51L, 714L, 596L, 22L, 1L, 28L, 
    0L, 6L, 14L, 0L, 0L, 0L), .Dim = c(6L, 4L), .Dimnames = structure(list(
        c("-2", "-1", "0", "1", "2", NA), c("-", "A", "G", NA
        )), .Names = c("", "")), class = "table"), N = 2960L), 
    Tag.Distribution = structure(c(`1` = 316L, `2` = 249L, `3` = 176L, 
    `4` = 114L, `5` = 63L, `6` = 47L, `7` = 32L, `8` = 12L, `9` = 8L, 
    `10` = 7L, `11` = 2L, `12` = 1L), .Dim = 12L, .Dimnames = structure(list(
        c("1", "2", "3", "4", "5", "6", "7", "8", "9", "10", 
        "11", "12")), .Names = ""), class = "table"), No.Tag = structure(c(0L, 
    0L, 0L, 0L, 0L, 0L, 1L, 18L, 8L, 0L, 0L, 1L, 0L, 25L, 8L, 
    0L, 0L, 6L, 0L, 0L, 2L, 0L, 0L, 0L), .Dim = c(6L, 4L), .Dimnames = structure(list(
        c("-2", "-1", "0", "1", "2", NA), c("-", "A", "G", NA
        )), .Names = c("", "")), class = "table"), All.Tags = list(
        Concordant = list(Freqs = structure(c(0, 0, 0, 0, 0, 
        4, 202, 179, 4, 0, 19, 206, 176, 0, 0), .Dim = c(5L, 
        3L), .Dimnames = list(c("-2", "-1", "0", "1", "2"), c("-", 
        "A", "G"))), N = 790), Majority = list(Freqs = structure(c(0, 
        0, 0, 0, 0, 4, 236, 237, 5, 0, 21, 242, 217, 0, 0), .Dim = c(5L, 
        3L), .Dimnames = list(c("-2", "-1", "0", "1", "2"), c("-", 
        "A", "G"))), N = 962)), `2` = structure(c(0, 0, 0, 0, 
    0, 1, 155, 170, 2, 0, 13, 167, 145, 0, 0), .Dim = c(5L, 3L
    ), .Dimnames = list(c("-2", "-1", "0", "1", "2"), c("-", 
    "A", "G"))))))
