Results <-
list(`bwaOutput/20210421msiMNRsJenny/290560_S44.sam` = list(IM49_SNP1 = list(
    All = list(Freqs = structure(c(13L, 715L, 109L, 667L, 13L, 
    1L, 10L, 0L, 0L, 78L, 1315L, 33L, 0L, 3L, 0L, 3L, 3L, 41L, 
    3L, 0L, 0L), .Dim = c(7L, 3L), .Dimnames = structure(list(
        c("-3", "-2", "-1", "0", "1", "2", NA), c("C", "G", NA
        )), .Names = c("", "")), class = "table"), N = 3007L), 
    Tag.Distribution = structure(c(`1` = 367L, `2` = 286L, `3` = 185L, 
    `4` = 109L, `5` = 61L, `6` = 32L, `7` = 28L, `8` = 12L, `9` = 6L, 
    `10` = 7L, `11` = 5L, `12` = 1L, `15` = 1L), .Dim = 13L, .Dimnames = structure(list(
        c("1", "2", "3", "4", "5", "6", "7", "8", "9", "10", 
        "11", "12", "15")), .Names = ""), class = "table"), No.Tag = structure(c(3L, 
    12L, 3L, 16L, 0L, 0L, 0L, 0L, 0L, 2L, 42L, 2L, 0L, 0L, 0L, 
    0L, 0L, 2L, 0L, 0L, 0L), .Dim = c(7L, 3L), .Dimnames = structure(list(
        c("-3", "-2", "-1", "0", "1", "2", NA), c("C", "G", NA
        )), .Names = c("", "")), class = "table"), All.Tags = list(
        Concordant = list(Freqs = structure(c(0, 205, 26, 189, 
        1, 0, 0, 0, 10, 420, 4, 0), .Dim = c(6L, 2L), .Dimnames = list(
            c("-3", "-2", "-1", "0", "1", "2"), c("C", "G"))), 
            N = 855), Majority = list(Freqs = structure(c(0, 
        257, 32, 231, 1, 0, 0, 0, 15, 491, 6, 0), .Dim = c(6L, 
        2L), .Dimnames = list(c("-3", "-2", "-1", "0", "1", "2"
        ), c("C", "G"))), N = 1033)), `2` = structure(c(0, 172, 
    18, 160, 0, 0, 0, 0, 8, 313, 2, 0), .Dim = c(6L, 2L), .Dimnames = list(
        c("-3", "-2", "-1", "0", "1", "2"), c("C", "G"))))))
