Results <-
list(`bwaOutput/20210421msiMNRsJenny/291693_S47.sam` = list(GM14_SNP1 = list(
    All = list(Freqs = structure(c(10L, 884L, 20L, 1049L, 25L, 
    16L, 0L, 5L, 309L, 1571L, 4L, 4L, 0L, 1L, 3L, 27L, 0L, 0L
    ), .Dim = c(6L, 3L), .Dimnames = structure(list(c("-3", "-2", 
    "-1", "0", "1", NA), c("C", "T", NA)), .Names = c("", "")), class = "table"), 
        N = 3928L), Tag.Distribution = structure(c(`1` = 260L, 
    `2` = 213L, `3` = 184L, `4` = 125L, `5` = 99L, `6` = 72L, 
    `7` = 46L, `8` = 37L, `9` = 17L, `10` = 14L, `11` = 8L, `12` = 4L, 
    `13` = 2L, `14` = 1L, `15` = 5L, `16` = 1L, `18` = 1L), .Dim = 17L, .Dimnames = structure(list(
        c("1", "2", "3", "4", "5", "6", "7", "8", "9", "10", 
        "11", "12", "13", "14", "15", "16", "18")), .Names = ""), class = "table"), 
    No.Tag = structure(c(0L, 17L, 1L, 13L, 0L, 0L, 0L, 0L, 4L, 
    28L, 0L, 0L, 0L, 0L, 0L, 4L, 0L, 0L), .Dim = c(6L, 3L), .Dimnames = structure(list(
        c("-3", "-2", "-1", "0", "1", NA), c("C", "T", NA)), .Names = c("", 
    "")), class = "table"), All.Tags = list(Concordant = list(
        Freqs = structure(c(2, 217, 1, 230, 3, 0, 1, 58, 378, 
        0), .Dim = c(5L, 2L), .Dimnames = list(c("-3", "-2", 
        "-1", "0", "1"), c("C", "T"))), N = 890), Majority = list(
        Freqs = structure(c(2, 249, 1, 283, 3, 0, 1, 71, 444, 
        0), .Dim = c(5L, 2L), .Dimnames = list(c("-3", "-2", 
        "-1", "0", "1"), c("C", "T"))), N = 1054)), `2` = structure(c(1, 
    196, 1, 211, 1, 0, 1, 59, 330, 0), .Dim = c(5L, 2L), .Dimnames = list(
        c("-3", "-2", "-1", "0", "1"), c("C", "T"))))))
