Results <-
list(`bwaOutput/20210421msiMNRsJenny/291693_S47.sam` = list(LR48_SNP1 = list(
    All = list(Freqs = structure(c(0L, 0L, 3L, 0L, 0L, 0L, 1L, 
    41L, 790L, 2535L, 54L, 25L, 0L, 0L, 3L, 9L, 0L, 0L, 0L, 0L, 
    2L, 17L, 1L, 0L), .Dim = c(6L, 4L), .Dimnames = structure(list(
        c("-3", "-2", "-1", "0", "1", NA), c("A", "C", "T", NA
        )), .Names = c("", "")), class = "table"), N = 3481L), 
    Tag.Distribution = structure(c(`1` = 173L, `2` = 132L, `3` = 101L, 
    `4` = 100L, `5` = 78L, `6` = 61L, `7` = 58L, `8` = 37L, `9` = 24L, 
    `10` = 14L, `11` = 4L, `12` = 6L, `13` = 3L, `14` = 7L, `15` = 5L, 
    `16` = 3L, `17` = 1L, `18` = 3L, `21` = 1L), .Dim = 19L, .Dimnames = structure(list(
        c("1", "2", "3", "4", "5", "6", "7", "8", "9", "10", 
        "11", "12", "13", "14", "15", "16", "17", "18", "21")), .Names = ""), class = "table"), 
    No.Tag = structure(c(0L, 0L, 0L, 0L, 0L, 0L, 0L, 1L, 15L, 
    41L, 0L, 1L, 0L, 0L, 0L, 0L, 0L, 0L, 0L, 0L, 0L, 1L, 0L, 
    0L), .Dim = c(6L, 4L), .Dimnames = structure(list(c("-3", 
    "-2", "-1", "0", "1", NA), c("A", "C", "T", NA)), .Names = c("", 
    "")), class = "table"), All.Tags = list(Concordant = list(
        Freqs = structure(c(0, 0, 1, 0, 0, 0, 7, 141, 508, 3, 
        0, 0, 1, 2, 0), .Dim = c(5L, 3L), .Dimnames = list(c("-3", 
        "-2", "-1", "0", "1"), c("A", "C", "T"))), N = 663), 
        Majority = list(Freqs = structure(c(0, 0, 1, 0, 0, 0, 
        8, 171, 602, 4, 0, 0, 1, 3, 0), .Dim = c(5L, 3L), .Dimnames = list(
            c("-3", "-2", "-1", "0", "1"), c("A", "C", "T"))), 
            N = 790)), `2` = structure(c(0, 0, 1, 0, 0, 0, 4, 
    133, 480, 1, 0, 0, 0, 1, 0), .Dim = c(5L, 3L), .Dimnames = list(
        c("-3", "-2", "-1", "0", "1"), c("A", "C", "T"))))))
