Results <-
list(`bwaOutput/20210421msiMNRsJenny/291693_S47.sam` = list(GM17_SNP1 = list(
    All = list(Freqs = structure(c(3L, 83L, 1863L, 7L, 1L, 0L, 
    0L, 133L, 1805L, 9L, 0L, 3L, 0L, 0L, 9L, 0L, 0L, 0L), .Dim = c(6L, 
    3L), .Dimnames = structure(list(c("-2", "-1", "0", "1", "2", 
    NA), c("C", "T", NA)), .Names = c("", "")), class = "table"), 
        N = 3916L), Tag.Distribution = structure(c(`1` = 273L, 
    `2` = 188L, `3` = 165L, `4` = 119L, `5` = 114L, `6` = 83L, 
    `7` = 39L, `8` = 24L, `9` = 18L, `10` = 17L, `11` = 11L, 
    `12` = 6L, `13` = 4L, `15` = 2L, `16` = 1L, `18` = 1L, `19` = 1L
    ), .Dim = 17L, .Dimnames = structure(list(c("1", "2", "3", 
    "4", "5", "6", "7", "8", "9", "10", "11", "12", "13", "15", 
    "16", "18", "19")), .Names = ""), class = "table"), No.Tag = structure(c(0L, 
    0L, 61L, 0L, 0L, 0L, 0L, 0L, 41L, 0L, 0L, 0L, 0L, 0L, 1L, 
    0L, 0L, 0L), .Dim = c(6L, 3L), .Dimnames = structure(list(
        c("-2", "-1", "0", "1", "2", NA), c("C", "T", NA)), .Names = c("", 
    "")), class = "table"), All.Tags = list(Concordant = list(
        Freqs = structure(c(1, 17, 435, 2, 0, 0, 22, 430, 1, 
        0), .Dim = c(5L, 2L), .Dimnames = list(c("-2", "-1", 
        "0", "1", "2"), c("C", "T"))), N = 908), Majority = list(
        Freqs = structure(c(1, 21, 503, 2, 0, 0, 26, 488, 1, 
        0), .Dim = c(5L, 2L), .Dimnames = list(c("-2", "-1", 
        "0", "1", "2"), c("C", "T"))), N = 1042)), `2` = structure(c(1, 
    17, 377, 0, 0, 0, 19, 358, 0, 0), .Dim = c(5L, 2L), .Dimnames = list(
        c("-2", "-1", "0", "1", "2"), c("C", "T"))))))
