Results <-
list(`bwaOutput/20210421msiMNRsJenny/291693_S47.sam` = list(LR11_SNP1 = list(
    All = list(Freqs = structure(c(1L, 151L, 2871L, 27L, 1L, 
    10L, 14L, 607L, 1714L, 17L, 0L, 8L, 0L, 6L, 29L, 1L, 0L, 
    0L), .Dim = c(6L, 3L), .Dimnames = structure(list(c("-2", 
    "-1", "0", "1", "2", NA), c("A", "C", NA)), .Names = c("", 
    "")), class = "table"), N = 5457L), Tag.Distribution = structure(c(`1` = 332L, 
    `2` = 261L, `3` = 254L, `4` = 158L, `5` = 133L, `6` = 77L, 
    `7` = 75L, `8` = 52L, `9` = 22L, `10` = 19L, `11` = 14L, 
    `12` = 7L, `13` = 6L, `14` = 9L, `15` = 1L, `16` = 2L, `17` = 5L, 
    `18` = 1L, `19` = 2L, `20` = 1L, `22` = 1L), .Dim = 21L, .Dimnames = structure(list(
        c("1", "2", "3", "4", "5", "6", "7", "8", "9", "10", 
        "11", "12", "13", "14", "15", "16", "17", "18", "19", 
        "20", "22")), .Names = ""), class = "table"), No.Tag = structure(c(0L, 
    1L, 32L, 0L, 0L, 0L, 5L, 13L, 28L, 1L, 0L, 0L, 0L, 0L, 1L, 
    0L, 0L, 0L), .Dim = c(6L, 3L), .Dimnames = structure(list(
        c("-2", "-1", "0", "1", "2", NA), c("A", "C", NA)), .Names = c("", 
    "")), class = "table"), All.Tags = list(Concordant = list(
        Freqs = structure(c(0, 19, 595, 1, 0, 2, 126, 367, 0, 
        0), .Dim = c(5L, 2L), .Dimnames = list(c("-2", "-1", 
        "0", "1", "2"), c("A", "C"))), N = 1110), Majority = list(
        Freqs = structure(c(0, 27, 735, 1, 0, 2, 154, 457, 0, 
        0), .Dim = c(5L, 2L), .Dimnames = list(c("-2", "-1", 
        "0", "1", "2"), c("A", "C"))), N = 1376)), `2` = structure(c(0, 
    14, 563, 1, 0, 0, 120, 351, 0, 0), .Dim = c(5L, 2L), .Dimnames = list(
        c("-2", "-1", "0", "1", "2"), c("A", "C"))))))
