Results <-
list(`bwaOutput/20210421msiMNRsJenny/291693_S47.sam` = list(LR10_SNP1 = list(
    All = list(Freqs = structure(c(0L, 1L, 0L, 0L, 0L, 0L, 0L, 
    0L, 0L, 5L, 0L, 0L, 1L, 760L, 1042L, 4193L, 17L, 19L, 1L, 
    1L, 8L, 54L, 0L, 0L), .Dim = c(6L, 4L), .Dimnames = structure(list(
        c("-3", "-2", "-1", "0", "1", NA), c("A", "C", "T", NA
        )), .Names = c("", "")), class = "table"), N = 6102L), 
    Tag.Distribution = structure(c(`1` = 390L, `2` = 304L, `3` = 247L, 
    `4` = 216L, `5` = 151L, `6` = 91L, `7` = 71L, `8` = 40L, 
    `9` = 29L, `10` = 23L, `11` = 20L, `12` = 9L, `13` = 12L, 
    `14` = 10L, `16` = 2L, `17` = 2L, `18` = 2L, `21` = 1L), .Dim = 18L, .Dimnames = structure(list(
        c("1", "2", "3", "4", "5", "6", "7", "8", "9", "10", 
        "11", "12", "13", "14", "16", "17", "18", "21")), .Names = ""), class = "table"), 
    No.Tag = structure(c(0L, 0L, 0L, 0L, 0L, 0L, 0L, 0L, 0L, 
    0L, 0L, 0L, 0L, 26L, 25L, 82L, 0L, 5L, 0L, 0L, 0L, 5L, 0L, 
    0L), .Dim = c(6L, 4L), .Dimnames = structure(list(c("-3", 
    "-2", "-1", "0", "1", NA), c("A", "C", "T", NA)), .Names = c("", 
    "")), class = "table"), All.Tags = list(Concordant = list(
        Freqs = structure(c(0, 0, 0, 0, 0, 0, 0, 0, 2, 0, 0, 
        146, 190, 976, 2), .Dim = c(5L, 3L), .Dimnames = list(
            c("-3", "-2", "-1", "0", "1"), c("A", "C", "T"))), 
        N = 1316), Majority = list(Freqs = structure(c(0, 0, 
    0, 0, 0, 0, 0, 0, 2, 0, 0, 183, 245, 1119, 2), .Dim = c(5L, 
    3L), .Dimnames = list(c("-3", "-2", "-1", "0", "1"), c("A", 
    "C", "T"))), N = 1551)), `2` = structure(c(0, 0, 0, 0, 0, 
    0, 0, 0, 0, 0, 0, 139, 190, 842, 0), .Dim = c(5L, 3L), .Dimnames = list(
        c("-3", "-2", "-1", "0", "1"), c("A", "C", "T"))))))
