Results <-
list(`bwaOutput/20210421msiMNRsJenny/291693_S47.sam` = list(LR46_SNP1 = list(
    All = list(Freqs = structure(c(0L, 1L, 0L, 0L, 0L, 0L, 18L, 
    2455L, 13L, 6L, 1L, 1186L, 1275L, 11L, 25L, 0L, 2L, 5L, 0L, 
    0L), .Dim = 5:4, .Dimnames = structure(list(c("-2", "-1", 
    "0", "1", NA), c("C", "G", "T", NA)), .Names = c("", "")), class = "table"), 
        N = 4998L), Tag.Distribution = structure(c(`1` = 282L, 
    `2` = 213L, `3` = 161L, `4` = 142L, `5` = 112L, `6` = 84L, 
    `7` = 69L, `8` = 45L, `9` = 27L, `10` = 27L, `11` = 18L, 
    `12` = 4L, `13` = 7L, `14` = 8L, `15` = 3L, `16` = 1L, `17` = 2L, 
    `18` = 2L, `19` = 1L, `20` = 2L, `22` = 2L), .Dim = 21L, .Dimnames = structure(list(
        c("1", "2", "3", "4", "5", "6", "7", "8", "9", "10", 
        "11", "12", "13", "14", "15", "16", "17", "18", "19", 
        "20", "22")), .Names = ""), class = "table"), No.Tag = structure(c(0L, 
    0L, 0L, 0L, 0L, 0L, 0L, 60L, 0L, 1L, 0L, 31L, 42L, 0L, 2L, 
    0L, 0L, 0L, 0L, 0L), .Dim = 5:4, .Dimnames = structure(list(
        c("-2", "-1", "0", "1", NA), c("C", "G", "T", NA)), .Names = c("", 
    "")), class = "table"), All.Tags = list(Concordant = list(
        Freqs = structure(c(0, 0, 0, 0, 0, 3, 529, 2, 0, 237, 
        244, 2), .Dim = 4:3, .Dimnames = list(c("-2", "-1", "0", 
        "1"), c("C", "G", "T"))), N = 1017), Majority = list(
        Freqs = structure(c(0, 0, 0, 0, 0, 3, 598, 2, 0, 285, 
        287, 2), .Dim = 4:3, .Dimnames = list(c("-2", "-1", "0", 
        "1"), c("C", "G", "T"))), N = 1177)), `2` = structure(c(0, 
    0, 0, 0, 0, 1, 452, 1, 0, 230, 214, 1), .Dim = 4:3, .Dimnames = list(
        c("-2", "-1", "0", "1"), c("C", "G", "T"))))))
