Results <-
list(`bwaOutput/20210421msiMNRsJenny/291693_S47.sam` = list(LR36_SNP1 = list(
    All = list(Freqs = structure(c(7L, 271L, 617L, 1984L, 45L, 
    1L, 33L, 0L, 0L, 0L, 2L, 0L, 0L, 0L, 0L, 0L, 1L, 29L, 0L, 
    0L, 0L), .Dim = c(7L, 3L), .Dimnames = structure(list(c("-3", 
    "-2", "-1", "0", "1", "2", NA), c("A", "T", NA)), .Names = c("", 
    "")), class = "table"), N = 2990L), Tag.Distribution = structure(c(`1` = 256L, 
    `2` = 175L, `3` = 150L, `4` = 92L, `5` = 67L, `6` = 46L, 
    `7` = 35L, `8` = 22L, `9` = 11L, `10` = 9L, `11` = 7L, `12` = 3L, 
    `13` = 2L, `14` = 1L, `15` = 2L, `17` = 1L, `18` = 1L), .Dim = 17L, .Dimnames = structure(list(
        c("1", "2", "3", "4", "5", "6", "7", "8", "9", "10", 
        "11", "12", "13", "14", "15", "17", "18")), .Names = ""), class = "table"), 
    No.Tag = structure(c(0L, 17L, 31L, 70L, 1L, 0L, 4L, 0L, 0L, 
    0L, 0L, 0L, 0L, 0L, 0L, 0L, 0L, 4L, 0L, 0L, 0L), .Dim = c(7L, 
    3L), .Dimnames = structure(list(c("-3", "-2", "-1", "0", 
    "1", "2", NA), c("A", "T", NA)), .Names = c("", "")), class = "table"), 
    All.Tags = list(Concordant = list(Freqs = structure(c(3, 
    72, 148, 535, 8, 0, 0, 0, 0, 2, 0, 0), .Dim = c(6L, 2L), .Dimnames = list(
        c("-3", "-2", "-1", "0", "1", "2"), c("A", "T"))), N = 768), 
        Majority = list(Freqs = structure(c(3, 84, 169, 581, 
        13, 0, 0, 0, 0, 2, 0, 0), .Dim = c(6L, 2L), .Dimnames = list(
            c("-3", "-2", "-1", "0", "1", "2"), c("A", "T"))), 
            N = 852)), `2` = structure(c(1, 56, 115, 420, 9, 
    0, 0, 0, 0, 0, 0, 0), .Dim = c(6L, 2L), .Dimnames = list(
        c("-3", "-2", "-1", "0", "1", "2"), c("A", "T"))))))
