Results <-
list(`bwaOutput/20210421msiMNRsJenny/291693_S47.sam` = list(GM07_SNP1 = list(
    All = list(Freqs = structure(c(1L, 0L, 6L, 0L, 0L, 0L, 156L, 
    1132L, 1801L, 51L, 6L, 33L, 0L, 3L, 22L, 1L, 0L, 0L), .Dim = c(6L, 
    3L), .Dimnames = structure(list(c("-2", "-1", "0", "1", "2", 
    NA), c("A", "G", NA)), .Names = c("", "")), class = "table"), 
        N = 3212L), Tag.Distribution = structure(c(`1` = 271L, 
    `2` = 204L, `3` = 123L, `4` = 108L, `5` = 93L, `6` = 55L, 
    `7` = 35L, `8` = 23L, `9` = 19L, `10` = 8L, `11` = 6L, `12` = 1L, 
    `14` = 5L, `15` = 1L, `16` = 1L, `19` = 1L), .Dim = 16L, .Dimnames = structure(list(
        c("1", "2", "3", "4", "5", "6", "7", "8", "9", "10", 
        "11", "12", "14", "15", "16", "19")), .Names = ""), class = "table"), 
    No.Tag = structure(c(1L, 0L, 0L, 0L, 0L, 0L, 4L, 17L, 35L, 
    0L, 0L, 2L, 0L, 0L, 0L, 0L, 0L, 0L), .Dim = c(6L, 3L), .Dimnames = structure(list(
        c("-2", "-1", "0", "1", "2", NA), c("A", "G", NA)), .Names = c("", 
    "")), class = "table"), All.Tags = list(Concordant = list(
        Freqs = structure(c(0, 0, 4, 0, 0, 33, 279, 430, 6, 0
        ), .Dim = c(5L, 2L), .Dimnames = list(c("-2", "-1", "0", 
        "1", "2"), c("A", "G"))), N = 752), Majority = list(Freqs = structure(c(0, 
    0, 4, 0, 0, 39, 329, 530, 6, 0), .Dim = c(5L, 2L), .Dimnames = list(
        c("-2", "-1", "0", "1", "2"), c("A", "G"))), N = 908)), 
    `2` = structure(c(0, 0, 0, 0, 0, 26, 231, 385, 2, 0), .Dim = c(5L, 
    2L), .Dimnames = list(c("-2", "-1", "0", "1", "2"), c("A", 
    "G"))))))
