Results <-
list(`bwaOutput/20210421msiMNRsJenny/291693_S47.sam` = list(GM11_SNP1 = list(
    All = list(Freqs = structure(c(0L, 540L, 1710L, 1L, 4L, 1L, 
    1028L, 1426L, 6L, 1L, 0L, 8L, 15L, 0L, 0L), .Dim = c(5L, 
    3L), .Dimnames = structure(list(c("-2", "-1", "0", "1", NA
    ), c("A", "G", NA)), .Names = c("", "")), class = "table"), 
        N = 4740L), Tag.Distribution = structure(c(`1` = 278L, 
    `2` = 253L, `3` = 192L, `4` = 157L, `5` = 107L, `6` = 82L, 
    `7` = 43L, `8` = 42L, `9` = 23L, `10` = 21L, `11` = 14L, 
    `12` = 8L, `13` = 7L, `14` = 4L, `15` = 4L, `16` = 3L, `17` = 1L, 
    `18` = 1L, `21` = 1L, `48` = 1L), .Dim = 20L, .Dimnames = structure(list(
        c("1", "2", "3", "4", "5", "6", "7", "8", "9", "10", 
        "11", "12", "13", "14", "15", "16", "17", "18", "21", 
        "48")), .Names = ""), class = "table"), No.Tag = structure(c(0L, 
    5L, 21L, 0L, 0L, 0L, 20L, 14L, 0L, 0L, 0L, 0L, 2L, 0L, 0L
    ), .Dim = c(5L, 3L), .Dimnames = structure(list(c("-2", "-1", 
    "0", "1", NA), c("A", "G", NA)), .Names = c("", "")), class = "table"), 
    All.Tags = list(Concordant = list(Freqs = structure(c(0, 
    118, 395, 0, 0, 202, 293, 0), .Dim = c(4L, 2L), .Dimnames = list(
        c("-2", "-1", "0", "1"), c("A", "G"))), N = 1008), Majority = list(
        Freqs = structure(c(0, 143, 458, 0, 0, 236, 359, 1), .Dim = c(4L, 
        2L), .Dimnames = list(c("-2", "-1", "0", "1"), c("A", 
        "G"))), N = 1197)), `2` = structure(c(0, 109, 355, 0, 
    0, 179, 279, 1), .Dim = c(4L, 2L), .Dimnames = list(c("-2", 
    "-1", "0", "1"), c("A", "G"))))))
