Results <-
list(`bwaOutput/20210421msiMNRsJenny/291693_S47.sam` = list(LR17_SNP1 = list(
    All = list(Freqs = structure(c(9L, 149L, 2331L, 3335L, 60L, 
    52L, 0L, 0L, 0L, 2L, 0L, 0L, 0L, 0L, 6L, 82L, 0L, 0L), .Dim = c(6L, 
    3L), .Dimnames = structure(list(c("-3", "-2", "-1", "0", 
    "1", NA), c("A", "G", NA)), .Names = c("", "")), class = "table"), 
        N = 6026L), Tag.Distribution = structure(c(`1` = 266L, 
    `2` = 251L, `3` = 207L, `4` = 190L, `5` = 137L, `6` = 122L, 
    `7` = 79L, `8` = 60L, `9` = 33L, `10` = 24L, `11` = 20L, 
    `12` = 15L, `13` = 7L, `14` = 4L, `15` = 4L, `16` = 5L, `17` = 3L, 
    `18` = 1L, `20` = 1L), .Dim = 19L, .Dimnames = structure(list(
        c("1", "2", "3", "4", "5", "6", "7", "8", "9", "10", 
        "11", "12", "13", "14", "15", "16", "17", "18", "20")), .Names = ""), class = "table"), 
    No.Tag = structure(c(0L, 0L, 57L, 49L, 0L, 4L, 0L, 0L, 0L, 
    1L, 0L, 0L, 0L, 0L, 0L, 3L, 0L, 0L), .Dim = c(6L, 3L), .Dimnames = structure(list(
        c("-3", "-2", "-1", "0", "1", NA), c("A", "G", NA)), .Names = c("", 
    "")), class = "table"), All.Tags = list(Concordant = list(
        Freqs = structure(c(1, 19, 438, 648, 3, 0, 0, 0, 0, 0
        ), .Dim = c(5L, 2L), .Dimnames = list(c("-3", "-2", "-1", 
        "0", "1"), c("A", "G"))), N = 1109), Majority = list(
        Freqs = structure(c(1, 25, 526, 820, 3, 0, 0, 0, 0, 0
        ), .Dim = c(5L, 2L), .Dimnames = list(c("-3", "-2", "-1", 
        "0", "1"), c("A", "G"))), N = 1375)), `2` = structure(c(1, 
    22, 423, 672, 2, 0, 0, 0, 0, 0), .Dim = c(5L, 2L), .Dimnames = list(
        c("-3", "-2", "-1", "0", "1"), c("A", "G"))))))
