Results <-
list(`bwaOutput/20210421msiMNRsJenny/291693_S47.sam` = list(LR44_SNP1 = list(
    All = list(Freqs = structure(c(0L, 0L, 1L, 6L, 0L, 0L, 0L, 
    19L, 266L, 535L, 1735L, 34L, 4L, 36L, 0L, 0L, 1L, 4L, 0L, 
    0L, 0L, 0L, 4L, 13L, 28L, 4L, 0L, 1L, 0L, 0L, 4L, 29L, 1L, 
    0L, 0L), .Dim = c(7L, 5L), .Dimnames = structure(list(c("-3", 
    "-2", "-1", "0", "1", "2", NA), c("A", "C", "G", "T", NA)), .Names = c("", 
    "")), class = "table"), N = 2725L), Tag.Distribution = structure(c(`1` = 239L, 
    `2` = 163L, `3` = 125L, `4` = 88L, `5` = 60L, `6` = 51L, 
    `7` = 29L, `8` = 20L, `9` = 15L, `10` = 11L, `11` = 6L, `12` = 4L, 
    `13` = 2L, `15` = 1L), .Dim = 14L, .Dimnames = structure(list(
        c("1", "2", "3", "4", "5", "6", "7", "8", "9", "10", 
        "11", "12", "13", "15")), .Names = ""), class = "table"), 
    No.Tag = structure(c(0L, 0L, 0L, 0L, 0L, 0L, 0L, 0L, 5L, 
    10L, 47L, 0L, 0L, 0L, 0L, 0L, 0L, 0L, 0L, 0L, 0L, 0L, 0L, 
    0L, 1L, 0L, 0L, 0L, 0L, 0L, 0L, 1L, 0L, 0L, 0L), .Dim = c(7L, 
    5L), .Dimnames = structure(list(c("-3", "-2", "-1", "0", 
    "1", "2", NA), c("A", "C", "G", "T", NA)), .Names = c("", 
    "")), class = "table"), All.Tags = list(Concordant = list(
        Freqs = structure(c(0, 0, 0, 1, 0, 0, 0, 67, 126, 414, 
        2, 0, 0, 0, 0, 4, 0, 0, 0, 1, 3, 11, 1, 0), .Dim = c(6L, 
        4L), .Dimnames = list(c("-3", "-2", "-1", "0", "1", "2"
        ), c("A", "C", "G", "T"))), N = 630), Majority = list(
        Freqs = structure(c(0, 0, 0, 2, 0, 0, 2, 75, 152, 515, 
        3, 0, 0, 0, 0, 4, 0, 0, 0, 1, 4, 14, 1, 0), .Dim = c(6L, 
        4L), .Dimnames = list(c("-3", "-2", "-1", "0", "1", "2"
        ), c("A", "C", "G", "T"))), N = 773)), `2` = structure(c(0, 
    0, 0, 1, 0, 0, 2, 53, 101, 370, 2, 0, 0, 0, 0, 0, 0, 0, 0, 
    1, 4, 7, 1, 0), .Dim = c(6L, 4L), .Dimnames = list(c("-3", 
    "-2", "-1", "0", "1", "2"), c("A", "C", "G", "T"))))))
