Results <-
list(`bwaOutput/20210421msiMNRsJenny/293662D9_S17.sam` = list(
    LR44_SNP1 = list(All = list(Freqs = structure(c(0L, 0L, 1L, 
    14L, 0L, 0L, 0L, 0L, 0L, 0L, 0L, 2L, 0L, 0L, 10L, 0L, 3L, 
    12L, 226L, 2554L, 51L, 1L, 0L, 12L, 0L, 0L, 1L, 28L, 2L, 
    0L, 1L, 0L), .Dim = c(8L, 4L), .Dimnames = structure(list(
        c("-3", "-2", "-1", "0", "1", "2", "7", NA), c("C", "G", 
        "T", NA)), .Names = c("", "")), class = "table"), N = 2918L), 
        Tag.Distribution = structure(c(`1` = 79L, `2` = 77L, 
        `3` = 65L, `4` = 80L, `5` = 49L, `6` = 54L, `7` = 41L, 
        `8` = 27L, `9` = 27L, `10` = 19L, `11` = 13L, `12` = 14L, 
        `13` = 6L, `14` = 4L, `15` = 5L, `16` = 1L, `17` = 1L, 
        `18` = 1L, `22` = 1L, `23` = 1L), .Dim = 20L, .Dimnames = structure(list(
            c("1", "2", "3", "4", "5", "6", "7", "8", "9", "10", 
            "11", "12", "13", "14", "15", "16", "17", "18", "22", 
            "23")), .Names = ""), class = "table"), No.Tag = structure(c(0L, 
        0L, 0L, 1L, 0L, 0L, 0L, 0L, 0L, 0L, 0L, 0L, 0L, 0L, 0L, 
        0L, 0L, 0L, 3L, 42L, 0L, 0L, 0L, 3L, 0L, 0L, 0L, 0L, 
        0L, 0L, 0L, 0L), .Dim = c(8L, 4L), .Dimnames = structure(list(
            c("-3", "-2", "-1", "0", "1", "2", "7", NA), c("C", 
            "G", "T", NA)), .Names = c("", "")), class = "table"), 
        All.Tags = list(Concordant = list(Freqs = structure(c(0, 
        0, 0, 1, 0, 0, 0, 0, 0, 0, 1, 0, 0, 0, 1, 0, 14, 375, 
        4, 0, 0), .Dim = c(7L, 3L), .Dimnames = list(c("-3", 
        "-2", "-1", "0", "1", "2", "7"), c("C", "G", "T"))), 
            N = 396), Majority = list(Freqs = structure(c(0, 
        0, 0, 2, 0, 0, 0, 0, 0, 0, 1, 0, 0, 1, 1, 0, 22, 516, 
        4, 0, 0), .Dim = c(7L, 3L), .Dimnames = list(c("-3", 
        "-2", "-1", "0", "1", "2", "7"), c("C", "G", "T"))), 
            N = 547)), `2` = structure(c(0, 0, 0, 2, 0, 0, 0, 
        0, 0, 0, 1, 0, 0, 1, 0, 0, 14, 453, 0, 0, 0), .Dim = c(7L, 
        3L), .Dimnames = list(c("-3", "-2", "-1", "0", "1", "2", 
        "7"), c("C", "G", "T"))))))
