Results <-
list(`bwaOutput/20210421msiMNRsJenny/293662D9_S17.sam` = list(
    GM14_SNP1 = list(All = list(Freqs = structure(c(3L, 57L, 
    2001L, 15L, 15L, 2L, 48L, 2051L, 9L, 3L, 0L, 0L, 48L, 0L, 
    0L), .Dim = c(5L, 3L), .Dimnames = structure(list(c("-2", 
    "-1", "0", "1", NA), c("C", "T", NA)), .Names = c("", "")), class = "table"), 
        N = 4252L), Tag.Distribution = structure(c(`1` = 115L, 
    `2` = 103L, `3` = 92L, `4` = 93L, `5` = 70L, `6` = 61L, `7` = 51L, 
    `8` = 57L, `9` = 35L, `10` = 26L, `11` = 29L, `12` = 11L, 
    `13` = 16L, `14` = 7L, `15` = 8L, `16` = 4L, `17` = 2L, `18` = 3L, 
    `19` = 2L, `20` = 1L, `21` = 1L, `22` = 1L), .Dim = 22L, .Dimnames = structure(list(
        c("1", "2", "3", "4", "5", "6", "7", "8", "9", "10", 
        "11", "12", "13", "14", "15", "16", "17", "18", "19", 
        "20", "21", "22")), .Names = ""), class = "table"), No.Tag = structure(c(0L, 
    1L, 24L, 1L, 0L, 0L, 0L, 21L, 0L, 0L, 0L, 0L, 2L, 0L, 0L), .Dim = c(5L, 
    3L), .Dimnames = structure(list(c("-2", "-1", "0", "1", NA
    ), c("C", "T", NA)), .Names = c("", "")), class = "table"), 
        All.Tags = list(Concordant = list(Freqs = structure(c(0, 
        3, 316, 1, 0, 0, 328, 0), .Dim = c(4L, 2L), .Dimnames = list(
            c("-2", "-1", "0", "1"), c("C", "T"))), N = 648), 
            Majority = list(Freqs = structure(c(0, 4, 380, 1, 
            0, 1, 390, 0), .Dim = c(4L, 2L), .Dimnames = list(
                c("-2", "-1", "0", "1"), c("C", "T"))), N = 776)), 
        `2` = structure(c(0, 1, 336, 0, 0, 1, 326, 0), .Dim = c(4L, 
        2L), .Dimnames = list(c("-2", "-1", "0", "1"), c("C", 
        "T"))))))
