Results <-
list(`bwaOutput/20210421msiMNRsJenny/293662D9_S17.sam` = list(
    GM29_SNP1 = list(All = list(Freqs = structure(c(1L, 42L, 
    3329L, 7L, 0L, 3L, 0L, 1L, 8L, 0L, 1L, 0L), .Dim = c(6L, 
    2L), .Dimnames = structure(list(c("-2", "-1", "0", "1", "2", 
    NA), c("A", NA)), .Names = c("", "")), class = "table"), 
        N = 3392L), Tag.Distribution = structure(c(`1` = 108L, 
    `2` = 87L, `3` = 60L, `4` = 78L, `5` = 55L, `6` = 49L, `7` = 26L, 
    `8` = 21L, `9` = 26L, `10` = 19L, `11` = 16L, `12` = 21L, 
    `13` = 5L, `14` = 11L, `15` = 3L, `16` = 4L, `17` = 6L, `18` = 4L, 
    `19` = 3L, `20` = 2L, `21` = 1L, `24` = 1L, `25` = 2L, `26` = 1L, 
    `29` = 1L), .Dim = 25L, .Dimnames = structure(list(c("1", 
    "2", "3", "4", "5", "6", "7", "8", "9", "10", "11", "12", 
    "13", "14", "15", "16", "17", "18", "19", "20", "21", "24", 
    "25", "26", "29")), .Names = ""), class = "table"), No.Tag = structure(c(0L, 
    1L, 96L, 0L, 0L, 0L, 0L, 0L, 1L, 0L, 0L, 0L), .Dim = c(6L, 
    2L), .Dimnames = structure(list(c("-2", "-1", "0", "1", "2", 
    NA), c("A", NA)), .Names = c("", "")), class = "table"), 
        All.Tags = list(Concordant = list(Freqs = structure(c(0, 
        4, 565, 0, 0), .Dim = c(5L, 1L), .Dimnames = list(c("-2", 
        "-1", "0", "1", "2"), "A")), N = 569), Majority = list(
            Freqs = structure(c(0, 4, 602, 0, 0), .Dim = c(5L, 
            1L), .Dimnames = list(c("-2", "-1", "0", "1", "2"
            ), "A")), N = 606)), `2` = structure(c(0, 1, 498, 
        0, 0), .Dim = c(5L, 1L), .Dimnames = list(c("-2", "-1", 
        "0", "1", "2"), "A")))))
