Results <-
list(`bwaOutput/20210421msiMNRsJenny/293662D9_S17.sam` = list(
    LR36_SNP1 = list(All = list(Freqs = structure(c(0L, 1L, 5L, 
    0L, 1L, 0L, 0L, 1L, 0L, 0L, 2L, 97L, 4668L, 43L, 15L, 1L, 
    6L, 108L, 2L, 0L), .Dim = 5:4, .Dimnames = structure(list(
        c("-2", "-1", "0", "1", NA), c("A", "G", "T", NA)), .Names = c("", 
    "")), class = "table"), N = 4950L), Tag.Distribution = structure(c(`1` = 156L, 
    `2` = 102L, `3` = 121L, `4` = 102L, `5` = 74L, `6` = 82L, 
    `7` = 79L, `8` = 39L, `9` = 37L, `10` = 33L, `11` = 17L, 
    `12` = 24L, `13` = 16L, `14` = 11L, `15` = 8L, `16` = 4L, 
    `17` = 3L, `18` = 2L, `19` = 3L, `20` = 2L, `21` = 3L, `23` = 1L
    ), .Dim = 22L, .Dimnames = structure(list(c("1", "2", "3", 
    "4", "5", "6", "7", "8", "9", "10", "11", "12", "13", "14", 
    "15", "16", "17", "18", "19", "20", "21", "23")), .Names = ""), class = "table"), 
        No.Tag = structure(c(0L, 0L, 1L, 0L, 0L, 0L, 0L, 0L, 
        0L, 0L, 0L, 1L, 127L, 0L, 1L, 0L, 0L, 8L, 0L, 0L), .Dim = 5:4, .Dimnames = structure(list(
            c("-2", "-1", "0", "1", NA), c("A", "G", "T", NA)), .Names = c("", 
        "")), class = "table"), All.Tags = list(Concordant = list(
            Freqs = structure(c(0, 1, 3, 0, 0, 0, 0, 0, 0, 5, 
            788, 3), .Dim = 4:3, .Dimnames = list(c("-2", "-1", 
            "0", "1"), c("A", "G", "T"))), N = 800), Majority = list(
            Freqs = structure(c(0, 1, 3, 0, 0, 0, 0, 0, 0, 6, 
            895, 3), .Dim = 4:3, .Dimnames = list(c("-2", "-1", 
            "0", "1"), c("A", "G", "T"))), N = 908)), `2` = structure(c(0, 
        0, 0, 0, 0, 0, 0, 0, 0, 3, 755, 1), .Dim = 4:3, .Dimnames = list(
            c("-2", "-1", "0", "1"), c("A", "G", "T"))))))
