Results <-
list(`bwaOutput/20210421msiMNRsJenny/293662D9_S17.sam` = list(
    GM07_SNP1 = list(All = list(Freqs = structure(c(0L, 0L, 1L, 
    0L, 0L, 0L, 3L, 58L, 1364L, 35L, 0L, 9L, 0L, 58L, 1165L, 
    41L, 1L, 5L, 0L, 0L, 1L, 0L, 0L, 0L, 0L, 2L, 9L, 1L, 0L, 
    0L), .Dim = 6:5, .Dimnames = structure(list(c("-2", "-1", 
    "0", "1", "2", NA), c("-", "A", "G", "T", NA)), .Names = c("", 
    "")), class = "table"), N = 2753L), Tag.Distribution = structure(c(`1` = 100L, 
    `2` = 88L, `3` = 67L, `4` = 73L, `5` = 59L, `6` = 52L, `7` = 35L, 
    `8` = 30L, `9` = 20L, `10` = 14L, `11` = 16L, `12` = 9L, 
    `13` = 5L, `14` = 1L, `15` = 5L, `16` = 2L, `18` = 1L, `19` = 1L
    ), .Dim = 18L, .Dimnames = structure(list(c("1", "2", "3", 
    "4", "5", "6", "7", "8", "9", "10", "11", "12", "13", "14", 
    "15", "16", "18", "19")), .Names = ""), class = "table"), 
        No.Tag = structure(c(0L, 0L, 0L, 0L, 0L, 0L, 0L, 1L, 
        34L, 1L, 0L, 1L, 0L, 3L, 25L, 0L, 0L, 0L, 0L, 0L, 0L, 
        0L, 0L, 0L, 0L, 0L, 0L, 0L, 0L, 0L), .Dim = 6:5, .Dimnames = structure(list(
            c("-2", "-1", "0", "1", "2", NA), c("-", "A", "G", 
            "T", NA)), .Names = c("", "")), class = "table"), 
        All.Tags = list(Concordant = list(Freqs = structure(c(0, 
        0, 0, 0, 0, 0, 4, 233, 0, 0, 0, 2, 190, 0, 0, 0, 0, 0, 
        0, 0), .Dim = 5:4, .Dimnames = list(c("-2", "-1", "0", 
        "1", "2"), c("-", "A", "G", "T"))), N = 429), Majority = list(
            Freqs = structure(c(0, 0, 0, 0, 0, 0, 6, 295, 0, 
            0, 0, 2, 253, 1, 0, 0, 0, 0, 0, 0), .Dim = 5:4, .Dimnames = list(
                c("-2", "-1", "0", "1", "2"), c("-", "A", "G", 
                "T"))), N = 557)), `2` = structure(c(0, 0, 0, 
        0, 0, 0, 3, 244, 0, 0, 0, 1, 210, 1, 0, 0, 0, 0, 0, 0
        ), .Dim = 5:4, .Dimnames = list(c("-2", "-1", "0", "1", 
        "2"), c("-", "A", "G", "T"))))))
