Results <-
list(`bwaOutput/20210421msiMNRsJenny/293662D9_S17.sam` = list(
    LR24_SNP1 = list(All = list(Freqs = structure(c(0L, 1L, 0L, 
    0L, 0L, 31L, 0L, 0L, 36L, 7168L, 7L, 3L, 0L, 24L, 0L, 0L), .Dim = c(4L, 
    4L), .Dimnames = structure(list(c("-1", "0", "1", NA), c("-", 
    "A", "G", NA)), .Names = c("", "")), class = "table"), N = 7270L), 
        Tag.Distribution = structure(c(`1` = 459L, `2` = 357L, 
        `3` = 266L, `4` = 213L, `5` = 151L, `6` = 122L, `7` = 68L, 
        `8` = 54L, `9` = 45L, `10` = 53L, `11` = 27L, `12` = 11L, 
        `13` = 12L, `14` = 4L, `15` = 6L, `16` = 4L, `17` = 1L, 
        `18` = 3L, `19` = 2L, `21` = 1L, `22` = 1L, `24` = 1L, 
        `30` = 1L), .Dim = 23L, .Dimnames = structure(list(c("1", 
        "2", "3", "4", "5", "6", "7", "8", "9", "10", "11", "12", 
        "13", "14", "15", "16", "17", "18", "19", "21", "22", 
        "24", "30")), .Names = ""), class = "table"), No.Tag = structure(c(0L, 
        0L, 0L, 0L, 0L, 0L, 0L, 0L, 2L, 112L, 0L, 0L, 0L, 2L, 
        0L, 0L), .Dim = c(4L, 4L), .Dimnames = structure(list(
            c("-1", "0", "1", NA), c("-", "A", "G", NA)), .Names = c("", 
        "")), class = "table"), All.Tags = list(Concordant = list(
            Freqs = structure(c(0, 0, 0, 0, 6, 0, 3, 1804, 2), .Dim = c(3L, 
            3L), .Dimnames = list(c("-1", "0", "1"), c("-", "A", 
            "G"))), N = 1815), Majority = list(Freqs = structure(c(0, 
        0, 0, 0, 7, 0, 3, 1842, 2), .Dim = c(3L, 3L), .Dimnames = list(
            c("-1", "0", "1"), c("-", "A", "G"))), N = 1854)), 
        `2` = structure(c(0, 0, 0, 0, 7, 0, 1, 1391, 0), .Dim = c(3L, 
        3L), .Dimnames = list(c("-1", "0", "1"), c("-", "A", 
        "G"))))))
