Results <-
list(`bwaOutput/20210421msiMNRsJenny/293662D9_S17.sam` = list(
    IM49_SNP1 = list(All = list(Freqs = structure(c(0L, 1L, 6L, 
    0L, 0L, 0L, 6L, 130L, 4652L, 97L, 2L, 16L, 0L, 3L, 109L, 
    2L, 0L, 0L), .Dim = c(6L, 3L), .Dimnames = structure(list(
        c("-2", "-1", "0", "1", "2", NA), c("C", "G", NA)), .Names = c("", 
    "")), class = "table"), N = 5024L), Tag.Distribution = structure(c(`1` = 210L, 
    `2` = 137L, `3` = 140L, `4` = 137L, `5` = 89L, `6` = 81L, 
    `7` = 45L, `8` = 59L, `9` = 40L, `10` = 25L, `11` = 19L, 
    `12` = 18L, `13` = 8L, `14` = 10L, `15` = 10L, `16` = 8L, 
    `17` = 2L, `18` = 3L, `19` = 2L, `21` = 2L, `24` = 1L), .Dim = 21L, .Dimnames = structure(list(
        c("1", "2", "3", "4", "5", "6", "7", "8", "9", "10", 
        "11", "12", "13", "14", "15", "16", "17", "18", "19", 
        "21", "24")), .Names = ""), class = "table"), No.Tag = structure(c(0L, 
    0L, 0L, 0L, 0L, 0L, 1L, 1L, 95L, 2L, 0L, 0L, 0L, 0L, 5L, 
    1L, 0L, 0L), .Dim = c(6L, 3L), .Dimnames = structure(list(
        c("-2", "-1", "0", "1", "2", NA), c("C", "G", NA)), .Names = c("", 
    "")), class = "table"), All.Tags = list(Concordant = list(
        Freqs = structure(c(0, 1, 1, 0, 0, 0, 8, 846, 5, 1), .Dim = c(5L, 
        2L), .Dimnames = list(c("-2", "-1", "0", "1", "2"), c("C", 
        "G"))), N = 862), Majority = list(Freqs = structure(c(0, 
    1, 1, 0, 0, 0, 12, 997, 6, 1), .Dim = c(5L, 2L), .Dimnames = list(
        c("-2", "-1", "0", "1", "2"), c("C", "G"))), N = 1018)), 
        `2` = structure(c(0, 0, 0, 0, 0, 0, 5, 810, 3, 0), .Dim = c(5L, 
        2L), .Dimnames = list(c("-2", "-1", "0", "1", "2"), c("C", 
        "G"))))))
