Results <-
list(`bwaOutput/20210421msiMNRsJenny/293662D9_S17.sam` = list(
    GM17_SNP1 = list(All = list(Freqs = structure(c(0L, 1L, 0L, 
    0L, 26L, 2174L, 5L, 0L, 15L, 1878L, 9L, 2L, 0L, 19L, 0L, 
    0L), .Dim = c(4L, 4L), .Dimnames = structure(list(c("-1", 
    "0", "1", NA), c("A", "C", "T", NA)), .Names = c("", "")), class = "table"), 
        N = 4129L), Tag.Distribution = structure(c(`1` = 107L, 
    `2` = 85L, `3` = 101L, `4` = 89L, `5` = 65L, `6` = 67L, `7` = 44L, 
    `8` = 42L, `9` = 35L, `10` = 34L, `11` = 19L, `12` = 15L, 
    `13` = 11L, `14` = 13L, `15` = 7L, `16` = 7L, `17` = 3L, 
    `18` = 3L, `19` = 2L, `21` = 2L), .Dim = 20L, .Dimnames = structure(list(
        c("1", "2", "3", "4", "5", "6", "7", "8", "9", "10", 
        "11", "12", "13", "14", "15", "16", "17", "18", "19", 
        "21")), .Names = ""), class = "table"), No.Tag = structure(c(0L, 
    0L, 0L, 0L, 1L, 23L, 0L, 0L, 1L, 22L, 0L, 0L, 0L, 4L, 0L, 
    0L), .Dim = c(4L, 4L), .Dimnames = structure(list(c("-1", 
    "0", "1", NA), c("A", "C", "T", NA)), .Names = c("", "")), class = "table"), 
        All.Tags = list(Concordant = list(Freqs = structure(c(0, 
        1, 0, 1, 350, 0, 1, 307, 0), .Dim = c(3L, 3L), .Dimnames = list(
            c("-1", "0", "1"), c("A", "C", "T"))), N = 660), 
            Majority = list(Freqs = structure(c(0, 1, 0, 1, 393, 
            0, 1, 344, 0), .Dim = c(3L, 3L), .Dimnames = list(
                c("-1", "0", "1"), c("A", "C", "T"))), N = 740)), 
        `2` = structure(c(0, 0, 0, 0, 339, 0, 0, 295, 0), .Dim = c(3L, 
        3L), .Dimnames = list(c("-1", "0", "1"), c("A", "C", 
        "T"))))))
