Results <-
list(`bwaOutput/20210421msiMNRsJenny/293662D9_S17.sam` = list(
    GM09_SNP1 = list(All = list(Freqs = structure(c(28L, 5084L, 
    4L, 2L, 1L, 6L, 0L, 0L, 0L, 13L, 0L, 0L), .Dim = 4:3, .Dimnames = structure(list(
        c("-1", "0", "1", NA), c("A", "G", NA)), .Names = c("", 
    "")), class = "table"), N = 5138L), Tag.Distribution = structure(c(`1` = 152L, 
    `2` = 117L, `3` = 108L, `4` = 87L, `5` = 77L, `6` = 70L, 
    `7` = 65L, `8` = 53L, `9` = 52L, `10` = 30L, `11` = 28L, 
    `12` = 15L, `13` = 12L, `14` = 12L, `15` = 7L, `16` = 10L, 
    `17` = 5L, `18` = 3L, `19` = 4L, `22` = 1L, `24` = 2L, `25` = 1L, 
    `26` = 4L, `32` = 2L), .Dim = 24L, .Dimnames = structure(list(
        c("1", "2", "3", "4", "5", "6", "7", "8", "9", "10", 
        "11", "12", "13", "14", "15", "16", "17", "18", "19", 
        "22", "24", "25", "26", "32")), .Names = ""), class = "table"), 
        No.Tag = structure(c(3L, 69L, 0L, 0L, 0L, 1L, 0L, 0L, 
        0L, 0L, 0L, 0L), .Dim = 4:3, .Dimnames = structure(list(
            c("-1", "0", "1", NA), c("A", "G", NA)), .Names = c("", 
        "")), class = "table"), All.Tags = list(Concordant = list(
            Freqs = structure(c(1, 882, 0, 0, 3, 0), .Dim = 3:2, .Dimnames = list(
                c("-1", "0", "1"), c("A", "G"))), N = 886), Majority = list(
            Freqs = structure(c(1, 908, 0, 0, 3, 0), .Dim = 3:2, .Dimnames = list(
                c("-1", "0", "1"), c("A", "G"))), N = 912)), 
        `2` = structure(c(0, 764, 0, 0, 0, 0), .Dim = 3:2, .Dimnames = list(
            c("-1", "0", "1"), c("A", "G"))))))
