Results <-
list(`bwaOutput/20210421msiMNRsJenny/293662D9_S17.sam` = list(
    LR17_SNP1 = list(All = list(Freqs = structure(c(1L, 2L, 124L, 
    3844L, 49L, 4L, 29L, 0L, 0L, 0L, 2L, 0L, 0L, 0L, 0L, 0L, 
    2L, 105L, 1L, 0L, 0L), .Dim = c(7L, 3L), .Dimnames = structure(list(
        c("-3", "-2", "-1", "0", "1", "2", NA), c("A", "G", NA
        )), .Names = c("", "")), class = "table"), N = 4163L), 
        Tag.Distribution = structure(c(`1` = 106L, `2` = 82L, 
        `3` = 85L, `4` = 82L, `5` = 69L, `6` = 66L, `7` = 54L, 
        `8` = 44L, `9` = 36L, `10` = 23L, `11` = 19L, `12` = 21L, 
        `13` = 11L, `14` = 4L, `15` = 7L, `16` = 5L, `17` = 6L, 
        `18` = 4L, `19` = 1L, `20` = 2L, `25` = 1L, `28` = 1L
        ), .Dim = 22L, .Dimnames = structure(list(c("1", "2", 
        "3", "4", "5", "6", "7", "8", "9", "10", "11", "12", 
        "13", "14", "15", "16", "17", "18", "19", "20", "25", 
        "28")), .Names = ""), class = "table"), No.Tag = structure(c(0L, 
        0L, 5L, 138L, 3L, 1L, 0L, 0L, 0L, 0L, 0L, 0L, 0L, 0L, 
        0L, 0L, 0L, 7L, 0L, 0L, 0L), .Dim = c(7L, 3L), .Dimnames = structure(list(
            c("-3", "-2", "-1", "0", "1", "2", NA), c("A", "G", 
            NA)), .Names = c("", "")), class = "table"), All.Tags = list(
            Concordant = list(Freqs = structure(c(0, 0, 3, 583, 
            0, 0, 0, 0, 0, 0, 0, 0), .Dim = c(6L, 2L), .Dimnames = list(
                c("-3", "-2", "-1", "0", "1", "2"), c("A", "G"
                ))), N = 586), Majority = list(Freqs = structure(c(0, 
            0, 5, 704, 2, 0, 0, 0, 0, 0, 0, 0), .Dim = c(6L, 
            2L), .Dimnames = list(c("-3", "-2", "-1", "0", "1", 
            "2"), c("A", "G"))), N = 711)), `2` = structure(c(0, 
        0, 2, 611, 2, 0, 0, 0, 0, 0, 0, 0), .Dim = c(6L, 2L), .Dimnames = list(
            c("-3", "-2", "-1", "0", "1", "2"), c("A", "G"))))))
