Results <-
list(`bwaOutput/20210421msiMNRsJenny/293662D9_S17.sam` = list(
    LR52_SNP1 = list(All = list(Freqs = structure(c(0L, 0L, 1L, 
    0L, 0L, 16L, 232L, 2547L, 23L, 14L, 1L, 1L, 10L, 0L, 0L, 
    0L, 3L, 113L, 1L, 0L), .Dim = 5:4, .Dimnames = structure(list(
        c("-2", "-1", "0", "1", NA), c("A", "C", "T", NA)), .Names = c("", 
    "")), class = "table"), N = 2962L), Tag.Distribution = structure(c(`1` = 69L, 
    `2` = 55L, `3` = 55L, `4` = 55L, `5` = 52L, `6` = 48L, `7` = 45L, 
    `8` = 32L, `9` = 25L, `10` = 24L, `11` = 17L, `12` = 9L, 
    `13` = 8L, `14` = 7L, `15` = 2L, `16` = 7L, `19` = 3L, `21` = 1L, 
    `25` = 1L, `28` = 1L), .Dim = 20L, .Dimnames = structure(list(
        c("1", "2", "3", "4", "5", "6", "7", "8", "9", "10", 
        "11", "12", "13", "14", "15", "16", "19", "21", "25", 
        "28")), .Names = ""), class = "table"), No.Tag = structure(c(0L, 
    0L, 0L, 0L, 0L, 0L, 2L, 38L, 0L, 0L, 0L, 0L, 0L, 0L, 0L, 
    0L, 0L, 4L, 0L, 0L), .Dim = 5:4, .Dimnames = structure(list(
        c("-2", "-1", "0", "1", NA), c("A", "C", "T", NA)), .Names = c("", 
    "")), class = "table"), All.Tags = list(Concordant = list(
        Freqs = structure(c(0, 0, 0, 0, 0, 8, 315, 1, 1, 0, 1, 
        0), .Dim = 4:3, .Dimnames = list(c("-2", "-1", "0", "1"
        ), c("A", "C", "T"))), N = 326), Majority = list(Freqs = structure(c(0, 
    0, 0, 0, 0, 11, 474, 1, 1, 0, 2, 0), .Dim = 4:3, .Dimnames = list(
        c("-2", "-1", "0", "1"), c("A", "C", "T"))), N = 489)), 
        `2` = structure(c(0, 0, 0, 0, 0, 5, 419, 0, 0, 0, 1, 
        0), .Dim = 4:3, .Dimnames = list(c("-2", "-1", "0", "1"
        ), c("A", "C", "T"))))))
