Results <-
list(`bwaOutput/20210421msiMNRsJenny/293662D9_S17.sam` = list(
    LR48_SNP1 = list(All = list(Freqs = structure(c(1L, 51L, 
    1774L, 25L, 1L, 10L, 14L, 43L, 1426L, 17L, 0L, 7L, 0L, 0L, 
    17L, 1L, 0L, 0L), .Dim = c(6L, 3L), .Dimnames = structure(list(
        c("-2", "-1", "0", "1", "2", NA), c("C", "T", NA)), .Names = c("", 
    "")), class = "table"), N = 3387L), Tag.Distribution = structure(c(`1` = 70L, 
    `2` = 43L, `3` = 51L, `4` = 45L, `5` = 39L, `6` = 43L, `7` = 50L, 
    `8` = 31L, `9` = 30L, `10` = 15L, `11` = 24L, `12` = 12L, 
    `13` = 15L, `14` = 16L, `15` = 10L, `16` = 3L, `17` = 5L, 
    `18` = 3L, `20` = 4L, `22` = 1L, `24` = 1L, `25` = 1L, `27` = 1L
    ), .Dim = 23L, .Dimnames = structure(list(c("1", "2", "3", 
    "4", "5", "6", "7", "8", "9", "10", "11", "12", "13", "14", 
    "15", "16", "17", "18", "20", "22", "24", "25", "27")), .Names = ""), class = "table"), 
        No.Tag = structure(c(0L, 0L, 26L, 1L, 0L, 0L, 0L, 1L, 
        56L, 0L, 0L, 0L, 0L, 0L, 1L, 0L, 0L, 0L), .Dim = c(6L, 
        3L), .Dimnames = structure(list(c("-2", "-1", "0", "1", 
        "2", NA), c("C", "T", NA)), .Names = c("", "")), class = "table"), 
        All.Tags = list(Concordant = list(Freqs = structure(c(0, 
        1, 214, 1, 0, 0, 1, 177, 0, 0), .Dim = c(5L, 2L), .Dimnames = list(
            c("-2", "-1", "0", "1", "2"), c("C", "T"))), N = 394), 
            Majority = list(Freqs = structure(c(0, 2, 275, 1, 
            0, 1, 2, 223, 0, 0), .Dim = c(5L, 2L), .Dimnames = list(
                c("-2", "-1", "0", "1", "2"), c("C", "T"))), 
                N = 504)), `2` = structure(c(0, 1, 237, 1, 0, 
        1, 2, 194, 0, 0), .Dim = c(5L, 2L), .Dimnames = list(
            c("-2", "-1", "0", "1", "2"), c("C", "T"))))))
