Results <-
list(`bwaOutput/20210421msiMNRsJenny/293662D9_S17.sam` = list(
    GM01_SNP1 = list(All = list(Freqs = structure(c(29L, 1897L, 
    10L, 2L, 27L, 1897L, 5L, 1L, 1L, 34L, 0L, 0L), .Dim = 4:3, .Dimnames = structure(list(
        c("-1", "0", "1", NA), c("A", "G", NA)), .Names = c("", 
    "")), class = "table"), N = 3903L), Tag.Distribution = structure(c(`1` = 121L, 
    `2` = 81L, `3` = 80L, `4` = 79L, `5` = 68L, `6` = 69L, `7` = 52L, 
    `8` = 32L, `9` = 45L, `10` = 26L, `11` = 15L, `12` = 12L, 
    `13` = 11L, `14` = 8L, `15` = 1L, `16` = 5L, `17` = 4L, `18` = 5L, 
    `19` = 2L, `21` = 1L, `22` = 1L, `23` = 1L, `24` = 1L), .Dim = 23L, .Dimnames = structure(list(
        c("1", "2", "3", "4", "5", "6", "7", "8", "9", "10", 
        "11", "12", "13", "14", "15", "16", "17", "18", "19", 
        "21", "22", "23", "24")), .Names = ""), class = "table"), 
        No.Tag = structure(c(0L, 44L, 0L, 0L, 2L, 27L, 0L, 0L, 
        0L, 7L, 0L, 0L), .Dim = 4:3, .Dimnames = structure(list(
            c("-1", "0", "1", NA), c("A", "G", NA)), .Names = c("", 
        "")), class = "table"), All.Tags = list(Concordant = list(
            Freqs = structure(c(3, 315, 0, 1, 290, 1), .Dim = 3:2, .Dimnames = list(
                c("-1", "0", "1"), c("A", "G"))), N = 610), Majority = list(
            Freqs = structure(c(3, 366, 0, 1, 339, 1), .Dim = 3:2, .Dimnames = list(
                c("-1", "0", "1"), c("A", "G"))), N = 710)), 
        `2` = structure(c(0, 299, 0, 0, 291, 0), .Dim = 3:2, .Dimnames = list(
            c("-1", "0", "1"), c("A", "G"))))))
