Results <-
list(`bwaOutput/20210421msiMNRsJenny/293662D9_S17.sam` = list(
    LR20_SNP1 = list(All = list(Freqs = structure(c(2L, 1716L, 
    3L, 2L, 1L, 1692L, 0L, 1L, 0L, 7L, 0L, 0L), .Dim = 4:3, .Dimnames = structure(list(
        c("-1", "0", "1", NA), c("A", "G", NA)), .Names = c("", 
    "")), class = "table"), N = 3424L), Tag.Distribution = structure(c(`1` = 111L, 
    `2` = 105L, `3` = 95L, `4` = 92L, `5` = 58L, `6` = 52L, `7` = 55L, 
    `8` = 45L, `9` = 19L, `10` = 19L, `11` = 13L, `12` = 7L, 
    `13` = 4L, `14` = 6L, `15` = 3L, `16` = 1L, `17` = 3L, `18` = 3L, 
    `19` = 1L, `20` = 1L, `21` = 2L, `22` = 1L, `23` = 1L, `27` = 1L
    ), .Dim = 24L, .Dimnames = structure(list(c("1", "2", "3", 
    "4", "5", "6", "7", "8", "9", "10", "11", "12", "13", "14", 
    "15", "16", "17", "18", "19", "20", "21", "22", "23", "27"
    )), .Names = ""), class = "table"), No.Tag = structure(c(0L, 
    19L, 0L, 0L, 0L, 40L, 0L, 0L, 0L, 1L, 0L, 0L), .Dim = 4:3, .Dimnames = structure(list(
        c("-1", "0", "1", NA), c("A", "G", NA)), .Names = c("", 
    "")), class = "table"), All.Tags = list(Concordant = list(
        Freqs = structure(c(0, 320, 0, 0, 312, 0), .Dim = 3:2, .Dimnames = list(
            c("-1", "0", "1"), c("A", "G"))), N = 632), Majority = list(
        Freqs = structure(c(0, 350, 0, 0, 337, 0), .Dim = 3:2, .Dimnames = list(
            c("-1", "0", "1"), c("A", "G"))), N = 687)), `2` = structure(c(0, 
    301, 0, 0, 279, 0), .Dim = 3:2, .Dimnames = list(c("-1", 
    "0", "1"), c("A", "G"))))))
