Results <-
list(`bwaOutput/20210421msiMNRsJenny/294766D7_S4.sam` = list(
    LR17_SNP1 = list(All = list(Freqs = structure(c(3L, 167L, 
    4300L, 56L, 1L, 23L, 0L, 0L, 1L, 0L, 0L, 0L, 0L, 3L, 95L, 
    0L, 0L, 0L), .Dim = c(6L, 3L), .Dimnames = structure(list(
        c("-2", "-1", "0", "1", "2", NA), c("A", "G", NA)), .Names = c("", 
    "")), class = "table"), N = 4649L), Tag.Distribution = structure(c(`1` = 162L, 
    `2` = 117L, `3` = 132L, `4` = 101L, `5` = 88L, `6` = 65L, 
    `7` = 80L, `8` = 51L, `9` = 29L, `10` = 25L, `11` = 24L, 
    `12` = 14L, `13` = 11L, `14` = 6L, `15` = 6L, `16` = 2L, 
    `17` = 3L, `18` = 2L, `20` = 1L, `21` = 2L, `23` = 1L), .Dim = 21L, .Dimnames = structure(list(
        c("1", "2", "3", "4", "5", "6", "7", "8", "9", "10", 
        "11", "12", "13", "14", "15", "16", "17", "18", "20", 
        "21", "23")), .Names = ""), class = "table"), No.Tag = structure(c(0L, 
    3L, 180L, 1L, 0L, 1L, 0L, 0L, 0L, 0L, 0L, 0L, 0L, 0L, 6L, 
    0L, 0L, 0L), .Dim = c(6L, 3L), .Dimnames = structure(list(
        c("-2", "-1", "0", "1", "2", NA), c("A", "G", NA)), .Names = c("", 
    "")), class = "table"), All.Tags = list(Concordant = list(
        Freqs = structure(c(1, 6, 746, 1, 0, 0, 0, 0, 0, 0), .Dim = c(5L, 
        2L), .Dimnames = list(c("-2", "-1", "0", "1", "2"), c("A", 
        "G"))), N = 754), Majority = list(Freqs = structure(c(1, 
    6, 894, 1, 0, 0, 0, 0, 0, 0), .Dim = c(5L, 2L), .Dimnames = list(
        c("-2", "-1", "0", "1", "2"), c("A", "G"))), N = 902)), 
        `2` = structure(c(0, 3, 743, 1, 0, 0, 0, 0, 0, 0), .Dim = c(5L, 
        2L), .Dimnames = list(c("-2", "-1", "0", "1", "2"), c("A", 
        "G"))))))
