Results <-
list(`bwaOutput/20210421msiMNRsJenny/294766D7_S4.sam` = list(
    LR52_SNP1 = list(All = list(Freqs = structure(c(0L, 0L, 0L, 
    1L, 0L, 0L, 0L, 8L, 119L, 925L, 9L, 9L, 1L, 2L, 86L, 892L, 
    9L, 2L, 0L, 0L, 1L, 47L, 2L, 0L), .Dim = c(6L, 4L), .Dimnames = structure(list(
        c("-3", "-2", "-1", "0", "1", NA), c("A", "C", "T", NA
        )), .Names = c("", "")), class = "table"), N = 2113L), 
        Tag.Distribution = structure(c(`1` = 120L, `2` = 77L, 
        `3` = 77L, `4` = 51L, `5` = 55L, `6` = 39L, `7` = 31L, 
        `8` = 16L, `9` = 16L, `10` = 9L, `11` = 5L, `12` = 4L, 
        `13` = 2L, `14` = 3L, `15` = 4L, `18` = 2L), .Dim = 16L, .Dimnames = structure(list(
            c("1", "2", "3", "4", "5", "6", "7", "8", "9", "10", 
            "11", "12", "13", "14", "15", "18")), .Names = ""), class = "table"), 
        No.Tag = structure(c(0L, 0L, 0L, 0L, 0L, 0L, 0L, 0L, 
        3L, 37L, 0L, 0L, 0L, 0L, 1L, 7L, 0L, 0L, 0L, 0L, 0L, 
        1L, 0L, 0L), .Dim = c(6L, 4L), .Dimnames = structure(list(
            c("-3", "-2", "-1", "0", "1", NA), c("A", "C", "T", 
            NA)), .Names = c("", "")), class = "table"), All.Tags = list(
            Concordant = list(Freqs = structure(c(0, 0, 0, 0, 
            0, 0, 0, 12, 151, 2, 1, 0, 5, 182, 0), .Dim = c(5L, 
            3L), .Dimnames = list(c("-3", "-2", "-1", "0", "1"
            ), c("A", "C", "T"))), N = 353), Majority = list(
                Freqs = structure(c(0, 0, 0, 0, 0, 0, 0, 14, 
                218, 2, 1, 0, 7, 248, 0), .Dim = c(5L, 3L), .Dimnames = list(
                  c("-3", "-2", "-1", "0", "1"), c("A", "C", 
                  "T"))), N = 490)), `2` = structure(c(0, 0, 
        0, 0, 0, 0, 0, 5, 175, 0, 0, 0, 4, 190, 0), .Dim = c(5L, 
        3L), .Dimnames = list(c("-3", "-2", "-1", "0", "1"), 
            c("A", "C", "T"))))))
