Results <-
list(`bwaOutput/20210421msiMNRsJenny/294766D7_S4.sam` = list(
    IM16_SNP1 = list(All = list(Freqs = structure(c(1L, 13L, 
    1508L, 16L, 3L, 0L, 0L, 1L, 0L, 0L, 0L, 6L, 610L, 16L, 1L, 
    0L, 0L, 0L, 1L, 0L, 0L, 1L, 17L, 0L, 0L), .Dim = c(5L, 5L
    ), .Dimnames = structure(list(c("-2", "-1", "0", "1", NA), 
        c("A", "C", "G", "T", NA)), .Names = c("", "")), class = "table"), 
        N = 2194L), Tag.Distribution = structure(c(`1` = 92L, 
    `2` = 81L, `3` = 67L, `4` = 55L, `5` = 45L, `6` = 47L, `7` = 35L, 
    `8` = 20L, `9` = 13L, `10` = 6L, `11` = 6L, `12` = 8L, `13` = 6L, 
    `14` = 1L, `15` = 2L, `17` = 1L, `19` = 1L, `20` = 1L), .Dim = 18L, .Dimnames = structure(list(
        c("1", "2", "3", "4", "5", "6", "7", "8", "9", "10", 
        "11", "12", "13", "14", "15", "17", "19", "20")), .Names = ""), class = "table"), 
        No.Tag = structure(c(0L, 0L, 53L, 1L, 1L, 0L, 0L, 0L, 
        0L, 0L, 0L, 0L, 31L, 1L, 0L, 0L, 0L, 0L, 0L, 0L, 0L, 
        0L, 3L, 0L, 0L), .Dim = c(5L, 5L), .Dimnames = structure(list(
            c("-2", "-1", "0", "1", NA), c("A", "C", "G", "T", 
            NA)), .Names = c("", "")), class = "table"), All.Tags = list(
            Concordant = list(Freqs = structure(c(0, 0, 310, 
            2, 0, 0, 0, 0, 0, 0, 126, 0, 0, 0, 0, 0), .Dim = c(4L, 
            4L), .Dimnames = list(c("-2", "-1", "0", "1"), c("A", 
            "C", "G", "T"))), N = 438), Majority = list(Freqs = structure(c(0, 
            1, 333, 2, 0, 0, 0, 0, 0, 0, 141, 1, 0, 0, 0, 0), .Dim = c(4L, 
            4L), .Dimnames = list(c("-2", "-1", "0", "1"), c("A", 
            "C", "G", "T"))), N = 478)), `2` = structure(c(0, 
        1, 269, 0, 0, 0, 0, 0, 0, 0, 116, 1, 0, 0, 0, 0), .Dim = c(4L, 
        4L), .Dimnames = list(c("-2", "-1", "0", "1"), c("A", 
        "C", "G", "T"))))))
