Results <-
list(`bwaOutput/20210421msiMNRsJenny/294762_S41.sam` = list(LR11_SNP1 = list(
    All = list(Freqs = structure(c(2L, 82L, 3526L, 21L, 14L, 
    1L, 11L, 503L, 3L, 0L, 0L, 0L, 1L, 0L, 0L, 0L, 0L, 24L, 0L, 
    0L), .Dim = 5:4, .Dimnames = structure(list(c("-2", "-1", 
    "0", "1", NA), c("A", "C", "G", NA)), .Names = c("", "")), class = "table"), 
        N = 4188L), Tag.Distribution = structure(c(`1` = 219L, 
    `2` = 213L, `3` = 165L, `4` = 121L, `5` = 96L, `6` = 72L, 
    `7` = 44L, `8` = 40L, `9` = 31L, `10` = 18L, `11` = 13L, 
    `12` = 10L, `13` = 5L, `14` = 4L, `15` = 1L, `16` = 1L, `17` = 2L, 
    `18` = 2L, `21` = 1L), .Dim = 19L, .Dimnames = structure(list(
        c("1", "2", "3", "4", "5", "6", "7", "8", "9", "10", 
        "11", "12", "13", "14", "15", "16", "17", "18", "21")), .Names = ""), class = "table"), 
    No.Tag = structure(c(0L, 1L, 47L, 0L, 1L, 0L, 0L, 9L, 0L, 
    0L, 0L, 0L, 0L, 0L, 0L, 0L, 0L, 1L, 0L, 0L), .Dim = 5:4, .Dimnames = structure(list(
        c("-2", "-1", "0", "1", NA), c("A", "C", "G", NA)), .Names = c("", 
    "")), class = "table"), All.Tags = list(Concordant = list(
        Freqs = structure(c(1, 6, 814, 1, 0, 1, 103, 0, 0, 0, 
        0, 0), .Dim = 4:3, .Dimnames = list(c("-2", "-1", "0", 
        "1"), c("A", "C", "G"))), N = 926), Majority = list(Freqs = structure(c(1, 
    7, 900, 1, 0, 1, 125, 0, 0, 0, 0, 0), .Dim = 4:3, .Dimnames = list(
        c("-2", "-1", "0", "1"), c("A", "C", "G"))), N = 1035)), 
    `2` = structure(c(0, 2, 723, 0, 0, 0, 97, 0, 0, 0, 0, 0), .Dim = 4:3, .Dimnames = list(
        c("-2", "-1", "0", "1"), c("A", "C", "G"))))))
