Results <-
list(`bwaOutput/20210421msiMNRsJenny/294766D7_S4.sam` = list(
    IM49_SNP1 = list(All = list(Freqs = structure(c(3L, 72L, 
    2393L, 27L, 10L, 2L, 53L, 1643L, 32L, 1L, 0L, 3L, 67L, 0L, 
    0L), .Dim = c(5L, 3L), .Dimnames = structure(list(c("-2", 
    "-1", "0", "1", NA), c("C", "G", NA)), .Names = c("", "")), class = "table"), 
        N = 4306L), Tag.Distribution = structure(c(`1` = 243L, 
    `2` = 186L, `3` = 122L, `4` = 110L, `5` = 71L, `6` = 74L, 
    `7` = 61L, `8` = 48L, `9` = 26L, `10` = 21L, `11` = 11L, 
    `12` = 12L, `13` = 7L, `14` = 7L, `15` = 7L, `16` = 3L, `17` = 3L, 
    `19` = 1L, `21` = 1L, `22` = 1L, `23` = 1L), .Dim = 21L, .Dimnames = structure(list(
        c("1", "2", "3", "4", "5", "6", "7", "8", "9", "10", 
        "11", "12", "13", "14", "15", "16", "17", "19", "21", 
        "22", "23")), .Names = ""), class = "table"), No.Tag = structure(c(0L, 
    7L, 57L, 0L, 0L, 0L, 1L, 21L, 1L, 0L, 0L, 0L, 1L, 0L, 0L), .Dim = c(5L, 
    3L), .Dimnames = structure(list(c("-2", "-1", "0", "1", NA
    ), c("C", "G", NA)), .Names = c("", "")), class = "table"), 
        All.Tags = list(Concordant = list(Freqs = structure(c(1, 
        5, 468, 2, 0, 1, 324, 2), .Dim = c(4L, 2L), .Dimnames = list(
            c("-2", "-1", "0", "1"), c("C", "G"))), N = 803), 
            Majority = list(Freqs = structure(c(1, 5, 559, 2, 
            0, 6, 395, 2), .Dim = c(4L, 2L), .Dimnames = list(
                c("-2", "-1", "0", "1"), c("C", "G"))), N = 970)), 
        `2` = structure(c(0, 1, 431, 0, 0, 5, 307, 0), .Dim = c(4L, 
        2L), .Dimnames = list(c("-2", "-1", "0", "1"), c("C", 
        "G"))))))
