Results <-
list(`bwaOutput/20210421msiMNRsJenny/294762_S41.sam` = list(LR48_SNP1 = list(
    All = list(Freqs = structure(c(22L, 1200L, 2340L, 39L, 2L, 
    21L, 0L, 0L, 1L, 0L, 0L, 0L, 0L, 1L, 11L, 0L, 0L, 0L), .Dim = c(6L, 
    3L), .Dimnames = structure(list(c("-2", "-1", "0", "1", "2", 
    NA), c("C", "T", NA)), .Names = c("", "")), class = "table"), 
        N = 3637L), Tag.Distribution = structure(c(`1` = 109L, 
    `2` = 92L, `3` = 85L, `4` = 89L, `5` = 87L, `6` = 69L, `7` = 48L, 
    `8` = 53L, `9` = 33L, `10` = 19L, `11` = 12L, `12` = 8L, 
    `13` = 9L, `14` = 5L, `15` = 4L, `16` = 2L, `17` = 1L, `19` = 1L, 
    `21` = 2L), .Dim = 19L, .Dimnames = structure(list(c("1", 
    "2", "3", "4", "5", "6", "7", "8", "9", "10", "11", "12", 
    "13", "14", "15", "16", "17", "19", "21")), .Names = ""), class = "table"), 
    No.Tag = structure(c(0L, 21L, 31L, 0L, 0L, 0L, 0L, 0L, 0L, 
    0L, 0L, 0L, 0L, 0L, 0L, 0L, 0L, 0L), .Dim = c(6L, 3L), .Dimnames = structure(list(
        c("-2", "-1", "0", "1", "2", NA), c("C", "T", NA)), .Names = c("", 
    "")), class = "table"), All.Tags = list(Concordant = list(
        Freqs = structure(c(1, 188, 394, 0, 0, 0, 0, 0, 0, 0), .Dim = c(5L, 
        2L), .Dimnames = list(c("-2", "-1", "0", "1", "2"), c("C", 
        "T"))), N = 583), Majority = list(Freqs = structure(c(1, 
    228, 483, 1, 0, 0, 0, 0, 0, 0), .Dim = c(5L, 2L), .Dimnames = list(
        c("-2", "-1", "0", "1", "2"), c("C", "T"))), N = 713)), 
    `2` = structure(c(0, 202, 405, 1, 0, 0, 0, 0, 0, 0), .Dim = c(5L, 
    2L), .Dimnames = list(c("-2", "-1", "0", "1", "2"), c("C", 
    "T"))))))
