Results <-
list(`bwaOutput/20210421msiMNRsJenny/294762_S41.sam` = list(GM17_SNP1 = list(
    All = list(Freqs = structure(c(2L, 18L, 2025L, 2L, 1L, 2L, 
    36L, 1969L, 3L, 3L, 0L, 0L, 14L, 0L, 0L), .Dim = c(5L, 3L
    ), .Dimnames = structure(list(c("-2", "-1", "0", "1", NA), 
        c("C", "T", NA)), .Names = c("", "")), class = "table"), 
        N = 4075L), Tag.Distribution = structure(c(`1` = 194L, 
    `2` = 175L, `3` = 161L, `4` = 129L, `5` = 83L, `6` = 64L, 
    `7` = 43L, `8` = 45L, `9` = 31L, `10` = 15L, `11` = 11L, 
    `12` = 8L, `13` = 6L, `14` = 5L, `15` = 2L, `16` = 4L, `17` = 1L, 
    `18` = 1L, `19` = 1L, `20` = 1L), .Dim = 20L, .Dimnames = structure(list(
        c("1", "2", "3", "4", "5", "6", "7", "8", "9", "10", 
        "11", "12", "13", "14", "15", "16", "17", "18", "19", 
        "20")), .Names = ""), class = "table"), No.Tag = structure(c(0L, 
    0L, 48L, 0L, 0L, 0L, 1L, 57L, 2L, 1L, 0L, 0L, 1L, 0L, 0L), .Dim = c(5L, 
    3L), .Dimnames = structure(list(c("-2", "-1", "0", "1", NA
    ), c("C", "T", NA)), .Names = c("", "")), class = "table"), 
    All.Tags = list(Concordant = list(Freqs = structure(c(1, 
    1, 454, 0, 0, 2, 406, 0), .Dim = c(4L, 2L), .Dimnames = list(
        c("-2", "-1", "0", "1"), c("C", "T"))), N = 864), Majority = list(
        Freqs = structure(c(1, 1, 498, 0, 0, 4, 455, 0), .Dim = c(4L, 
        2L), .Dimnames = list(c("-2", "-1", "0", "1"), c("C", 
        "T"))), N = 959)), `2` = structure(c(0, 0, 398, 0, 0, 
    3, 368, 0), .Dim = c(4L, 2L), .Dimnames = list(c("-2", "-1", 
    "0", "1"), c("C", "T"))))))
