Results <-
list(`bwaOutput/20210421msiMNRsJenny/294762_S41.sam` = list(IM16_SNP1 = list(
    All = list(Freqs = structure(c(1L, 19L, 1482L, 18L, 1L, 3L, 
    0L, 22L, 1681L, 24L, 1L, 1L, 0L, 0L, 23L, 0L, 0L, 0L), .Dim = c(6L, 
    3L), .Dimnames = structure(list(c("-2", "-1", "0", "1", "2", 
    NA), c("A", "G", NA)), .Names = c("", "")), class = "table"), 
        N = 3276L), Tag.Distribution = structure(c(`1` = 175L, 
    `2` = 158L, `3` = 138L, `4` = 105L, `5` = 71L, `6` = 55L, 
    `7` = 38L, `8` = 27L, `9` = 20L, `10` = 16L, `11` = 9L, `12` = 8L, 
    `13` = 8L, `14` = 1L, `15` = 1L, `16` = 1L, `19` = 2L, `24` = 1L
    ), .Dim = 18L, .Dimnames = structure(list(c("1", "2", "3", 
    "4", "5", "6", "7", "8", "9", "10", "11", "12", "13", "14", 
    "15", "16", "19", "24")), .Names = ""), class = "table"), 
    No.Tag = structure(c(0L, 1L, 15L, 2L, 0L, 0L, 0L, 0L, 19L, 
    1L, 0L, 0L, 0L, 0L, 0L, 0L, 0L, 0L), .Dim = c(6L, 3L), .Dimnames = structure(list(
        c("-2", "-1", "0", "1", "2", NA), c("A", "G", NA)), .Names = c("", 
    "")), class = "table"), All.Tags = list(Concordant = list(
        Freqs = structure(c(0, 1, 336, 4, 0, 0, 1, 368, 1, 0), .Dim = c(5L, 
        2L), .Dimnames = list(c("-2", "-1", "0", "1", "2"), c("A", 
        "G"))), N = 711), Majority = list(Freqs = structure(c(0, 
    1, 382, 4, 0, 0, 1, 420, 1, 0), .Dim = c(5L, 2L), .Dimnames = list(
        c("-2", "-1", "0", "1", "2"), c("A", "G"))), N = 809)), 
    `2` = structure(c(0, 0, 302, 2, 0, 0, 0, 334, 0, 0), .Dim = c(5L, 
    2L), .Dimnames = list(c("-2", "-1", "0", "1", "2"), c("A", 
    "G"))))))
