Results <-
list(`bwaOutput/20210421msiMNRsJenny/294762_S41.sam` = list(GM07_SNP1 = list(
    All = list(Freqs = structure(c(1L, 25L, 939L, 554L, 17L, 
    1L, 19L, 0L, 1L, 84L, 1299L, 62L, 0L, 11L, 0L, 0L, 4L, 15L, 
    2L, 0L, 0L), .Dim = c(7L, 3L), .Dimnames = structure(list(
        c("-3", "-2", "-1", "0", "1", "2", NA), c("A", "G", NA
        )), .Names = c("", "")), class = "table"), N = 3034L), 
    Tag.Distribution = structure(c(`1` = 188L, `2` = 152L, `3` = 116L, 
    `4` = 104L, `5` = 68L, `6` = 57L, `7` = 42L, `8` = 25L, `9` = 16L, 
    `10` = 10L, `11` = 6L, `12` = 3L, `13` = 6L, `14` = 2L, `15` = 1L, 
    `18` = 1L, `19` = 1L), .Dim = 17L, .Dimnames = structure(list(
        c("1", "2", "3", "4", "5", "6", "7", "8", "9", "10", 
        "11", "12", "13", "14", "15", "18", "19")), .Names = ""), class = "table"), 
    No.Tag = structure(c(0L, 1L, 36L, 6L, 0L, 0L, 4L, 0L, 0L, 
    3L, 44L, 1L, 0L, 1L, 0L, 0L, 0L, 2L, 0L, 0L, 0L), .Dim = c(7L, 
    3L), .Dimnames = structure(list(c("-3", "-2", "-1", "0", 
    "1", "2", NA), c("A", "G", NA)), .Names = c("", "")), class = "table"), 
    All.Tags = list(Concordant = list(Freqs = structure(c(0, 
    3, 203, 125, 0, 0, 0, 0, 7, 274, 3, 0), .Dim = c(6L, 2L), .Dimnames = list(
        c("-3", "-2", "-1", "0", "1", "2"), c("A", "G"))), N = 615), 
        Majority = list(Freqs = structure(c(0, 4, 237, 159, 1, 
        0, 0, 0, 8, 353, 6, 0), .Dim = c(6L, 2L), .Dimnames = list(
            c("-3", "-2", "-1", "0", "1", "2"), c("A", "G"))), 
            N = 768)), `2` = structure(c(0, 1, 185, 113, 1, 0, 
    0, 0, 2, 275, 5, 0), .Dim = c(6L, 2L), .Dimnames = list(c("-3", 
    "-2", "-1", "0", "1", "2"), c("A", "G"))))))
