Results <-
list(`bwaOutput/20210421msiMNRsJenny/294762_S41.sam` = list(LR44_SNP1 = list(
    All = list(Freqs = structure(c(0L, 0L, 0L, 5L, 0L, 1L, 2L, 
    12L, 214L, 3191L, 53L, 16L, 0L, 5L, 0L, 8L, 0L, 0L, 0L, 0L, 
    2L, 35L, 0L, 0L), .Dim = c(6L, 4L), .Dimnames = structure(list(
        c("-3", "-2", "-1", "0", "1", NA), c("A", "C", "T", NA
        )), .Names = c("", "")), class = "table"), N = 3544L), 
    Tag.Distribution = structure(c(`1` = 191L, `2` = 162L, `3` = 157L, 
    `4` = 127L, `5` = 83L, `6` = 64L, `7` = 37L, `8` = 27L, `9` = 17L, 
    `10` = 15L, `11` = 11L, `12` = 4L, `13` = 8L, `14` = 2L, 
    `15` = 1L, `16` = 2L, `17` = 1L, `22` = 1L, `24` = 1L), .Dim = 19L, .Dimnames = structure(list(
        c("1", "2", "3", "4", "5", "6", "7", "8", "9", "10", 
        "11", "12", "13", "14", "15", "16", "17", "22", "24")), .Names = ""), class = "table"), 
    No.Tag = structure(c(0L, 0L, 0L, 0L, 0L, 0L, 0L, 0L, 5L, 
    54L, 2L, 0L, 0L, 0L, 0L, 0L, 0L, 0L, 0L, 0L, 0L, 1L, 0L, 
    0L), .Dim = c(6L, 4L), .Dimnames = structure(list(c("-3", 
    "-2", "-1", "0", "1", NA), c("A", "C", "T", NA)), .Names = c("", 
    "")), class = "table"), All.Tags = list(Concordant = list(
        Freqs = structure(c(0, 0, 0, 1, 0, 0, 1, 18, 694, 2, 
        0, 0, 0, 3, 0), .Dim = c(5L, 3L), .Dimnames = list(c("-3", 
        "-2", "-1", "0", "1"), c("A", "C", "T"))), N = 719), 
        Majority = list(Freqs = structure(c(0, 0, 0, 1, 0, 0, 
        1, 27, 846, 2, 0, 1, 0, 3, 0), .Dim = c(5L, 3L), .Dimnames = list(
            c("-3", "-2", "-1", "0", "1"), c("A", "C", "T"))), 
            N = 881)), `2` = structure(c(0, 0, 0, 1, 0, 0, 1, 
    13, 677, 0, 0, 1, 0, 1, 0), .Dim = c(5L, 3L), .Dimnames = list(
        c("-3", "-2", "-1", "0", "1"), c("A", "C", "T"))))))
