Results <-
list(`bwaOutput/20210421msiMNRsJenny/294766D7_S4.sam` = list(
    LR46_SNP1 = list(All = list(Freqs = structure(c(9L, 2935L, 
    8L, 1L, 6L, 4L, 1013L, 0L, 0L, 0L, 0L, 11L, 1L, 0L, 0L), .Dim = c(5L, 
    3L), .Dimnames = structure(list(c("-1", "0", "1", "2", NA
    ), c("G", "T", NA)), .Names = c("", "")), class = "table"), 
        N = 3988L), Tag.Distribution = structure(c(`1` = 136L, 
    `2` = 116L, `3` = 114L, `4` = 66L, `5` = 75L, `6` = 70L, 
    `7` = 49L, `8` = 44L, `9` = 32L, `10` = 21L, `11` = 13L, 
    `12` = 17L, `13` = 9L, `14` = 5L, `15` = 6L, `16` = 5L, `17` = 4L, 
    `18` = 3L, `19` = 1L, `21` = 1L, `23` = 1L), .Dim = 21L, .Dimnames = structure(list(
        c("1", "2", "3", "4", "5", "6", "7", "8", "9", "10", 
        "11", "12", "13", "14", "15", "16", "17", "18", "19", 
        "21", "23")), .Names = ""), class = "table"), No.Tag = structure(c(0L, 
    97L, 0L, 0L, 2L, 0L, 37L, 0L, 0L, 0L, 0L, 1L, 0L, 0L, 0L), .Dim = c(5L, 
    3L), .Dimnames = structure(list(c("-1", "0", "1", "2", NA
    ), c("G", "T", NA)), .Names = c("", "")), class = "table"), 
        All.Tags = list(Concordant = list(Freqs = structure(c(0, 
        535, 0, 0, 0, 194, 0, 0), .Dim = c(4L, 2L), .Dimnames = list(
            c("-1", "0", "1", "2"), c("G", "T"))), N = 729), 
            Majority = list(Freqs = structure(c(0, 565, 0, 0, 
            0, 214, 0, 0), .Dim = c(4L, 2L), .Dimnames = list(
                c("-1", "0", "1", "2"), c("G", "T"))), N = 779)), 
        `2` = structure(c(0, 478, 0, 0, 0, 167, 0, 0), .Dim = c(4L, 
        2L), .Dimnames = list(c("-1", "0", "1", "2"), c("G", 
        "T"))))))
