Results <-
list(`bwaOutput/20210421msiMNRsJenny/294766D7_S4.sam` = list(
    GM14_SNP1 = list(All = list(Freqs = structure(c(2L, 138L, 
    4001L, 23L, 1L, 25L, 0L, 1L, 0L, 0L, 0L, 0L, 0L, 0L, 21L, 
    0L, 0L, 0L), .Dim = c(6L, 3L), .Dimnames = structure(list(
        c("-2", "-1", "0", "1", "2", NA), c("C", "T", NA)), .Names = c("", 
    "")), class = "table"), N = 4212L), Tag.Distribution = structure(c(`1` = 138L, 
    `2` = 121L, `3` = 119L, `4` = 106L, `5` = 84L, `6` = 63L, 
    `7` = 59L, `8` = 49L, `9` = 34L, `10` = 25L, `11` = 17L, 
    `12` = 15L, `13` = 14L, `14` = 8L, `15` = 2L, `16` = 1L, 
    `17` = 2L, `18` = 1L, `19` = 1L, `21` = 1L), .Dim = 20L, .Dimnames = structure(list(
        c("1", "2", "3", "4", "5", "6", "7", "8", "9", "10", 
        "11", "12", "13", "14", "15", "16", "17", "18", "19", 
        "21")), .Names = ""), class = "table"), No.Tag = structure(c(1L, 
    5L, 85L, 0L, 0L, 2L, 0L, 0L, 0L, 0L, 0L, 0L, 0L, 0L, 0L, 
    0L, 0L, 0L), .Dim = c(6L, 3L), .Dimnames = structure(list(
        c("-2", "-1", "0", "1", "2", NA), c("C", "T", NA)), .Names = c("", 
    "")), class = "table"), All.Tags = list(Concordant = list(
        Freqs = structure(c(0, 5, 724, 3, 0, 0, 1, 0, 0, 0), .Dim = c(5L, 
        2L), .Dimnames = list(c("-2", "-1", "0", "1", "2"), c("C", 
        "T"))), N = 733), Majority = list(Freqs = structure(c(0, 
    8, 833, 3, 0, 0, 1, 0, 0, 0), .Dim = c(5L, 2L), .Dimnames = list(
        c("-2", "-1", "0", "1", "2"), c("C", "T"))), N = 845)), 
        `2` = structure(c(0, 4, 708, 0, 0, 0, 0, 0, 0, 0), .Dim = c(5L, 
        2L), .Dimnames = list(c("-2", "-1", "0", "1", "2"), c("C", 
        "T"))))))
