Results <-
list(`bwaOutput/20210421msiMNRsJenny/294766D7_S4.sam` = list(
    LR44_SNP1 = list(All = list(Freqs = structure(c(1L, 4L, 66L, 
    779L, 11L, 2L, 3L, 0L, 2L, 1L, 7L, 0L, 0L, 0L, 1L, 4L, 97L, 
    988L, 20L, 0L, 4L, 0L, 0L, 4L, 23L, 1L, 0L, 0L), .Dim = c(7L, 
    4L), .Dimnames = structure(list(c("-3", "-2", "-1", "0", 
    "1", "13", NA), c("C", "G", "T", NA)), .Names = c("", "")), class = "table"), 
        N = 2018L), Tag.Distribution = structure(c(`1` = 94L, 
    `2` = 100L, `3` = 71L, `4` = 63L, `5` = 46L, `6` = 38L, `7` = 23L, 
    `8` = 13L, `9` = 11L, `10` = 12L, `11` = 8L, `12` = 3L, `13` = 3L, 
    `15` = 1L, `16` = 1L, `18` = 1L), .Dim = 16L, .Dimnames = structure(list(
        c("1", "2", "3", "4", "5", "6", "7", "8", "9", "10", 
        "11", "12", "13", "15", "16", "18")), .Names = ""), class = "table"), 
        No.Tag = structure(c(0L, 1L, 3L, 50L, 0L, 0L, 0L, 0L, 
        0L, 0L, 0L, 0L, 0L, 0L, 0L, 1L, 3L, 42L, 2L, 0L, 1L, 
        0L, 0L, 0L, 2L, 0L, 0L, 0L), .Dim = c(7L, 4L), .Dimnames = structure(list(
            c("-3", "-2", "-1", "0", "1", "13", NA), c("C", "G", 
            "T", NA)), .Names = c("", "")), class = "table"), 
        All.Tags = list(Concordant = list(Freqs = structure(c(1, 
        0, 5, 168, 0, 1, 0, 1, 0, 0, 0, 0, 1, 1, 6, 171, 2, 0
        ), .Dim = c(6L, 3L), .Dimnames = list(c("-3", "-2", "-1", 
        "0", "1", "13"), c("C", "G", "T"))), N = 357), Majority = list(
            Freqs = structure(c(1, 0, 8, 201, 0, 1, 0, 1, 0, 
            1, 0, 0, 1, 1, 10, 236, 2, 0), .Dim = c(6L, 3L), .Dimnames = list(
                c("-3", "-2", "-1", "0", "1", "13"), c("C", "G", 
                "T"))), N = 463)), `2` = structure(c(0, 0, 6, 
        160, 0, 1, 0, 1, 0, 1, 0, 0, 0, 0, 8, 196, 1, 0), .Dim = c(6L, 
        3L), .Dimnames = list(c("-3", "-2", "-1", "0", "1", "13"
        ), c("C", "G", "T"))))))
