Results <-
list(`bwaOutput/20210421msiMNRsJenny/294766D7_S4.sam` = list(
    LR11_SNP1 = list(All = list(Freqs = structure(c(1L, 31L, 
    1751L, 15L, 9L, 3L, 34L, 1293L, 7L, 4L, 0L, 0L, 1L, 0L, 0L, 
    0L, 0L, 26L, 0L, 0L), .Dim = 5:4, .Dimnames = structure(list(
        c("-2", "-1", "0", "1", NA), c("A", "C", "T", NA)), .Names = c("", 
    "")), class = "table"), N = 3175L), Tag.Distribution = structure(c(`1` = 145L, 
    `2` = 131L, `3` = 116L, `4` = 87L, `5` = 83L, `6` = 56L, 
    `7` = 52L, `8` = 21L, `9` = 18L, `10` = 17L, `11` = 10L, 
    `12` = 10L, `13` = 4L, `14` = 5L, `17` = 1L, `18` = 1L, `20` = 1L
    ), .Dim = 17L, .Dimnames = structure(list(c("1", "2", "3", 
    "4", "5", "6", "7", "8", "9", "10", "11", "12", "13", "14", 
    "17", "18", "20")), .Names = ""), class = "table"), No.Tag = structure(c(0L, 
    0L, 16L, 0L, 0L, 0L, 0L, 33L, 0L, 1L, 0L, 0L, 0L, 0L, 0L, 
    0L, 0L, 0L, 0L, 0L), .Dim = 5:4, .Dimnames = structure(list(
        c("-2", "-1", "0", "1", NA), c("A", "C", "T", NA)), .Names = c("", 
    "")), class = "table"), All.Tags = list(Concordant = list(
        Freqs = structure(c(0, 1, 379, 0, 1, 0, 265, 0, 0, 0, 
        0, 0), .Dim = 4:3, .Dimnames = list(c("-2", "-1", "0", 
        "1"), c("A", "C", "T"))), N = 646), Majority = list(Freqs = structure(c(0, 
    1, 427, 0, 1, 1, 300, 0, 0, 0, 0, 0), .Dim = 4:3, .Dimnames = list(
        c("-2", "-1", "0", "1"), c("A", "C", "T"))), N = 730)), 
        `2` = structure(c(0, 1, 346, 0, 0, 1, 243, 0, 0, 0, 0, 
        0), .Dim = 4:3, .Dimnames = list(c("-2", "-1", "0", "1"
        ), c("A", "C", "T"))))))
