Results <-
list(`bwaOutput/20210421msiMNRsJenny/294762_S41.sam` = list(GM09_SNP1 = list(
    All = list(Freqs = structure(c(1L, 4L, 0L, 0L, 30L, 5258L, 
    9L, 3L, 0L, 1L, 0L, 0L, 0L, 20L, 0L, 0L), .Dim = c(4L, 4L
    ), .Dimnames = structure(list(c("-1", "0", "1", NA), c("A", 
    "G", "T", NA)), .Names = c("", "")), class = "table"), N = 5326L), 
    Tag.Distribution = structure(c(`1` = 269L, `2` = 221L, `3` = 168L, 
    `4` = 151L, `5` = 124L, `6` = 77L, `7` = 54L, `8` = 41L, 
    `9` = 42L, `10` = 25L, `11` = 22L, `12` = 8L, `13` = 9L, 
    `14` = 9L, `15` = 4L, `16` = 5L, `17` = 2L, `18` = 2L, `19` = 2L, 
    `21` = 1L, `22` = 2L, `23` = 2L, `24` = 1L), .Dim = 23L, .Dimnames = structure(list(
        c("1", "2", "3", "4", "5", "6", "7", "8", "9", "10", 
        "11", "12", "13", "14", "15", "16", "17", "18", "19", 
        "21", "22", "23", "24")), .Names = ""), class = "table"), 
    No.Tag = structure(c(0L, 0L, 0L, 0L, 1L, 124L, 0L, 1L, 0L, 
    0L, 0L, 0L, 0L, 1L, 0L, 0L), .Dim = c(4L, 4L), .Dimnames = structure(list(
        c("-1", "0", "1", NA), c("A", "G", "T", NA)), .Names = c("", 
    "")), class = "table"), All.Tags = list(Concordant = list(
        Freqs = structure(c(0, 3, 0, 4, 1201, 0, 0, 0, 0), .Dim = c(3L, 
        3L), .Dimnames = list(c("-1", "0", "1"), c("A", "G", 
        "T"))), N = 1208), Majority = list(Freqs = structure(c(0, 
    3, 0, 5, 1230, 0, 0, 0, 0), .Dim = c(3L, 3L), .Dimnames = list(
        c("-1", "0", "1"), c("A", "G", "T"))), N = 1238)), `2` = structure(c(0, 
    0, 0, 2, 967, 0, 0, 0, 0), .Dim = c(3L, 3L), .Dimnames = list(
        c("-1", "0", "1"), c("A", "G", "T"))))))
