Results <-
list(`bwaOutput/20210421msiMNRsJenny/294766D7_S4.sam` = list(
    GM01_SNP1 = list(All = list(Freqs = structure(c(0L, 1L, 0L, 
    0L, 0L, 54L, 3144L, 10L, 2L, 1L, 0L, 1L, 0L, 0L, 0L, 1L, 
    17L, 0L, 0L, 0L), .Dim = 5:4, .Dimnames = structure(list(
        c("-1", "0", "1", "2", NA), c("-", "A", "G", NA)), .Names = c("", 
    "")), class = "table"), N = 3231L), Tag.Distribution = structure(c(`1` = 127L, 
    `2` = 118L, `3` = 82L, `4` = 75L, `5` = 79L, `6` = 44L, `7` = 50L, 
    `8` = 34L, `9` = 20L, `10` = 25L, `11` = 16L, `12` = 9L, 
    `13` = 4L, `15` = 2L, `16` = 4L, `17` = 1L, `18` = 1L, `20` = 3L, 
    `28` = 1L), .Dim = 19L, .Dimnames = structure(list(c("1", 
    "2", "3", "4", "5", "6", "7", "8", "9", "10", "11", "12", 
    "13", "15", "16", "17", "18", "20", "28")), .Names = ""), class = "table"), 
        No.Tag = structure(c(0L, 0L, 0L, 0L, 0L, 0L, 58L, 0L, 
        0L, 0L, 0L, 0L, 0L, 0L, 0L, 0L, 0L, 0L, 0L, 0L), .Dim = 5:4, .Dimnames = structure(list(
            c("-1", "0", "1", "2", NA), c("-", "A", "G", NA)), .Names = c("", 
        "")), class = "table"), All.Tags = list(Concordant = list(
            Freqs = structure(c(0, 0, 0, 0, 2, 626, 0, 0, 0, 
            1, 0, 0), .Dim = 4:3, .Dimnames = list(c("-1", "0", 
            "1", "2"), c("-", "A", "G"))), N = 629), Majority = list(
            Freqs = structure(c(0, 0, 0, 0, 2, 684, 0, 0, 0, 
            1, 0, 0), .Dim = 4:3, .Dimnames = list(c("-1", "0", 
            "1", "2"), c("-", "A", "G"))), N = 687)), `2` = structure(c(0, 
        0, 0, 0, 0, 564, 0, 0, 0, 0, 0, 0), .Dim = 4:3, .Dimnames = list(
            c("-1", "0", "1", "2"), c("-", "A", "G"))))))
