Results <-
list(`bwaOutput/20210421msiMNRsJenny/294766D7_S4.sam` = list(
    GM09_SNP1 = list(All = list(Freqs = structure(c(7L, 2104L, 
    2L, 1L, 39L, 4629L, 12L, 1L, 3L, 26L, 0L, 0L), .Dim = 4:3, .Dimnames = structure(list(
        c("-1", "0", "1", NA), c("A", "G", NA)), .Names = c("", 
    "")), class = "table"), N = 6824L), Tag.Distribution = structure(c(`1` = 237L, 
    `2` = 186L, `3` = 172L, `4` = 132L, `5` = 129L, `6` = 114L, 
    `7` = 79L, `8` = 62L, `9` = 57L, `10` = 42L, `11` = 28L, 
    `12` = 21L, `13` = 15L, `14` = 10L, `15` = 9L, `16` = 10L, 
    `17` = 5L, `18` = 6L, `19` = 2L, `20` = 4L, `21` = 1L, `22` = 2L, 
    `23` = 2L, `24` = 1L, `25` = 1L, `36` = 1L, `37` = 1L), .Dim = 27L, .Dimnames = structure(list(
        c("1", "2", "3", "4", "5", "6", "7", "8", "9", "10", 
        "11", "12", "13", "14", "15", "16", "17", "18", "19", 
        "20", "21", "22", "23", "24", "25", "36", "37")), .Names = ""), class = "table"), 
        No.Tag = structure(c(0L, 25L, 0L, 0L, 0L, 97L, 1L, 0L, 
        0L, 3L, 0L, 0L), .Dim = 4:3, .Dimnames = structure(list(
            c("-1", "0", "1", NA), c("A", "G", NA)), .Names = c("", 
        "")), class = "table"), All.Tags = list(Concordant = list(
            Freqs = structure(c(0, 345, 0, 5, 768, 1), .Dim = 3:2, .Dimnames = list(
                c("-1", "0", "1"), c("A", "G"))), N = 1119), 
            Majority = list(Freqs = structure(c(0, 423, 0, 6, 
            875, 1), .Dim = 3:2, .Dimnames = list(c("-1", "0", 
            "1"), c("A", "G"))), N = 1305)), `2` = structure(c(0, 
        331, 0, 3, 740, 0), .Dim = 3:2, .Dimnames = list(c("-1", 
        "0", "1"), c("A", "G"))))))
