Results <-
list(`bwaOutput/20210421msiMNRsJenny/294766D7_S4.sam` = list(
    LR24_SNP1 = list(All = list(Freqs = structure(c(0L, 1L, 0L, 
    0L, 3L, 25L, 1L, 0L, 30L, 6943L, 20L, 8L, 0L, 21L, 0L, 0L
    ), .Dim = c(4L, 4L), .Dimnames = structure(list(c("-1", "0", 
    "1", NA), c("-", "A", "G", NA)), .Names = c("", "")), class = "table"), 
        N = 7052L), Tag.Distribution = structure(c(`1` = 502L, 
    `2` = 360L, `3` = 259L, `4` = 212L, `5` = 162L, `6` = 112L, 
    `7` = 77L, `8` = 54L, `9` = 44L, `10` = 25L, `11` = 24L, 
    `12` = 12L, `13` = 8L, `14` = 7L, `15` = 7L, `16` = 2L, `17` = 1L, 
    `18` = 2L, `19` = 1L, `20` = 1L, `22` = 1L, `23` = 1L, `24` = 1L, 
    `30` = 1L), .Dim = 24L, .Dimnames = structure(list(c("1", 
    "2", "3", "4", "5", "6", "7", "8", "9", "10", "11", "12", 
    "13", "14", "15", "16", "17", "18", "19", "20", "22", "23", 
    "24", "30")), .Names = ""), class = "table"), No.Tag = structure(c(0L, 
    0L, 0L, 0L, 0L, 0L, 0L, 0L, 1L, 160L, 1L, 0L, 0L, 6L, 0L, 
    0L), .Dim = c(4L, 4L), .Dimnames = structure(list(c("-1", 
    "0", "1", NA), c("-", "A", "G", NA)), .Names = c("", "")), class = "table"), 
        All.Tags = list(Concordant = list(Freqs = structure(c(0, 
        0, 0, 0, 4, 0, 2, 1815, 2), .Dim = c(3L, 3L), .Dimnames = list(
            c("-1", "0", "1"), c("-", "A", "G"))), N = 1823), 
            Majority = list(Freqs = structure(c(0, 0, 0, 1, 5, 
            0, 2, 1854, 3), .Dim = c(3L, 3L), .Dimnames = list(
                c("-1", "0", "1"), c("-", "A", "G"))), N = 1865)), 
        `2` = structure(c(0, 0, 0, 1, 3, 0, 0, 1361, 2), .Dim = c(3L, 
        3L), .Dimnames = list(c("-1", "0", "1"), c("-", "A", 
        "G"))))))
