Results <-
list(`bwaOutput/20210421msiMNRsJenny/295249_S35.sam` = list(GM07_SNP1 = list(
    All = list(Freqs = structure(c(2L, 80L, 1517L, 43L, 1L, 14L, 
    4L, 182L, 1529L, 59L, 1L, 19L, 0L, 0L, 20L, 0L, 0L, 0L), .Dim = c(6L, 
    3L), .Dimnames = structure(list(c("-2", "-1", "0", "1", "2", 
    NA), c("A", "G", NA)), .Names = c("", "")), class = "table"), 
        N = 3471L), Tag.Distribution = structure(c(`1` = 285L, 
    `2` = 221L, `3` = 167L, `4` = 133L, `5` = 85L, `6` = 57L, 
    `7` = 43L, `8` = 31L, `9` = 12L, `10` = 8L, `11` = 2L, `12` = 1L, 
    `13` = 3L, `15` = 1L, `16` = 1L, `18` = 1L), .Dim = 16L, .Dimnames = structure(list(
        c("1", "2", "3", "4", "5", "6", "7", "8", "9", "10", 
        "11", "12", "13", "15", "16", "18")), .Names = ""), class = "table"), 
    No.Tag = structure(c(0L, 1L, 41L, 2L, 0L, 1L, 0L, 6L, 28L, 
    0L, 0L, 4L, 0L, 0L, 2L, 0L, 0L, 0L), .Dim = c(6L, 3L), .Dimnames = structure(list(
        c("-2", "-1", "0", "1", "2", NA), c("A", "G", NA)), .Names = c("", 
    "")), class = "table"), All.Tags = list(Concordant = list(
        Freqs = structure(c(0, 10, 376, 2, 1, 0, 28, 340, 5, 
        0), .Dim = c(5L, 2L), .Dimnames = list(c("-2", "-1", 
        "0", "1", "2"), c("A", "G"))), N = 762), Majority = list(
        Freqs = structure(c(0, 11, 461, 2, 1, 0, 36, 462, 6, 
        0), .Dim = c(5L, 2L), .Dimnames = list(c("-2", "-1", 
        "0", "1", "2"), c("A", "G"))), N = 979)), `2` = structure(c(0, 
    3, 331, 0, 1, 0, 25, 340, 3, 0), .Dim = c(5L, 2L), .Dimnames = list(
        c("-2", "-1", "0", "1", "2"), c("A", "G"))))))
