Results <-
list(`bwaOutput/20210421msiMNRsJenny/295249_S35.sam` = list(LR44_SNP1 = list(
    All = list(Freqs = structure(c(0L, 0L, 1L, 5L, 0L, 1L, 0L, 
    1L, 8L, 196L, 2456L, 20L, 0L, 20L, 0L, 0L, 0L, 1L, 0L, 0L, 
    0L, 0L, 0L, 0L, 23L, 2L, 0L, 0L, 0L, 0L, 2L, 21L, 0L, 0L, 
    0L), .Dim = c(7L, 5L), .Dimnames = structure(list(c("-4", 
    "-2", "-1", "0", "1", "3", NA), c("A", "C", "G", "T", NA)), .Names = c("", 
    "")), class = "table"), N = 2757L), Tag.Distribution = structure(c(`1` = 268L, 
    `2` = 224L, `3` = 142L, `4` = 103L, `5` = 62L, `6` = 37L, 
    `7` = 30L, `8` = 22L, `9` = 9L, `10` = 4L, `11` = 3L, `12` = 1L, 
    `13` = 2L, `14` = 1L, `15` = 1L), .Dim = 15L, .Dimnames = structure(list(
        c("1", "2", "3", "4", "5", "6", "7", "8", "9", "10", 
        "11", "12", "13", "14", "15")), .Names = ""), class = "table"), 
    No.Tag = structure(c(0L, 0L, 0L, 0L, 0L, 0L, 0L, 0L, 0L, 
    4L, 58L, 0L, 0L, 2L, 0L, 0L, 0L, 0L, 0L, 0L, 0L, 0L, 0L, 
    0L, 0L, 0L, 0L, 0L, 0L, 0L, 0L, 0L, 0L, 0L, 0L), .Dim = c(7L, 
    5L), .Dimnames = structure(list(c("-4", "-2", "-1", "0", 
    "1", "3", NA), c("A", "C", "G", "T", NA)), .Names = c("", 
    "")), class = "table"), All.Tags = list(Concordant = list(
        Freqs = structure(c(0, 0, 0, 1, 0, 1, 1, 1, 26, 711, 
        1, 0, 0, 0, 0, 0, 0, 0, 0, 0, 0, 5, 0, 0), .Dim = c(6L, 
        4L), .Dimnames = list(c("-4", "-2", "-1", "0", "1", "3"
        ), c("A", "C", "G", "T"))), N = 747), Majority = list(
        Freqs = structure(c(0, 0, 0, 3, 0, 1, 1, 1, 31, 821, 
        1, 0, 0, 0, 0, 0, 0, 0, 0, 0, 0, 7, 0, 0), .Dim = c(6L, 
        4L), .Dimnames = list(c("-4", "-2", "-1", "0", "1", "3"
        ), c("A", "C", "G", "T"))), N = 866)), `2` = structure(c(0, 
    0, 0, 2, 0, 0, 0, 0, 10, 589, 0, 0, 0, 0, 0, 0, 0, 0, 0, 
    0, 0, 5, 0, 0), .Dim = c(6L, 4L), .Dimnames = list(c("-4", 
    "-2", "-1", "0", "1", "3"), c("A", "C", "G", "T"))))))
