Results <-
list(`bwaOutput/20210421msiMNRsJenny/295249_S35.sam` = list(LR11_SNP1 = list(
    All = list(Freqs = structure(c(3L, 53L, 2414L, 10L, 0L, 9L, 
    2L, 42L, 1849L, 9L, 1L, 4L, 0L, 0L, 42L, 0L, 0L, 0L), .Dim = c(6L, 
    3L), .Dimnames = structure(list(c("-2", "-1", "0", "1", "2", 
    NA), c("A", "C", NA)), .Names = c("", "")), class = "table"), 
        N = 4438L), Tag.Distribution = structure(c(`1` = 367L, 
    `2` = 282L, `3` = 240L, `4` = 156L, `5` = 118L, `6` = 67L, 
    `7` = 49L, `8` = 31L, `9` = 12L, `10` = 13L, `11` = 11L, 
    `12` = 5L, `13` = 2L, `14` = 1L, `15` = 1L, `18` = 1L, `19` = 1L
    ), .Dim = 17L, .Dimnames = structure(list(c("1", "2", "3", 
    "4", "5", "6", "7", "8", "9", "10", "11", "12", "13", "14", 
    "15", "18", "19")), .Names = ""), class = "table"), No.Tag = structure(c(0L, 
    1L, 48L, 0L, 0L, 1L, 0L, 0L, 18L, 0L, 0L, 0L, 0L, 0L, 1L, 
    0L, 0L, 0L), .Dim = c(6L, 3L), .Dimnames = structure(list(
        c("-2", "-1", "0", "1", "2", NA), c("A", "C", NA)), .Names = c("", 
    "")), class = "table"), All.Tags = list(Concordant = list(
        Freqs = structure(c(0, 3, 611, 2, 0, 0, 6, 463, 1, 0), .Dim = c(5L, 
        2L), .Dimnames = list(c("-2", "-1", "0", "1", "2"), c("A", 
        "C"))), N = 1086), Majority = list(Freqs = structure(c(0, 
    4, 713, 2, 0, 0, 6, 568, 1, 0), .Dim = c(5L, 2L), .Dimnames = list(
        c("-2", "-1", "0", "1", "2"), c("A", "C"))), N = 1294)), 
    `2` = structure(c(0, 1, 516, 0, 0, 0, 2, 412, 0, 0), .Dim = c(5L, 
    2L), .Dimnames = list(c("-2", "-1", "0", "1", "2"), c("A", 
    "C"))))))
