Results <-
list(`bwaOutput/20210421msiMNRsJenny/295249_S35.sam` = list(LR10_SNP1 = list(
    All = list(Freqs = structure(c(0L, 0L, 1L, 0L, 0L, 1L, 47L, 
    2134L, 17L, 5L, 0L, 28L, 2105L, 11L, 0L, 0L, 1L, 23L, 0L, 
    0L), .Dim = 5:4, .Dimnames = structure(list(c("-2", "-1", 
    "0", "1", NA), c("A", "C", "T", NA)), .Names = c("", "")), class = "table"), 
        N = 4373L), Tag.Distribution = structure(c(`1` = 390L, 
    `2` = 275L, `3` = 223L, `4` = 146L, `5` = 106L, `6` = 79L, 
    `7` = 33L, `8` = 36L, `9` = 23L, `10` = 11L, `11` = 6L, `12` = 3L, 
    `13` = 3L, `14` = 3L, `16` = 1L, `18` = 1L), .Dim = 16L, .Dimnames = structure(list(
        c("1", "2", "3", "4", "5", "6", "7", "8", "9", "10", 
        "11", "12", "13", "14", "16", "18")), .Names = ""), class = "table"), 
    No.Tag = structure(c(0L, 0L, 0L, 0L, 0L, 1L, 2L, 55L, 0L, 
    0L, 0L, 1L, 62L, 0L, 0L, 0L, 0L, 2L, 0L, 0L), .Dim = 5:4, .Dimnames = structure(list(
        c("-2", "-1", "0", "1", NA), c("A", "C", "T", NA)), .Names = c("", 
    "")), class = "table"), All.Tags = list(Concordant = list(
        Freqs = structure(c(0, 0, 0, 0, 0, 8, 529, 1, 0, 5, 548, 
        0), .Dim = 4:3, .Dimnames = list(c("-2", "-1", "0", "1"
        ), c("A", "C", "T"))), N = 1091), Majority = list(Freqs = structure(c(0, 
    0, 0, 0, 0, 8, 641, 1, 0, 5, 633, 0), .Dim = 4:3, .Dimnames = list(
        c("-2", "-1", "0", "1"), c("A", "C", "T"))), N = 1288)), 
    `2` = structure(c(0, 0, 0, 0, 0, 2, 451, 0, 0, 0, 448, 0), .Dim = 4:3, .Dimnames = list(
        c("-2", "-1", "0", "1"), c("A", "C", "T"))))))
