Results <-
list(`bwaOutput/20210421msiMNRsJenny/295249_S35.sam` = list(LR52_SNP1 = list(
    All = list(Freqs = structure(c(1L, 7L, 196L, 1669L, 15L, 
    22L, 0L, 10L, 143L, 1690L, 19L, 11L, 0L, 0L, 4L, 110L, 0L, 
    0L), .Dim = c(6L, 3L), .Dimnames = structure(list(c("-3", 
    "-2", "-1", "0", "1", NA), c("C", "T", NA)), .Names = c("", 
    "")), class = "table"), N = 3897L), Tag.Distribution = structure(c(`1` = 296L, 
    `2` = 283L, `3` = 174L, `4` = 163L, `5` = 95L, `6` = 65L, 
    `7` = 38L, `8` = 23L, `9` = 11L, `10` = 9L, `11` = 12L, `12` = 7L, 
    `13` = 1L, `14` = 1L, `15` = 1L, `18` = 1L), .Dim = 16L, .Dimnames = structure(list(
        c("1", "2", "3", "4", "5", "6", "7", "8", "9", "10", 
        "11", "12", "13", "14", "15", "18")), .Names = ""), class = "table"), 
    No.Tag = structure(c(0L, 0L, 3L, 30L, 2L, 0L, 0L, 0L, 1L, 
    38L, 1L, 1L, 0L, 0L, 0L, 5L, 0L, 0L), .Dim = c(6L, 3L), .Dimnames = structure(list(
        c("-3", "-2", "-1", "0", "1", NA), c("C", "T", NA)), .Names = c("", 
    "")), class = "table"), All.Tags = list(Concordant = list(
        Freqs = structure(c(0, 1, 17, 398, 0, 0, 0, 13, 409, 
        0), .Dim = c(5L, 2L), .Dimnames = list(c("-3", "-2", 
        "-1", "0", "1"), c("C", "T"))), N = 838), Majority = list(
        Freqs = structure(c(0, 1, 21, 520, 0, 0, 0, 14, 527, 
        0), .Dim = c(5L, 2L), .Dimnames = list(c("-3", "-2", 
        "-1", "0", "1"), c("C", "T"))), N = 1083)), `2` = structure(c(0, 
    0, 10, 403, 0, 0, 0, 3, 384, 0), .Dim = c(5L, 2L), .Dimnames = list(
        c("-3", "-2", "-1", "0", "1"), c("C", "T"))))))
