Results <-
list(`bwaOutput/20210421msiMNRsJenny/295249_S35.sam` = list(GM14_SNP1 = list(
    All = list(Freqs = structure(c(0L, 0L, 2L, 1L, 0L, 4L, 125L, 
    4073L, 27L, 24L, 0L, 0L, 9L, 0L, 0L, 0L, 0L, 14L, 0L, 0L), .Dim = 5:4, .Dimnames = structure(list(
        c("-2", "-1", "0", "1", NA), c("A", "C", "T", NA)), .Names = c("", 
    "")), class = "table"), N = 4279L), Tag.Distribution = structure(c(`1` = 324L, 
    `2` = 281L, `3` = 221L, `4` = 163L, `5` = 116L, `6` = 59L, 
    `7` = 46L, `8` = 29L, `9` = 19L, `10` = 13L, `11` = 4L, `12` = 4L, 
    `13` = 2L, `14` = 3L, `17` = 2L, `20` = 1L), .Dim = 16L, .Dimnames = structure(list(
        c("1", "2", "3", "4", "5", "6", "7", "8", "9", "10", 
        "11", "12", "13", "14", "17", "20")), .Names = ""), class = "table"), 
    No.Tag = structure(c(0L, 0L, 0L, 0L, 0L, 0L, 2L, 70L, 0L, 
    1L, 0L, 0L, 0L, 0L, 0L, 0L, 0L, 2L, 0L, 0L), .Dim = 5:4, .Dimnames = structure(list(
        c("-2", "-1", "0", "1", NA), c("A", "C", "T", NA)), .Names = c("", 
    "")), class = "table"), All.Tags = list(Concordant = list(
        Freqs = structure(c(0, 0, 0, 0, 1, 8, 1138, 3, 0, 0, 
        3, 0), .Dim = 4:3, .Dimnames = list(c("-2", "-1", "0", 
        "1"), c("A", "C", "T"))), N = 1153), Majority = list(
        Freqs = structure(c(0, 0, 1, 0, 1, 11, 1247, 4, 0, 0, 
        3, 0), .Dim = 4:3, .Dimnames = list(c("-2", "-1", "0", 
        "1"), c("A", "C", "T"))), N = 1267)), `2` = structure(c(0, 
    0, 1, 0, 0, 4, 937, 1, 0, 0, 1, 0), .Dim = 4:3, .Dimnames = list(
        c("-2", "-1", "0", "1"), c("A", "C", "T"))))))
