Results <-
list(`bwaOutput/20210421msiMNRsJenny/295249_S35.sam` = list(GM09_SNP1 = list(
    All = list(Freqs = structure(c(0L, 0L, 3L, 0L, 0L, 1L, 41L, 
    8631L, 5L, 4L, 0L, 0L, 2L, 0L, 0L, 0L, 1L, 47L, 0L, 0L), .Dim = 5:4, .Dimnames = structure(list(
        c("-3", "-1", "0", "1", NA), c("A", "G", "T", NA)), .Names = c("", 
    "")), class = "table"), N = 8735L), Tag.Distribution = structure(c(`1` = 438L, 
    `2` = 356L, `3` = 313L, `4` = 240L, `5` = 175L, `6` = 121L, 
    `7` = 109L, `8` = 65L, `9` = 40L, `10` = 41L, `11` = 41L, 
    `12` = 25L, `13` = 19L, `14` = 13L, `15` = 7L, `16` = 7L, 
    `17` = 6L, `18` = 5L, `19` = 3L, `20` = 3L, `21` = 1L, `22` = 1L, 
    `23` = 1L, `25` = 1L, `26` = 2L, `28` = 1L), .Dim = 26L, .Dimnames = structure(list(
        c("1", "2", "3", "4", "5", "6", "7", "8", "9", "10", 
        "11", "12", "13", "14", "15", "16", "17", "18", "19", 
        "20", "21", "22", "23", "25", "26", "28")), .Names = ""), class = "table"), 
    No.Tag = structure(c(0L, 0L, 1L, 0L, 0L, 0L, 0L, 149L, 0L, 
    0L, 0L, 0L, 1L, 0L, 0L, 0L, 0L, 4L, 0L, 0L), .Dim = 5:4, .Dimnames = structure(list(
        c("-3", "-1", "0", "1", NA), c("A", "G", "T", NA)), .Names = c("", 
    "")), class = "table"), All.Tags = list(Concordant = list(
        Freqs = structure(c(0, 0, 1, 0, 0, 3, 1983, 0, 0, 0, 
        0, 0), .Dim = 4:3, .Dimnames = list(c("-3", "-1", "0", 
        "1"), c("A", "G", "T"))), N = 1987), Majority = list(
        Freqs = structure(c(0, 0, 1, 0, 0, 3, 2020, 0, 0, 0, 
        0, 0), .Dim = 4:3, .Dimnames = list(c("-3", "-1", "0", 
        "1"), c("A", "G", "T"))), N = 2024)), `2` = structure(c(0, 
    0, 0, 0, 0, 1, 1590, 0, 0, 0, 0, 0), .Dim = 4:3, .Dimnames = list(
        c("-3", "-1", "0", "1"), c("A", "G", "T"))))))
