Results <-
list(`bwaOutput/20210421msiMNRsJenny/295249_S35.sam` = list(LR48_SNP1 = list(
    All = list(Freqs = structure(c(1L, 3L, 111L, 3489L, 69L, 
    1L, 16L, 0L, 0L, 1L, 0L, 0L, 0L, 0L, 0L, 0L, 0L, 28L, 0L, 
    0L, 0L), .Dim = c(7L, 3L), .Dimnames = structure(list(c("-3", 
    "-2", "-1", "0", "1", "2", NA), c("C", "T", NA)), .Names = c("", 
    "")), class = "table"), N = 3719L), Tag.Distribution = structure(c(`1` = 214L, 
    `2` = 194L, `3` = 151L, `4` = 138L, `5` = 78L, `6` = 66L, 
    `7` = 43L, `8` = 21L, `9` = 21L, `10` = 18L, `11` = 11L, 
    `12` = 13L, `13` = 4L, `14` = 1L, `16` = 1L, `17` = 2L), .Dim = 16L, .Dimnames = structure(list(
        c("1", "2", "3", "4", "5", "6", "7", "8", "9", "10", 
        "11", "12", "13", "14", "16", "17")), .Names = ""), class = "table"), 
    No.Tag = structure(c(0L, 0L, 8L, 80L, 4L, 0L, 0L, 0L, 0L, 
    1L, 0L, 0L, 0L, 0L, 0L, 0L, 0L, 2L, 0L, 0L, 0L), .Dim = c(7L, 
    3L), .Dimnames = structure(list(c("-3", "-2", "-1", "0", 
    "1", "2", NA), c("C", "T", NA)), .Names = c("", "")), class = "table"), 
    All.Tags = list(Concordant = list(Freqs = structure(c(0, 
    0, 10, 829, 5, 0, 0, 0, 0, 0, 0, 0), .Dim = c(6L, 2L), .Dimnames = list(
        c("-3", "-2", "-1", "0", "1", "2"), c("C", "T"))), N = 844), 
        Majority = list(Freqs = structure(c(0, 0, 12, 940, 7, 
        0, 0, 0, 0, 0, 0, 0), .Dim = c(6L, 2L), .Dimnames = list(
            c("-3", "-2", "-1", "0", "1", "2"), c("C", "T"))), 
            N = 959)), `2` = structure(c(0, 0, 3, 742, 2, 0, 
    0, 0, 0, 0, 0, 0), .Dim = c(6L, 2L), .Dimnames = list(c("-3", 
    "-2", "-1", "0", "1", "2"), c("C", "T"))))))
