Results <-
list(`bwaOutput/20210421msiMNRsJenny/295249_S35.sam` = list(LR36_SNP1 = list(
    All = list(Freqs = structure(c(1L, 0L, 6L, 0L, 0L, 0L, 0L, 
    1L, 0L, 0L, 0L, 0L, 1L, 0L, 0L, 4L, 75L, 3769L, 58L, 21L, 
    0L, 2L, 107L, 1L, 0L), .Dim = c(5L, 5L), .Dimnames = structure(list(
        c("-2", "-1", "0", "1", NA), c("A", "C", "G", "T", NA
        )), .Names = c("", "")), class = "table"), N = 4046L), 
    Tag.Distribution = structure(c(`1` = 348L, `2` = 269L, `3` = 203L, 
    `4` = 151L, `5` = 90L, `6` = 65L, `7` = 42L, `8` = 25L, `9` = 14L, 
    `10` = 10L, `11` = 6L, `12` = 9L, `13` = 4L, `14` = 2L, `16` = 1L
    ), .Dim = 15L, .Dimnames = structure(list(c("1", "2", "3", 
    "4", "5", "6", "7", "8", "9", "10", "11", "12", "13", "14", 
    "16")), .Names = ""), class = "table"), No.Tag = structure(c(0L, 
    0L, 1L, 0L, 0L, 0L, 0L, 0L, 0L, 0L, 0L, 0L, 1L, 0L, 0L, 0L, 
    3L, 100L, 0L, 1L, 0L, 0L, 11L, 0L, 0L), .Dim = c(5L, 5L), .Dimnames = structure(list(
        c("-2", "-1", "0", "1", NA), c("A", "C", "G", "T", NA
        )), .Names = c("", "")), class = "table"), All.Tags = list(
        Concordant = list(Freqs = structure(c(1, 0, 1, 0, 0, 
        0, 0, 0, 0, 0, 0, 0, 3, 9, 1109, 5), .Dim = c(4L, 4L), .Dimnames = list(
            c("-2", "-1", "0", "1"), c("A", "C", "G", "T"))), 
            N = 1128), Majority = list(Freqs = structure(c(1, 
        0, 1, 0, 0, 0, 0, 0, 0, 0, 0, 0, 3, 9, 1188, 8), .Dim = c(4L, 
        4L), .Dimnames = list(c("-2", "-1", "0", "1"), c("A", 
        "C", "G", "T"))), N = 1210)), `2` = structure(c(0, 0, 
    1, 0, 0, 0, 0, 0, 0, 0, 0, 0, 0, 2, 865, 6), .Dim = c(4L, 
    4L), .Dimnames = list(c("-2", "-1", "0", "1"), c("A", "C", 
    "G", "T"))))))
