Results <-
list(`bwaOutput/20210421msiMNRsJenny/295469_S12.sam` = list(GM17_SNP1 = list(
    All = list(Freqs = structure(c(2L, 22L, 2340L, 6L, 5L, 0L, 
    25L, 2096L, 11L, 4L, 0L, 0L, 13L, 0L, 0L), .Dim = c(5L, 3L
    ), .Dimnames = structure(list(c("-2", "-1", "0", "1", NA), 
        c("C", "T", NA)), .Names = c("", "")), class = "table"), 
        N = 4524L), Tag.Distribution = structure(c(`1` = 161L, 
    `2` = 123L, `3` = 132L, `4` = 114L, `5` = 96L, `6` = 79L, 
    `7` = 62L, `8` = 40L, `9` = 35L, `10` = 27L, `11` = 20L, 
    `12` = 12L, `13` = 7L, `14` = 8L, `15` = 4L, `16` = 2L, `17` = 6L, 
    `18` = 3L, `19` = 2L, `24` = 1L), .Dim = 20L, .Dimnames = structure(list(
        c("1", "2", "3", "4", "5", "6", "7", "8", "9", "10", 
        "11", "12", "13", "14", "15", "16", "17", "18", "19", 
        "24")), .Names = ""), class = "table"), No.Tag = structure(c(0L, 
    0L, 55L, 0L, 0L, 0L, 1L, 38L, 0L, 0L, 0L, 0L, 1L, 0L, 0L), .Dim = c(5L, 
    3L), .Dimnames = structure(list(c("-2", "-1", "0", "1", NA
    ), c("C", "T", NA)), .Names = c("", "")), class = "table"), 
    All.Tags = list(Concordant = list(Freqs = structure(c(0, 
    0, 402, 0, 0, 2, 399, 1), .Dim = c(4L, 2L), .Dimnames = list(
        c("-2", "-1", "0", "1"), c("C", "T"))), N = 804), Majority = list(
        Freqs = structure(c(0, 0, 456, 0, 0, 2, 454, 2), .Dim = c(4L, 
        2L), .Dimnames = list(c("-2", "-1", "0", "1"), c("C", 
        "T"))), N = 914)), `2` = structure(c(0, 0, 387, 0, 0, 
    0, 369, 1), .Dim = c(4L, 2L), .Dimnames = list(c("-2", "-1", 
    "0", "1"), c("C", "T"))))))
