Results <-
list(`bwaOutput/20210421msiMNRsJenny/295469_S12.sam` = list(IM16_SNP1 = list(
    All = list(Freqs = structure(c(0L, 1L, 0L, 0L, 0L, 1L, 0L, 
    0L, 24L, 3132L, 56L, 3L, 0L, 1L, 0L, 0L, 0L, 17L, 2L, 0L), .Dim = 4:5, .Dimnames = structure(list(
        c("-1", "0", "1", NA), c("A", "C", "G", "T", NA)), .Names = c("", 
    "")), class = "table"), N = 3237L), Tag.Distribution = structure(c(`1` = 123L, 
    `2` = 110L, `3` = 87L, `4` = 77L, `5` = 73L, `6` = 52L, `7` = 43L, 
    `8` = 29L, `9` = 27L, `10` = 17L, `11` = 17L, `12` = 12L, 
    `13` = 6L, `14` = 2L, `15` = 5L, `17` = 1L, `18` = 1L, `19` = 2L, 
    `20` = 1L, `21` = 1L), .Dim = 20L, .Dimnames = structure(list(
        c("1", "2", "3", "4", "5", "6", "7", "8", "9", "10", 
        "11", "12", "13", "14", "15", "17", "18", "19", "20", 
        "21")), .Names = ""), class = "table"), No.Tag = structure(c(0L, 
    0L, 0L, 0L, 0L, 0L, 0L, 0L, 0L, 74L, 1L, 0L, 0L, 0L, 0L, 
    0L, 0L, 1L, 0L, 0L), .Dim = 4:5, .Dimnames = structure(list(
        c("-1", "0", "1", NA), c("A", "C", "G", "T", NA)), .Names = c("", 
    "")), class = "table"), All.Tags = list(Concordant = list(
        Freqs = structure(c(0, 0, 0, 0, 0, 0, 1, 627, 3, 0, 0, 
        0), .Dim = 3:4, .Dimnames = list(c("-1", "0", "1"), c("A", 
        "C", "G", "T"))), N = 631), Majority = list(Freqs = structure(c(0, 
    0, 0, 0, 0, 0, 1, 674, 7, 0, 0, 0), .Dim = 3:4, .Dimnames = list(
        c("-1", "0", "1"), c("A", "C", "G", "T"))), N = 682)), 
    `2` = structure(c(0, 0, 0, 0, 0, 0, 0, 555, 4, 0, 0, 0), .Dim = 3:4, .Dimnames = list(
        c("-1", "0", "1"), c("A", "C", "G", "T"))))))
