Results <-
list(`bwaOutput/20210421msiMNRsJenny/295469_S12.sam` = list(LR11_SNP1 = list(
    All = list(Freqs = structure(c(3L, 84L, 4025L, 18L, 8L, 0L, 
    1L, 12L, 0L, 0L, 0L, 0L, 1L, 0L, 0L, 0L, 0L, 36L, 0L, 0L), .Dim = 5:4, .Dimnames = structure(list(
        c("-2", "-1", "0", "1", NA), c("A", "C", "G", NA)), .Names = c("", 
    "")), class = "table"), N = 4188L), Tag.Distribution = structure(c(`1` = 196L, 
    `2` = 131L, `3` = 128L, `4` = 107L, `5` = 86L, `6` = 88L, 
    `7` = 47L, `8` = 49L, `9` = 41L, `10` = 26L, `11` = 13L, 
    `12` = 8L, `13` = 4L, `14` = 5L, `15` = 3L, `16` = 3L, `17` = 2L, 
    `19` = 2L), .Dim = 18L, .Dimnames = structure(list(c("1", 
    "2", "3", "4", "5", "6", "7", "8", "9", "10", "11", "12", 
    "13", "14", "15", "16", "17", "19")), .Names = ""), class = "table"), 
    No.Tag = structure(c(0L, 4L, 76L, 0L, 0L, 0L, 0L, 2L, 0L, 
    0L, 0L, 0L, 0L, 0L, 0L, 0L, 0L, 2L, 0L, 0L), .Dim = 5:4, .Dimnames = structure(list(
        c("-2", "-1", "0", "1", NA), c("A", "C", "G", NA)), .Names = c("", 
    "")), class = "table"), All.Tags = list(Concordant = list(
        Freqs = structure(c(1, 1, 839, 2, 0, 0, 3, 0, 0, 0, 0, 
        0), .Dim = 4:3, .Dimnames = list(c("-2", "-1", "0", "1"
        ), c("A", "C", "G"))), N = 846), Majority = list(Freqs = structure(c(1, 
    1, 918, 2, 0, 0, 3, 0, 0, 0, 0, 0), .Dim = 4:3, .Dimnames = list(
        c("-2", "-1", "0", "1"), c("A", "C", "G"))), N = 925)), 
    `2` = structure(c(0, 0, 732, 1, 0, 0, 1, 0, 0, 0, 0, 0), .Dim = 4:3, .Dimnames = list(
        c("-2", "-1", "0", "1"), c("A", "C", "G"))))))
