Results <-
list(`bwaOutput/20210421msiMNRsJenny/295469_S12.sam` = list(DEPDC2_SNP1 = list(
    All = list(Freqs = structure(c(0L, 1L, 0L, 0L, 0L, 2L, 0L, 
    0L, 40L, 6279L, 13L, 25L, 1L, 203L, 1L, 0L), .Dim = c(4L, 
    4L), .Dimnames = structure(list(c("-1", "0", "1", NA), c("A", 
    "C", "T", NA)), .Names = c("", "")), class = "table"), N = 6565L), 
    Tag.Distribution = structure(c(`1` = 281L, `2` = 240L, `3` = 194L, 
    `4` = 159L, `5` = 136L, `6` = 94L, `7` = 93L, `8` = 53L, 
    `9` = 49L, `10` = 37L, `11` = 30L, `12` = 21L, `13` = 15L, 
    `14` = 11L, `15` = 6L, `16` = 5L, `17` = 1L, `18` = 1L, `19` = 3L, 
    `20` = 1L, `22` = 4L), .Dim = 21L, .Dimnames = structure(list(
        c("1", "2", "3", "4", "5", "6", "7", "8", "9", "10", 
        "11", "12", "13", "14", "15", "16", "17", "18", "19", 
        "20", "22")), .Names = ""), class = "table"), No.Tag = structure(c(0L, 
    0L, 0L, 0L, 0L, 0L, 0L, 0L, 0L, 146L, 0L, 0L, 0L, 9L, 0L, 
    0L), .Dim = c(4L, 4L), .Dimnames = structure(list(c("-1", 
    "0", "1", NA), c("A", "C", "T", NA)), .Names = c("", "")), class = "table"), 
    All.Tags = list(Concordant = list(Freqs = structure(c(0, 
    0, 0, 0, 1, 0, 3, 1362, 0), .Dim = c(3L, 3L), .Dimnames = list(
        c("-1", "0", "1"), c("A", "C", "T"))), N = 1366), Majority = list(
        Freqs = structure(c(0, 0, 0, 0, 1, 0, 3, 1401, 0), .Dim = c(3L, 
        3L), .Dimnames = list(c("-1", "0", "1"), c("A", "C", 
        "T"))), N = 1405)), `2` = structure(c(0, 0, 0, 0, 0, 
    0, 0, 1146, 0), .Dim = c(3L, 3L), .Dimnames = list(c("-1", 
    "0", "1"), c("A", "C", "T"))))))
