Results <-
list(`bwaOutput/20210421msiMNRsJenny/295469_S12.sam` = list(LR24_SNP1 = list(
    All = list(Freqs = structure(c(0L, 1L, 28L, 0L, 0L, 1L, 34L, 
    7795L, 16L, 6L, 0L, 0L, 1L, 0L, 0L, 0L, 0L, 22L, 0L, 0L), .Dim = 5:4, .Dimnames = structure(list(
        c("-2", "-1", "0", "1", NA), c("A", "G", "T", NA)), .Names = c("", 
    "")), class = "table"), N = 7904L), Tag.Distribution = structure(c(`1` = 569L, 
    `2` = 388L, `3` = 320L, `4` = 228L, `5` = 162L, `6` = 129L, 
    `7` = 105L, `8` = 57L, `9` = 28L, `10` = 26L, `11` = 31L, 
    `12` = 12L, `13` = 10L, `14` = 14L, `15` = 8L, `16` = 3L, 
    `17` = 5L, `18` = 3L, `19` = 1L, `21` = 2L, `22` = 1L, `23` = 1L, 
    `25` = 1L), .Dim = 23L, .Dimnames = structure(list(c("1", 
    "2", "3", "4", "5", "6", "7", "8", "9", "10", "11", "12", 
    "13", "14", "15", "16", "17", "18", "19", "21", "22", "23", 
    "25")), .Names = ""), class = "table"), No.Tag = structure(c(0L, 
    0L, 6L, 0L, 0L, 0L, 0L, 141L, 0L, 0L, 0L, 0L, 0L, 0L, 0L, 
    0L, 0L, 4L, 0L, 0L), .Dim = 5:4, .Dimnames = structure(list(
        c("-2", "-1", "0", "1", NA), c("A", "G", "T", NA)), .Names = c("", 
    "")), class = "table"), All.Tags = list(Concordant = list(
        Freqs = structure(c(0, 0, 7, 0, 0, 0, 2034, 2, 0, 0, 
        0, 0), .Dim = 4:3, .Dimnames = list(c("-2", "-1", "0", 
        "1"), c("A", "G", "T"))), N = 2043), Majority = list(
        Freqs = structure(c(0, 0, 7, 0, 0, 0, 2081, 2, 0, 0, 
        0, 0), .Dim = 4:3, .Dimnames = list(c("-2", "-1", "0", 
        "1"), c("A", "G", "T"))), N = 2090)), `2` = structure(c(0, 
    0, 2, 0, 0, 0, 1526, 0, 0, 0, 0, 0), .Dim = 4:3, .Dimnames = list(
        c("-2", "-1", "0", "1"), c("A", "G", "T"))))))
