Results <-
list(`bwaOutput/20210421msiMNRsJenny/295469_S12.sam` = list(LR36_SNP1 = list(
    All = list(Freqs = structure(c(0L, 0L, 8L, 0L, 0L, 12L, 96L, 
    4543L, 23L, 16L, 1L, 1L, 133L, 1L, 0L), .Dim = c(5L, 3L), .Dimnames = structure(list(
        c("-2", "-1", "0", "1", NA), c("A", "T", NA)), .Names = c("", 
    "")), class = "table"), N = 4834L), Tag.Distribution = structure(c(`1` = 195L, 
    `2` = 176L, `3` = 150L, `4` = 130L, `5` = 79L, `6` = 62L, 
    `7` = 51L, `8` = 62L, `9` = 43L, `10` = 27L, `11` = 13L, 
    `12` = 16L, `13` = 8L, `14` = 11L, `15` = 3L, `16` = 6L, 
    `17` = 1L, `18` = 2L, `19` = 3L, `22` = 1L, `23` = 1L), .Dim = 21L, .Dimnames = structure(list(
        c("1", "2", "3", "4", "5", "6", "7", "8", "9", "10", 
        "11", "12", "13", "14", "15", "16", "17", "18", "19", 
        "22", "23")), .Names = ""), class = "table"), No.Tag = structure(c(0L, 
    0L, 0L, 0L, 0L, 0L, 2L, 129L, 0L, 0L, 0L, 1L, 19L, 0L, 0L
    ), .Dim = c(5L, 3L), .Dimnames = structure(list(c("-2", "-1", 
    "0", "1", NA), c("A", "T", NA)), .Names = c("", "")), class = "table"), 
    All.Tags = list(Concordant = list(Freqs = structure(c(0, 
    0, 0, 0, 0, 2, 917, 0), .Dim = c(4L, 2L), .Dimnames = list(
        c("-2", "-1", "0", "1"), c("A", "T"))), N = 919), Majority = list(
        Freqs = structure(c(0, 0, 0, 0, 0, 5, 1013, 0), .Dim = c(4L, 
        2L), .Dimnames = list(c("-2", "-1", "0", "1"), c("A", 
        "T"))), N = 1018)), `2` = structure(c(0, 0, 0, 0, 0, 
    3, 828, 0), .Dim = c(4L, 2L), .Dimnames = list(c("-2", "-1", 
    "0", "1"), c("A", "T"))))))
