Results <-
list(`bwaOutput/20210421msiMNRsJenny/295469_S12.sam` = list(LR44_SNP1 = list(
    All = list(Freqs = structure(c(0L, 0L, 1L, 0L, 0L, 0L, 0L, 
    1L, 59L, 1193L, 17L, 0L, 0L, 7L, 0L, 1L, 5L, 0L, 0L, 0L, 
    0L, 5L, 123L, 1222L, 16L, 2L, 3L, 2L, 0L, 1L, 34L, 1L, 0L, 
    0L, 0L), .Dim = c(7L, 5L), .Dimnames = structure(list(c("-2", 
    "-1", "0", "1", "2", "4", NA), c("A", "C", "G", "T", NA)), .Names = c("", 
    "")), class = "table"), N = 2693L), Tag.Distribution = structure(c(`1` = 117L, 
    `2` = 98L, `3` = 90L, `4` = 74L, `5` = 57L, `6` = 31L, `7` = 39L, 
    `8` = 32L, `9` = 21L, `10` = 13L, `11` = 15L, `12` = 4L, 
    `13` = 5L, `14` = 4L, `15` = 1L, `18` = 1L, `20` = 1L, `23` = 2L
    ), .Dim = 18L, .Dimnames = structure(list(c("1", "2", "3", 
    "4", "5", "6", "7", "8", "9", "10", "11", "12", "13", "14", 
    "15", "18", "20", "23")), .Names = ""), class = "table"), 
    No.Tag = structure(c(0L, 0L, 0L, 0L, 0L, 0L, 0L, 0L, 4L, 
    30L, 0L, 0L, 0L, 1L, 0L, 0L, 0L, 0L, 0L, 0L, 0L, 0L, 7L, 
    16L, 0L, 0L, 0L, 0L, 0L, 0L, 4L, 0L, 0L, 0L, 0L), .Dim = c(7L, 
    5L), .Dimnames = structure(list(c("-2", "-1", "0", "1", "2", 
    "4", NA), c("A", "C", "G", "T", NA)), .Names = c("", "")), class = "table"), 
    All.Tags = list(Concordant = list(Freqs = structure(c(0, 
    0, 0, 0, 0, 0, 0, 6, 216, 1, 0, 0, 0, 0, 0, 0, 0, 0, 1, 4, 
    209, 0, 1, 0), .Dim = c(6L, 4L), .Dimnames = list(c("-2", 
    "-1", "0", "1", "2", "4"), c("A", "C", "G", "T"))), N = 438), 
        Majority = list(Freqs = structure(c(0, 0, 0, 0, 0, 0, 
        0, 6, 270, 1, 0, 0, 0, 0, 0, 0, 0, 0, 1, 7, 291, 0, 1, 
        1), .Dim = c(6L, 4L), .Dimnames = list(c("-2", "-1", 
        "0", "1", "2", "4"), c("A", "C", "G", "T"))), N = 578)), 
    `2` = structure(c(0, 0, 0, 0, 0, 0, 0, 0, 224, 1, 0, 0, 0, 
    0, 0, 0, 0, 0, 0, 5, 233, 0, 0, 1), .Dim = c(6L, 4L), .Dimnames = list(
        c("-2", "-1", "0", "1", "2", "4"), c("A", "C", "G", "T"
        ))))))
