Results <-
list(`bwaOutput/20210421msiMNRsJenny/295469_S12.sam` = list(GM07_SNP1 = list(
    All = list(Freqs = structure(c(0L, 1L, 3L, 0L, 0L, 0L, 2L, 
    179L, 3119L, 104L, 1L, 27L, 0L, 3L, 25L, 0L, 0L, 0L), .Dim = c(6L, 
    3L), .Dimnames = structure(list(c("-2", "-1", "0", "1", "2", 
    NA), c("A", "G", NA)), .Names = c("", "")), class = "table"), 
        N = 3464L), Tag.Distribution = structure(c(`1` = 124L, 
    `2` = 118L, `3` = 106L, `4` = 79L, `5` = 82L, `6` = 57L, 
    `7` = 42L, `8` = 38L, `9` = 36L, `10` = 13L, `11` = 12L, 
    `12` = 10L, `13` = 6L, `14` = 2L, `15` = 4L, `16` = 3L, `17` = 2L, 
    `20` = 3L, `23` = 1L), .Dim = 19L, .Dimnames = structure(list(
        c("1", "2", "3", "4", "5", "6", "7", "8", "9", "10", 
        "11", "12", "13", "14", "15", "16", "17", "20", "23")), .Names = ""), class = "table"), 
    No.Tag = structure(c(0L, 0L, 0L, 0L, 0L, 0L, 0L, 5L, 68L, 
    0L, 0L, 8L, 0L, 0L, 2L, 0L, 0L, 0L), .Dim = c(6L, 3L), .Dimnames = structure(list(
        c("-2", "-1", "0", "1", "2", NA), c("A", "G", NA)), .Names = c("", 
    "")), class = "table"), All.Tags = list(Concordant = list(
        Freqs = structure(c(0, 1, 2, 0, 0, 0, 8, 532, 2, 0), .Dim = c(5L, 
        2L), .Dimnames = list(c("-2", "-1", "0", "1", "2"), c("A", 
        "G"))), N = 545), Majority = list(Freqs = structure(c(0, 
    1, 2, 0, 0, 0, 10, 696, 6, 0), .Dim = c(5L, 2L), .Dimnames = list(
        c("-2", "-1", "0", "1", "2"), c("A", "G"))), N = 715)), 
    `2` = structure(c(0, 0, 0, 0, 0, 0, 5, 585, 5, 0), .Dim = c(5L, 
    2L), .Dimnames = list(c("-2", "-1", "0", "1", "2"), c("A", 
    "G"))))))
