Results <-
list(`bwaOutput/20210421msiMNRsJenny/295469_S12.sam` = list(GM14_SNP1 = list(
    All = list(Freqs = structure(c(1L, 62L, 2014L, 11L, 9L, 2L, 
    38L, 1902L, 7L, 5L, 0L, 0L, 32L, 0L, 0L), .Dim = c(5L, 3L
    ), .Dimnames = structure(list(c("-2", "-1", "0", "1", NA), 
        c("C", "T", NA)), .Names = c("", "")), class = "table"), 
        N = 4083L), Tag.Distribution = structure(c(`1` = 149L, 
    `2` = 132L, `3` = 134L, `4` = 88L, `5` = 93L, `6` = 51L, 
    `7` = 59L, `8` = 40L, `9` = 29L, `10` = 31L, `11` = 21L, 
    `12` = 8L, `13` = 10L, `14` = 7L, `15` = 3L, `16` = 2L, `17` = 2L, 
    `18` = 3L, `19` = 2L, `21` = 1L), .Dim = 20L, .Dimnames = structure(list(
        c("1", "2", "3", "4", "5", "6", "7", "8", "9", "10", 
        "11", "12", "13", "14", "15", "16", "17", "18", "19", 
        "21")), .Names = ""), class = "table"), No.Tag = structure(c(0L, 
    1L, 48L, 0L, 0L, 0L, 0L, 12L, 0L, 0L, 0L, 0L, 1L, 0L, 0L), .Dim = c(5L, 
    3L), .Dimnames = structure(list(c("-2", "-1", "0", "1", NA
    ), c("C", "T", NA)), .Names = c("", "")), class = "table"), 
    All.Tags = list(Concordant = list(Freqs = structure(c(0, 
    1, 357, 0, 0, 2, 353, 0), .Dim = c(4L, 2L), .Dimnames = list(
        c("-2", "-1", "0", "1"), c("C", "T"))), N = 713), Majority = list(
        Freqs = structure(c(0, 2, 428, 0, 0, 2, 410, 0), .Dim = c(4L, 
        2L), .Dimnames = list(c("-2", "-1", "0", "1"), c("C", 
        "T"))), N = 842)), `2` = structure(c(0, 1, 353, 0, 0, 
    0, 343, 0), .Dim = c(4L, 2L), .Dimnames = list(c("-2", "-1", 
    "0", "1"), c("C", "T"))))))
