Results <-
list(`bwaOutput/20210421msiMNRsJenny/295759_S18.sam` = list(GM17_SNP1 = list(
    All = list(Freqs = structure(c(0L, 42L, 3970L, 11L, 5L, 1L, 
    0L, 4L, 0L, 0L, 0L, 0L, 16L, 0L, 0L), .Dim = c(5L, 3L), .Dimnames = structure(list(
        c("-2", "-1", "0", "1", NA), c("C", "T", NA)), .Names = c("", 
    "")), class = "table"), N = 4049L), Tag.Distribution = structure(c(`1` = 82L, 
    `2` = 54L, `3` = 52L, `4` = 39L, `5` = 53L, `6` = 48L, `7` = 30L, 
    `8` = 37L, `9` = 30L, `10` = 26L, `11` = 15L, `12` = 24L, 
    `13` = 18L, `14` = 19L, `15` = 16L, `16` = 12L, `17` = 8L, 
    `18` = 3L, `19` = 4L, `21` = 2L, `23` = 2L, `24` = 1L, `26` = 1L, 
    `28` = 1L, `29` = 1L), .Dim = 25L, .Dimnames = structure(list(
        c("1", "2", "3", "4", "5", "6", "7", "8", "9", "10", 
        "11", "12", "13", "14", "15", "16", "17", "18", "19", 
        "21", "23", "24", "26", "28", "29")), .Names = ""), class = "table"), 
    No.Tag = structure(c(0L, 1L, 110L, 0L, 0L, 0L, 0L, 0L, 0L, 
    0L, 0L, 0L, 1L, 0L, 0L), .Dim = c(5L, 3L), .Dimnames = structure(list(
        c("-2", "-1", "0", "1", NA), c("C", "T", NA)), .Names = c("", 
    "")), class = "table"), All.Tags = list(Concordant = list(
        Freqs = structure(c(0, 1, 526, 0, 1, 0, 3, 0), .Dim = c(4L, 
        2L), .Dimnames = list(c("-2", "-1", "0", "1"), c("C", 
        "T"))), N = 531), Majority = list(Freqs = structure(c(0, 
    1, 570, 0, 1, 0, 3, 0), .Dim = c(4L, 2L), .Dimnames = list(
        c("-2", "-1", "0", "1"), c("C", "T"))), N = 575)), `2` = structure(c(0, 
    0, 494, 0, 0, 0, 0, 0), .Dim = c(4L, 2L), .Dimnames = list(
        c("-2", "-1", "0", "1"), c("C", "T"))))))
