Results <-
list(`bwaOutput/20210421msiMNRsJenny/295759_S18.sam` = list(LR49_SNP1 = list(
    All = list(Freqs = structure(c(0L, 16L, 0L, 0L, 4L, 3648L, 
    1L, 1L, 0L, 16L, 0L, 0L), .Dim = 4:3, .Dimnames = structure(list(
        c("-1", "0", "1", NA), c("A", "G", NA)), .Names = c("", 
    "")), class = "table"), N = 3686L), Tag.Distribution = structure(c(`1` = 116L, 
    `2` = 103L, `3` = 74L, `4` = 61L, `5` = 73L, `6` = 49L, `7` = 33L, 
    `8` = 35L, `9` = 31L, `10` = 20L, `11` = 15L, `12` = 14L, 
    `13` = 11L, `14` = 4L, `15` = 6L, `16` = 8L, `17` = 3L, `18` = 2L, 
    `20` = 4L, `21` = 2L, `22` = 3L, `24` = 1L, `25` = 1L, `26` = 1L, 
    `38` = 1L), .Dim = 25L, .Dimnames = structure(list(c("1", 
    "2", "3", "4", "5", "6", "7", "8", "9", "10", "11", "12", 
    "13", "14", "15", "16", "17", "18", "20", "21", "22", "24", 
    "25", "26", "38")), .Names = ""), class = "table"), No.Tag = structure(c(0L, 
    3L, 0L, 0L, 0L, 102L, 0L, 0L, 0L, 6L, 0L, 0L), .Dim = 4:3, .Dimnames = structure(list(
        c("-1", "0", "1", NA), c("A", "G", NA)), .Names = c("", 
    "")), class = "table"), All.Tags = list(Concordant = list(
        Freqs = structure(c(0, 5, 0, 0, 654, 0), .Dim = 3:2, .Dimnames = list(
            c("-1", "0", "1"), c("A", "G"))), N = 659), Majority = list(
        Freqs = structure(c(0, 6, 0, 0, 661, 0), .Dim = 3:2, .Dimnames = list(
            c("-1", "0", "1"), c("A", "G"))), N = 667)), `2` = structure(c(0, 
    1, 0, 0, 552, 0), .Dim = 3:2, .Dimnames = list(c("-1", "0", 
    "1"), c("A", "G"))))))
