Results <-
list(`bwaOutput/20210421msiMNRsJenny/295759_S18.sam` = list(LR46_SNP1 = list(
    All = list(Freqs = structure(c(12L, 1710L, 3L, 5L, 6L, 1271L, 
    0L, 5L, 0L, 6L, 0L, 0L), .Dim = 4:3, .Dimnames = structure(list(
        c("-1", "0", "1", NA), c("G", "T", NA)), .Names = c("", 
    "")), class = "table"), N = 3018L), Tag.Distribution = structure(c(`1` = 69L, 
    `2` = 20L, `3` = 39L, `4` = 37L, `5` = 46L, `6` = 30L, `7` = 23L, 
    `8` = 25L, `9` = 26L, `10` = 21L, `11` = 13L, `12` = 13L, 
    `13` = 13L, `14` = 13L, `15` = 7L, `16` = 11L, `17` = 2L, 
    `18` = 2L, `19` = 3L, `20` = 2L, `21` = 3L, `22` = 2L, `23` = 2L, 
    `25` = 1L, `28` = 1L), .Dim = 25L, .Dimnames = structure(list(
        c("1", "2", "3", "4", "5", "6", "7", "8", "9", "10", 
        "11", "12", "13", "14", "15", "16", "17", "18", "19", 
        "20", "21", "22", "23", "25", "28")), .Names = ""), class = "table"), 
    No.Tag = structure(c(1L, 54L, 0L, 0L, 0L, 69L, 0L, 0L, 0L, 
    1L, 0L, 0L), .Dim = 4:3, .Dimnames = structure(list(c("-1", 
    "0", "1", NA), c("G", "T", NA)), .Names = c("", "")), class = "table"), 
    All.Tags = list(Concordant = list(Freqs = structure(c(1, 
    214, 0, 0, 174, 0), .Dim = 3:2, .Dimnames = list(c("-1", 
    "0", "1"), c("G", "T"))), N = 389), Majority = list(Freqs = structure(c(1, 
    232, 0, 0, 185, 0), .Dim = 3:2, .Dimnames = list(c("-1", 
    "0", "1"), c("G", "T"))), N = 418)), `2` = structure(c(0, 
    198, 0, 0, 154, 0), .Dim = 3:2, .Dimnames = list(c("-1", 
    "0", "1"), c("G", "T"))))))
