Results <-
list(`bwaOutput/20210421msiMNRsJenny/295759_S18.sam` = list(LR10_SNP1 = list(
    All = list(Freqs = structure(c(0L, 0L, 1L, 0L, 0L, 1L, 18L, 
    1507L, 10L, 0L, 0L, 27L, 1076L, 1L, 1L, 0L, 1L, 15L, 0L, 
    0L), .Dim = 5:4, .Dimnames = structure(list(c("-2", "-1", 
    "0", "1", NA), c("A", "C", "T", NA)), .Names = c("", "")), class = "table"), 
        N = 2658L), Tag.Distribution = structure(c(`1` = 52L, 
    `2` = 44L, `3` = 36L, `4` = 43L, `5` = 28L, `6` = 31L, `7` = 36L, 
    `8` = 19L, `9` = 20L, `10` = 27L, `11` = 16L, `12` = 15L, 
    `13` = 8L, `14` = 8L, `15` = 3L, `16` = 6L, `17` = 5L, `18` = 1L, 
    `19` = 2L, `20` = 2L, `22` = 1L, `25` = 2L, `26` = 1L), .Dim = 23L, .Dimnames = structure(list(
        c("1", "2", "3", "4", "5", "6", "7", "8", "9", "10", 
        "11", "12", "13", "14", "15", "16", "17", "18", "19", 
        "20", "22", "25", "26")), .Names = ""), class = "table"), 
    No.Tag = structure(c(0L, 0L, 0L, 0L, 0L, 0L, 0L, 39L, 0L, 
    0L, 0L, 0L, 26L, 0L, 0L, 0L, 0L, 1L, 0L, 0L), .Dim = 5:4, .Dimnames = structure(list(
        c("-2", "-1", "0", "1", NA), c("A", "C", "T", NA)), .Names = c("", 
    "")), class = "table"), All.Tags = list(Concordant = list(
        Freqs = structure(c(0, 0, 0, 0, 1, 0, 203, 0, 0, 1, 143, 
        0), .Dim = 4:3, .Dimnames = list(c("-2", "-1", "0", "1"
        ), c("A", "C", "T"))), N = 348), Majority = list(Freqs = structure(c(0, 
    0, 0, 0, 1, 1, 233, 0, 0, 2, 165, 0), .Dim = 4:3, .Dimnames = list(
        c("-2", "-1", "0", "1"), c("A", "C", "T"))), N = 402)), 
    `2` = structure(c(0, 0, 0, 0, 0, 1, 207, 0, 0, 1, 142, 0), .Dim = 4:3, .Dimnames = list(
        c("-2", "-1", "0", "1"), c("A", "C", "T"))))))
