Results <-
list(`bwaOutput/20210421msiMNRsJenny/295759_S18.sam` = list(LR52_SNP1 = list(
    All = list(Freqs = structure(c(1L, 13L, 184L, 1757L, 9L, 
    0L, 6L, 0L, 7L, 131L, 1499L, 16L, 3L, 14L, 0L, 0L, 4L, 83L, 
    1L, 0L, 0L), .Dim = c(7L, 3L), .Dimnames = structure(list(
        c("-3", "-2", "-1", "0", "1", "2", NA), c("C", "T", NA
        )), .Names = c("", "")), class = "table"), N = 3728L), 
    Tag.Distribution = structure(c(`1` = 52L, `2` = 29L, `3` = 25L, 
    `4` = 46L, `5` = 41L, `6` = 22L, `7` = 26L, `8` = 32L, `9` = 27L, 
    `10` = 22L, `11` = 24L, `12` = 19L, `13` = 18L, `14` = 14L, 
    `15` = 20L, `16` = 9L, `17` = 14L, `18` = 8L, `20` = 2L, 
    `21` = 3L, `22` = 1L, `23` = 1L, `24` = 3L, `25` = 2L, `31` = 1L
    ), .Dim = 25L, .Dimnames = structure(list(c("1", "2", "3", 
    "4", "5", "6", "7", "8", "9", "10", "11", "12", "13", "14", 
    "15", "16", "17", "18", "20", "21", "22", "23", "24", "25", 
    "31")), .Names = ""), class = "table"), No.Tag = structure(c(0L, 
    0L, 0L, 14L, 0L, 0L, 0L, 0L, 1L, 3L, 53L, 0L, 0L, 0L, 0L, 
    0L, 0L, 1L, 0L, 0L, 0L), .Dim = c(7L, 3L), .Dimnames = structure(list(
        c("-3", "-2", "-1", "0", "1", "2", NA), c("C", "T", NA
        )), .Names = c("", "")), class = "table"), All.Tags = list(
        Concordant = list(Freqs = structure(c(0, 0, 3, 125, 0, 
        0, 0, 0, 2, 120, 0, 0), .Dim = c(6L, 2L), .Dimnames = list(
            c("-3", "-2", "-1", "0", "1", "2"), c("C", "T"))), 
            N = 250), Majority = list(Freqs = structure(c(0, 
        0, 3, 237, 0, 0, 0, 0, 2, 208, 0, 0), .Dim = c(6L, 2L
        ), .Dimnames = list(c("-3", "-2", "-1", "0", "1", "2"
        ), c("C", "T"))), N = 450)), `2` = structure(c(0, 0, 
    3, 218, 0, 0, 0, 0, 2, 179, 0, 0), .Dim = c(6L, 2L), .Dimnames = list(
        c("-3", "-2", "-1", "0", "1", "2"), c("C", "T"))))))
