Results <-
list(`bwaOutput/20210421msiMNRsJenny/295759_S18.sam` = list(LR17_SNP1 = list(
    All = list(Freqs = structure(c(4L, 192L, 4850L, 49L, 3L, 
    24L, 0L, 0L, 2L, 0L, 0L, 0L, 0L, 3L, 138L, 0L, 0L, 0L), .Dim = c(6L, 
    3L), .Dimnames = structure(list(c("-2", "-1", "0", "1", "2", 
    NA), c("A", "G", NA)), .Names = c("", "")), class = "table"), 
        N = 5265L), Tag.Distribution = structure(c(`1` = 97L, 
    `2` = 43L, `3` = 58L, `4` = 62L, `5` = 64L, `6` = 59L, `7` = 62L, 
    `8` = 53L, `9` = 56L, `10` = 42L, `11` = 35L, `12` = 25L, 
    `13` = 21L, `14` = 16L, `15` = 16L, `16` = 7L, `17` = 6L, 
    `18` = 5L, `19` = 3L, `20` = 1L, `21` = 1L, `22` = 2L, `23` = 1L, 
    `24` = 1L, `25` = 2L, `29` = 1L, `35` = 1L), .Dim = 27L, .Dimnames = structure(list(
        c("1", "2", "3", "4", "5", "6", "7", "8", "9", "10", 
        "11", "12", "13", "14", "15", "16", "17", "18", "19", 
        "20", "21", "22", "23", "24", "25", "29", "35")), .Names = ""), class = "table"), 
    No.Tag = structure(c(1L, 5L, 158L, 1L, 0L, 3L, 0L, 0L, 0L, 
    0L, 0L, 0L, 0L, 0L, 7L, 0L, 0L, 0L), .Dim = c(6L, 3L), .Dimnames = structure(list(
        c("-2", "-1", "0", "1", "2", NA), c("A", "G", NA)), .Names = c("", 
    "")), class = "table"), All.Tags = list(Concordant = list(
        Freqs = structure(c(0, 2, 550, 0, 0, 0, 0, 0, 0, 0), .Dim = c(5L, 
        2L), .Dimnames = list(c("-2", "-1", "0", "1", "2"), c("A", 
        "G"))), N = 552), Majority = list(Freqs = structure(c(0, 
    4, 728, 0, 0, 0, 0, 0, 0, 0), .Dim = c(5L, 2L), .Dimnames = list(
        c("-2", "-1", "0", "1", "2"), c("A", "G"))), N = 732)), 
    `2` = structure(c(0, 2, 636, 0, 0, 0, 0, 0, 0, 0), .Dim = c(5L, 
    2L), .Dimnames = list(c("-2", "-1", "0", "1", "2"), c("A", 
    "G"))))))
