Results <-
list(`bwaOutput/20210421msiMNRsJenny/295759_S18.sam` = list(GM29_SNP1 = list(
    All = list(Freqs = structure(c(1L, 11L, 1115L, 5L, 0L, 0L, 
    20L, 1526L, 4L, 6L, 0L, 0L, 9L, 0L, 0L), .Dim = c(5L, 3L), .Dimnames = structure(list(
        c("-2", "-1", "0", "1", NA), c("A", "G", NA)), .Names = c("", 
    "")), class = "table"), N = 2697L), Tag.Distribution = structure(c(`1` = 59L, 
    `2` = 28L, `3` = 32L, `4` = 30L, `5` = 27L, `6` = 41L, `7` = 29L, 
    `8` = 22L, `9` = 21L, `10` = 23L, `11` = 13L, `12` = 5L, 
    `13` = 9L, `14` = 7L, `15` = 7L, `16` = 6L, `17` = 2L, `18` = 3L, 
    `19` = 5L, `20` = 4L, `21` = 2L, `22` = 4L, `24` = 2L, `26` = 1L, 
    `55` = 1L), .Dim = 25L, .Dimnames = structure(list(c("1", 
    "2", "3", "4", "5", "6", "7", "8", "9", "10", "11", "12", 
    "13", "14", "15", "16", "17", "18", "19", "20", "21", "22", 
    "24", "26", "55")), .Names = ""), class = "table"), No.Tag = structure(c(0L, 
    0L, 13L, 0L, 0L, 0L, 1L, 32L, 0L, 0L, 0L, 0L, 0L, 0L, 0L), .Dim = c(5L, 
    3L), .Dimnames = structure(list(c("-2", "-1", "0", "1", NA
    ), c("A", "G", NA)), .Names = c("", "")), class = "table"), 
    All.Tags = list(Concordant = list(Freqs = structure(c(0, 
    1, 141, 0, 0, 0, 179, 0), .Dim = c(4L, 2L), .Dimnames = list(
        c("-2", "-1", "0", "1"), c("A", "G"))), N = 321), Majority = list(
        Freqs = structure(c(0, 1, 164, 0, 0, 0, 208, 0), .Dim = c(4L, 
        2L), .Dimnames = list(c("-2", "-1", "0", "1"), c("A", 
        "G"))), N = 373)), `2` = structure(c(0, 0, 137, 0, 0, 
    0, 181, 0), .Dim = c(4L, 2L), .Dimnames = list(c("-2", "-1", 
    "0", "1"), c("A", "G"))))))
