Results <-
list(`bwaOutput/20210421msiMNRsJenny/295759_S18.sam` = list(GM11_SNP1 = list(
    All = list(Freqs = structure(c(1L, 10L, 1725L, 4L, 1L, 0L, 
    1L, 5L, 0L, 0L, 0L, 0L, 1L, 0L, 0L, 0L, 0L, 4L, 0L, 0L), .Dim = 5:4, .Dimnames = structure(list(
        c("-2", "-1", "0", "1", NA), c("A", "G", "T", NA)), .Names = c("", 
    "")), class = "table"), N = 1752L), Tag.Distribution = structure(c(`1` = 36L, 
    `2` = 18L, `3` = 17L, `4` = 25L, `5` = 27L, `6` = 17L, `7` = 19L, 
    `8` = 16L, `9` = 15L, `10` = 8L, `11` = 10L, `12` = 13L, 
    `13` = 4L, `14` = 6L, `15` = 7L, `16` = 2L, `17` = 6L, `18` = 2L, 
    `19` = 2L, `21` = 2L, `24` = 1L, `25` = 1L), .Dim = 22L, .Dimnames = structure(list(
        c("1", "2", "3", "4", "5", "6", "7", "8", "9", "10", 
        "11", "12", "13", "14", "15", "16", "17", "18", "19", 
        "21", "24", "25")), .Names = ""), class = "table"), No.Tag = structure(c(0L, 
    0L, 8L, 0L, 0L, 0L, 0L, 2L, 0L, 0L, 0L, 0L, 0L, 0L, 0L, 0L, 
    0L, 0L, 0L, 0L), .Dim = 5:4, .Dimnames = structure(list(c("-2", 
    "-1", "0", "1", NA), c("A", "G", "T", NA)), .Names = c("", 
    "")), class = "table"), All.Tags = list(Concordant = list(
        Freqs = structure(c(0, 2, 234, 0, 0, 1, 3, 0, 0, 0, 0, 
        0), .Dim = 4:3, .Dimnames = list(c("-2", "-1", "0", "1"
        ), c("A", "G", "T"))), N = 240), Majority = list(Freqs = structure(c(0, 
    2, 247, 0, 0, 1, 3, 0, 0, 0, 0, 0), .Dim = 4:3, .Dimnames = list(
        c("-2", "-1", "0", "1"), c("A", "G", "T"))), N = 253)), 
    `2` = structure(c(0, 0, 218, 0, 0, 0, 0, 0, 0, 0, 0, 0), .Dim = 4:3, .Dimnames = list(
        c("-2", "-1", "0", "1"), c("A", "G", "T"))))))
