Results <-
list(`bwaOutput/20210421msiMNRsJenny/295759_S18.sam` = list(IM49_SNP1 = list(
    All = list(Freqs = structure(c(0L, 0L, 1L, 0L, 0L, 0L, 0L, 
    75L, 2246L, 45L, 2L, 7L, 3L, 71L, 2398L, 39L, 0L, 4L, 0L, 
    3L, 88L, 1L, 0L, 0L), .Dim = c(6L, 4L), .Dimnames = structure(list(
        c("-2", "-1", "0", "1", "2", NA), c("A", "C", "G", NA
        )), .Names = c("", "")), class = "table"), N = 4983L), 
    Tag.Distribution = structure(c(`1` = 149L, `2` = 93L, `3` = 90L, 
    `4` = 67L, `5` = 59L, `6` = 63L, `7` = 45L, `8` = 38L, `9` = 38L, 
    `10` = 37L, `11` = 25L, `12` = 23L, `13` = 24L, `14` = 14L, 
    `15` = 11L, `16` = 9L, `17` = 7L, `18` = 10L, `19` = 3L, 
    `20` = 4L, `21` = 4L, `22` = 2L, `24` = 1L, `38` = 1L), .Dim = 24L, .Dimnames = structure(list(
        c("1", "2", "3", "4", "5", "6", "7", "8", "9", "10", 
        "11", "12", "13", "14", "15", "16", "17", "18", "19", 
        "20", "21", "22", "24", "38")), .Names = ""), class = "table"), 
    No.Tag = structure(c(0L, 0L, 0L, 0L, 0L, 0L, 0L, 1L, 40L, 
    0L, 0L, 1L, 0L, 2L, 61L, 0L, 0L, 0L, 0L, 0L, 7L, 0L, 0L, 
    0L), .Dim = c(6L, 4L), .Dimnames = structure(list(c("-2", 
    "-1", "0", "1", "2", NA), c("A", "C", "G", NA)), .Names = c("", 
    "")), class = "table"), All.Tags = list(Concordant = list(
        Freqs = structure(c(0, 0, 0, 0, 0, 0, 2, 290, 3, 0, 0, 
        2, 307, 0, 0), .Dim = c(5L, 3L), .Dimnames = list(c("-2", 
        "-1", "0", "1", "2"), c("A", "C", "G"))), N = 604), Majority = list(
        Freqs = structure(c(0, 0, 0, 0, 0, 0, 2, 377, 4, 0, 0, 
        3, 401, 1, 0), .Dim = c(5L, 3L), .Dimnames = list(c("-2", 
        "-1", "0", "1", "2"), c("A", "C", "G"))), N = 788)), 
    `2` = structure(c(0, 0, 0, 0, 0, 0, 2, 309, 2, 0, 0, 2, 337, 
    1, 0), .Dim = c(5L, 3L), .Dimnames = list(c("-2", "-1", "0", 
    "1", "2"), c("A", "C", "G"))))))
