Results <-
list(`bwaOutput/20210421msiMNRsJenny/295764_S38.sam` = list(LR44_SNP1 = list(
    All = list(Freqs = structure(c(0L, 1L, 88L, 1167L, 27L, 0L, 
    12L, 0L, 0L, 0L, 3L, 0L, 0L, 0L, 1L, 4L, 116L, 1474L, 31L, 
    2L, 7L, 0L, 0L, 2L, 22L, 0L, 0L, 0L), .Dim = c(7L, 4L), .Dimnames = structure(list(
        c("-3", "-2", "-1", "0", "1", "2", NA), c("C", "G", "T", 
        NA)), .Names = c("", "")), class = "table"), N = 2957L), 
    Tag.Distribution = structure(c(`1` = 210L, `2` = 191L, `3` = 146L, 
    `4` = 116L, `5` = 83L, `6` = 56L, `7` = 35L, `8` = 18L, `9` = 8L, 
    `10` = 10L, `11` = 6L, `12` = 1L, `13` = 1L, `14` = 1L), .Dim = 14L, .Dimnames = structure(list(
        c("1", "2", "3", "4", "5", "6", "7", "8", "9", "10", 
        "11", "12", "13", "14")), .Names = ""), class = "table"), 
    No.Tag = structure(c(0L, 0L, 3L, 14L, 0L, 0L, 0L, 0L, 0L, 
    0L, 0L, 0L, 0L, 0L, 0L, 0L, 4L, 24L, 0L, 0L, 0L, 0L, 0L, 
    0L, 1L, 0L, 0L, 0L), .Dim = c(7L, 4L), .Dimnames = structure(list(
        c("-3", "-2", "-1", "0", "1", "2", NA), c("C", "G", "T", 
        NA)), .Names = c("", "")), class = "table"), All.Tags = list(
        Concordant = list(Freqs = structure(c(0, 0, 10, 292, 
        4, 0, 0, 0, 0, 1, 0, 0, 0, 0, 10, 329, 1, 1), .Dim = c(6L, 
        3L), .Dimnames = list(c("-3", "-2", "-1", "0", "1", "2"
        ), c("C", "G", "T"))), N = 648), Majority = list(Freqs = structure(c(0, 
        0, 11, 370, 4, 0, 0, 0, 0, 1, 0, 0, 0, 0, 13, 428, 2, 
        1), .Dim = c(6L, 3L), .Dimnames = list(c("-3", "-2", 
        "-1", "0", "1", "2"), c("C", "G", "T"))), N = 830)), 
    `2` = structure(c(0, 0, 5, 275, 1, 0, 0, 0, 0, 1, 0, 0, 0, 
    0, 7, 337, 2, 0), .Dim = c(6L, 3L), .Dimnames = list(c("-3", 
    "-2", "-1", "0", "1", "2"), c("C", "G", "T"))))))
