Results <-
list(`bwaOutput/20210421msiMNRsJenny/295759_S18.sam` = list(LR48_SNP1 = list(
    All = list(Freqs = structure(c(0L, 2L, 34L, 1135L, 19L, 6L, 
    1L, 1L, 51L, 1692L, 37L, 2L, 0L, 0L, 0L, 26L, 0L, 0L), .Dim = c(6L, 
    3L), .Dimnames = structure(list(c("-5", "-2", "-1", "0", 
    "1", NA), c("C", "T", NA)), .Names = c("", "")), class = "table"), 
        N = 3006L), Tag.Distribution = structure(c(`1` = 47L, 
    `2` = 22L, `3` = 28L, `4` = 29L, `5` = 26L, `6` = 27L, `7` = 21L, 
    `8` = 21L, `9` = 20L, `10` = 21L, `11` = 18L, `12` = 9L, 
    `13` = 11L, `14` = 15L, `15` = 8L, `16` = 7L, `17` = 13L, 
    `18` = 2L, `19` = 4L, `20` = 6L, `21` = 4L, `22` = 2L, `24` = 3L, 
    `25` = 1L, `26` = 1L, `27` = 1L, `29` = 1L, `34` = 1L), .Dim = 28L, .Dimnames = structure(list(
        c("1", "2", "3", "4", "5", "6", "7", "8", "9", "10", 
        "11", "12", "13", "14", "15", "16", "17", "18", "19", 
        "20", "21", "22", "24", "25", "26", "27", "29", "34")), .Names = ""), class = "table"), 
    No.Tag = structure(c(0L, 0L, 0L, 8L, 0L, 0L, 0L, 0L, 0L, 
    23L, 0L, 0L, 0L, 0L, 0L, 2L, 0L, 0L), .Dim = c(6L, 3L), .Dimnames = structure(list(
        c("-5", "-2", "-1", "0", "1", NA), c("C", "T", NA)), .Names = c("", 
    "")), class = "table"), All.Tags = list(Concordant = list(
        Freqs = structure(c(0, 1, 5, 118, 0, 0, 0, 0, 153, 0), .Dim = c(5L, 
        2L), .Dimnames = list(c("-5", "-2", "-1", "0", "1"), 
            c("C", "T"))), N = 277), Majority = list(Freqs = structure(c(0, 
    1, 6, 152, 1, 0, 0, 2, 200, 0), .Dim = c(5L, 2L), .Dimnames = list(
        c("-5", "-2", "-1", "0", "1"), c("C", "T"))), N = 362)), 
    `2` = structure(c(0, 0, 1, 131, 1, 0, 0, 2, 183, 0), .Dim = c(5L, 
    2L), .Dimnames = list(c("-5", "-2", "-1", "0", "1"), c("C", 
    "T"))))))
