Results <-
list(`bwaOutput/20210421msiMNRsJenny/295766_S6.sam` = list(LR44_SNP1 = list(
    All = list(Freqs = structure(c(0L, 1L, 5L, 0L, 0L, 0L, 4L, 
    108L, 1879L, 26L, 1L, 8L, 0L, 0L, 4L, 0L, 0L, 0L, 0L, 3L, 
    44L, 0L, 0L, 0L, 0L, 1L, 18L, 0L, 0L, 0L), .Dim = 6:5, .Dimnames = structure(list(
        c("-2", "-1", "0", "1", "2", NA), c("A", "C", "G", "T", 
        NA)), .Names = c("", "")), class = "table"), N = 2102L), 
    Tag.Distribution = structure(c(`1` = 178L, `2` = 133L, `3` = 101L, 
    `4` = 79L, `5` = 47L, `6` = 39L, `7` = 26L, `8` = 16L, `9` = 9L, 
    `10` = 5L, `11` = 3L, `12` = 2L, `13` = 2L), .Dim = 13L, .Dimnames = structure(list(
        c("1", "2", "3", "4", "5", "6", "7", "8", "9", "10", 
        "11", "12", "13")), .Names = ""), class = "table"), No.Tag = structure(c(0L, 
    0L, 0L, 0L, 0L, 0L, 0L, 3L, 41L, 0L, 0L, 0L, 0L, 0L, 0L, 
    0L, 0L, 0L, 0L, 0L, 0L, 0L, 0L, 0L, 0L, 0L, 2L, 0L, 0L, 0L
    ), .Dim = 6:5, .Dimnames = structure(list(c("-2", "-1", "0", 
    "1", "2", NA), c("A", "C", "G", "T", NA)), .Names = c("", 
    "")), class = "table"), All.Tags = list(Concordant = list(
        Freqs = structure(c(0, 0, 2, 0, 0, 0, 9, 499, 3, 0, 0, 
        0, 1, 0, 0, 0, 2, 15, 0, 0), .Dim = 5:4, .Dimnames = list(
            c("-2", "-1", "0", "1", "2"), c("A", "C", "G", "T"
            ))), N = 531), Majority = list(Freqs = structure(c(0, 
    0, 2, 0, 0, 0, 9, 585, 3, 0, 0, 0, 1, 0, 0, 0, 2, 16, 0, 
    0), .Dim = 5:4, .Dimnames = list(c("-2", "-1", "0", "1", 
    "2"), c("A", "C", "G", "T"))), N = 618)), `2` = structure(c(0, 
    0, 1, 0, 0, 0, 2, 430, 0, 0, 0, 0, 1, 0, 0, 0, 0, 10, 0, 
    0), .Dim = 5:4, .Dimnames = list(c("-2", "-1", "0", "1", 
    "2"), c("A", "C", "G", "T"))))))
