Results <-
list(`bwaOutput/20210421msiMNRsJenny/295766_S6.sam` = list(GM09_SNP1 = list(
    All = list(Freqs = structure(c(21L, 2797L, 6L, 15L, 3043L, 
    0L, 0L, 2L, 0L, 1L, 23L, 0L), .Dim = 3:4, .Dimnames = structure(list(
        c("-1", "0", "1"), c("A", "G", "T", NA)), .Names = c("", 
    "")), class = "table"), N = 5908L), Tag.Distribution = structure(c(`1` = 313L, 
    `2` = 262L, `3` = 223L, `4` = 157L, `5` = 124L, `6` = 97L, 
    `7` = 67L, `8` = 49L, `9` = 35L, `10` = 25L, `11` = 21L, 
    `12` = 20L, `13` = 4L, `14` = 8L, `15` = 7L, `16` = 4L, `17` = 3L, 
    `18` = 2L, `19` = 2L, `20` = 2L, `21` = 1L, `24` = 1L, `28` = 1L
    ), .Dim = 23L, .Dimnames = structure(list(c("1", "2", "3", 
    "4", "5", "6", "7", "8", "9", "10", "11", "12", "13", "14", 
    "15", "16", "17", "18", "19", "20", "21", "24", "28")), .Names = ""), class = "table"), 
    No.Tag = structure(c(0L, 48L, 1L, 0L, 0L, 51L, 0L, 0L, 0L, 
    0L, 0L, 0L, 0L, 4L, 0L, 0L), .Dim = c(4L, 4L), .Dimnames = structure(list(
        c("-1", "0", "1", NA), c("A", "G", "T", NA)), .Names = c("", 
    "")), class = "table"), All.Tags = list(Concordant = list(
        Freqs = structure(c(1, 559, 1, 0, 609, 0, 0, 0, 0), .Dim = c(3L, 
        3L), .Dimnames = list(c("-1", "0", "1"), c("A", "G", 
        "T"))), N = 1170), Majority = list(Freqs = structure(c(1, 
    664, 1, 1, 715, 0, 0, 0, 0), .Dim = c(3L, 3L), .Dimnames = list(
        c("-1", "0", "1"), c("A", "G", "T"))), N = 1382)), `2` = structure(c(0, 
    507, 0, 1, 564, 0, 0, 0, 0), .Dim = c(3L, 3L), .Dimnames = list(
        c("-1", "0", "1"), c("A", "G", "T"))))))
