Results <-
list(`bwaOutput/20210421msiMNRsJenny/295766_S6.sam` = list(LR52_SNP1 = list(
    All = list(Freqs = structure(c(0L, 0L, 0L, 2L, 0L, 0L, 0L, 
    0L, 0L, 6L, 0L, 0L, 2L, 11L, 220L, 2243L, 30L, 21L, 0L, 0L, 
    2L, 35L, 3L, 0L), .Dim = c(6L, 4L), .Dimnames = structure(list(
        c("-3", "-2", "-1", "0", "1", NA), c("A", "C", "T", NA
        )), .Names = c("", "")), class = "table"), N = 2575L), 
    Tag.Distribution = structure(c(`1` = 151L, `2` = 122L, `3` = 117L, 
    `4` = 81L, `5` = 59L, `6` = 50L, `7` = 30L, `8` = 32L, `9` = 14L, 
    `10` = 6L, `11` = 4L, `12` = 6L, `13` = 2L, `14` = 1L, `15` = 1L, 
    `17` = 1L), .Dim = 16L, .Dimnames = structure(list(c("1", 
    "2", "3", "4", "5", "6", "7", "8", "9", "10", "11", "12", 
    "13", "14", "15", "17")), .Names = ""), class = "table"), 
    No.Tag = structure(c(0L, 0L, 0L, 0L, 0L, 0L, 0L, 0L, 0L, 
    0L, 0L, 0L, 0L, 0L, 3L, 66L, 0L, 0L, 0L, 0L, 0L, 1L, 0L, 
    0L), .Dim = c(6L, 4L), .Dimnames = structure(list(c("-3", 
    "-2", "-1", "0", "1", NA), c("A", "C", "T", NA)), .Names = c("", 
    "")), class = "table"), All.Tags = list(Concordant = list(
        Freqs = structure(c(0, 0, 0, 0, 0, 0, 0, 0, 4, 0, 1, 
        3, 12, 486, 0), .Dim = c(5L, 3L), .Dimnames = list(c("-3", 
        "-2", "-1", "0", "1"), c("A", "C", "T"))), N = 506), 
        Majority = list(Freqs = structure(c(0, 0, 0, 0, 0, 0, 
        0, 0, 4, 0, 1, 3, 18, 623, 3), .Dim = c(5L, 3L), .Dimnames = list(
            c("-3", "-2", "-1", "0", "1"), c("A", "C", "T"))), 
            N = 652)), `2` = structure(c(0, 0, 0, 0, 0, 0, 0, 
    0, 0, 0, 0, 0, 10, 491, 3), .Dim = c(5L, 3L), .Dimnames = list(
        c("-3", "-2", "-1", "0", "1"), c("A", "C", "T"))))))
