Results <-
list(`bwaOutput/20210421msiMNRsJenny/295759_S18.sam` = list(LR11_SNP1 = list(
    All = list(Freqs = structure(c(0L, 0L, 1L, 0L, 0L, 2L, 28L, 
    2160L, 7L, 5L, 2L, 24L, 675L, 4L, 1L, 0L, 0L, 22L, 0L, 0L
    ), .Dim = 5:4, .Dimnames = structure(list(c("-2", "-1", "0", 
    "1", NA), c("-", "A", "C", NA)), .Names = c("", "")), class = "table"), 
        N = 2931L), Tag.Distribution = structure(c(`1` = 66L, 
    `2` = 50L, `3` = 40L, `4` = 39L, `5` = 38L, `6` = 30L, `7` = 36L, 
    `8` = 40L, `9` = 20L, `10` = 19L, `11` = 16L, `12` = 22L, 
    `13` = 9L, `14` = 10L, `15` = 3L, `16` = 1L, `17` = 4L, `18` = 3L, 
    `19` = 2L, `20` = 3L, `21` = 1L, `22` = 3L, `23` = 1L, `26` = 1L
    ), .Dim = 24L, .Dimnames = structure(list(c("1", "2", "3", 
    "4", "5", "6", "7", "8", "9", "10", "11", "12", "13", "14", 
    "15", "16", "17", "18", "19", "20", "21", "22", "23", "26"
    )), .Names = ""), class = "table"), No.Tag = structure(c(0L, 
    0L, 0L, 0L, 0L, 0L, 1L, 49L, 0L, 0L, 0L, 0L, 12L, 0L, 0L, 
    0L, 0L, 1L, 0L, 0L), .Dim = 5:4, .Dimnames = structure(list(
        c("-2", "-1", "0", "1", NA), c("-", "A", "C", NA)), .Names = c("", 
    "")), class = "table"), All.Tags = list(Concordant = list(
        Freqs = structure(c(0, 0, 0, 0, 0, 1, 293, 0, 0, 1, 99, 
        1), .Dim = 4:3, .Dimnames = list(c("-2", "-1", "0", "1"
        ), c("-", "A", "C"))), N = 395), Majority = list(Freqs = structure(c(0, 
    0, 0, 0, 0, 1, 326, 0, 0, 2, 118, 1), .Dim = 4:3, .Dimnames = list(
        c("-2", "-1", "0", "1"), c("-", "A", "C"))), N = 448)), 
    `2` = structure(c(0, 0, 0, 0, 0, 0, 282, 0, 0, 1, 104, 0), .Dim = 4:3, .Dimnames = list(
        c("-2", "-1", "0", "1"), c("-", "A", "C"))))))
