Results <-
list(`bwaOutput/20210421msiMNRsJenny/295759_S18.sam` = list(IM16_SNP1 = list(
    All = list(Freqs = structure(c(7L, 1025L, 9L, 1L, 0L, 23L, 
    1496L, 22L, 0L, 3L, 0L, 1L, 0L, 0L, 0L, 1L, 17L, 0L, 0L, 
    0L), .Dim = 5:4, .Dimnames = structure(list(c("-1", "0", 
    "1", "2", NA), c("A", "G", "T", NA)), .Names = c("", "")), class = "table"), 
        N = 2605L), Tag.Distribution = structure(c(`1` = 56L, 
    `2` = 34L, `3` = 33L, `4` = 28L, `5` = 26L, `6` = 26L, `7` = 24L, 
    `8` = 29L, `9` = 18L, `10` = 19L, `11` = 9L, `12` = 18L, 
    `13` = 11L, `14` = 8L, `15` = 5L, `16` = 8L, `17` = 8L, `18` = 3L, 
    `19` = 3L, `20` = 2L, `21` = 3L, `23` = 1L, `24` = 1L, `28` = 1L
    ), .Dim = 24L, .Dimnames = structure(list(c("1", "2", "3", 
    "4", "5", "6", "7", "8", "9", "10", "11", "12", "13", "14", 
    "15", "16", "17", "18", "19", "20", "21", "23", "24", "28"
    )), .Names = ""), class = "table"), No.Tag = structure(c(1L, 
    10L, 0L, 0L, 0L, 0L, 20L, 0L, 0L, 1L, 0L, 0L, 0L, 0L, 0L, 
    0L, 2L, 0L, 0L, 0L), .Dim = 5:4, .Dimnames = structure(list(
        c("-1", "0", "1", "2", NA), c("A", "G", "T", NA)), .Names = c("", 
    "")), class = "table"), All.Tags = list(Concordant = list(
        Freqs = structure(c(0, 143, 0, 0, 1, 169, 0, 0, 0, 0, 
        0, 0), .Dim = 4:3, .Dimnames = list(c("-1", "0", "1", 
        "2"), c("A", "G", "T"))), N = 313), Majority = list(Freqs = structure(c(0, 
    162, 0, 0, 1, 204, 0, 0, 0, 0, 0, 0), .Dim = 4:3, .Dimnames = list(
        c("-1", "0", "1", "2"), c("A", "G", "T"))), N = 367)), 
    `2` = structure(c(0, 138, 0, 0, 1, 177, 0, 0, 0, 0, 0, 0), .Dim = 4:3, .Dimnames = list(
        c("-1", "0", "1", "2"), c("A", "G", "T"))))))
