Results <-
list(`bwaOutput/20210421msiMNRsJenny/295759_S18.sam` = list(GM22_SNP1 = list(
    All = list(Freqs = structure(c(16L, 1089L, 6L, 3L, 21L, 1236L, 
    5L, 4L, 1L, 17L, 1L, 0L), .Dim = 4:3, .Dimnames = structure(list(
        c("-1", "0", "1", NA), c("A", "G", NA)), .Names = c("", 
    "")), class = "table"), N = 2399L), Tag.Distribution = structure(c(`1` = 45L, 
    `2` = 27L, `3` = 25L, `4` = 24L, `5` = 36L, `6` = 34L, `7` = 19L, 
    `8` = 25L, `9` = 20L, `10` = 19L, `11` = 20L, `12` = 21L, 
    `13` = 13L, `14` = 5L, `15` = 6L, `16` = 1L, `17` = 3L, `18` = 2L, 
    `19` = 1L, `20` = 3L, `22` = 1L, `25` = 1L), .Dim = 22L, .Dimnames = structure(list(
        c("1", "2", "3", "4", "5", "6", "7", "8", "9", "10", 
        "11", "12", "13", "14", "15", "16", "17", "18", "19", 
        "20", "22", "25")), .Names = ""), class = "table"), No.Tag = structure(c(0L, 
    2L, 0L, 0L, 0L, 9L, 0L, 1L, 0L, 0L, 0L, 0L), .Dim = 4:3, .Dimnames = structure(list(
        c("-1", "0", "1", NA), c("A", "G", NA)), .Names = c("", 
    "")), class = "table"), All.Tags = list(Concordant = list(
        Freqs = structure(c(0, 135, 0, 1, 163, 0), .Dim = 3:2, .Dimnames = list(
            c("-1", "0", "1"), c("A", "G"))), N = 299), Majority = list(
        Freqs = structure(c(0, 157, 0, 1, 185, 0), .Dim = 3:2, .Dimnames = list(
            c("-1", "0", "1"), c("A", "G"))), N = 343)), `2` = structure(c(0, 
    135, 0, 1, 167, 0), .Dim = 3:2, .Dimnames = list(c("-1", 
    "0", "1"), c("A", "G"))))))
