Results <-
list(`bwaOutput/20210421msiMNRsJenny/295759_S18.sam` = list(LR24_SNP1 = list(
    All = list(Freqs = structure(c(0L, 0L, 1L, 0L, 0L, 0L, 17L, 
    3511L, 9L, 2L, 1L, 10L, 2388L, 8L, 2L, 0L, 1L, 21L, 0L, 0L
    ), .Dim = 5:4, .Dimnames = structure(list(c("-2", "-1", "0", 
    "1", NA), c("-", "A", "G", NA)), .Names = c("", "")), class = "table"), 
        N = 5971L), Tag.Distribution = structure(c(`1` = 319L, 
    `2` = 267L, `3` = 184L, `4` = 141L, `5` = 123L, `6` = 68L, 
    `7` = 56L, `8` = 51L, `9` = 41L, `10` = 22L, `11` = 17L, 
    `12` = 25L, `13` = 15L, `14` = 9L, `15` = 9L, `16` = 6L, 
    `17` = 7L, `18` = 5L, `19` = 4L, `20` = 4L, `21` = 1L, `23` = 1L
    ), .Dim = 22L, .Dimnames = structure(list(c("1", "2", "3", 
    "4", "5", "6", "7", "8", "9", "10", "11", "12", "13", "14", 
    "15", "16", "17", "18", "19", "20", "21", "23")), .Names = ""), class = "table"), 
    No.Tag = structure(c(0L, 0L, 0L, 0L, 0L, 0L, 1L, 72L, 0L, 
    0L, 0L, 1L, 68L, 0L, 0L, 0L, 0L, 0L, 0L, 0L), .Dim = 5:4, .Dimnames = structure(list(
        c("-2", "-1", "0", "1", NA), c("-", "A", "G", NA)), .Names = c("", 
    "")), class = "table"), All.Tags = list(Concordant = list(
        Freqs = structure(c(0, 0, 1, 0, 0, 1, 692, 0, 0, 1, 461, 
        0), .Dim = 4:3, .Dimnames = list(c("-2", "-1", "0", "1"
        ), c("-", "A", "G"))), N = 1156), Majority = list(Freqs = structure(c(0, 
    0, 1, 0, 0, 1, 782, 0, 0, 1, 548, 0), .Dim = 4:3, .Dimnames = list(
        c("-2", "-1", "0", "1"), c("-", "A", "G"))), N = 1333)), 
    `2` = structure(c(0, 0, 0, 0, 0, 0, 611, 0, 0, 0, 412, 0), .Dim = 4:3, .Dimnames = list(
        c("-2", "-1", "0", "1"), c("-", "A", "G"))))))
