Results <-
list(`bwaOutput/20210421msiMNRsJenny/295764_S38.sam` = list(GM07_SNP1 = list(
    All = list(Freqs = structure(c(0L, 2L, 0L, 0L, 0L, 58L, 941L, 
    32L, 1L, 7L, 49L, 1072L, 30L, 0L, 9L, 0L, 12L, 1L, 0L, 0L
    ), .Dim = 5:4, .Dimnames = structure(list(c("-1", "0", "1", 
    "2", NA), c("-", "A", "G", NA)), .Names = c("", "")), class = "table"), 
        N = 2214L), Tag.Distribution = structure(c(`1` = 172L, 
    `2` = 162L, `3` = 123L, `4` = 67L, `5` = 62L, `6` = 39L, 
    `7` = 24L, `8` = 14L, `9` = 11L, `10` = 1L, `11` = 4L, `12` = 1L, 
    `13` = 1L, `14` = 1L, `15` = 1L), .Dim = 15L, .Dimnames = structure(list(
        c("1", "2", "3", "4", "5", "6", "7", "8", "9", "10", 
        "11", "12", "13", "14", "15")), .Names = ""), class = "table"), 
    No.Tag = structure(c(0L, 0L, 0L, 0L, 0L, 1L, 28L, 0L, 0L, 
    1L, 1L, 16L, 0L, 0L, 2L, 0L, 1L, 0L, 0L, 0L), .Dim = 5:4, .Dimnames = structure(list(
        c("-1", "0", "1", "2", NA), c("-", "A", "G", NA)), .Names = c("", 
    "")), class = "table"), All.Tags = list(Concordant = list(
        Freqs = structure(c(0, 0, 0, 0, 3, 224, 2, 1, 6, 285, 
        1, 0), .Dim = 4:3, .Dimnames = list(c("-1", "0", "1", 
        "2"), c("-", "A", "G"))), N = 522), Majority = list(Freqs = structure(c(0, 
    0, 0, 0, 3, 287, 4, 1, 6, 344, 2, 0), .Dim = 4:3, .Dimnames = list(
        c("-1", "0", "1", "2"), c("-", "A", "G"))), N = 647)), 
    `2` = structure(c(0, 0, 0, 0, 0, 215, 2, 0, 0, 261, 2, 0), .Dim = 4:3, .Dimnames = list(
        c("-1", "0", "1", "2"), c("-", "A", "G"))))))
