Results <-
list(`bwaOutput/20210421msiMNRsJenny/295759_S18.sam` = list(LR36_SNP1 = list(
    All = list(Freqs = structure(c(0L, 0L, 1L, 23L, 1130L, 6L, 
    0L, 5L, 1L, 1L, 2L, 61L, 3008L, 21L, 1L, 15L, 0L, 0L, 0L, 
    6L, 83L, 1L, 0L, 0L), .Dim = c(8L, 3L), .Dimnames = structure(list(
        c("-4", "-3", "-2", "-1", "0", "1", "2", NA), c("A", 
        "T", NA)), .Names = c("", "")), class = "table"), N = 4365L), 
    Tag.Distribution = structure(c(`1` = 91L, `2` = 70L, `3` = 61L, 
    `4` = 68L, `5` = 53L, `6` = 68L, `7` = 53L, `8` = 34L, `9` = 42L, 
    `10` = 34L, `11` = 22L, `12` = 19L, `13` = 14L, `14` = 6L, 
    `15` = 6L, `16` = 10L, `17` = 7L, `18` = 9L, `19` = 3L, `20` = 2L, 
    `21` = 3L, `22` = 1L, `24` = 2L), .Dim = 23L, .Dimnames = structure(list(
        c("1", "2", "3", "4", "5", "6", "7", "8", "9", "10", 
        "11", "12", "13", "14", "15", "16", "17", "18", "19", 
        "20", "21", "22", "24")), .Names = ""), class = "table"), 
    No.Tag = structure(c(0L, 0L, 0L, 0L, 25L, 0L, 0L, 2L, 0L, 
    0L, 0L, 2L, 113L, 1L, 0L, 1L, 0L, 0L, 0L, 0L, 4L, 0L, 0L, 
    0L), .Dim = c(8L, 3L), .Dimnames = structure(list(c("-4", 
    "-3", "-2", "-1", "0", "1", "2", NA), c("A", "T", NA)), .Names = c("", 
    "")), class = "table"), All.Tags = list(Concordant = list(
        Freqs = structure(c(0, 0, 0, 1, 151, 1, 0, 0, 0, 0, 3, 
        399, 0, 0), .Dim = c(7L, 2L), .Dimnames = list(c("-4", 
        "-3", "-2", "-1", "0", "1", "2"), c("A", "T"))), N = 555), 
        Majority = list(Freqs = structure(c(0, 0, 0, 1, 183, 
        1, 0, 0, 0, 0, 3, 473, 0, 0), .Dim = c(7L, 2L), .Dimnames = list(
            c("-4", "-3", "-2", "-1", "0", "1", "2"), c("A", 
            "T"))), N = 661)), `2` = structure(c(0, 0, 0, 0, 
    159, 1, 0, 0, 0, 0, 1, 415, 0, 0), .Dim = c(7L, 2L), .Dimnames = list(
        c("-4", "-3", "-2", "-1", "0", "1", "2"), c("A", "T"))))))
