Results <-
list(`bwaOutput/20210421msiMNRsJenny/295759_S18.sam` = list(GM07_SNP1 = list(
    All = list(Freqs = structure(c(1L, 59L, 1233L, 46L, 3L, 11L, 
    4L, 65L, 1215L, 44L, 2L, 12L, 0L, 0L, 1L, 0L, 0L, 0L, 0L, 
    2L, 15L, 0L, 0L, 0L), .Dim = c(6L, 4L), .Dimnames = structure(list(
        c("-2", "-1", "0", "1", "2", NA), c("A", "G", "T", NA
        )), .Names = c("", "")), class = "table"), N = 2713L), 
    Tag.Distribution = structure(c(`1` = 72L, `2` = 35L, `3` = 37L, 
    `4` = 41L, `5` = 44L, `6` = 28L, `7` = 28L, `8` = 27L, `9` = 19L, 
    `10` = 20L, `11` = 17L, `12` = 15L, `13` = 14L, `14` = 7L, 
    `15` = 6L, `16` = 4L, `17` = 3L, `18` = 1L, `19` = 2L, `21` = 1L, 
    `23` = 2L, `25` = 1L, `26` = 1L, `32` = 1L), .Dim = 24L, .Dimnames = structure(list(
        c("1", "2", "3", "4", "5", "6", "7", "8", "9", "10", 
        "11", "12", "13", "14", "15", "16", "17", "18", "19", 
        "21", "23", "25", "26", "32")), .Names = ""), class = "table"), 
    No.Tag = structure(c(0L, 1L, 44L, 2L, 0L, 2L, 0L, 0L, 17L, 
    1L, 0L, 0L, 0L, 0L, 0L, 0L, 0L, 0L, 0L, 0L, 0L, 0L, 0L, 0L
    ), .Dim = c(6L, 4L), .Dimnames = structure(list(c("-2", "-1", 
    "0", "1", "2", NA), c("A", "G", "T", NA)), .Names = c("", 
    "")), class = "table"), All.Tags = list(Concordant = list(
        Freqs = structure(c(0, 5, 131, 0, 0, 0, 0, 146, 1, 0, 
        0, 0, 0, 0, 0), .Dim = c(5L, 3L), .Dimnames = list(c("-2", 
        "-1", "0", "1", "2"), c("A", "G", "T"))), N = 283), Majority = list(
        Freqs = structure(c(0, 5, 196, 1, 0, 0, 0, 213, 2, 0, 
        0, 0, 0, 0, 0), .Dim = c(5L, 3L), .Dimnames = list(c("-2", 
        "-1", "0", "1", "2"), c("A", "G", "T"))), N = 417)), 
    `2` = structure(c(0, 0, 165, 1, 0, 0, 0, 180, 1, 0, 0, 0, 
    0, 0, 0), .Dim = c(5L, 3L), .Dimnames = list(c("-2", "-1", 
    "0", "1", "2"), c("A", "G", "T"))))))
