Results <-
list(`bwaOutput/20210421msiMNRsJenny/295766_S6.sam` = list(LR36_SNP1 = list(
    All = list(Freqs = structure(c(2L, 40L, 1953L, 17L, 1L, 5L, 
    2L, 36L, 2009L, 14L, 0L, 5L, 0L, 3L, 64L, 1L, 0L, 0L), .Dim = c(6L, 
    3L), .Dimnames = structure(list(c("-2", "-1", "0", "1", "2", 
    NA), c("A", "T", NA)), .Names = c("", "")), class = "table"), 
        N = 4152L), Tag.Distribution = structure(c(`1` = 248L, 
    `2` = 198L, `3` = 176L, `4` = 131L, `5` = 107L, `6` = 63L, 
    `7` = 56L, `8` = 37L, `9` = 30L, `10` = 16L, `11` = 8L, `12` = 4L, 
    `13` = 5L, `14` = 2L, `16` = 3L, `17` = 1L, `19` = 1L), .Dim = 17L, .Dimnames = structure(list(
        c("1", "2", "3", "4", "5", "6", "7", "8", "9", "10", 
        "11", "12", "13", "14", "16", "17", "19")), .Names = ""), class = "table"), 
    No.Tag = structure(c(0L, 4L, 49L, 0L, 0L, 0L, 0L, 0L, 51L, 
    0L, 0L, 0L, 0L, 0L, 8L, 0L, 0L, 0L), .Dim = c(6L, 3L), .Dimnames = structure(list(
        c("-2", "-1", "0", "1", "2", NA), c("A", "T", NA)), .Names = c("", 
    "")), class = "table"), All.Tags = list(Concordant = list(
        Freqs = structure(c(1, 3, 428, 1, 0, 0, 3, 470, 1, 0), .Dim = c(5L, 
        2L), .Dimnames = list(c("-2", "-1", "0", "1", "2"), c("A", 
        "T"))), N = 907), Majority = list(Freqs = structure(c(1, 
    3, 494, 1, 0, 0, 3, 541, 2, 0), .Dim = c(5L, 2L), .Dimnames = list(
        c("-2", "-1", "0", "1", "2"), c("A", "T"))), N = 1045)), 
    `2` = structure(c(0, 0, 381, 0, 0, 0, 1, 419, 1, 0), .Dim = c(5L, 
    2L), .Dimnames = list(c("-2", "-1", "0", "1", "2"), c("A", 
    "T"))))))
