Results <-
list(`bwaOutput/20210421msiMNRsJenny/295759_S18.sam` = list(LR20_SNP1 = list(
    All = list(Freqs = structure(c(0L, 1L, 0L, 0L, 1L, 1558L, 
    2L, 1L, 1L, 1091L, 1L, 1L, 0L, 6L, 0L, 0L), .Dim = c(4L, 
    4L), .Dimnames = structure(list(c("-1", "0", "1", NA), c("-", 
    "A", "G", NA)), .Names = c("", "")), class = "table"), N = 2663L), 
    Tag.Distribution = structure(c(`1` = 46L, `2` = 53L, `3` = 48L, 
    `4` = 54L, `5` = 39L, `6` = 29L, `7` = 25L, `8` = 24L, `9` = 17L, 
    `10` = 23L, `11` = 14L, `12` = 12L, `13` = 7L, `14` = 9L, 
    `15` = 2L, `16` = 7L, `17` = 2L, `18` = 2L, `19` = 2L, `20` = 1L, 
    `21` = 1L, `23` = 1L, `25` = 1L, `27` = 1L, `28` = 1L, `31` = 1L
    ), .Dim = 26L, .Dimnames = structure(list(c("1", "2", "3", 
    "4", "5", "6", "7", "8", "9", "10", "11", "12", "13", "14", 
    "15", "16", "17", "18", "19", "20", "21", "23", "25", "27", 
    "28", "31")), .Names = ""), class = "table"), No.Tag = structure(c(0L, 
    0L, 0L, 0L, 0L, 73L, 0L, 0L, 0L, 18L, 0L, 0L, 0L, 1L, 0L, 
    0L), .Dim = c(4L, 4L), .Dimnames = structure(list(c("-1", 
    "0", "1", NA), c("-", "A", "G", NA)), .Names = c("", "")), class = "table"), 
    All.Tags = list(Concordant = list(Freqs = structure(c(0, 
    0, 0, 0, 227, 0, 0, 159, 0), .Dim = c(3L, 3L), .Dimnames = list(
        c("-1", "0", "1"), c("-", "A", "G"))), N = 386), Majority = list(
        Freqs = structure(c(0, 0, 0, 0, 245, 1, 0, 173, 0), .Dim = c(3L, 
        3L), .Dimnames = list(c("-1", "0", "1"), c("-", "A", 
        "G"))), N = 419)), `2` = structure(c(0, 0, 0, 0, 219, 
    1, 0, 153, 0), .Dim = c(3L, 3L), .Dimnames = list(c("-1", 
    "0", "1"), c("-", "A", "G"))))))
