Results <-
list(`bwaOutput/20210421msiMNRsJenny/295759_S18.sam` = list(GM01_SNP1 = list(
    All = list(Freqs = structure(c(21L, 1317L, 7L, 2L, 24L, 1864L, 
    5L, 3L, 2L, 17L, 0L, 0L), .Dim = 4:3, .Dimnames = structure(list(
        c("-1", "0", "1", NA), c("A", "G", NA)), .Names = c("", 
    "")), class = "table"), N = 3262L), Tag.Distribution = structure(c(`1` = 85L, 
    `2` = 37L, `3` = 53L, `4` = 50L, `5` = 46L, `6` = 47L, `7` = 32L, 
    `8` = 32L, `9` = 22L, `10` = 18L, `11` = 25L, `12` = 20L, 
    `13` = 11L, `14` = 13L, `15` = 9L, `16` = 3L, `17` = 5L, 
    `18` = 6L, `19` = 1L, `20` = 2L, `38` = 1L), .Dim = 21L, .Dimnames = structure(list(
        c("1", "2", "3", "4", "5", "6", "7", "8", "9", "10", 
        "11", "12", "13", "14", "15", "16", "17", "18", "19", 
        "20", "38")), .Names = ""), class = "table"), No.Tag = structure(c(0L, 
    27L, 0L, 0L, 0L, 32L, 0L, 1L, 0L, 1L, 0L, 0L), .Dim = 4:3, .Dimnames = structure(list(
        c("-1", "0", "1", NA), c("A", "G", NA)), .Names = c("", 
    "")), class = "table"), All.Tags = list(Concordant = list(
        Freqs = structure(c(0, 178, 0, 1, 270, 0), .Dim = 3:2, .Dimnames = list(
            c("-1", "0", "1"), c("A", "G"))), N = 449), Majority = list(
        Freqs = structure(c(1, 204, 0, 1, 302, 0), .Dim = 3:2, .Dimnames = list(
            c("-1", "0", "1"), c("A", "G"))), N = 508)), `2` = structure(c(1, 
    173, 0, 0, 252, 0), .Dim = 3:2, .Dimnames = list(c("-1", 
    "0", "1"), c("A", "G"))))))
