Results <-
list(`bwaOutput/20210421msiMNRsJenny/295766_S6.sam` = list(LR17_SNP1 = list(
    All = list(Freqs = structure(c(1L, 4L, 201L, 5090L, 55L, 
    1L, 30L, 0L, 0L, 0L, 1L, 0L, 0L, 0L, 0L, 0L, 0L, 3L, 0L, 
    0L, 0L, 0L, 0L, 4L, 133L, 1L, 0L, 0L), .Dim = c(7L, 4L), .Dimnames = structure(list(
        c("-4", "-2", "-1", "0", "1", "2", NA), c("A", "C", "G", 
        NA)), .Names = c("", "")), class = "table"), N = 5524L), 
    Tag.Distribution = structure(c(`1` = 250L, `2` = 230L, `3` = 185L, 
    `4` = 178L, `5` = 108L, `6` = 107L, `7` = 70L, `8` = 53L, 
    `9` = 40L, `10` = 29L, `11` = 18L, `12` = 7L, `13` = 8L, 
    `14` = 3L, `15` = 4L, `16` = 1L, `17` = 1L, `18` = 2L, `20` = 2L, 
    `23` = 1L, `28` = 1L), .Dim = 21L, .Dimnames = structure(list(
        c("1", "2", "3", "4", "5", "6", "7", "8", "9", "10", 
        "11", "12", "13", "14", "15", "16", "17", "18", "20", 
        "23", "28")), .Names = ""), class = "table"), No.Tag = structure(c(0L, 
    0L, 3L, 140L, 0L, 0L, 1L, 0L, 0L, 0L, 0L, 0L, 0L, 0L, 0L, 
    0L, 0L, 0L, 0L, 0L, 0L, 0L, 0L, 1L, 8L, 0L, 0L, 0L), .Dim = c(7L, 
    4L), .Dimnames = structure(list(c("-4", "-2", "-1", "0", 
    "1", "2", NA), c("A", "C", "G", NA)), .Names = c("", "")), class = "table"), 
    All.Tags = list(Concordant = list(Freqs = structure(c(0, 
    0, 16, 1078, 3, 0, 0, 0, 0, 0, 0, 0, 0, 0, 0, 0, 0, 0), .Dim = c(6L, 
    3L), .Dimnames = list(c("-4", "-2", "-1", "0", "1", "2"), 
        c("A", "C", "G"))), N = 1097), Majority = list(Freqs = structure(c(0, 
    0, 20, 1239, 3, 0, 0, 0, 0, 0, 0, 0, 0, 0, 0, 0, 0, 0), .Dim = c(6L, 
    3L), .Dimnames = list(c("-4", "-2", "-1", "0", "1", "2"), 
        c("A", "C", "G"))), N = 1262)), `2` = structure(c(0, 
    0, 8, 1014, 1, 0, 0, 0, 0, 0, 0, 0, 0, 0, 0, 0, 0, 0), .Dim = c(6L, 
    3L), .Dimnames = list(c("-4", "-2", "-1", "0", "1", "2"), 
        c("A", "C", "G"))))))
