Results <-
list(`bwaOutput/20210421msiMNRsJenny/295759_S18.sam` = list(GM09_SNP1 = list(
    All = list(Freqs = structure(c(17L, 2958L, 1L, 2L, 20L, 3546L, 
    3L, 2L, 0L, 1L, 0L, 0L, 0L, 14L, 0L, 0L), .Dim = c(4L, 4L
    ), .Dimnames = structure(list(c("-1", "0", "1", NA), c("A", 
    "G", "T", NA)), .Names = c("", "")), class = "table"), N = 6564L), 
    Tag.Distribution = structure(c(`1` = 132L, `2` = 95L, `3` = 71L, 
    `4` = 83L, `5` = 90L, `6` = 76L, `7` = 69L, `8` = 60L, `9` = 48L, 
    `10` = 45L, `11` = 33L, `12` = 30L, `13` = 24L, `14` = 19L, 
    `15` = 10L, `16` = 10L, `17` = 12L, `18` = 8L, `19` = 5L, 
    `20` = 7L, `21` = 6L, `22` = 3L, `23` = 3L, `24` = 2L, `25` = 3L, 
    `26` = 1L, `27` = 2L, `30` = 1L, `31` = 1L, `32` = 1L, `37` = 1L
    ), .Dim = 31L, .Dimnames = structure(list(c("1", "2", "3", 
    "4", "5", "6", "7", "8", "9", "10", "11", "12", "13", "14", 
    "15", "16", "17", "18", "19", "20", "21", "22", "23", "24", 
    "25", "26", "27", "30", "31", "32", "37")), .Names = ""), class = "table"), 
    No.Tag = structure(c(1L, 62L, 0L, 0L, 0L, 93L, 0L, 1L, 0L, 
    0L, 0L, 0L, 0L, 1L, 0L, 0L), .Dim = c(4L, 4L), .Dimnames = structure(list(
        c("-1", "0", "1", NA), c("A", "G", "T", NA)), .Names = c("", 
    "")), class = "table"), All.Tags = list(Concordant = list(
        Freqs = structure(c(0, 366, 0, 0, 455, 0, 0, 0, 0), .Dim = c(3L, 
        3L), .Dimnames = list(c("-1", "0", "1"), c("A", "G", 
        "T"))), N = 821), Majority = list(Freqs = structure(c(0, 
    421, 0, 1, 523, 0, 0, 0, 0), .Dim = c(3L, 3L), .Dimnames = list(
        c("-1", "0", "1"), c("A", "G", "T"))), N = 945)), `2` = structure(c(0, 
    363, 0, 1, 450, 0, 0, 0, 0), .Dim = c(3L, 3L), .Dimnames = list(
        c("-1", "0", "1"), c("A", "G", "T"))))))
