Results <-
list(`bwaOutput/20210421msiMNRsJenny/295759_S18.sam` = list(GM14_SNP1 = list(
    All = list(Freqs = structure(c(2L, 54L, 1881L, 22L, 6L, 1L, 
    34L, 1517L, 4L, 5L, 0L, 0L, 46L, 0L, 0L), .Dim = c(5L, 3L
    ), .Dimnames = structure(list(c("-2", "-1", "0", "1", NA), 
        c("C", "T", NA)), .Names = c("", "")), class = "table"), 
        N = 3572L), Tag.Distribution = structure(c(`1` = 62L, 
    `2` = 42L, `3` = 57L, `4` = 43L, `5` = 47L, `6` = 41L, `7` = 33L, 
    `8` = 31L, `9` = 36L, `10` = 20L, `11` = 21L, `12` = 19L, 
    `13` = 12L, `14` = 14L, `15` = 5L, `16` = 10L, `17` = 6L, 
    `18` = 5L, `19` = 4L, `20` = 1L, `22` = 1L, `23` = 2L, `24` = 1L, 
    `27` = 1L, `32` = 1L, `33` = 1L), .Dim = 26L, .Dimnames = structure(list(
        c("1", "2", "3", "4", "5", "6", "7", "8", "9", "10", 
        "11", "12", "13", "14", "15", "16", "17", "18", "19", 
        "20", "22", "23", "24", "27", "32", "33")), .Names = ""), class = "table"), 
    No.Tag = structure(c(1L, 1L, 51L, 1L, 0L, 0L, 0L, 23L, 0L, 
    1L, 0L, 0L, 3L, 0L, 0L), .Dim = c(5L, 3L), .Dimnames = structure(list(
        c("-2", "-1", "0", "1", NA), c("C", "T", NA)), .Names = c("", 
    "")), class = "table"), All.Tags = list(Concordant = list(
        Freqs = structure(c(0, 3, 229, 0, 0, 1, 171, 0), .Dim = c(4L, 
        2L), .Dimnames = list(c("-2", "-1", "0", "1"), c("C", 
        "T"))), N = 404), Majority = list(Freqs = structure(c(0, 
    3, 297, 0, 0, 1, 210, 0), .Dim = c(4L, 2L), .Dimnames = list(
        c("-2", "-1", "0", "1"), c("C", "T"))), N = 511)), `2` = structure(c(0, 
    0, 257, 0, 0, 0, 194, 0), .Dim = c(4L, 2L), .Dimnames = list(
        c("-2", "-1", "0", "1"), c("C", "T"))))))
