Results <-
list(`bwaOutput/20210421msiMNRsJenny/295759_S18.sam` = list(LR44_SNP1 = list(
    All = list(Freqs = structure(c(0L, 2L, 38L, 663L, 6L, 0L, 
    4L, 1L, 2L, 100L, 1195L, 18L, 4L, 7L, 0L, 0L, 3L, 14L, 0L, 
    0L, 0L), .Dim = c(7L, 3L), .Dimnames = structure(list(c("-3", 
    "-2", "-1", "0", "1", "2", NA), c("C", "T", NA)), .Names = c("", 
    "")), class = "table"), N = 2057L), Tag.Distribution = structure(c(`1` = 56L, 
    `2` = 38L, `3` = 40L, `4` = 29L, `5` = 36L, `6` = 24L, `7` = 19L, 
    `8` = 18L, `9` = 20L, `10` = 16L, `11` = 18L, `12` = 10L, 
    `13` = 5L, `14` = 5L, `15` = 5L, `16` = 1L, `17` = 5L, `18` = 2L, 
    `19` = 2L, `20` = 1L), .Dim = 20L, .Dimnames = structure(list(
        c("1", "2", "3", "4", "5", "6", "7", "8", "9", "10", 
        "11", "12", "13", "14", "15", "16", "17", "18", "19", 
        "20")), .Names = ""), class = "table"), No.Tag = structure(c(0L, 
    0L, 0L, 3L, 1L, 0L, 0L, 0L, 0L, 3L, 16L, 0L, 0L, 1L, 0L, 
    0L, 1L, 0L, 0L, 0L, 0L), .Dim = c(7L, 3L), .Dimnames = structure(list(
        c("-3", "-2", "-1", "0", "1", "2", NA), c("C", "T", NA
        )), .Names = c("", "")), class = "table"), All.Tags = list(
        Concordant = list(Freqs = structure(c(0, 0, 2, 79, 0, 
        0, 0, 1, 3, 154, 1, 1), .Dim = c(6L, 2L), .Dimnames = list(
            c("-3", "-2", "-1", "0", "1", "2"), c("C", "T"))), 
            N = 241), Majority = list(Freqs = structure(c(0, 
        0, 4, 108, 0, 0, 0, 1, 4, 223, 1, 1), .Dim = c(6L, 2L
        ), .Dimnames = list(c("-3", "-2", "-1", "0", "1", "2"
        ), c("C", "T"))), N = 342)), `2` = structure(c(0, 0, 
    3, 91, 0, 0, 0, 0, 3, 190, 0, 1), .Dim = c(6L, 2L), .Dimnames = list(
        c("-3", "-2", "-1", "0", "1", "2"), c("C", "T"))))))
