Results <-
list(`bwaOutput/20210421msiMNRsJenny/296020_S48.sam` = list(IM49_SNP1 = list(
    All = list(Freqs = structure(c(0L, 0L, 3L, 0L, 0L, 0L, 2L, 
    119L, 3414L, 74L, 3L, 15L, 0L, 0L, 2L, 1L, 1L, 0L, 0L, 1L, 
    52L, 1L, 0L, 0L), .Dim = c(6L, 4L), .Dimnames = structure(list(
        c("-2", "-1", "0", "1", "2", NA), c("A", "C", "G", NA
        )), .Names = c("", "")), class = "table"), N = 3688L), 
    Tag.Distribution = structure(c(`1` = 270L, `2` = 188L, `3` = 152L, 
    `4` = 121L, `5` = 92L, `6` = 49L, `7` = 54L, `8` = 35L, `9` = 24L, 
    `10` = 16L, `11` = 8L, `12` = 2L, `13` = 2L, `15` = 1L, `16` = 1L, 
    `19` = 2L, `20` = 1L), .Dim = 17L, .Dimnames = structure(list(
        c("1", "2", "3", "4", "5", "6", "7", "8", "9", "10", 
        "11", "12", "13", "15", "16", "19", "20")), .Names = ""), class = "table"), 
    No.Tag = structure(c(0L, 0L, 0L, 0L, 0L, 0L, 0L, 2L, 80L, 
    0L, 0L, 0L, 0L, 0L, 0L, 0L, 0L, 0L, 0L, 0L, 5L, 0L, 0L, 0L
    ), .Dim = c(6L, 4L), .Dimnames = structure(list(c("-2", "-1", 
    "0", "1", "2", NA), c("A", "C", "G", NA)), .Names = c("", 
    "")), class = "table"), All.Tags = list(Concordant = list(
        Freqs = structure(c(0, 0, 0, 0, 0, 0, 12, 838, 4, 0, 
        0, 0, 1, 1, 1), .Dim = c(5L, 3L), .Dimnames = list(c("-2", 
        "-1", "0", "1", "2"), c("A", "C", "G"))), N = 857), Majority = list(
        Freqs = structure(c(0, 0, 0, 0, 0, 0, 15, 958, 5, 0, 
        0, 0, 1, 1, 1), .Dim = c(5L, 3L), .Dimnames = list(c("-2", 
        "-1", "0", "1", "2"), c("A", "C", "G"))), N = 981)), 
    `2` = structure(c(0, 0, 0, 0, 0, 0, 4, 718, 1, 0, 0, 0, 0, 
    0, 0), .Dim = c(5L, 3L), .Dimnames = list(c("-2", "-1", "0", 
    "1", "2"), c("A", "C", "G"))))))
