Results <-
list(`bwaOutput/20210421msiMNRsJenny/296020_S48.sam` = list(LR11_SNP1 = list(
    All = list(Freqs = structure(c(1L, 51L, 2112L, 23L, 8L, 1L, 
    43L, 1637L, 11L, 5L, 0L, 0L, 1L, 0L, 0L, 0L, 0L, 36L, 0L, 
    0L), .Dim = 5:4, .Dimnames = structure(list(c("-2", "-1", 
    "0", "1", NA), c("A", "C", "T", NA)), .Names = c("", "")), class = "table"), 
        N = 3929L), Tag.Distribution = structure(c(`1` = 252L, 
    `2` = 212L, `3` = 197L, `4` = 129L, `5` = 97L, `6` = 67L, 
    `7` = 36L, `8` = 36L, `9` = 17L, `10` = 11L, `11` = 11L, 
    `12` = 7L, `13` = 7L, `14` = 2L, `15` = 1L, `16` = 2L, `17` = 1L
    ), .Dim = 17L, .Dimnames = structure(list(c("1", "2", "3", 
    "4", "5", "6", "7", "8", "9", "10", "11", "12", "13", "14", 
    "15", "16", "17")), .Names = ""), class = "table"), No.Tag = structure(c(0L, 
    1L, 34L, 0L, 0L, 0L, 0L, 31L, 0L, 0L, 0L, 0L, 0L, 0L, 0L, 
    0L, 0L, 2L, 0L, 0L), .Dim = 5:4, .Dimnames = structure(list(
        c("-2", "-1", "0", "1", NA), c("A", "C", "T", NA)), .Names = c("", 
    "")), class = "table"), All.Tags = list(Concordant = list(
        Freqs = structure(c(0, 3, 486, 2, 1, 4, 387, 0, 0, 0, 
        0, 0), .Dim = 4:3, .Dimnames = list(c("-2", "-1", "0", 
        "1"), c("A", "C", "T"))), N = 883), Majority = list(Freqs = structure(c(0, 
    4, 572, 2, 1, 5, 461, 0, 0, 0, 0, 0), .Dim = 4:3, .Dimnames = list(
        c("-2", "-1", "0", "1"), c("A", "C", "T"))), N = 1045)), 
    `2` = structure(c(0, 2, 446, 1, 0, 1, 349, 0, 0, 0, 0, 0), .Dim = 4:3, .Dimnames = list(
        c("-2", "-1", "0", "1"), c("A", "C", "T"))))))
