Results <-
list(`bwaOutput/20210421msiMNRsJenny/296020_S48.sam` = list(LR52_SNP1 = list(
    All = list(Freqs = structure(c(0L, 16L, 230L, 1786L, 26L, 
    1L, 11L, 1L, 10L, 152L, 1689L, 21L, 0L, 10L, 0L, 0L, 2L, 
    121L, 5L, 0L, 0L), .Dim = c(7L, 3L), .Dimnames = structure(list(
        c("-3", "-2", "-1", "0", "1", "2", NA), c("C", "T", NA
        )), .Names = c("", "")), class = "table"), N = 4081L), 
    Tag.Distribution = structure(c(`1` = 209L, `2` = 211L, `3` = 178L, 
    `4` = 159L, `5` = 109L, `6` = 75L, `7` = 51L, `8` = 31L, 
    `9` = 22L, `10` = 13L, `11` = 8L, `12` = 3L, `13` = 3L, `14` = 2L, 
    `15` = 3L, `16` = 1L, `17` = 3L), .Dim = 17L, .Dimnames = structure(list(
        c("1", "2", "3", "4", "5", "6", "7", "8", "9", "10", 
        "11", "12", "13", "14", "15", "16", "17")), .Names = ""), class = "table"), 
    No.Tag = structure(c(0L, 0L, 3L, 27L, 0L, 0L, 0L, 0L, 0L, 
    0L, 13L, 1L, 0L, 0L, 0L, 0L, 0L, 5L, 0L, 0L, 0L), .Dim = c(7L, 
    3L), .Dimnames = structure(list(c("-3", "-2", "-1", "0", 
    "1", "2", NA), c("C", "T", NA)), .Names = c("", "")), class = "table"), 
    All.Tags = list(Concordant = list(Freqs = structure(c(0, 
    1, 25, 342, 3, 1, 0, 0, 6, 337, 2, 0), .Dim = c(6L, 2L), .Dimnames = list(
        c("-3", "-2", "-1", "0", "1", "2"), c("C", "T"))), N = 717), 
        Majority = list(Freqs = structure(c(0, 1, 31, 487, 3, 
        1, 0, 0, 11, 463, 3, 0), .Dim = c(6L, 2L), .Dimnames = list(
            c("-3", "-2", "-1", "0", "1", "2"), c("C", "T"))), 
            N = 1000)), `2` = structure(c(0, 0, 15, 395, 1, 0, 
    0, 0, 5, 385, 1, 0), .Dim = c(6L, 2L), .Dimnames = list(c("-3", 
    "-2", "-1", "0", "1", "2"), c("C", "T"))))))
