Results <-
list(`bwaOutput/20210421msiMNRsJenny/296020_S48.sam` = list(LR24_SNP1 = list(
    All = list(Freqs = structure(c(18L, 3229L, 12L, 2L, 18L, 
    3150L, 9L, 5L, 0L, 26L, 0L, 0L), .Dim = 4:3, .Dimnames = structure(list(
        c("-1", "0", "1", NA), c("A", "G", NA)), .Names = c("", 
    "")), class = "table"), N = 6469L), Tag.Distribution = structure(c(`1` = 649L, 
    `2` = 451L, `3` = 340L, `4` = 241L, `5` = 149L, `6` = 101L, 
    `7` = 59L, `8` = 37L, `9` = 32L, `10` = 10L, `11` = 10L, 
    `12` = 8L, `13` = 1L, `14` = 2L, `15` = 2L, `16` = 2L, `17` = 1L, 
    `19` = 2L, `22` = 1L), .Dim = 19L, .Dimnames = structure(list(
        c("1", "2", "3", "4", "5", "6", "7", "8", "9", "10", 
        "11", "12", "13", "14", "15", "16", "17", "19", "22")), .Names = ""), class = "table"), 
    No.Tag = structure(c(0L, 66L, 0L, 0L, 1L, 31L, 0L, 0L, 0L, 
    2L, 0L, 0L), .Dim = 4:3, .Dimnames = structure(list(c("-1", 
    "0", "1", NA), c("A", "G", NA)), .Names = c("", "")), class = "table"), 
    All.Tags = list(Concordant = list(Freqs = structure(c(2, 
    793, 3, 1, 783, 0), .Dim = 3:2, .Dimnames = list(c("-1", 
    "0", "1"), c("A", "G"))), N = 1582), Majority = list(Freqs = structure(c(2, 
    989, 3, 1, 965, 0), .Dim = 3:2, .Dimnames = list(c("-1", 
    "0", "1"), c("A", "G"))), N = 1960)), `2` = structure(c(0, 
    661, 1, 0, 654, 0), .Dim = 3:2, .Dimnames = list(c("-1", 
    "0", "1"), c("A", "G"))))))
