Results <-
list(`bwaOutput/20210421msiMNRsJenny/296020_S48.sam` = list(LR49_SNP1 = list(
    All = list(Freqs = structure(c(15L, 2578L, 1L, 0L, 1L, 0L, 
    6L, 2468L, 0L, 0L, 2L, 0L, 0L, 59L, 0L), .Dim = c(3L, 5L), .Dimnames = structure(list(
        c("-1", "0", "1"), c("A", "C", "G", "T", NA)), .Names = c("", 
    "")), class = "table"), N = 5130L), Tag.Distribution = structure(c(`1` = 349L, 
    `2` = 246L, `3` = 206L, `4` = 168L, `5` = 105L, `6` = 87L, 
    `7` = 62L, `8` = 43L, `9` = 30L, `10` = 27L, `11` = 11L, 
    `12` = 8L, `13` = 8L, `14` = 5L, `16` = 1L, `17` = 2L, `18` = 1L, 
    `19` = 1L), .Dim = 18L, .Dimnames = structure(list(c("1", 
    "2", "3", "4", "5", "6", "7", "8", "9", "10", "11", "12", 
    "13", "14", "16", "17", "18", "19")), .Names = ""), class = "table"), 
    No.Tag = structure(c(0L, 68L, 0L, 0L, 0L, 0L, 0L, 0L, 0L, 
    84L, 0L, 0L, 0L, 0L, 0L, 0L, 0L, 4L, 0L, 0L), .Dim = 4:5, .Dimnames = structure(list(
        c("-1", "0", "1", NA), c("A", "C", "G", "T", NA)), .Names = c("", 
    "")), class = "table"), All.Tags = list(Concordant = list(
        Freqs = structure(c(2, 576, 0, 0, 0, 0, 1, 539, 0, 0, 
        0, 0), .Dim = 3:4, .Dimnames = list(c("-1", "0", "1"), 
            c("A", "C", "G", "T"))), N = 1118), Majority = list(
        Freqs = structure(c(2, 671, 0, 0, 0, 0, 1, 639, 0, 0, 
        0, 0), .Dim = 3:4, .Dimnames = list(c("-1", "0", "1"), 
            c("A", "C", "G", "T"))), N = 1313)), `2` = structure(c(1, 
    499, 0, 0, 0, 0, 0, 474, 0, 0, 0, 0), .Dim = 3:4, .Dimnames = list(
        c("-1", "0", "1"), c("A", "C", "G", "T"))))))
