Results <-
list(`bwaOutput/20210421msiMNRsJenny/296020_S48.sam` = list(LR36_SNP1 = list(
    All = list(Freqs = structure(c(0L, 0L, 0L, 2L, 0L, 0L, 3L, 
    2L, 40L, 2035L, 18L, 16L, 0L, 3L, 45L, 1745L, 26L, 3L, 0L, 
    0L, 1L, 59L, 0L, 0L), .Dim = c(6L, 4L), .Dimnames = structure(list(
        c("-5", "-2", "-1", "0", "1", NA), c("-", "A", "T", NA
        )), .Names = c("", "")), class = "table"), N = 3998L), 
    Tag.Distribution = structure(c(`1` = 215L, `2` = 190L, `3` = 152L, 
    `4` = 130L, `5` = 90L, `6` = 79L, `7` = 47L, `8` = 33L, `9` = 28L, 
    `10` = 13L, `11` = 13L, `12` = 7L, `13` = 2L, `15` = 1L, 
    `16` = 2L, `17` = 3L, `21` = 1L), .Dim = 17L, .Dimnames = structure(list(
        c("1", "2", "3", "4", "5", "6", "7", "8", "9", "10", 
        "11", "12", "13", "15", "16", "17", "21")), .Names = ""), class = "table"), 
    No.Tag = structure(c(0L, 0L, 0L, 0L, 0L, 0L, 1L, 0L, 1L, 
    60L, 1L, 4L, 0L, 0L, 1L, 80L, 1L, 0L, 0L, 0L, 0L, 7L, 0L, 
    0L), .Dim = c(6L, 4L), .Dimnames = structure(list(c("-5", 
    "-2", "-1", "0", "1", NA), c("-", "A", "T", NA)), .Names = c("", 
    "")), class = "table"), All.Tags = list(Concordant = list(
        Freqs = structure(c(0, 0, 0, 0, 0, 0, 0, 4, 448, 0, 0, 
        0, 1, 361, 0), .Dim = c(5L, 3L), .Dimnames = list(c("-5", 
        "-2", "-1", "0", "1"), c("-", "A", "T"))), N = 814), 
        Majority = list(Freqs = structure(c(0, 0, 0, 0, 0, 0, 
        0, 4, 528, 0, 0, 0, 1, 437, 1), .Dim = c(5L, 3L), .Dimnames = list(
            c("-5", "-2", "-1", "0", "1"), c("-", "A", "T"))), 
            N = 971)), `2` = structure(c(0, 0, 0, 0, 0, 0, 0, 
    0, 419, 0, 0, 0, 0, 342, 1), .Dim = c(5L, 3L), .Dimnames = list(
        c("-5", "-2", "-1", "0", "1"), c("-", "A", "T"))))))
