Results <-
list(`bwaOutput/20210421msiMNRsJenny/296020_S48.sam` = list(LR44_SNP1 = list(
    All = list(Freqs = structure(c(4L, 132L, 1650L, 20L, 1L, 
    14L, 0L, 0L, 3L, 0L, 0L, 0L, 6L, 171L, 1880L, 32L, 0L, 11L, 
    0L, 3L, 45L, 3L, 0L, 0L), .Dim = c(6L, 4L), .Dimnames = structure(list(
        c("-2", "-1", "0", "1", "2", NA), c("C", "G", "T", NA
        )), .Names = c("", "")), class = "table"), N = 3975L), 
    Tag.Distribution = structure(c(`1` = 210L, `2` = 219L, `3` = 159L, 
    `4` = 142L, `5` = 78L, `6` = 65L, `7` = 49L, `8` = 36L, `9` = 30L, 
    `10` = 11L, `11` = 11L, `12` = 7L, `13` = 5L, `14` = 5L, 
    `15` = 3L, `16` = 1L), .Dim = 16L, .Dimnames = structure(list(
        c("1", "2", "3", "4", "5", "6", "7", "8", "9", "10", 
        "11", "12", "13", "14", "15", "16")), .Names = ""), class = "table"), 
    No.Tag = structure(c(0L, 5L, 37L, 1L, 0L, 2L, 0L, 0L, 0L, 
    0L, 0L, 0L, 0L, 4L, 40L, 0L, 0L, 0L, 0L, 0L, 1L, 0L, 0L, 
    0L), .Dim = c(6L, 4L), .Dimnames = structure(list(c("-2", 
    "-1", "0", "1", "2", NA), c("C", "G", "T", NA)), .Names = c("", 
    "")), class = "table"), All.Tags = list(Concordant = list(
        Freqs = structure(c(0, 6, 328, 1, 0, 0, 0, 1, 0, 0, 3, 
        13, 386, 3, 0), .Dim = c(5L, 3L), .Dimnames = list(c("-2", 
        "-1", "0", "1", "2"), c("C", "G", "T"))), N = 741), Majority = list(
        Freqs = structure(c(0, 6, 436, 2, 0, 0, 0, 1, 0, 0, 3, 
        19, 506, 3, 0), .Dim = c(5L, 3L), .Dimnames = list(c("-2", 
        "-1", "0", "1", "2"), c("C", "G", "T"))), N = 976)), 
    `2` = structure(c(0, 1, 345, 1, 0, 0, 0, 1, 0, 0, 0, 11, 
    412, 0, 0), .Dim = c(5L, 3L), .Dimnames = list(c("-2", "-1", 
    "0", "1", "2"), c("C", "G", "T"))))))
