Results <-
list(`bwaOutput/20210421msiMNRsJenny/296020_S48.sam` = list(GM07_SNP1 = list(
    All = list(Freqs = structure(c(2L, 79L, 1679L, 64L, 0L, 10L, 
    2L, 90L, 1652L, 75L, 2L, 14L, 0L, 0L, 1L, 0L, 0L, 0L, 0L, 
    1L, 25L, 0L, 0L, 0L), .Dim = c(6L, 4L), .Dimnames = structure(list(
        c("-2", "-1", "0", "1", "2", NA), c("A", "G", "T", NA
        )), .Names = c("", "")), class = "table"), N = 3696L), 
    Tag.Distribution = structure(c(`1` = 223L, `2` = 176L, `3` = 172L, 
    `4` = 120L, `5` = 89L, `6` = 72L, `7` = 52L, `8` = 32L, `9` = 16L, 
    `10` = 12L, `11` = 8L, `12` = 2L, `13` = 3L, `14` = 1L, `15` = 1L, 
    `16` = 4L, `23` = 1L), .Dim = 17L, .Dimnames = structure(list(
        c("1", "2", "3", "4", "5", "6", "7", "8", "9", "10", 
        "11", "12", "13", "14", "15", "16", "23")), .Names = ""), class = "table"), 
    No.Tag = structure(c(0L, 3L, 41L, 1L, 0L, 0L, 0L, 2L, 43L, 
    1L, 0L, 3L, 0L, 0L, 1L, 0L, 0L, 0L, 0L, 0L, 2L, 0L, 0L, 0L
    ), .Dim = c(6L, 4L), .Dimnames = structure(list(c("-2", "-1", 
    "0", "1", "2", NA), c("A", "G", "T", NA)), .Names = c("", 
    "")), class = "table"), All.Tags = list(Concordant = list(
        Freqs = structure(c(0, 10, 363, 3, 0, 0, 6, 324, 4, 0, 
        0, 0, 0, 0, 0), .Dim = c(5L, 3L), .Dimnames = list(c("-2", 
        "-1", "0", "1", "2"), c("A", "G", "T"))), N = 710), Majority = list(
        Freqs = structure(c(0, 10, 474, 4, 0, 0, 10, 432, 5, 
        0, 0, 0, 0, 0, 0), .Dim = c(5L, 3L), .Dimnames = list(
            c("-2", "-1", "0", "1", "2"), c("A", "G", "T"))), 
        N = 935)), `2` = structure(c(0, 4, 363, 2, 0, 0, 6, 343, 
    2, 0, 0, 0, 0, 0, 0), .Dim = c(5L, 3L), .Dimnames = list(
        c("-2", "-1", "0", "1", "2"), c("A", "G", "T"))))))
