Results <-
list(`bwaOutput/20210421msiMNRsJenny/296020_S48.sam` = list(DEPDC2_SNP1 = list(
    All = list(Freqs = structure(c(0L, 1L, 0L, 0L, 0L, 0L, 2L, 
    1L, 0L, 0L, 10L, 2529L, 1179L, 6L, 828L, 0L, 101L, 27L, 0L, 
    0L), .Dim = 5:4, .Dimnames = structure(list(c("-1", "0", 
    "1", "2", NA), c("A", "C", "T", NA)), .Names = c("", "")), class = "table"), 
        N = 4684L), Tag.Distribution = structure(c(`1` = 378L, 
    `2` = 299L, `3` = 242L, `4` = 142L, `5` = 124L, `6` = 87L, 
    `7` = 53L, `8` = 31L, `9` = 24L, `10` = 10L, `11` = 8L, `12` = 3L, 
    `13` = 2L, `14` = 3L, `17` = 1L), .Dim = 15L, .Dimnames = structure(list(
        c("1", "2", "3", "4", "5", "6", "7", "8", "9", "10", 
        "11", "12", "13", "14", "17")), .Names = ""), class = "table"), 
    No.Tag = structure(c(0L, 0L, 0L, 0L, 0L, 0L, 0L, 0L, 0L, 
    0L, 0L, 57L, 35L, 1L, 21L, 0L, 12L, 2L, 0L, 0L), .Dim = 5:4, .Dimnames = structure(list(
        c("-1", "0", "1", "2", NA), c("A", "C", "T", NA)), .Names = c("", 
    "")), class = "table"), All.Tags = list(Concordant = list(
        Freqs = structure(c(0, 0, 0, 0, 0, 1, 0, 0, 2, 684, 394, 
        0), .Dim = 4:3, .Dimnames = list(c("-1", "0", "1", "2"
        ), c("A", "C", "T"))), N = 1081), Majority = list(Freqs = structure(c(0, 
    0, 0, 0, 0, 1, 0, 0, 2, 777, 454, 0), .Dim = 4:3, .Dimnames = list(
        c("-1", "0", "1", "2"), c("A", "C", "T"))), N = 1234)), 
    `2` = structure(c(0, 0, 0, 0, 0, 1, 0, 0, 0, 590, 352, 0), .Dim = 4:3, .Dimnames = list(
        c("-1", "0", "1", "2"), c("A", "C", "T"))))))
