Results <-
list(`bwaOutput/20210421msiMNRsJenny/E1294670_S43.sam` = list(
    GM14_SNP1 = list(All = list(Freqs = structure(c(0L, 2L, 35L, 
    1433L, 11L, 0L, 5L, 1L, 3L, 33L, 1465L, 8L, 1L, 3L, 0L, 0L, 
    0L, 38L, 0L, 0L, 0L), .Dim = c(7L, 3L), .Dimnames = structure(list(
        c("-3", "-2", "-1", "0", "1", "2", NA), c("C", "T", NA
        )), .Names = c("", "")), class = "table"), N = 3038L), 
        Tag.Distribution = structure(c(`1` = 155L, `2` = 136L, 
        `3` = 123L, `4` = 94L, `5` = 75L, `6` = 62L, `7` = 39L, 
        `8` = 27L, `9` = 20L, `10` = 13L, `11` = 10L, `12` = 5L, 
        `13` = 5L, `14` = 1L, `16` = 2L), .Dim = 15L, .Dimnames = structure(list(
            c("1", "2", "3", "4", "5", "6", "7", "8", "9", "10", 
            "11", "12", "13", "14", "16")), .Names = ""), class = "table"), 
        No.Tag = structure(c(0L, 0L, 1L, 27L, 1L, 0L, 1L, 0L, 
        0L, 0L, 8L, 0L, 0L, 0L, 0L, 0L, 0L, 1L, 0L, 0L, 0L), .Dim = c(7L, 
        3L), .Dimnames = structure(list(c("-3", "-2", "-1", "0", 
        "1", "2", NA), c("C", "T", NA)), .Names = c("", "")), class = "table"), 
        All.Tags = list(Concordant = list(Freqs = structure(c(0, 
        0, 1, 300, 1, 0, 0, 0, 3, 335, 0, 0), .Dim = c(6L, 2L
        ), .Dimnames = list(c("-3", "-2", "-1", "0", "1", "2"
        ), c("C", "T"))), N = 640), Majority = list(Freqs = structure(c(0, 
        0, 1, 347, 1, 0, 0, 0, 3, 389, 0, 0), .Dim = c(6L, 2L
        ), .Dimnames = list(c("-3", "-2", "-1", "0", "1", "2"
        ), c("C", "T"))), N = 741)), `2` = structure(c(0, 0, 
        0, 277, 0, 0, 0, 0, 1, 317, 0, 0), .Dim = c(6L, 2L), .Dimnames = list(
            c("-3", "-2", "-1", "0", "1", "2"), c("C", "T"))))))
