Results <-
list(`bwaOutput/20210421msiMNRsJenny/E1294670_S43.sam` = list(
    LR48_SNP1 = list(All = list(Freqs = structure(c(2L, 48L, 
    1337L, 19L, 8L, 1L, 42L, 1699L, 35L, 3L, 0L, 1L, 26L, 0L, 
    0L), .Dim = c(5L, 3L), .Dimnames = structure(list(c("-2", 
    "-1", "0", "1", NA), c("C", "T", NA)), .Names = c("", "")), class = "table"), 
        N = 3221L), Tag.Distribution = structure(c(`1` = 109L, 
    `2` = 86L, `3` = 72L, `4` = 73L, `5` = 62L, `6` = 43L, `7` = 51L, 
    `8` = 50L, `9` = 28L, `10` = 21L, `11` = 14L, `12` = 9L, 
    `13` = 5L, `14` = 5L, `15` = 3L, `16` = 2L, `17` = 2L, `18` = 1L, 
    `19` = 1L, `20` = 1L), .Dim = 20L, .Dimnames = structure(list(
        c("1", "2", "3", "4", "5", "6", "7", "8", "9", "10", 
        "11", "12", "13", "14", "15", "16", "17", "18", "19", 
        "20")), .Names = ""), class = "table"), No.Tag = structure(c(0L, 
    0L, 54L, 0L, 2L, 0L, 0L, 21L, 1L, 0L, 0L, 0L, 2L, 0L, 0L), .Dim = c(5L, 
    3L), .Dimnames = structure(list(c("-2", "-1", "0", "1", NA
    ), c("C", "T", NA)), .Names = c("", "")), class = "table"), 
        All.Tags = list(Concordant = list(Freqs = structure(c(0, 
        3, 207, 0, 0, 2, 289, 1), .Dim = c(4L, 2L), .Dimnames = list(
            c("-2", "-1", "0", "1"), c("C", "T"))), N = 502), 
            Majority = list(Freqs = structure(c(0, 4, 265, 0, 
            0, 2, 352, 2), .Dim = c(4L, 2L), .Dimnames = list(
                c("-2", "-1", "0", "1"), c("C", "T"))), N = 625)), 
        `2` = structure(c(0, 1, 226, 0, 0, 1, 289, 1), .Dim = c(4L, 
        2L), .Dimnames = list(c("-2", "-1", "0", "1"), c("C", 
        "T"))))))
