Results <-
list(`bwaOutput/20210421msiMNRsJenny/E1294670_S43.sam` = list(
    LR44_SNP1 = list(All = list(Freqs = structure(c(0L, 0L, 0L, 
    2L, 0L, 0L, 0L, 1L, 6L, 142L, 2221L, 22L, 1L, 6L, 0L, 0L, 
    0L, 2L, 0L, 0L, 0L, 0L, 0L, 1L, 20L, 1L, 0L, 0L, 0L, 0L, 
    1L, 27L, 1L, 0L, 0L), .Dim = c(7L, 5L), .Dimnames = structure(list(
        c("-3", "-2", "-1", "0", "1", "2", NA), c("A", "C", "G", 
        "T", NA)), .Names = c("", "")), class = "table"), N = 2454L), 
        Tag.Distribution = structure(c(`1` = 121L, `2` = 105L, 
        `3` = 97L, `4` = 77L, `5` = 55L, `6` = 47L, `7` = 40L, 
        `8` = 33L, `9` = 20L, `10` = 4L, `11` = 4L, `12` = 3L, 
        `13` = 1L, `14` = 2L, `16` = 2L), .Dim = 15L, .Dimnames = structure(list(
            c("1", "2", "3", "4", "5", "6", "7", "8", "9", "10", 
            "11", "12", "13", "14", "16")), .Names = ""), class = "table"), 
        No.Tag = structure(c(0L, 0L, 0L, 0L, 0L, 0L, 0L, 0L, 
        0L, 1L, 49L, 0L, 0L, 0L, 0L, 0L, 0L, 0L, 0L, 0L, 0L, 
        0L, 0L, 0L, 0L, 0L, 0L, 0L, 0L, 0L, 0L, 0L, 0L, 0L, 0L
        ), .Dim = c(7L, 5L), .Dimnames = structure(list(c("-3", 
        "-2", "-1", "0", "1", "2", NA), c("A", "C", "G", "T", 
        NA)), .Names = c("", "")), class = "table"), All.Tags = list(
            Concordant = list(Freqs = structure(c(0, 0, 0, 1, 
            0, 0, 0, 2, 11, 455, 2, 0, 0, 0, 0, 1, 0, 0, 0, 0, 
            0, 5, 0, 0), .Dim = c(6L, 4L), .Dimnames = list(c("-3", 
            "-2", "-1", "0", "1", "2"), c("A", "C", "G", "T"))), 
                N = 477), Majority = list(Freqs = structure(c(0, 
            0, 0, 1, 0, 0, 0, 2, 15, 569, 3, 0, 0, 0, 0, 1, 0, 
            0, 0, 0, 0, 6, 0, 0), .Dim = c(6L, 4L), .Dimnames = list(
                c("-3", "-2", "-1", "0", "1", "2"), c("A", "C", 
                "G", "T"))), N = 597)), `2` = structure(c(0, 
        0, 0, 1, 0, 0, 0, 0, 5, 465, 1, 0, 0, 0, 0, 1, 0, 0, 
        0, 0, 0, 5, 0, 0), .Dim = c(6L, 4L), .Dimnames = list(
            c("-3", "-2", "-1", "0", "1", "2"), c("A", "C", "G", 
            "T"))))))
