Results <-
list(`bwaOutput/20210421msiMNRsJenny/E1294670_S43.sam` = list(
    GM07_SNP1 = list(All = list(Freqs = structure(c(0L, 0L, 1L, 
    0L, 0L, 0L, 1L, 82L, 1220L, 43L, 2L, 7L, 0L, 59L, 1082L, 
    39L, 1L, 10L, 0L, 1L, 14L, 0L, 0L, 0L), .Dim = c(6L, 4L), .Dimnames = structure(list(
        c("-2", "-1", "0", "1", "2", NA), c("-", "A", "G", NA
        )), .Names = c("", "")), class = "table"), N = 2562L), 
        Tag.Distribution = structure(c(`1` = 143L, `2` = 122L, 
        `3` = 107L, `4` = 95L, `5` = 70L, `6` = 51L, `7` = 35L, 
        `8` = 19L, `9` = 14L, `10` = 8L, `11` = 1L, `12` = 4L, 
        `13` = 3L, `14` = 1L, `15` = 2L), .Dim = 15L, .Dimnames = structure(list(
            c("1", "2", "3", "4", "5", "6", "7", "8", "9", "10", 
            "11", "12", "13", "14", "15")), .Names = ""), class = "table"), 
        No.Tag = structure(c(0L, 0L, 0L, 0L, 0L, 0L, 0L, 2L, 
        22L, 3L, 0L, 0L, 0L, 2L, 40L, 2L, 0L, 1L, 0L, 0L, 1L, 
        0L, 0L, 0L), .Dim = c(6L, 4L), .Dimnames = structure(list(
            c("-2", "-1", "0", "1", "2", NA), c("-", "A", "G", 
            NA)), .Names = c("", "")), class = "table"), All.Tags = list(
            Concordant = list(Freqs = structure(c(0, 0, 0, 0, 
            0, 0, 6, 235, 2, 0, 0, 5, 240, 4, 0), .Dim = c(5L, 
            3L), .Dimnames = list(c("-2", "-1", "0", "1", "2"
            ), c("-", "A", "G"))), N = 492), Majority = list(
                Freqs = structure(c(0, 0, 0, 0, 0, 0, 8, 325, 
                2, 0, 0, 6, 303, 4, 0), .Dim = c(5L, 3L), .Dimnames = list(
                  c("-2", "-1", "0", "1", "2"), c("-", "A", "G"
                  ))), N = 648)), `2` = structure(c(0, 0, 0, 
        0, 0, 0, 4, 258, 0, 0, 0, 1, 243, 0, 0), .Dim = c(5L, 
        3L), .Dimnames = list(c("-2", "-1", "0", "1", "2"), c("-", 
        "A", "G"))))))
