Results <-
list(`bwaOutput/20210421msiMNRsJenny/E1294670_S43.sam` = list(
    LR52_SNP1 = list(All = list(Freqs = structure(c(13L, 167L, 
    1408L, 17L, 7L, 9L, 103L, 1220L, 20L, 4L, 1L, 4L, 65L, 1L, 
    0L), .Dim = c(5L, 3L), .Dimnames = structure(list(c("-2", 
    "-1", "0", "1", NA), c("C", "T", NA)), .Names = c("", "")), class = "table"), 
        N = 3039L), Tag.Distribution = structure(c(`1` = 113L, 
    `2` = 104L, `3` = 93L, `4` = 82L, `5` = 74L, `6` = 55L, `7` = 36L, 
    `8` = 30L, `9` = 11L, `10` = 15L, `11` = 11L, `12` = 9L, 
    `13` = 6L, `14` = 4L, `15` = 6L, `16` = 2L, `17` = 2L, `18` = 1L, 
    `19` = 1L, `20` = 1L, `22` = 1L), .Dim = 21L, .Dimnames = structure(list(
        c("1", "2", "3", "4", "5", "6", "7", "8", "9", "10", 
        "11", "12", "13", "14", "15", "16", "17", "18", "19", 
        "20", "22")), .Names = ""), class = "table"), No.Tag = structure(c(0L, 
    1L, 40L, 1L, 0L, 1L, 3L, 23L, 1L, 0L, 0L, 0L, 2L, 0L, 0L), .Dim = c(5L, 
    3L), .Dimnames = structure(list(c("-2", "-1", "0", "1", NA
    ), c("C", "T", NA)), .Names = c("", "")), class = "table"), 
        All.Tags = list(Concordant = list(Freqs = structure(c(0, 
        9, 195, 0, 1, 9, 201, 0), .Dim = c(4L, 2L), .Dimnames = list(
            c("-2", "-1", "0", "1"), c("C", "T"))), N = 415), 
            Majority = list(Freqs = structure(c(0, 14, 304, 0, 
            1, 9, 295, 0), .Dim = c(4L, 2L), .Dimnames = list(
                c("-2", "-1", "0", "1"), c("C", "T"))), N = 623)), 
        `2` = structure(c(0, 7, 260, 0, 0, 1, 247, 0), .Dim = c(4L, 
        2L), .Dimnames = list(c("-2", "-1", "0", "1"), c("C", 
        "T"))))))
