Results <-
list(`bwaOutput/20210421msiMNRsJenny/E1294670_S43.sam` = list(
    LR11_SNP1 = list(All = list(Freqs = structure(c(1L, 3L, 33L, 
    1662L, 11L, 3L, 0L, 1L, 27L, 1207L, 7L, 4L, 0L, 0L, 1L, 27L, 
    0L, 0L), .Dim = c(6L, 3L), .Dimnames = structure(list(c("-3", 
    "-2", "-1", "0", "1", NA), c("A", "C", NA)), .Names = c("", 
    "")), class = "table"), N = 2987L), Tag.Distribution = structure(c(`1` = 179L, 
    `2` = 161L, `3` = 111L, `4` = 85L, `5` = 83L, `6` = 62L, 
    `7` = 37L, `8` = 25L, `9` = 11L, `10` = 15L, `11` = 10L, 
    `12` = 4L, `13` = 2L, `14` = 1L, `15` = 2L, `16` = 2L, `18` = 1L
    ), .Dim = 17L, .Dimnames = structure(list(c("1", "2", "3", 
    "4", "5", "6", "7", "8", "9", "10", "11", "12", "13", "14", 
    "15", "16", "18")), .Names = ""), class = "table"), No.Tag = structure(c(0L, 
    0L, 1L, 13L, 0L, 0L, 0L, 0L, 1L, 25L, 0L, 0L, 0L, 0L, 0L, 
    0L, 0L, 0L), .Dim = c(6L, 3L), .Dimnames = structure(list(
        c("-3", "-2", "-1", "0", "1", NA), c("A", "C", NA)), .Names = c("", 
    "")), class = "table"), All.Tags = list(Concordant = list(
        Freqs = structure(c(1, 1, 0, 382, 1, 0, 0, 2, 292, 0), .Dim = c(5L, 
        2L), .Dimnames = list(c("-3", "-2", "-1", "0", "1"), 
            c("A", "C"))), N = 679), Majority = list(Freqs = structure(c(1, 
    1, 1, 432, 2, 0, 0, 2, 333, 0), .Dim = c(5L, 2L), .Dimnames = list(
        c("-3", "-2", "-1", "0", "1"), c("A", "C"))), N = 772)), 
        `2` = structure(c(0, 0, 1, 347, 1, 0, 0, 2, 246, 0), .Dim = c(5L, 
        2L), .Dimnames = list(c("-3", "-2", "-1", "0", "1"), 
            c("A", "C"))))))
