Results <-
list(`bwaOutput/20210421msiMNRsJenny/E1294670_S43.sam` = list(
    GM17_SNP1 = list(All = list(Freqs = structure(c(0L, 0L, 1L, 
    0L, 1L, 14L, 1753L, 3L, 0L, 0L, 1L, 0L, 0L, 11L, 1725L, 7L, 
    0L, 1L, 11L, 0L), .Dim = 4:5, .Dimnames = structure(list(
        c("-2", "-1", "0", "1"), c("A", "C", "G", "T", NA)), .Names = c("", 
    "")), class = "table"), N = 3528L), Tag.Distribution = structure(c(`1` = 167L, 
    `2` = 124L, `3` = 111L, `4` = 111L, `5` = 86L, `6` = 60L, 
    `7` = 55L, `8` = 20L, `9` = 29L, `10` = 12L, `11` = 16L, 
    `12` = 8L, `13` = 9L, `14` = 3L, `15` = 2L, `16` = 1L, `17` = 3L, 
    `18` = 1L, `23` = 1L), .Dim = 19L, .Dimnames = structure(list(
        c("1", "2", "3", "4", "5", "6", "7", "8", "9", "10", 
        "11", "12", "13", "14", "15", "16", "17", "18", "23")), .Names = ""), class = "table"), 
        No.Tag = structure(c(0L, 0L, 0L, 0L, 0L, 0L, 1L, 25L, 
        0L, 0L, 0L, 0L, 0L, 0L, 0L, 0L, 0L, 23L, 0L, 0L, 0L, 
        0L, 2L, 0L, 0L), .Dim = c(5L, 5L), .Dimnames = structure(list(
            c("-2", "-1", "0", "1", NA), c("A", "C", "G", "T", 
            NA)), .Names = c("", "")), class = "table"), All.Tags = list(
            Concordant = list(Freqs = structure(c(0, 0, 0, 0, 
            0, 0, 361, 0, 0, 0, 0, 0, 0, 1, 366, 0), .Dim = c(4L, 
            4L), .Dimnames = list(c("-2", "-1", "0", "1"), c("A", 
            "C", "G", "T"))), N = 728), Majority = list(Freqs = structure(c(0, 
            0, 0, 0, 0, 0, 402, 0, 0, 0, 0, 0, 0, 1, 404, 0), .Dim = c(4L, 
            4L), .Dimnames = list(c("-2", "-1", "0", "1"), c("A", 
            "C", "G", "T"))), N = 807)), `2` = structure(c(0, 
        0, 0, 0, 0, 0, 311, 0, 0, 0, 0, 0, 0, 1, 328, 0), .Dim = c(4L, 
        4L), .Dimnames = list(c("-2", "-1", "0", "1"), c("A", 
        "C", "G", "T"))))))
