Result <-
list(DEPDC2_SNP1 = structure(c(0, 0, 0, 1, 1141, 23), dim = 3:2, dimnames = list(
    c("-1", "0", "1"), c("C", "T"))), GM01_SNP1 = structure(c(1, 
1476, 0, 0, 0, 0), dim = 3:2, dimnames = list(c("-1", "0", "1"
), c("A", "G"))), GM07_SNP1 = structure(c(0, 4, 342, 1, 0, 0, 
10, 318, 2, 0, 0, 0, 0, 0, 0), dim = c(5L, 3L), dimnames = list(
    c("-2", "-1", "0", "1", "2"), c("A", "G", "T"))), GM09_SNP1 = structure(c(3, 
33, 0, 3, 35, 0), dim = 3:2, dimnames = list(c("-1", "0", "1"
), c("A", "G"))), GM11_SNP1 = structure(c(1, 605, 0, 0, 0, 0, 
2, 620, 2), dim = c(3L, 3L), dimnames = list(c("-1", "0", "1"
), c("A", "C", "G"))), GM14_SNP1 = structure(c(0, 1, 6, 884, 
3, 0, 0, 0, 0, 0), dim = c(5L, 2L), dimnames = list(c("-3", "-2", 
"-1", "0", "1"), c("C", "T"))), GM17_SNP1 = structure(c(0, 541, 
0, 0, 544, 0), dim = 3:2, dimnames = list(c("-1", "0", "1"), 
    c("C", "T"))), GM22_SNP1 = structure(c(0, 0, 617, 0, 0, 0, 
533, 0), dim = c(4L, 2L), dimnames = list(c("-2", "-1", "0", 
"1"), c("A", "G"))), GM26_SNP1 = structure(c(0, 0, 1025, 0), dim = c(4L, 
1L), dimnames = list(c("-2", "-1", "0", "1"), "A")), GM29_SNP1 = structure(c(2, 
423, 0, 1, 426, 0), dim = 3:2, dimnames = list(c("-1", "0", "1"
), c("A", "G"))), IM16_SNP1 = structure(c(4, 501, 0, 0, 1, 500, 
1, 0), dim = c(4L, 2L), dimnames = list(c("-1", "0", "1", "2"
), c("A", "G"))), IM49_SNP1 = structure(c(0, 4, 376, 0, 0, 6, 
298, 0), dim = c(4L, 2L), dimnames = list(c("-2", "-1", "0", 
"1"), c("C", "G"))), LR10_SNP1 = structure(c(0, 0, 0, 0, 0, 4, 
577, 0, 0, 0, 0, 0, 0, 0, 559, 0), dim = c(4L, 4L), dimnames = list(
    c("-2", "-1", "0", "1"), c("A", "C", "G", "T"))), LR11_SNP1 = structure(c(0, 
2, 626, 0, 0, 0, 2, 519, 0, 0, 0, 0, 0, 0, 0), dim = c(5L, 3L
), dimnames = list(c("-2", "-1", "0", "1", "2"), c("A", "C", 
"G"))), LR17_SNP1 = structure(c(0, 9, 1144, 2, 0, 0, 0, 0, 0, 
0), dim = c(5L, 2L), dimnames = list(c("-2", "-1", "0", "1", 
"2"), c("A", "G"))), LR20_SNP1 = structure(c(0, 0, 0, 0, 1108, 
1, 0, 0, 0), dim = c(3L, 3L), dimnames = list(c("-1", "0", "1"
), c("-", "A", "G"))), LR24_SNP1 = structure(c(0, 0, 1053, 0, 
0, 0, 0, 0), dim = c(4L, 2L), dimnames = list(c("-2", "-1", "0", 
"1"), c("A", "G"))), LR36_SNP1 = structure(c(0, 0, 0, 0, 0, 0, 
0, 1, 249, 1, 0, 1, 2, 218, 0), dim = c(5L, 3L), dimnames = list(
    c("-3", "-2", "-1", "0", "1"), c("-", "A", "T"))), LR40_SNP1 = structure(c(0, 
337, 1, 0, 344, 0), dim = 3:2, dimnames = list(c("-1", "0", "1"
), c("A", "C"))), LR44_SNP1 = structure(c(0, 0, 0, 0, 0, 0, 31, 
1177, 2, 0), dim = c(5L, 2L), dimnames = list(c("-2", "-1", "0", 
"1", "2"), c("C", "T"))), LR46_SNP1 = structure(c(0, 0, 0, 0, 
1, 669, 0, 0), dim = c(4L, 2L), dimnames = list(c("-1", "0", 
"1", "2"), c("G", "T"))), LR48_SNP1 = structure(c(0, 0, 0, 0, 
0, 8, 909, 0, 0, 0, 0, 0), dim = 4:3, dimnames = list(c("-2", 
"-1", "0", "1"), c("A", "C", "T"))), LR49_SNP1 = structure(c(4, 
655), dim = 2:1, dimnames = list(c("-1", "0"), "G")), LR52_SNP1 = structure(c(0, 
0, 0, 0, 0, 0, 0, 10, 408, 2, 0, 1, 14, 414, 0), dim = c(5L, 
3L), dimnames = list(c("-3", "-2", "-1", "0", "1"), c("-", "C", 
"T"))))
