Result <-
list(DEPDC2_SNP1 = structure(c(0, 0, 0, 0, 0, 0, 0, 0, 0, 0, 
0, 0, 1, 676, 0, 0), dim = c(4L, 4L), dimnames = list(c("-1", 
"0", "1", "2"), c("A", "C", "G", "T"))), GM01_SNP1 = structure(c(0, 
0, 0, 0, 0, 1, 360, 0, 0, 1, 361, 0), dim = 4:3, dimnames = list(
    c("-2", "-1", "0", "1"), c("-", "A", "G"))), GM07_SNP1 = structure(c(0, 
0, 6, 477, 4, 0, 0, 0, 0, 0, 0, 0), dim = c(6L, 2L), dimnames = list(
    c("-3", "-2", "-1", "0", "1", "2"), c("A", "G"))), GM09_SNP1 = structure(c(0, 
0, 0, 0, 308, 0, 0, 285, 0, 0, 0, 0), dim = 3:4, dimnames = list(
    c("-1", "0", "1"), c("-", "A", "G", "T"))), GM11_SNP1 = structure(c(0, 
582, 0, 0, 0, 0), dim = 3:2, dimnames = list(c("-1", "0", "1"
), c("A", "G"))), GM14_SNP1 = structure(c(0, 1, 318, 0, 0, 0, 
0, 0), dim = c(4L, 2L), dimnames = list(c("-2", "-1", "0", "1"
), c("C", "T"))), GM17_SNP1 = structure(c(0, 0, 0, 0, 465, 0), dim = 3:2, dimnames = list(
    c("-1", "0", "1"), c("C", "T"))), GM22_SNP1 = structure(c(0, 
0, 578, 0, 0, 0, 0, 0), dim = c(4L, 2L), dimnames = list(c("-2", 
"-1", "0", "1"), c("A", "G"))), GM26_SNP1 = structure(c(1, 432, 
0, 0, 0, 0, 0, 0), dim = c(4L, 2L), dimnames = list(c("-1", "0", 
"1", "2"), c("A", "G"))), GM29_SNP1 = structure(c(0, 0, 217, 
0, 0, 0, 1, 208, 0, 0), dim = c(5L, 2L), dimnames = list(c("-2", 
"-1", "0", "1", "2"), c("A", "G"))), IM16_SNP1 = structure(c(0, 
0, 261, 0, 0, 0, 268, 0, 0, 0, 0, 0), dim = 4:3, dimnames = list(
    c("-2", "-1", "0", "1"), c("A", "G", "T"))), IM49_SNP1 = structure(c(0, 
5, 557, 2, 0, 0, 0, 0, 0, 0, 0, 0, 0, 0, 0), dim = c(5L, 3L), dimnames = list(
    c("-2", "-1", "0", "1", "2"), c("C", "G", "T"))), LR10_SNP1 = structure(c(2, 
260, 0, 0, 219, 0), dim = 3:2, dimnames = list(c("-1", "0", "1"
), c("C", "T"))), LR11_SNP1 = structure(c(0, 0, 1, 0, 0, 0, 1, 
472, 1, 0, 0, 0, 0, 0, 0), dim = c(5L, 3L), dimnames = list(c("-2", 
"-1", "0", "1", "2"), c("A", "C", "T"))), LR17_SNP1 = structure(c(0, 
0, 1, 344, 0, 0, 0, 0, 0, 0), dim = c(5L, 2L), dimnames = list(
    c("-3", "-2", "-1", "0", "1"), c("A", "G"))), LR20_SNP1 = structure(c(0, 
0, 0, 0, 590, 0, 0, 0, 0), dim = c(3L, 3L), dimnames = list(c("-1", 
"0", "1"), c("-", "A", "G"))), LR24_SNP1 = structure(c(1, 337, 
0, 0, 345, 0), dim = 3:2, dimnames = list(c("-1", "0", "1"), 
    c("A", "G"))), LR36_SNP1 = structure(c(0, 0, 1, 196, 0, 0, 
0, 0, 1, 167, 0, 0), dim = c(6L, 2L), dimnames = list(c("-3", 
"-2", "-1", "0", "1", "2"), c("A", "T"))), LR40_SNP1 = structure(c(2, 
559, 0, 0, 0, 0, 0, 0, 0), dim = c(3L, 3L), dimnames = list(c("-1", 
"0", "1"), c("A", "C", "T"))), LR44_SNP1 = structure(c(0, 0, 
6, 602, 0, 0, 0, 0, 0, 0), dim = c(5L, 2L), dimnames = list(c("-3", 
"-2", "-1", "0", "1"), c("C", "T"))), LR46_SNP1 = structure(c(0, 
0, 0, 0, 149, 0, 0, 193, 0), dim = c(3L, 3L), dimnames = list(
    c("-1", "0", "1"), c("A", "G", "T"))), LR48_SNP1 = structure(c(0, 
0, 404, 1, 0, 0, 0, 0, 0, 0), dim = c(5L, 2L), dimnames = list(
    c("-2", "-1", "0", "1", "2"), c("C", "T"))), LR49_SNP1 = structure(c(0, 
161, 0, 0, 178, 0, 0, 0, 0), dim = c(3L, 3L), dimnames = list(
    c("-1", "0", "1"), c("A", "G", "T"))), LR52_SNP1 = structure(c(0, 
0, 0, 0, 0, 0, 0, 0, 0, 0, 0, 0, 9, 446, 1), dim = c(5L, 3L), dimnames = list(
    c("-3", "-2", "-1", "0", "1"), c("A", "C", "T"))))
