Result <-
list(DEPDC2_SNP1 = structure(c(0, 213, 1, 1, 203, 0), dim = 3:2, dimnames = list(
    c("-1", "0", "1"), c("C", "T"))), GM01_SNP1 = structure(c(0, 
4, 420, 1, 0, 0, 0, 0, 0, 0), dim = c(5L, 2L), dimnames = list(
    c("-2", "-1", "0", "1", "2"), c("A", "G"))), GM07_SNP1 = structure(c(0, 
0, 1, 136, 0, 0, 0, 0, 3, 135, 3, 0), dim = c(6L, 2L), dimnames = list(
    c("-3", "-2", "-1", "0", "1", "2"), c("A", "G"))), GM09_SNP1 = structure(c(2, 
158, 0, 0, 155, 0), dim = 3:2, dimnames = list(c("-1", "0", "1"
), c("A", "G"))), GM11_SNP1 = structure(c(0, 0, 0, 0, 350, 0, 
0, 0, 0), dim = c(3L, 3L), dimnames = list(c("-1", "0", "1"), 
    c("-", "A", "G"))), GM14_SNP1 = structure(c(0, 1, 98, 0, 
0, 0, 1, 93, 0, 0), dim = c(5L, 2L), dimnames = list(c("-2", 
"-1", "0", "1", "2"), c("C", "T"))), GM17_SNP1 = structure(c(0, 
0, 137, 0, 0, 0, 131, 0), dim = c(4L, 2L), dimnames = list(c("-2", 
"-1", "0", "1"), c("C", "T"))), GM22_SNP1 = structure(c(0, 1, 
305, 1, 0, 0, 0, 0), dim = c(4L, 2L), dimnames = list(c("-2", 
"-1", "0", "1"), c("A", "G"))), GM26_SNP1 = structure(c(0, 1, 
130, 0, 0, 0, 1, 116, 0, 0), dim = c(5L, 2L), dimnames = list(
    c("-2", "-1", "0", "1", "2"), c("A", "G"))), GM29_SNP1 = structure(c(0, 
0, 254, 0, 0, 0, 0, 0, 0, 0), dim = c(5L, 2L), dimnames = list(
    c("-2", "-1", "0", "1", "2"), c("A", "G"))), IM16_SNP1 = structure(c(0, 
0, 0, 0, 0, 0, 2, 324, 2, 0), dim = c(5L, 2L), dimnames = list(
    c("-2", "-1", "0", "1", "2"), c("A", "G"))), IM49_SNP1 = structure(c(0, 
0, 0, 0, 0, 0, 1, 354, 1, 0, 0, 0, 0, 0, 0), dim = c(5L, 3L), dimnames = list(
    c("-2", "-1", "0", "1", "2"), c("A", "C", "G"))), LR10_SNP1 = structure(c(1, 
238, 0, 0, 0, 0, 0, 0, 0), dim = c(3L, 3L), dimnames = list(c("-1", 
"0", "1"), c("C", "G", "T"))), LR11_SNP1 = structure(c(0, 2, 
120, 0, 0, 0, 136, 0, 0, 0, 0, 0, 0, 0, 0, 0), dim = c(4L, 4L
), dimnames = list(c("-2", "-1", "0", "1"), c("A", "C", "G", 
"T"))), LR17_SNP1 = structure(c(0, 0, 74, 0), dim = c(4L, 1L), dimnames = list(
    c("-2", "-1", "0", "1"), "A")), LR20_SNP1 = structure(c(0, 
0, 0, 0, 0, 0, 312, 0), dim = c(4L, 2L), dimnames = list(c("-2", 
"-1", "0", "1"), c("A", "G"))), LR24_SNP1 = structure(c(0, 142, 
0, 0, 142, 0), dim = 3:2, dimnames = list(c("-1", "0", "1"), 
    c("A", "G"))), LR36_SNP1 = structure(c(0, 0, 0, 0, 0, 0, 
108, 0, 0, 0, 0, 0, 0, 0, 107, 0), dim = c(4L, 4L), dimnames = list(
    c("-4", "-1", "0", "1"), c("-", "A", "G", "T"))), LR40_SNP1 = structure(c(0, 
0, 179, 0, 0, 0, 170, 0, 0, 0, 0, 0, 0, 0, 0, 0), dim = c(4L, 
4L), dimnames = list(c("-2", "-1", "0", "1"), c("A", "C", "G", 
"T"))), LR44_SNP1 = structure(c(0, 0, 2, 170, 2, 0, 0, 0, 2, 
167, 1, 0), dim = c(6L, 2L), dimnames = list(c("-3", "-2", "-1", 
"0", "1", "2"), c("C", "T"))), LR46_SNP1 = structure(c(1, 74, 
0, 0, 75, 0), dim = 3:2, dimnames = list(c("-1", "0", "1"), c("G", 
"T"))), LR48_SNP1 = structure(c(0, 1, 223, 0, 0, 0, 0, 0, 0, 
0), dim = c(5L, 2L), dimnames = list(c("-2", "-1", "0", "1", 
"2"), c("C", "T"))), LR49_SNP1 = structure(c(1, 97, 0, 0, 0, 
0), dim = 3:2, dimnames = list(c("-1", "0", "1"), c("A", "G"))), 
    LR52_SNP1 = structure(c(0, 0, 0, 0, 0, 0, 0, 0, 0, 0, 5, 
    124, 1, 0, 0, 0, 1, 3, 122, 1, 0), dim = c(7L, 3L), dimnames = list(
        c("-4", "-3", "-2", "-1", "0", "1", "2"), c("A", "C", 
        "T"))))
