Result <-
list(DEPDC2_SNP1 = structure(c(0, 0, 0, 0, 1, 300, 0, 0, 1, 263, 
0, 0), dim = 4:3, dimnames = list(c("-1", "0", "1", "2"), c("A", 
"C", "T"))), GM01_SNP1 = structure(c(0, 301, 0, 1, 305, 0), dim = 3:2, dimnames = list(
    c("-1", "0", "1"), c("A", "G"))), GM07_SNP1 = structure(c(0, 
1, 370, 2, 0, 0, 0, 0, 0, 0), dim = c(5L, 2L), dimnames = list(
    c("-2", "-1", "0", "1", "2"), c("A", "G"))), GM09_SNP1 = structure(c(0, 
0, 0, 0, 45, 1, 0, 0, 0), dim = c(3L, 3L), dimnames = list(c("-1", 
"0", "1"), c("A", "G", "T"))), GM11_SNP1 = structure(c(1, 471, 
0, 0, 0, 0), dim = 3:2, dimnames = list(c("-1", "0", "1"), c("A", 
"G"))), GM14_SNP1 = structure(c(0, 0, 137, 0, 0, 1, 155, 0), dim = c(4L, 
2L), dimnames = list(c("-2", "-1", "0", "1"), c("C", "T"))), 
    GM17_SNP1 = structure(c(0, 0, 204, 0, 0, 0, 0, 222, 0, 0), dim = c(5L, 
    2L), dimnames = list(c("-2", "-1", "0", "1", "2"), c("C", 
    "T"))), GM22_SNP1 = structure(c(0, 1, 240, 0, 0, 1, 220, 
    0), dim = c(4L, 2L), dimnames = list(c("-2", "-1", "0", "1"
    ), c("A", "G"))), GM26_SNP1 = structure(c(0, 380, 0, 0, 0, 
    0, 0, 1, 0), dim = c(3L, 3L), dimnames = list(c("-1", "0", 
    "1"), c("A", "G", "T"))), GM29_SNP1 = structure(c(1, 184, 
    0, 0, 179, 0), dim = 3:2, dimnames = list(c("-1", "0", "1"
    ), c("A", "G"))), IM16_SNP1 = structure(c(0, 0, 458, 1, 0, 
    0, 0, 0, 0, 0, 0, 0), dim = 4:3, dimnames = list(c("-2", 
    "-1", "0", "1"), c("A", "G", "T"))), IM49_SNP1 = structure(c(0, 
    1, 443, 2, 0, 0, 0, 0, 0, 0), dim = c(5L, 2L), dimnames = list(
        c("-2", "-1", "0", "1", "2"), c("C", "G"))), LR10_SNP1 = structure(c(0, 
    0, 0, 0, 0, 3, 404, 0, 0, 0, 0, 0), dim = 4:3, dimnames = list(
        c("-2", "-1", "0", "1"), c("A", "C", "T"))), LR11_SNP1 = structure(c(0, 
    0, 238, 0, 0, 0, 0, 196, 0, 0), dim = c(5L, 2L), dimnames = list(
        c("-2", "-1", "0", "1", "2"), c("A", "C"))), LR17_SNP1 = structure(c(3, 
    273, 0, 0, 0, 0), dim = 3:2, dimnames = list(c("-1", "0", 
    "1"), c("A", "G"))), LR20_SNP1 = structure(c(0, 0, 0, 0, 
    462, 0, 0, 0, 0), dim = c(3L, 3L), dimnames = list(c("-1", 
    "0", "1"), c("-", "A", "G"))), LR24_SNP1 = structure(c(0, 
    0, 279, 0, 0, 0, 297, 0), dim = c(4L, 2L), dimnames = list(
        c("-2", "-1", "0", "1"), c("A", "G"))), LR36_SNP1 = structure(c(0, 
    0, 0, 0, 0, 0, 0, 0, 0, 2, 320, 0), dim = 4:3, dimnames = list(
        c("-2", "-1", "0", "1"), c("A", "G", "T"))), LR40_SNP1 = structure(c(0, 
    1, 242, 0, 0, 0, 218, 0), dim = c(4L, 2L), dimnames = list(
        c("-2", "-1", "0", "1"), c("A", "C"))), LR44_SNP1 = structure(c(0, 
    0, 0, 0, 0, 0, 2, 254, 0, 0, 0, 0, 0, 0, 0, 0, 2, 242, 2, 
    0), dim = 5:4, dimnames = list(c("-2", "-1", "0", "1", "2"
    ), c("A", "C", "G", "T"))), LR46_SNP1 = structure(c(0, 318, 
    0, 0, 0, 0), dim = 3:2, dimnames = list(c("-1", "0", "1"), 
        c("G", "T"))), LR48_SNP1 = structure(c(0, 2, 299, 2, 
    0), dim = c(5L, 1L), dimnames = list(c("-2", "-1", "0", "1", 
    "2"), "C")), LR49_SNP1 = structure(c(0, 0, 0, 316), dim = c(2L, 
    2L), dimnames = list(c("-1", "0"), c("A", "G"))), LR52_SNP1 = structure(c(0, 
    0, 4, 180, 0, 0, 0, 0, 1, 163, 0, 0), dim = c(6L, 2L), dimnames = list(
        c("-3", "-2", "-1", "0", "1", "2"), c("C", "T"))))
