Result <-
list(DEPDC2_SNP1 = structure(c(1, 176, 0, 0, 216, 0), dim = 3:2, dimnames = list(
    c("-1", "0", "1"), c("C", "T"))), GM01_SNP1 = structure(c(0, 
0, 0, 0, 432, 0, 0, 0, 0, 0, 0, 0), dim = 3:4, dimnames = list(
    c("-1", "0", "1"), c("-", "A", "G", "T"))), GM07_SNP1 = structure(c(0, 
0, 0, 0, 0, 0, 4, 245, 1, 0), dim = c(5L, 2L), dimnames = list(
    c("-2", "-1", "0", "1", "2"), c("A", "G"))), GM09_SNP1 = structure(c(0, 
13, 1, 3, 11, 0), dim = 3:2, dimnames = list(c("-1", "0", "1"
), c("A", "G"))), GM11_SNP1 = structure(c(0, 0, 393, 0, 0, 0, 
0, 0), dim = c(4L, 2L), dimnames = list(c("-2", "-1", "0", "1"
), c("A", "G"))), GM14_SNP1 = structure(c(0, 1, 170, 0, 0, 0, 
0, 0), dim = c(4L, 2L), dimnames = list(c("-2", "-1", "0", "1"
), c("C", "T"))), GM17_SNP1 = structure(c(0, 0, 0, 0, 0, 0, 270, 
1), dim = c(4L, 2L), dimnames = list(c("-2", "-1", "0", "1"), 
    c("C", "T"))), GM22_SNP1 = structure(c(0, 0, 0, 0, 0, 0, 
0, 0, 0, 0, 0, 0, 331, 0, 0, 0, 0, 0, 0, 0), dim = 5:4, dimnames = list(
    c("-2", "-1", "0", "1", "2"), c("A", "C", "G", "T"))), GM26_SNP1 = structure(c(0, 
0, 0, 0, 0, 0, 0, 0, 0, 0, 284, 0), dim = 4:3, dimnames = list(
    c("-2", "-1", "0", "1"), c("A", "C", "G"))), GM29_SNP1 = structure(c(0, 
0, 0, 0, 239, 0), dim = 3:2, dimnames = list(c("-1", "0", "1"
), c("A", "G"))), IM16_SNP1 = structure(c(0, 0, 1, 356, 1, 0, 
0, 0, 0, 0), dim = c(5L, 2L), dimnames = list(c("-5", "-2", "-1", 
"0", "1"), c("A", "G"))), IM49_SNP1 = structure(c(1, 102, 0, 
0, 121, 0), dim = 3:2, dimnames = list(c("-1", "0", "1"), c("C", 
"G"))), LR10_SNP1 = structure(c(2, 114, 0, 0, 0, 0, 1, 120, 0
), dim = c(3L, 3L), dimnames = list(c("-1", "0", "1"), c("C", 
"G", "T"))), LR11_SNP1 = structure(c(0, 0, 1, 0, 0, 0, 224, 0
), dim = c(4L, 2L), dimnames = list(c("-2", "-1", "0", "1"), 
    c("A", "C"))), LR17_SNP1 = structure(c(0, 0, 118, 0, 0, 0, 
0, 0), dim = c(4L, 2L), dimnames = list(c("-2", "-1", "0", "1"
), c("A", "G"))), LR20_SNP1 = structure(c(0, 168, 0, 0, 179, 
1), dim = 3:2, dimnames = list(c("-1", "0", "1"), c("A", "G"))), 
    LR24_SNP1 = structure(c(0, 0, 0, 0, 0, 0, 0, 431, 0, 0), dim = c(5L, 
    2L), dimnames = list(c("-2", "-1", "0", "1", "2"), c("A", 
    "G"))), LR36_SNP1 = structure(c(0, 0, 0, 0, 0, 0, 0, 0, 0, 
    0, 0, 122, 0, 0, 0, 0, 0, 0, 98, 0, 0), dim = c(7L, 3L), dimnames = list(
        c("-4", "-3", "-2", "-1", "0", "1", "2"), c("-", "A", 
        "T"))), LR40_SNP1 = structure(c(1, 355, 0, 0, 0, 0, 0, 
    0, 0), dim = c(3L, 3L), dimnames = list(c("-1", "0", "1"), 
        c("C", "G", "T"))), LR44_SNP1 = structure(c(0, 0, 2, 
    385, 0, 0, 0, 0, 0, 0, 0, 0), dim = c(6L, 2L), dimnames = list(
        c("-3", "-2", "-1", "0", "1", "2"), c("C", "T"))), LR46_SNP1 = structure(c(0, 
    0, 0, 0, 0, 0, 190, 0), dim = c(4L, 2L), dimnames = list(
        c("-2", "-1", "0", "1"), c("G", "T"))), LR48_SNP1 = structure(c(0, 
    0, 0, 0, 0, 1, 238, 0, 0, 0, 0, 0, 0, 0, 0, 0), dim = c(4L, 
    4L), dimnames = list(c("-2", "-1", "0", "1"), c("A", "C", 
    "G", "T"))), LR49_SNP1 = structure(c(0, 152, 0, 0, 156, 0, 
    0, 0, 0), dim = c(3L, 3L), dimnames = list(c("-1", "0", "1"
    ), c("A", "G", "T"))), LR52_SNP1 = structure(c(0, 0, 6, 219, 
    0, 0, 0, 0, 0, 0), dim = c(5L, 2L), dimnames = list(c("-4", 
    "-2", "-1", "0", "1"), c("C", "T"))))
