Result <-
list(DEPDC2_SNP1 = structure(c(0, 0, 0, 0, 577, 0, 0, 0, 0), dim = c(3L, 
3L), dimnames = list(c("-1", "0", "1"), c("A", "C", "T"))), GM01_SNP1 = structure(c(0, 
355, 0, 0, 321, 0, 0, 0, 0), dim = c(3L, 3L), dimnames = list(
    c("-1", "0", "1"), c("A", "G", "T"))), GM07_SNP1 = structure(c(0, 
1, 195, 1, 0, 0, 1, 196, 0, 0), dim = c(5L, 2L), dimnames = list(
    c("-2", "-1", "0", "1", "2"), c("A", "G"))), GM09_SNP1 = structure(c(0, 
618, 0, 0, 0, 0), dim = 3:2, dimnames = list(c("-1", "0", "1"
), c("A", "G"))), GM11_SNP1 = structure(c(0, 279, 1, 0, 261, 
0), dim = 3:2, dimnames = list(c("-1", "0", "1"), c("A", "G"))), 
    GM14_SNP1 = structure(c(0, 0, 314, 0, 0, 0, 0, 0, 0, 0), dim = c(5L, 
    2L), dimnames = list(c("-2", "-1", "0", "1", "2"), c("C", 
    "T"))), GM17_SNP1 = structure(c(0, 0, 0, 0, 0, 0, 0, 455, 
    0, 0, 0, 0, 0, 0, 0), dim = c(5L, 3L), dimnames = list(c("-2", 
    "-1", "0", "1", "2"), c("A", "C", "T"))), GM22_SNP1 = structure(c(0, 
    1, 502, 0, 0, 0, 0, 0), dim = c(4L, 2L), dimnames = list(
        c("-2", "-1", "0", "1"), c("A", "G"))), GM26_SNP1 = structure(c(0, 
    0, 0, 433, 0, 0, 0, 0, 0, 0), dim = c(5L, 2L), dimnames = list(
        c("-3", "-2", "-1", "0", "1"), c("A", "G"))), GM29_SNP1 = structure(c(0, 
    0, 0, 0, 0, 0, 407, 0, 0, 0, 0, 0), dim = 4:3, dimnames = list(
        c("-2", "-1", "0", "1"), c("-", "A", "G"))), IM16_SNP1 = structure(c(0, 
    0, 0, 0, 0, 0, 0, 0, 1, 467, 0, 0), dim = 4:3, dimnames = list(
        c("-1", "0", "1", "2"), c("A", "C", "G"))), IM49_SNP1 = structure(c(0, 
    4, 234, 0, 0, 0, 3, 217, 0, 0, 0, 0, 0, 0, 0), dim = c(5L, 
    3L), dimnames = list(c("-2", "-1", "0", "1", "2"), c("C", 
    "G", "T"))), LR10_SNP1 = structure(c(0, 214, 0, 0, 0, 0, 
    0, 206, 0), dim = c(3L, 3L), dimnames = list(c("-1", "0", 
    "1"), c("C", "G", "T"))), LR11_SNP1 = structure(c(0, 0, 275, 
    0, 0, 0, 0, 235, 0, 0), dim = c(5L, 2L), dimnames = list(
        c("-2", "-1", "0", "1", "2"), c("A", "C"))), LR17_SNP1 = structure(c(0, 
    0, 1, 315, 1, 0, 0, 0, 0, 0, 0, 0), dim = c(6L, 2L), dimnames = list(
        c("-3", "-2", "-1", "0", "1", "2"), c("A", "G"))), LR20_SNP1 = structure(c(0, 
    567, 0, 0, 0, 0), dim = 3:2, dimnames = list(c("-1", "0", 
    "1"), c("A", "G"))), LR24_SNP1 = structure(c(0, 0, 0, 0, 
    0, 0, 0, 0, 0, 0, 655, 0, 0, 0, 0, 0), dim = c(4L, 4L), dimnames = list(
        c("-2", "-1", "0", "1"), c("-", "A", "G", "T"))), LR36_SNP1 = structure(c(0, 
    0, 0, 0, 176, 0, 0, 0, 0, 0, 0, 0, 0, 0, 0, 0, 168, 0), dim = c(6L, 
    3L), dimnames = list(c("-4", "-3", "-2", "-1", "0", "1"), 
        c("A", "C", "T"))), LR40_SNP1 = structure(c(1, 285, 0, 
    1, 259, 0), dim = 3:2, dimnames = list(c("-1", "0", "1"), 
        c("A", "C"))), LR44_SNP1 = structure(c(0, 0, 0, 295, 
    0, 0, 0, 0, 2, 300, 0, 0), dim = c(6L, 2L), dimnames = list(
        c("-3", "-2", "-1", "0", "1", "2"), c("C", "T"))), LR46_SNP1 = structure(c(0, 
    341, 0, 0, 0, 0), dim = 3:2, dimnames = list(c("-1", "0", 
    "1"), c("G", "T"))), LR48_SNP1 = structure(c(0, 0, 196, 1, 
    0, 0, 0, 168, 0, 0), dim = c(5L, 2L), dimnames = list(c("-2", 
    "-1", "0", "1", "2"), c("C", "T"))), LR49_SNP1 = structure(c(0, 
    0, 0, 360), dim = c(2L, 2L), dimnames = list(c("-1", "0"), 
        c("A", "G"))), LR52_SNP1 = structure(c(0, 0, 7, 191, 
    0, 0, 0, 1, 3, 204, 0, 0), dim = c(6L, 2L), dimnames = list(
        c("-3", "-2", "-1", "0", "1", "2"), c("C", "T"))))
