Result <-
list(DEPDC2_SNP1 = structure(c(0, 0, 766, 0, 0, 0, 0, 0), dim = c(4L, 
2L), dimnames = list(c("-2", "-1", "0", "1"), c("C", "T"))), 
    GM01_SNP1 = structure(c(0, 0, 0, 0, 0, 0, 530, 0, 0, 0, 551, 
    0), dim = 4:3, dimnames = list(c("-2", "-1", "0", "1"), c("-", 
    "A", "G"))), GM07_SNP1 = structure(c(0, 0, 0, 0, 0, 0, 2, 
    257, 1, 0, 0, 0, 0, 0, 0, 0, 1, 263, 2, 0), dim = 5:4, dimnames = list(
        c("-2", "-1", "0", "1", "2"), c("-", "A", "C", "G"))), 
    GM09_SNP1 = structure(c(0, 1032, 0, 0, 0, 0), dim = 3:2, dimnames = list(
        c("-1", "0", "1"), c("A", "G"))), GM11_SNP1 = structure(c(0, 
    0, 810, 0, 0, 0, 0, 0), dim = c(4L, 2L), dimnames = list(
        c("-2", "-1", "0", "1"), c("A", "G"))), GM14_SNP1 = structure(c(0, 
    1, 547, 0, 0, 0, 0, 0), dim = c(4L, 2L), dimnames = list(
        c("-2", "-1", "0", "1"), c("C", "T"))), GM17_SNP1 = structure(c(0, 
    0, 0, 0, 381, 1, 0, 422, 0), dim = c(3L, 3L), dimnames = list(
        c("-1", "0", "1"), c("A", "C", "T"))), GM22_SNP1 = structure(c(1, 
    868, 0), dim = c(3L, 1L), dimnames = list(c("-1", "0", "1"
    ), "A")), GM26_SNP1 = structure(c(0, 0, 415, 0, 0, 0, 0, 
    402, 0, 0), dim = c(5L, 2L), dimnames = list(c("-2", "-1", 
    "0", "1", "2"), c("A", "G"))), GM29_SNP1 = structure(c(0, 
    360, 0, 0, 297, 0), dim = 3:2, dimnames = list(c("-1", "0", 
    "1"), c("A", "G"))), IM16_SNP1 = structure(c(0, 1, 302, 0, 
    0, 0, 345, 0), dim = c(4L, 2L), dimnames = list(c("-2", "-1", 
    "0", "1"), c("A", "G"))), IM49_SNP1 = structure(c(0, 0, 0, 
    0, 0, 0, 1, 284, 0, 0, 0, 1, 263, 0, 0), dim = c(5L, 3L), dimnames = list(
        c("-2", "-1", "0", "1", "2"), c("A", "C", "G"))), LR10_SNP1 = structure(c(0, 
    1, 873, 1, 0, 0, 0, 0), dim = c(4L, 2L), dimnames = list(
        c("-2", "-1", "0", "1"), c("C", "T"))), LR11_SNP1 = structure(c(0, 
    0, 0, 0, 0, 2, 439, 0, 0, 0, 349, 0), dim = 4:3, dimnames = list(
        c("-2", "-1", "0", "1"), c("-", "A", "C"))), LR17_SNP1 = structure(c(0, 
    0, 1, 693, 0, 0, 0, 0, 0, 0), dim = c(5L, 2L), dimnames = list(
        c("-3", "-2", "-1", "0", "1"), c("A", "G"))), LR20_SNP1 = structure(c(0, 
    405, 0, 0, 401, 0), dim = 3:2, dimnames = list(c("-1", "0", 
    "1"), c("A", "G"))), LR24_SNP1 = structure(c(1, 411, 0, 0, 
    436, 0), dim = 3:2, dimnames = list(c("-1", "0", "1"), c("A", 
    "G"))), LR36_SNP1 = structure(c(0, 1, 153, 0, 0, 0, 160, 
    0), dim = c(4L, 2L), dimnames = list(c("-2", "-1", "0", "1"
    ), c("A", "T"))), LR40_SNP1 = structure(c(0, 234, 0, 0, 238, 
    0), dim = 3:2, dimnames = list(c("-1", "0", "1"), c("A", 
    "C"))), LR44_SNP1 = structure(c(0, 0, 0, 0, 0, 0, 0, 0, 2, 
    454, 0, 0, 0, 0, 10, 471, 0, 0), dim = c(6L, 3L), dimnames = list(
        c("-3", "-2", "-1", "0", "1", "2"), c("A", "C", "T"))), 
    LR46_SNP1 = structure(c(0, 266, 0, 0, 267, 0), dim = 3:2, dimnames = list(
        c("-1", "0", "1"), c("G", "T"))), LR48_SNP1 = structure(c(0, 
    0, 260, 0, 0, 0, 281, 0), dim = c(4L, 2L), dimnames = list(
        c("-2", "-1", "0", "1"), c("C", "T"))), LR49_SNP1 = structure(c(0, 
    0, 0, 0, 0, 0, 0, 563, 0), dim = c(3L, 3L), dimnames = list(
        c("-1", "0", "1"), c("A", "C", "G"))), LR52_SNP1 = structure(c(0, 
    0, 13, 634, 0, 0, 0, 0, 0, 0), dim = c(5L, 2L), dimnames = list(
        c("-3", "-2", "-1", "0", "1"), c("C", "T"))))
