Result <-
list(DEPDC2_SNP1 = structure(c(0, 0, 0, 0, 0, 0, 592, 2, 0, 0, 
0, 0), dim = 4:3, dimnames = list(c("-2", "-1", "0", "1"), c("A", 
"C", "T"))), GM01_SNP1 = structure(c(0, 0, 617, 1, 0, 0, 0, 0
), dim = c(4L, 2L), dimnames = list(c("-2", "-1", "0", "1"), 
    c("A", "G"))), GM07_SNP1 = structure(c(0, 0, 0, 0, 0, 0, 
0, 0, 0, 19, 404, 2, 0, 0, 0, 0, 0, 0, 0, 0, 0, 0, 0, 0, 0, 0, 
0, 0), dim = c(7L, 4L), dimnames = list(c("-3", "-2", "-1", "0", 
"1", "2", "3"), c("-", "A", "C", "G"))), GM09_SNP1 = structure(c(0, 
0, 0, 0, 509, 0), dim = 3:2, dimnames = list(c("-1", "0", "1"
), c("A", "G"))), GM11_SNP1 = structure(c(0, 1, 232, 0, 0, 0, 
249, 0), dim = c(4L, 2L), dimnames = list(c("-2", "-1", "0", 
"1"), c("A", "G"))), GM14_SNP1 = structure(c(0, 3, 269, 1, 0, 
0, 0, 0), dim = c(4L, 2L), dimnames = list(c("-2", "-1", "0", 
"1"), c("C", "T"))), GM17_SNP1 = structure(c(0, 0, 0, 0, 0, 0, 
0, 2, 456, 1, 0, 0, 0, 0, 0), dim = c(5L, 3L), dimnames = list(
    c("-3", "-2", "-1", "0", "1"), c("A", "C", "T"))), GM22_SNP1 = structure(c(0, 
1, 493, 0, 0, 0, 0, 0), dim = c(4L, 2L), dimnames = list(c("-2", 
"-1", "0", "1"), c("A", "G"))), GM26_SNP1 = structure(c(0, 0, 
387, 0, 0, 0, 0, 0, 0, 0), dim = c(5L, 2L), dimnames = list(c("-2", 
"-1", "0", "1", "2"), c("A", "G"))), GM29_SNP1 = structure(c(0, 
0, 199, 0, 0, 5, 177, 0), dim = c(4L, 2L), dimnames = list(c("-2", 
"-1", "0", "1"), c("A", "G"))), IM16_SNP1 = structure(c(0, 0, 
0, 0, 2, 479, 1, 0), dim = c(4L, 2L), dimnames = list(c("-1", 
"0", "1", "3"), c("A", "G"))), IM49_SNP1 = structure(c(0, 5, 
300, 0, 0, 0, 0, 7, 235, 1, 0, 0), dim = c(6L, 2L), dimnames = list(
    c("-2", "-1", "0", "1", "2", "4"), c("C", "G"))), LR10_SNP1 = structure(c(0, 
0, 2, 0, 0, 4, 377, 0, 0, 0, 0, 0), dim = 4:3, dimnames = list(
    c("-2", "-1", "0", "1"), c("A", "C", "T"))), LR11_SNP1 = structure(c(0, 
0, 0, 0, 0, 2, 323, 0), dim = c(4L, 2L), dimnames = list(c("-2", 
"-1", "0", "1"), c("A", "C"))), LR17_SNP1 = structure(c(0, 0, 
6, 273, 0, 0, 0, 0, 0, 0), dim = c(5L, 2L), dimnames = list(c("-3", 
"-2", "-1", "0", "1"), c("A", "G"))), LR20_SNP1 = structure(c(0, 
0, 499, 0, 0, 0, 0, 0), dim = c(4L, 2L), dimnames = list(c("-2", 
"-1", "0", "1"), c("A", "G"))), LR24_SNP1 = structure(c(3, 376, 
0, 0, 0, 0, 0, 0, 0), dim = c(3L, 3L), dimnames = list(c("-1", 
"0", "1"), c("A", "G", "T"))), LR36_SNP1 = structure(c(0, 0, 
147, 0, 0, 1, 165, 0), dim = c(4L, 2L), dimnames = list(c("-2", 
"-1", "0", "1"), c("A", "T"))), LR40_SNP1 = structure(c(0, 0, 
0, 0, 0, 2, 490, 0, 0, 0, 0, 0), dim = 4:3, dimnames = list(c("-2", 
"-1", "0", "1"), c("A", "C", "T"))), LR44_SNP1 = structure(c(0, 
0, 0, 13, 288, 1, 0, 0, 0, 1, 12, 269, 2, 0), dim = c(7L, 2L), dimnames = list(
    c("-4", "-3", "-2", "-1", "0", "1", "2"), c("C", "T"))), 
    LR46_SNP1 = structure(c(0, 0, 0, 0, 107, 0, 0, 113, 0), dim = c(3L, 
    3L), dimnames = list(c("-1", "0", "1"), c("A", "G", "T"))), 
    LR48_SNP1 = structure(c(0, 0, 0, 0, 0, 0, 8, 348, 0, 0), dim = c(5L, 
    2L), dimnames = list(c("-2", "-1", "0", "1", "2"), c("A", 
    "C"))), LR49_SNP1 = structure(c(0, 98, 0, 0, 95, 0), dim = 3:2, dimnames = list(
        c("-1", "0", "1"), c("A", "G"))), LR52_SNP1 = structure(c(0, 
    0, 0, 0, 0, 0, 0, 7, 142, 0, 0, 0, 3, 183, 2), dim = c(5L, 
    3L), dimnames = list(c("-3", "-2", "-1", "0", "1"), c("A", 
    "C", "T"))))
