Result <-
list(DEPDC2_SNP1 = structure(c(0, 0, 0, 0, 0, 0, 159, 0, 0, 0, 
203, 0), dim = 4:3, dimnames = list(c("-2", "-1", "0", "1"), 
    c("A", "C", "T"))), GM01_SNP1 = structure(c(0, 0, 215, 0, 
0, 0, 0, 0, 0, 1, 199, 0), dim = 4:3, dimnames = list(c("-2", 
"-1", "0", "1"), c("A", "C", "G"))), GM07_SNP1 = structure(c(0, 
0, 0, 0, 0, 0, 0, 255, 0, 0), dim = c(5L, 2L), dimnames = list(
    c("-2", "-1", "0", "1", "2"), c("A", "G"))), GM09_SNP1 = structure(c(0, 
0, 0, 0, 0, 2, 302, 0), dim = c(4L, 2L), dimnames = list(c("-2", 
"-1", "0", "1"), c("A", "G"))), GM11_SNP1 = structure(c(0, 0, 
197, 0, 0, 0, 176, 0), dim = c(4L, 2L), dimnames = list(c("-3", 
"-1", "0", "1"), c("A", "G"))), GM14_SNP1 = structure(c(0, 1, 
81, 0, 0, 0, 93, 0), dim = c(4L, 2L), dimnames = list(c("-2", 
"-1", "0", "1"), c("C", "T"))), GM17_SNP1 = structure(c(0, 2, 
148, 0, 0, 0, 1, 134, 0, 0), dim = c(5L, 2L), dimnames = list(
    c("-2", "-1", "0", "1", "2"), c("C", "T"))), GM22_SNP1 = structure(c(0, 
0, 304, 0, 0, 0, 0, 0), dim = c(4L, 2L), dimnames = list(c("-2", 
"-1", "0", "1"), c("A", "G"))), GM26_SNP1 = structure(c(0, 0, 
218, 0, 0, 0, 0, 0, 0, 0, 0, 0), dim = 4:3, dimnames = list(c("-2", 
"-1", "0", "1"), c("A", "G", "T"))), GM29_SNP1 = structure(c(0, 
0, 0, 209, 0, 0, 0, 0, 0, 0), dim = c(5L, 2L), dimnames = list(
    c("-3", "-2", "-1", "0", "1"), c("A", "G"))), IM16_SNP1 = structure(c(0, 
152, 1, 0, 1, 172, 0, 0, 0, 0, 0, 0), dim = 4:3, dimnames = list(
    c("-1", "0", "1", "2"), c("A", "G", "T"))), IM49_SNP1 = structure(c(0, 
1, 253, 0, 0, 0, 0, 0, 0, 0, 0, 0), dim = 4:3, dimnames = list(
    c("-2", "-1", "0", "1"), c("C", "G", "T"))), LR10_SNP1 = structure(c(0, 
0, 0, 1, 252, 0), dim = 3:2, dimnames = list(c("-1", "0", "1"
), c("C", "T"))), LR11_SNP1 = structure(c(0, 0, 0, 0, 0, 0, 1, 
158, 0, 0, 0, 0, 115, 0, 0, 0, 0, 0, 0, 0, 0, 0, 0, 0, 0), dim = c(5L, 
5L), dimnames = list(c("-2", "-1", "0", "1", "3"), c("-", "A", 
"C", "G", "T"))), LR17_SNP1 = structure(c(0, 1, 82, 0, 0, 0, 
0, 0, 0, 0), dim = c(5L, 2L), dimnames = list(c("-2", "-1", "0", 
"1", "2"), c("A", "G"))), LR20_SNP1 = structure(c(0, 0, 0, 0, 
298, 0, 0, 0, 0), dim = c(3L, 3L), dimnames = list(c("-1", "0", 
"1"), c("A", "G", "T"))), LR24_SNP1 = structure(c(0, 183, 0, 
0, 171, 0), dim = 3:2, dimnames = list(c("-1", "0", "1"), c("A", 
"G"))), LR36_SNP1 = structure(c(0, 0, 0, 106, 0, 0, 0, 0, 0, 
102, 0, 0), dim = c(6L, 2L), dimnames = list(c("-3", "-2", "-1", 
"0", "1", "2"), c("A", "T"))), LR40_SNP1 = structure(c(0, 0, 
270, 0, 0, 0, 0, 0), dim = c(4L, 2L), dimnames = list(c("-2", 
"-1", "0", "1"), c("C", "G"))), LR44_SNP1 = structure(c(0, 0, 
0, 0, 0, 0, 0, 6, 366, 0), dim = c(5L, 2L), dimnames = list(c("-3", 
"-2", "-1", "0", "1"), c("C", "T"))), LR46_SNP1 = structure(c(0, 
195, 0, 0, 0, 0), dim = 3:2, dimnames = list(c("-1", "0", "1"
), c("G", "T"))), LR48_SNP1 = structure(c(0, 0, 108, 0, 0, 0, 
0, 113, 0, 0), dim = c(5L, 2L), dimnames = list(c("-2", "-1", 
"0", "1", "2"), c("C", "T"))), LR49_SNP1 = structure(c(0, 215, 
0, 0, 0, 0), dim = 3:2, dimnames = list(c("-1", "0", "1"), c("A", 
"G"))))
