Result <-
list(DEPDC2_SNP1 = structure(c(0, 338, 0, 0, 323, 0), dim = 3:2, dimnames = list(
    c("-1", "0", "1"), c("C", "T"))), GM01_SNP1 = structure(c(0, 
0, 0, 0, 370, 0, 0, 365, 0), dim = c(3L, 3L), dimnames = list(
    c("-1", "0", "1"), c("-", "A", "G"))), GM07_SNP1 = structure(c(0, 
1, 221, 0, 0, 0, 3, 202, 1, 0), dim = c(5L, 2L), dimnames = list(
    c("-2", "-1", "0", "1", "2"), c("A", "G"))), GM09_SNP1 = structure(c(1, 
22, 0, 0, 25, 0), dim = 3:2, dimnames = list(c("-1", "0", "1"
), c("A", "G"))), GM11_SNP1 = structure(c(0, 292, 0, 0, 285, 
0), dim = 3:2, dimnames = list(c("-1", "0", "1"), c("A", "G"))), 
    GM14_SNP1 = structure(c(0, 2, 356, 0, 0, 0, 0, 0), dim = c(4L, 
    2L), dimnames = list(c("-2", "-1", "0", "1"), c("C", "T"))), 
    GM17_SNP1 = structure(c(0, 0, 485, 0, 0, 0, 0, 0), dim = c(4L, 
    2L), dimnames = list(c("-2", "-1", "0", "1"), c("C", "T"))), 
    GM22_SNP1 = structure(c(0, 0, 563, 0, 0, 0, 0, 0, 0, 0, 0, 
    0), dim = 4:3, dimnames = list(c("-2", "-1", "0", "1"), c("A", 
    "G", "T"))), GM26_SNP1 = structure(c(0, 0, 233, 0, 0, 0, 
    223, 0), dim = c(4L, 2L), dimnames = list(c("-2", "-1", "0", 
    "1"), c("A", "G"))), GM29_SNP1 = structure(c(0, 0, 448, 0, 
    0, 0, 0, 0, 0, 0, 0, 0, 0, 0, 0), dim = c(5L, 3L), dimnames = list(
        c("-2", "-1", "0", "1", "2"), c("A", "G", "T"))), IM16_SNP1 = structure(c(0, 
    272, 0, 0, 270, 0), dim = 3:2, dimnames = list(c("-1", "0", 
    "1"), c("A", "G"))), IM49_SNP1 = structure(c(0, 0, 0, 0, 
    0, 0, 0, 0, 0, 1, 430, 0), dim = 4:3, dimnames = list(c("-2", 
    "-1", "0", "1"), c("-", "C", "G"))), LR10_SNP1 = structure(c(0, 
    193, 1, 0, 247, 0), dim = 3:2, dimnames = list(c("-1", "0", 
    "1"), c("C", "T"))), LR11_SNP1 = structure(c(0, 0, 269, 0, 
    0, 0, 236, 0, 0, 0, 0, 0), dim = 4:3, dimnames = list(c("-2", 
    "-1", "0", "1"), c("A", "C", "T"))), LR17_SNP1 = structure(c(1, 
    3, 351, 0), dim = c(4L, 1L), dimnames = list(c("-2", "-1", 
    "0", "1"), "A")), LR20_SNP1 = structure(c(0, 0, 0, 0, 554, 
    0), dim = 3:2, dimnames = list(c("-1", "0", "1"), c("A", 
    "G"))), LR24_SNP1 = structure(c(0, 0, 0, 0, 0, 0, 392, 1, 
    0, 0, 368, 0), dim = 4:3, dimnames = list(c("-2", "-1", "0", 
    "1"), c("-", "A", "G"))), LR36_SNP1 = structure(c(0, 0, 0, 
    0, 0, 0, 0, 0, 0, 0, 0, 0, 0, 346, 0), dim = c(5L, 3L), dimnames = list(
        c("-3", "-2", "-1", "0", "1"), c("A", "G", "T"))), LR40_SNP1 = structure(c(0, 
    278, 0, 0, 305, 0), dim = 3:2, dimnames = list(c("-1", "0", 
    "1"), c("A", "C"))), LR44_SNP1 = structure(c(0, 0, 0, 0, 
    0, 0, 0, 10, 615, 1), dim = c(5L, 2L), dimnames = list(c("-3", 
    "-2", "-1", "0", "1"), c("C", "T"))), LR46_SNP1 = structure(c(0, 
    208, 0, 0, 196, 0), dim = 3:2, dimnames = list(c("-1", "0", 
    "1"), c("G", "T"))), LR48_SNP1 = structure(c(0, 0, 1, 369, 
    1, 0, 0, 0, 0, 0, 0, 0), dim = c(6L, 2L), dimnames = list(
        c("-3", "-2", "-1", "0", "1", "2"), c("C", "T"))), LR49_SNP1 = structure(c(0, 
    219, 0, 234), dim = c(2L, 2L), dimnames = list(c("-1", "0"
    ), c("A", "G"))), LR52_SNP1 = structure(c(0, 0, 0, 0, 0, 
    0, 0, 0, 9, 411, 0, 0), dim = c(6L, 2L), dimnames = list(
        c("-3", "-2", "-1", "0", "1", "2"), c("C", "T"))))
