Results <-
list(`bwa.out//20220204//Control29_S22.sam` = list(LR17_SNP1 = list(
    All = list(Freqs = structure(c(2L, 97L, 2769L, 38L, 21L, 
    0L, 0L, 1L, 0L, 0L, 0L, 0L, 72L, 0L, 0L), .Dim = c(5L, 3L
    ), .Dimnames = structure(list(c("-2", "-1", "0", "1", NA), 
        c("A", "G", NA)), .Names = c("", "")), class = "table"), 
        N = 3000L), Tag.Distribution = structure(c(`1` = 105L, 
    `2` = 51L, `3` = 35L, `4` = 33L, `5` = 35L, `6` = 26L, `7` = 25L, 
    `8` = 13L, `9` = 19L, `10` = 14L, `11` = 8L, `12` = 10L, 
    `13` = 13L, `14` = 9L, `15` = 7L, `16` = 5L, `17` = 2L, `18` = 5L, 
    `19` = 3L, `20` = 3L, `21` = 4L, `22` = 4L, `23` = 2L, `24` = 1L, 
    `25` = 1L, `26` = 2L, `27` = 2L, `28` = 1L, `29` = 3L, `30` = 1L, 
    `44` = 1L), .Dim = 31L, .Dimnames = list(TagUsage = c("1", 
    "2", "3", "4", "5", "6", "7", "8", "9", "10", "11", "12", 
    "13", "14", "15", "16", "17", "18", "19", "20", "21", "22", 
    "23", "24", "25", "26", "27", "28", "29", "30", "44")), class = "table"), 
    No.Tag = structure(c(0L, 4L, 130L, 1L, 1L, 0L, 0L, 0L, 0L, 
    0L, 0L, 0L, 8L, 0L, 0L), .Dim = c(5L, 3L), .Dimnames = structure(list(
        c("-2", "-1", "0", "1", NA), c("A", "G", NA)), .Names = c("", 
    "")), class = "table"), All.Tags = list(Concordant = list(
        Freqs = structure(c(0, 3, 339, 2, 0, 0, 0, 0), .Dim = c(4L, 
        2L), .Dimnames = list(c("-2", "-1", "0", "1"), c("A", 
        "G"))), N = 344), Majority = list(Freqs = structure(c(0, 
    3, 428, 2, 0, 0, 0, 0), .Dim = c(4L, 2L), .Dimnames = list(
        c("-2", "-1", "0", "1"), c("A", "G"))), N = 433)), `2` = structure(c(0, 
    0, 333, 0, 0, 0, 0, 0), .Dim = c(4L, 2L), .Dimnames = list(
        c("-2", "-1", "0", "1"), c("A", "G"))))))
