Results <-
list(`bwa.out//20220204//BlindCMMRD123_S49.sam` = list(GM01_SNP1 = list(
    All = list(Freqs = structure(c(0L, 0L, 1L, 0L, 0L, 1L, 53L, 
    2984L, 9L, 12L, 0L, 46L, 3258L, 12L, 23L, 0L, 0L, 49L, 0L, 
    0L), .Dim = 5:4, .Dimnames = structure(list(c("-2", "-1", 
    "0", "1", NA), c("-", "A", "G", NA)), .Names = c("", "")), class = "table"), 
        N = 6448L), Tag.Distribution = structure(c(`1` = 285L, 
    `2` = 247L, `3` = 186L, `4` = 157L, `5` = 128L, `6` = 89L, 
    `7` = 72L, `8` = 50L, `9` = 37L, `10` = 44L, `11` = 28L, 
    `12` = 23L, `13` = 7L, `14` = 13L, `15` = 11L, `16` = 5L, 
    `17` = 5L, `18` = 4L, `20` = 2L, `21` = 1L, `22` = 3L, `23` = 1L, 
    `24` = 1L, `25` = 3L, `26` = 1L), .Dim = 25L, .Dimnames = list(
        TagUsage = c("1", "2", "3", "4", "5", "6", "7", "8", 
        "9", "10", "11", "12", "13", "14", "15", "16", "17", 
        "18", "20", "21", "22", "23", "24", "25", "26")), class = "table"), 
    No.Tag = structure(c(0L, 0L, 0L, 0L, 0L, 0L, 1L, 31L, 0L, 
    1L, 0L, 3L, 60L, 0L, 1L, 0L, 0L, 1L, 0L, 0L), .Dim = 5:4, .Dimnames = structure(list(
        c("-2", "-1", "0", "1", NA), c("-", "A", "G", NA)), .Names = c("", 
    "")), class = "table"), All.Tags = list(Concordant = list(
        Freqs = structure(c(0, 0, 0, 0, 0, 2, 544, 1, 0, 3, 571, 
        0), .Dim = 4:3, .Dimnames = list(c("-2", "-1", "0", "1"
        ), c("-", "A", "G"))), N = 1121), Majority = list(Freqs = structure(c(0, 
    0, 0, 0, 0, 2, 662, 1, 0, 3, 694, 0), .Dim = 4:3, .Dimnames = list(
        c("-2", "-1", "0", "1"), c("-", "A", "G"))), N = 1362)), 
    `2` = structure(c(0, 0, 0, 0, 0, 0, 530, 0, 0, 0, 551, 0), .Dim = 4:3, .Dimnames = list(
        c("-2", "-1", "0", "1"), c("-", "A", "G"))))))
