Results <-
list(`bwa.out//20220204//BlindCMMRD62_S21.sam` = list(LR40_SNP1 = list(
    All = list(Freqs = structure(c(0L, 1L, 0L, 0L, 36L, 4735L, 
    6L, 7L, 0L, 16L, 0L, 0L), .Dim = 4:3, .Dimnames = structure(list(
        c("-1", "0", "1", NA), c("A", "C", NA)), .Names = c("", 
    "")), class = "table"), N = 4801L), Tag.Distribution = structure(c(`1` = 117L, 
    `2` = 71L, `3` = 64L, `4` = 56L, `5` = 61L, `6` = 46L, `7` = 35L, 
    `8` = 25L, `9` = 24L, `10` = 19L, `11` = 22L, `12` = 21L, 
    `13` = 16L, `14` = 17L, `15` = 4L, `16` = 8L, `17` = 11L, 
    `18` = 10L, `19` = 7L, `20` = 10L, `21` = 1L, `22` = 2L, 
    `23` = 5L, `24` = 2L, `25` = 3L, `26` = 6L, `27` = 4L, `32` = 2L, 
    `37` = 1L, `39` = 1L), .Dim = 30L, .Dimnames = list(TagUsage = c("1", 
    "2", "3", "4", "5", "6", "7", "8", "9", "10", "11", "12", 
    "13", "14", "15", "16", "17", "18", "19", "20", "21", "22", 
    "23", "24", "25", "26", "27", "32", "37", "39")), class = "table"), 
    No.Tag = structure(c(0L, 0L, 0L, 0L, 4L, 153L, 0L, 0L, 0L, 
    2L, 0L, 0L), .Dim = 4:3, .Dimnames = structure(list(c("-1", 
    "0", "1", NA), c("A", "C", NA)), .Names = c("", "")), class = "table"), 
    All.Tags = list(Concordant = list(Freqs = structure(c(0, 
    0, 0, 1, 643, 0), .Dim = 3:2, .Dimnames = list(c("-1", "0", 
    "1"), c("A", "C"))), N = 644), Majority = list(Freqs = structure(c(0, 
    0, 0, 1, 670, 0), .Dim = 3:2, .Dimnames = list(c("-1", "0", 
    "1"), c("A", "C"))), N = 671)), `2` = structure(c(0, 0, 0, 
    0, 554, 0), .Dim = 3:2, .Dimnames = list(c("-1", "0", "1"
    ), c("A", "C"))))))
