Results <-
list(`bwa.out//20220204//BlindCMMRD108_S10.sam` = list(GM01_SNP1 = list(
    All = list(Freqs = structure(c(0L, 4L, 0L, 0L, 28L, 2140L, 
    3L, 4L, 1L, 32L, 0L, 0L), .Dim = 4:3, .Dimnames = structure(list(
        c("-1", "0", "1", NA), c("A", "G", NA)), .Names = c("", 
    "")), class = "table"), N = 2212L), Tag.Distribution = structure(c(`1` = 60L, 
    `2` = 31L, `3` = 20L, `4` = 20L, `5` = 17L, `6` = 14L, `7` = 14L, 
    `8` = 14L, `9` = 7L, `10` = 9L, `11` = 13L, `12` = 10L, `13` = 8L, 
    `14` = 7L, `15` = 4L, `16` = 6L, `17` = 5L, `18` = 6L, `19` = 4L, 
    `20` = 4L, `21` = 3L, `22` = 2L, `23` = 4L, `25` = 2L, `27` = 1L, 
    `28` = 1L, `29` = 1L, `30` = 1L, `31` = 1L), .Dim = 29L, .Dimnames = list(
        TagUsage = c("1", "2", "3", "4", "5", "6", "7", "8", 
        "9", "10", "11", "12", "13", "14", "15", "16", "17", 
        "18", "19", "20", "21", "22", "23", "25", "27", "28", 
        "29", "30", "31")), class = "table"), No.Tag = structure(c(0L, 
    1L, 0L, 0L, 1L, 49L, 0L, 0L, 0L, 3L, 0L, 0L), .Dim = 4:3, .Dimnames = structure(list(
        c("-1", "0", "1", NA), c("A", "G", NA)), .Names = c("", 
    "")), class = "table"), All.Tags = list(Concordant = list(
        Freqs = structure(c(0, 3, 0, 2, 253, 1), .Dim = 3:2, .Dimnames = list(
            c("-1", "0", "1"), c("A", "G"))), N = 259), Majority = list(
        Freqs = structure(c(0, 3, 0, 2, 279, 1), .Dim = 3:2, .Dimnames = list(
            c("-1", "0", "1"), c("A", "G"))), N = 285)), `2` = structure(c(0, 
    0, 0, 0, 228, 0), .Dim = 3:2, .Dimnames = list(c("-1", "0", 
    "1"), c("A", "G"))))))
