Results <-
list(`bwa.out//20220204//Control20_S13.sam` = list(IM49_SNP1 = list(
    All = list(Freqs = structure(c(4L, 100L, 2547L, 46L, 1L, 
    29L, 0L, 0L, 3L, 0L, 0L, 0L, 0L, 4L, 129L, 1L, 0L, 0L), .Dim = c(6L, 
    3L), .Dimnames = structure(list(c("-2", "-1", "0", "1", "2", 
    NA), c("C", "G", NA)), .Names = c("", "")), class = "table"), 
        N = 2864L), Tag.Distribution = structure(c(`1` = 232L, 
    `2` = 72L, `3` = 47L, `4` = 54L, `5` = 34L, `6` = 21L, `7` = 27L, 
    `8` = 21L, `9` = 20L, `10` = 15L, `11` = 14L, `12` = 12L, 
    `13` = 8L, `14` = 3L, `15` = 10L, `16` = 6L, `17` = 7L, `18` = 1L, 
    `19` = 4L, `20` = 1L, `21` = 1L, `23` = 1L, `26` = 2L, `27` = 1L, 
    `28` = 1L, `32` = 1L), .Dim = 26L, .Dimnames = list(TagUsage = c("1", 
    "2", "3", "4", "5", "6", "7", "8", "9", "10", "11", "12", 
    "13", "14", "15", "16", "17", "18", "19", "20", "21", "23", 
    "26", "27", "28", "32")), class = "table"), No.Tag = structure(c(0L, 
    1L, 37L, 0L, 0L, 1L, 0L, 0L, 0L, 0L, 0L, 0L, 0L, 0L, 3L, 
    0L, 0L, 0L), .Dim = c(6L, 3L), .Dimnames = structure(list(
        c("-2", "-1", "0", "1", "2", NA), c("C", "G", NA)), .Names = c("", 
    "")), class = "table"), All.Tags = list(Concordant = list(
        Freqs = structure(c(0, 10, 468, 3, 0, 0, 0, 2, 0, 0), .Dim = c(5L, 
        2L), .Dimnames = list(c("-2", "-1", "0", "1", "2"), c("C", 
        "G"))), N = 483), Majority = list(Freqs = structure(c(0, 
    13, 538, 4, 0, 0, 0, 2, 0, 0), .Dim = c(5L, 2L), .Dimnames = list(
        c("-2", "-1", "0", "1", "2"), c("C", "G"))), N = 557)), 
    `2` = structure(c(0, 7, 369, 1, 0, 0, 0, 0, 0, 0), .Dim = c(5L, 
    2L), .Dimnames = list(c("-2", "-1", "0", "1", "2"), c("C", 
    "G"))))))
