Results <-
list(`bwa.out//20220204//16D2889_S4.sam` = list(GM11_SNP1 = list(
    All = list(Freqs = structure(c(1L, 28L, 3627L, 12L, 1L, 0L, 
    0L, 3L, 0L, 0L, 0L, 0L, 1L, 0L, 0L, 0L, 0L, 29L, 0L, 0L), .Dim = 5:4, .Dimnames = structure(list(
        c("-2", "-1", "0", "1", NA), c("A", "G", "T", NA)), .Names = c("", 
    "")), class = "table"), N = 3702L), Tag.Distribution = structure(c(`1` = 197L, 
    `2` = 124L, `3` = 89L, `4` = 68L, `5` = 56L, `6` = 44L, `7` = 27L, 
    `8` = 34L, `9` = 26L, `10` = 20L, `11` = 23L, `12` = 14L, 
    `13` = 11L, `14` = 4L, `15` = 6L, `16` = 4L, `17` = 2L, `18` = 6L, 
    `19` = 1L, `20` = 3L, `21` = 1L, `22` = 2L, `23` = 2L, `24` = 1L, 
    `32` = 2L, `34` = 1L), .Dim = 26L, .Dimnames = list(TagUsage = c("1", 
    "2", "3", "4", "5", "6", "7", "8", "9", "10", "11", "12", 
    "13", "14", "15", "16", "17", "18", "19", "20", "21", "22", 
    "23", "24", "32", "34")), class = "table"), No.Tag = structure(c(0L, 
    0L, 49L, 0L, 0L, 0L, 0L, 0L, 0L, 0L, 0L, 0L, 0L, 0L, 0L, 
    0L, 0L, 2L, 0L, 0L), .Dim = 5:4, .Dimnames = structure(list(
        c("-2", "-1", "0", "1", NA), c("A", "G", "T", NA)), .Names = c("", 
    "")), class = "table"), All.Tags = list(Concordant = list(
        Freqs = structure(c(0, 2, 734, 1, 0, 0, 2, 0, 0, 0, 0, 
        0), .Dim = 4:3, .Dimnames = list(c("-2", "-1", "0", "1"
        ), c("A", "G", "T"))), N = 739), Majority = list(Freqs = structure(c(0, 
    3, 756, 2, 0, 0, 2, 0, 0, 0, 0, 0), .Dim = 4:3, .Dimnames = list(
        c("-2", "-1", "0", "1"), c("A", "G", "T"))), N = 763)), 
    `2` = structure(c(0, 2, 563, 1, 0, 0, 0, 0, 0, 0, 0, 0), .Dim = 4:3, .Dimnames = list(
        c("-2", "-1", "0", "1"), c("A", "G", "T"))))))
