Results <-
list(`bwa.out//20220204//BlindCMMRD85_S44.sam` = list(LR40_SNP1 = list(
    All = list(Freqs = structure(c(28L, 1939L, 15L, 1L, 16L, 
    1809L, 3L, 3L, 0L, 1L, 0L, 0L, 1L, 18L, 1L, 0L), .Dim = c(4L, 
    4L), .Dimnames = structure(list(c("-1", "0", "1", NA), c("A", 
    "C", "T", NA)), .Names = c("", "")), class = "table"), N = 3835L), 
    Tag.Distribution = structure(c(`1` = 137L, `2` = 83L, `3` = 69L, 
    `4` = 44L, `5` = 52L, `6` = 35L, `7` = 38L, `8` = 25L, `9` = 22L, 
    `10` = 20L, `11` = 18L, `12` = 9L, `13` = 8L, `14` = 10L, 
    `15` = 6L, `16` = 9L, `17` = 8L, `18` = 4L, `19` = 6L, `20` = 5L, 
    `21` = 3L, `22` = 2L, `23` = 2L, `24` = 1L, `25` = 1L, `27` = 3L, 
    `28` = 2L, `31` = 1L, `34` = 1L, `36` = 1L, `38` = 1L, `39` = 1L
    ), .Dim = 32L, .Dimnames = list(TagUsage = c("1", "2", "3", 
    "4", "5", "6", "7", "8", "9", "10", "11", "12", "13", "14", 
    "15", "16", "17", "18", "19", "20", "21", "22", "23", "24", 
    "25", "27", "28", "31", "34", "36", "38", "39")), class = "table"), 
    No.Tag = structure(c(2L, 44L, 0L, 0L, 0L, 45L, 0L, 1L, 0L, 
    0L, 0L, 0L, 0L, 0L, 0L, 0L), .Dim = c(4L, 4L), .Dimnames = structure(list(
        c("-1", "0", "1", NA), c("A", "C", "T", NA)), .Names = c("", 
    "")), class = "table"), All.Tags = list(Concordant = list(
        Freqs = structure(c(1, 257, 0, 1, 265, 0, 0, 0, 0), .Dim = c(3L, 
        3L), .Dimnames = list(c("-1", "0", "1"), c("A", "C", 
        "T"))), N = 524), Majority = list(Freqs = structure(c(1, 
    304, 0, 2, 304, 0, 0, 0, 0), .Dim = c(3L, 3L), .Dimnames = list(
        c("-1", "0", "1"), c("A", "C", "T"))), N = 611)), `2` = structure(c(0, 
    247, 0, 1, 227, 0, 0, 0, 0), .Dim = c(3L, 3L), .Dimnames = list(
        c("-1", "0", "1"), c("A", "C", "T"))))))
