Results <-
list(`bwa.out//20220204//BlindCMMRD47_S7.sam` = list(GM22_SNP1 = list(
    All = list(Freqs = structure(c(0L, 2L, 24L, 0L, 1L, 1L, 42L, 
    3503L, 10L, 9L, 0L, 2L, 70L, 0L, 0L), .Dim = c(5L, 3L), .Dimnames = structure(list(
        c("-2", "-1", "0", "1", NA), c("A", "G", NA)), .Names = c("", 
    "")), class = "table"), N = 3664L), Tag.Distribution = structure(c(`1` = 90L, 
    `2` = 20L, `3` = 28L, `4` = 15L, `5` = 21L, `6` = 16L, `7` = 16L, 
    `8` = 13L, `9` = 14L, `10` = 8L, `11` = 7L, `12` = 7L, `13` = 3L, 
    `14` = 6L, `15` = 13L, `16` = 4L, `17` = 7L, `18` = 3L, `19` = 4L, 
    `20` = 3L, `21` = 2L, `22` = 3L, `23` = 4L, `24` = 4L, `25` = 2L, 
    `26` = 3L, `27` = 1L, `28` = 6L, `29` = 2L, `30` = 5L, `31` = 2L, 
    `32` = 4L, `34` = 3L, `35` = 2L, `37` = 1L, `38` = 1L, `39` = 1L, 
    `41` = 1L, `43` = 3L, `44` = 1L, `45` = 1L, `46` = 1L, `49` = 1L, 
    `56` = 2L, `67` = 1L), .Dim = 45L, .Dimnames = list(TagUsage = c("1", 
    "2", "3", "4", "5", "6", "7", "8", "9", "10", "11", "12", 
    "13", "14", "15", "16", "17", "18", "19", "20", "21", "22", 
    "23", "24", "25", "26", "27", "28", "29", "30", "31", "32", 
    "34", "35", "37", "38", "39", "41", "43", "44", "45", "46", 
    "49", "56", "67")), class = "table"), No.Tag = structure(c(0L, 
    0L, 1L, 0L, 0L, 0L, 2L, 72L, 0L, 1L, 0L, 0L, 3L, 0L, 0L), .Dim = c(5L, 
    3L), .Dimnames = structure(list(c("-2", "-1", "0", "1", NA
    ), c("A", "G", NA)), .Names = c("", "")), class = "table"), 
    All.Tags = list(Concordant = list(Freqs = structure(c(0, 
    2, 19, 0, 0, 0, 272, 0), .Dim = c(4L, 2L), .Dimnames = list(
        c("-2", "-1", "0", "1"), c("A", "G"))), N = 293), Majority = list(
        Freqs = structure(c(0, 2, 19, 0, 0, 0, 319, 0), .Dim = c(4L, 
        2L), .Dimnames = list(c("-2", "-1", "0", "1"), c("A", 
        "G"))), N = 340)), `2` = structure(c(0, 0, 0, 0, 0, 0, 
    263, 0), .Dim = c(4L, 2L), .Dimnames = list(c("-2", "-1", 
    "0", "1"), c("A", "G"))))))
