Results <-
list(`bwa.out//20220204//BlindCMMRD135_S61.sam` = list(LR20_SNP1 = list(
    All = list(Freqs = structure(c(0L, 7L, 0L, 0L, 7L, 4623L, 
    6L, 6L, 0L, 35L, 0L, 0L), .Dim = 4:3, .Dimnames = structure(list(
        c("-1", "0", "1", NA), c("A", "G", NA)), .Names = c("", 
    "")), class = "table"), N = 4684L), Tag.Distribution = structure(c(`1` = 169L, 
    `2` = 150L, `3` = 115L, `4` = 92L, `5` = 87L, `6` = 63L, 
    `7` = 49L, `8` = 43L, `9` = 40L, `10` = 17L, `11` = 18L, 
    `12` = 19L, `13` = 15L, `14` = 12L, `15` = 9L, `16` = 7L, 
    `17` = 2L, `18` = 4L, `19` = 2L, `20` = 1L, `21` = 2L, `22` = 2L, 
    `23` = 1L, `25` = 1L, `26` = 1L, `29` = 1L), .Dim = 26L, .Dimnames = list(
        TagUsage = c("1", "2", "3", "4", "5", "6", "7", "8", 
        "9", "10", "11", "12", "13", "14", "15", "16", "17", 
        "18", "19", "20", "21", "22", "23", "25", "26", "29")), class = "table"), 
    No.Tag = structure(c(0L, 0L, 0L, 0L, 1L, 77L, 0L, 2L, 0L, 
    3L, 0L, 0L), .Dim = 4:3, .Dimnames = structure(list(c("-1", 
    "0", "1", NA), c("A", "G", NA)), .Names = c("", "")), class = "table"), 
    All.Tags = list(Concordant = list(Freqs = structure(c(0, 
    5, 0, 3, 898, 0), .Dim = 3:2, .Dimnames = list(c("-1", "0", 
    "1"), c("A", "G"))), N = 906), Majority = list(Freqs = structure(c(0, 
    5, 0, 3, 907, 0), .Dim = 3:2, .Dimnames = list(c("-1", "0", 
    "1"), c("A", "G"))), N = 915)), `2` = structure(c(0, 0, 0, 
    0, 751, 0), .Dim = 3:2, .Dimnames = list(c("-1", "0", "1"
    ), c("A", "G"))))))
