Results <-
list(`bwa.out//20220204//BlindCMMRD76_S35.sam` = list(GM09_SNP1 = list(
    All = list(Freqs = structure(c(0L, 0L, 9L, 0L, 0L, 1L, 48L, 
    5841L, 11L, 3L, 0L, 0L, 2L, 0L, 0L, 0L, 0L, 56L, 0L, 0L), .Dim = 5:4, .Dimnames = structure(list(
        c("-2", "-1", "0", "1", NA), c("A", "G", "T", NA)), .Names = c("", 
    "")), class = "table"), N = 5971L), Tag.Distribution = structure(c(`1` = 127L, 
    `2` = 55L, `3` = 39L, `4` = 33L, `5` = 30L, `6` = 43L, `7` = 27L, 
    `8` = 20L, `9` = 29L, `10` = 23L, `11` = 23L, `12` = 21L, 
    `13` = 12L, `14` = 13L, `15` = 16L, `16` = 10L, `17` = 17L, 
    `18` = 13L, `19` = 9L, `20` = 14L, `21` = 5L, `22` = 9L, 
    `23` = 1L, `24` = 4L, `25` = 5L, `26` = 4L, `27` = 4L, `28` = 2L, 
    `29` = 2L, `30` = 3L, `31` = 1L, `32` = 2L, `33` = 7L, `34` = 1L, 
    `35` = 2L, `36` = 1L, `37` = 2L, `40` = 1L, `43` = 1L, `46` = 1L, 
    `47` = 1L, `48` = 2L, `51` = 1L, `54` = 1L), .Dim = 44L, .Dimnames = list(
        TagUsage = c("1", "2", "3", "4", "5", "6", "7", "8", 
        "9", "10", "11", "12", "13", "14", "15", "16", "17", 
        "18", "19", "20", "21", "22", "23", "24", "25", "26", 
        "27", "28", "29", "30", "31", "32", "33", "34", "35", 
        "36", "37", "40", "43", "46", "47", "48", "51", "54")), class = "table"), 
    No.Tag = structure(c(0L, 0L, 0L, 0L, 0L, 0L, 0L, 135L, 0L, 
    0L, 0L, 0L, 0L, 0L, 0L, 0L, 0L, 5L, 0L, 0L), .Dim = 5:4, .Dimnames = structure(list(
        c("-2", "-1", "0", "1", NA), c("A", "G", "T", NA)), .Names = c("", 
    "")), class = "table"), All.Tags = list(Concordant = list(
        Freqs = structure(c(0, 0, 7, 0, 0, 1, 564, 1, 0, 0, 0, 
        0), .Dim = 4:3, .Dimnames = list(c("-2", "-1", "0", "1"
        ), c("A", "G", "T"))), N = 573), Majority = list(Freqs = structure(c(0, 
    0, 7, 0, 0, 1, 613, 1, 0, 0, 0, 0), .Dim = 4:3, .Dimnames = list(
        c("-2", "-1", "0", "1"), c("A", "G", "T"))), N = 622)), 
    `2` = structure(c(0, 0, 0, 0, 0, 1, 508, 0, 0, 0, 0, 0), .Dim = 4:3, .Dimnames = list(
        c("-2", "-1", "0", "1"), c("A", "G", "T"))))))
