Results <-
list(`bwa.out//20220204//BlindCMMRD73_S32.sam` = list(LR10_SNP1 = list(
    All = list(Freqs = structure(c(46L, 2262L, 17L, 7L, 25L, 
    2015L, 7L, 3L, 0L, 33L, 0L, 0L), .Dim = 4:3, .Dimnames = structure(list(
        c("-1", "0", "1", NA), c("C", "T", NA)), .Names = c("", 
    "")), class = "table"), N = 4415L), Tag.Distribution = structure(c(`1` = 103L, 
    `2` = 68L, `3` = 46L, `4` = 40L, `5` = 40L, `6` = 47L, `7` = 23L, 
    `8` = 41L, `9` = 31L, `10` = 17L, `11` = 16L, `12` = 24L, 
    `13` = 11L, `14` = 6L, `15` = 12L, `16` = 5L, `17` = 6L, 
    `18` = 6L, `19` = 8L, `20` = 7L, `21` = 7L, `22` = 7L, `23` = 3L, 
    `24` = 5L, `25` = 1L, `26` = 1L, `28` = 2L, `29` = 1L, `31` = 1L, 
    `32` = 1L, `36` = 1L, `37` = 1L, `41` = 2L, `44` = 1L), .Dim = 34L, .Dimnames = list(
        TagUsage = c("1", "2", "3", "4", "5", "6", "7", "8", 
        "9", "10", "11", "12", "13", "14", "15", "16", "17", 
        "18", "19", "20", "21", "22", "23", "24", "25", "26", 
        "28", "29", "31", "32", "36", "37", "41", "44")), class = "table"), 
    No.Tag = structure(c(2L, 64L, 1L, 0L, 1L, 45L, 0L, 0L, 0L, 
    4L, 0L, 0L), .Dim = 4:3, .Dimnames = structure(list(c("-1", 
    "0", "1", NA), c("C", "T", NA)), .Names = c("", "")), class = "table"), 
    All.Tags = list(Concordant = list(Freqs = structure(c(1, 
    256, 0, 1, 236, 0), .Dim = 3:2, .Dimnames = list(c("-1", 
    "0", "1"), c("C", "T"))), N = 494), Majority = list(Freqs = structure(c(2, 
    306, 0, 1, 273, 0), .Dim = 3:2, .Dimnames = list(c("-1", 
    "0", "1"), c("C", "T"))), N = 582)), `2` = structure(c(2, 
    260, 0, 0, 219, 0), .Dim = 3:2, .Dimnames = list(c("-1", 
    "0", "1"), c("C", "T"))))))
