Results <-
list(`bwa.out//20220204//BlindCMMRD123_S49.sam` = list(LR20_SNP1 = list(
    All = list(Freqs = structure(c(6L, 2170L, 3L, 2L, 4L, 2181L, 
    4L, 0L, 0L, 30L, 0L, 0L), .Dim = 4:3, .Dimnames = structure(list(
        c("-1", "0", "1", NA), c("A", "G", NA)), .Names = c("", 
    "")), class = "table"), N = 4400L), Tag.Distribution = structure(c(`1` = 242L, 
    `2` = 193L, `3` = 156L, `4` = 135L, `5` = 80L, `6` = 61L, 
    `7` = 47L, `8` = 42L, `9` = 22L, `10` = 23L, `11` = 21L, 
    `12` = 16L, `13` = 10L, `14` = 4L, `15` = 2L, `16` = 3L, 
    `17` = 1L, `18` = 1L, `19` = 2L, `20` = 1L, `23` = 2L), .Dim = 21L, .Dimnames = list(
        TagUsage = c("1", "2", "3", "4", "5", "6", "7", "8", 
        "9", "10", "11", "12", "13", "14", "15", "16", "17", 
        "18", "19", "20", "23")), class = "table"), No.Tag = structure(c(0L, 
    45L, 0L, 0L, 0L, 32L, 0L, 0L, 0L, 2L, 0L, 0L), .Dim = 4:3, .Dimnames = structure(list(
        c("-1", "0", "1", NA), c("A", "G", NA)), .Names = c("", 
    "")), class = "table"), All.Tags = list(Concordant = list(
        Freqs = structure(c(1, 462, 0, 0, 463, 0), .Dim = 3:2, .Dimnames = list(
            c("-1", "0", "1"), c("A", "G"))), N = 926), Majority = list(
        Freqs = structure(c(1, 523, 0, 0, 521, 0), .Dim = 3:2, .Dimnames = list(
            c("-1", "0", "1"), c("A", "G"))), N = 1045)), `2` = structure(c(0, 
    405, 0, 0, 401, 0), .Dim = 3:2, .Dimnames = list(c("-1", 
    "0", "1"), c("A", "G"))))))
