Results <-
list(`bwa.out//20220204//BlindCMMRD74_S33.sam` = list(LR17_SNP1 = list(
    All = list(Freqs = structure(c(2L, 101L, 2814L, 32L, 18L, 
    0L, 0L, 1L, 0L, 0L, 0L, 1L, 0L, 0L, 0L, 0L, 4L, 104L, 0L, 
    0L), .Dim = 5:4, .Dimnames = structure(list(c("-2", "-1", 
    "0", "1", NA), c("A", "G", "T", NA)), .Names = c("", "")), class = "table"), 
        N = 3077L), Tag.Distribution = structure(c(`1` = 67L, 
    `2` = 36L, `3` = 30L, `4` = 30L, `5` = 19L, `6` = 16L, `7` = 17L, 
    `8` = 14L, `9` = 11L, `10` = 12L, `11` = 8L, `12` = 12L, 
    `13` = 7L, `14` = 14L, `15` = 9L, `16` = 3L, `17` = 6L, `18` = 8L, 
    `19` = 5L, `20` = 6L, `21` = 5L, `22` = 4L, `23` = 2L, `24` = 4L, 
    `25` = 4L, `26` = 1L, `27` = 1L, `28` = 2L, `29` = 1L, `30` = 1L, 
    `31` = 1L, `33` = 1L, `34` = 2L, `36` = 2L, `39` = 1L), .Dim = 35L, .Dimnames = list(
        TagUsage = c("1", "2", "3", "4", "5", "6", "7", "8", 
        "9", "10", "11", "12", "13", "14", "15", "16", "17", 
        "18", "19", "20", "21", "22", "23", "24", "25", "26", 
        "27", "28", "29", "30", "31", "33", "34", "36", "39")), class = "table"), 
    No.Tag = structure(c(1L, 3L, 69L, 0L, 1L, 0L, 0L, 0L, 0L, 
    0L, 0L, 0L, 0L, 0L, 0L, 0L, 0L, 4L, 0L, 0L), .Dim = 5:4, .Dimnames = structure(list(
        c("-2", "-1", "0", "1", NA), c("A", "G", "T", NA)), .Names = c("", 
    "")), class = "table"), All.Tags = list(Concordant = list(
        Freqs = structure(c(0, 4, 266, 4, 0, 0, 0, 0, 0, 0, 0, 
        0), .Dim = 4:3, .Dimnames = list(c("-2", "-1", "0", "1"
        ), c("A", "G", "T"))), N = 274), Majority = list(Freqs = structure(c(0, 
    4, 351, 4, 0, 0, 0, 0, 0, 0, 0, 0), .Dim = 4:3, .Dimnames = list(
        c("-2", "-1", "0", "1"), c("A", "G", "T"))), N = 359)), 
    `2` = structure(c(0, 1, 294, 0, 0, 0, 0, 0, 0, 0, 0, 0), .Dim = 4:3, .Dimnames = list(
        c("-2", "-1", "0", "1"), c("A", "G", "T"))))))
