Results <-
list(`bwa.out//20220204//BlindCMMRD90_S49.sam` = list(GM17_SNP1 = list(
    All = list(Freqs = structure(c(1L, 93L, 2797L, 9L, 4L, 0L, 
    28L, 2450L, 12L, 2L, 0L, 0L, 27L, 0L, 0L), .Dim = c(5L, 3L
    ), .Dimnames = structure(list(c("-2", "-1", "0", "1", NA), 
        c("C", "T", NA)), .Names = c("", "")), class = "table"), 
        N = 5423L), Tag.Distribution = structure(c(`1` = 118L, 
    `2` = 81L, `3` = 57L, `4` = 46L, `5` = 30L, `6` = 37L, `7` = 36L, 
    `8` = 30L, `9` = 39L, `10` = 22L, `11` = 14L, `12` = 14L, 
    `13` = 19L, `14` = 14L, `15` = 7L, `16` = 13L, `17` = 5L, 
    `18` = 6L, `19` = 6L, `20` = 7L, `21` = 8L, `22` = 7L, `23` = 6L, 
    `24` = 8L, `25` = 3L, `26` = 7L, `27` = 3L, `28` = 2L, `29` = 2L, 
    `30` = 1L, `31` = 1L, `32` = 2L, `34` = 1L, `35` = 1L, `36` = 1L, 
    `37` = 2L, `38` = 2L, `40` = 1L, `43` = 1L, `53` = 1L, `56` = 1L
    ), .Dim = 41L, .Dimnames = list(TagUsage = c("1", "2", "3", 
    "4", "5", "6", "7", "8", "9", "10", "11", "12", "13", "14", 
    "15", "16", "17", "18", "19", "20", "21", "22", "23", "24", 
    "25", "26", "27", "28", "29", "30", "31", "32", "34", "35", 
    "36", "37", "38", "40", "43", "53", "56")), class = "table"), 
    No.Tag = structure(c(0L, 7L, 62L, 0L, 0L, 0L, 1L, 82L, 0L, 
    0L, 0L, 0L, 0L, 0L, 0L), .Dim = c(5L, 3L), .Dimnames = structure(list(
        c("-2", "-1", "0", "1", NA), c("C", "T", NA)), .Names = c("", 
    "")), class = "table"), All.Tags = list(Concordant = list(
        Freqs = structure(c(0, 0, 275, 0, 0, 1, 285, 0), .Dim = c(4L, 
        2L), .Dimnames = list(c("-2", "-1", "0", "1"), c("C", 
        "T"))), N = 561), Majority = list(Freqs = structure(c(0, 
    1, 326, 0, 0, 1, 325, 0), .Dim = c(4L, 2L), .Dimnames = list(
        c("-2", "-1", "0", "1"), c("C", "T"))), N = 653)), `2` = structure(c(0, 
    1, 269, 0, 0, 1, 269, 0), .Dim = c(4L, 2L), .Dimnames = list(
        c("-2", "-1", "0", "1"), c("C", "T"))))))
