Results <-
list(`bwa.out//20220204//BlindCMMRD45_S5.sam` = list(IM49_SNP1 = list(
    All = list(Freqs = structure(c(37L, 1032L, 14L, 7L, 29L, 
    1424L, 16L, 7L, 4L, 203L, 4L, 0L), .Dim = 4:3, .Dimnames = structure(list(
        c("-1", "0", "1", NA), c("C", "G", NA)), .Names = c("", 
    "")), class = "table"), N = 2777L), Tag.Distribution = structure(c(`1` = 138L, 
    `2` = 29L, `3` = 20L, `4` = 21L, `5` = 16L, `6` = 19L, `7` = 17L, 
    `8` = 11L, `9` = 4L, `10` = 6L, `11` = 7L, `12` = 5L, `13` = 4L, 
    `14` = 6L, `15` = 5L, `16` = 8L, `17` = 3L, `18` = 3L, `19` = 4L, 
    `20` = 2L, `21` = 2L, `22` = 5L, `23` = 3L, `24` = 1L, `25` = 4L, 
    `26` = 3L, `27` = 1L, `29` = 4L, `30` = 1L, `31` = 1L, `32` = 3L, 
    `33` = 1L, `34` = 3L, `35` = 1L, `36` = 1L, `38` = 2L, `42` = 1L, 
    `47` = 1L, `54` = 1L, `59` = 1L), .Dim = 40L, .Dimnames = list(
        TagUsage = c("1", "2", "3", "4", "5", "6", "7", "8", 
        "9", "10", "11", "12", "13", "14", "15", "16", "17", 
        "18", "19", "20", "21", "22", "23", "24", "25", "26", 
        "27", "29", "30", "31", "32", "33", "34", "35", "36", 
        "38", "42", "47", "54", "59")), class = "table"), No.Tag = structure(c(0L, 
    18L, 0L, 0L, 0L, 15L, 0L, 0L, 0L, 3L, 0L, 0L), .Dim = 4:3, .Dimnames = structure(list(
        c("-1", "0", "1", NA), c("C", "G", NA)), .Names = c("", 
    "")), class = "table"), All.Tags = list(Concordant = list(
        Freqs = structure(c(3, 110, 1, 0, 130, 0), .Dim = 3:2, .Dimnames = list(
            c("-1", "0", "1"), c("C", "G"))), N = 244), Majority = list(
        Freqs = structure(c(4, 137, 1, 0, 166, 0), .Dim = 3:2, .Dimnames = list(
            c("-1", "0", "1"), c("C", "G"))), N = 308)), `2` = structure(c(1, 
    102, 0, 0, 121, 0), .Dim = 3:2, .Dimnames = list(c("-1", 
    "0", "1"), c("C", "G"))))))
