Results <-
list(`bwa.out//20220204//Control12_S5.sam` = list(GM17_SNP1 = list(
    All = list(Freqs = structure(c(13L, 1350L, 4L, 1L, 23L, 1490L, 
    4L, 0L, 0L, 16L, 0L, 0L), .Dim = 4:3, .Dimnames = structure(list(
        c("-1", "0", "1", NA), c("C", "T", NA)), .Names = c("", 
    "")), class = "table"), N = 2901L), Tag.Distribution = structure(c(`1` = 105L, 
    `2` = 44L, `3` = 29L, `4` = 32L, `5` = 24L, `6` = 16L, `7` = 25L, 
    `8` = 25L, `9` = 13L, `10` = 10L, `11` = 8L, `12` = 6L, `13` = 9L, 
    `14` = 11L, `15` = 5L, `16` = 5L, `17` = 6L, `18` = 4L, `19` = 3L, 
    `20` = 3L, `21` = 3L, `22` = 6L, `23` = 3L, `24` = 3L, `25` = 2L, 
    `26` = 2L, `28` = 1L, `29` = 4L, `30` = 1L, `31` = 2L, `52` = 1L
    ), .Dim = 31L, .Dimnames = list(TagUsage = c("1", "2", "3", 
    "4", "5", "6", "7", "8", "9", "10", "11", "12", "13", "14", 
    "15", "16", "17", "18", "19", "20", "21", "22", "23", "24", 
    "25", "26", "28", "29", "30", "31", "52")), class = "table"), 
    No.Tag = structure(c(0L, 44L, 0L, 1L, 0L, 35L, 0L, 0L, 0L, 
    2L, 0L, 0L), .Dim = 4:3, .Dimnames = structure(list(c("-1", 
    "0", "1", NA), c("C", "T", NA)), .Names = c("", "")), class = "table"), 
    All.Tags = list(Concordant = list(Freqs = structure(c(1, 
    179, 1, 1, 178, 0), .Dim = 3:2, .Dimnames = list(c("-1", 
    "0", "1"), c("C", "T"))), N = 360), Majority = list(Freqs = structure(c(1, 
    199, 1, 1, 202, 0), .Dim = 3:2, .Dimnames = list(c("-1", 
    "0", "1"), c("C", "T"))), N = 404)), `2` = structure(c(0, 
    140, 0, 1, 161, 0), .Dim = 3:2, .Dimnames = list(c("-1", 
    "0", "1"), c("C", "T"))))))
