Results <-
list(`bwa.out//20220204//BlindCMMRD46_S6.sam` = list(LR20_SNP1 = list(
    All = list(Freqs = structure(c(0L, 4L, 0L, 0L, 13L, 4365L, 
    7L, 2L, 0L, 31L, 0L, 0L), .Dim = 4:3, .Dimnames = structure(list(
        c("-1", "0", "1", NA), c("A", "G", NA)), .Names = c("", 
    "")), class = "table"), N = 4422L), Tag.Distribution = structure(c(`1` = 100L, 
    `2` = 35L, `3` = 24L, `4` = 20L, `5` = 25L, `6` = 15L, `7` = 22L, 
    `8` = 15L, `9` = 12L, `10` = 8L, `11` = 14L, `12` = 8L, `13` = 12L, 
    `14` = 13L, `15` = 4L, `16` = 5L, `17` = 10L, `18` = 5L, 
    `19` = 10L, `20` = 3L, `21` = 3L, `22` = 4L, `23` = 2L, `24` = 4L, 
    `25` = 4L, `26` = 4L, `27` = 2L, `28` = 4L, `29` = 8L, `30` = 5L, 
    `31` = 2L, `32` = 3L, `33` = 5L, `34` = 2L, `35` = 1L, `36` = 3L, 
    `37` = 2L, `38` = 1L, `39` = 3L, `40` = 1L, `45` = 1L, `46` = 1L, 
    `50` = 1L, `64` = 1L, `76` = 1L), .Dim = 45L, .Dimnames = list(
        TagUsage = c("1", "2", "3", "4", "5", "6", "7", "8", 
        "9", "10", "11", "12", "13", "14", "15", "16", "17", 
        "18", "19", "20", "21", "22", "23", "24", "25", "26", 
        "27", "28", "29", "30", "31", "32", "33", "34", "35", 
        "36", "37", "38", "39", "40", "45", "46", "50", "64", 
        "76")), class = "table"), No.Tag = structure(c(0L, 1L, 
    0L, 0L, 0L, 51L, 1L, 1L, 0L, 2L, 0L, 0L), .Dim = 4:3, .Dimnames = structure(list(
        c("-1", "0", "1", NA), c("A", "G", NA)), .Names = c("", 
    "")), class = "table"), All.Tags = list(Concordant = list(
        Freqs = structure(c(0, 3, 0, 1, 401, 0), .Dim = 3:2, .Dimnames = list(
            c("-1", "0", "1"), c("A", "G"))), N = 405), Majority = list(
        Freqs = structure(c(0, 3, 0, 1, 417, 0), .Dim = 3:2, .Dimnames = list(
            c("-1", "0", "1"), c("A", "G"))), N = 421)), `2` = structure(c(0, 
    0, 0, 0, 328, 0), .Dim = 3:2, .Dimnames = list(c("-1", "0", 
    "1"), c("A", "G"))))))
