Results <-
list(`bwa.out//20220204//Control26_S19.sam` = list(GM17_SNP1 = list(
    All = list(Freqs = structure(c(22L, 1356L, 2L, 2L, 13L, 1611L, 
    3L, 0L, 2L, 11L, 0L, 0L), .Dim = 4:3, .Dimnames = structure(list(
        c("-1", "0", "1", NA), c("C", "T", NA)), .Names = c("", 
    "")), class = "table"), N = 3022L), Tag.Distribution = structure(c(`1` = 90L, 
    `2` = 40L, `3` = 36L, `4` = 32L, `5` = 24L, `6` = 23L, `7` = 24L, 
    `8` = 18L, `9` = 20L, `10` = 11L, `11` = 6L, `12` = 10L, 
    `13` = 11L, `14` = 6L, `15` = 11L, `16` = 4L, `17` = 6L, 
    `18` = 1L, `19` = 5L, `20` = 8L, `21` = 1L, `23` = 2L, `24` = 2L, 
    `25` = 5L, `26` = 8L, `27` = 1L, `28` = 1L, `29` = 1L, `31` = 1L, 
    `33` = 2L, `35` = 1L, `38` = 1L), .Dim = 32L, .Dimnames = list(
        TagUsage = c("1", "2", "3", "4", "5", "6", "7", "8", 
        "9", "10", "11", "12", "13", "14", "15", "16", "17", 
        "18", "19", "20", "21", "23", "24", "25", "26", "27", 
        "28", "29", "31", "33", "35", "38")), class = "table"), 
    No.Tag = structure(c(0L, 23L, 0L, 0L, 0L, 11L, 0L, 0L, 0L, 
    3L, 0L, 0L), .Dim = 4:3, .Dimnames = structure(list(c("-1", 
    "0", "1", NA), c("C", "T", NA)), .Names = c("", "")), class = "table"), 
    All.Tags = list(Concordant = list(Freqs = structure(c(0, 
    166, 0, 1, 190, 0), .Dim = 3:2, .Dimnames = list(c("-1", 
    "0", "1"), c("C", "T"))), N = 357), Majority = list(Freqs = structure(c(0, 
    187, 0, 1, 217, 0), .Dim = 3:2, .Dimnames = list(c("-1", 
    "0", "1"), c("C", "T"))), N = 405)), `2` = structure(c(0, 
    143, 0, 0, 175, 0), .Dim = 3:2, .Dimnames = list(c("-1", 
    "0", "1"), c("C", "T"))))))
