Results <-
list(`bwa.out//20220204//BlindCMMRD41_S1.sam` = list(GM17_SNP1 = list(
    All = list(Freqs = structure(c(1L, 75L, 4689L, 9L, 4L, 0L, 
    0L, 19L, 0L, 0L, 0L, 0L, 35L, 0L, 0L), .Dim = c(5L, 3L), .Dimnames = structure(list(
        c("-2", "-1", "0", "1", NA), c("C", "T", NA)), .Names = c("", 
    "")), class = "table"), N = 4832L), Tag.Distribution = structure(c(`1` = 115L, 
    `2` = 14L, `3` = 11L, `4` = 22L, `5` = 14L, `6` = 9L, `7` = 12L, 
    `8` = 19L, `9` = 13L, `10` = 10L, `11` = 13L, `12` = 9L, 
    `13` = 11L, `14` = 17L, `15` = 11L, `16` = 7L, `17` = 4L, 
    `18` = 14L, `19` = 6L, `20` = 7L, `21` = 3L, `22` = 5L, `23` = 4L, 
    `24` = 3L, `26` = 1L, `27` = 3L, `28` = 4L, `29` = 4L, `30` = 5L, 
    `31` = 4L, `32` = 2L, `33` = 3L, `36` = 1L, `37` = 3L, `38` = 1L, 
    `40` = 4L, `41` = 1L, `42` = 2L, `43` = 1L, `44` = 1L, `45` = 4L, 
    `46` = 2L, `50` = 1L, `51` = 3L, `58` = 1L, `61` = 1L, `70` = 1L, 
    `81` = 1L), .Dim = 48L, .Dimnames = list(TagUsage = c("1", 
    "2", "3", "4", "5", "6", "7", "8", "9", "10", "11", "12", 
    "13", "14", "15", "16", "17", "18", "19", "20", "21", "22", 
    "23", "24", "26", "27", "28", "29", "30", "31", "32", "33", 
    "36", "37", "38", "40", "41", "42", "43", "44", "45", "46", 
    "50", "51", "58", "61", "70", "81")), class = "table"), No.Tag = structure(c(0L, 
    3L, 90L, 0L, 0L, 0L, 0L, 0L, 0L, 0L, 0L, 0L, 4L, 0L, 0L), .Dim = c(5L, 
    3L), .Dimnames = structure(list(c("-2", "-1", "0", "1", NA
    ), c("C", "T", NA)), .Names = c("", "")), class = "table"), 
    All.Tags = list(Concordant = list(Freqs = structure(c(0, 
    1, 323, 0, 0, 0, 17, 0), .Dim = c(4L, 2L), .Dimnames = list(
        c("-2", "-1", "0", "1"), c("C", "T"))), N = 341), Majority = list(
        Freqs = structure(c(0, 2, 380, 0, 0, 0, 17, 0), .Dim = c(4L, 
        2L), .Dimnames = list(c("-2", "-1", "0", "1"), c("C", 
        "T"))), N = 399)), `2` = structure(c(0, 1, 288, 0, 0, 
    0, 0, 0), .Dim = c(4L, 2L), .Dimnames = list(c("-2", "-1", 
    "0", "1"), c("C", "T"))))))
