Results <-
list(`bwa.out//20220204//BlindCMMRD65_S24.sam` = list(IM16_SNP1 = list(
    All = list(Freqs = structure(c(0L, 25L, 2468L, 33L, 2L, 1L, 
    16L, 2461L, 34L, 3L, 0L, 0L, 1L, 0L, 0L, 0L, 0L, 47L, 4L, 
    0L), .Dim = 5:4, .Dimnames = structure(list(c("-2", "-1", 
    "0", "1", NA), c("A", "G", "T", NA)), .Names = c("", "")), class = "table"), 
        N = 5095L), Tag.Distribution = structure(c(`1` = 115L, 
    `2` = 59L, `3` = 76L, `4` = 46L, `5` = 55L, `6` = 37L, `7` = 33L, 
    `8` = 29L, `9` = 26L, `10` = 30L, `11` = 20L, `12` = 26L, 
    `13` = 13L, `14` = 20L, `15` = 13L, `16` = 10L, `17` = 10L, 
    `18` = 6L, `19` = 7L, `20` = 7L, `21` = 6L, `22` = 2L, `23` = 5L, 
    `24` = 3L, `25` = 1L, `26` = 4L, `27` = 2L, `28` = 1L, `29` = 3L, 
    `30` = 3L, `31` = 1L, `33` = 1L, `36` = 1L, `38` = 1L, `41` = 1L, 
    `45` = 1L), .Dim = 36L, .Dimnames = list(TagUsage = c("1", 
    "2", "3", "4", "5", "6", "7", "8", "9", "10", "11", "12", 
    "13", "14", "15", "16", "17", "18", "19", "20", "21", "22", 
    "23", "24", "25", "26", "27", "28", "29", "30", "31", "33", 
    "36", "38", "41", "45")), class = "table"), No.Tag = structure(c(0L, 
    0L, 35L, 1L, 0L, 0L, 0L, 51L, 4L, 1L, 0L, 0L, 0L, 0L, 0L, 
    0L, 0L, 8L, 0L, 0L), .Dim = 5:4, .Dimnames = structure(list(
        c("-2", "-1", "0", "1", NA), c("A", "G", "T", NA)), .Names = c("", 
    "")), class = "table"), All.Tags = list(Concordant = list(
        Freqs = structure(c(0, 2, 259, 1, 0, 0, 291, 3, 0, 0, 
        1, 0), .Dim = 4:3, .Dimnames = list(c("-2", "-1", "0", 
        "1"), c("A", "G", "T"))), N = 557), Majority = list(Freqs = structure(c(0, 
    2, 316, 1, 0, 0, 336, 3, 0, 0, 1, 0), .Dim = 4:3, .Dimnames = list(
        c("-2", "-1", "0", "1"), c("A", "G", "T"))), N = 659)), 
    `2` = structure(c(0, 1, 274, 0, 0, 0, 275, 1, 0, 0, 0, 0), .Dim = 4:3, .Dimnames = list(
        c("-2", "-1", "0", "1"), c("A", "G", "T"))))))
