Results <-
list(`bwa.out//20220204//MLPA79_S11.sam` = list(GM14_SNP1 = list(
    All = list(Freqs = structure(c(2L, 45L, 1289L, 8L, 1L, 1L, 
    22L, 1269L, 5L, 2L, 0L, 0L, 47L, 1L, 0L), .Dim = c(5L, 3L
    ), .Dimnames = structure(list(c("-2", "-1", "0", "1", NA), 
        c("C", "T", NA)), .Names = c("", "")), class = "table"), 
        N = 2692L), Tag.Distribution = structure(c(`1` = 88L, 
    `2` = 45L, `3` = 42L, `4` = 27L, `5` = 33L, `6` = 26L, `7` = 20L, 
    `8` = 19L, `9` = 13L, `10` = 10L, `11` = 8L, `12` = 9L, `13` = 8L, 
    `14` = 11L, `15` = 8L, `16` = 6L, `17` = 3L, `18` = 5L, `19` = 2L, 
    `20` = 3L, `21` = 4L, `24` = 2L, `25` = 3L, `27` = 1L, `29` = 2L, 
    `30` = 2L, `32` = 1L, `34` = 1L, `36` = 1L), .Dim = 29L, .Dimnames = list(
        TagUsage = c("1", "2", "3", "4", "5", "6", "7", "8", 
        "9", "10", "11", "12", "13", "14", "15", "16", "17", 
        "18", "19", "20", "21", "24", "25", "27", "29", "30", 
        "32", "34", "36")), class = "table"), No.Tag = structure(c(0L, 
    0L, 13L, 0L, 1L, 0L, 1L, 69L, 0L, 0L, 0L, 0L, 3L, 0L, 0L), .Dim = c(5L, 
    3L), .Dimnames = structure(list(c("-2", "-1", "0", "1", NA
    ), c("C", "T", NA)), .Names = c("", "")), class = "table"), 
    All.Tags = list(Concordant = list(Freqs = structure(c(0, 
    1, 173, 1, 0, 1, 155, 0), .Dim = c(4L, 2L), .Dimnames = list(
        c("-2", "-1", "0", "1"), c("C", "T"))), N = 331), Majority = list(
        Freqs = structure(c(0, 1, 209, 1, 0, 1, 176, 0), .Dim = c(4L, 
        2L), .Dimnames = list(c("-2", "-1", "0", "1"), c("C", 
        "T"))), N = 388)), `2` = structure(c(0, 0, 173, 0, 0, 
    0, 136, 0), .Dim = c(4L, 2L), .Dimnames = list(c("-2", "-1", 
    "0", "1"), c("C", "T"))))))
