Results <-
list(`bwa.out//20220204//MLPA100_S14.sam` = list(LR44_SNP1 = list(
    All = list(Freqs = structure(c(5L, 117L, 1557L, 19L, 1L, 
    13L, 1L, 128L, 1716L, 28L, 1L, 16L, 0L, 3L, 56L, 1L, 0L, 
    0L), .Dim = c(6L, 3L), .Dimnames = structure(list(c("-2", 
    "-1", "0", "1", "2", NA), c("C", "T", NA)), .Names = c("", 
    "")), class = "table"), N = 3662L), Tag.Distribution = structure(c(`1` = 235L, 
    `2` = 126L, `3` = 97L, `4` = 74L, `5` = 58L, `6` = 38L, `7` = 41L, 
    `8` = 26L, `9` = 28L, `10` = 18L, `11` = 16L, `12` = 14L, 
    `13` = 11L, `14` = 6L, `15` = 8L, `16` = 5L, `17` = 4L, `18` = 2L, 
    `19` = 3L, `20` = 1L, `21` = 2L, `22` = 1L, `23` = 2L), .Dim = 23L, .Dimnames = list(
        TagUsage = c("1", "2", "3", "4", "5", "6", "7", "8", 
        "9", "10", "11", "12", "13", "14", "15", "16", "17", 
        "18", "19", "20", "21", "22", "23")), class = "table"), 
    No.Tag = structure(c(0L, 1L, 34L, 0L, 0L, 1L, 0L, 2L, 40L, 
    0L, 0L, 1L, 0L, 1L, 1L, 0L, 0L, 0L), .Dim = c(6L, 3L), .Dimnames = structure(list(
        c("-2", "-1", "0", "1", "2", NA), c("C", "T", NA)), .Names = c("", 
    "")), class = "table"), All.Tags = list(Concordant = list(
        Freqs = structure(c(0, 9, 270, 3, 0, 0, 11, 295, 2, 0
        ), .Dim = c(5L, 2L), .Dimnames = list(c("-2", "-1", "0", 
        "1", "2"), c("C", "T"))), N = 590), Majority = list(Freqs = structure(c(0, 
    13, 367, 3, 0, 0, 11, 393, 3, 0), .Dim = c(5L, 2L), .Dimnames = list(
        c("-2", "-1", "0", "1", "2"), c("C", "T"))), N = 790)), 
    `2` = structure(c(0, 8, 262, 0, 0, 0, 3, 288, 1, 0), .Dim = c(5L, 
    2L), .Dimnames = list(c("-2", "-1", "0", "1", "2"), c("C", 
    "T"))))))
