Results <-
list(`bwa.out//20220204//BlindCMMRD75_S34.sam` = list(LR36_SNP1 = list(
    All = list(Freqs = structure(c(0L, 0L, 9L, 0L, 0L, 0L, 0L, 
    1L, 0L, 0L, 5L, 54L, 3641L, 43L, 36L, 0L, 5L, 145L, 0L, 0L
    ), .Dim = 5:4, .Dimnames = structure(list(c("-2", "-1", "0", 
    "1", NA), c("A", "C", "T", NA)), .Names = c("", "")), class = "table"), 
        N = 3939L), Tag.Distribution = structure(c(`1` = 111L, 
    `2` = 55L, `3` = 36L, `4` = 43L, `5` = 27L, `6` = 25L, `7` = 27L, 
    `8` = 18L, `9` = 15L, `10` = 22L, `11` = 10L, `12` = 14L, 
    `13` = 16L, `14` = 10L, `15` = 10L, `16` = 7L, `17` = 11L, 
    `18` = 5L, `19` = 7L, `20` = 4L, `21` = 3L, `22` = 2L, `23` = 4L, 
    `24` = 2L, `25` = 4L, `26` = 4L, `27` = 3L, `28` = 1L, `30` = 1L, 
    `31` = 1L, `32` = 1L, `33` = 1L, `35` = 2L, `36` = 2L, `46` = 1L
    ), .Dim = 35L, .Dimnames = list(TagUsage = c("1", "2", "3", 
    "4", "5", "6", "7", "8", "9", "10", "11", "12", "13", "14", 
    "15", "16", "17", "18", "19", "20", "21", "22", "23", "24", 
    "25", "26", "27", "28", "30", "31", "32", "33", "35", "36", 
    "46")), class = "table"), No.Tag = structure(c(0L, 0L, 1L, 
    0L, 0L, 0L, 0L, 0L, 0L, 0L, 0L, 1L, 188L, 1L, 5L, 0L, 1L, 
    16L, 0L, 0L), .Dim = 5:4, .Dimnames = structure(list(c("-2", 
    "-1", "0", "1", NA), c("A", "C", "T", NA)), .Names = c("", 
    "")), class = "table"), All.Tags = list(Concordant = list(
        Freqs = structure(c(0, 0, 4, 0, 0, 0, 0, 0, 0, 0, 411, 
        3), .Dim = 4:3, .Dimnames = list(c("-2", "-1", "0", "1"
        ), c("A", "C", "T"))), N = 418), Majority = list(Freqs = structure(c(0, 
    0, 4, 0, 0, 0, 0, 0, 0, 0, 487, 3), .Dim = 4:3, .Dimnames = list(
        c("-2", "-1", "0", "1"), c("A", "C", "T"))), N = 494)), 
    `2` = structure(c(0, 0, 0, 0, 0, 0, 0, 0, 0, 0, 391, 1), .Dim = 4:3, .Dimnames = list(
        c("-2", "-1", "0", "1"), c("A", "C", "T"))))))
