Results <-
list(`bwa.out//20220204//MLPA79_S11.sam` = list(LR48_SNP1 = list(
    All = list(Freqs = structure(c(0L, 71L, 1842L, 50L, 7L, 0L, 
    0L, 1L, 0L, 0L, 2L, 55L, 1802L, 29L, 5L, 0L, 0L, 52L, 0L, 
    0L), .Dim = 5:4, .Dimnames = structure(list(c("-2", "-1", 
    "0", "1", NA), c("C", "G", "T", NA)), .Names = c("", "")), class = "table"), 
        N = 3916L), Tag.Distribution = structure(c(`1` = 93L, 
    `2` = 35L, `3` = 36L, `4` = 29L, `5` = 17L, `6` = 30L, `7` = 18L, 
    `8` = 17L, `9` = 12L, `10` = 13L, `11` = 13L, `12` = 14L, 
    `13` = 8L, `14` = 14L, `15` = 7L, `16` = 10L, `17` = 4L, 
    `18` = 7L, `19` = 5L, `20` = 3L, `21` = 6L, `22` = 5L, `23` = 4L, 
    `24` = 6L, `25` = 4L, `26` = 3L, `27` = 1L, `28` = 1L, `29` = 2L, 
    `30` = 4L, `31` = 3L, `33` = 2L, `34` = 1L, `35` = 2L, `36` = 1L, 
    `40` = 2L, `41` = 2L, `43` = 1L), .Dim = 38L, .Dimnames = list(
        TagUsage = c("1", "2", "3", "4", "5", "6", "7", "8", 
        "9", "10", "11", "12", "13", "14", "15", "16", "17", 
        "18", "19", "20", "21", "22", "23", "24", "25", "26", 
        "27", "28", "29", "30", "31", "33", "34", "35", "36", 
        "40", "41", "43")), class = "table"), No.Tag = structure(c(0L, 
    1L, 44L, 1L, 0L, 0L, 0L, 0L, 0L, 0L, 0L, 3L, 96L, 0L, 0L, 
    0L, 0L, 7L, 0L, 0L), .Dim = 5:4, .Dimnames = structure(list(
        c("-2", "-1", "0", "1", NA), c("C", "G", "T", NA)), .Names = c("", 
    "")), class = "table"), All.Tags = list(Concordant = list(
        Freqs = structure(c(0, 3, 161, 1, 0, 0, 0, 0, 0, 5, 141, 
        0), .Dim = 4:3, .Dimnames = list(c("-2", "-1", "0", "1"
        ), c("C", "G", "T"))), N = 311), Majority = list(Freqs = structure(c(0, 
    4, 229, 1, 0, 0, 0, 0, 0, 5, 194, 0), .Dim = 4:3, .Dimnames = list(
        c("-2", "-1", "0", "1"), c("C", "G", "T"))), N = 433)), 
    `2` = structure(c(0, 1, 180, 0, 0, 0, 0, 0, 0, 2, 158, 0), .Dim = 4:3, .Dimnames = list(
        c("-2", "-1", "0", "1"), c("C", "G", "T"))))))
