Results <-
list(`bwa.out//20220204//17D0989_S8.sam` = list(LR40_SNP1 = list(
    All = list(Freqs = structure(c(0L, 0L, 1L, 0L, 0L, 1L, 103L, 
    6402L, 17L, 12L, 0L, 0L, 1L, 0L, 0L, 0L, 1L, 21L, 1L, 0L), .Dim = 5:4, .Dimnames = structure(list(
        c("-2", "-1", "0", "1", NA), c("A", "C", "G", NA)), .Names = c("", 
    "")), class = "table"), N = 6560L), Tag.Distribution = structure(c(`1` = 156L, 
    `2` = 97L, `3` = 74L, `4` = 52L, `5` = 59L, `6` = 47L, `7` = 36L, 
    `8` = 33L, `9` = 20L, `10` = 23L, `11` = 17L, `12` = 23L, 
    `13` = 20L, `14` = 8L, `15` = 16L, `16` = 17L, `17` = 13L, 
    `18` = 7L, `19` = 5L, `20` = 5L, `21` = 4L, `22` = 15L, `23` = 4L, 
    `24` = 3L, `25` = 6L, `26` = 3L, `27` = 3L, `28` = 3L, `29` = 6L, 
    `31` = 3L, `33` = 4L, `34` = 3L, `35` = 3L, `36` = 2L, `38` = 1L, 
    `39` = 2L, `40` = 1L, `41` = 1L, `42` = 1L, `43` = 1L, `45` = 2L, 
    `46` = 1L, `51` = 1L, `58` = 1L), .Dim = 44L, .Dimnames = list(
        TagUsage = c("1", "2", "3", "4", "5", "6", "7", "8", 
        "9", "10", "11", "12", "13", "14", "15", "16", "17", 
        "18", "19", "20", "21", "22", "23", "24", "25", "26", 
        "27", "28", "29", "31", "33", "34", "35", "36", "38", 
        "39", "40", "41", "42", "43", "45", "46", "51", "58")), class = "table"), 
    No.Tag = structure(c(0L, 0L, 0L, 0L, 0L, 0L, 2L, 204L, 0L, 
    1L, 0L, 0L, 0L, 0L, 0L, 0L, 0L, 5L, 0L, 0L), .Dim = 5:4, .Dimnames = structure(list(
        c("-2", "-1", "0", "1", NA), c("A", "C", "G", NA)), .Names = c("", 
    "")), class = "table"), All.Tags = list(Concordant = list(
        Freqs = structure(c(0, 0, 0, 0, 0, 0, 723, 1, 0, 0, 0, 
        0), .Dim = 4:3, .Dimnames = list(c("-2", "-1", "0", "1"
        ), c("A", "C", "G"))), N = 724), Majority = list(Freqs = structure(c(0, 
    0, 0, 0, 0, 1, 797, 1, 0, 0, 0, 0), .Dim = 4:3, .Dimnames = list(
        c("-2", "-1", "0", "1"), c("A", "C", "G"))), N = 799)), 
    `2` = structure(c(0, 0, 0, 0, 0, 1, 644, 0, 0, 0, 0, 0), .Dim = 4:3, .Dimnames = list(
        c("-2", "-1", "0", "1"), c("A", "C", "G"))))))
