Results <-
list(`bwa.out//20220204//MLPA80_S12.sam` = list(IM16_SNP1 = list(
    All = list(Freqs = structure(c(37L, 4438L, 72L, 3L, 4L, 0L, 
    1L, 0L, 0L, 0L, 0L, 1L, 0L, 0L, 1L, 2L, 58L, 3L, 0L, 0L), .Dim = 5:4, .Dimnames = structure(list(
        c("-1", "0", "1", "2", NA), c("A", "C", "G", NA)), .Names = c("", 
    "")), class = "table"), N = 4620L), Tag.Distribution = structure(c(`1` = 140L, 
    `2` = 58L, `3` = 59L, `4` = 59L, `5` = 34L, `6` = 38L, `7` = 30L, 
    `8` = 38L, `9` = 32L, `10` = 23L, `11` = 31L, `12` = 17L, 
    `13` = 12L, `14` = 6L, `15` = 12L, `16` = 8L, `17` = 4L, 
    `18` = 10L, `19` = 6L, `20` = 5L, `21` = 7L, `22` = 6L, `23` = 6L, 
    `24` = 3L, `25` = 4L, `26` = 2L, `28` = 2L, `31` = 2L, `33` = 1L, 
    `34` = 2L, `48` = 1L), .Dim = 31L, .Dimnames = list(TagUsage = c("1", 
    "2", "3", "4", "5", "6", "7", "8", "9", "10", "11", "12", 
    "13", "14", "15", "16", "17", "18", "19", "20", "21", "22", 
    "23", "24", "25", "26", "28", "31", "33", "34", "48")), class = "table"), 
    No.Tag = structure(c(0L, 53L, 0L, 0L, 1L, 0L, 0L, 0L, 0L, 
    0L, 0L, 0L, 0L, 0L, 1L, 0L, 3L, 0L, 0L, 0L), .Dim = 5:4, .Dimnames = structure(list(
        c("-1", "0", "1", "2", NA), c("A", "C", "G", NA)), .Names = c("", 
    "")), class = "table"), All.Tags = list(Concordant = list(
        Freqs = structure(c(1, 563, 2, 0, 0, 0, 0, 0, 0, 1, 0, 
        0), .Dim = 4:3, .Dimnames = list(c("-1", "0", "1", "2"
        ), c("A", "C", "G"))), N = 567), Majority = list(Freqs = structure(c(2, 
    643, 3, 0, 0, 0, 0, 0, 0, 1, 0, 0), .Dim = 4:3, .Dimnames = list(
        c("-1", "0", "1", "2"), c("A", "C", "G"))), N = 649)), 
    `2` = structure(c(1, 513, 1, 0, 0, 0, 0, 0, 0, 0, 0, 0), .Dim = 4:3, .Dimnames = list(
        c("-1", "0", "1", "2"), c("A", "C", "G"))))))
