Results <-
list(`bwa.out//20220204//Control29_S22.sam` = list(DEPDC2_SNP1 = list(
    All = list(Freqs = structure(c(0L, 2L, 0L, 0L, 20L, 4107L, 
    15L, 14L, 1L, 74L, 1L, 0L), .Dim = 4:3, .Dimnames = structure(list(
        c("-1", "0", "1", NA), c("C", "T", NA)), .Names = c("", 
    "")), class = "table"), N = 4234L), Tag.Distribution = structure(c(`1` = 197L, 
    `2` = 85L, `3` = 76L, `4` = 64L, `5` = 54L, `6` = 43L, `7` = 38L, 
    `8` = 29L, `9` = 32L, `10` = 19L, `11` = 13L, `12` = 16L, 
    `13` = 11L, `14` = 11L, `15` = 14L, `16` = 5L, `17` = 9L, 
    `18` = 4L, `19` = 4L, `20` = 6L, `21` = 1L, `22` = 5L, `23` = 1L, 
    `24` = 5L, `25` = 1L, `27` = 1L, `31` = 2L), .Dim = 27L, .Dimnames = list(
        TagUsage = c("1", "2", "3", "4", "5", "6", "7", "8", 
        "9", "10", "11", "12", "13", "14", "15", "16", "17", 
        "18", "19", "20", "21", "22", "23", "24", "25", "27", 
        "31")), class = "table"), No.Tag = structure(c(0L, 1L, 
    0L, 0L, 0L, 132L, 1L, 2L, 1L, 11L, 0L, 0L), .Dim = 4:3, .Dimnames = structure(list(
        c("-1", "0", "1", NA), c("C", "T", NA)), .Names = c("", 
    "")), class = "table"), All.Tags = list(Concordant = list(
        Freqs = structure(c(0, 0, 0, 0, 701, 0), .Dim = 3:2, .Dimnames = list(
            c("-1", "0", "1"), c("C", "T"))), N = 701), Majority = list(
        Freqs = structure(c(0, 0, 0, 0, 730, 0), .Dim = 3:2, .Dimnames = list(
            c("-1", "0", "1"), c("C", "T"))), N = 730)), `2` = structure(c(0, 
    0, 0, 0, 547, 0), .Dim = 3:2, .Dimnames = list(c("-1", "0", 
    "1"), c("C", "T"))))))
