Results <-
list(`bwa.out//20220204//Control14_S7.sam` = list(LR52_SNP1 = list(
    All = list(Freqs = structure(c(1L, 24L, 341L, 3045L, 38L, 
    1L, 12L, 0L, 0L, 0L, 4L, 0L, 0L, 0L, 0L, 0L, 7L, 109L, 3L, 
    0L, 0L), .Dim = c(7L, 3L), .Dimnames = structure(list(c("-3", 
    "-2", "-1", "0", "1", "2", NA), c("C", "T", NA)), .Names = c("", 
    "")), class = "table"), N = 3585L), Tag.Distribution = structure(c(`1` = 60L, 
    `2` = 31L, `3` = 31L, `4` = 30L, `5` = 23L, `6` = 17L, `7` = 14L, 
    `8` = 15L, `9` = 12L, `10` = 12L, `11` = 10L, `12` = 11L, 
    `13` = 6L, `14` = 8L, `15` = 11L, `16` = 5L, `17` = 3L, `18` = 7L, 
    `19` = 4L, `20` = 3L, `21` = 8L, `22` = 4L, `23` = 3L, `24` = 5L, 
    `25` = 2L, `26` = 4L, `27` = 4L, `28` = 2L, `29` = 2L, `30` = 2L, 
    `31` = 2L, `32` = 1L, `33` = 2L, `37` = 1L, `38` = 3L, `39` = 1L, 
    `40` = 2L, `41` = 3L, `42` = 1L), .Dim = 39L, .Dimnames = list(
        TagUsage = c("1", "2", "3", "4", "5", "6", "7", "8", 
        "9", "10", "11", "12", "13", "14", "15", "16", "17", 
        "18", "19", "20", "21", "22", "23", "24", "25", "26", 
        "27", "28", "29", "30", "31", "32", "33", "37", "38", 
        "39", "40", "41", "42")), class = "table"), No.Tag = structure(c(0L, 
    0L, 9L, 98L, 0L, 1L, 1L, 0L, 0L, 0L, 0L, 0L, 0L, 0L, 0L, 
    0L, 0L, 12L, 0L, 0L, 0L), .Dim = c(7L, 3L), .Dimnames = structure(list(
        c("-3", "-2", "-1", "0", "1", "2", NA), c("C", "T", NA
        )), .Names = c("", "")), class = "table"), All.Tags = list(
        Concordant = list(Freqs = structure(c(0, 0, 6, 173, 2, 
        0, 0, 0, 0, 4, 0, 0), .Dim = c(6L, 2L), .Dimnames = list(
            c("-3", "-2", "-1", "0", "1", "2"), c("C", "T"))), 
            N = 185), Majority = list(Freqs = structure(c(0, 
        0, 7, 332, 3, 0, 0, 0, 0, 4, 0, 0), .Dim = c(6L, 2L), .Dimnames = list(
            c("-3", "-2", "-1", "0", "1", "2"), c("C", "T"))), 
            N = 346)), `2` = structure(c(0, 0, 5, 285, 2, 0, 
    0, 0, 0, 0, 0, 0), .Dim = c(6L, 2L), .Dimnames = list(c("-3", 
    "-2", "-1", "0", "1", "2"), c("C", "T"))))))
