Results <-
list(`bwa.out//20220204//BlindCMMRD89_S48.sam` = list(GM26_SNP1 = list(
    All = list(Freqs = structure(c(28L, 3754L, 9L, 6L, 0L, 2L, 
    0L, 1L, 1L, 28L, 1L, 0L), .Dim = 4:3, .Dimnames = structure(list(
        c("-1", "0", "1", NA), c("A", "G", NA)), .Names = c("", 
    "")), class = "table"), N = 3830L), Tag.Distribution = structure(c(`1` = 105L, 
    `2` = 62L, `3` = 54L, `4` = 40L, `5` = 36L, `6` = 31L, `7` = 36L, 
    `8` = 28L, `9` = 15L, `10` = 14L, `11` = 8L, `12` = 13L, 
    `13` = 21L, `14` = 7L, `15` = 4L, `16` = 13L, `17` = 6L, 
    `18` = 5L, `19` = 8L, `20` = 8L, `21` = 5L, `22` = 3L, `23` = 3L, 
    `24` = 2L, `26` = 2L, `27` = 1L, `28` = 3L, `29` = 2L, `30` = 1L, 
    `31` = 2L, `32` = 1L, `33` = 2L, `45` = 1L), .Dim = 33L, .Dimnames = list(
        TagUsage = c("1", "2", "3", "4", "5", "6", "7", "8", 
        "9", "10", "11", "12", "13", "14", "15", "16", "17", 
        "18", "19", "20", "21", "22", "23", "24", "26", "27", 
        "28", "29", "30", "31", "32", "33", "45")), class = "table"), 
    No.Tag = structure(c(0L, 28L, 0L, 0L, 0L, 0L, 0L, 1L, 0L, 
    2L, 0L, 0L), .Dim = 4:3, .Dimnames = structure(list(c("-1", 
    "0", "1", NA), c("A", "G", NA)), .Names = c("", "")), class = "table"), 
    All.Tags = list(Concordant = list(Freqs = structure(c(1, 
    501, 1, 0, 1, 0), .Dim = 3:2, .Dimnames = list(c("-1", "0", 
    "1"), c("A", "G"))), N = 504), Majority = list(Freqs = structure(c(1, 
    534, 1, 0, 1, 0), .Dim = 3:2, .Dimnames = list(c("-1", "0", 
    "1"), c("A", "G"))), N = 537)), `2` = structure(c(0, 437, 
    0, 0, 0, 0), .Dim = 3:2, .Dimnames = list(c("-1", "0", "1"
    ), c("A", "G"))))))
