Results <-
list(`bwa.out//20220204//BlindCMMRD78_S37.sam` = list(LR36_SNP1 = list(
    All = list(Freqs = structure(c(0L, 0L, 0L, 2L, 0L, 0L, 0L, 
    1L, 32L, 1416L, 12L, 8L, 1L, 1L, 22L, 1378L, 9L, 14L, 0L, 
    1L, 1L, 90L, 3L, 0L), .Dim = c(6L, 4L), .Dimnames = structure(list(
        c("-3", "-2", "-1", "0", "1", NA), c("-", "A", "T", NA
        )), .Names = c("", "")), class = "table"), N = 2991L), 
    Tag.Distribution = structure(c(`1` = 90L, `2` = 42L, `3` = 43L, 
    `4` = 33L, `5` = 26L, `6` = 18L, `7` = 25L, `8` = 23L, `9` = 19L, 
    `10` = 21L, `11` = 10L, `12` = 8L, `13` = 12L, `14` = 12L, 
    `15` = 9L, `16` = 4L, `17` = 5L, `18` = 7L, `19` = 3L, `20` = 6L, 
    `21` = 5L, `22` = 1L, `23` = 2L, `26` = 3L, `31` = 1L, `32` = 1L
    ), .Dim = 26L, .Dimnames = list(TagUsage = c("1", "2", "3", 
    "4", "5", "6", "7", "8", "9", "10", "11", "12", "13", "14", 
    "15", "16", "17", "18", "19", "20", "21", "22", "23", "26", 
    "31", "32")), class = "table"), No.Tag = structure(c(0L, 
    0L, 0L, 1L, 0L, 0L, 0L, 0L, 1L, 54L, 0L, 1L, 0L, 0L, 2L, 
    72L, 2L, 3L, 0L, 0L, 0L, 11L, 0L, 0L), .Dim = c(6L, 4L), .Dimnames = structure(list(
        c("-3", "-2", "-1", "0", "1", NA), c("-", "A", "T", NA
        )), .Names = c("", "")), class = "table"), All.Tags = list(
        Concordant = list(Freqs = structure(c(0, 0, 0, 0, 0, 
        0, 0, 0, 161, 0, 0, 0, 0, 176, 0), .Dim = c(5L, 3L), .Dimnames = list(
            c("-3", "-2", "-1", "0", "1"), c("-", "A", "T"))), 
            N = 337), Majority = list(Freqs = structure(c(0, 
        0, 0, 0, 0, 0, 0, 0, 204, 0, 0, 0, 0, 205, 0), .Dim = c(5L, 
        3L), .Dimnames = list(c("-3", "-2", "-1", "0", "1"), 
            c("-", "A", "T"))), N = 409)), `2` = structure(c(0, 
    0, 0, 0, 0, 0, 0, 0, 169, 0, 0, 0, 0, 163, 0), .Dim = c(5L, 
    3L), .Dimnames = list(c("-3", "-2", "-1", "0", "1"), c("-", 
    "A", "T"))))))
