Results <-
list(`bwa.out//20220204//BlindCMMRD53_S12.sam` = list(GM14_SNP1 = list(
    All = list(Freqs = structure(c(2L, 80L, 2600L, 21L, 10L, 
    0L, 0L, 1L, 0L, 0L, 0L, 0L, 20L, 1L, 0L), .Dim = c(5L, 3L
    ), .Dimnames = structure(list(c("-2", "-1", "0", "1", NA), 
        c("C", "T", NA)), .Names = c("", "")), class = "table"), 
        N = 2735L), Tag.Distribution = structure(c(`1` = 73L, 
    `2` = 34L, `3` = 41L, `4` = 30L, `5` = 17L, `6` = 19L, `7` = 12L, 
    `8` = 17L, `9` = 11L, `10` = 9L, `11` = 12L, `12` = 6L, `13` = 13L, 
    `14` = 2L, `15` = 11L, `16` = 9L, `17` = 6L, `18` = 8L, `19` = 5L, 
    `20` = 3L, `21` = 2L, `22` = 3L, `23` = 3L, `24` = 3L, `25` = 3L, 
    `26` = 2L, `27` = 1L, `31` = 1L, `34` = 1L, `41` = 1L), .Dim = 30L, .Dimnames = list(
        TagUsage = c("1", "2", "3", "4", "5", "6", "7", "8", 
        "9", "10", "11", "12", "13", "14", "15", "16", "17", 
        "18", "19", "20", "21", "22", "23", "24", "25", "26", 
        "27", "31", "34", "41")), class = "table"), No.Tag = structure(c(0L, 
    2L, 118L, 1L, 0L, 0L, 0L, 0L, 0L, 0L, 0L, 0L, 2L, 0L, 0L), .Dim = c(5L, 
    3L), .Dimnames = structure(list(c("-2", "-1", "0", "1", NA
    ), c("C", "T", NA)), .Names = c("", "")), class = "table"), 
    All.Tags = list(Concordant = list(Freqs = structure(c(0, 
    1, 276, 0, 0, 0, 1, 0), .Dim = c(4L, 2L), .Dimnames = list(
        c("-2", "-1", "0", "1"), c("C", "T"))), N = 278), Majority = list(
        Freqs = structure(c(0, 1, 349, 0, 0, 0, 1, 0), .Dim = c(4L, 
        2L), .Dimnames = list(c("-2", "-1", "0", "1"), c("C", 
        "T"))), N = 351)), `2` = structure(c(0, 1, 282, 0, 0, 
    0, 0, 0), .Dim = c(4L, 2L), .Dimnames = list(c("-2", "-1", 
    "0", "1"), c("C", "T"))))))
