Results <-
list(`bwa.out//20220204//Control19_S12.sam` = list(LR10_SNP1 = list(
    All = list(Freqs = structure(c(0L, 0L, 1L, 0L, 0L, 1L, 26L, 
    2097L, 6L, 2L, 0L, 1L, 29L, 0L, 0L), .Dim = c(5L, 3L), .Dimnames = structure(list(
        c("-2", "-1", "0", "1", NA), c("C", "T", NA)), .Names = c("", 
    "")), class = "table"), N = 2163L), Tag.Distribution = structure(c(`1` = 67L, 
    `2` = 38L, `3` = 24L, `4` = 32L, `5` = 22L, `6` = 22L, `7` = 29L, 
    `8` = 12L, `9` = 19L, `10` = 11L, `11` = 9L, `12` = 7L, `14` = 5L, 
    `15` = 6L, `16` = 5L, `17` = 3L, `18` = 1L, `19` = 7L, `20` = 2L, 
    `21` = 4L, `22` = 1L, `24` = 2L, `26` = 1L, `27` = 1L, `28` = 1L, 
    `30` = 1L), .Dim = 26L, .Dimnames = list(TagUsage = c("1", 
    "2", "3", "4", "5", "6", "7", "8", "9", "10", "11", "12", 
    "14", "15", "16", "17", "18", "19", "20", "21", "22", "24", 
    "26", "27", "28", "30")), class = "table"), No.Tag = structure(c(0L, 
    0L, 0L, 0L, 0L, 0L, 2L, 61L, 0L, 0L, 0L, 0L, 5L, 0L, 0L), .Dim = c(5L, 
    3L), .Dimnames = structure(list(c("-2", "-1", "0", "1", NA
    ), c("C", "T", NA)), .Names = c("", "")), class = "table"), 
    All.Tags = list(Concordant = list(Freqs = structure(c(0, 
    0, 1, 0, 0, 0, 301, 0), .Dim = c(4L, 2L), .Dimnames = list(
        c("-2", "-1", "0", "1"), c("C", "T"))), N = 302), Majority = list(
        Freqs = structure(c(0, 0, 1, 0, 0, 0, 328, 0), .Dim = c(4L, 
        2L), .Dimnames = list(c("-2", "-1", "0", "1"), c("C", 
        "T"))), N = 329)), `2` = structure(c(0, 0, 0, 0, 0, 0, 
    265, 0), .Dim = c(4L, 2L), .Dimnames = list(c("-2", "-1", 
    "0", "1"), c("C", "T"))))))
