Results <-
list(`bwa.out//20220204//BlindCMMRD55_S14.sam` = list(LR20_SNP1 = list(
    All = list(Freqs = structure(c(0L, 1L, 0L, 0L, 7L, 4036L, 
    2L, 2L, 0L, 3L, 0L, 1L, 0L, 9L, 0L, 0L), .Dim = c(4L, 4L), .Dimnames = structure(list(
        c("-1", "0", "1", NA), c("-", "A", "G", NA)), .Names = c("", 
    "")), class = "table"), N = 4061L), Tag.Distribution = structure(c(`1` = 122L, 
    `2` = 61L, `3` = 62L, `4` = 51L, `5` = 65L, `6` = 40L, `7` = 35L, 
    `8` = 30L, `9` = 20L, `10` = 10L, `11` = 26L, `12` = 18L, 
    `13` = 13L, `14` = 11L, `15` = 7L, `16` = 11L, `17` = 6L, 
    `18` = 5L, `19` = 5L, `20` = 4L, `21` = 6L, `22` = 4L, `23` = 2L, 
    `24` = 1L, `26` = 1L, `27` = 4L, `28` = 1L, `29` = 2L, `30` = 1L, 
    `33` = 1L), .Dim = 30L, .Dimnames = list(TagUsage = c("1", 
    "2", "3", "4", "5", "6", "7", "8", "9", "10", "11", "12", 
    "13", "14", "15", "16", "17", "18", "19", "20", "21", "22", 
    "23", "24", "26", "27", "28", "29", "30", "33")), class = "table"), 
    No.Tag = structure(c(0L, 0L, 0L, 0L, 0L, 56L, 0L, 1L, 0L, 
    0L, 0L, 0L, 0L, 0L, 0L, 0L), .Dim = c(4L, 4L), .Dimnames = structure(list(
        c("-1", "0", "1", NA), c("-", "A", "G", NA)), .Names = c("", 
    "")), class = "table"), All.Tags = list(Concordant = list(
        Freqs = structure(c(0, 0, 0, 0, 610, 0, 0, 2, 0), .Dim = c(3L, 
        3L), .Dimnames = list(c("-1", "0", "1"), c("-", "A", 
        "G"))), N = 612), Majority = list(Freqs = structure(c(0, 
    0, 0, 0, 621, 0, 0, 2, 0), .Dim = c(3L, 3L), .Dimnames = list(
        c("-1", "0", "1"), c("-", "A", "G"))), N = 623)), `2` = structure(c(0, 
    0, 0, 0, 503, 0, 0, 0, 0), .Dim = c(3L, 3L), .Dimnames = list(
        c("-1", "0", "1"), c("-", "A", "G"))))))
