Results <-
list(`bwa.out//20220204//MLPA99_S13.sam` = list(LR46_SNP1 = list(
    All = list(Freqs = structure(c(22L, 4378L, 11L, 13L, 0L, 
    3L, 0L, 0L, 0L, 23L, 0L, 0L), .Dim = 4:3, .Dimnames = structure(list(
        c("-1", "0", "1", NA), c("G", "T", NA)), .Names = c("", 
    "")), class = "table"), N = 4450L), Tag.Distribution = structure(c(`1` = 136L, 
    `2` = 17L, `3` = 14L, `4` = 7L, `5` = 15L, `6` = 13L, `7` = 9L, 
    `8` = 9L, `9` = 5L, `10` = 14L, `11` = 10L, `12` = 8L, `13` = 11L, 
    `14` = 8L, `15` = 7L, `16` = 9L, `17` = 11L, `18` = 12L, 
    `19` = 10L, `20` = 3L, `21` = 7L, `22` = 10L, `23` = 6L, 
    `24` = 3L, `25` = 2L, `26` = 1L, `27` = 3L, `28` = 3L, `29` = 1L, 
    `33` = 1L, `34` = 2L, `35` = 1L, `36` = 1L, `37` = 2L, `40` = 1L, 
    `42` = 1L, `43` = 2L, `44` = 1L, `47` = 2L, `48` = 1L, `49` = 2L, 
    `50` = 3L, `51` = 1L, `54` = 2L, `56` = 2L, `57` = 1L, `58` = 2L, 
    `64` = 1L), .Dim = 48L, .Dimnames = list(TagUsage = c("1", 
    "2", "3", "4", "5", "6", "7", "8", "9", "10", "11", "12", 
    "13", "14", "15", "16", "17", "18", "19", "20", "21", "22", 
    "23", "24", "25", "26", "27", "28", "29", "33", "34", "35", 
    "36", "37", "40", "42", "43", "44", "47", "48", "49", "50", 
    "51", "54", "56", "57", "58", "64")), class = "table"), No.Tag = structure(c(1L, 
    162L, 0L, 2L, 0L, 0L, 0L, 0L, 0L, 6L, 0L, 0L), .Dim = 4:3, .Dimnames = structure(list(
        c("-1", "0", "1", NA), c("G", "T", NA)), .Names = c("", 
    "")), class = "table"), All.Tags = list(Concordant = list(
        Freqs = structure(c(0, 357, 0, 0, 3, 0), .Dim = 3:2, .Dimnames = list(
            c("-1", "0", "1"), c("G", "T"))), N = 360), Majority = list(
        Freqs = structure(c(0, 386, 0, 0, 3, 0), .Dim = 3:2, .Dimnames = list(
            c("-1", "0", "1"), c("G", "T"))), N = 389)), `2` = structure(c(0, 
    257, 0, 0, 0, 0), .Dim = 3:2, .Dimnames = list(c("-1", "0", 
    "1"), c("G", "T"))))))
