Results <-
list(`bwa.out//20220204//BlindCMMRD54_S13.sam` = list(LR44_SNP1 = list(
    All = list(Freqs = structure(c(0L, 0L, 0L, 1L, 0L, 0L, 0L, 
    3L, 35L, 831L, 6121L, 93L, 2L, 27L, 0L, 0L, 2L, 0L, 0L, 0L, 
    0L, 0L, 1L, 11L, 162L, 3L, 0L, 0L), .Dim = c(7L, 4L), .Dimnames = structure(list(
        c("-3", "-2", "-1", "0", "1", "2", NA), c("A", "C", "T", 
        NA)), .Names = c("", "")), class = "table"), N = 7292L), 
    Tag.Distribution = structure(c(`1` = 138L, `2` = 62L, `3` = 62L, 
    `4` = 46L, `5` = 41L, `6` = 45L, `7` = 39L, `8` = 39L, `9` = 34L, 
    `10` = 19L, `11` = 16L, `12` = 22L, `13` = 19L, `14` = 20L, 
    `15` = 14L, `16` = 16L, `17` = 12L, `18` = 12L, `19` = 20L, 
    `20` = 15L, `21` = 8L, `22` = 5L, `23` = 8L, `24` = 7L, `25` = 10L, 
    `26` = 8L, `27` = 9L, `28` = 2L, `29` = 5L, `30` = 2L, `31` = 1L, 
    `32` = 1L, `33` = 5L, `34` = 5L, `35` = 3L, `37` = 1L, `39` = 2L, 
    `41` = 1L, `43` = 1L, `44` = 1L, `49` = 1L), .Dim = 41L, .Dimnames = list(
        TagUsage = c("1", "2", "3", "4", "5", "6", "7", "8", 
        "9", "10", "11", "12", "13", "14", "15", "16", "17", 
        "18", "19", "20", "21", "22", "23", "24", "25", "26", 
        "27", "28", "29", "30", "31", "32", "33", "34", "35", 
        "37", "39", "41", "43", "44", "49")), class = "table"), 
    No.Tag = structure(c(0L, 0L, 0L, 0L, 0L, 0L, 0L, 0L, 1L, 
    34L, 143L, 1L, 0L, 2L, 0L, 0L, 0L, 0L, 0L, 0L, 0L, 0L, 0L, 
    0L, 3L, 0L, 0L, 0L), .Dim = c(7L, 4L), .Dimnames = structure(list(
        c("-3", "-2", "-1", "0", "1", "2", NA), c("A", "C", "T", 
        NA)), .Names = c("", "")), class = "table"), All.Tags = list(
        Concordant = list(Freqs = structure(c(0, 0, 0, 0, 0, 
        0, 2, 1, 26, 435, 1, 0, 0, 0, 1, 0, 0, 0), .Dim = c(6L, 
        3L), .Dimnames = list(c("-3", "-2", "-1", "0", "1", "2"
        ), c("A", "C", "T"))), N = 466), Majority = list(Freqs = structure(c(0, 
        0, 0, 0, 0, 0, 2, 1, 51, 705, 2, 0, 0, 0, 1, 0, 0, 0), .Dim = c(6L, 
        3L), .Dimnames = list(c("-3", "-2", "-1", "0", "1", "2"
        ), c("A", "C", "T"))), N = 762)), `2` = structure(c(0, 
    0, 0, 0, 0, 0, 0, 1, 44, 586, 1, 0, 0, 0, 0, 0, 0, 0), .Dim = c(6L, 
    3L), .Dimnames = list(c("-3", "-2", "-1", "0", "1", "2"), 
        c("A", "C", "T"))))))
