Results <-
list(`bwa.out//20220204//BlindCMMRD110_S36.sam` = list(GM14_SNP1 = list(
    All = list(Freqs = structure(c(0L, 1L, 0L, 0L, 0L, 0L, 8L, 
    0L, 0L, 0L, 81L, 4115L, 15L, 1L, 4L, 0L, 45L, 0L, 0L, 0L), .Dim = 5:4, .Dimnames = structure(list(
        c("-1", "0", "1", "2", NA), c("A", "C", "T", NA)), .Names = c("", 
    "")), class = "table"), N = 4270L), Tag.Distribution = structure(c(`1` = 139L, 
    `2` = 111L, `3` = 85L, `4` = 84L, `5` = 62L, `6` = 65L, `7` = 50L, 
    `8` = 48L, `9` = 37L, `10` = 33L, `11` = 17L, `12` = 20L, 
    `13` = 19L, `14` = 7L, `15` = 4L, `16` = 3L, `18` = 2L, `19` = 4L, 
    `20` = 1L, `21` = 2L, `22` = 1L, `27` = 1L, `28` = 1L), .Dim = 23L, .Dimnames = list(
        TagUsage = c("1", "2", "3", "4", "5", "6", "7", "8", 
        "9", "10", "11", "12", "13", "14", "15", "16", "18", 
        "19", "20", "21", "22", "27", "28")), class = "table"), 
    No.Tag = structure(c(0L, 0L, 0L, 0L, 0L, 0L, 0L, 0L, 0L, 
    0L, 1L, 85L, 1L, 0L, 0L, 0L, 3L, 0L, 0L, 0L), .Dim = 5:4, .Dimnames = structure(list(
        c("-1", "0", "1", "2", NA), c("A", "C", "T", NA)), .Names = c("", 
    "")), class = "table"), All.Tags = list(Concordant = list(
        Freqs = structure(c(0, 0, 0, 0, 0, 7, 0, 0, 5, 700, 1, 
        0), .Dim = 4:3, .Dimnames = list(c("-1", "0", "1", "2"
        ), c("A", "C", "T"))), N = 713), Majority = list(Freqs = structure(c(0, 
    0, 0, 0, 0, 7, 0, 0, 5, 772, 1, 0), .Dim = 4:3, .Dimnames = list(
        c("-1", "0", "1", "2"), c("A", "C", "T"))), N = 785)), 
    `2` = structure(c(0, 0, 0, 0, 0, 0, 0, 0, 1, 648, 0, 0), .Dim = 4:3, .Dimnames = list(
        c("-1", "0", "1", "2"), c("A", "C", "T"))))))
