Results <-
list(`bwa.out//20220204//BlindCMMRD57_S16.sam` = list(LR46_SNP1 = list(
    All = list(Freqs = structure(c(0L, 1L, 0L, 0L, 0L, 9L, 2041L, 
    4L, 1L, 4L, 12L, 1710L, 0L, 0L, 0L, 1L, 24L, 0L, 0L, 0L), .Dim = 5:4, .Dimnames = structure(list(
        c("-1", "0", "1", "2", NA), c("-", "G", "T", NA)), .Names = c("", 
    "")), class = "table"), N = 3807L), Tag.Distribution = structure(c(`1` = 80L, 
    `2` = 39L, `3` = 36L, `4` = 30L, `5` = 21L, `6` = 30L, `7` = 25L, 
    `8` = 19L, `9` = 18L, `10` = 20L, `11` = 17L, `12` = 13L, 
    `13` = 7L, `14` = 6L, `15` = 8L, `16` = 2L, `17` = 9L, `18` = 9L, 
    `19` = 4L, `20` = 3L, `21` = 6L, `22` = 7L, `23` = 6L, `24` = 5L, 
    `25` = 2L, `26` = 1L, `27` = 2L, `29` = 1L, `30` = 1L, `31` = 1L, 
    `33` = 1L, `34` = 3L, `35` = 1L, `36` = 2L, `37` = 2L, `40` = 1L, 
    `42` = 1L), .Dim = 37L, .Dimnames = list(TagUsage = c("1", 
    "2", "3", "4", "5", "6", "7", "8", "9", "10", "11", "12", 
    "13", "14", "15", "16", "17", "18", "19", "20", "21", "22", 
    "23", "24", "25", "26", "27", "29", "30", "31", "33", "34", 
    "35", "36", "37", "40", "42")), class = "table"), No.Tag = structure(c(0L, 
    0L, 0L, 0L, 0L, 0L, 78L, 1L, 0L, 1L, 0L, 88L, 0L, 0L, 0L, 
    0L, 2L, 0L, 0L, 0L), .Dim = 5:4, .Dimnames = structure(list(
        c("-1", "0", "1", "2", NA), c("-", "G", "T", NA)), .Names = c("", 
    "")), class = "table"), All.Tags = list(Concordant = list(
        Freqs = structure(c(0, 0, 0, 0, 0, 195, 0, 0, 0, 207, 
        0, 0), .Dim = 4:3, .Dimnames = list(c("-1", "0", "1", 
        "2"), c("-", "G", "T"))), N = 402), Majority = list(Freqs = structure(c(0, 
    0, 0, 0, 0, 214, 0, 0, 1, 220, 0, 0), .Dim = 4:3, .Dimnames = list(
        c("-1", "0", "1", "2"), c("-", "G", "T"))), N = 435)), 
    `2` = structure(c(0, 0, 0, 0, 0, 184, 0, 0, 1, 171, 0, 0), .Dim = 4:3, .Dimnames = list(
        c("-1", "0", "1", "2"), c("-", "G", "T"))))))
