Results <-
list(`bwa.out//20220204//Control20_S13.sam` = list(LR49_SNP1 = list(
    All = list(Freqs = structure(c(0L, 4L, 0L, 0L, 3L, 2913L, 
    1L, 2L, 0L, 18L, 0L, 0L), .Dim = 4:3, .Dimnames = structure(list(
        c("-1", "0", "1", NA), c("A", "G", NA)), .Names = c("", 
    "")), class = "table"), N = 2941L), Tag.Distribution = structure(c(`1` = 123L, 
    `2` = 50L, `3` = 40L, `4` = 53L, `5` = 35L, `6` = 22L, `7` = 23L, 
    `8` = 21L, `9` = 19L, `10` = 10L, `11` = 11L, `12` = 8L, 
    `13` = 11L, `14` = 6L, `15` = 5L, `16` = 3L, `17` = 3L, `18` = 5L, 
    `19` = 2L, `20` = 7L, `21` = 4L, `22` = 3L, `23` = 2L, `24` = 2L, 
    `25` = 1L, `28` = 3L, `29` = 1L, `35` = 1L), .Dim = 28L, .Dimnames = list(
        TagUsage = c("1", "2", "3", "4", "5", "6", "7", "8", 
        "9", "10", "11", "12", "13", "14", "15", "16", "17", 
        "18", "19", "20", "21", "22", "23", "24", "25", "28", 
        "29", "35")), class = "table"), No.Tag = structure(c(0L, 
    1L, 0L, 0L, 1L, 168L, 0L, 1L, 0L, 5L, 0L, 0L), .Dim = 4:3, .Dimnames = structure(list(
        c("-1", "0", "1", NA), c("A", "G", NA)), .Names = c("", 
    "")), class = "table"), All.Tags = list(Concordant = list(
        Freqs = structure(c(0, 1, 0, 0, 466, 0), .Dim = 3:2, .Dimnames = list(
            c("-1", "0", "1"), c("A", "G"))), N = 467), Majority = list(
        Freqs = structure(c(0, 1, 0, 0, 471, 0), .Dim = 3:2, .Dimnames = list(
            c("-1", "0", "1"), c("A", "G"))), N = 472)), `2` = structure(c(0, 
    0, 0, 0, 351, 0), .Dim = 3:2, .Dimnames = list(c("-1", "0", 
    "1"), c("A", "G"))))))
