Results <-
list(`bwa.out//20220204//MLPA03_S10.sam` = list(DEPDC2_SNP1 = list(
    All = list(Freqs = structure(c(0L, 4L, 1L, 0L, 25L, 3985L, 
    24L, 18L, 0L, 3L, 0L, 1L, 0L, 61L, 0L, 0L), .Dim = c(4L, 
    4L), .Dimnames = structure(list(c("-1", "0", "1", NA), c("A", 
    "C", "T", NA)), .Names = c("", "")), class = "table"), N = 4122L), 
    Tag.Distribution = structure(c(`1` = 176L, `2` = 91L, `3` = 54L, 
    `4` = 44L, `5` = 41L, `6` = 27L, `7` = 30L, `8` = 14L, `9` = 33L, 
    `10` = 14L, `11` = 12L, `12` = 16L, `13` = 8L, `14` = 12L, 
    `15` = 7L, `16` = 4L, `17` = 7L, `18` = 11L, `19` = 7L, `20` = 5L, 
    `21` = 2L, `23` = 3L, `24` = 3L, `25` = 4L, `26` = 4L, `27` = 1L, 
    `28` = 2L, `29` = 3L, `30` = 1L, `31` = 1L, `32` = 3L, `35` = 2L, 
    `37` = 1L, `39` = 1L), .Dim = 34L, .Dimnames = list(TagUsage = c("1", 
    "2", "3", "4", "5", "6", "7", "8", "9", "10", "11", "12", 
    "13", "14", "15", "16", "17", "18", "19", "20", "21", "23", 
    "24", "25", "26", "27", "28", "29", "30", "31", "32", "35", 
    "37", "39")), class = "table"), No.Tag = structure(c(0L, 
    0L, 0L, 0L, 0L, 110L, 0L, 6L, 0L, 0L, 0L, 1L, 0L, 8L, 0L, 
    0L), .Dim = c(4L, 4L), .Dimnames = structure(list(c("-1", 
    "0", "1", NA), c("A", "C", "T", NA)), .Names = c("", "")), class = "table"), 
    All.Tags = list(Concordant = list(Freqs = structure(c(0, 
    1, 0, 2, 586, 1, 0, 1, 0), .Dim = c(3L, 3L), .Dimnames = list(
        c("-1", "0", "1"), c("A", "C", "T"))), N = 591), Majority = list(
        Freqs = structure(c(0, 1, 0, 2, 626, 1, 0, 1, 0), .Dim = c(3L, 
        3L), .Dimnames = list(c("-1", "0", "1"), c("A", "C", 
        "T"))), N = 631)), `2` = structure(c(0, 1, 0, 1, 464, 
    0, 0, 0, 0), .Dim = c(3L, 3L), .Dimnames = list(c("-1", "0", 
    "1"), c("A", "C", "T"))))))
