Results <-
list(`bwa.out//20220204//BlindCMMRD133_S59.sam` = list(DEPDC2_SNP1 = list(
    All = list(Freqs = structure(c(0L, 0L, 1L, 0L, 0L, 0L, 0L, 
    1L, 0L, 0L, 2L, 19L, 4553L, 20L, 12L, 0L, 1L, 87L, 1L, 0L
    ), .Dim = 5:4, .Dimnames = structure(list(c("-2", "-1", "0", 
    "1", NA), c("A", "C", "T", NA)), .Names = c("", "")), class = "table"), 
        N = 4697L), Tag.Distribution = structure(c(`1` = 279L, 
    `2` = 209L, `3` = 193L, `4` = 143L, `5` = 111L, `6` = 72L, 
    `7` = 52L, `8` = 38L, `9` = 36L, `10` = 22L, `11` = 10L, 
    `12` = 14L, `13` = 7L, `14` = 6L, `15` = 2L, `17` = 2L, `19` = 1L, 
    `20` = 1L), .Dim = 18L, .Dimnames = list(TagUsage = c("1", 
    "2", "3", "4", "5", "6", "7", "8", "9", "10", "11", "12", 
    "13", "14", "15", "17", "19", "20")), class = "table"), No.Tag = structure(c(0L, 
    0L, 0L, 0L, 0L, 0L, 0L, 0L, 0L, 0L, 0L, 0L, 89L, 0L, 2L, 
    0L, 0L, 3L, 0L, 0L), .Dim = 5:4, .Dimnames = structure(list(
        c("-2", "-1", "0", "1", NA), c("A", "C", "T", NA)), .Names = c("", 
    "")), class = "table"), All.Tags = list(Concordant = list(
        Freqs = structure(c(0, 0, 0, 0, 0, 0, 1, 0, 0, 0, 1139, 
        1), .Dim = 4:3, .Dimnames = list(c("-2", "-1", "0", "1"
        ), c("A", "C", "T"))), N = 1141), Majority = list(Freqs = structure(c(0, 
    0, 0, 0, 0, 0, 1, 0, 0, 0, 1176, 1), .Dim = 4:3, .Dimnames = list(
        c("-2", "-1", "0", "1"), c("A", "C", "T"))), N = 1178)), 
    `2` = structure(c(0, 0, 0, 0, 0, 0, 0, 0, 0, 0, 916, 0), .Dim = 4:3, .Dimnames = list(
        c("-2", "-1", "0", "1"), c("A", "C", "T"))))))
