Results <-
list(`bwa.out//20220204//Control22_S15.sam` = list(DEPDC2_SNP1 = list(
    All = list(Freqs = structure(c(0L, 1L, 0L, 0L, 8L, 1244L, 
    2L, 4L, 7L, 1117L, 6L, 2L, 0L, 34L, 0L, 0L), .Dim = c(4L, 
    4L), .Dimnames = structure(list(c("-1", "0", "1", NA), c("A", 
    "C", "T", NA)), .Names = c("", "")), class = "table"), N = 2425L), 
    Tag.Distribution = structure(c(`1` = 140L, `2` = 67L, `3` = 52L, 
    `4` = 60L, `5` = 38L, `6` = 34L, `7` = 31L, `8` = 15L, `9` = 15L, 
    `10` = 12L, `11` = 7L, `12` = 5L, `13` = 9L, `14` = 5L, `15` = 6L, 
    `16` = 5L, `17` = 2L, `18` = 1L, `19` = 2L, `20` = 1L, `21` = 1L, 
    `22` = 1L, `28` = 1L), .Dim = 23L, .Dimnames = list(TagUsage = c("1", 
    "2", "3", "4", "5", "6", "7", "8", "9", "10", "11", "12", 
    "13", "14", "15", "16", "17", "18", "19", "20", "21", "22", 
    "28")), class = "table"), No.Tag = structure(c(0L, 0L, 0L, 
    0L, 0L, 43L, 0L, 1L, 1L, 38L, 0L, 0L, 0L, 11L, 0L, 0L), .Dim = c(4L, 
    4L), .Dimnames = structure(list(c("-1", "0", "1", NA), c("A", 
    "C", "T", NA)), .Names = c("", "")), class = "table"), All.Tags = list(
        Concordant = list(Freqs = structure(c(0, 1, 0, 0, 238, 
        0, 0, 229, 0), .Dim = c(3L, 3L), .Dimnames = list(c("-1", 
        "0", "1"), c("A", "C", "T"))), N = 468), Majority = list(
            Freqs = structure(c(0, 1, 0, 0, 257, 0, 0, 245, 0
            ), .Dim = c(3L, 3L), .Dimnames = list(c("-1", "0", 
            "1"), c("A", "C", "T"))), N = 503)), `2` = structure(c(0, 
    0, 0, 0, 181, 0, 0, 186, 0), .Dim = c(3L, 3L), .Dimnames = list(
        c("-1", "0", "1"), c("A", "C", "T"))))))
