Results <-
list(`bwa.out//20220204//BlindCMMRD93_S52.sam` = list(GM22_SNP1 = list(
    All = list(Freqs = structure(c(1L, 50L, 3868L, 14L, 1L, 8L, 
    0L, 0L, 9L, 0L, 0L, 0L, 0L, 2L, 52L, 1L, 0L, 0L), .Dim = c(6L, 
    3L), .Dimnames = structure(list(c("-2", "-1", "0", "1", "2", 
    NA), c("A", "G", NA)), .Names = c("", "")), class = "table"), 
        N = 4006L), Tag.Distribution = structure(c(`1` = 132L, 
    `2` = 73L, `3` = 52L, `4` = 47L, `5` = 37L, `6` = 21L, `7` = 30L, 
    `8` = 20L, `9` = 24L, `10` = 19L, `11` = 18L, `12` = 16L, 
    `13` = 12L, `14` = 16L, `15` = 16L, `16` = 14L, `17` = 11L, 
    `18` = 7L, `19` = 5L, `20` = 3L, `21` = 5L, `22` = 1L, `23` = 2L, 
    `24` = 1L, `25` = 2L, `26` = 1L, `27` = 3L, `28` = 1L, `30` = 2L, 
    `36` = 1L, `39` = 1L), .Dim = 31L, .Dimnames = list(TagUsage = c("1", 
    "2", "3", "4", "5", "6", "7", "8", "9", "10", "11", "12", 
    "13", "14", "15", "16", "17", "18", "19", "20", "21", "22", 
    "23", "24", "25", "26", "27", "28", "30", "36", "39")), class = "table"), 
    No.Tag = structure(c(0L, 1L, 70L, 1L, 0L, 2L, 0L, 0L, 0L, 
    0L, 0L, 0L, 0L, 0L, 4L, 0L, 0L, 0L), .Dim = c(6L, 3L), .Dimnames = structure(list(
        c("-2", "-1", "0", "1", "2", NA), c("A", "G", NA)), .Names = c("", 
    "")), class = "table"), All.Tags = list(Concordant = list(
        Freqs = structure(c(0, 1, 522, 0, 0, 0, 0, 7, 0, 0), .Dim = c(5L, 
        2L), .Dimnames = list(c("-2", "-1", "0", "1", "2"), c("A", 
        "G"))), N = 530), Majority = list(Freqs = structure(c(0, 
    1, 571, 0, 0, 0, 0, 7, 0, 0), .Dim = c(5L, 2L), .Dimnames = list(
        c("-2", "-1", "0", "1", "2"), c("A", "G"))), N = 579)), 
    `2` = structure(c(0, 1, 459, 0, 0, 0, 0, 0, 0, 0), .Dim = c(5L, 
    2L), .Dimnames = list(c("-2", "-1", "0", "1", "2"), c("A", 
    "G"))))))
