Results <-
list(`bwa.out//20220204//BlindCMMRD110_S36.sam` = list(LR20_SNP1 = list(
    All = list(Freqs = structure(c(5L, 2784L, 4L, 4L, 3L, 2821L, 
    3L, 4L, 0L, 1L, 0L, 0L, 0L, 37L, 0L, 0L), .Dim = c(4L, 4L
    ), .Dimnames = structure(list(c("-1", "0", "1", NA), c("A", 
    "G", "T", NA)), .Names = c("", "")), class = "table"), N = 5666L), 
    Tag.Distribution = structure(c(`1` = 212L, `2` = 156L, `3` = 141L, 
    `4` = 127L, `5` = 98L, `6` = 78L, `7` = 71L, `8` = 54L, `9` = 37L, 
    `10` = 34L, `11` = 22L, `12` = 25L, `13` = 23L, `14` = 9L, 
    `15` = 8L, `16` = 5L, `17` = 4L, `18` = 5L, `19` = 2L, `20` = 3L, 
    `21` = 2L, `22` = 1L, `23` = 1L, `37` = 1L), .Dim = 24L, .Dimnames = list(
        TagUsage = c("1", "2", "3", "4", "5", "6", "7", "8", 
        "9", "10", "11", "12", "13", "14", "15", "16", "17", 
        "18", "19", "20", "21", "22", "23", "37")), class = "table"), 
    No.Tag = structure(c(0L, 38L, 0L, 3L, 0L, 54L, 0L, 3L, 0L, 
    1L, 0L, 0L, 0L, 5L, 0L, 0L), .Dim = c(4L, 4L), .Dimnames = structure(list(
        c("-1", "0", "1", NA), c("A", "G", "T", NA)), .Names = c("", 
    "")), class = "table"), All.Tags = list(Concordant = list(
        Freqs = structure(c(0, 477, 1, 0, 468, 0, 0, 0, 0), .Dim = c(3L, 
        3L), .Dimnames = list(c("-1", "0", "1"), c("A", "G", 
        "T"))), N = 946), Majority = list(Freqs = structure(c(0, 
    556, 1, 0, 542, 0, 0, 0, 0), .Dim = c(3L, 3L), .Dimnames = list(
        c("-1", "0", "1"), c("A", "G", "T"))), N = 1099)), `2` = structure(c(0, 
    449, 0, 0, 445, 0, 0, 0, 0), .Dim = c(3L, 3L), .Dimnames = list(
        c("-1", "0", "1"), c("A", "G", "T"))))))
