Results <-
list(`bwa.out//20220204//BlindCMMRD81_S40.sam` = list(IM49_SNP1 = list(
    All = list(Freqs = structure(c(4L, 65L, 1867L, 30L, 0L, 31L, 
    1L, 60L, 1562L, 24L, 1L, 16L, 0L, 0L, 1L, 0L, 0L, 0L, 0L, 
    5L, 225L, 4L, 0L, 0L), .Dim = c(6L, 4L), .Dimnames = structure(list(
        c("-2", "-1", "0", "1", "2", NA), c("C", "G", "T", NA
        )), .Names = c("", "")), class = "table"), N = 3896L), 
    Tag.Distribution = structure(c(`1` = 208L, `2` = 66L, `3` = 51L, 
    `4` = 44L, `5` = 45L, `6` = 47L, `7` = 34L, `8` = 22L, `9` = 18L, 
    `10` = 15L, `11` = 20L, `12` = 19L, `13` = 18L, `14` = 7L, 
    `15` = 13L, `16` = 6L, `17` = 6L, `18` = 5L, `19` = 6L, `20` = 5L, 
    `21` = 4L, `22` = 3L, `23` = 2L, `24` = 2L, `25` = 4L, `26` = 2L, 
    `30` = 1L, `31` = 1L), .Dim = 28L, .Dimnames = list(TagUsage = c("1", 
    "2", "3", "4", "5", "6", "7", "8", "9", "10", "11", "12", 
    "13", "14", "15", "16", "17", "18", "19", "20", "21", "22", 
    "23", "24", "25", "26", "30", "31")), class = "table"), No.Tag = structure(c(0L, 
    1L, 34L, 1L, 0L, 2L, 0L, 1L, 19L, 0L, 0L, 0L, 0L, 0L, 1L, 
    0L, 0L, 0L, 0L, 0L, 1L, 0L, 0L, 0L), .Dim = c(6L, 4L), .Dimnames = structure(list(
        c("-2", "-1", "0", "1", "2", NA), c("C", "G", "T", NA
        )), .Names = c("", "")), class = "table"), All.Tags = list(
        Concordant = list(Freqs = structure(c(0, 7, 242, 1, 0, 
        0, 4, 214, 0, 0, 0, 0, 0, 0, 0), .Dim = c(5L, 3L), .Dimnames = list(
            c("-2", "-1", "0", "1", "2"), c("C", "G", "T"))), 
            N = 468), Majority = list(Freqs = structure(c(0, 
        8, 312, 1, 0, 0, 6, 271, 0, 0, 0, 0, 0, 0, 0), .Dim = c(5L, 
        3L), .Dimnames = list(c("-2", "-1", "0", "1", "2"), c("C", 
        "G", "T"))), N = 598)), `2` = structure(c(0, 4, 234, 
    0, 0, 0, 3, 217, 0, 0, 0, 0, 0, 0, 0), .Dim = c(5L, 3L), .Dimnames = list(
        c("-2", "-1", "0", "1", "2"), c("C", "G", "T"))))))
