Results <-
list(`bwa.out//20220204//BlindCMMRD41_S1.sam` = list(GM09_SNP1 = list(
    All = list(Freqs = structure(c(17L, 3103L, 2L, 0L, 19L, 2728L, 
    6L, 2L, 0L, 44L, 0L, 0L), .Dim = 4:3, .Dimnames = structure(list(
        c("-1", "0", "1", NA), c("A", "G", NA)), .Names = c("", 
    "")), class = "table"), N = 5921L), Tag.Distribution = structure(c(`1` = 114L, 
    `2` = 27L, `3` = 17L, `4` = 23L, `5` = 17L, `6` = 20L, `7` = 15L, 
    `8` = 14L, `9` = 13L, `10` = 15L, `11` = 15L, `12` = 8L, 
    `13` = 13L, `14` = 14L, `15` = 9L, `16` = 13L, `17` = 7L, 
    `18` = 13L, `19` = 10L, `20` = 6L, `21` = 11L, `22` = 4L, 
    `23` = 6L, `24` = 8L, `25` = 2L, `26` = 3L, `27` = 5L, `28` = 4L, 
    `29` = 4L, `30` = 3L, `31` = 5L, `32` = 4L, `33` = 2L, `34` = 1L, 
    `35` = 3L, `36` = 1L, `38` = 2L, `39` = 1L, `40` = 5L, `41` = 1L, 
    `42` = 1L, `43` = 2L, `44` = 3L, `46` = 1L, `47` = 4L, `48` = 2L, 
    `50` = 2L, `52` = 2L, `54` = 1L, `57` = 1L, `66` = 1L, `71` = 1L, 
    `77` = 1L), .Dim = 53L, .Dimnames = list(TagUsage = c("1", 
    "2", "3", "4", "5", "6", "7", "8", "9", "10", "11", "12", 
    "13", "14", "15", "16", "17", "18", "19", "20", "21", "22", 
    "23", "24", "25", "26", "27", "28", "29", "30", "31", "32", 
    "33", "34", "35", "36", "38", "39", "40", "41", "42", "43", 
    "44", "46", "47", "48", "50", "52", "54", "57", "66", "71", 
    "77")), class = "table"), No.Tag = structure(c(0L, 30L, 0L, 
    0L, 0L, 28L, 0L, 0L, 0L, 2L, 0L, 0L), .Dim = 4:3, .Dimnames = structure(list(
        c("-1", "0", "1", NA), c("A", "G", NA)), .Names = c("", 
    "")), class = "table"), All.Tags = list(Concordant = list(
        Freqs = structure(c(0, 214, 0, 1, 200, 0), .Dim = 3:2, .Dimnames = list(
            c("-1", "0", "1"), c("A", "G"))), N = 415), Majority = list(
        Freqs = structure(c(0, 238, 0, 1, 230, 0), .Dim = 3:2, .Dimnames = list(
            c("-1", "0", "1"), c("A", "G"))), N = 469)), `2` = structure(c(0, 
    188, 0, 0, 176, 0), .Dim = 3:2, .Dimnames = list(c("-1", 
    "0", "1"), c("A", "G"))))))
