Results <-
list(`bwa.out//20220204//BlindCMMRD75_S34.sam` = list(LR40_SNP1 = list(
    All = list(Freqs = structure(c(0L, 3L, 0L, 0L, 46L, 5339L, 
    14L, 6L, 0L, 1L, 0L, 0L, 0L, 20L, 0L, 0L), .Dim = c(4L, 4L
    ), .Dimnames = structure(list(c("-1", "0", "1", NA), c("A", 
    "C", "G", NA)), .Names = c("", "")), class = "table"), N = 5429L), 
    Tag.Distribution = structure(c(`1` = 134L, `2` = 62L, `3` = 50L, 
    `4` = 46L, `5` = 42L, `6` = 50L, `7` = 29L, `8` = 39L, `9` = 36L, 
    `10` = 16L, `11` = 19L, `12` = 13L, `13` = 16L, `14` = 14L, 
    `15` = 11L, `16` = 14L, `17` = 10L, `18` = 5L, `19` = 4L, 
    `20` = 7L, `21` = 3L, `22` = 8L, `23` = 5L, `24` = 6L, `25` = 2L, 
    `26` = 5L, `27` = 1L, `28` = 2L, `29` = 5L, `30` = 3L, `31` = 4L, 
    `32` = 3L, `33` = 1L, `34` = 2L, `36` = 2L, `37` = 1L, `38` = 1L, 
    `43` = 1L, `45` = 1L, `52` = 1L), .Dim = 40L, .Dimnames = list(
        TagUsage = c("1", "2", "3", "4", "5", "6", "7", "8", 
        "9", "10", "11", "12", "13", "14", "15", "16", "17", 
        "18", "19", "20", "21", "22", "23", "24", "25", "26", 
        "27", "28", "29", "30", "31", "32", "33", "34", "36", 
        "37", "38", "43", "45", "52")), class = "table"), No.Tag = structure(c(0L, 
    0L, 0L, 0L, 1L, 84L, 1L, 1L, 0L, 0L, 0L, 0L, 0L, 3L, 0L, 
    0L), .Dim = c(4L, 4L), .Dimnames = structure(list(c("-1", 
    "0", "1", NA), c("A", "C", "G", NA)), .Names = c("", "")), class = "table"), 
    All.Tags = list(Concordant = list(Freqs = structure(c(0, 
    1, 0, 1, 613, 1, 0, 0, 0), .Dim = c(3L, 3L), .Dimnames = list(
        c("-1", "0", "1"), c("A", "C", "G"))), N = 616), Majority = list(
        Freqs = structure(c(0, 1, 0, 1, 668, 1, 0, 0, 0), .Dim = c(3L, 
        3L), .Dimnames = list(c("-1", "0", "1"), c("A", "C", 
        "G"))), N = 671)), `2` = structure(c(0, 0, 0, 0, 539, 
    0, 0, 0, 0), .Dim = c(3L, 3L), .Dimnames = list(c("-1", "0", 
    "1"), c("A", "C", "G"))))))
