Results <-
list(`bwa.out//20220204//Control14_S7.sam` = list(GM11_SNP1 = list(
    All = list(Freqs = structure(c(1L, 1359L, 4L, 1L, 4L, 2115L, 
    9L, 0L, 0L, 34L, 0L, 0L), .Dim = 4:3, .Dimnames = structure(list(
        c("-1", "0", "1", NA), c("A", "G", NA)), .Names = c("", 
    "")), class = "table"), N = 3527L), Tag.Distribution = structure(c(`1` = 100L, 
    `2` = 50L, `3` = 40L, `4` = 28L, `5` = 29L, `6` = 32L, `7` = 26L, 
    `8` = 21L, `9` = 13L, `10` = 14L, `11` = 9L, `12` = 17L, 
    `13` = 10L, `14` = 7L, `15` = 9L, `16` = 3L, `17` = 7L, `18` = 7L, 
    `19` = 4L, `20` = 4L, `21` = 5L, `22` = 4L, `23` = 2L, `24` = 4L, 
    `25` = 2L, `26` = 1L, `27` = 2L, `28` = 4L, `29` = 2L, `30` = 2L, 
    `31` = 1L, `32` = 1L, `33` = 2L, `37` = 1L, `38` = 1L, `40` = 1L, 
    `42` = 1L), .Dim = 37L, .Dimnames = list(TagUsage = c("1", 
    "2", "3", "4", "5", "6", "7", "8", "9", "10", "11", "12", 
    "13", "14", "15", "16", "17", "18", "19", "20", "21", "22", 
    "23", "24", "25", "26", "27", "28", "29", "30", "31", "32", 
    "33", "37", "38", "40", "42")), class = "table"), No.Tag = structure(c(0L, 
    23L, 0L, 0L, 0L, 29L, 1L, 0L, 0L, 2L, 0L, 0L), .Dim = 4:3, .Dimnames = structure(list(
        c("-1", "0", "1", NA), c("A", "G", NA)), .Names = c("", 
    "")), class = "table"), All.Tags = list(Concordant = list(
        Freqs = structure(c(0, 204, 0, 1, 223, 0), .Dim = 3:2, .Dimnames = list(
            c("-1", "0", "1"), c("A", "G"))), N = 428), Majority = list(
        Freqs = structure(c(0, 220, 0, 1, 241, 0), .Dim = 3:2, .Dimnames = list(
            c("-1", "0", "1"), c("A", "G"))), N = 462)), `2` = structure(c(0, 
    171, 0, 0, 195, 0), .Dim = 3:2, .Dimnames = list(c("-1", 
    "0", "1"), c("A", "G"))))))
