Results <-
list(`bwa.out//20220204//BlindCMMRD73_S32.sam` = list(GM26_SNP1 = list(
    All = list(Freqs = structure(c(32L, 4040L, 17L, 1L, 8L, 0L, 
    1L, 0L, 0L, 0L, 1L, 27L, 0L, 0L, 0L), .Dim = c(5L, 3L), .Dimnames = structure(list(
        c("-1", "0", "1", "2", NA), c("A", "G", NA)), .Names = c("", 
    "")), class = "table"), N = 4127L), Tag.Distribution = structure(c(`1` = 104L, 
    `2` = 53L, `3` = 43L, `4` = 41L, `5` = 43L, `6` = 24L, `7` = 22L, 
    `8` = 25L, `9` = 32L, `10` = 11L, `11` = 12L, `12` = 17L, 
    `13` = 15L, `14` = 20L, `15` = 10L, `16` = 8L, `17` = 9L, 
    `18` = 2L, `19` = 4L, `20` = 5L, `21` = 8L, `22` = 2L, `23` = 8L, 
    `24` = 3L, `25` = 1L, `26` = 2L, `27` = 5L, `28` = 3L, `29` = 1L, 
    `30` = 1L, `31` = 1L, `34` = 1L, `35` = 1L, `44` = 1L), .Dim = 34L, .Dimnames = list(
        TagUsage = c("1", "2", "3", "4", "5", "6", "7", "8", 
        "9", "10", "11", "12", "13", "14", "15", "16", "17", 
        "18", "19", "20", "21", "22", "23", "24", "25", "26", 
        "27", "28", "29", "30", "31", "34", "35", "44")), class = "table"), 
    No.Tag = structure(c(2L, 88L, 0L, 0L, 0L, 0L, 0L, 0L, 0L, 
    0L, 0L, 2L, 0L, 0L, 0L), .Dim = c(5L, 3L), .Dimnames = structure(list(
        c("-1", "0", "1", "2", NA), c("A", "G", NA)), .Names = c("", 
    "")), class = "table"), All.Tags = list(Concordant = list(
        Freqs = structure(c(2, 490, 0, 0, 0, 1, 0, 0), .Dim = c(4L, 
        2L), .Dimnames = list(c("-1", "0", "1", "2"), c("A", 
        "G"))), N = 493), Majority = list(Freqs = structure(c(3, 
    528, 0, 0, 0, 1, 0, 0), .Dim = c(4L, 2L), .Dimnames = list(
        c("-1", "0", "1", "2"), c("A", "G"))), N = 532)), `2` = structure(c(1, 
    432, 0, 0, 0, 0, 0, 0), .Dim = c(4L, 2L), .Dimnames = list(
        c("-1", "0", "1", "2"), c("A", "G"))))))
