Results <-
list(`bwa.out//20220204//MLPA01_S9.sam` = list(LR46_SNP1 = list(
    All = list(Freqs = structure(c(1L, 0L, 0L, 0L, 0L, 2L, 0L, 
    0L, 31L, 3888L, 10L, 9L, 0L, 17L, 0L, 0L), .Dim = c(4L, 4L
    ), .Dimnames = structure(list(c("-1", "0", "1", NA), c("C", 
    "G", "T", NA)), .Names = c("", "")), class = "table"), N = 3958L), 
    Tag.Distribution = structure(c(`1` = 152L, `2` = 51L, `3` = 56L, 
    `4` = 43L, `5` = 45L, `6` = 33L, `7` = 32L, `8` = 19L, `9` = 21L, 
    `10` = 19L, `11` = 21L, `12` = 8L, `13` = 12L, `14` = 9L, 
    `15` = 7L, `16` = 9L, `17` = 8L, `18` = 9L, `19` = 8L, `20` = 3L, 
    `21` = 3L, `22` = 2L, `23` = 2L, `24` = 3L, `25` = 4L, `26` = 2L, 
    `27` = 1L, `28` = 1L, `29` = 1L, `30` = 1L, `31` = 2L, `32` = 1L, 
    `52` = 1L), .Dim = 33L, .Dimnames = list(TagUsage = c("1", 
    "2", "3", "4", "5", "6", "7", "8", "9", "10", "11", "12", 
    "13", "14", "15", "16", "17", "18", "19", "20", "21", "22", 
    "23", "24", "25", "26", "27", "28", "29", "30", "31", "32", 
    "52")), class = "table"), No.Tag = structure(c(0L, 0L, 0L, 
    0L, 0L, 0L, 0L, 0L, 1L, 176L, 2L, 0L, 0L, 2L, 0L, 0L), .Dim = c(4L, 
    4L), .Dimnames = structure(list(c("-1", "0", "1", NA), c("C", 
    "G", "T", NA)), .Names = c("", "")), class = "table"), All.Tags = list(
        Concordant = list(Freqs = structure(c(0, 0, 0, 0, 1, 
        0, 1, 557, 0), .Dim = c(3L, 3L), .Dimnames = list(c("-1", 
        "0", "1"), c("C", "G", "T"))), N = 559), Majority = list(
            Freqs = structure(c(0, 0, 0, 0, 1, 0, 2, 581, 0), .Dim = c(3L, 
            3L), .Dimnames = list(c("-1", "0", "1"), c("C", "G", 
            "T"))), N = 584)), `2` = structure(c(0, 0, 0, 0, 
    0, 0, 1, 435, 0), .Dim = c(3L, 3L), .Dimnames = list(c("-1", 
    "0", "1"), c("C", "G", "T"))))))
