Results <-
list(`bwa.out//20220204//BlindCMMRD86_S45.sam` = list(LR36_SNP1 = list(
    All = list(Freqs = structure(c(1L, 38L, 1848L, 16L, 16L, 
    0L, 0L, 1L, 0L, 0L, 1L, 40L, 1553L, 18L, 12L, 0L, 3L, 99L, 
    1L, 0L), .Dim = 5:4, .Dimnames = structure(list(c("-2", "-1", 
    "0", "1", NA), c("A", "G", "T", NA)), .Names = c("", "")), class = "table"), 
        N = 3647L), Tag.Distribution = structure(c(`1` = 128L, 
    `2` = 80L, `3` = 58L, `4` = 60L, `5` = 44L, `6` = 29L, `7` = 32L, 
    `8` = 36L, `9` = 26L, `10` = 19L, `11` = 21L, `12` = 10L, 
    `13` = 12L, `14` = 15L, `15` = 7L, `16` = 5L, `17` = 10L, 
    `18` = 6L, `19` = 5L, `20` = 3L, `21` = 1L, `22` = 1L, `25` = 1L, 
    `35` = 1L), .Dim = 24L, .Dimnames = list(TagUsage = c("1", 
    "2", "3", "4", "5", "6", "7", "8", "9", "10", "11", "12", 
    "13", "14", "15", "16", "17", "18", "19", "20", "21", "22", 
    "25", "35")), class = "table"), No.Tag = structure(c(0L, 
    1L, 70L, 1L, 6L, 0L, 0L, 0L, 0L, 0L, 0L, 5L, 70L, 3L, 3L, 
    0L, 0L, 18L, 0L, 0L), .Dim = 5:4, .Dimnames = structure(list(
        c("-2", "-1", "0", "1", NA), c("A", "G", "T", NA)), .Names = c("", 
    "")), class = "table"), All.Tags = list(Concordant = list(
        Freqs = structure(c(0, 2, 249, 2, 0, 0, 0, 0, 0, 3, 248, 
        0), .Dim = 4:3, .Dimnames = list(c("-2", "-1", "0", "1"
        ), c("A", "G", "T"))), N = 504), Majority = list(Freqs = structure(c(0, 
    2, 301, 2, 0, 0, 0, 0, 0, 3, 290, 0), .Dim = 4:3, .Dimnames = list(
        c("-2", "-1", "0", "1"), c("A", "G", "T"))), N = 598)), 
    `2` = structure(c(0, 0, 247, 1, 0, 0, 0, 0, 0, 0, 229, 0), .Dim = 4:3, .Dimnames = list(
        c("-2", "-1", "0", "1"), c("A", "G", "T"))))))
