Results <-
list(`bwa.out//20220204//13D0575_S2.sam` = list(LR52_SNP1 = list(
    All = list(Freqs = structure(c(0L, 13L, 173L, 1171L, 20L, 
    10L, 5L, 19L, 218L, 1295L, 18L, 14L, 0L, 0L, 8L, 150L, 1L, 
    0L), .Dim = c(6L, 3L), .Dimnames = structure(list(c("-3", 
    "-2", "-1", "0", "1", NA), c("C", "T", NA)), .Names = c("", 
    "")), class = "table"), N = 3115L), Tag.Distribution = structure(c(`1` = 124L, 
    `2` = 80L, `3` = 46L, `4` = 41L, `5` = 37L, `6` = 24L, `7` = 19L, 
    `8` = 21L, `9` = 19L, `10` = 15L, `11` = 14L, `12` = 11L, 
    `13` = 11L, `14` = 3L, `15` = 5L, `16` = 5L, `17` = 2L, `18` = 5L, 
    `19` = 2L, `20` = 5L, `21` = 7L, `22` = 5L, `23` = 4L, `25` = 2L, 
    `27` = 1L, `28` = 1L, `33` = 1L, `35` = 1L, `41` = 1L, `42` = 1L, 
    `44` = 1L), .Dim = 31L, .Dimnames = list(TagUsage = c("1", 
    "2", "3", "4", "5", "6", "7", "8", "9", "10", "11", "12", 
    "13", "14", "15", "16", "17", "18", "19", "20", "21", "22", 
    "23", "25", "27", "28", "33", "35", "41", "42", "44")), class = "table"), 
    No.Tag = structure(c(0L, 1L, 5L, 26L, 0L, 0L, 0L, 0L, 1L, 
    6L, 0L, 0L, 0L, 0L, 0L, 2L, 0L, 0L), .Dim = c(6L, 3L), .Dimnames = structure(list(
        c("-3", "-2", "-1", "0", "1", NA), c("C", "T", NA)), .Names = c("", 
    "")), class = "table"), All.Tags = list(Concordant = list(
        Freqs = structure(c(0, 1, 12, 139, 4, 0, 1, 12, 153, 
        3), .Dim = c(5L, 2L), .Dimnames = list(c("-3", "-2", 
        "-1", "0", "1"), c("C", "T"))), N = 325), Majority = list(
        Freqs = structure(c(0, 1, 15, 212, 5, 0, 2, 17, 229, 
        3), .Dim = c(5L, 2L), .Dimnames = list(c("-3", "-2", 
        "-1", "0", "1"), c("C", "T"))), N = 484)), `2` = structure(c(0, 
    0, 7, 169, 3, 0, 1, 12, 176, 1), .Dim = c(5L, 2L), .Dimnames = list(
        c("-3", "-2", "-1", "0", "1"), c("C", "T"))))))
