Results <-
list(`bwa.out//20220204//BlindCMMRD83_S42.sam` = list(LR17_SNP1 = list(
    All = list(Freqs = structure(c(3L, 177L, 3535L, 52L, 14L, 
    0L, 0L, 1L, 0L, 0L, 0L, 1L, 123L, 0L, 0L), .Dim = c(5L, 3L
    ), .Dimnames = structure(list(c("-2", "-1", "0", "1", NA), 
        c("A", "G", NA)), .Names = c("", "")), class = "table"), 
        N = 3906L), Tag.Distribution = structure(c(`1` = 71L, 
    `2` = 21L, `3` = 15L, `4` = 20L, `5` = 15L, `6` = 16L, `7` = 15L, 
    `8` = 17L, `9` = 9L, `10` = 8L, `11` = 7L, `12` = 8L, `13` = 7L, 
    `14` = 9L, `15` = 8L, `16` = 2L, `17` = 8L, `18` = 6L, `19` = 7L, 
    `20` = 6L, `21` = 5L, `22` = 3L, `23` = 5L, `24` = 4L, `25` = 3L, 
    `26` = 4L, `27` = 5L, `28` = 1L, `29` = 4L, `30` = 6L, `31` = 2L, 
    `32` = 3L, `33` = 1L, `34` = 3L, `35` = 3L, `36` = 4L, `37` = 2L, 
    `38` = 2L, `40` = 1L, `44` = 1L, `45` = 1L, `46` = 1L, `57` = 1L
    ), .Dim = 43L, .Dimnames = list(TagUsage = c("1", "2", "3", 
    "4", "5", "6", "7", "8", "9", "10", "11", "12", "13", "14", 
    "15", "16", "17", "18", "19", "20", "21", "22", "23", "24", 
    "25", "26", "27", "28", "29", "30", "31", "32", "33", "34", 
    "35", "36", "37", "38", "40", "44", "45", "46", "57")), class = "table"), 
    No.Tag = structure(c(0L, 9L, 92L, 2L, 1L, 0L, 0L, 0L, 0L, 
    0L, 0L, 0L, 8L, 0L, 0L), .Dim = c(5L, 3L), .Dimnames = structure(list(
        c("-2", "-1", "0", "1", NA), c("A", "G", NA)), .Names = c("", 
    "")), class = "table"), All.Tags = list(Concordant = list(
        Freqs = structure(c(1, 7, 217, 1, 0, 0, 0, 0), .Dim = c(4L, 
        2L), .Dimnames = list(c("-2", "-1", "0", "1"), c("A", 
        "G"))), N = 226), Majority = list(Freqs = structure(c(1, 
    7, 324, 1, 0, 0, 0, 0), .Dim = c(4L, 2L), .Dimnames = list(
        c("-2", "-1", "0", "1"), c("A", "G"))), N = 333)), `2` = structure(c(0, 
    5, 261, 0, 0, 0, 0, 0), .Dim = c(4L, 2L), .Dimnames = list(
        c("-2", "-1", "0", "1"), c("A", "G"))))))
