Results <-
list(`bwa.out//20220204//Control11_S4.sam` = list(LR48_SNP1 = list(
    All = list(Freqs = structure(c(0L, 0L, 1L, 0L, 0L, 2L, 68L, 
    1170L, 18L, 5L, 0L, 37L, 1087L, 11L, 6L, 0L, 3L, 30L, 1L, 
    0L), .Dim = 5:4, .Dimnames = structure(list(c("-2", "-1", 
    "0", "1", NA), c("A", "C", "T", NA)), .Names = c("", "")), class = "table"), 
        N = 2439L), Tag.Distribution = structure(c(`1` = 58L, 
    `2` = 38L, `3` = 36L, `4` = 24L, `5` = 19L, `6` = 27L, `7` = 13L, 
    `8` = 17L, `9` = 9L, `10` = 15L, `11` = 9L, `12` = 11L, `13` = 21L, 
    `14` = 3L, `15` = 7L, `16` = 5L, `17` = 4L, `18` = 3L, `19` = 6L, 
    `20` = 1L, `21` = 2L, `22` = 5L, `25` = 1L, `26` = 2L, `27` = 1L
    ), .Dim = 25L, .Dimnames = list(TagUsage = c("1", "2", "3", 
    "4", "5", "6", "7", "8", "9", "10", "11", "12", "13", "14", 
    "15", "16", "17", "18", "19", "20", "21", "22", "25", "26", 
    "27")), class = "table"), No.Tag = structure(c(0L, 0L, 0L, 
    0L, 0L, 0L, 26L, 69L, 1L, 0L, 0L, 0L, 44L, 0L, 1L, 0L, 1L, 
    1L, 0L, 0L), .Dim = 5:4, .Dimnames = structure(list(c("-2", 
    "-1", "0", "1", NA), c("A", "C", "T", NA)), .Names = c("", 
    "")), class = "table"), All.Tags = list(Concordant = list(
        Freqs = structure(c(0, 0, 0, 0, 0, 1, 126, 0, 0, 1, 126, 
        1), .Dim = 4:3, .Dimnames = list(c("-2", "-1", "0", "1"
        ), c("A", "C", "T"))), N = 255), Majority = list(Freqs = structure(c(0, 
    0, 0, 0, 0, 2, 160, 1, 0, 1, 166, 1), .Dim = 4:3, .Dimnames = list(
        c("-2", "-1", "0", "1"), c("A", "C", "T"))), N = 331)), 
    `2` = structure(c(0, 0, 0, 0, 0, 1, 134, 1, 0, 1, 141, 0), .Dim = 4:3, .Dimnames = list(
        c("-2", "-1", "0", "1"), c("A", "C", "T"))))))
