Results <-
list(`bwa.out//20220204//BlindCMMRD56_S15.sam` = list(LR10_SNP1 = list(
    All = list(Freqs = structure(c(0L, 4L, 0L, 0L, 57L, 1745L, 
    28L, 3L, 29L, 2045L, 5L, 2L, 0L, 32L, 0L, 0L), .Dim = c(4L, 
    4L), .Dimnames = structure(list(c("-1", "0", "1", NA), c("A", 
    "C", "T", NA)), .Names = c("", "")), class = "table"), N = 3950L), 
    Tag.Distribution = structure(c(`1` = 94L, `2` = 47L, `3` = 43L, 
    `4` = 46L, `5` = 42L, `6` = 28L, `7` = 28L, `8` = 14L, `9` = 18L, 
    `10` = 19L, `11` = 19L, `12` = 13L, `13` = 12L, `14` = 11L, 
    `15` = 8L, `16` = 5L, `17` = 11L, `18` = 6L, `19` = 11L, 
    `20` = 3L, `21` = 7L, `22` = 6L, `23` = 4L, `24` = 4L, `25` = 1L, 
    `26` = 5L, `27` = 1L, `28` = 1L, `30` = 3L, `31` = 2L, `34` = 1L, 
    `41` = 1L), .Dim = 32L, .Dimnames = list(TagUsage = c("1", 
    "2", "3", "4", "5", "6", "7", "8", "9", "10", "11", "12", 
    "13", "14", "15", "16", "17", "18", "19", "20", "21", "22", 
    "23", "24", "25", "26", "27", "28", "30", "31", "34", "41"
    )), class = "table"), No.Tag = structure(c(0L, 0L, 0L, 0L, 
    1L, 40L, 0L, 0L, 0L, 25L, 0L, 0L, 0L, 2L, 0L, 0L), .Dim = c(4L, 
    4L), .Dimnames = structure(list(c("-1", "0", "1", NA), c("A", 
    "C", "T", NA)), .Names = c("", "")), class = "table"), All.Tags = list(
        Concordant = list(Freqs = structure(c(0, 1, 0, 4, 193, 
        1, 1, 235, 0), .Dim = c(3L, 3L), .Dimnames = list(c("-1", 
        "0", "1"), c("A", "C", "T"))), N = 435), Majority = list(
            Freqs = structure(c(0, 1, 0, 4, 239, 1, 1, 263, 0
            ), .Dim = c(3L, 3L), .Dimnames = list(c("-1", "0", 
            "1"), c("A", "C", "T"))), N = 509)), `2` = structure(c(0, 
    1, 0, 3, 195, 1, 0, 216, 0), .Dim = c(3L, 3L), .Dimnames = list(
        c("-1", "0", "1"), c("A", "C", "T"))))))
