Results <-
list(`bwa.out//20220204//BlindCMMRD88_S47.sam` = list(LR11_SNP1 = list(
    All = list(Freqs = structure(c(2L, 27L, 2509L, 19L, 11L, 
    0L, 31L, 2127L, 19L, 5L, 0L, 4L, 102L, 1L, 0L), .Dim = c(5L, 
    3L), .Dimnames = structure(list(c("-2", "-1", "0", "1", NA
    ), c("A", "C", NA)), .Names = c("", "")), class = "table"), 
        N = 4857L), Tag.Distribution = structure(c(`1` = 124L, 
    `2` = 54L, `3` = 46L, `4` = 35L, `5` = 19L, `6` = 43L, `7` = 19L, 
    `8` = 25L, `9` = 13L, `10` = 19L, `11` = 18L, `12` = 17L, 
    `13` = 11L, `14` = 12L, `15` = 17L, `16` = 10L, `17` = 13L, 
    `18` = 9L, `19` = 9L, `20` = 6L, `21` = 4L, `22` = 7L, `23` = 8L, 
    `24` = 1L, `25` = 2L, `26` = 7L, `27` = 1L, `28` = 2L, `29` = 2L, 
    `30` = 1L, `32` = 2L, `33` = 1L, `34` = 1L, `36` = 1L, `38` = 1L, 
    `41` = 2L, `47` = 1L, `49` = 2L, `56` = 3L, `62` = 1L), .Dim = 40L, .Dimnames = list(
        TagUsage = c("1", "2", "3", "4", "5", "6", "7", "8", 
        "9", "10", "11", "12", "13", "14", "15", "16", "17", 
        "18", "19", "20", "21", "22", "23", "24", "25", "26", 
        "27", "28", "29", "30", "32", "33", "34", "36", "38", 
        "41", "47", "49", "56", "62")), class = "table"), No.Tag = structure(c(0L, 
    0L, 31L, 0L, 1L, 0L, 0L, 8L, 0L, 0L, 0L, 0L, 1L, 0L, 0L), .Dim = c(5L, 
    3L), .Dimnames = structure(list(c("-2", "-1", "0", "1", NA
    ), c("A", "C", NA)), .Names = c("", "")), class = "table"), 
    All.Tags = list(Concordant = list(Freqs = structure(c(0, 
    0, 263, 0, 0, 1, 208, 0), .Dim = c(4L, 2L), .Dimnames = list(
        c("-2", "-1", "0", "1"), c("A", "C"))), N = 472), Majority = list(
        Freqs = structure(c(0, 0, 303, 1, 0, 1, 248, 1), .Dim = c(4L, 
        2L), .Dimnames = list(c("-2", "-1", "0", "1"), c("A", 
        "C"))), N = 554)), `2` = structure(c(0, 0, 235, 1, 0, 
    0, 202, 1), .Dim = c(4L, 2L), .Dimnames = list(c("-2", "-1", 
    "0", "1"), c("A", "C"))))))
