Results <-
list(`bwa.out//20220204//BlindCMMRD74_S33.sam` = list(LR49_SNP1 = list(
    All = list(Freqs = structure(c(3L, 2117L, 1L, 1L, 5L, 2116L, 
    0L, 0L, 0L, 1L, 0L, 0L, 0L, 22L, 0L, 0L), .Dim = c(4L, 4L
    ), .Dimnames = structure(list(c("-1", "0", "1", NA), c("A", 
    "G", "T", NA)), .Names = c("", "")), class = "table"), N = 4266L), 
    Tag.Distribution = structure(c(`1` = 109L, `2` = 64L, `3` = 57L, 
    `4` = 58L, `5` = 53L, `6` = 38L, `7` = 36L, `8` = 35L, `9` = 27L, 
    `10` = 29L, `11` = 18L, `12` = 17L, `13` = 8L, `14` = 13L, 
    `15` = 9L, `16` = 6L, `17` = 8L, `18` = 2L, `19` = 1L, `20` = 7L, 
    `21` = 2L, `22` = 4L, `23` = 5L, `24` = 2L, `25` = 4L, `26` = 2L, 
    `27` = 3L, `28` = 3L, `29` = 2L, `30` = 1L, `31` = 1L, `32` = 1L
    ), .Dim = 32L, .Dimnames = list(TagUsage = c("1", "2", "3", 
    "4", "5", "6", "7", "8", "9", "10", "11", "12", "13", "14", 
    "15", "16", "17", "18", "19", "20", "21", "22", "23", "24", 
    "25", "26", "27", "28", "29", "30", "31", "32")), class = "table"), 
    No.Tag = structure(c(0L, 33L, 0L, 0L, 0L, 21L, 0L, 0L, 0L, 
    0L, 0L, 0L, 0L, 3L, 0L, 0L), .Dim = c(4L, 4L), .Dimnames = structure(list(
        c("-1", "0", "1", NA), c("A", "G", "T", NA)), .Names = c("", 
    "")), class = "table"), All.Tags = list(Concordant = list(
        Freqs = structure(c(1, 284, 0, 0, 290, 0, 0, 0, 0), .Dim = c(3L, 
        3L), .Dimnames = list(c("-1", "0", "1"), c("A", "G", 
        "T"))), N = 575), Majority = list(Freqs = structure(c(1, 
    302, 0, 0, 313, 0, 0, 0, 0), .Dim = c(3L, 3L), .Dimnames = list(
        c("-1", "0", "1"), c("A", "G", "T"))), N = 616)), `2` = structure(c(0, 
    261, 0, 0, 249, 0, 0, 0, 0), .Dim = c(3L, 3L), .Dimnames = list(
        c("-1", "0", "1"), c("A", "G", "T"))))))
