Results <-
list(`bwa.out//20220204//BlindCMMRD93_S52.sam` = list(LR36_SNP1 = list(
    All = list(Freqs = structure(c(0L, 0L, 0L, 7L, 0L, 0L, 0L, 
    1L, 2L, 57L, 2183L, 37L, 0L, 16L, 0L, 1L, 1L, 101L, 1L, 1L, 
    0L), .Dim = c(7L, 3L), .Dimnames = structure(list(c("-3", 
    "-2", "-1", "0", "1", "2", NA), c("A", "T", NA)), .Names = c("", 
    "")), class = "table"), N = 2408L), Tag.Distribution = structure(c(`1` = 90L, 
    `2` = 53L, `3` = 37L, `4` = 35L, `5` = 36L, `6` = 31L, `7` = 14L, 
    `8` = 13L, `9` = 11L, `10` = 12L, `11` = 9L, `12` = 12L, 
    `13` = 4L, `14` = 5L, `15` = 7L, `16` = 5L, `17` = 3L, `18` = 3L, 
    `19` = 3L, `20` = 3L, `21` = 4L, `22` = 2L, `23` = 1L, `24` = 1L, 
    `26` = 2L, `27` = 1L, `31` = 1L), .Dim = 27L, .Dimnames = list(
        TagUsage = c("1", "2", "3", "4", "5", "6", "7", "8", 
        "9", "10", "11", "12", "13", "14", "15", "16", "17", 
        "18", "19", "20", "21", "22", "23", "24", "26", "27", 
        "31")), class = "table"), No.Tag = structure(c(0L, 0L, 
    0L, 0L, 0L, 0L, 0L, 0L, 0L, 1L, 101L, 5L, 0L, 1L, 0L, 0L, 
    0L, 8L, 1L, 0L, 0L), .Dim = c(7L, 3L), .Dimnames = structure(list(
        c("-3", "-2", "-1", "0", "1", "2", NA), c("A", "T", NA
        )), .Names = c("", "")), class = "table"), All.Tags = list(
        Concordant = list(Freqs = structure(c(0, 0, 0, 3, 0, 
        0, 0, 0, 6, 327, 2, 0), .Dim = c(6L, 2L), .Dimnames = list(
            c("-3", "-2", "-1", "0", "1", "2"), c("A", "T"))), 
            N = 338), Majority = list(Freqs = structure(c(0, 
        0, 0, 3, 0, 0, 0, 0, 7, 380, 3, 0), .Dim = c(6L, 2L), .Dimnames = list(
            c("-3", "-2", "-1", "0", "1", "2"), c("A", "T"))), 
            N = 393)), `2` = structure(c(0, 0, 0, 1, 0, 0, 0, 
    0, 4, 298, 3, 0), .Dim = c(6L, 2L), .Dimnames = list(c("-3", 
    "-2", "-1", "0", "1", "2"), c("A", "T"))))))
