Results <-
list(`bwa.out//20220204//BlindCMMRD49_S9.sam` = list(LR44_SNP1 = list(
    All = list(Freqs = structure(c(0L, 0L, 0L, 0L, 1L, 0L, 0L, 
    0L, 1L, 2L, 18L, 404L, 3457L, 32L, 3L, 16L, 0L, 1L, 13L, 
    303L, 2691L, 57L, 0L, 18L, 0L, 0L, 0L, 7L, 152L, 1L, 1L, 
    0L), .Dim = c(8L, 4L), .Dimnames = structure(list(c("-4", 
    "-3", "-2", "-1", "0", "1", "2", NA), c("A", "C", "T", NA
    )), .Names = c("", "")), class = "table"), N = 7178L), Tag.Distribution = structure(c(`1` = 83L, 
    `2` = 16L, `3` = 11L, `4` = 14L, `5` = 13L, `6` = 8L, `7` = 8L, 
    `8` = 15L, `9` = 21L, `10` = 8L, `11` = 8L, `12` = 5L, `13` = 11L, 
    `14` = 5L, `15` = 3L, `16` = 8L, `17` = 3L, `18` = 4L, `19` = 7L, 
    `20` = 8L, `21` = 5L, `22` = 3L, `23` = 3L, `24` = 7L, `25` = 4L, 
    `26` = 6L, `27` = 4L, `28` = 5L, `29` = 3L, `30` = 7L, `31` = 2L, 
    `32` = 2L, `33` = 5L, `34` = 1L, `35` = 2L, `36` = 1L, `37` = 3L, 
    `38` = 3L, `39` = 1L, `40` = 2L, `41` = 2L, `42` = 3L, `43` = 1L, 
    `44` = 1L, `45` = 2L, `47` = 1L, `48` = 1L, `49` = 1L, `51` = 1L, 
    `53` = 3L, `54` = 3L, `55` = 2L, `57` = 1L, `58` = 1L, `59` = 2L, 
    `60` = 3L, `61` = 4L, `62` = 1L, `63` = 2L, `65` = 2L, `67` = 2L, 
    `70` = 1L, `71` = 2L, `72` = 1L, `80` = 2L, `81` = 2L, `82` = 1L, 
    `83` = 1L, `88` = 1L, `89` = 1L, `93` = 1L, `95` = 1L, `103` = 1L
    ), .Dim = 73L, .Dimnames = list(TagUsage = c("1", "2", "3", 
    "4", "5", "6", "7", "8", "9", "10", "11", "12", "13", "14", 
    "15", "16", "17", "18", "19", "20", "21", "22", "23", "24", 
    "25", "26", "27", "28", "29", "30", "31", "32", "33", "34", 
    "35", "36", "37", "38", "39", "40", "41", "42", "43", "44", 
    "45", "47", "48", "49", "51", "53", "54", "55", "57", "58", 
    "59", "60", "61", "62", "63", "65", "67", "70", "71", "72", 
    "80", "81", "82", "83", "88", "89", "93", "95", "103")), class = "table"), 
    No.Tag = structure(c(0L, 0L, 0L, 0L, 0L, 0L, 0L, 0L, 0L, 
    1L, 0L, 27L, 82L, 1L, 0L, 0L, 0L, 0L, 0L, 0L, 4L, 0L, 0L, 
    4L, 0L, 0L, 0L, 0L, 4L, 0L, 0L, 0L), .Dim = c(8L, 4L), .Dimnames = structure(list(
        c("-4", "-3", "-2", "-1", "0", "1", "2", NA), c("A", 
        "C", "T", NA)), .Names = c("", "")), class = "table"), 
    All.Tags = list(Concordant = list(Freqs = structure(c(0, 
    0, 0, 0, 0, 0, 0, 0, 0, 0, 5, 83, 0, 0, 0, 1, 1, 2, 76, 0, 
    0), .Dim = c(7L, 3L), .Dimnames = list(c("-4", "-3", "-2", 
    "-1", "0", "1", "2"), c("A", "C", "T"))), N = 168), Majority = list(
        Freqs = structure(c(0, 0, 0, 0, 0, 0, 0, 0, 0, 0, 8, 
        180, 0, 0, 0, 1, 1, 8, 169, 0, 0), .Dim = c(7L, 3L), .Dimnames = list(
            c("-4", "-3", "-2", "-1", "0", "1", "2"), c("A", 
            "C", "T"))), N = 367)), `2` = structure(c(0, 0, 0, 
    0, 0, 0, 0, 0, 0, 0, 5, 143, 0, 0, 0, 0, 0, 6, 140, 0, 0), .Dim = c(7L, 
    3L), .Dimnames = list(c("-4", "-3", "-2", "-1", "0", "1", 
    "2"), c("A", "C", "T"))))))
