Results <-
list(`bwa.out//20220204//BlindCMMRD79_S38.sam` = list(GM01_SNP1 = list(
    All = list(Freqs = structure(c(0L, 37L, 2988L, 13L, 5L, 2L, 
    33L, 3010L, 9L, 4L, 0L, 1L, 54L, 1L, 0L), .Dim = c(5L, 3L
    ), .Dimnames = structure(list(c("-2", "-1", "0", "1", NA), 
        c("A", "G", NA)), .Names = c("", "")), class = "table"), 
        N = 6157L), Tag.Distribution = structure(c(`1` = 130L, 
    `2` = 93L, `3` = 87L, `4` = 77L, `5` = 66L, `6` = 56L, `7` = 53L, 
    `8` = 39L, `9` = 43L, `10` = 39L, `11` = 27L, `12` = 16L, 
    `13` = 21L, `14` = 19L, `15` = 14L, `16` = 21L, `17` = 11L, 
    `18` = 11L, `19` = 10L, `20` = 9L, `21` = 6L, `22` = 3L, 
    `23` = 4L, `24` = 3L, `25` = 3L, `26` = 2L, `28` = 1L, `30` = 1L, 
    `32` = 2L, `34` = 1L, `35` = 1L, `51` = 1L), .Dim = 32L, .Dimnames = list(
        TagUsage = c("1", "2", "3", "4", "5", "6", "7", "8", 
        "9", "10", "11", "12", "13", "14", "15", "16", "17", 
        "18", "19", "20", "21", "22", "23", "24", "25", "26", 
        "28", "30", "32", "34", "35", "51")), class = "table"), 
    No.Tag = structure(c(0L, 0L, 43L, 1L, 0L, 0L, 0L, 46L, 1L, 
    0L, 0L, 0L, 1L, 0L, 0L), .Dim = c(5L, 3L), .Dimnames = structure(list(
        c("-2", "-1", "0", "1", NA), c("A", "G", NA)), .Names = c("", 
    "")), class = "table"), All.Tags = list(Concordant = list(
        Freqs = structure(c(0, 0, 340, 1, 0, 2, 374, 0), .Dim = c(4L, 
        2L), .Dimnames = list(c("-2", "-1", "0", "1"), c("A", 
        "G"))), N = 717), Majority = list(Freqs = structure(c(0, 
    0, 414, 1, 0, 2, 443, 0), .Dim = c(4L, 2L), .Dimnames = list(
        c("-2", "-1", "0", "1"), c("A", "G"))), N = 860)), `2` = structure(c(0, 
    0, 352, 0, 0, 0, 381, 0), .Dim = c(4L, 2L), .Dimnames = list(
        c("-2", "-1", "0", "1"), c("A", "G"))))))
