Results <-
list(`bwa.out//20220204//BlindCMMRD51_S11.sam` = list(GM11_SNP1 = list(
    All = list(Freqs = structure(c(0L, 1L, 0L, 0L, 16L, 4707L, 
    13L, 4L, 0L, 1L, 0L, 0L, 0L, 17L, 0L, 0L), .Dim = c(4L, 4L
    ), .Dimnames = structure(list(c("-1", "0", "1", NA), c("-", 
    "A", "G", NA)), .Names = c("", "")), class = "table"), N = 4759L), 
    Tag.Distribution = structure(c(`1` = 79L, `2` = 34L, `3` = 29L, 
    `4` = 17L, `5` = 17L, `6` = 20L, `7` = 19L, `8` = 24L, `9` = 9L, 
    `10` = 18L, `11` = 15L, `12` = 14L, `13` = 7L, `14` = 9L, 
    `15` = 10L, `16` = 8L, `17` = 8L, `18` = 9L, `19` = 4L, `20` = 7L, 
    `21` = 2L, `22` = 5L, `23` = 3L, `24` = 4L, `25` = 6L, `26` = 5L, 
    `27` = 1L, `28` = 8L, `29` = 1L, `30` = 7L, `31` = 1L, `32` = 5L, 
    `33` = 2L, `34` = 3L, `35` = 3L, `36` = 1L, `37` = 3L, `38` = 1L, 
    `39` = 1L, `40` = 4L, `42` = 2L, `45` = 1L, `50` = 1L, `70` = 1L, 
    `86` = 1L), .Dim = 45L, .Dimnames = list(TagUsage = c("1", 
    "2", "3", "4", "5", "6", "7", "8", "9", "10", "11", "12", 
    "13", "14", "15", "16", "17", "18", "19", "20", "21", "22", 
    "23", "24", "25", "26", "27", "28", "29", "30", "31", "32", 
    "33", "34", "35", "36", "37", "38", "39", "40", "42", "45", 
    "50", "70", "86")), class = "table"), No.Tag = structure(c(0L, 
    0L, 0L, 0L, 0L, 54L, 0L, 0L, 0L, 0L, 0L, 0L, 0L, 0L, 0L, 
    0L), .Dim = c(4L, 4L), .Dimnames = structure(list(c("-1", 
    "0", "1", NA), c("-", "A", "G", NA)), .Names = c("", "")), class = "table"), 
    All.Tags = list(Concordant = list(Freqs = structure(c(0, 
    0, 0, 0, 398, 0, 0, 1, 0), .Dim = c(3L, 3L), .Dimnames = list(
        c("-1", "0", "1"), c("-", "A", "G"))), N = 399), Majority = list(
        Freqs = structure(c(0, 0, 0, 0, 425, 0, 0, 1, 0), .Dim = c(3L, 
        3L), .Dimnames = list(c("-1", "0", "1"), c("-", "A", 
        "G"))), N = 426)), `2` = structure(c(0, 0, 0, 0, 350, 
    0, 0, 0, 0), .Dim = c(3L, 3L), .Dimnames = list(c("-1", "0", 
    "1"), c("-", "A", "G"))))))
