Results <-
list(`bwa.out//20220204//BlindCMMRD75_S34.sam` = list(LR48_SNP1 = list(
    All = list(Freqs = structure(c(3L, 134L, 4954L, 55L, 26L, 
    0L, 0L, 0L, 0L, 1L, 0L, 1L, 82L, 2L, 0L), .Dim = c(5L, 3L
    ), .Dimnames = structure(list(c("-2", "-1", "0", "1", NA), 
        c("C", "T", NA)), .Names = c("", "")), class = "table"), 
        N = 5258L), Tag.Distribution = structure(c(`1` = 92L, 
    `2` = 45L, `3` = 34L, `4` = 34L, `5` = 21L, `6` = 26L, `7` = 19L, 
    `8` = 21L, `9` = 13L, `10` = 14L, `11` = 20L, `12` = 19L, 
    `13` = 11L, `14` = 10L, `15` = 8L, `16` = 7L, `17` = 8L, 
    `18` = 4L, `19` = 12L, `20` = 8L, `21` = 10L, `22` = 11L, 
    `23` = 8L, `24` = 5L, `25` = 8L, `26` = 3L, `27` = 1L, `28` = 3L, 
    `29` = 8L, `30` = 5L, `31` = 5L, `32` = 3L, `33` = 5L, `36` = 3L, 
    `38` = 1L, `43` = 1L, `44` = 1L, `46` = 1L, `47` = 1L, `57` = 2L
    ), .Dim = 40L, .Dimnames = list(TagUsage = c("1", "2", "3", 
    "4", "5", "6", "7", "8", "9", "10", "11", "12", "13", "14", 
    "15", "16", "17", "18", "19", "20", "21", "22", "23", "24", 
    "25", "26", "27", "28", "29", "30", "31", "32", "33", "36", 
    "38", "43", "44", "46", "47", "57")), class = "table"), No.Tag = structure(c(0L, 
    3L, 62L, 0L, 1L, 0L, 0L, 0L, 0L, 0L, 0L, 0L, 11L, 0L, 0L), .Dim = c(5L, 
    3L), .Dimnames = structure(list(c("-2", "-1", "0", "1", NA
    ), c("C", "T", NA)), .Names = c("", "")), class = "table"), 
    All.Tags = list(Concordant = list(Freqs = structure(c(0, 
    4, 378, 2, 0, 0, 0, 0), .Dim = c(4L, 2L), .Dimnames = list(
        c("-2", "-1", "0", "1"), c("C", "T"))), N = 384), Majority = list(
        Freqs = structure(c(0, 6, 493, 2, 0, 0, 0, 0), .Dim = c(4L, 
        2L), .Dimnames = list(c("-2", "-1", "0", "1"), c("C", 
        "T"))), N = 501)), `2` = structure(c(0, 2, 414, 0, 0, 
    0, 0, 0), .Dim = c(4L, 2L), .Dimnames = list(c("-2", "-1", 
    "0", "1"), c("C", "T"))))))
