Results <-
list(`bwa.out//20220204//BlindCMMRD68_S27.sam` = list(LR52_SNP1 = list(
    All = list(Freqs = structure(c(0L, 0L, 0L, 1L, 0L, 0L, 1L, 
    14L, 115L, 1083L, 5L, 11L, 0L, 3L, 111L, 1187L, 6L, 20L, 
    0L, 0L, 13L, 401L, 1L, 0L), .Dim = c(6L, 4L), .Dimnames = structure(list(
        c("-3", "-2", "-1", "0", "1", NA), c("A", "C", "T", NA
        )), .Names = c("", "")), class = "table"), N = 2972L), 
    Tag.Distribution = structure(c(`1` = 61L, `2` = 43L, `3` = 27L, 
    `4` = 32L, `5` = 28L, `6` = 21L, `7` = 25L, `8` = 27L, `9` = 17L, 
    `10` = 13L, `11` = 11L, `12` = 17L, `13` = 7L, `14` = 6L, 
    `15` = 11L, `16` = 14L, `17` = 8L, `18` = 5L, `19` = 6L, 
    `20` = 5L, `21` = 1L, `22` = 1L, `23` = 1L, `25` = 2L, `28` = 1L, 
    `29` = 2L, `35` = 1L, `37` = 1L, `40` = 1L), .Dim = 29L, .Dimnames = list(
        TagUsage = c("1", "2", "3", "4", "5", "6", "7", "8", 
        "9", "10", "11", "12", "13", "14", "15", "16", "17", 
        "18", "19", "20", "21", "22", "23", "25", "28", "29", 
        "35", "37", "40")), class = "table"), No.Tag = structure(c(0L, 
    0L, 0L, 0L, 0L, 0L, 0L, 0L, 0L, 13L, 0L, 0L, 0L, 0L, 2L, 
    14L, 0L, 2L, 0L, 0L, 0L, 2L, 0L, 0L), .Dim = c(6L, 4L), .Dimnames = structure(list(
        c("-3", "-2", "-1", "0", "1", NA), c("A", "C", "T", NA
        )), .Names = c("", "")), class = "table"), All.Tags = list(
        Concordant = list(Freqs = structure(c(0, 0, 0, 0, 0, 
        0, 2, 3, 113, 1, 0, 0, 5, 103, 1), .Dim = c(5L, 3L), .Dimnames = list(
            c("-3", "-2", "-1", "0", "1"), c("A", "C", "T"))), 
            N = 228), Majority = list(Freqs = structure(c(0, 
        0, 0, 0, 0, 0, 2, 7, 176, 1, 0, 0, 6, 176, 1), .Dim = c(5L, 
        3L), .Dimnames = list(c("-3", "-2", "-1", "0", "1"), 
            c("A", "C", "T"))), N = 369)), `2` = structure(c(0, 
    0, 0, 0, 0, 0, 1, 4, 161, 0, 0, 0, 1, 156, 0), .Dim = c(5L, 
    3L), .Dimnames = list(c("-3", "-2", "-1", "0", "1"), c("A", 
    "C", "T"))))))
