Results <-
list(`bwa.out//20220204//Control19_S12.sam` = list(GM17_SNP1 = list(
    All = list(Freqs = structure(c(32L, 2830L, 9L, 6L, 0L, 1L, 
    0L, 0L, 0L, 1L, 0L, 0L, 1L, 8L, 0L, 0L), .Dim = c(4L, 4L), .Dimnames = structure(list(
        c("-1", "0", "1", NA), c("C", "G", "T", NA)), .Names = c("", 
    "")), class = "table"), N = 2888L), Tag.Distribution = structure(c(`1` = 113L, 
    `2` = 47L, `3` = 32L, `4` = 44L, `5` = 34L, `6` = 25L, `7` = 26L, 
    `8` = 19L, `9` = 18L, `10` = 15L, `11` = 18L, `12` = 8L, 
    `13` = 7L, `14` = 8L, `15` = 5L, `16` = 3L, `17` = 6L, `18` = 3L, 
    `19` = 4L, `20` = 3L, `21` = 5L, `22` = 3L, `23` = 3L, `24` = 4L, 
    `29` = 1L, `30` = 1L, `33` = 1L, `35` = 1L), .Dim = 28L, .Dimnames = list(
        TagUsage = c("1", "2", "3", "4", "5", "6", "7", "8", 
        "9", "10", "11", "12", "13", "14", "15", "16", "17", 
        "18", "19", "20", "21", "22", "23", "24", "29", "30", 
        "33", "35")), class = "table"), No.Tag = structure(c(1L, 
    64L, 0L, 0L, 0L, 0L, 0L, 0L, 0L, 0L, 0L, 0L, 0L, 3L, 0L, 
    0L), .Dim = c(4L, 4L), .Dimnames = structure(list(c("-1", 
    "0", "1", NA), c("C", "G", "T", NA)), .Names = c("", "")), class = "table"), 
    All.Tags = list(Concordant = list(Freqs = structure(c(1, 
    416, 0, 0, 0, 0, 0, 1, 0), .Dim = c(3L, 3L), .Dimnames = list(
        c("-1", "0", "1"), c("C", "G", "T"))), N = 418), Majority = list(
        Freqs = structure(c(1, 450, 0, 0, 0, 0, 0, 1, 0), .Dim = c(3L, 
        3L), .Dimnames = list(c("-1", "0", "1"), c("C", "G", 
        "T"))), N = 452)), `2` = structure(c(0, 341, 0, 0, 0, 
    0, 0, 0, 0), .Dim = c(3L, 3L), .Dimnames = list(c("-1", "0", 
    "1"), c("C", "G", "T"))))))
