Results <-
list(`bwa.out//20220204//BlindCMMRD65_S24.sam` = list(LR20_SNP1 = list(
    All = list(Freqs = structure(c(6L, 3919L, 10L, 5L, 0L, 12L, 
    0L, 0L, 0L, 17L, 0L, 0L), .Dim = 4:3, .Dimnames = structure(list(
        c("-1", "0", "1", NA), c("A", "G", NA)), .Names = c("", 
    "")), class = "table"), N = 3969L), Tag.Distribution = structure(c(`1` = 138L, 
    `2` = 70L, `3` = 67L, `4` = 58L, `5` = 51L, `6` = 37L, `7` = 32L, 
    `8` = 28L, `9` = 24L, `10` = 20L, `11` = 25L, `12` = 23L, 
    `13` = 14L, `14` = 7L, `15` = 9L, `16` = 8L, `17` = 8L, `18` = 4L, 
    `19` = 8L, `20` = 5L, `21` = 2L, `23` = 3L, `26` = 1L, `28` = 1L, 
    `31` = 1L, `32` = 1L, `34` = 1L), .Dim = 27L, .Dimnames = list(
        TagUsage = c("1", "2", "3", "4", "5", "6", "7", "8", 
        "9", "10", "11", "12", "13", "14", "15", "16", "17", 
        "18", "19", "20", "21", "23", "26", "28", "31", "32", 
        "34")), class = "table"), No.Tag = structure(c(0L, 98L, 
    0L, 1L, 0L, 0L, 0L, 0L, 0L, 2L, 0L, 0L), .Dim = 4:3, .Dimnames = structure(list(
        c("-1", "0", "1", NA), c("A", "G", NA)), .Names = c("", 
    "")), class = "table"), All.Tags = list(Concordant = list(
        Freqs = structure(c(0, 615, 0, 0, 11, 0), .Dim = 3:2, .Dimnames = list(
            c("-1", "0", "1"), c("A", "G"))), N = 626), Majority = list(
        Freqs = structure(c(0, 632, 0, 0, 11, 0), .Dim = 3:2, .Dimnames = list(
            c("-1", "0", "1"), c("A", "G"))), N = 643)), `2` = structure(c(0, 
    507, 0, 0, 1, 0), .Dim = 3:2, .Dimnames = list(c("-1", "0", 
    "1"), c("A", "G"))))))
