Results <-
list(`bwa.out//20220204//BlindCMMRD81_S40.sam` = list(DEPDC2_SNP1 = list(
    All = list(Freqs = structure(c(0L, 1L, 0L, 0L, 21L, 4288L, 
    22L, 19L, 0L, 10L, 0L, 0L, 0L, 60L, 0L, 0L), .Dim = c(4L, 
    4L), .Dimnames = structure(list(c("-1", "0", "1", NA), c("A", 
    "C", "T", NA)), .Names = c("", "")), class = "table"), N = 4421L), 
    Tag.Distribution = structure(c(`1` = 176L, `2` = 88L, `3` = 50L, 
    `4` = 63L, `5` = 66L, `6` = 51L, `7` = 59L, `8` = 41L, `9` = 33L, 
    `10` = 20L, `11` = 18L, `12` = 10L, `13` = 14L, `14` = 12L, 
    `15` = 11L, `16` = 11L, `17` = 3L, `18` = 6L, `19` = 1L, 
    `20` = 5L, `21` = 4L, `22` = 2L, `23` = 4L, `26` = 1L, `27` = 2L, 
    `28` = 1L, `29` = 2L, `32` = 1L, `33` = 1L), .Dim = 29L, .Dimnames = list(
        TagUsage = c("1", "2", "3", "4", "5", "6", "7", "8", 
        "9", "10", "11", "12", "13", "14", "15", "16", "17", 
        "18", "19", "20", "21", "22", "23", "26", "27", "28", 
        "29", "32", "33")), class = "table"), No.Tag = structure(c(0L, 
    0L, 0L, 0L, 0L, 49L, 0L, 1L, 0L, 0L, 0L, 0L, 0L, 5L, 0L, 
    0L), .Dim = c(4L, 4L), .Dimnames = structure(list(c("-1", 
    "0", "1", NA), c("A", "C", "T", NA)), .Names = c("", "")), class = "table"), 
    All.Tags = list(Concordant = list(Freqs = structure(c(0, 
    0, 0, 2, 695, 1, 0, 7, 0), .Dim = c(3L, 3L), .Dimnames = list(
        c("-1", "0", "1"), c("A", "C", "T"))), N = 705), Majority = list(
        Freqs = structure(c(0, 0, 0, 2, 729, 1, 0, 7, 0), .Dim = c(3L, 
        3L), .Dimnames = list(c("-1", "0", "1"), c("A", "C", 
        "T"))), N = 739)), `2` = structure(c(0, 0, 0, 0, 577, 
    0, 0, 0, 0), .Dim = c(3L, 3L), .Dimnames = list(c("-1", "0", 
    "1"), c("A", "C", "T"))))))
