Results <-
list(`bwa.out//20220204//BlindCMMRD68_S27.sam` = list(LR49_SNP1 = list(
    All = list(Freqs = structure(c(0L, 3L, 0L, 0L, 11L, 2137L, 
    1L, 2L, 0L, 8L, 0L, 0L), .Dim = 4:3, .Dimnames = structure(list(
        c("-1", "0", "1", NA), c("A", "G", NA)), .Names = c("", 
    "")), class = "table"), N = 2162L), Tag.Distribution = structure(c(`1` = 81L, 
    `2` = 42L, `3` = 29L, `4` = 34L, `5` = 22L, `6` = 33L, `7` = 20L, 
    `8` = 12L, `9` = 16L, `10` = 10L, `11` = 11L, `12` = 7L, 
    `13` = 8L, `14` = 2L, `15` = 3L, `16` = 5L, `17` = 2L, `18` = 3L, 
    `19` = 1L, `20` = 3L, `21` = 1L, `23` = 2L, `24` = 2L, `25` = 1L, 
    `26` = 1L, `27` = 1L, `29` = 1L, `30` = 1L, `34` = 1L), .Dim = 29L, .Dimnames = list(
        TagUsage = c("1", "2", "3", "4", "5", "6", "7", "8", 
        "9", "10", "11", "12", "13", "14", "15", "16", "17", 
        "18", "19", "20", "21", "23", "24", "25", "26", "27", 
        "29", "30", "34")), class = "table"), No.Tag = structure(c(0L, 
    1L, 0L, 0L, 1L, 68L, 0L, 0L, 0L, 1L, 0L, 0L), .Dim = 4:3, .Dimnames = structure(list(
        c("-1", "0", "1", NA), c("A", "G", NA)), .Names = c("", 
    "")), class = "table"), All.Tags = list(Concordant = list(
        Freqs = structure(c(0, 1, 0, 0, 342, 0), .Dim = 3:2, .Dimnames = list(
            c("-1", "0", "1"), c("A", "G"))), N = 343), Majority = list(
        Freqs = structure(c(0, 1, 0, 0, 352, 0), .Dim = 3:2, .Dimnames = list(
            c("-1", "0", "1"), c("A", "G"))), N = 353)), `2` = structure(c(0, 
    0, 0, 0, 274, 0), .Dim = 3:2, .Dimnames = list(c("-1", "0", 
    "1"), c("A", "G"))))))
