Results <-
list(`bwa.out//20220204//BlindCMMRD109_S35.sam` = list(LR10_SNP1 = list(
    All = list(Freqs = structure(c(0L, 0L, 4L, 0L, 0L, 2L, 115L, 
    6908L, 24L, 5L, 0L, 0L, 53L, 3L, 0L), .Dim = c(5L, 3L), .Dimnames = structure(list(
        c("-2", "-1", "0", "1", NA), c("C", "T", NA)), .Names = c("", 
    "")), class = "table"), N = 7114L), Tag.Distribution = structure(c(`1` = 320L, 
    `2` = 247L, `3` = 187L, `4` = 154L, `5` = 137L, `6` = 107L, 
    `7` = 93L, `8` = 69L, `9` = 56L, `10` = 33L, `11` = 30L, 
    `12` = 27L, `13` = 14L, `14` = 10L, `15` = 8L, `16` = 4L, 
    `17` = 8L, `18` = 6L, `19` = 2L, `20` = 4L, `25` = 1L, `26` = 1L
    ), .Dim = 22L, .Dimnames = list(TagUsage = c("1", "2", "3", 
    "4", "5", "6", "7", "8", "9", "10", "11", "12", "13", "14", 
    "15", "16", "17", "18", "19", "20", "25", "26")), class = "table"), 
    No.Tag = structure(c(0L, 0L, 0L, 0L, 0L, 0L, 3L, 178L, 0L, 
    0L, 0L, 0L, 5L, 0L, 0L), .Dim = c(5L, 3L), .Dimnames = structure(list(
        c("-2", "-1", "0", "1", NA), c("C", "T", NA)), .Names = c("", 
    "")), class = "table"), All.Tags = list(Concordant = list(
        Freqs = structure(c(0, 0, 2, 0, 0, 6, 1385, 0), .Dim = c(4L, 
        2L), .Dimnames = list(c("-2", "-1", "0", "1"), c("C", 
        "T"))), N = 1393), Majority = list(Freqs = structure(c(0, 
    0, 2, 0, 0, 7, 1494, 0), .Dim = c(4L, 2L), .Dimnames = list(
        c("-2", "-1", "0", "1"), c("C", "T"))), N = 1503)), `2` = structure(c(0, 
    0, 0, 0, 0, 2, 1186, 0), .Dim = c(4L, 2L), .Dimnames = list(
        c("-2", "-1", "0", "1"), c("C", "T"))))))
