Results <-
list(`bwa.out//20220204//BlindCMMRD90_S49.sam` = list(GM07_SNP1 = list(
    All = list(Freqs = structure(c(0L, 0L, 2L, 0L, 0L, 0L, 1L, 
    93L, 2127L, 53L, 2L, 20L, 1L, 111L, 2384L, 56L, 0L, 24L, 
    0L, 2L, 58L, 2L, 0L, 0L), .Dim = c(6L, 4L), .Dimnames = structure(list(
        c("-2", "-1", "0", "1", "2", NA), c("-", "A", "G", NA
        )), .Names = c("", "")), class = "table"), N = 4936L), 
    Tag.Distribution = structure(c(`1` = 127L, `2` = 59L, `3` = 55L, 
    `4` = 60L, `5` = 34L, `6` = 43L, `7` = 29L, `8` = 32L, `9` = 16L, 
    `10` = 20L, `11` = 20L, `12` = 15L, `13` = 15L, `14` = 11L, 
    `15` = 14L, `16` = 12L, `17` = 9L, `18` = 12L, `19` = 4L, 
    `20` = 10L, `21` = 3L, `22` = 8L, `23` = 1L, `24` = 4L, `25` = 2L, 
    `26` = 2L, `27` = 2L, `29` = 1L, `30` = 3L, `31` = 3L, `33` = 2L, 
    `34` = 1L, `35` = 1L, `36` = 1L, `41` = 1L), .Dim = 35L, .Dimnames = list(
        TagUsage = c("1", "2", "3", "4", "5", "6", "7", "8", 
        "9", "10", "11", "12", "13", "14", "15", "16", "17", 
        "18", "19", "20", "21", "22", "23", "24", "25", "26", 
        "27", "29", "30", "31", "33", "34", "35", "36", "41")), class = "table"), 
    No.Tag = structure(c(0L, 0L, 0L, 0L, 0L, 0L, 0L, 6L, 127L, 
    4L, 0L, 5L, 0L, 3L, 155L, 6L, 0L, 5L, 0L, 0L, 10L, 0L, 0L, 
    0L), .Dim = c(6L, 4L), .Dimnames = structure(list(c("-2", 
    "-1", "0", "1", "2", NA), c("-", "A", "G", NA)), .Names = c("", 
    "")), class = "table"), All.Tags = list(Concordant = list(
        Freqs = structure(c(0, 0, 0, 0, 0, 0, 2, 199, 1, 0, 0, 
        2, 217, 0, 0), .Dim = c(5L, 3L), .Dimnames = list(c("-2", 
        "-1", "0", "1", "2"), c("-", "A", "G"))), N = 421), Majority = list(
        Freqs = structure(c(0, 0, 0, 0, 0, 0, 3, 284, 2, 0, 0, 
        2, 325, 0, 0), .Dim = c(5L, 3L), .Dimnames = list(c("-2", 
        "-1", "0", "1", "2"), c("-", "A", "G"))), N = 616)), 
    `2` = structure(c(0, 0, 0, 0, 0, 0, 2, 238, 1, 0, 0, 2, 255, 
    0, 0), .Dim = c(5L, 3L), .Dimnames = list(c("-2", "-1", "0", 
    "1", "2"), c("-", "A", "G"))))))
