Results <-
list(`bwa.out//20220204//BlindCMMRD77_S36.sam` = list(LR49_SNP1 = list(
    All = list(Freqs = structure(c(0L, 8L, 0L, 0L, 1L, 0L, 8L, 
    3211L, 4L, 0L, 1L, 0L, 0L, 12L, 0L), .Dim = c(3L, 5L), .Dimnames = structure(list(
        c("-1", "0", NA), c("A", "C", "G", "T", NA)), .Names = c("", 
    "")), class = "table"), N = 3245L), Tag.Distribution = structure(c(`1` = 131L, 
    `2` = 59L, `3` = 60L, `4` = 53L, `5` = 34L, `6` = 34L, `7` = 29L, 
    `8` = 29L, `9` = 16L, `10` = 20L, `11` = 13L, `12` = 11L, 
    `13` = 10L, `14` = 6L, `15` = 8L, `16` = 6L, `17` = 6L, `18` = 4L, 
    `19` = 6L, `20` = 2L, `21` = 3L, `22` = 2L, `23` = 2L, `24` = 1L, 
    `25` = 3L, `26` = 1L, `29` = 1L, `30` = 1L), .Dim = 28L, .Dimnames = list(
        TagUsage = c("1", "2", "3", "4", "5", "6", "7", "8", 
        "9", "10", "11", "12", "13", "14", "15", "16", "17", 
        "18", "19", "20", "21", "22", "23", "24", "25", "26", 
        "29", "30")), class = "table"), No.Tag = structure(c(0L, 
    1L, 0L, 0L, 0L, 0L, 0L, 80L, 0L, 0L, 0L, 0L, 0L, 0L, 0L), .Dim = c(3L, 
    5L), .Dimnames = structure(list(c("-1", "0", NA), c("A", 
    "C", "G", "T", NA)), .Names = c("", "")), class = "table"), 
    All.Tags = list(Concordant = list(Freqs = structure(c(0, 
    3, 0, 0, 0, 532, 0, 0), .Dim = c(2L, 4L), .Dimnames = list(
        c("-1", "0"), c("A", "C", "G", "T"))), N = 535), Majority = list(
        Freqs = structure(c(0, 3, 0, 0, 0, 544, 0, 0), .Dim = c(2L, 
        4L), .Dimnames = list(c("-1", "0"), c("A", "C", "G", 
        "T"))), N = 547)), `2` = structure(c(0, 1, 0, 0, 0, 418, 
    0, 0), .Dim = c(2L, 4L), .Dimnames = list(c("-1", "0"), c("A", 
    "C", "G", "T"))))))
