Results <-
list(`bwa.out//20220204//BlindCMMRD93_S52.sam` = list(GM26_SNP1 = list(
    All = list(Freqs = structure(c(0L, 16L, 0L, 0L, 37L, 2853L, 
    15L, 5L, 1L, 33L, 0L, 0L), .Dim = 4:3, .Dimnames = structure(list(
        c("-1", "0", "1", NA), c("A", "G", NA)), .Names = c("", 
    "")), class = "table"), N = 2960L), Tag.Distribution = structure(c(`1` = 120L, 
    `2` = 66L, `3` = 43L, `4` = 37L, `5` = 36L, `6` = 33L, `7` = 27L, 
    `8` = 25L, `9` = 21L, `10` = 12L, `11` = 12L, `12` = 7L, 
    `13` = 10L, `14` = 5L, `15` = 2L, `16` = 10L, `17` = 10L, 
    `18` = 3L, `19` = 4L, `20` = 2L, `21` = 2L, `22` = 5L, `23` = 2L, 
    `24` = 1L, `25` = 1L, `27` = 1L, `28` = 1L, `31` = 1L, `33` = 1L
    ), .Dim = 29L, .Dimnames = list(TagUsage = c("1", "2", "3", 
    "4", "5", "6", "7", "8", "9", "10", "11", "12", "13", "14", 
    "15", "16", "17", "18", "19", "20", "21", "22", "23", "24", 
    "25", "27", "28", "31", "33")), class = "table"), No.Tag = structure(c(0L, 
    0L, 0L, 0L, 0L, 42L, 0L, 0L, 0L, 1L, 0L, 0L), .Dim = 4:3, .Dimnames = structure(list(
        c("-1", "0", "1", NA), c("A", "G", NA)), .Names = c("", 
    "")), class = "table"), All.Tags = list(Concordant = list(
        Freqs = structure(c(0, 13, 0, 1, 443, 1), .Dim = 3:2, .Dimnames = list(
            c("-1", "0", "1"), c("A", "G"))), N = 458), Majority = list(
        Freqs = structure(c(0, 13, 0, 2, 476, 1), .Dim = 3:2, .Dimnames = list(
            c("-1", "0", "1"), c("A", "G"))), N = 492)), `2` = structure(c(0, 
    0, 0, 2, 376, 0), .Dim = 3:2, .Dimnames = list(c("-1", "0", 
    "1"), c("A", "G"))))))
