Results <-
list(`bwa.out//20220204//Control19_S12.sam` = list(LR48_SNP1 = list(
    All = list(Freqs = structure(c(2L, 60L, 2057L, 19L, 1L, 12L, 
    0L, 0L, 1L, 0L, 0L, 0L, 0L, 1L, 35L, 0L, 0L, 0L), .Dim = c(6L, 
    3L), .Dimnames = structure(list(c("-2", "-1", "0", "1", "2", 
    NA), c("C", "T", NA)), .Names = c("", "")), class = "table"), 
        N = 2188L), Tag.Distribution = structure(c(`1` = 72L, 
    `2` = 16L, `3` = 27L, `4` = 22L, `5` = 14L, `6` = 16L, `7` = 11L, 
    `8` = 15L, `9` = 13L, `10` = 6L, `11` = 10L, `12` = 10L, 
    `13` = 3L, `14` = 10L, `15` = 6L, `16` = 3L, `17` = 5L, `18` = 2L, 
    `19` = 1L, `20` = 5L, `21` = 3L, `22` = 3L, `24` = 2L, `25` = 1L, 
    `27` = 2L, `28` = 1L, `29` = 1L, `30` = 2L, `33` = 1L, `36` = 2L, 
    `37` = 1L), .Dim = 31L, .Dimnames = list(TagUsage = c("1", 
    "2", "3", "4", "5", "6", "7", "8", "9", "10", "11", "12", 
    "13", "14", "15", "16", "17", "18", "19", "20", "21", "22", 
    "24", "25", "27", "28", "29", "30", "33", "36", "37")), class = "table"), 
    No.Tag = structure(c(0L, 4L, 61L, 0L, 0L, 2L, 0L, 0L, 0L, 
    0L, 0L, 0L, 0L, 0L, 6L, 0L, 0L, 0L), .Dim = c(6L, 3L), .Dimnames = structure(list(
        c("-2", "-1", "0", "1", "2", NA), c("C", "T", NA)), .Names = c("", 
    "")), class = "table"), All.Tags = list(Concordant = list(
        Freqs = structure(c(0, 4, 230, 0, 0, 0, 0, 1, 0, 0), .Dim = c(5L, 
        2L), .Dimnames = list(c("-2", "-1", "0", "1", "2"), c("C", 
        "T"))), N = 235), Majority = list(Freqs = structure(c(0, 
    5, 276, 0, 0, 0, 0, 1, 0, 0), .Dim = c(5L, 2L), .Dimnames = list(
        c("-2", "-1", "0", "1", "2"), c("C", "T"))), N = 282)), 
    `2` = structure(c(0, 1, 212, 0, 0, 0, 0, 0, 0, 0), .Dim = c(5L, 
    2L), .Dimnames = list(c("-2", "-1", "0", "1", "2"), c("C", 
    "T"))))))
