Results <-
list(`bwa.out//20220204//BlindCMMRD69_S28.sam` = list(DEPDC2_SNP1 = list(
    All = list(Freqs = structure(c(0L, 2L, 0L, 0L, 0L, 16L, 2061L, 
    6L, 0L, 8L, 13L, 2023L, 10L, 1L, 7L, 0L, 37L, 0L, 0L, 0L), .Dim = 5:4, .Dimnames = structure(list(
        c("-1", "0", "1", "2", NA), c("A", "C", "T", NA)), .Names = c("", 
    "")), class = "table"), N = 4184L), Tag.Distribution = structure(c(`1` = 158L, 
    `2` = 89L, `3` = 84L, `4` = 67L, `5` = 57L, `6` = 60L, `7` = 35L, 
    `8` = 39L, `9` = 29L, `10` = 19L, `11` = 16L, `12` = 18L, 
    `13` = 18L, `14` = 12L, `15` = 6L, `16` = 7L, `17` = 5L, 
    `18` = 5L, `19` = 1L, `20` = 1L, `21` = 1L, `22` = 2L, `23` = 4L, 
    `24` = 2L, `26` = 2L, `28` = 1L, `30` = 1L, `31` = 1L, `33` = 1L
    ), .Dim = 29L, .Dimnames = list(TagUsage = c("1", "2", "3", 
    "4", "5", "6", "7", "8", "9", "10", "11", "12", "13", "14", 
    "15", "16", "17", "18", "19", "20", "21", "22", "23", "24", 
    "26", "28", "30", "31", "33")), class = "table"), No.Tag = structure(c(0L, 
    0L, 0L, 0L, 0L, 0L, 53L, 0L, 0L, 0L, 0L, 25L, 0L, 0L, 0L, 
    0L, 8L, 0L, 0L, 0L), .Dim = 5:4, .Dimnames = structure(list(
        c("-1", "0", "1", "2", NA), c("A", "C", "T", NA)), .Names = c("", 
    "")), class = "table"), All.Tags = list(Concordant = list(
        Freqs = structure(c(0, 2, 0, 0, 1, 331, 0, 0, 1, 305, 
        0, 0), .Dim = 4:3, .Dimnames = list(c("-1", "0", "1", 
        "2"), c("A", "C", "T"))), N = 640), Majority = list(Freqs = structure(c(0, 
    2, 0, 0, 2, 368, 0, 0, 1, 344, 0, 0), .Dim = 4:3, .Dimnames = list(
        c("-1", "0", "1", "2"), c("A", "C", "T"))), N = 717)), 
    `2` = structure(c(0, 0, 0, 0, 1, 300, 0, 0, 1, 263, 0, 0), .Dim = 4:3, .Dimnames = list(
        c("-1", "0", "1", "2"), c("A", "C", "T"))))))
