Results <-
list(`bwa.out//20220204//BlindCMMRD73_S32.sam` = list(GM07_SNP1 = list(
    All = list(Freqs = structure(c(1L, 1L, 231L, 4316L, 111L, 
    2L, 47L, 0L, 0L, 0L, 7L, 0L, 0L, 0L, 0L, 0L, 0L, 66L, 0L, 
    0L, 0L), .Dim = c(7L, 3L), .Dimnames = structure(list(c("-3", 
    "-2", "-1", "0", "1", "2", NA), c("A", "G", NA)), .Names = c("", 
    "")), class = "table"), N = 4782L), Tag.Distribution = structure(c(`1` = 111L, 
    `2` = 56L, `3` = 44L, `4` = 38L, `5` = 44L, `6` = 39L, `7` = 43L, 
    `8` = 25L, `9` = 39L, `10` = 18L, `11` = 14L, `12` = 17L, 
    `13` = 17L, `14` = 8L, `15` = 13L, `16` = 13L, `17` = 8L, 
    `18` = 9L, `19` = 7L, `20` = 13L, `21` = 4L, `22` = 6L, `23` = 2L, 
    `24` = 6L, `25` = 1L, `26` = 3L, `27` = 3L, `28` = 1L, `37` = 2L, 
    `39` = 1L), .Dim = 30L, .Dimnames = list(TagUsage = c("1", 
    "2", "3", "4", "5", "6", "7", "8", "9", "10", "11", "12", 
    "13", "14", "15", "16", "17", "18", "19", "20", "21", "22", 
    "23", "24", "25", "26", "27", "28", "37", "39")), class = "table"), 
    No.Tag = structure(c(0L, 0L, 10L, 237L, 5L, 1L, 9L, 0L, 0L, 
    0L, 0L, 0L, 0L, 0L, 0L, 0L, 0L, 11L, 0L, 0L, 0L), .Dim = c(7L, 
    3L), .Dimnames = structure(list(c("-3", "-2", "-1", "0", 
    "1", "2", NA), c("A", "G", NA)), .Names = c("", "")), class = "table"), 
    All.Tags = list(Concordant = list(Freqs = structure(c(0, 
    0, 6, 406, 4, 0, 0, 0, 0, 5, 0, 0), .Dim = c(6L, 2L), .Dimnames = list(
        c("-3", "-2", "-1", "0", "1", "2"), c("A", "G"))), N = 421), 
        Majority = list(Freqs = structure(c(0, 0, 11, 572, 6, 
        0, 0, 0, 0, 5, 0, 0), .Dim = c(6L, 2L), .Dimnames = list(
            c("-3", "-2", "-1", "0", "1", "2"), c("A", "G"))), 
            N = 594)), `2` = structure(c(0, 0, 6, 477, 4, 0, 
    0, 0, 0, 0, 0, 0), .Dim = c(6L, 2L), .Dimnames = list(c("-3", 
    "-2", "-1", "0", "1", "2"), c("A", "G"))))))
