Results <-
list(`bwa.out//20220204//BlindCMMRD96_S55.sam` = list(LR52_SNP1 = list(
    All = list(Freqs = structure(c(0L, 0L, 1L, 2L, 0L, 0L, 2L, 
    6L, 130L, 1132L, 3L, 16L, 0L, 8L, 124L, 1537L, 10L, 19L, 
    0L, 0L, 11L, 512L, 2L, 0L), .Dim = c(6L, 4L), .Dimnames = structure(list(
        c("-3", "-2", "-1", "0", "1", NA), c("A", "C", "T", NA
        )), .Names = c("", "")), class = "table"), N = 3515L), 
    Tag.Distribution = structure(c(`1` = 107L, `2` = 63L, `3` = 69L, 
    `4` = 45L, `5` = 38L, `6` = 29L, `7` = 28L, `8` = 25L, `9` = 21L, 
    `10` = 16L, `11` = 15L, `12` = 9L, `13` = 11L, `14` = 9L, 
    `15` = 13L, `16` = 7L, `17` = 3L, `18` = 5L, `19` = 8L, `20` = 3L, 
    `21` = 6L, `22` = 8L, `23` = 1L, `24` = 1L, `25` = 3L, `27` = 1L, 
    `29` = 1L, `39` = 1L), .Dim = 28L, .Dimnames = list(TagUsage = c("1", 
    "2", "3", "4", "5", "6", "7", "8", "9", "10", "11", "12", 
    "13", "14", "15", "16", "17", "18", "19", "20", "21", "22", 
    "23", "24", "25", "27", "29", "39")), class = "table"), No.Tag = structure(c(0L, 
    0L, 0L, 0L, 0L, 0L, 0L, 0L, 3L, 36L, 0L, 0L, 0L, 0L, 0L, 
    14L, 0L, 0L, 0L, 0L, 1L, 11L, 0L, 0L), .Dim = c(6L, 4L), .Dimnames = structure(list(
        c("-3", "-2", "-1", "0", "1", NA), c("A", "C", "T", NA
        )), .Names = c("", "")), class = "table"), All.Tags = list(
        Concordant = list(Freqs = structure(c(0, 0, 0, 0, 0, 
        0, 0, 5, 153, 1, 0, 0, 1, 179, 3), .Dim = c(5L, 3L), .Dimnames = list(
            c("-3", "-2", "-1", "0", "1"), c("A", "C", "T"))), 
            N = 342), Majority = list(Freqs = structure(c(0, 
        0, 0, 0, 0, 0, 0, 9, 221, 1, 0, 0, 3, 261, 3), .Dim = c(5L, 
        3L), .Dimnames = list(c("-3", "-2", "-1", "0", "1"), 
            c("A", "C", "T"))), N = 498)), `2` = structure(c(0, 
    0, 0, 0, 0, 0, 0, 7, 195, 1, 0, 0, 2, 209, 0), .Dim = c(5L, 
    3L), .Dimnames = list(c("-3", "-2", "-1", "0", "1"), c("A", 
    "C", "T"))))))
