Results <-
list(`bwa.out//20220204//BlindCMMRD73_S32.sam` = list(IM49_SNP1 = list(
    All = list(Freqs = structure(c(3L, 143L, 4135L, 82L, 1L, 
    36L, 0L, 0L, 3L, 0L, 0L, 0L, 0L, 0L, 1L, 0L, 0L, 0L, 0L, 
    2L, 233L, 0L, 0L, 0L), .Dim = c(6L, 4L), .Dimnames = structure(list(
        c("-2", "-1", "0", "1", "2", NA), c("C", "G", "T", NA
        )), .Names = c("", "")), class = "table"), N = 4639L), 
    Tag.Distribution = structure(c(`1` = 208L, `2` = 83L, `3` = 74L, 
    `4` = 78L, `5` = 49L, `6` = 34L, `7` = 41L, `8` = 34L, `9` = 29L, 
    `10` = 24L, `11` = 18L, `12` = 14L, `13` = 12L, `14` = 11L, 
    `15` = 15L, `16` = 4L, `17` = 13L, `18` = 7L, `19` = 2L, 
    `20` = 5L, `21` = 6L, `22` = 2L, `23` = 5L, `24` = 1L, `25` = 2L, 
    `26` = 1L, `27` = 2L, `28` = 1L, `29` = 1L, `30` = 1L, `31` = 1L, 
    `33` = 1L, `35` = 1L), .Dim = 33L, .Dimnames = list(TagUsage = c("1", 
    "2", "3", "4", "5", "6", "7", "8", "9", "10", "11", "12", 
    "13", "14", "15", "16", "17", "18", "19", "20", "21", "22", 
    "23", "24", "25", "26", "27", "28", "29", "30", "31", "33", 
    "35")), class = "table"), No.Tag = structure(c(0L, 3L, 123L, 
    6L, 0L, 2L, 0L, 0L, 0L, 0L, 0L, 0L, 0L, 0L, 0L, 0L, 0L, 0L, 
    0L, 0L, 13L, 0L, 0L, 0L), .Dim = c(6L, 4L), .Dimnames = structure(list(
        c("-2", "-1", "0", "1", "2", NA), c("C", "G", "T", NA
        )), .Names = c("", "")), class = "table"), All.Tags = list(
        Concordant = list(Freqs = structure(c(0, 8, 570, 4, 0, 
        0, 0, 2, 0, 0, 0, 0, 1, 0, 0), .Dim = c(5L, 3L), .Dimnames = list(
            c("-2", "-1", "0", "1", "2"), c("C", "G", "T"))), 
            N = 585), Majority = list(Freqs = structure(c(0, 
        8, 706, 4, 0, 0, 0, 2, 0, 0, 0, 0, 1, 0, 0), .Dim = c(5L, 
        3L), .Dimnames = list(c("-2", "-1", "0", "1", "2"), c("C", 
        "G", "T"))), N = 721)), `2` = structure(c(0, 5, 557, 
    2, 0, 0, 0, 0, 0, 0, 0, 0, 0, 0, 0), .Dim = c(5L, 3L), .Dimnames = list(
        c("-2", "-1", "0", "1", "2"), c("C", "G", "T"))))))
