Results <-
list(`bwa.out//20220204//BlindCMMRD71_S30.sam` = list(LR48_SNP1 = list(
    All = list(Freqs = structure(c(0L, 0L, 0L, 1L, 0L, 0L, 0L, 
    1L, 12L, 669L, 6814L, 103L, 1L, 44L, 0L, 0L, 0L, 1L, 0L, 
    0L, 0L, 0L, 0L, 6L, 122L, 0L, 0L, 0L), .Dim = c(7L, 4L), .Dimnames = structure(list(
        c("-3", "-2", "-1", "0", "1", "2", NA), c("-", "C", "T", 
        NA)), .Names = c("", "")), class = "table"), N = 7774L), 
    Tag.Distribution = structure(c(`1` = 99L, `2` = 14L, `3` = 15L, 
    `4` = 14L, `5` = 13L, `6` = 16L, `7` = 13L, `8` = 7L, `9` = 6L, 
    `10` = 11L, `11` = 12L, `12` = 11L, `13` = 8L, `14` = 8L, 
    `15` = 6L, `16` = 9L, `17` = 10L, `18` = 15L, `19` = 11L, 
    `20` = 5L, `21` = 7L, `22` = 8L, `23` = 6L, `24` = 5L, `25` = 4L, 
    `26` = 4L, `27` = 7L, `28` = 4L, `29` = 7L, `30` = 2L, `31` = 5L, 
    `32` = 3L, `33` = 6L, `34` = 3L, `35` = 4L, `36` = 2L, `38` = 7L, 
    `39` = 5L, `40` = 4L, `41` = 2L, `42` = 2L, `43` = 2L, `45` = 3L, 
    `46` = 2L, `47` = 3L, `48` = 5L, `49` = 1L, `51` = 1L, `52` = 6L, 
    `53` = 1L, `54` = 3L, `55` = 3L, `60` = 1L, `61` = 1L, `62` = 1L, 
    `63` = 1L, `64` = 2L, `65` = 2L, `68` = 1L, `73` = 1L, `74` = 1L, 
    `86` = 1L, `106` = 1L), .Dim = 63L, .Dimnames = list(TagUsage = c("1", 
    "2", "3", "4", "5", "6", "7", "8", "9", "10", "11", "12", 
    "13", "14", "15", "16", "17", "18", "19", "20", "21", "22", 
    "23", "24", "25", "26", "27", "28", "29", "30", "31", "32", 
    "33", "34", "35", "36", "38", "39", "40", "41", "42", "43", 
    "45", "46", "47", "48", "49", "51", "52", "53", "54", "55", 
    "60", "61", "62", "63", "64", "65", "68", "73", "74", "86", 
    "106")), class = "table"), No.Tag = structure(c(0L, 0L, 0L, 
    0L, 0L, 0L, 0L, 0L, 1L, 26L, 271L, 2L, 0L, 3L, 0L, 0L, 0L, 
    0L, 0L, 0L, 0L, 0L, 0L, 0L, 12L, 0L, 0L, 0L), .Dim = c(7L, 
    4L), .Dimnames = structure(list(c("-3", "-2", "-1", "0", 
    "1", "2", NA), c("-", "C", "T", NA)), .Names = c("", "")), class = "table"), 
    All.Tags = list(Concordant = list(Freqs = structure(c(0, 
    0, 0, 0, 0, 0, 0, 1, 19, 240, 1, 0, 0, 0, 0, 1, 0, 0), .Dim = c(6L, 
    3L), .Dimnames = list(c("-3", "-2", "-1", "0", "1", "2"), 
        c("-", "C", "T"))), N = 262), Majority = list(Freqs = structure(c(0, 
    0, 0, 0, 0, 0, 0, 1, 26, 399, 1, 0, 0, 0, 0, 1, 0, 0), .Dim = c(6L, 
    3L), .Dimnames = list(c("-3", "-2", "-1", "0", "1", "2"), 
        c("-", "C", "T"))), N = 428)), `2` = structure(c(0, 0, 
    0, 0, 0, 0, 0, 0, 19, 322, 0, 0, 0, 0, 0, 0, 0, 0), .Dim = c(6L, 
    3L), .Dimnames = list(c("-3", "-2", "-1", "0", "1", "2"), 
        c("-", "C", "T"))))))
