Results <-
list(`bwa.out//20220204//BlindCMMRD42_S2.sam` = list(LR20_SNP1 = list(
    All = list(Freqs = structure(c(0L, 1L, 0L, 3L, 5650L, 3L, 
    0L, 1L, 0L, 0L, 3L, 0L, 0L, 1L, 0L, 0L, 15L, 0L), .Dim = c(3L, 
    6L), .Dimnames = structure(list(c("-1", "0", "1"), c("-", 
    "A", "C", "G", "T", NA)), .Names = c("", "")), class = "table"), 
        N = 5677L), Tag.Distribution = structure(c(`1` = 110L, 
    `2` = 25L, `3` = 22L, `4` = 25L, `5` = 24L, `6` = 22L, `7` = 19L, 
    `8` = 12L, `9` = 16L, `10` = 15L, `11` = 10L, `12` = 10L, 
    `13` = 11L, `14` = 9L, `15` = 6L, `16` = 4L, `17` = 5L, `18` = 6L, 
    `19` = 12L, `20` = 6L, `21` = 7L, `22` = 5L, `23` = 8L, `24` = 8L, 
    `25` = 4L, `26` = 5L, `27` = 2L, `28` = 1L, `29` = 5L, `30` = 5L, 
    `31` = 2L, `32` = 4L, `33` = 4L, `34` = 2L, `35` = 3L, `36` = 2L, 
    `37` = 1L, `38` = 1L, `39` = 2L, `40` = 2L, `41` = 1L, `43` = 3L, 
    `44` = 3L, `45` = 3L, `46` = 1L, `47` = 3L, `48` = 1L, `49` = 1L, 
    `51` = 1L, `53` = 1L, `54` = 1L, `56` = 2L, `57` = 1L, `58` = 1L, 
    `61` = 1L, `63` = 1L), .Dim = 56L, .Dimnames = list(TagUsage = c("1", 
    "2", "3", "4", "5", "6", "7", "8", "9", "10", "11", "12", 
    "13", "14", "15", "16", "17", "18", "19", "20", "21", "22", 
    "23", "24", "25", "26", "27", "28", "29", "30", "31", "32", 
    "33", "34", "35", "36", "37", "38", "39", "40", "41", "43", 
    "44", "45", "46", "47", "48", "49", "51", "53", "54", "56", 
    "57", "58", "61", "63")), class = "table"), No.Tag = structure(c(0L, 
    0L, 0L, 0L, 0L, 109L, 0L, 0L, 0L, 0L, 0L, 0L, 0L, 1L, 0L, 
    0L, 0L, 0L, 0L, 0L, 0L, 2L, 0L, 0L), .Dim = c(4L, 6L), .Dimnames = structure(list(
        c("-1", "0", "1", NA), c("-", "A", "C", "G", "T", NA)), .Names = c("", 
    "")), class = "table"), All.Tags = list(Concordant = list(
        Freqs = structure(c(0, 1, 0, 0, 454, 0, 0, 0, 0, 0, 2, 
        0, 0, 0, 0), .Dim = c(3L, 5L), .Dimnames = list(c("-1", 
        "0", "1"), c("-", "A", "C", "G", "T"))), N = 457), Majority = list(
        Freqs = structure(c(0, 1, 0, 0, 461, 0, 0, 0, 0, 0, 2, 
        0, 0, 0, 0), .Dim = c(3L, 5L), .Dimnames = list(c("-1", 
        "0", "1"), c("-", "A", "C", "G", "T"))), N = 464)), `2` = structure(c(0, 
    0, 0, 0, 357, 0, 0, 0, 0, 0, 0, 0, 0, 0, 0), .Dim = c(3L, 
    5L), .Dimnames = list(c("-1", "0", "1"), c("-", "A", "C", 
    "G", "T"))))))
