Results <-
list(`bwa.out//20220204//BlindCMMRD58_S17.sam` = list(LR11_SNP1 = list(
    All = list(Freqs = structure(c(0L, 0L, 0L, 8L, 0L, 0L, 0L, 
    3L, 4L, 114L, 4768L, 31L, 1L, 14L, 0L, 0L, 0L, 2L, 0L, 0L, 
    0L, 0L, 0L, 3L, 149L, 1L, 0L, 0L), .Dim = c(7L, 4L), .Dimnames = structure(list(
        c("-3", "-2", "-1", "0", "1", "2", NA), c("A", "C", "T", 
        NA)), .Names = c("", "")), class = "table"), N = 5098L), 
    Tag.Distribution = structure(c(`1` = 86L, `2` = 12L, `3` = 13L, 
    `4` = 10L, `5` = 10L, `6` = 9L, `7` = 4L, `8` = 7L, `9` = 8L, 
    `10` = 4L, `11` = 9L, `12` = 3L, `13` = 3L, `14` = 4L, `15` = 5L, 
    `16` = 11L, `17` = 8L, `18` = 5L, `19` = 2L, `20` = 3L, `21` = 7L, 
    `22` = 3L, `23` = 3L, `24` = 6L, `25` = 5L, `26` = 4L, `27` = 1L, 
    `28` = 3L, `29` = 4L, `30` = 4L, `31` = 3L, `32` = 4L, `33` = 6L, 
    `34` = 4L, `35` = 3L, `36` = 4L, `37` = 3L, `38` = 2L, `39` = 4L, 
    `40` = 3L, `41` = 3L, `42` = 2L, `43` = 3L, `44` = 1L, `45` = 1L, 
    `46` = 2L, `47` = 2L, `49` = 1L, `54` = 1L, `55` = 2L, `58` = 3L, 
    `60` = 2L, `61` = 1L, `65` = 1L, `69` = 1L, `76` = 1L, `78` = 1L
    ), .Dim = 57L, .Dimnames = list(TagUsage = c("1", "2", "3", 
    "4", "5", "6", "7", "8", "9", "10", "11", "12", "13", "14", 
    "15", "16", "17", "18", "19", "20", "21", "22", "23", "24", 
    "25", "26", "27", "28", "29", "30", "31", "32", "33", "34", 
    "35", "36", "37", "38", "39", "40", "41", "42", "43", "44", 
    "45", "46", "47", "49", "54", "55", "58", "60", "61", "65", 
    "69", "76", "78")), class = "table"), No.Tag = structure(c(0L, 
    0L, 0L, 0L, 0L, 0L, 0L, 0L, 0L, 1L, 56L, 1L, 0L, 4L, 0L, 
    0L, 0L, 0L, 0L, 0L, 0L, 0L, 0L, 0L, 6L, 0L, 0L, 0L), .Dim = c(7L, 
    4L), .Dimnames = structure(list(c("-3", "-2", "-1", "0", 
    "1", "2", NA), c("A", "C", "T", NA)), .Names = c("", "")), class = "table"), 
    All.Tags = list(Concordant = list(Freqs = structure(c(0, 
    0, 0, 5, 0, 0, 0, 0, 0, 221, 0, 0, 0, 0, 0, 0, 0, 0), .Dim = c(6L, 
    3L), .Dimnames = list(c("-3", "-2", "-1", "0", "1", "2"), 
        c("A", "C", "T"))), N = 226), Majority = list(Freqs = structure(c(0, 
    0, 0, 5, 0, 0, 0, 0, 1, 305, 0, 0, 0, 0, 0, 0, 0, 0), .Dim = c(6L, 
    3L), .Dimnames = list(c("-3", "-2", "-1", "0", "1", "2"), 
        c("A", "C", "T"))), N = 311)), `2` = structure(c(0, 0, 
    0, 0, 0, 0, 0, 0, 1, 233, 0, 0, 0, 0, 0, 0, 0, 0), .Dim = c(6L, 
    3L), .Dimnames = list(c("-3", "-2", "-1", "0", "1", "2"), 
        c("A", "C", "T"))))))
