Results <-
list(`bwa.out//20220204//Control17_S10.sam` = list(GM11_SNP1 = list(
    All = list(Freqs = structure(c(1L, 12L, 3737L, 15L, 2L, 0L, 
    0L, 1L, 0L, 0L, 0L, 0L, 21L, 0L, 0L), .Dim = c(5L, 3L), .Dimnames = structure(list(
        c("-2", "-1", "0", "1", NA), c("A", "G", NA)), .Names = c("", 
    "")), class = "table"), N = 3789L), Tag.Distribution = structure(c(`1` = 138L, 
    `2` = 57L, `3` = 50L, `4` = 44L, `5` = 45L, `6` = 36L, `7` = 34L, 
    `8` = 21L, `9` = 17L, `10` = 18L, `11` = 16L, `12` = 12L, 
    `13` = 10L, `14` = 7L, `15` = 8L, `16` = 10L, `17` = 6L, 
    `18` = 6L, `19` = 6L, `20` = 5L, `21` = 2L, `22` = 1L, `23` = 6L, 
    `24` = 1L, `25` = 2L, `26` = 4L, `27` = 1L, `28` = 3L, `29` = 1L, 
    `32` = 1L, `38` = 1L, `40` = 1L), .Dim = 32L, .Dimnames = list(
        TagUsage = c("1", "2", "3", "4", "5", "6", "7", "8", 
        "9", "10", "11", "12", "13", "14", "15", "16", "17", 
        "18", "19", "20", "21", "22", "23", "24", "25", "26", 
        "27", "28", "29", "32", "38", "40")), class = "table"), 
    No.Tag = structure(c(0L, 0L, 148L, 1L, 0L, 0L, 0L, 0L, 0L, 
    0L, 0L, 0L, 0L, 0L, 0L), .Dim = c(5L, 3L), .Dimnames = structure(list(
        c("-2", "-1", "0", "1", NA), c("A", "G", NA)), .Names = c("", 
    "")), class = "table"), All.Tags = list(Concordant = list(
        Freqs = structure(c(0, 1, 542, 0, 0, 0, 0, 0), .Dim = c(4L, 
        2L), .Dimnames = list(c("-2", "-1", "0", "1"), c("A", 
        "G"))), N = 543), Majority = list(Freqs = structure(c(0, 
    1, 565, 0, 0, 0, 0, 0), .Dim = c(4L, 2L), .Dimnames = list(
        c("-2", "-1", "0", "1"), c("A", "G"))), N = 566)), `2` = structure(c(0, 
    0, 432, 0, 0, 0, 0, 0), .Dim = c(4L, 2L), .Dimnames = list(
        c("-2", "-1", "0", "1"), c("A", "G"))))))
