Results <-
list(`bwa.out//20220204//BlindCMMRD58_S17.sam` = list(LR36_SNP1 = list(
    All = list(Freqs = structure(c(0L, 0L, 7L, 0L, 0L, 4L, 119L, 
    3332L, 26L, 15L, 0L, 7L, 137L, 2L, 0L), .Dim = c(5L, 3L), .Dimnames = structure(list(
        c("-2", "-1", "0", "1", NA), c("A", "T", NA)), .Names = c("", 
    "")), class = "table"), N = 3649L), Tag.Distribution = structure(c(`1` = 54L, 
    `2` = 11L, `3` = 11L, `4` = 12L, `5` = 10L, `6` = 9L, `7` = 9L, 
    `8` = 3L, `9` = 8L, `10` = 9L, `11` = 3L, `12` = 11L, `13` = 5L, 
    `14` = 6L, `15` = 2L, `16` = 3L, `17` = 5L, `18` = 3L, `19` = 2L, 
    `20` = 3L, `21` = 5L, `22` = 4L, `23` = 1L, `24` = 4L, `25` = 4L, 
    `26` = 1L, `27` = 2L, `28` = 1L, `29` = 1L, `30` = 1L, `32` = 1L, 
    `33` = 2L, `34` = 3L, `35` = 3L, `36` = 2L, `37` = 1L, `39` = 1L, 
    `41` = 1L, `43` = 2L, `45` = 1L, `48` = 2L, `50` = 2L, `52` = 1L, 
    `53` = 2L, `54` = 1L, `56` = 1L, `57` = 1L, `59` = 1L, `60` = 1L, 
    `62` = 1L, `65` = 1L, `66` = 1L, `67` = 1L, `93` = 1L), .Dim = 54L, .Dimnames = list(
        TagUsage = c("1", "2", "3", "4", "5", "6", "7", "8", 
        "9", "10", "11", "12", "13", "14", "15", "16", "17", 
        "18", "19", "20", "21", "22", "23", "24", "25", "26", 
        "27", "28", "29", "30", "32", "33", "34", "35", "36", 
        "37", "39", "41", "43", "45", "48", "50", "52", "53", 
        "54", "56", "57", "59", "60", "62", "65", "66", "67", 
        "93")), class = "table"), No.Tag = structure(c(0L, 0L, 
    0L, 0L, 0L, 0L, 4L, 271L, 5L, 4L, 0L, 0L, 29L, 0L, 0L), .Dim = c(5L, 
    3L), .Dimnames = structure(list(c("-2", "-1", "0", "1", NA
    ), c("A", "T", NA)), .Names = c("", "")), class = "table"), 
    All.Tags = list(Concordant = list(Freqs = structure(c(0, 
    0, 5, 0, 0, 5, 165, 0), .Dim = c(4L, 2L), .Dimnames = list(
        c("-2", "-1", "0", "1"), c("A", "T"))), N = 175), Majority = list(
        Freqs = structure(c(0, 0, 5, 0, 0, 5, 223, 0), .Dim = c(4L, 
        2L), .Dimnames = list(c("-2", "-1", "0", "1"), c("A", 
        "T"))), N = 233)), `2` = structure(c(0, 0, 0, 0, 0, 3, 
    180, 0), .Dim = c(4L, 2L), .Dimnames = list(c("-2", "-1", 
    "0", "1"), c("A", "T"))))))
