Results <-
list(`bwa.out//20220204//BlindCMMRD56_S15.sam` = list(LR36_SNP1 = list(
    All = list(Freqs = structure(c(0L, 0L, 0L, 1L, 0L, 0L, 1L, 
    0L, 36L, 1249L, 16L, 13L, 0L, 3L, 26L, 1340L, 8L, 7L, 0L, 
    0L, 1L, 77L, 1L, 0L), .Dim = c(6L, 4L), .Dimnames = structure(list(
        c("-3", "-2", "-1", "0", "1", NA), c("-", "A", "T", NA
        )), .Names = c("", "")), class = "table"), N = 2779L), 
    Tag.Distribution = structure(c(`1` = 88L, `2` = 52L, `3` = 34L, 
    `4` = 40L, `5` = 28L, `6` = 21L, `7` = 22L, `8` = 19L, `9` = 12L, 
    `10` = 15L, `11` = 7L, `12` = 9L, `13` = 8L, `14` = 7L, `15` = 5L, 
    `16` = 7L, `17` = 7L, `18` = 9L, `19` = 6L, `21` = 1L, `22` = 5L, 
    `23` = 2L, `24` = 3L, `25` = 2L, `26` = 1L, `27` = 2L, `31` = 1L
    ), .Dim = 27L, .Dimnames = list(TagUsage = c("1", "2", "3", 
    "4", "5", "6", "7", "8", "9", "10", "11", "12", "13", "14", 
    "15", "16", "17", "18", "19", "21", "22", "23", "24", "25", 
    "26", "27", "31")), class = "table"), No.Tag = structure(c(0L, 
    0L, 0L, 0L, 0L, 0L, 0L, 0L, 2L, 46L, 2L, 3L, 0L, 0L, 0L, 
    53L, 0L, 0L, 0L, 0L, 0L, 10L, 0L, 0L), .Dim = c(6L, 4L), .Dimnames = structure(list(
        c("-3", "-2", "-1", "0", "1", NA), c("-", "A", "T", NA
        )), .Names = c("", "")), class = "table"), All.Tags = list(
        Concordant = list(Freqs = structure(c(0, 0, 0, 0, 0, 
        0, 0, 3, 154, 0, 0, 1, 2, 174, 0), .Dim = c(5L, 3L), .Dimnames = list(
            c("-3", "-2", "-1", "0", "1"), c("-", "A", "T"))), 
            N = 334), Majority = list(Freqs = structure(c(0, 
        0, 0, 0, 0, 0, 0, 4, 187, 1, 0, 1, 2, 201, 0), .Dim = c(5L, 
        3L), .Dimnames = list(c("-3", "-2", "-1", "0", "1"), 
            c("-", "A", "T"))), N = 396)), `2` = structure(c(0, 
    0, 0, 0, 0, 0, 0, 2, 157, 1, 0, 1, 0, 156, 0), .Dim = c(5L, 
    3L), .Dimnames = list(c("-3", "-2", "-1", "0", "1"), c("-", 
    "A", "T"))))))
