Results <-
list(`bwa.out//20220204//BlindCMMRD83_S42.sam` = list(LR40_SNP1 = list(
    All = list(Freqs = structure(c(0L, 3L, 0L, 0L, 56L, 5119L, 
    23L, 8L, 0L, 19L, 1L, 0L), .Dim = 4:3, .Dimnames = structure(list(
        c("-1", "0", "1", NA), c("A", "C", NA)), .Names = c("", 
    "")), class = "table"), N = 5229L), Tag.Distribution = structure(c(`1` = 112L, 
    `2` = 61L, `3` = 49L, `4` = 37L, `5` = 38L, `6` = 34L, `7` = 31L, 
    `8` = 37L, `9` = 26L, `10` = 26L, `11` = 22L, `12` = 19L, 
    `13` = 13L, `14` = 16L, `15` = 6L, `16` = 9L, `17` = 10L, 
    `18` = 9L, `19` = 6L, `20` = 3L, `21` = 7L, `22` = 6L, `23` = 4L, 
    `24` = 4L, `25` = 8L, `27` = 1L, `28` = 2L, `29` = 6L, `30` = 1L, 
    `31` = 5L, `32` = 8L, `33` = 1L, `35` = 2L, `42` = 2L), .Dim = 34L, .Dimnames = list(
        TagUsage = c("1", "2", "3", "4", "5", "6", "7", "8", 
        "9", "10", "11", "12", "13", "14", "15", "16", "17", 
        "18", "19", "20", "21", "22", "23", "24", "25", "27", 
        "28", "29", "30", "31", "32", "33", "35", "42")), class = "table"), 
    No.Tag = structure(c(0L, 0L, 0L, 0L, 1L, 141L, 1L, 0L, 0L, 
    1L, 0L, 0L), .Dim = 4:3, .Dimnames = structure(list(c("-1", 
    "0", "1", NA), c("A", "C", NA)), .Names = c("", "")), class = "table"), 
    All.Tags = list(Concordant = list(Freqs = structure(c(0, 
    0, 0, 1, 548, 1), .Dim = 3:2, .Dimnames = list(c("-1", "0", 
    "1"), c("A", "C"))), N = 550), Majority = list(Freqs = structure(c(0, 
    0, 0, 1, 616, 1), .Dim = 3:2, .Dimnames = list(c("-1", "0", 
    "1"), c("A", "C"))), N = 618)), `2` = structure(c(0, 0, 0, 
    0, 508, 0), .Dim = 3:2, .Dimnames = list(c("-1", "0", "1"
    ), c("A", "C"))))))
