Results <-
list(`bwa.out//20220204//BlindCMMRD72_S31.sam` = list(GM01_SNP1 = list(
    All = list(Freqs = structure(c(72L, 6115L, 17L, 2L, 7L, 0L, 
    4L, 0L, 0L, 0L, 2L, 69L, 1L, 0L, 0L), .Dim = c(5L, 3L), .Dimnames = structure(list(
        c("-1", "0", "1", "2", NA), c("A", "G", NA)), .Names = c("", 
    "")), class = "table"), N = 6289L), Tag.Distribution = structure(c(`1` = 156L, 
    `2` = 94L, `3` = 67L, `4` = 63L, `5` = 50L, `6` = 41L, `7` = 45L, 
    `8` = 30L, `9` = 23L, `10` = 28L, `11` = 27L, `12` = 26L, 
    `13` = 21L, `14` = 9L, `15` = 22L, `16` = 14L, `17` = 11L, 
    `18` = 11L, `19` = 14L, `20` = 10L, `21` = 8L, `22` = 3L, 
    `23` = 5L, `24` = 11L, `25` = 6L, `26` = 6L, `27` = 3L, `28` = 2L, 
    `29` = 3L, `31` = 3L, `32` = 1L, `33` = 2L, `35` = 1L, `36` = 1L, 
    `39` = 1L, `40` = 1L), .Dim = 36L, .Dimnames = list(TagUsage = c("1", 
    "2", "3", "4", "5", "6", "7", "8", "9", "10", "11", "12", 
    "13", "14", "15", "16", "17", "18", "19", "20", "21", "22", 
    "23", "24", "25", "26", "27", "28", "29", "31", "32", "33", 
    "35", "36", "39", "40")), class = "table"), No.Tag = structure(c(1L, 
    53L, 0L, 0L, 1L, 0L, 0L, 0L, 0L, 0L, 0L, 2L, 0L, 0L, 0L), .Dim = c(5L, 
    3L), .Dimnames = structure(list(c("-1", "0", "1", "2", NA
    ), c("A", "G", NA)), .Names = c("", "")), class = "table"), 
    All.Tags = list(Concordant = list(Freqs = structure(c(1, 
    722, 0, 0, 0, 3, 0, 0), .Dim = c(4L, 2L), .Dimnames = list(
        c("-1", "0", "1", "2"), c("A", "G"))), N = 726), Majority = list(
        Freqs = structure(c(1, 804, 0, 0, 0, 3, 0, 0), .Dim = c(4L, 
        2L), .Dimnames = list(c("-1", "0", "1", "2"), c("A", 
        "G"))), N = 808)), `2` = structure(c(0, 662, 0, 0, 0, 
    0, 0, 0), .Dim = c(4L, 2L), .Dimnames = list(c("-1", "0", 
    "1", "2"), c("A", "G"))))))
