Results <-
list(`bwa.out//20220204//BlindCMMRD60_S19.sam` = list(LR48_SNP1 = list(
    All = list(Freqs = structure(c(0L, 2L, 0L, 0L, 62L, 1951L, 
    23L, 8L, 64L, 2208L, 20L, 13L, 3L, 89L, 0L, 0L), .Dim = c(4L, 
    4L), .Dimnames = structure(list(c("-1", "0", "1", NA), c("A", 
    "C", "T", NA)), .Names = c("", "")), class = "table"), N = 4443L), 
    Tag.Distribution = structure(c(`1` = 94L, `2` = 22L, `3` = 24L, 
    `4` = 14L, `5` = 24L, `6` = 16L, `7` = 10L, `8` = 24L, `9` = 10L, 
    `10` = 19L, `11` = 11L, `12` = 14L, `13` = 9L, `14` = 10L, 
    `15` = 15L, `16` = 8L, `17` = 7L, `18` = 7L, `19` = 7L, `20` = 12L, 
    `21` = 9L, `22` = 3L, `23` = 3L, `24` = 2L, `25` = 5L, `26` = 1L, 
    `27` = 1L, `28` = 6L, `29` = 4L, `30` = 1L, `31` = 3L, `33` = 1L, 
    `34` = 2L, `35` = 4L, `36` = 2L, `37` = 1L, `38` = 2L, `39` = 5L, 
    `40` = 1L, `41` = 1L, `43` = 2L, `44` = 1L, `46` = 1L), .Dim = 43L, .Dimnames = list(
        TagUsage = c("1", "2", "3", "4", "5", "6", "7", "8", 
        "9", "10", "11", "12", "13", "14", "15", "16", "17", 
        "18", "19", "20", "21", "22", "23", "24", "25", "26", 
        "27", "28", "29", "30", "31", "33", "34", "35", "36", 
        "37", "38", "39", "40", "41", "43", "44", "46")), class = "table"), 
    No.Tag = structure(c(0L, 0L, 0L, 0L, 3L, 49L, 1L, 0L, 0L, 
    10L, 0L, 0L, 0L, 4L, 0L, 0L), .Dim = c(4L, 4L), .Dimnames = structure(list(
        c("-1", "0", "1", NA), c("A", "C", "T", NA)), .Names = c("", 
    "")), class = "table"), All.Tags = list(Concordant = list(
        Freqs = structure(c(0, 0, 0, 1, 143, 0, 1, 153, 0), .Dim = c(3L, 
        3L), .Dimnames = list(c("-1", "0", "1"), c("A", "C", 
        "T"))), N = 298), Majority = list(Freqs = structure(c(0, 
    0, 0, 2, 193, 0, 2, 211, 0), .Dim = c(3L, 3L), .Dimnames = list(
        c("-1", "0", "1"), c("A", "C", "T"))), N = 408)), `2` = structure(c(0, 
    0, 0, 1, 149, 0, 1, 170, 0), .Dim = c(3L, 3L), .Dimnames = list(
        c("-1", "0", "1"), c("A", "C", "T"))))))
