Results <-
list(`bwa.out//20220204//BlindCMMRD122_S48.sam` = list(LR24_SNP1 = list(
    All = list(Freqs = structure(c(3L, 18L, 5022L, 10L, 19L, 
    0L, 0L, 8L, 0L, 1L, 0L, 0L, 11L, 0L, 0L), .Dim = c(5L, 3L
    ), .Dimnames = structure(list(c("-2", "-1", "0", "1", NA), 
        c("A", "G", NA)), .Names = c("", "")), class = "table"), 
        N = 5092L), Tag.Distribution = structure(c(`1` = 465L, 
    `2` = 268L, `3` = 216L, `4` = 139L, `5` = 99L, `6` = 77L, 
    `7` = 56L, `8` = 43L, `9` = 27L, `10` = 9L, `11` = 19L, `12` = 8L, 
    `13` = 8L, `14` = 5L, `15` = 7L, `16` = 2L, `17` = 3L, `18` = 1L, 
    `19` = 1L, `21` = 1L, `22` = 1L, `27` = 1L), .Dim = 22L, .Dimnames = list(
        TagUsage = c("1", "2", "3", "4", "5", "6", "7", "8", 
        "9", "10", "11", "12", "13", "14", "15", "16", "17", 
        "18", "19", "21", "22", "27")), class = "table"), No.Tag = structure(c(0L, 
    0L, 85L, 0L, 1L, 0L, 0L, 0L, 0L, 0L, 0L, 0L, 1L, 0L, 0L), .Dim = c(5L, 
    3L), .Dimnames = structure(list(c("-2", "-1", "0", "1", NA
    ), c("A", "G", NA)), .Names = c("", "")), class = "table"), 
    All.Tags = list(Concordant = list(Freqs = structure(c(0, 
    3, 1415, 1, 0, 0, 3, 0), .Dim = c(4L, 2L), .Dimnames = list(
        c("-2", "-1", "0", "1"), c("A", "G"))), N = 1422), Majority = list(
        Freqs = structure(c(0, 3, 1442, 1, 0, 0, 3, 0), .Dim = c(4L, 
        2L), .Dimnames = list(c("-2", "-1", "0", "1"), c("A", 
        "G"))), N = 1449)), `2` = structure(c(0, 0, 988, 0, 0, 
    0, 0, 0), .Dim = c(4L, 2L), .Dimnames = list(c("-2", "-1", 
    "0", "1"), c("A", "G"))))))
