Results <-
list(`bwa.out//20220204//BlindCMMRD47_S7.sam` = list(LR10_SNP1 = list(
    All = list(Freqs = structure(c(0L, 0L, 25L, 0L, 0L, 1L, 45L, 
    3107L, 15L, 6L, 0L, 1L, 17L, 0L, 0L, 0L, 1L, 21L, 0L, 0L), .Dim = 5:4, .Dimnames = structure(list(
        c("-2", "-1", "0", "1", NA), c("A", "C", "T", NA)), .Names = c("", 
    "")), class = "table"), N = 3239L), Tag.Distribution = structure(c(`1` = 65L, 
    `2` = 17L, `3` = 11L, `4` = 12L, `5` = 14L, `6` = 15L, `7` = 8L, 
    `8` = 8L, `9` = 11L, `10` = 10L, `11` = 6L, `12` = 9L, `13` = 5L, 
    `14` = 5L, `15` = 9L, `16` = 12L, `17` = 6L, `18` = 5L, `19` = 6L, 
    `20` = 6L, `21` = 1L, `23` = 3L, `24` = 1L, `26` = 3L, `27` = 3L, 
    `28` = 1L, `30` = 2L, `31` = 1L, `32` = 2L, `34` = 1L, `35` = 1L, 
    `36` = 1L, `38` = 1L, `39` = 4L, `41` = 1L, `42` = 1L, `43` = 3L, 
    `44` = 1L, `45` = 2L, `47` = 2L, `48` = 2L, `49` = 1L, `62` = 1L
    ), .Dim = 43L, .Dimnames = list(TagUsage = c("1", "2", "3", 
    "4", "5", "6", "7", "8", "9", "10", "11", "12", "13", "14", 
    "15", "16", "17", "18", "19", "20", "21", "23", "24", "26", 
    "27", "28", "30", "31", "32", "34", "35", "36", "38", "39", 
    "41", "42", "43", "44", "45", "47", "48", "49", "62")), class = "table"), 
    No.Tag = structure(c(0L, 0L, 0L, 0L, 0L, 0L, 2L, 106L, 1L, 
    0L, 0L, 0L, 2L, 0L, 0L, 0L, 0L, 5L, 0L, 0L), .Dim = 5:4, .Dimnames = structure(list(
        c("-2", "-1", "0", "1", NA), c("A", "C", "T", NA)), .Names = c("", 
    "")), class = "table"), All.Tags = list(Concordant = list(
        Freqs = structure(c(0, 0, 1, 0, 0, 2, 215, 0, 0, 1, 13, 
        0), .Dim = 4:3, .Dimnames = list(c("-2", "-1", "0", "1"
        ), c("A", "C", "T"))), N = 232), Majority = list(Freqs = structure(c(0, 
    0, 1, 0, 0, 3, 256, 0, 0, 1, 13, 0), .Dim = 4:3, .Dimnames = list(
        c("-2", "-1", "0", "1"), c("A", "C", "T"))), N = 274)), 
    `2` = structure(c(0, 0, 1, 0, 0, 1, 209, 0, 0, 0, 2, 0), .Dim = 4:3, .Dimnames = list(
        c("-2", "-1", "0", "1"), c("A", "C", "T"))))))
