Results <-
list(`bwa.out//20220204//BlindCMMRD83_S42.sam` = list(GM14_SNP1 = list(
    All = list(Freqs = structure(c(1L, 46L, 1624L, 10L, 4L, 1L, 
    44L, 1785L, 10L, 5L, 0L, 0L, 41L, 0L, 0L), .Dim = c(5L, 3L
    ), .Dimnames = structure(list(c("-2", "-1", "0", "1", NA), 
        c("C", "T", NA)), .Names = c("", "")), class = "table"), 
        N = 3571L), Tag.Distribution = structure(c(`1` = 63L, 
    `2` = 39L, `3` = 29L, `4` = 20L, `5` = 18L, `6` = 20L, `7` = 18L, 
    `8` = 19L, `9` = 10L, `10` = 10L, `11` = 10L, `12` = 14L, 
    `13` = 6L, `14` = 6L, `15` = 12L, `16` = 4L, `17` = 9L, `18` = 4L, 
    `19` = 6L, `20` = 4L, `21` = 6L, `22` = 3L, `23` = 7L, `24` = 6L, 
    `25` = 3L, `26` = 3L, `27` = 4L, `28` = 2L, `29` = 2L, `30` = 2L, 
    `33` = 2L, `34` = 3L, `35` = 1L, `36` = 1L, `37` = 1L, `40` = 1L, 
    `45` = 2L, `47` = 2L), .Dim = 38L, .Dimnames = list(TagUsage = c("1", 
    "2", "3", "4", "5", "6", "7", "8", "9", "10", "11", "12", 
    "13", "14", "15", "16", "17", "18", "19", "20", "21", "22", 
    "23", "24", "25", "26", "27", "28", "29", "30", "33", "34", 
    "35", "36", "37", "40", "45", "47")), class = "table"), No.Tag = structure(c(0L, 
    2L, 34L, 0L, 0L, 0L, 0L, 13L, 0L, 0L, 0L, 0L, 1L, 0L, 0L), .Dim = c(5L, 
    3L), .Dimnames = structure(list(c("-2", "-1", "0", "1", NA
    ), c("C", "T", NA)), .Names = c("", "")), class = "table"), 
    All.Tags = list(Concordant = list(Freqs = structure(c(0, 
    1, 135, 0, 0, 2, 148, 0), .Dim = c(4L, 2L), .Dimnames = list(
        c("-2", "-1", "0", "1"), c("C", "T"))), N = 286), Majority = list(
        Freqs = structure(c(0, 1, 175, 0, 0, 3, 187, 0), .Dim = c(4L, 
        2L), .Dimnames = list(c("-2", "-1", "0", "1"), c("C", 
        "T"))), N = 366)), `2` = structure(c(0, 0, 147, 0, 0, 
    2, 159, 0), .Dim = c(4L, 2L), .Dimnames = list(c("-2", "-1", 
    "0", "1"), c("C", "T"))))))
