Results <-
list(`bwa.out//20220204//BlindCMMRD54_S13.sam` = list(GM22_SNP1 = list(
    All = list(Freqs = structure(c(3L, 129L, 6241L, 49L, 1L, 
    12L, 0L, 1L, 72L, 1L, 0L, 0L), .Dim = c(6L, 2L), .Dimnames = structure(list(
        c("-2", "-1", "0", "1", "2", NA), c("A", NA)), .Names = c("", 
    "")), class = "table"), N = 6509L), Tag.Distribution = structure(c(`1` = 155L, 
    `2` = 41L, `3` = 40L, `4` = 34L, `5` = 40L, `6` = 47L, `7` = 34L, 
    `8` = 21L, `9` = 28L, `10` = 29L, `11` = 20L, `12` = 19L, 
    `13` = 21L, `14` = 14L, `15` = 8L, `16` = 12L, `17` = 12L, 
    `18` = 10L, `19` = 7L, `20` = 9L, `21` = 16L, `22` = 7L, 
    `23` = 9L, `24` = 9L, `25` = 6L, `26` = 7L, `27` = 3L, `28` = 6L, 
    `29` = 4L, `30` = 3L, `31` = 3L, `32` = 2L, `33` = 4L, `35` = 5L, 
    `36` = 3L, `37` = 1L, `38` = 2L, `39` = 1L, `40` = 1L, `45` = 2L
    ), .Dim = 40L, .Dimnames = list(TagUsage = c("1", "2", "3", 
    "4", "5", "6", "7", "8", "9", "10", "11", "12", "13", "14", 
    "15", "16", "17", "18", "19", "20", "21", "22", "23", "24", 
    "25", "26", "27", "28", "29", "30", "31", "32", "33", "35", 
    "36", "37", "38", "39", "40", "45")), class = "table"), No.Tag = structure(c(0L, 
    1L, 101L, 0L, 0L, 1L, 0L, 0L, 3L, 0L, 0L, 0L), .Dim = c(6L, 
    2L), .Dimnames = structure(list(c("-2", "-1", "0", "1", "2", 
    NA), c("A", NA)), .Names = c("", "")), class = "table"), 
    All.Tags = list(Concordant = list(Freqs = structure(c(0, 
    4, 597, 1, 0), .Dim = c(5L, 1L), .Dimnames = list(c("-2", 
    "-1", "0", "1", "2"), "A")), N = 602), Majority = list(Freqs = structure(c(0, 
    4, 676, 1, 0), .Dim = c(5L, 1L), .Dimnames = list(c("-2", 
    "-1", "0", "1", "2"), "A")), N = 681)), `2` = structure(c(0, 
    4, 534, 1, 0), .Dim = c(5L, 1L), .Dimnames = list(c("-2", 
    "-1", "0", "1", "2"), "A")))))
