Results <-
list(`bwa.out//20220204//BlindCMMRD92_S51.sam` = list(LR49_SNP1 = list(
    All = list(Freqs = structure(c(1L, 1410L, 1L, 5L, 1816L, 
    1L, 0L, 19L, 0L), .Dim = c(3L, 3L), .Dimnames = structure(list(
        c("-1", "0", NA), c("A", "G", NA)), .Names = c("", ""
    )), class = "table"), N = 3253L), Tag.Distribution = structure(c(`1` = 91L, 
    `2` = 39L, `3` = 36L, `4` = 20L, `5` = 30L, `6` = 16L, `7` = 30L, 
    `8` = 15L, `9` = 14L, `10` = 12L, `11` = 17L, `12` = 12L, 
    `13` = 8L, `14` = 12L, `15` = 2L, `16` = 6L, `17` = 7L, `18` = 9L, 
    `19` = 5L, `20` = 4L, `21` = 4L, `22` = 1L, `23` = 7L, `24` = 4L, 
    `26` = 1L, `27` = 2L, `28` = 2L, `30` = 3L, `31` = 1L, `32` = 3L, 
    `33` = 2L), .Dim = 31L, .Dimnames = list(TagUsage = c("1", 
    "2", "3", "4", "5", "6", "7", "8", "9", "10", "11", "12", 
    "13", "14", "15", "16", "17", "18", "19", "20", "21", "22", 
    "23", "24", "26", "27", "28", "30", "31", "32", "33")), class = "table"), 
    No.Tag = structure(c(0L, 36L, 0L, 0L, 69L, 0L, 0L, 2L, 0L
    ), .Dim = c(3L, 3L), .Dimnames = structure(list(c("-1", "0", 
    NA), c("A", "G", NA)), .Names = c("", "")), class = "table"), 
    All.Tags = list(Concordant = list(Freqs = structure(c(0, 
    186, 0, 203), .Dim = c(2L, 2L), .Dimnames = list(c("-1", 
    "0"), c("A", "G"))), N = 389), Majority = list(Freqs = structure(c(0, 
    189, 0, 224), .Dim = c(2L, 2L), .Dimnames = list(c("-1", 
    "0"), c("A", "G"))), N = 413)), `2` = structure(c(0, 150, 
    0, 173), .Dim = c(2L, 2L), .Dimnames = list(c("-1", "0"), 
        c("A", "G"))))))
