Results <-
list(`bwa.out//20220204//MLPA01_S9.sam` = list(LR40_SNP1 = list(
    All = list(Freqs = structure(c(0L, 0L, 1L, 0L, 0L, 1L, 42L, 
    4423L, 14L, 5L, 0L, 0L, 13L, 1L, 0L), .Dim = c(5L, 3L), .Dimnames = structure(list(
        c("-2", "-1", "0", "1", NA), c("A", "C", NA)), .Names = c("", 
    "")), class = "table"), N = 4500L), Tag.Distribution = structure(c(`1` = 158L, 
    `2` = 101L, `3` = 77L, `4` = 71L, `5` = 49L, `6` = 44L, `7` = 34L, 
    `8` = 23L, `9` = 20L, `10` = 19L, `11` = 15L, `12` = 13L, 
    `13` = 16L, `14` = 11L, `15` = 15L, `16` = 10L, `17` = 8L, 
    `18` = 5L, `19` = 5L, `20` = 3L, `21` = 2L, `22` = 3L, `23` = 4L, 
    `24` = 5L, `25` = 3L, `26` = 2L, `27` = 2L, `28` = 2L, `29` = 1L, 
    `30` = 1L, `31` = 1L, `34` = 1L, `37` = 1L, `40` = 1L, `46` = 1L
    ), .Dim = 35L, .Dimnames = list(TagUsage = c("1", "2", "3", 
    "4", "5", "6", "7", "8", "9", "10", "11", "12", "13", "14", 
    "15", "16", "17", "18", "19", "20", "21", "22", "23", "24", 
    "25", "26", "27", "28", "29", "30", "31", "34", "37", "40", 
    "46")), class = "table"), No.Tag = structure(c(0L, 0L, 0L, 
    0L, 0L, 0L, 1L, 69L, 0L, 0L, 0L, 0L, 1L, 0L, 0L), .Dim = c(5L, 
    3L), .Dimnames = structure(list(c("-2", "-1", "0", "1", NA
    ), c("A", "C", NA)), .Names = c("", "")), class = "table"), 
    All.Tags = list(Concordant = list(Freqs = structure(c(0, 
    0, 0, 0, 0, 1, 677, 2), .Dim = c(4L, 2L), .Dimnames = list(
        c("-2", "-1", "0", "1"), c("A", "C"))), N = 680), Majority = list(
        Freqs = structure(c(0, 0, 0, 0, 0, 1, 721, 2), .Dim = c(4L, 
        2L), .Dimnames = list(c("-2", "-1", "0", "1"), c("A", 
        "C"))), N = 724)), `2` = structure(c(0, 0, 0, 0, 0, 0, 
    566, 0), .Dim = c(4L, 2L), .Dimnames = list(c("-2", "-1", 
    "0", "1"), c("A", "C"))))))
