Results <-
list(`bwa.out//20220204//BlindCMMRD46_S6.sam` = list(LR11_SNP1 = list(
    All = list(Freqs = structure(c(0L, 3L, 0L, 0L, 55L, 3642L, 
    23L, 9L, 2L, 117L, 5L, 0L), .Dim = 4:3, .Dimnames = structure(list(
        c("-1", "0", "1", NA), c("A", "C", NA)), .Names = c("", 
    "")), class = "table"), N = 3856L), Tag.Distribution = structure(c(`1` = 65L, 
    `2` = 26L, `3` = 10L, `4` = 17L, `5` = 16L, `6` = 14L, `7` = 8L, 
    `8` = 12L, `9` = 12L, `10` = 7L, `11` = 8L, `12` = 6L, `13` = 9L, 
    `14` = 11L, `15` = 12L, `16` = 9L, `17` = 6L, `18` = 10L, 
    `19` = 9L, `20` = 1L, `21` = 5L, `22` = 7L, `23` = 3L, `24` = 4L, 
    `25` = 3L, `26` = 4L, `27` = 4L, `28` = 6L, `29` = 2L, `30` = 2L, 
    `31` = 3L, `33` = 1L, `34` = 2L, `35` = 3L, `36` = 1L, `37` = 2L, 
    `38` = 3L, `40` = 1L, `41` = 2L, `43` = 1L, `44` = 1L, `50` = 1L, 
    `59` = 1L), .Dim = 43L, .Dimnames = list(TagUsage = c("1", 
    "2", "3", "4", "5", "6", "7", "8", "9", "10", "11", "12", 
    "13", "14", "15", "16", "17", "18", "19", "20", "21", "22", 
    "23", "24", "25", "26", "27", "28", "29", "30", "31", "33", 
    "34", "35", "36", "37", "38", "40", "41", "43", "44", "50", 
    "59")), class = "table"), No.Tag = structure(c(0L, 0L, 0L, 
    0L, 1L, 75L, 1L, 1L, 0L, 2L, 1L, 0L), .Dim = 4:3, .Dimnames = structure(list(
        c("-1", "0", "1", NA), c("A", "C", NA)), .Names = c("", 
    "")), class = "table"), All.Tags = list(Concordant = list(
        Freqs = structure(c(0, 3, 0, 2, 261, 1), .Dim = 3:2, .Dimnames = list(
            c("-1", "0", "1"), c("A", "C"))), N = 267), Majority = list(
        Freqs = structure(c(0, 3, 0, 2, 320, 1), .Dim = 3:2, .Dimnames = list(
            c("-1", "0", "1"), c("A", "C"))), N = 326)), `2` = structure(c(0, 
    0, 0, 0, 263, 0), .Dim = 3:2, .Dimnames = list(c("-1", "0", 
    "1"), c("A", "C"))))))
