Results <-
list(`bwa.out//20220204//BlindCMMRD108_S10.sam` = list(GM07_SNP1 = list(
    All = list(Freqs = structure(c(0L, 0L, 3L, 0L, 0L, 0L, 3L, 
    84L, 1760L, 44L, 1L, 20L, 0L, 0L, 3L, 0L, 0L, 0L, 0L, 0L, 
    8L, 0L, 0L, 0L), .Dim = c(6L, 4L), .Dimnames = structure(list(
        c("-2", "-1", "0", "1", "2", NA), c("-", "A", "G", NA
        )), .Names = c("", "")), class = "table"), N = 1926L), 
    Tag.Distribution = structure(c(`1` = 36L, `2` = 23L, `3` = 19L, 
    `4` = 20L, `5` = 8L, `6` = 11L, `7` = 8L, `8` = 11L, `9` = 6L, 
    `10` = 4L, `11` = 9L, `12` = 11L, `13` = 8L, `14` = 7L, `15` = 4L, 
    `16` = 1L, `17` = 6L, `18` = 4L, `19` = 5L, `20` = 1L, `21` = 7L, 
    `22` = 4L, `24` = 1L, `25` = 1L, `26` = 1L, `27` = 2L, `28` = 1L, 
    `29` = 1L), .Dim = 28L, .Dimnames = list(TagUsage = c("1", 
    "2", "3", "4", "5", "6", "7", "8", "9", "10", "11", "12", 
    "13", "14", "15", "16", "17", "18", "19", "20", "21", "22", 
    "24", "25", "26", "27", "28", "29")), class = "table"), No.Tag = structure(c(0L, 
    0L, 0L, 0L, 0L, 0L, 1L, 12L, 122L, 3L, 0L, 5L, 0L, 0L, 0L, 
    0L, 0L, 0L, 0L, 0L, 1L, 0L, 0L, 0L), .Dim = c(6L, 4L), .Dimnames = structure(list(
        c("-2", "-1", "0", "1", "2", NA), c("-", "A", "G", NA
        )), .Names = c("", "")), class = "table"), All.Tags = list(
        Concordant = list(Freqs = structure(c(0, 0, 0, 0, 0, 
        0, 2, 142, 1, 0, 0, 0, 2, 0, 0), .Dim = c(5L, 3L), .Dimnames = list(
            c("-2", "-1", "0", "1", "2"), c("-", "A", "G"))), 
            N = 147), Majority = list(Freqs = structure(c(0, 
        0, 0, 0, 0, 0, 2, 207, 2, 0, 0, 0, 2, 0, 0), .Dim = c(5L, 
        3L), .Dimnames = list(c("-2", "-1", "0", "1", "2"), c("-", 
        "A", "G"))), N = 213)), `2` = structure(c(0, 0, 0, 0, 
    0, 0, 0, 177, 1, 0, 0, 0, 0, 0, 0), .Dim = c(5L, 3L), .Dimnames = list(
        c("-2", "-1", "0", "1", "2"), c("-", "A", "G"))))))
