Results <-
list(`bwa.out//20220204//MLPA80_S12.sam` = list(GM26_SNP1 = list(
    All = list(Freqs = structure(c(13L, 3486L, 9L, 8L, 0L, 1L, 
    0L, 0L, 0L, 42L, 0L, 0L), .Dim = 4:3, .Dimnames = structure(list(
        c("-1", "0", "1", NA), c("A", "G", NA)), .Names = c("", 
    "")), class = "table"), N = 3559L), Tag.Distribution = structure(c(`1` = 137L, 
    `2` = 63L, `3` = 62L, `4` = 44L, `5` = 47L, `6` = 31L, `7` = 31L, 
    `8` = 23L, `9` = 23L, `10` = 17L, `11` = 13L, `12` = 15L, 
    `13` = 14L, `14` = 7L, `15` = 4L, `16` = 7L, `17` = 4L, `18` = 6L, 
    `19` = 8L, `20` = 2L, `21` = 5L, `23` = 4L, `24` = 1L, `25` = 3L, 
    `26` = 3L, `27` = 1L, `28` = 2L, `36` = 2L), .Dim = 28L, .Dimnames = list(
        TagUsage = c("1", "2", "3", "4", "5", "6", "7", "8", 
        "9", "10", "11", "12", "13", "14", "15", "16", "17", 
        "18", "19", "20", "21", "23", "24", "25", "26", "27", 
        "28", "36")), class = "table"), No.Tag = structure(c(0L, 
    63L, 0L, 0L, 0L, 0L, 0L, 0L, 0L, 0L, 0L, 0L), .Dim = 4:3, .Dimnames = structure(list(
        c("-1", "0", "1", NA), c("A", "G", NA)), .Names = c("", 
    "")), class = "table"), All.Tags = list(Concordant = list(
        Freqs = structure(c(0, 550, 0, 0, 0, 0), .Dim = 3:2, .Dimnames = list(
            c("-1", "0", "1"), c("A", "G"))), N = 550), Majority = list(
        Freqs = structure(c(0, 569, 0, 0, 0, 0), .Dim = 3:2, .Dimnames = list(
            c("-1", "0", "1"), c("A", "G"))), N = 569)), `2` = structure(c(0, 
    439, 0, 0, 0, 0), .Dim = 3:2, .Dimnames = list(c("-1", "0", 
    "1"), c("A", "G"))))))
