Results <-
list(`bwa.out//20220204//Control25_S18.sam` = list(LR48_SNP1 = list(
    All = list(Freqs = structure(c(61L, 2133L, 39L, 1L, 12L, 
    0L, 20L, 0L, 0L, 0L), .Dim = c(5L, 2L), .Dimnames = structure(list(
        c("-1", "0", "1", "2", NA), c("C", NA)), .Names = c("", 
    "")), class = "table"), N = 2266L), Tag.Distribution = structure(c(`1` = 28L, 
    `2` = 12L, `3` = 12L, `4` = 11L, `5` = 15L, `6` = 9L, `7` = 7L, 
    `8` = 14L, `9` = 11L, `10` = 9L, `11` = 5L, `12` = 8L, `13` = 9L, 
    `14` = 4L, `15` = 5L, `16` = 1L, `17` = 3L, `18` = 3L, `19` = 4L, 
    `20` = 3L, `21` = 1L, `22` = 4L, `23` = 4L, `24` = 4L, `25` = 4L, 
    `26` = 1L, `27` = 1L, `28` = 1L, `29` = 2L, `30` = 2L, `32` = 2L, 
    `33` = 1L, `34` = 2L, `35` = 1L, `37` = 1L, `39` = 1L, `40` = 1L
    ), .Dim = 37L, .Dimnames = list(TagUsage = c("1", "2", "3", 
    "4", "5", "6", "7", "8", "9", "10", "11", "12", "13", "14", 
    "15", "16", "17", "18", "19", "20", "21", "22", "23", "24", 
    "25", "26", "27", "28", "29", "30", "32", "33", "34", "35", 
    "37", "39", "40")), class = "table"), No.Tag = structure(c(1L, 
    83L, 2L, 0L, 1L, 0L, 0L, 0L, 0L, 0L), .Dim = c(5L, 2L), .Dimnames = structure(list(
        c("-1", "0", "1", "2", NA), c("C", NA)), .Names = c("", 
    "")), class = "table"), All.Tags = list(Concordant = list(
        Freqs = structure(c(0, 144, 2, 0), .Dim = c(4L, 1L), .Dimnames = list(
            c("-1", "0", "1", "2"), "C")), N = 146), Majority = list(
        Freqs = structure(c(0, 201, 2, 0), .Dim = c(4L, 1L), .Dimnames = list(
            c("-1", "0", "1", "2"), "C")), N = 203)), `2` = structure(c(0, 
    176, 1, 0), .Dim = c(4L, 1L), .Dimnames = list(c("-1", "0", 
    "1", "2"), "C")))))
