Results <-
list(`bwa.out//20220204//Control19_S12.sam` = list(GM01_SNP1 = list(
    All = list(Freqs = structure(c(0L, 18L, 1595L, 4L, 3L, 1L, 
    30L, 1958L, 5L, 2L, 0L, 0L, 37L, 2L, 0L), .Dim = c(5L, 3L
    ), .Dimnames = structure(list(c("-2", "-1", "0", "1", NA), 
        c("A", "G", NA)), .Names = c("", "")), class = "table"), 
        N = 3655L), Tag.Distribution = structure(c(`1` = 137L, 
    `2` = 62L, `3` = 49L, `4` = 33L, `5` = 45L, `6` = 26L, `7` = 37L, 
    `8` = 38L, `9` = 20L, `10` = 16L, `11` = 19L, `12` = 22L, 
    `13` = 10L, `14` = 16L, `15` = 3L, `16` = 2L, `17` = 9L, 
    `18` = 5L, `19` = 5L, `20` = 3L, `21` = 2L, `22` = 2L, `23` = 5L, 
    `24` = 2L, `26` = 2L, `27` = 1L, `30` = 1L, `31` = 1L, `36` = 1L
    ), .Dim = 29L, .Dimnames = list(TagUsage = c("1", "2", "3", 
    "4", "5", "6", "7", "8", "9", "10", "11", "12", "13", "14", 
    "15", "16", "17", "18", "19", "20", "21", "22", "23", "24", 
    "26", "27", "30", "31", "36")), class = "table"), No.Tag = structure(c(0L, 
    1L, 43L, 0L, 0L, 0L, 0L, 55L, 0L, 1L, 0L, 0L, 4L, 0L, 0L), .Dim = c(5L, 
    3L), .Dimnames = structure(list(c("-2", "-1", "0", "1", NA
    ), c("A", "G", NA)), .Names = c("", "")), class = "table"), 
    All.Tags = list(Concordant = list(Freqs = structure(c(0, 
    2, 231, 0, 0, 3, 259, 0), .Dim = c(4L, 2L), .Dimnames = list(
        c("-2", "-1", "0", "1"), c("A", "G"))), N = 495), Majority = list(
        Freqs = structure(c(0, 2, 264, 0, 0, 3, 295, 0), .Dim = c(4L, 
        2L), .Dimnames = list(c("-2", "-1", "0", "1"), c("A", 
        "G"))), N = 564)), `2` = structure(c(0, 0, 191, 0, 0, 
    1, 237, 0), .Dim = c(4L, 2L), .Dimnames = list(c("-2", "-1", 
    "0", "1"), c("A", "G"))))))
