Results <-
list(`bwa.out//20220204//17D1098_S3.sam` = list(LR48_SNP1 = list(
    All = list(Freqs = structure(c(1L, 0L, 65L, 1615L, 31L, 0L, 
    11L, 0L, 2L, 51L, 1799L, 34L, 1L, 7L, 0L, 0L, 1L, 65L, 0L, 
    0L, 0L), .Dim = c(7L, 3L), .Dimnames = structure(list(c("-3", 
    "-2", "-1", "0", "1", "2", NA), c("C", "T", NA)), .Names = c("", 
    "")), class = "table"), N = 3683L), Tag.Distribution = structure(c(`1` = 141L, 
    `2` = 75L, `3` = 45L, `4` = 58L, `5` = 44L, `6` = 31L, `7` = 30L, 
    `8` = 21L, `9` = 23L, `10` = 19L, `11` = 15L, `12` = 16L, 
    `13` = 20L, `14` = 9L, `15` = 12L, `16` = 4L, `17` = 5L, 
    `18` = 6L, `19` = 10L, `20` = 5L, `21` = 2L, `22` = 1L, `23` = 1L, 
    `24` = 2L, `25` = 1L, `30` = 1L, `32` = 2L, `33` = 1L), .Dim = 28L, .Dimnames = list(
        TagUsage = c("1", "2", "3", "4", "5", "6", "7", "8", 
        "9", "10", "11", "12", "13", "14", "15", "16", "17", 
        "18", "19", "20", "21", "22", "23", "24", "25", "30", 
        "32", "33")), class = "table"), No.Tag = structure(c(0L, 
    0L, 3L, 40L, 0L, 0L, 0L, 0L, 0L, 0L, 38L, 0L, 0L, 0L, 0L, 
    0L, 0L, 6L, 0L, 0L, 0L), .Dim = c(7L, 3L), .Dimnames = structure(list(
        c("-3", "-2", "-1", "0", "1", "2", NA), c("C", "T", NA
        )), .Names = c("", "")), class = "table"), All.Tags = list(
        Concordant = list(Freqs = structure(c(0, 0, 7, 204, 1, 
        0, 0, 0, 5, 240, 2, 0), .Dim = c(6L, 2L), .Dimnames = list(
            c("-3", "-2", "-1", "0", "1", "2"), c("C", "T"))), 
            N = 459), Majority = list(Freqs = structure(c(0, 
        0, 8, 262, 2, 0, 0, 0, 7, 297, 2, 0), .Dim = c(6L, 2L
        ), .Dimnames = list(c("-3", "-2", "-1", "0", "1", "2"
        ), c("C", "T"))), N = 578)), `2` = structure(c(0, 0, 
    5, 199, 1, 0, 0, 0, 5, 241, 1, 0), .Dim = c(6L, 2L), .Dimnames = list(
        c("-3", "-2", "-1", "0", "1", "2"), c("C", "T"))))))
