Results <-
list(`bwa.out//20220204//Control21_S14.sam` = list(LR17_SNP1 = list(
    All = list(Freqs = structure(c(1L, 90L, 2801L, 32L, 13L, 
    0L, 0L, 1L, 0L, 0L, 0L, 0L, 57L, 0L, 0L), .Dim = c(5L, 3L
    ), .Dimnames = structure(list(c("-2", "-1", "0", "1", NA), 
        c("A", "G", NA)), .Names = c("", "")), class = "table"), 
        N = 2995L), Tag.Distribution = structure(c(`1` = 99L, 
    `2` = 47L, `3` = 32L, `4` = 31L, `5` = 29L, `6` = 29L, `7` = 20L, 
    `8` = 17L, `9` = 24L, `10` = 14L, `11` = 13L, `12` = 13L, 
    `13` = 11L, `14` = 5L, `15` = 8L, `16` = 8L, `17` = 7L, `18` = 3L, 
    `19` = 3L, `21` = 3L, `22` = 5L, `23` = 3L, `24` = 2L, `25` = 2L, 
    `27` = 1L, `30` = 1L, `31` = 2L, `32` = 1L, `36` = 1L), .Dim = 29L, .Dimnames = list(
        TagUsage = c("1", "2", "3", "4", "5", "6", "7", "8", 
        "9", "10", "11", "12", "13", "14", "15", "16", "17", 
        "18", "19", "21", "22", "23", "24", "25", "27", "30", 
        "31", "32", "36")), class = "table"), No.Tag = structure(c(0L, 
    2L, 110L, 1L, 0L, 0L, 0L, 0L, 0L, 0L, 0L, 0L, 1L, 0L, 0L), .Dim = c(5L, 
    3L), .Dimnames = structure(list(c("-2", "-1", "0", "1", NA
    ), c("A", "G", NA)), .Names = c("", "")), class = "table"), 
    All.Tags = list(Concordant = list(Freqs = structure(c(0, 
    4, 343, 0, 0, 0, 0, 0), .Dim = c(4L, 2L), .Dimnames = list(
        c("-2", "-1", "0", "1"), c("A", "G"))), N = 347), Majority = list(
        Freqs = structure(c(0, 4, 419, 1, 0, 0, 0, 0), .Dim = c(4L, 
        2L), .Dimnames = list(c("-2", "-1", "0", "1"), c("A", 
        "G"))), N = 424)), `2` = structure(c(0, 0, 328, 1, 0, 
    0, 0, 0), .Dim = c(4L, 2L), .Dimnames = list(c("-2", "-1", 
    "0", "1"), c("A", "G"))))))
