Results <-
list(`bwa.out//20220204//BlindCMMRD43_S3.sam` = list(GM14_SNP1 = list(
    All = list(Freqs = structure(c(0L, 0L, 8L, 0L, 3L, 53L, 1610L, 
    8L, 0L, 0L, 19L, 0L), .Dim = 4:3, .Dimnames = structure(list(
        c("-2", "-1", "0", "1"), c("C", "T", NA)), .Names = c("", 
    "")), class = "table"), N = 1701L), Tag.Distribution = structure(c(`1` = 46L, 
    `2` = 18L, `3` = 14L, `4` = 13L, `5` = 13L, `6` = 12L, `7` = 11L, 
    `8` = 7L, `9` = 7L, `10` = 4L, `11` = 7L, `12` = 3L, `13` = 5L, 
    `14` = 5L, `15` = 4L, `16` = 3L, `17` = 3L, `18` = 2L, `19` = 5L, 
    `20` = 1L, `21` = 4L, `22` = 4L, `23` = 1L, `25` = 1L, `26` = 1L, 
    `27` = 1L, `28` = 1L, `30` = 2L, `31` = 1L, `34` = 1L, `35` = 1L, 
    `39` = 1L, `41` = 1L, `43` = 1L), .Dim = 34L, .Dimnames = list(
        TagUsage = c("1", "2", "3", "4", "5", "6", "7", "8", 
        "9", "10", "11", "12", "13", "14", "15", "16", "17", 
        "18", "19", "20", "21", "22", "23", "25", "26", "27", 
        "28", "30", "31", "34", "35", "39", "41", "43")), class = "table"), 
    No.Tag = structure(c(0L, 0L, 1L, 0L, 0L, 0L, 0L, 7L, 1L, 
    0L, 0L, 0L, 1L, 0L, 0L), .Dim = c(5L, 3L), .Dimnames = structure(list(
        c("-2", "-1", "0", "1", NA), c("C", "T", NA)), .Names = c("", 
    "")), class = "table"), All.Tags = list(Concordant = list(
        Freqs = structure(c(0, 0, 5, 0, 0, 0, 166, 0), .Dim = c(4L, 
        2L), .Dimnames = list(c("-2", "-1", "0", "1"), c("C", 
        "T"))), N = 171), Majority = list(Freqs = structure(c(0, 
    0, 5, 0, 0, 1, 196, 0), .Dim = c(4L, 2L), .Dimnames = list(
        c("-2", "-1", "0", "1"), c("C", "T"))), N = 202)), `2` = structure(c(0, 
    0, 0, 0, 0, 1, 155, 0), .Dim = c(4L, 2L), .Dimnames = list(
        c("-2", "-1", "0", "1"), c("C", "T"))))))
