Results <-
list(`bwa.out//20220204//BlindCMMRD75_S34.sam` = list(LR17_SNP1 = list(
    All = list(Freqs = structure(c(1L, 92L, 2975L, 39L, 1L, 13L, 
    0L, 0L, 2L, 0L, 0L, 0L, 0L, 0L, 7L, 0L, 0L, 0L, 0L, 5L, 123L, 
    0L, 0L, 0L), .Dim = c(6L, 4L), .Dimnames = structure(list(
        c("-2", "-1", "0", "1", "2", NA), c("A", "G", "T", NA
        )), .Names = c("", "")), class = "table"), N = 3258L), 
    Tag.Distribution = structure(c(`1` = 87L, `2` = 15L, `3` = 21L, 
    `4` = 12L, `5` = 21L, `6` = 16L, `7` = 18L, `8` = 17L, `9` = 13L, 
    `10` = 7L, `11` = 12L, `12` = 12L, `13` = 15L, `14` = 21L, 
    `15` = 14L, `16` = 10L, `17` = 6L, `18` = 9L, `19` = 3L, 
    `20` = 6L, `21` = 3L, `22` = 3L, `23` = 4L, `24` = 1L, `27` = 2L, 
    `28` = 1L, `29` = 5L, `30` = 1L, `31` = 2L, `33` = 1L, `36` = 1L, 
    `38` = 1L), .Dim = 32L, .Dimnames = list(TagUsage = c("1", 
    "2", "3", "4", "5", "6", "7", "8", "9", "10", "11", "12", 
    "13", "14", "15", "16", "17", "18", "19", "20", "21", "22", 
    "23", "24", "27", "28", "29", "30", "31", "33", "36", "38"
    )), class = "table"), No.Tag = structure(c(0L, 3L, 121L, 
    0L, 0L, 0L, 0L, 0L, 1L, 0L, 0L, 0L, 0L, 0L, 0L, 0L, 0L, 0L, 
    0L, 1L, 7L, 0L, 0L, 0L), .Dim = c(6L, 4L), .Dimnames = structure(list(
        c("-2", "-1", "0", "1", "2", NA), c("A", "G", "T", NA
        )), .Names = c("", "")), class = "table"), All.Tags = list(
        Concordant = list(Freqs = structure(c(0, 3, 261, 1, 0, 
        0, 0, 0, 0, 0, 0, 0, 0, 0, 0), .Dim = c(5L, 3L), .Dimnames = list(
            c("-2", "-1", "0", "1", "2"), c("A", "G", "T"))), 
            N = 265), Majority = list(Freqs = structure(c(0, 
        3, 350, 1, 0, 0, 0, 0, 0, 0, 0, 0, 0, 0, 0), .Dim = c(5L, 
        3L), .Dimnames = list(c("-2", "-1", "0", "1", "2"), c("A", 
        "G", "T"))), N = 354)), `2` = structure(c(0, 1, 269, 
    0, 0, 0, 0, 0, 0, 0, 0, 0, 0, 0, 0), .Dim = c(5L, 3L), .Dimnames = list(
        c("-2", "-1", "0", "1", "2"), c("A", "G", "T"))))))
