Results <-
list(`bwa.out//20220204//BlindCMMRD88_S47.sam` = list(LR10_SNP1 = list(
    All = list(Freqs = structure(c(1L, 9L, 0L, 0L, 60L, 4464L, 
    14L, 4L, 0L, 37L, 1L, 0L), .Dim = 4:3, .Dimnames = structure(list(
        c("-1", "0", "1", NA), c("C", "T", NA)), .Names = c("", 
    "")), class = "table"), N = 4590L), Tag.Distribution = structure(c(`1` = 110L, 
    `2` = 61L, `3` = 51L, `4` = 45L, `5` = 42L, `6` = 24L, `7` = 21L, 
    `8` = 27L, `9` = 13L, `10` = 27L, `11` = 18L, `12` = 16L, 
    `13` = 18L, `14` = 12L, `15` = 13L, `16` = 5L, `17` = 6L, 
    `18` = 7L, `19` = 3L, `20` = 9L, `21` = 2L, `22` = 6L, `23` = 5L, 
    `24` = 5L, `25` = 2L, `26` = 4L, `27` = 1L, `28` = 3L, `29` = 1L, 
    `30` = 4L, `31` = 1L, `32` = 2L, `33` = 2L, `34` = 1L, `35` = 2L, 
    `37` = 2L, `38` = 2L), .Dim = 37L, .Dimnames = list(TagUsage = c("1", 
    "2", "3", "4", "5", "6", "7", "8", "9", "10", "11", "12", 
    "13", "14", "15", "16", "17", "18", "19", "20", "21", "22", 
    "23", "24", "25", "26", "27", "28", "29", "30", "31", "32", 
    "33", "34", "35", "37", "38")), class = "table"), No.Tag = structure(c(0L, 
    0L, 0L, 0L, 2L, 144L, 0L, 0L, 0L, 5L, 0L, 0L), .Dim = 4:3, .Dimnames = structure(list(
        c("-1", "0", "1", NA), c("C", "T", NA)), .Names = c("", 
    "")), class = "table"), All.Tags = list(Concordant = list(
        Freqs = structure(c(1, 8, 0, 0, 499, 0), .Dim = 3:2, .Dimnames = list(
            c("-1", "0", "1"), c("C", "T"))), N = 508), Majority = list(
        Freqs = structure(c(1, 8, 0, 0, 556, 0), .Dim = 3:2, .Dimnames = list(
            c("-1", "0", "1"), c("C", "T"))), N = 565)), `2` = structure(c(0, 
    0, 0, 0, 460, 0), .Dim = 3:2, .Dimnames = list(c("-1", "0", 
    "1"), c("C", "T"))))))
