Results <-
list(`bwa.out//20220204//MLPA01_S9.sam` = list(GM17_SNP1 = list(
    All = list(Freqs = structure(c(1L, 22L, 1829L, 5L, 0L, 0L, 
    28L, 1591L, 3L, 2L, 0L, 2L, 21L, 0L, 0L), .Dim = c(5L, 3L
    ), .Dimnames = structure(list(c("-2", "-1", "0", "1", NA), 
        c("C", "T", NA)), .Names = c("", "")), class = "table"), 
        N = 3504L), Tag.Distribution = structure(c(`1` = 134L, 
    `2` = 68L, `3` = 71L, `4` = 49L, `5` = 35L, `6` = 27L, `7` = 27L, 
    `8` = 21L, `9` = 12L, `10` = 22L, `11` = 16L, `12` = 16L, 
    `13` = 9L, `14` = 8L, `15` = 13L, `16` = 9L, `17` = 11L, 
    `18` = 2L, `19` = 7L, `20` = 5L, `21` = 5L, `22` = 1L, `23` = 3L, 
    `24` = 1L, `25` = 2L, `26` = 1L, `29` = 1L, `30` = 1L), .Dim = 28L, .Dimnames = list(
        TagUsage = c("1", "2", "3", "4", "5", "6", "7", "8", 
        "9", "10", "11", "12", "13", "14", "15", "16", "17", 
        "18", "19", "20", "21", "22", "23", "24", "25", "26", 
        "29", "30")), class = "table"), No.Tag = structure(c(0L, 
    0L, 30L, 0L, 0L, 0L, 0L, 24L, 0L, 0L, 0L, 0L, 2L, 0L, 0L), .Dim = c(5L, 
    3L), .Dimnames = structure(list(c("-2", "-1", "0", "1", NA
    ), c("C", "T", NA)), .Names = c("", "")), class = "table"), 
    All.Tags = list(Concordant = list(Freqs = structure(c(0, 
    4, 265, 1, 0, 0, 238, 0), .Dim = c(4L, 2L), .Dimnames = list(
        c("-2", "-1", "0", "1"), c("C", "T"))), N = 508), Majority = list(
        Freqs = structure(c(0, 4, 295, 1, 0, 1, 268, 0), .Dim = c(4L, 
        2L), .Dimnames = list(c("-2", "-1", "0", "1"), c("C", 
        "T"))), N = 569)), `2` = structure(c(0, 0, 224, 0, 0, 
    1, 213, 0), .Dim = c(4L, 2L), .Dimnames = list(c("-2", "-1", 
    "0", "1"), c("C", "T"))))))
