Results <-
list(`bwa.out//20220204//BlindCMMRD48_S8.sam` = list(GM09_SNP1 = list(
    All = list(Freqs = structure(c(11L, 2323L, 1L, 1L, 0L, 1L, 
    0L, 0L, 11L, 2255L, 2L, 0L, 0L, 1L, 0L, 0L, 0L, 36L, 0L, 
    0L), .Dim = 4:5, .Dimnames = structure(list(c("-1", "0", 
    "1", NA), c("A", "C", "G", "T", NA)), .Names = c("", "")), class = "table"), 
        N = 4642L), Tag.Distribution = structure(c(`1` = 68L, 
    `2` = 23L, `3` = 17L, `4` = 16L, `5` = 17L, `6` = 14L, `7` = 11L, 
    `8` = 14L, `9` = 13L, `10` = 10L, `11` = 11L, `12` = 7L, 
    `13` = 9L, `14` = 4L, `15` = 3L, `16` = 8L, `17` = 6L, `18` = 3L, 
    `19` = 9L, `20` = 6L, `21` = 6L, `22` = 4L, `23` = 7L, `24` = 7L, 
    `25` = 3L, `26` = 5L, `27` = 3L, `28` = 3L, `29` = 4L, `31` = 4L, 
    `32` = 3L, `33` = 3L, `34` = 1L, `35` = 4L, `36` = 1L, `37` = 1L, 
    `38` = 1L, `39` = 4L, `40` = 5L, `41` = 3L, `42` = 2L, `43` = 1L, 
    `44` = 3L, `45` = 2L, `46` = 2L, `47` = 1L, `49` = 3L, `50` = 1L
    ), .Dim = 48L, .Dimnames = list(TagUsage = c("1", "2", "3", 
    "4", "5", "6", "7", "8", "9", "10", "11", "12", "13", "14", 
    "15", "16", "17", "18", "19", "20", "21", "22", "23", "24", 
    "25", "26", "27", "28", "29", "31", "32", "33", "34", "35", 
    "36", "37", "38", "39", "40", "41", "42", "43", "44", "45", 
    "46", "47", "49", "50")), class = "table"), No.Tag = structure(c(0L, 
    21L, 0L, 0L, 0L, 0L, 0L, 0L, 0L, 21L, 0L, 0L, 0L, 0L, 0L, 
    0L, 0L, 1L, 0L, 0L), .Dim = 4:5, .Dimnames = structure(list(
        c("-1", "0", "1", NA), c("A", "C", "G", "T", NA)), .Names = c("", 
    "")), class = "table"), All.Tags = list(Concordant = list(
        Freqs = structure(c(0, 176, 0, 0, 0, 0, 0, 131, 0, 0, 
        0, 0), .Dim = 3:4, .Dimnames = list(c("-1", "0", "1"), 
            c("A", "C", "G", "T"))), N = 307), Majority = list(
        Freqs = structure(c(0, 195, 0, 0, 0, 0, 0, 157, 0, 0, 
        0, 0), .Dim = 3:4, .Dimnames = list(c("-1", "0", "1"), 
            c("A", "C", "G", "T"))), N = 352)), `2` = structure(c(0, 
    160, 0, 0, 0, 0, 0, 127, 0, 0, 0, 0), .Dim = 3:4, .Dimnames = list(
        c("-1", "0", "1"), c("A", "C", "G", "T"))))))
