Results <-
list(`bwa.out//20220204//BlindCMMRD96_S55.sam` = list(LR36_SNP1 = list(
    All = list(Freqs = structure(c(0L, 0L, 0L, 7L, 0L, 0L, 1L, 
    5L, 44L, 2656L, 18L, 16L, 0L, 1L, 5L, 125L, 2L, 0L), .Dim = c(6L, 
    3L), .Dimnames = structure(list(c("-4", "-2", "-1", "0", 
    "1", NA), c("A", "T", NA)), .Names = c("", "")), class = "table"), 
        N = 2880L), Tag.Distribution = structure(c(`1` = 126L, 
    `2` = 60L, `3` = 40L, `4` = 42L, `5` = 31L, `6` = 32L, `7` = 22L, 
    `8` = 9L, `9` = 19L, `10` = 13L, `11` = 12L, `12` = 5L, `13` = 11L, 
    `14` = 5L, `15` = 7L, `16` = 6L, `17` = 4L, `18` = 3L, `19` = 4L, 
    `20` = 4L, `21` = 2L, `22` = 2L, `23` = 3L, `24` = 4L, `25` = 3L, 
    `26` = 3L, `27` = 2L), .Dim = 27L, .Dimnames = list(TagUsage = c("1", 
    "2", "3", "4", "5", "6", "7", "8", "9", "10", "11", "12", 
    "13", "14", "15", "16", "17", "18", "19", "20", "21", "22", 
    "23", "24", "25", "26", "27")), class = "table"), No.Tag = structure(c(0L, 
    0L, 0L, 1L, 0L, 0L, 0L, 0L, 1L, 106L, 0L, 3L, 0L, 0L, 1L, 
    18L, 0L, 0L), .Dim = c(6L, 3L), .Dimnames = structure(list(
        c("-4", "-2", "-1", "0", "1", NA), c("A", "T", NA)), .Names = c("", 
    "")), class = "table"), All.Tags = list(Concordant = list(
        Freqs = structure(c(0, 0, 0, 3, 0, 0, 0, 0, 392, 2), .Dim = c(5L, 
        2L), .Dimnames = list(c("-4", "-2", "-1", "0", "1"), 
            c("A", "T"))), N = 397), Majority = list(Freqs = structure(c(0, 
    0, 0, 3, 0, 0, 0, 1, 451, 2), .Dim = c(5L, 2L), .Dimnames = list(
        c("-4", "-2", "-1", "0", "1"), c("A", "T"))), N = 457)), 
    `2` = structure(c(0, 0, 0, 0, 0, 0, 0, 1, 344, 0), .Dim = c(5L, 
    2L), .Dimnames = list(c("-4", "-2", "-1", "0", "1"), c("A", 
    "T"))))))
