Results <-
list(`bwa.out//20220204//BlindCMMRD44_S4.sam` = list(LR11_SNP1 = list(
    All = list(Freqs = structure(c(0L, 43L, 2324L, 17L, 9L, 2L, 
    28L, 1717L, 7L, 2L, 0L, 4L, 89L, 1L, 0L), .Dim = c(5L, 3L
    ), .Dimnames = structure(list(c("-2", "-1", "0", "1", NA), 
        c("A", "C", NA)), .Names = c("", "")), class = "table"), 
        N = 4243L), Tag.Distribution = structure(c(`1` = 87L, 
    `2` = 24L, `3` = 22L, `4` = 17L, `5` = 15L, `6` = 10L, `7` = 20L, 
    `8` = 11L, `9` = 15L, `10` = 14L, `11` = 14L, `12` = 9L, 
    `13` = 15L, `14` = 13L, `15` = 6L, `16` = 10L, `17` = 7L, 
    `18` = 6L, `19` = 7L, `20` = 8L, `21` = 11L, `22` = 3L, `23` = 6L, 
    `24` = 5L, `25` = 4L, `26` = 3L, `27` = 6L, `28` = 4L, `29` = 3L, 
    `30` = 5L, `31` = 4L, `32` = 5L, `33` = 3L, `35` = 1L, `36` = 1L, 
    `38` = 1L, `39` = 1L, `40` = 1L, `42` = 1L, `54` = 1L), .Dim = 40L, .Dimnames = list(
        TagUsage = c("1", "2", "3", "4", "5", "6", "7", "8", 
        "9", "10", "11", "12", "13", "14", "15", "16", "17", 
        "18", "19", "20", "21", "22", "23", "24", "25", "26", 
        "27", "28", "29", "30", "31", "32", "33", "35", "36", 
        "38", "39", "40", "42", "54")), class = "table"), No.Tag = structure(c(0L, 
    0L, 7L, 0L, 0L, 0L, 0L, 8L, 0L, 0L, 0L, 0L, 1L, 0L, 0L), .Dim = c(5L, 
    3L), .Dimnames = structure(list(c("-2", "-1", "0", "1", NA
    ), c("A", "C", NA)), .Names = c("", "")), class = "table"), 
    All.Tags = list(Concordant = list(Freqs = structure(c(0, 
    1, 177, 1, 0, 2, 130, 0), .Dim = c(4L, 2L), .Dimnames = list(
        c("-2", "-1", "0", "1"), c("A", "C"))), N = 311), Majority = list(
        Freqs = structure(c(0, 1, 223, 1, 0, 2, 162, 0), .Dim = c(4L, 
        2L), .Dimnames = list(c("-2", "-1", "0", "1"), c("A", 
        "C"))), N = 389)), `2` = structure(c(0, 0, 181, 0, 0, 
    0, 129, 0), .Dim = c(4L, 2L), .Dimnames = list(c("-2", "-1", 
    "0", "1"), c("A", "C"))))))
