Results <-
list(`bwa.out//20220204//BlindCMMRD78_S37.sam` = list(GM01_SNP1 = list(
    All = list(Freqs = structure(c(65L, 6335L, 13L, 1L, 7L, 0L, 
    1L, 0L, 0L, 0L, 0L, 48L, 0L, 0L, 0L), .Dim = c(5L, 3L), .Dimnames = structure(list(
        c("-1", "0", "1", "2", NA), c("A", "T", NA)), .Names = c("", 
    "")), class = "table"), N = 6470L), Tag.Distribution = structure(c(`1` = 150L, 
    `2` = 70L, `3` = 64L, `4` = 51L, `5` = 48L, `6` = 51L, `7` = 34L, 
    `8` = 43L, `9` = 29L, `10` = 31L, `11` = 35L, `12` = 24L, 
    `13` = 14L, `14` = 14L, `15` = 13L, `16` = 14L, `17` = 16L, 
    `18` = 12L, `19` = 16L, `20` = 6L, `21` = 13L, `22` = 6L, 
    `23` = 6L, `24` = 7L, `25` = 2L, `26` = 5L, `27` = 7L, `28` = 2L, 
    `29` = 1L, `30` = 1L, `31` = 3L, `33` = 1L, `35` = 2L, `36` = 1L, 
    `39` = 1L, `44` = 2L, `45` = 1L), .Dim = 37L, .Dimnames = list(
        TagUsage = c("1", "2", "3", "4", "5", "6", "7", "8", 
        "9", "10", "11", "12", "13", "14", "15", "16", "17", 
        "18", "19", "20", "21", "22", "23", "24", "25", "26", 
        "27", "28", "29", "30", "31", "33", "35", "36", "39", 
        "44", "45")), class = "table"), No.Tag = structure(c(3L, 
    98L, 0L, 0L, 1L, 0L, 0L, 0L, 0L, 0L, 0L, 2L, 0L, 0L, 0L), .Dim = c(5L, 
    3L), .Dimnames = structure(list(c("-1", "0", "1", "2", NA
    ), c("A", "T", NA)), .Names = c("", "")), class = "table"), 
    All.Tags = list(Concordant = list(Freqs = structure(c(1, 
    725, 0, 0, 0, 0, 0, 0), .Dim = c(4L, 2L), .Dimnames = list(
        c("-1", "0", "1", "2"), c("A", "T"))), N = 726), Majority = list(
        Freqs = structure(c(1, 787, 0, 0, 0, 0, 0, 0), .Dim = c(4L, 
        2L), .Dimnames = list(c("-1", "0", "1", "2"), c("A", 
        "T"))), N = 788)), `2` = structure(c(0, 642, 0, 0, 0, 
    0, 0, 0), .Dim = c(4L, 2L), .Dimnames = list(c("-1", "0", 
    "1", "2"), c("A", "T"))))))
