Results <-
list(`bwa.out//20220204//BlindCMMRD134_S60.sam` = list(GM22_SNP1 = list(
    All = list(Freqs = structure(c(0L, 7L, 0L, 0L, 14L, 71L, 
    4686L, 19L, 1L, 14L, 0L, 62L, 1L, 0L, 0L), .Dim = c(5L, 3L
    ), .Dimnames = structure(list(c("-1", "0", "1", "2", NA), 
        c("A", "G", NA)), .Names = c("", "")), class = "table"), 
        N = 4875L), Tag.Distribution = structure(c(`1` = 142L, 
    `2` = 122L, `3` = 117L, `4` = 86L, `5` = 84L, `6` = 76L, 
    `7` = 58L, `8` = 58L, `9` = 42L, `10` = 35L, `11` = 23L, 
    `12` = 18L, `13` = 8L, `14` = 18L, `15` = 5L, `16` = 3L, 
    `17` = 4L, `18` = 2L, `19` = 3L, `20` = 1L, `24` = 1L, `25` = 1L, 
    `32` = 1L), .Dim = 23L, .Dimnames = list(TagUsage = c("1", 
    "2", "3", "4", "5", "6", "7", "8", "9", "10", "11", "12", 
    "13", "14", "15", "16", "17", "18", "19", "20", "24", "25", 
    "32")), class = "table"), No.Tag = structure(c(0L, 0L, 0L, 
    0L, 14L, 2L, 87L, 0L, 0L, 1L, 0L, 6L, 0L, 0L, 0L), .Dim = c(5L, 
    3L), .Dimnames = structure(list(c("-1", "0", "1", "2", NA
    ), c("A", "G", NA)), .Names = c("", "")), class = "table"), 
    All.Tags = list(Concordant = list(Freqs = structure(c(0, 
    6, 0, 0, 4, 821, 0, 0), .Dim = c(4L, 2L), .Dimnames = list(
        c("-1", "0", "1", "2"), c("A", "G"))), N = 831), Majority = list(
        Freqs = structure(c(0, 6, 0, 0, 4, 888, 0, 0), .Dim = c(4L, 
        2L), .Dimnames = list(c("-1", "0", "1", "2"), c("A", 
        "G"))), N = 898)), `2` = structure(c(0, 0, 0, 0, 1, 757, 
    0, 0), .Dim = c(4L, 2L), .Dimnames = list(c("-1", "0", "1", 
    "2"), c("A", "G"))))))
