Results <-
list(`bwa.out//20220204//BlindCMMRD53_S12.sam` = list(LR44_SNP1 = list(
    All = list(Freqs = structure(c(8L, 150L, 2153L, 26L, 0L, 
    10L, 7L, 160L, 2328L, 35L, 1L, 11L, 0L, 7L, 97L, 2L, 0L, 
    0L), .Dim = c(6L, 3L), .Dimnames = structure(list(c("-2", 
    "-1", "0", "1", "2", NA), c("C", "T", NA)), .Names = c("", 
    "")), class = "table"), N = 4995L), Tag.Distribution = structure(c(`1` = 127L, 
    `2` = 71L, `3` = 64L, `4` = 45L, `5` = 45L, `6` = 34L, `7` = 34L, 
    `8` = 28L, `9` = 21L, `10` = 25L, `11` = 17L, `12` = 14L, 
    `13` = 15L, `14` = 10L, `15` = 14L, `16` = 10L, `17` = 4L, 
    `18` = 8L, `19` = 5L, `20` = 10L, `21` = 6L, `22` = 4L, `23` = 9L, 
    `24` = 2L, `25` = 5L, `26` = 3L, `27` = 1L, `28` = 6L, `29` = 3L, 
    `32` = 1L, `33` = 3L, `34` = 1L, `36` = 1L, `38` = 2L, `43` = 1L, 
    `53` = 2L), .Dim = 36L, .Dimnames = list(TagUsage = c("1", 
    "2", "3", "4", "5", "6", "7", "8", "9", "10", "11", "12", 
    "13", "14", "15", "16", "17", "18", "19", "20", "21", "22", 
    "23", "24", "25", "26", "27", "28", "29", "32", "33", "34", 
    "36", "38", "43", "53")), class = "table"), No.Tag = structure(c(0L, 
    3L, 41L, 1L, 0L, 0L, 1L, 1L, 23L, 0L, 0L, 1L, 0L, 1L, 4L, 
    1L, 0L, 0L), .Dim = c(6L, 3L), .Dimnames = structure(list(
        c("-2", "-1", "0", "1", "2", NA), c("C", "T", NA)), .Names = c("", 
    "")), class = "table"), All.Tags = list(Concordant = list(
        Freqs = structure(c(2, 4, 180, 1, 0, 1, 4, 231, 2, 0), .Dim = c(5L, 
        2L), .Dimnames = list(c("-2", "-1", "0", "1", "2"), c("C", 
        "T"))), N = 425), Majority = list(Freqs = structure(c(2, 
    6, 281, 1, 0, 1, 5, 335, 2, 0), .Dim = c(5L, 2L), .Dimnames = list(
        c("-2", "-1", "0", "1", "2"), c("C", "T"))), N = 633)), 
    `2` = structure(c(0, 3, 237, 0, 0, 0, 1, 269, 1, 0), .Dim = c(5L, 
    2L), .Dimnames = list(c("-2", "-1", "0", "1", "2"), c("C", 
    "T"))))))
