Results <-
list(`bwa.out//20220204//MLPA101_S15.sam` = list(LR46_SNP1 = list(
    All = list(Freqs = structure(c(3L, 1462L, 3L, 8L, 2L, 1254L, 
    3L, 2L, 0L, 16L, 0L, 0L), .Dim = 4:3, .Dimnames = structure(list(
        c("-1", "0", "1", NA), c("G", "T", NA)), .Names = c("", 
    "")), class = "table"), N = 2753L), Tag.Distribution = structure(c(`1` = 117L, 
    `2` = 46L, `3` = 29L, `4` = 29L, `5` = 24L, `6` = 23L, `7` = 12L, 
    `8` = 12L, `9` = 14L, `10` = 16L, `11` = 12L, `12` = 8L, 
    `13` = 10L, `14` = 7L, `15` = 8L, `16` = 4L, `17` = 2L, `18` = 5L, 
    `19` = 3L, `20` = 1L, `21` = 3L, `22` = 1L, `23` = 4L, `25` = 1L, 
    `26` = 1L, `27` = 3L, `28` = 3L, `29` = 3L, `30` = 1L, `31` = 2L, 
    `32` = 2L, `45` = 1L), .Dim = 32L, .Dimnames = list(TagUsage = c("1", 
    "2", "3", "4", "5", "6", "7", "8", "9", "10", "11", "12", 
    "13", "14", "15", "16", "17", "18", "19", "20", "21", "22", 
    "23", "25", "26", "27", "28", "29", "30", "31", "32", "45"
    )), class = "table"), No.Tag = structure(c(1L, 40L, 0L, 2L, 
    0L, 48L, 0L, 1L, 0L, 3L, 0L, 0L), .Dim = 4:3, .Dimnames = structure(list(
        c("-1", "0", "1", NA), c("G", "T", NA)), .Names = c("", 
    "")), class = "table"), All.Tags = list(Concordant = list(
        Freqs = structure(c(0, 196, 0, 1, 185, 0), .Dim = 3:2, .Dimnames = list(
            c("-1", "0", "1"), c("G", "T"))), N = 382), Majority = list(
        Freqs = structure(c(0, 205, 0, 1, 194, 0), .Dim = 3:2, .Dimnames = list(
            c("-1", "0", "1"), c("G", "T"))), N = 400)), `2` = structure(c(0, 
    154, 0, 0, 134, 0), .Dim = 3:2, .Dimnames = list(c("-1", 
    "0", "1"), c("G", "T"))))))
