Results <-
list(`bwa.out//20220204//BlindCMMRD86_S45.sam` = list(GM22_SNP1 = list(
    All = list(Freqs = structure(c(2L, 42L, 2766L, 9L, 7L, 0L, 
    28L, 2194L, 4L, 2L, 0L, 0L, 1L, 0L, 0L, 0L, 0L, 84L, 0L, 
    0L), .Dim = 5:4, .Dimnames = structure(list(c("-2", "-1", 
    "0", "1", NA), c("A", "G", "T", NA)), .Names = c("", "")), class = "table"), 
        N = 5139L), Tag.Distribution = structure(c(`1` = 173L, 
    `2` = 84L, `3` = 79L, `4` = 79L, `5` = 64L, `6` = 67L, `7` = 43L, 
    `8` = 31L, `9` = 44L, `10` = 33L, `11` = 32L, `12` = 22L, 
    `13` = 25L, `14` = 14L, `15` = 16L, `16` = 9L, `17` = 11L, 
    `18` = 4L, `19` = 2L, `20` = 3L, `21` = 2L, `23` = 2L, `24` = 2L, 
    `25` = 2L, `26` = 1L, `30` = 1L, `34` = 1L), .Dim = 27L, .Dimnames = list(
        TagUsage = c("1", "2", "3", "4", "5", "6", "7", "8", 
        "9", "10", "11", "12", "13", "14", "15", "16", "17", 
        "18", "19", "20", "21", "23", "24", "25", "26", "30", 
        "34")), class = "table"), No.Tag = structure(c(0L, 5L, 
    40L, 0L, 0L, 0L, 0L, 48L, 0L, 0L, 0L, 0L, 0L, 0L, 0L, 0L, 
    0L, 1L, 0L, 0L), .Dim = 5:4, .Dimnames = structure(list(c("-2", 
    "-1", "0", "1", NA), c("A", "G", "T", NA)), .Names = c("", 
    "")), class = "table"), All.Tags = list(Concordant = list(
        Freqs = structure(c(0, 2, 412, 0, 0, 1, 306, 0, 0, 0, 
        0, 0), .Dim = 4:3, .Dimnames = list(c("-2", "-1", "0", 
        "1"), c("A", "G", "T"))), N = 721), Majority = list(Freqs = structure(c(0, 
    2, 471, 0, 0, 1, 355, 0, 0, 0, 0, 0), .Dim = 4:3, .Dimnames = list(
        c("-2", "-1", "0", "1"), c("A", "G", "T"))), N = 829)), 
    `2` = structure(c(0, 1, 369, 0, 0, 0, 296, 0, 0, 0, 0, 0), .Dim = 4:3, .Dimnames = list(
        c("-2", "-1", "0", "1"), c("A", "G", "T"))))))
