Results <-
list(`bwa.out//20220204//BlindCMMRD88_S47.sam` = list(LR46_SNP1 = list(
    All = list(Freqs = structure(c(0L, 0L, 1L, 0L, 0L, 1L, 8L, 
    4650L, 9L, 5L, 0L, 0L, 4L, 0L, 0L, 0L, 1L, 33L, 0L, 0L), .Dim = 5:4, .Dimnames = structure(list(
        c("-2", "-1", "0", "1", NA), c("A", "G", "T", NA)), .Names = c("", 
    "")), class = "table"), N = 4712L), Tag.Distribution = structure(c(`1` = 108L, 
    `2` = 33L, `3` = 37L, `4` = 37L, `5` = 25L, `6` = 22L, `7` = 24L, 
    `8` = 16L, `9` = 20L, `10` = 11L, `11` = 12L, `12` = 8L, 
    `13` = 14L, `14` = 9L, `15` = 9L, `16` = 9L, `17` = 7L, `18` = 10L, 
    `19` = 9L, `20` = 6L, `21` = 1L, `22` = 3L, `23` = 8L, `24` = 2L, 
    `25` = 8L, `26` = 4L, `27` = 4L, `28` = 1L, `29` = 1L, `30` = 1L, 
    `32` = 3L, `33` = 3L, `34` = 1L, `35` = 1L, `36` = 2L, `37` = 1L, 
    `38` = 2L, `39` = 1L, `40` = 1L, `41` = 1L, `43` = 1L, `46` = 1L, 
    `47` = 2L, `50` = 1L, `51` = 2L, `55` = 2L, `59` = 1L), .Dim = 47L, .Dimnames = list(
        TagUsage = c("1", "2", "3", "4", "5", "6", "7", "8", 
        "9", "10", "11", "12", "13", "14", "15", "16", "17", 
        "18", "19", "20", "21", "22", "23", "24", "25", "26", 
        "27", "28", "29", "30", "32", "33", "34", "35", "36", 
        "37", "38", "39", "40", "41", "43", "46", "47", "50", 
        "51", "55", "59")), class = "table"), No.Tag = structure(c(0L, 
    0L, 0L, 0L, 0L, 0L, 1L, 134L, 0L, 1L, 0L, 0L, 1L, 0L, 0L, 
    0L, 0L, 3L, 0L, 0L), .Dim = 5:4, .Dimnames = structure(list(
        c("-2", "-1", "0", "1", NA), c("A", "G", "T", NA)), .Names = c("", 
    "")), class = "table"), All.Tags = list(Concordant = list(
        Freqs = structure(c(0, 0, 0, 0, 0, 0, 458, 0, 0, 0, 2, 
        0), .Dim = 4:3, .Dimnames = list(c("-2", "-1", "0", "1"
        ), c("A", "G", "T"))), N = 460), Majority = list(Freqs = structure(c(0, 
    0, 0, 0, 0, 0, 476, 0, 0, 0, 2, 0), .Dim = 4:3, .Dimnames = list(
        c("-2", "-1", "0", "1"), c("A", "G", "T"))), N = 478)), 
    `2` = structure(c(0, 0, 0, 0, 0, 0, 377, 0, 0, 0, 0, 0), .Dim = 4:3, .Dimnames = list(
        c("-2", "-1", "0", "1"), c("A", "G", "T"))))))
