Results <-
list(`bwa.out//20220204//BlindCMMRD124_S50.sam` = list(GM09_SNP1 = list(
    All = list(Freqs = structure(c(35L, 2922L, 2L, 13L, 2504L, 
    13L, 0L, 1L, 0L, 1L, 20L, 0L), .Dim = 3:4, .Dimnames = structure(list(
        c("-1", "0", "1"), c("A", "G", "T", NA)), .Names = c("", 
    "")), class = "table"), N = 5511L), Tag.Distribution = structure(c(`1` = 211L, 
    `2` = 146L, `3` = 111L, `4` = 111L, `5` = 66L, `6` = 61L, 
    `7` = 49L, `8` = 41L, `9` = 40L, `10` = 25L, `11` = 23L, 
    `12` = 16L, `13` = 14L, `14` = 6L, `15` = 13L, `16` = 10L, 
    `17` = 6L, `18` = 8L, `19` = 7L, `20` = 7L, `21` = 1L, `22` = 5L, 
    `23` = 4L, `24` = 2L, `25` = 1L, `28` = 2L, `29` = 1L, `30` = 2L, 
    `31` = 1L, `33` = 1L, `34` = 1L), .Dim = 31L, .Dimnames = list(
        TagUsage = c("1", "2", "3", "4", "5", "6", "7", "8", 
        "9", "10", "11", "12", "13", "14", "15", "16", "17", 
        "18", "19", "20", "21", "22", "23", "24", "25", "28", 
        "29", "30", "31", "33", "34")), class = "table"), No.Tag = structure(c(1L, 
    76L, 0L, 0L, 0L, 50L, 0L, 0L, 0L, 0L, 0L, 0L, 0L, 3L, 0L, 
    0L), .Dim = c(4L, 4L), .Dimnames = structure(list(c("-1", 
    "0", "1", NA), c("A", "G", "T", NA)), .Names = c("", "")), class = "table"), 
    All.Tags = list(Concordant = list(Freqs = structure(c(2, 
    454, 0, 1, 396, 1, 0, 0, 0), .Dim = c(3L, 3L), .Dimnames = list(
        c("-1", "0", "1"), c("A", "G", "T"))), N = 854), Majority = list(
        Freqs = structure(c(4, 510, 0, 1, 458, 1, 0, 0, 0), .Dim = c(3L, 
        3L), .Dimnames = list(c("-1", "0", "1"), c("A", "G", 
        "T"))), N = 974)), `2` = structure(c(2, 411, 0, 0, 352, 
    1, 0, 0, 0), .Dim = c(3L, 3L), .Dimnames = list(c("-1", "0", 
    "1"), c("A", "G", "T"))))))
