Results <-
list(`bwa.out//20220204//BlindCMMRD41_S1.sam` = list(IM49_SNP1 = list(
    All = list(Freqs = structure(c(0L, 0L, 1L, 0L, 0L, 0L, 0L, 
    2L, 12L, 0L, 0L, 1L, 1L, 79L, 2686L, 65L, 1L, 16L, 0L, 1L, 
    254L, 4L, 0L, 0L), .Dim = c(6L, 4L), .Dimnames = structure(list(
        c("-2", "-1", "0", "1", "2", NA), c("A", "C", "G", NA
        )), .Names = c("", "")), class = "table"), N = 3123L), 
    Tag.Distribution = structure(c(`1` = 133L, `2` = 21L, `3` = 19L, 
    `4` = 22L, `5` = 12L, `6` = 12L, `7` = 18L, `8` = 9L, `9` = 5L, 
    `10` = 16L, `11` = 11L, `12` = 5L, `13` = 12L, `14` = 13L, 
    `15` = 6L, `16` = 8L, `17` = 6L, `19` = 6L, `20` = 2L, `21` = 3L, 
    `22` = 4L, `24` = 3L, `25` = 4L, `26` = 2L, `27` = 3L, `28` = 3L, 
    `29` = 3L, `30` = 1L, `31` = 1L, `32` = 1L, `34` = 5L, `35` = 1L, 
    `37` = 1L, `44` = 2L, `46` = 1L, `49` = 2L, `53` = 1L), .Dim = 37L, .Dimnames = list(
        TagUsage = c("1", "2", "3", "4", "5", "6", "7", "8", 
        "9", "10", "11", "12", "13", "14", "15", "16", "17", 
        "19", "20", "21", "22", "24", "25", "26", "27", "28", 
        "29", "30", "31", "32", "34", "35", "37", "44", "46", 
        "49", "53")), class = "table"), No.Tag = structure(c(0L, 
    0L, 0L, 0L, 0L, 0L, 0L, 0L, 1L, 0L, 0L, 0L, 0L, 0L, 23L, 
    0L, 0L, 0L, 0L, 0L, 4L, 0L, 0L, 0L), .Dim = c(6L, 4L), .Dimnames = structure(list(
        c("-2", "-1", "0", "1", "2", NA), c("A", "C", "G", NA
        )), .Names = c("", "")), class = "table"), All.Tags = list(
        Concordant = list(Freqs = structure(c(0, 0, 0, 0, 0, 
        0, 2, 11, 0, 0, 0, 1, 221, 0, 0), .Dim = c(5L, 3L), .Dimnames = list(
            c("-2", "-1", "0", "1", "2"), c("A", "C", "G"))), 
            N = 235), Majority = list(Freqs = structure(c(0, 
        0, 0, 0, 0, 0, 2, 11, 0, 0, 0, 2, 304, 1, 0), .Dim = c(5L, 
        3L), .Dimnames = list(c("-2", "-1", "0", "1", "2"), c("A", 
        "C", "G"))), N = 320)), `2` = structure(c(0, 0, 0, 0, 
    0, 0, 0, 0, 0, 0, 0, 2, 238, 1, 0), .Dim = c(5L, 3L), .Dimnames = list(
        c("-2", "-1", "0", "1", "2"), c("A", "C", "G"))))))
