Results <-
list(`bwa.out//20220204//BlindCMMRD43_S3.sam` = list(LR49_SNP1 = list(
    All = list(Freqs = structure(c(21L, 822L, 0L, 1243L, 0L, 
    11L), .Dim = 2:3, .Dimnames = structure(list(c("-1", "0"), 
        c("A", "G", NA)), .Names = c("", "")), class = "table"), 
        N = 2097L), Tag.Distribution = structure(c(`1` = 79L, 
    `2` = 29L, `3` = 29L, `4` = 18L, `5` = 20L, `6` = 20L, `7` = 19L, 
    `8` = 8L, `9` = 14L, `10` = 11L, `11` = 9L, `12` = 10L, `13` = 2L, 
    `14` = 1L, `15` = 2L, `16` = 1L, `17` = 2L, `18` = 7L, `19` = 1L, 
    `20` = 3L, `21` = 5L, `22` = 1L, `23` = 2L, `24` = 3L, `25` = 4L, 
    `26` = 1L, `27` = 2L, `29` = 2L, `31` = 1L, `33` = 1L), .Dim = 30L, .Dimnames = list(
        TagUsage = c("1", "2", "3", "4", "5", "6", "7", "8", 
        "9", "10", "11", "12", "13", "14", "15", "16", "17", 
        "18", "19", "20", "21", "22", "23", "24", "25", "26", 
        "27", "29", "31", "33")), class = "table"), No.Tag = structure(c(0L, 
    15L, 0L, 0L, 40L, 0L, 0L, 2L, 0L), .Dim = c(3L, 3L), .Dimnames = structure(list(
        c("-1", "0", NA), c("A", "G", NA)), .Names = c("", ""
    )), class = "table"), All.Tags = list(Concordant = list(Freqs = structure(c(3, 
    127, 0, 162), .Dim = c(2L, 2L), .Dimnames = list(c("-1", 
    "0"), c("A", "G"))), N = 292), Majority = list(Freqs = structure(c(3, 
    131, 0, 170), .Dim = c(2L, 2L), .Dimnames = list(c("-1", 
    "0"), c("A", "G"))), N = 304)), `2` = structure(c(3, 96, 
    0, 127), .Dim = c(2L, 2L), .Dimnames = list(c("-1", "0"), 
        c("A", "G"))))))
