Results <-
list(`bwa.out//20220204//BlindCMMRD50_S10.sam` = list(IM16_SNP1 = list(
    All = list(Freqs = structure(c(14L, 2396L, 43L, 1L, 2L, 43L, 
    2696L, 33L, 0L, 2L, 0L, 1L, 0L, 0L, 0L, 1L, 44L, 5L, 0L, 
    0L), .Dim = 5:4, .Dimnames = structure(list(c("-1", "0", 
    "1", "2", NA), c("A", "G", "T", NA)), .Names = c("", "")), class = "table"), 
        N = 5281L), Tag.Distribution = structure(c(`1` = 80L, 
    `2` = 30L, `3` = 32L, `4` = 24L, `5` = 13L, `6` = 11L, `7` = 17L, 
    `8` = 10L, `9` = 9L, `10` = 11L, `11` = 11L, `12` = 11L, 
    `13` = 8L, `14` = 13L, `15` = 11L, `16` = 6L, `17` = 10L, 
    `18` = 11L, `19` = 10L, `20` = 8L, `21` = 3L, `22` = 2L, 
    `23` = 4L, `24` = 2L, `25` = 3L, `26` = 2L, `27` = 3L, `28` = 6L, 
    `29` = 2L, `30` = 2L, `31` = 2L, `32` = 2L, `33` = 5L, `34` = 2L, 
    `35` = 3L, `37` = 3L, `38` = 1L, `40` = 3L, `41` = 3L, `43` = 1L, 
    `44` = 1L, `45` = 2L, `46` = 1L, `48` = 2L, `49` = 1L, `50` = 2L, 
    `51` = 1L, `52` = 4L, `53` = 2L, `54` = 1L, `56` = 1L, `57` = 1L, 
    `59` = 1L, `63` = 1L, `74` = 1L), .Dim = 55L, .Dimnames = list(
        TagUsage = c("1", "2", "3", "4", "5", "6", "7", "8", 
        "9", "10", "11", "12", "13", "14", "15", "16", "17", 
        "18", "19", "20", "21", "22", "23", "24", "25", "26", 
        "27", "28", "29", "30", "31", "32", "33", "34", "35", 
        "37", "38", "40", "41", "43", "44", "45", "46", "48", 
        "49", "50", "51", "52", "53", "54", "56", "57", "59", 
        "63", "74")), class = "table"), No.Tag = structure(c(0L, 
    40L, 3L, 0L, 0L, 2L, 63L, 0L, 0L, 0L, 0L, 0L, 0L, 0L, 0L, 
    0L, 9L, 0L, 0L, 0L), .Dim = 5:4, .Dimnames = structure(list(
        c("-1", "0", "1", "2", NA), c("A", "G", "T", NA)), .Names = c("", 
    "")), class = "table"), All.Tags = list(Concordant = list(
        Freqs = structure(c(0, 146, 1, 0, 1, 166, 0, 0, 0, 0, 
        0, 0), .Dim = 4:3, .Dimnames = list(c("-1", "0", "1", 
        "2"), c("A", "G", "T"))), N = 314), Majority = list(Freqs = structure(c(0, 
    188, 1, 0, 1, 210, 0, 0, 0, 0, 0, 0), .Dim = 4:3, .Dimnames = list(
        c("-1", "0", "1", "2"), c("A", "G", "T"))), N = 400)), 
    `2` = structure(c(0, 152, 1, 0, 1, 172, 0, 0, 0, 0, 0, 0), .Dim = 4:3, .Dimnames = list(
        c("-1", "0", "1", "2"), c("A", "G", "T"))))))
