Results <-
list(`bwa.out//20220204//Control25_S18.sam` = list(LR20_SNP1 = list(
    All = list(Freqs = structure(c(8L, 1101L, 3L, 1L, 1L, 1228L, 
    9L, 4L, 0L, 18L, 0L, 0L), .Dim = 4:3, .Dimnames = structure(list(
        c("-1", "0", "1", NA), c("A", "G", NA)), .Names = c("", 
    "")), class = "table"), N = 2373L), Tag.Distribution = structure(c(`1` = 64L, 
    `2` = 37L, `3` = 29L, `4` = 38L, `5` = 20L, `6` = 17L, `7` = 14L, 
    `8` = 10L, `9` = 8L, `10` = 10L, `11` = 8L, `12` = 10L, `13` = 9L, 
    `14` = 5L, `15` = 7L, `16` = 2L, `17` = 7L, `18` = 6L, `19` = 2L, 
    `20` = 1L, `21` = 1L, `22` = 4L, `23` = 3L, `24` = 4L, `25` = 1L, 
    `27` = 1L, `29` = 1L, `32` = 1L, `35` = 1L, `40` = 1L, `70` = 1L
    ), .Dim = 31L, .Dimnames = list(TagUsage = c("1", "2", "3", 
    "4", "5", "6", "7", "8", "9", "10", "11", "12", "13", "14", 
    "15", "16", "17", "18", "19", "20", "21", "22", "23", "24", 
    "25", "27", "29", "32", "35", "40", "70")), class = "table"), 
    No.Tag = structure(c(0L, 39L, 0L, 0L, 0L, 51L, 0L, 2L, 0L, 
    3L, 0L, 0L), .Dim = 4:3, .Dimnames = structure(list(c("-1", 
    "0", "1", NA), c("A", "G", NA)), .Names = c("", "")), class = "table"), 
    All.Tags = list(Concordant = list(Freqs = structure(c(0, 
    149, 0, 0, 151, 0), .Dim = 3:2, .Dimnames = list(c("-1", 
    "0", "1"), c("A", "G"))), N = 300), Majority = list(Freqs = structure(c(1, 
    154, 0, 0, 161, 0), .Dim = 3:2, .Dimnames = list(c("-1", 
    "0", "1"), c("A", "G"))), N = 316)), `2` = structure(c(1, 
    126, 0, 0, 129, 0), .Dim = 3:2, .Dimnames = list(c("-1", 
    "0", "1"), c("A", "G"))))))
