Results <-
list(`bwa.out//20220204//BlindCMMRD99_S58.sam` = list(LR10_SNP1 = list(
    All = list(Freqs = structure(c(0L, 1L, 3L, 0L, 0L, 2L, 62L, 
    3804L, 9L, 3L, 0L, 0L, 32L, 1L, 0L), .Dim = c(5L, 3L), .Dimnames = structure(list(
        c("-2", "-1", "0", "1", NA), c("C", "T", NA)), .Names = c("", 
    "")), class = "table"), N = 3917L), Tag.Distribution = structure(c(`1` = 125L, 
    `2` = 68L, `3` = 58L, `4` = 32L, `5` = 42L, `6` = 24L, `7` = 24L, 
    `8` = 19L, `9` = 15L, `10` = 12L, `11` = 18L, `12` = 20L, 
    `13` = 16L, `14` = 7L, `15` = 3L, `16` = 10L, `17` = 7L, 
    `18` = 7L, `19` = 4L, `20` = 6L, `21` = 3L, `22` = 2L, `23` = 2L, 
    `24` = 2L, `25` = 3L, `26` = 2L, `27` = 3L, `29` = 1L, `31` = 1L, 
    `32` = 2L, `33` = 2L, `37` = 1L, `38` = 1L, `39` = 2L, `45` = 1L, 
    `47` = 1L, `48` = 1L, `53` = 1L), .Dim = 38L, .Dimnames = list(
        TagUsage = c("1", "2", "3", "4", "5", "6", "7", "8", 
        "9", "10", "11", "12", "13", "14", "15", "16", "17", 
        "18", "19", "20", "21", "22", "23", "24", "25", "26", 
        "27", "29", "31", "32", "33", "37", "38", "39", "45", 
        "47", "48", "53")), class = "table"), No.Tag = structure(c(0L, 
    0L, 2L, 0L, 0L, 0L, 2L, 83L, 0L, 0L, 0L, 0L, 3L, 0L, 0L), .Dim = c(5L, 
    3L), .Dimnames = structure(list(c("-2", "-1", "0", "1", NA
    ), c("C", "T", NA)), .Names = c("", "")), class = "table"), 
    All.Tags = list(Concordant = list(Freqs = structure(c(0, 
    0, 1, 0, 0, 1, 504, 1), .Dim = c(4L, 2L), .Dimnames = list(
        c("-2", "-1", "0", "1"), c("C", "T"))), N = 507), Majority = list(
        Freqs = structure(c(0, 0, 1, 0, 0, 3, 541, 1), .Dim = c(4L, 
        2L), .Dimnames = list(c("-2", "-1", "0", "1"), c("C", 
        "T"))), N = 546)), `2` = structure(c(0, 0, 0, 0, 0, 2, 
    421, 0), .Dim = c(4L, 2L), .Dimnames = list(c("-2", "-1", 
    "0", "1"), c("C", "T"))))))
