Results <-
list(`bwa.out//20220204//BlindCMMRD90_S49.sam` = list(LR44_SNP1 = list(
    All = list(Freqs = structure(c(14L, 383L, 5667L, 77L, 1L, 
    23L, 0L, 1L, 11L, 1L, 0L, 0L, 0L, 6L, 134L, 1L, 0L, 0L), .Dim = c(6L, 
    3L), .Dimnames = structure(list(c("-2", "-1", "0", "1", "2", 
    NA), c("C", "T", NA)), .Names = c("", "")), class = "table"), 
        N = 6319L), Tag.Distribution = structure(c(`1` = 139L, 
    `2` = 90L, `3` = 66L, `4` = 71L, `5` = 52L, `6` = 49L, `7` = 45L, 
    `8` = 27L, `9` = 38L, `10` = 41L, `11` = 25L, `12` = 25L, 
    `13` = 20L, `14` = 19L, `15` = 10L, `16` = 7L, `17` = 11L, 
    `18` = 7L, `19` = 12L, `20` = 9L, `21` = 16L, `22` = 12L, 
    `23` = 9L, `24` = 4L, `25` = 4L, `26` = 1L, `27` = 3L, `28` = 3L, 
    `29` = 1L, `30` = 1L, `31` = 4L, `32` = 1L, `36` = 1L, `38` = 1L
    ), .Dim = 34L, .Dimnames = list(TagUsage = c("1", "2", "3", 
    "4", "5", "6", "7", "8", "9", "10", "11", "12", "13", "14", 
    "15", "16", "17", "18", "19", "20", "21", "22", "23", "24", 
    "25", "26", "27", "28", "29", "30", "31", "32", "36", "38"
    )), class = "table"), No.Tag = structure(c(1L, 7L, 102L, 
    0L, 0L, 2L, 0L, 0L, 0L, 0L, 0L, 0L, 0L, 0L, 2L, 0L, 0L, 0L
    ), .Dim = c(6L, 3L), .Dimnames = structure(list(c("-2", "-1", 
    "0", "1", "2", NA), c("C", "T", NA)), .Names = c("", "")), class = "table"), 
    All.Tags = list(Concordant = list(Freqs = structure(c(0, 
    9, 518, 2, 0, 0, 0, 2, 1, 0), .Dim = c(5L, 2L), .Dimnames = list(
        c("-2", "-1", "0", "1", "2"), c("C", "T"))), N = 532), 
        Majority = list(Freqs = structure(c(0, 12, 775, 2, 0, 
        0, 0, 3, 1, 0), .Dim = c(5L, 2L), .Dimnames = list(c("-2", 
        "-1", "0", "1", "2"), c("C", "T"))), N = 793)), `2` = structure(c(0, 
    6, 658, 0, 0, 0, 0, 1, 0, 0), .Dim = c(5L, 2L), .Dimnames = list(
        c("-2", "-1", "0", "1", "2"), c("C", "T"))))))
