Results <-
list(`bwa.out//20220204//Control12_S5.sam` = list(LR44_SNP1 = list(
    All = list(Freqs = structure(c(5L, 227L, 2995L, 34L, 20L, 
    0L, 0L, 2L, 0L, 0L, 0L, 1L, 48L, 2L, 0L), .Dim = c(5L, 3L
    ), .Dimnames = structure(list(c("-2", "-1", "0", "1", NA), 
        c("C", "T", NA)), .Names = c("", "")), class = "table"), 
        N = 3334L), Tag.Distribution = structure(c(`1` = 131L, 
    `2` = 55L, `3` = 65L, `4` = 43L, `5` = 36L, `6` = 29L, `7` = 28L, 
    `8` = 33L, `9` = 20L, `10` = 15L, `11` = 19L, `12` = 15L, 
    `13` = 11L, `14` = 8L, `15` = 5L, `16` = 12L, `17` = 4L, 
    `18` = 4L, `19` = 2L, `20` = 6L, `21` = 3L, `22` = 3L, `23` = 2L, 
    `24` = 2L, `30` = 1L, `34` = 1L, `37` = 1L), .Dim = 27L, .Dimnames = list(
        TagUsage = c("1", "2", "3", "4", "5", "6", "7", "8", 
        "9", "10", "11", "12", "13", "14", "15", "16", "17", 
        "18", "19", "20", "21", "22", "23", "24", "30", "34", 
        "37")), class = "table"), No.Tag = structure(c(0L, 1L, 
    44L, 0L, 2L, 0L, 0L, 0L, 0L, 0L, 0L, 0L, 2L, 0L, 0L), .Dim = c(5L, 
    3L), .Dimnames = structure(list(c("-2", "-1", "0", "1", NA
    ), c("C", "T", NA)), .Names = c("", "")), class = "table"), 
    All.Tags = list(Concordant = list(Freqs = structure(c(0, 
    19, 385, 0, 0, 0, 2, 0), .Dim = c(4L, 2L), .Dimnames = list(
        c("-2", "-1", "0", "1"), c("C", "T"))), N = 406), Majority = list(
        Freqs = structure(c(0, 24, 516, 1, 0, 0, 2, 0), .Dim = c(4L, 
        2L), .Dimnames = list(c("-2", "-1", "0", "1"), c("C", 
        "T"))), N = 543)), `2` = structure(c(0, 8, 407, 1, 0, 
    0, 0, 0), .Dim = c(4L, 2L), .Dimnames = list(c("-2", "-1", 
    "0", "1"), c("C", "T"))))))
