Results <-
list(`bwa.out//20220204//BlindCMMRD118_S44.sam` = list(LR44_SNP1 = list(
    All = list(Freqs = structure(c(0L, 7L, 115L, 2123L, 17L, 
    1L, 18L, 1L, 9L, 156L, 2127L, 29L, 1L, 6L, 0L, 0L, 5L, 40L, 
    0L, 0L, 0L), .Dim = c(7L, 3L), .Dimnames = structure(list(
        c("-3", "-2", "-1", "0", "1", "2", NA), c("C", "T", NA
        )), .Names = c("", "")), class = "table"), N = 4655L), 
    Tag.Distribution = structure(c(`1` = 238L, `2` = 205L, `3` = 154L, 
    `4` = 156L, `5` = 103L, `6` = 95L, `7` = 66L, `8` = 48L, 
    `9` = 26L, `10` = 21L, `11` = 16L, `12` = 6L, `13` = 3L, 
    `14` = 3L, `15` = 3L, `16` = 3L, `19` = 1L, `22` = 1L), .Dim = 18L, .Dimnames = list(
        TagUsage = c("1", "2", "3", "4", "5", "6", "7", "8", 
        "9", "10", "11", "12", "13", "14", "15", "16", "19", 
        "22")), class = "table"), No.Tag = structure(c(0L, 1L, 
    0L, 42L, 0L, 0L, 0L, 0L, 0L, 2L, 33L, 2L, 0L, 0L, 0L, 0L, 
    0L, 3L, 0L, 0L, 0L), .Dim = c(7L, 3L), .Dimnames = structure(list(
        c("-3", "-2", "-1", "0", "1", "2", NA), c("C", "T", NA
        )), .Names = c("", "")), class = "table"), All.Tags = list(
        Concordant = list(Freqs = structure(c(0, 0, 2, 401, 1, 
        0, 0, 1, 9, 393, 3, 1), .Dim = c(6L, 2L), .Dimnames = list(
            c("-3", "-2", "-1", "0", "1", "2"), c("C", "T"))), 
            N = 811), Majority = list(Freqs = structure(c(0, 
        0, 4, 531, 1, 0, 0, 1, 10, 541, 3, 1), .Dim = c(6L, 2L
        ), .Dimnames = list(c("-3", "-2", "-1", "0", "1", "2"
        ), c("C", "T"))), N = 1092)), `2` = structure(c(0, 0, 
    2, 422, 0, 0, 0, 0, 3, 433, 0, 0), .Dim = c(6L, 2L), .Dimnames = list(
        c("-3", "-2", "-1", "0", "1", "2"), c("C", "T"))))))
