Results <-
list(`bwa.out//20220204//Control30_S23.sam` = list(GM29_SNP1 = list(
    All = list(Freqs = structure(c(0L, 29L, 1730L, 3L, 4L, 0L, 
    0L, 1L, 0L, 0L, 1L, 18L, 1598L, 2L, 6L, 0L, 1L, 18L, 0L, 
    0L), .Dim = 5:4, .Dimnames = structure(list(c("-2", "-1", 
    "0", "1", NA), c("A", "C", "G", NA)), .Names = c("", "")), class = "table"), 
        N = 3411L), Tag.Distribution = structure(c(`1` = 105L, 
    `2` = 47L, `3` = 44L, `4` = 39L, `5` = 24L, `6` = 37L, `7` = 24L, 
    `8` = 24L, `9` = 16L, `10` = 17L, `11` = 11L, `12` = 10L, 
    `13` = 9L, `14` = 10L, `15` = 4L, `16` = 6L, `17` = 2L, `18` = 9L, 
    `19` = 4L, `20` = 3L, `21` = 2L, `22` = 3L, `23` = 2L, `24` = 3L, 
    `25` = 2L, `26` = 1L, `27` = 2L, `28` = 4L, `29` = 2L, `30` = 1L, 
    `31` = 2L, `33` = 1L, `34` = 3L, `48` = 1L), .Dim = 34L, .Dimnames = list(
        TagUsage = c("1", "2", "3", "4", "5", "6", "7", "8", 
        "9", "10", "11", "12", "13", "14", "15", "16", "17", 
        "18", "19", "20", "21", "22", "23", "24", "25", "26", 
        "27", "28", "29", "30", "31", "33", "34", "48")), class = "table"), 
    No.Tag = structure(c(0L, 4L, 81L, 0L, 1L, 0L, 0L, 0L, 0L, 
    0L, 0L, 0L, 32L, 0L, 0L, 0L, 0L, 3L, 0L, 0L), .Dim = 5:4, .Dimnames = structure(list(
        c("-2", "-1", "0", "1", NA), c("A", "C", "G", NA)), .Names = c("", 
    "")), class = "table"), All.Tags = list(Concordant = list(
        Freqs = structure(c(0, 2, 187, 0, 0, 0, 0, 0, 0, 1, 196, 
        0), .Dim = 4:3, .Dimnames = list(c("-2", "-1", "0", "1"
        ), c("A", "C", "G"))), N = 386), Majority = list(Freqs = structure(c(0, 
    2, 223, 0, 0, 0, 0, 0, 0, 1, 232, 0), .Dim = 4:3, .Dimnames = list(
        c("-2", "-1", "0", "1"), c("A", "C", "G"))), N = 458)), 
    `2` = structure(c(0, 0, 174, 0, 0, 0, 0, 0, 0, 0, 184, 0), .Dim = 4:3, .Dimnames = list(
        c("-2", "-1", "0", "1"), c("A", "C", "G"))))))
