Results <-
list(`bwa.out//20220204//BlindCMMRD60_S19.sam` = list(GM22_SNP1 = list(
    All = list(Freqs = structure(c(1L, 31L, 2344L, 2L, 1L, 7L, 
    0L, 35L, 2314L, 24L, 0L, 3L, 0L, 1L, 51L, 0L, 0L, 0L), .Dim = c(6L, 
    3L), .Dimnames = structure(list(c("-2", "-1", "0", "1", "2", 
    NA), c("A", "G", NA)), .Names = c("", "")), class = "table"), 
        N = 4814L), Tag.Distribution = structure(c(`1` = 112L, 
    `2` = 42L, `3` = 43L, `4` = 42L, `5` = 36L, `6` = 32L, `7` = 22L, 
    `8` = 25L, `9` = 26L, `10` = 16L, `11` = 16L, `12` = 12L, 
    `13` = 18L, `14` = 18L, `15` = 8L, `16` = 8L, `17` = 8L, 
    `18` = 3L, `19` = 9L, `20` = 7L, `21` = 11L, `22` = 9L, `23` = 11L, 
    `24` = 2L, `25` = 8L, `26` = 3L, `27` = 4L, `28` = 2L, `29` = 1L, 
    `30` = 3L, `31` = 1L, `32` = 1L, `34` = 1L, `38` = 1L, `39` = 1L, 
    `40` = 2L), .Dim = 36L, .Dimnames = list(TagUsage = c("1", 
    "2", "3", "4", "5", "6", "7", "8", "9", "10", "11", "12", 
    "13", "14", "15", "16", "17", "18", "19", "20", "21", "22", 
    "23", "24", "25", "26", "27", "28", "29", "30", "31", "32", 
    "34", "38", "39", "40")), class = "table"), No.Tag = structure(c(0L, 
    1L, 62L, 0L, 0L, 1L, 0L, 0L, 36L, 0L, 0L, 0L, 0L, 0L, 1L, 
    0L, 0L, 0L), .Dim = c(6L, 3L), .Dimnames = structure(list(
        c("-2", "-1", "0", "1", "2", NA), c("A", "G", NA)), .Names = c("", 
    "")), class = "table"), All.Tags = list(Concordant = list(
        Freqs = structure(c(0, 1, 241, 0, 0, 0, 1, 226, 0, 0), .Dim = c(5L, 
        2L), .Dimnames = list(c("-2", "-1", "0", "1", "2"), c("A", 
        "G"))), N = 469), Majority = list(Freqs = structure(c(0, 
    1, 277, 0, 0, 0, 1, 277, 1, 0), .Dim = c(5L, 2L), .Dimnames = list(
        c("-2", "-1", "0", "1", "2"), c("A", "G"))), N = 557)), 
    `2` = structure(c(0, 0, 216, 0, 0, 0, 0, 234, 1, 0), .Dim = c(5L, 
    2L), .Dimnames = list(c("-2", "-1", "0", "1", "2"), c("A", 
    "G"))))))
