Results <-
list(`bwa.out//20220204//BlindCMMRD131_S57.sam` = list(LR36_SNP1 = list(
    All = list(Freqs = structure(c(1L, 2L, 17L, 1111L, 10L, 6L, 
    1L, 0L, 14L, 1148L, 6L, 4L, 0L, 0L, 2L, 27L, 0L, 0L), .Dim = c(6L, 
    3L), .Dimnames = structure(list(c("-3", "-2", "-1", "0", 
    "1", NA), c("A", "T", NA)), .Names = c("", "")), class = "table"), 
        N = 2349L), Tag.Distribution = structure(c(`1` = 82L, 
    `2` = 68L, `3` = 65L, `4` = 65L, `5` = 54L, `6` = 33L, `7` = 32L, 
    `8` = 21L, `9` = 12L, `10` = 18L, `11` = 10L, `12` = 9L, 
    `13` = 8L, `14` = 4L, `15` = 1L, `16` = 2L, `17` = 1L, `21` = 1L
    ), .Dim = 18L, .Dimnames = list(TagUsage = c("1", "2", "3", 
    "4", "5", "6", "7", "8", "9", "10", "11", "12", "13", "14", 
    "15", "16", "17", "21")), class = "table"), No.Tag = structure(c(0L, 
    0L, 0L, 27L, 0L, 0L, 0L, 0L, 0L, 35L, 0L, 0L, 0L, 0L, 0L, 
    3L, 0L, 0L), .Dim = c(6L, 3L), .Dimnames = structure(list(
        c("-3", "-2", "-1", "0", "1", NA), c("A", "T", NA)), .Names = c("", 
    "")), class = "table"), All.Tags = list(Concordant = list(
        Freqs = structure(c(0, 0, 0, 195, 0, 1, 0, 0, 224, 2), .Dim = c(5L, 
        2L), .Dimnames = list(c("-3", "-2", "-1", "0", "1"), 
            c("A", "T"))), N = 422), Majority = list(Freqs = structure(c(0, 
    0, 0, 228, 0, 1, 0, 1, 248, 2), .Dim = c(5L, 2L), .Dimnames = list(
        c("-3", "-2", "-1", "0", "1"), c("A", "T"))), N = 480)), 
    `2` = structure(c(0, 0, 0, 195, 0, 0, 0, 1, 205, 0), .Dim = c(5L, 
    2L), .Dimnames = list(c("-3", "-2", "-1", "0", "1"), c("A", 
    "T"))))))
