Results <-
list(`bwa.out//20220204//MLPA80_S12.sam` = list(IM49_SNP1 = list(
    All = list(Freqs = structure(c(0L, 35L, 960L, 23L, 0L, 7L, 
    0L, 22L, 838L, 20L, 2L, 3L, 1L, 3L, 100L, 1L, 0L, 0L), .Dim = c(6L, 
    3L), .Dimnames = structure(list(c("-2", "-1", "0", "1", "2", 
    NA), c("C", "G", NA)), .Names = c("", "")), class = "table"), 
        N = 2015L), Tag.Distribution = structure(c(`1` = 157L, 
    `2` = 69L, `3` = 50L, `4` = 41L, `5` = 31L, `6` = 28L, `7` = 24L, 
    `8` = 17L, `9` = 8L, `10` = 14L, `11` = 9L, `12` = 3L, `13` = 7L, 
    `14` = 4L, `15` = 1L, `16` = 1L, `17` = 3L, `18` = 1L, `19` = 2L, 
    `22` = 2L, `24` = 1L, `30` = 1L), .Dim = 22L, .Dimnames = list(
        TagUsage = c("1", "2", "3", "4", "5", "6", "7", "8", 
        "9", "10", "11", "12", "13", "14", "15", "16", "17", 
        "18", "19", "22", "24", "30")), class = "table"), No.Tag = structure(c(0L, 
    0L, 29L, 0L, 0L, 0L, 0L, 1L, 14L, 0L, 0L, 0L, 0L, 0L, 5L, 
    0L, 0L, 0L), .Dim = c(6L, 3L), .Dimnames = structure(list(
        c("-2", "-1", "0", "1", "2", NA), c("C", "G", NA)), .Names = c("", 
    "")), class = "table"), All.Tags = list(Concordant = list(
        Freqs = structure(c(0, 1, 193, 5, 0, 0, 3, 171, 2, 0), .Dim = c(5L, 
        2L), .Dimnames = list(c("-2", "-1", "0", "1", "2"), c("C", 
        "G"))), N = 375), Majority = list(Freqs = structure(c(0, 
    2, 228, 5, 0, 0, 3, 196, 3, 0), .Dim = c(5L, 2L), .Dimnames = list(
        c("-2", "-1", "0", "1", "2"), c("C", "G"))), N = 437)), 
    `2` = structure(c(0, 2, 163, 1, 0, 0, 0, 140, 1, 0), .Dim = c(5L, 
    2L), .Dimnames = list(c("-2", "-1", "0", "1", "2"), c("C", 
    "G"))))))
