Results <-
list(`bwa.out//20220204//BlindCMMRD94_S53.sam` = list(GM09_SNP1 = list(
    All = list(Freqs = structure(c(0L, 5L, 0L, 0L, 24L, 5295L, 
    4L, 2L, 0L, 35L, 0L, 0L), .Dim = 4:3, .Dimnames = structure(list(
        c("-1", "0", "1", NA), c("A", "G", NA)), .Names = c("", 
    "")), class = "table"), N = 5365L), Tag.Distribution = structure(c(`1` = 145L, 
    `2` = 57L, `3` = 68L, `4` = 63L, `5` = 55L, `6` = 45L, `7` = 39L, 
    `8` = 35L, `9` = 28L, `10` = 20L, `11` = 26L, `12` = 18L, 
    `13` = 17L, `14` = 14L, `15` = 15L, `16` = 7L, `17` = 12L, 
    `18` = 11L, `19` = 7L, `20` = 10L, `21` = 6L, `22` = 2L, 
    `23` = 4L, `24` = 7L, `25` = 4L, `27` = 5L, `28` = 2L, `29` = 2L, 
    `30` = 1L, `31` = 1L, `34` = 1L, `36` = 2L, `37` = 1L, `40` = 1L
    ), .Dim = 34L, .Dimnames = list(TagUsage = c("1", "2", "3", 
    "4", "5", "6", "7", "8", "9", "10", "11", "12", "13", "14", 
    "15", "16", "17", "18", "19", "20", "21", "22", "23", "24", 
    "25", "27", "28", "29", "30", "31", "34", "36", "37", "40"
    )), class = "table"), No.Tag = structure(c(0L, 0L, 0L, 0L, 
    0L, 82L, 0L, 0L, 0L, 4L, 0L, 0L), .Dim = 4:3, .Dimnames = structure(list(
        c("-1", "0", "1", NA), c("A", "G", NA)), .Names = c("", 
    "")), class = "table"), All.Tags = list(Concordant = list(
        Freqs = structure(c(0, 4, 0, 1, 700, 0), .Dim = 3:2, .Dimnames = list(
            c("-1", "0", "1"), c("A", "G"))), N = 705), Majority = list(
        Freqs = structure(c(0, 4, 0, 2, 719, 0), .Dim = 3:2, .Dimnames = list(
            c("-1", "0", "1"), c("A", "G"))), N = 725)), `2` = structure(c(0, 
    0, 0, 1, 585, 0), .Dim = 3:2, .Dimnames = list(c("-1", "0", 
    "1"), c("A", "G"))))))
