Results <-
list(`bwa.out//20220204//MLPA03_S10.sam` = list(LR46_SNP1 = list(
    All = list(Freqs = structure(c(0L, 7L, 2081L, 8L, 7L, 1L, 
    8L, 2079L, 4L, 0L, 0L, 0L, 28L, 0L, 0L), .Dim = c(5L, 3L), .Dimnames = structure(list(
        c("-2", "-1", "0", "1", NA), c("G", "T", NA)), .Names = c("", 
    "")), class = "table"), N = 4223L), Tag.Distribution = structure(c(`1` = 144L, 
    `2` = 35L, `3` = 35L, `4` = 24L, `5` = 17L, `6` = 21L, `7` = 12L, 
    `8` = 11L, `9` = 14L, `10` = 9L, `11` = 14L, `12` = 8L, `13` = 13L, 
    `14` = 6L, `15` = 6L, `16` = 10L, `17` = 6L, `18` = 15L, 
    `19` = 8L, `20` = 4L, `21` = 7L, `22` = 6L, `23` = 3L, `24` = 5L, 
    `25` = 4L, `26` = 1L, `27` = 1L, `28` = 2L, `29` = 4L, `30` = 1L, 
    `31` = 1L, `33` = 1L, `34` = 1L, `35` = 2L, `36` = 2L, `37` = 1L, 
    `38` = 3L, `39` = 1L, `40` = 1L, `41` = 1L, `42` = 2L, `44` = 1L, 
    `46` = 1L, `53` = 1L, `55` = 1L, `78` = 1L), .Dim = 46L, .Dimnames = list(
        TagUsage = c("1", "2", "3", "4", "5", "6", "7", "8", 
        "9", "10", "11", "12", "13", "14", "15", "16", "17", 
        "18", "19", "20", "21", "22", "23", "24", "25", "26", 
        "27", "28", "29", "30", "31", "33", "34", "35", "36", 
        "37", "38", "39", "40", "41", "42", "44", "46", "53", 
        "55", "78")), class = "table"), No.Tag = structure(c(0L, 
    1L, 91L, 0L, 1L, 0L, 0L, 59L, 1L, 0L, 0L, 0L, 5L, 0L, 0L), .Dim = c(5L, 
    3L), .Dimnames = structure(list(c("-2", "-1", "0", "1", NA
    ), c("G", "T", NA)), .Names = c("", "")), class = "table"), 
    All.Tags = list(Concordant = list(Freqs = structure(c(0, 
    0, 207, 1, 0, 0, 217, 0), .Dim = c(4L, 2L), .Dimnames = list(
        c("-2", "-1", "0", "1"), c("G", "T"))), N = 425), Majority = list(
        Freqs = structure(c(0, 0, 218, 1, 0, 0, 237, 0), .Dim = c(4L, 
        2L), .Dimnames = list(c("-2", "-1", "0", "1"), c("G", 
        "T"))), N = 456)), `2` = structure(c(0, 0, 152, 0, 0, 
    0, 166, 0), .Dim = c(4L, 2L), .Dimnames = list(c("-2", "-1", 
    "0", "1"), c("G", "T"))))))
