Results <-
list(`bwa.out//20220204//BlindCMMRD97_S56.sam` = list(LR48_SNP1 = list(
    All = list(Freqs = structure(c(1L, 2L, 90L, 4661L, 74L, 1L, 
    20L, 0L, 0L, 0L, 2L, 0L, 0L, 0L, 0L, 0L, 2L, 80L, 0L, 0L, 
    0L), .Dim = c(7L, 3L), .Dimnames = structure(list(c("-3", 
    "-2", "-1", "0", "1", "2", NA), c("C", "T", NA)), .Names = c("", 
    "")), class = "table"), N = 4933L), Tag.Distribution = structure(c(`1` = 63L, 
    `2` = 35L, `3` = 26L, `4` = 22L, `5` = 22L, `6` = 29L, `7` = 22L, 
    `8` = 14L, `9` = 23L, `10` = 19L, `11` = 21L, `12` = 11L, 
    `13` = 6L, `14` = 12L, `15` = 9L, `16` = 5L, `17` = 6L, `18` = 6L, 
    `19` = 7L, `20` = 7L, `21` = 5L, `22` = 3L, `23` = 4L, `24` = 4L, 
    `25` = 2L, `26` = 3L, `27` = 3L, `28` = 2L, `29` = 10L, `30` = 3L, 
    `31` = 3L, `32` = 4L, `33` = 2L, `34` = 2L, `35` = 3L, `36` = 5L, 
    `38` = 1L, `39` = 2L, `40` = 2L, `41` = 1L, `43` = 2L, `44` = 1L, 
    `46` = 1L, `47` = 1L, `50` = 1L, `54` = 1L, `57` = 1L), .Dim = 47L, .Dimnames = list(
        TagUsage = c("1", "2", "3", "4", "5", "6", "7", "8", 
        "9", "10", "11", "12", "13", "14", "15", "16", "17", 
        "18", "19", "20", "21", "22", "23", "24", "25", "26", 
        "27", "28", "29", "30", "31", "32", "33", "34", "35", 
        "36", "38", "39", "40", "41", "43", "44", "46", "47", 
        "50", "54", "57")), class = "table"), No.Tag = structure(c(0L, 
    0L, 1L, 110L, 1L, 0L, 0L, 0L, 0L, 0L, 0L, 0L, 0L, 0L, 0L, 
    0L, 0L, 3L, 0L, 0L, 0L), .Dim = c(7L, 3L), .Dimnames = structure(list(
        c("-3", "-2", "-1", "0", "1", "2", NA), c("C", "T", NA
        )), .Names = c("", "")), class = "table"), All.Tags = list(
        Concordant = list(Freqs = structure(c(0, 0, 2, 326, 1, 
        0, 0, 0, 0, 2, 0, 0), .Dim = c(6L, 2L), .Dimnames = list(
            c("-3", "-2", "-1", "0", "1", "2"), c("C", "T"))), 
            N = 331), Majority = list(Freqs = structure(c(0, 
        0, 2, 422, 2, 0, 0, 0, 0, 2, 0, 0), .Dim = c(6L, 2L), .Dimnames = list(
            c("-3", "-2", "-1", "0", "1", "2"), c("C", "T"))), 
            N = 428)), `2` = structure(c(0, 0, 1, 369, 1, 0, 
    0, 0, 0, 0, 0, 0), .Dim = c(6L, 2L), .Dimnames = list(c("-3", 
    "-2", "-1", "0", "1", "2"), c("C", "T"))))))
