Results <-
list(`bwa.out//20220204//Control26_S19.sam` = list(GM01_SNP1 = list(
    All = list(Freqs = structure(c(0L, 0L, 2L, 0L, 0L, 1L, 54L, 
    3678L, 22L, 7L, 0L, 1L, 50L, 1L, 0L), .Dim = c(5L, 3L), .Dimnames = structure(list(
        c("-2", "-1", "0", "1", NA), c("-", "A", NA)), .Names = c("", 
    "")), class = "table"), N = 3816L), Tag.Distribution = structure(c(`1` = 121L, 
    `2` = 73L, `3` = 66L, `4` = 47L, `5` = 32L, `6` = 37L, `7` = 29L, 
    `8` = 24L, `9` = 25L, `10` = 13L, `11` = 19L, `12` = 7L, 
    `13` = 15L, `14` = 13L, `15` = 14L, `16` = 8L, `17` = 4L, 
    `18` = 8L, `19` = 6L, `20` = 8L, `21` = 1L, `22` = 1L, `23` = 4L, 
    `25` = 4L, `26` = 2L, `30` = 1L, `33` = 1L, `35` = 1L, `37` = 2L
    ), .Dim = 29L, .Dimnames = list(TagUsage = c("1", "2", "3", 
    "4", "5", "6", "7", "8", "9", "10", "11", "12", "13", "14", 
    "15", "16", "17", "18", "19", "20", "21", "22", "23", "25", 
    "26", "30", "33", "35", "37")), class = "table"), No.Tag = structure(c(0L, 
    0L, 0L, 0L, 0L, 0L, 1L, 71L, 1L, 0L, 0L, 0L, 4L, 1L, 0L), .Dim = c(5L, 
    3L), .Dimnames = structure(list(c("-2", "-1", "0", "1", NA
    ), c("-", "A", NA)), .Names = c("", "")), class = "table"), 
    All.Tags = list(Concordant = list(Freqs = structure(c(0, 
    0, 0, 0, 0, 2, 516, 1), .Dim = c(4L, 2L), .Dimnames = list(
        c("-2", "-1", "0", "1"), c("-", "A"))), N = 519), Majority = list(
        Freqs = structure(c(0, 0, 0, 0, 0, 2, 572, 1), .Dim = c(4L, 
        2L), .Dimnames = list(c("-2", "-1", "0", "1"), c("-", 
        "A"))), N = 575)), `2` = structure(c(0, 0, 0, 0, 0, 0, 
    461, 1), .Dim = c(4L, 2L), .Dimnames = list(c("-2", "-1", 
    "0", "1"), c("-", "A"))))))
