Results <-
list(`bwa.out//20220204//BlindCMMRD66_S25.sam` = list(LR20_SNP1 = list(
    All = list(Freqs = structure(c(1L, 4L, 2060L, 1L, 3L, 0L, 
    2L, 1850L, 2L, 0L, 0L, 0L, 1L, 0L, 0L, 0L, 0L, 14L, 0L, 0L
    ), .Dim = 5:4, .Dimnames = structure(list(c("-2", "-1", "0", 
    "1", NA), c("A", "G", "T", NA)), .Names = c("", "")), class = "table"), 
        N = 3938L), Tag.Distribution = structure(c(`1` = 140L, 
    `2` = 82L, `3` = 65L, `4` = 49L, `5` = 57L, `6` = 28L, `7` = 32L, 
    `8` = 26L, `9` = 26L, `10` = 23L, `11` = 12L, `12` = 9L, 
    `13` = 14L, `14` = 12L, `15` = 10L, `16` = 7L, `17` = 11L, 
    `18` = 6L, `19` = 5L, `20` = 5L, `21` = 4L, `22` = 3L, `23` = 1L, 
    `25` = 3L, `26` = 3L, `27` = 3L, `28` = 1L, `30` = 1L, `38` = 1L
    ), .Dim = 29L, .Dimnames = list(TagUsage = c("1", "2", "3", 
    "4", "5", "6", "7", "8", "9", "10", "11", "12", "13", "14", 
    "15", "16", "17", "18", "19", "20", "21", "22", "23", "25", 
    "26", "27", "28", "30", "38")), class = "table"), No.Tag = structure(c(0L, 
    0L, 19L, 0L, 1L, 0L, 0L, 27L, 1L, 0L, 0L, 0L, 0L, 0L, 0L, 
    0L, 0L, 1L, 0L, 0L), .Dim = 5:4, .Dimnames = structure(list(
        c("-2", "-1", "0", "1", NA), c("A", "G", "T", NA)), .Names = c("", 
    "")), class = "table"), All.Tags = list(Concordant = list(
        Freqs = structure(c(0, 0, 301, 0, 0, 0, 287, 0, 0, 0, 
        0, 0), .Dim = 4:3, .Dimnames = list(c("-2", "-1", "0", 
        "1"), c("A", "G", "T"))), N = 588), Majority = list(Freqs = structure(c(0, 
    0, 325, 0, 0, 0, 309, 0, 0, 0, 0, 0), .Dim = 4:3, .Dimnames = list(
        c("-2", "-1", "0", "1"), c("A", "G", "T"))), N = 634)), 
    `2` = structure(c(0, 0, 262, 0, 0, 0, 232, 0, 0, 0, 0, 0), .Dim = 4:3, .Dimnames = list(
        c("-2", "-1", "0", "1"), c("A", "G", "T"))))))
