Results <-
list(`bwa.out//20220204//BlindCMMRD89_S48.sam` = list(LR40_SNP1 = list(
    All = list(Freqs = structure(c(0L, 1L, 0L, 0L, 32L, 5122L, 
    9L, 9L, 0L, 22L, 1L, 0L), .Dim = 4:3, .Dimnames = structure(list(
        c("-1", "0", "1", NA), c("A", "C", NA)), .Names = c("", 
    "")), class = "table"), N = 5196L), Tag.Distribution = structure(c(`1` = 123L, 
    `2` = 61L, `3` = 62L, `4` = 54L, `5` = 38L, `6` = 41L, `7` = 36L, 
    `8` = 24L, `9` = 31L, `10` = 16L, `11` = 18L, `12` = 21L, 
    `13` = 19L, `14` = 16L, `15` = 14L, `16` = 8L, `17` = 8L, 
    `18` = 9L, `19` = 6L, `20` = 8L, `21` = 4L, `22` = 5L, `23` = 7L, 
    `24` = 5L, `25` = 3L, `26` = 3L, `27` = 2L, `28` = 2L, `29` = 4L, 
    `30` = 2L, `31` = 1L, `32` = 2L, `33` = 1L, `34` = 1L, `35` = 2L, 
    `38` = 1L, `44` = 1L), .Dim = 37L, .Dimnames = list(TagUsage = c("1", 
    "2", "3", "4", "5", "6", "7", "8", "9", "10", "11", "12", 
    "13", "14", "15", "16", "17", "18", "19", "20", "21", "22", 
    "23", "24", "25", "26", "27", "28", "29", "30", "31", "32", 
    "33", "34", "35", "38", "44")), class = "table"), No.Tag = structure(c(0L, 
    1L, 0L, 0L, 0L, 165L, 1L, 1L, 0L, 3L, 0L, 0L), .Dim = 4:3, .Dimnames = structure(list(
        c("-1", "0", "1", NA), c("A", "C", NA)), .Names = c("", 
    "")), class = "table"), All.Tags = list(Concordant = list(
        Freqs = structure(c(0, 0, 0, 2, 619, 0), .Dim = 3:2, .Dimnames = list(
            c("-1", "0", "1"), c("A", "C"))), N = 621), Majority = list(
        Freqs = structure(c(0, 0, 0, 2, 655, 0), .Dim = 3:2, .Dimnames = list(
            c("-1", "0", "1"), c("A", "C"))), N = 657)), `2` = structure(c(0, 
    0, 0, 0, 535, 0), .Dim = 3:2, .Dimnames = list(c("-1", "0", 
    "1"), c("A", "C"))))))
