Results <-
list(`bwa.out//20220204//Control17_S10.sam` = list(LR40_SNP1 = list(
    All = list(Freqs = structure(c(0L, 1L, 0L, 0L, 39L, 3561L, 
    8L, 9L, 0L, 15L, 1L, 0L), .Dim = 4:3, .Dimnames = structure(list(
        c("-1", "0", "1", NA), c("A", "C", NA)), .Names = c("", 
    "")), class = "table"), N = 3634L), Tag.Distribution = structure(c(`1` = 131L, 
    `2` = 57L, `3` = 46L, `4` = 41L, `5` = 42L, `6` = 28L, `7` = 36L, 
    `8` = 17L, `9` = 20L, `10` = 16L, `11` = 16L, `12` = 12L, 
    `13` = 15L, `14` = 9L, `15` = 7L, `16` = 4L, `17` = 4L, `18` = 6L, 
    `19` = 9L, `20` = 4L, `21` = 2L, `22` = 5L, `23` = 3L, `25` = 3L, 
    `27` = 2L, `28` = 2L, `29` = 1L, `30` = 1L, `32` = 2L, `37` = 1L
    ), .Dim = 30L, .Dimnames = list(TagUsage = c("1", "2", "3", 
    "4", "5", "6", "7", "8", "9", "10", "11", "12", "13", "14", 
    "15", "16", "17", "18", "19", "20", "21", "22", "23", "25", 
    "27", "28", "29", "30", "32", "37")), class = "table"), No.Tag = structure(c(0L, 
    0L, 0L, 0L, 0L, 176L, 0L, 1L, 0L, 1L, 0L, 0L), .Dim = 4:3, .Dimnames = structure(list(
        c("-1", "0", "1", NA), c("A", "C", NA)), .Names = c("", 
    "")), class = "table"), All.Tags = list(Concordant = list(
        Freqs = structure(c(0, 0, 0, 1, 501, 0), .Dim = 3:2, .Dimnames = list(
            c("-1", "0", "1"), c("A", "C"))), N = 502), Majority = list(
        Freqs = structure(c(0, 0, 0, 1, 538, 0), .Dim = 3:2, .Dimnames = list(
            c("-1", "0", "1"), c("A", "C"))), N = 539)), `2` = structure(c(0, 
    0, 0, 0, 409, 0), .Dim = 3:2, .Dimnames = list(c("-1", "0", 
    "1"), c("A", "C"))))))
