Results <-
list(`bwa.out//20220204//BlindCMMRD130_S56.sam` = list(LR10_SNP1 = list(
    All = list(Freqs = structure(c(44L, 2132L, 14L, 3L, 41L, 
    2264L, 9L, 1L, 1L, 20L, 0L, 0L), .Dim = 4:3, .Dimnames = structure(list(
        c("-1", "0", "1", NA), c("C", "T", NA)), .Names = c("", 
    "")), class = "table"), N = 4529L), Tag.Distribution = structure(c(`1` = 189L, 
    `2` = 178L, `3` = 148L, `4` = 111L, `5` = 98L, `6` = 68L, 
    `7` = 52L, `8` = 35L, `9` = 30L, `10` = 29L, `11` = 16L, 
    `12` = 13L, `13` = 10L, `14` = 4L, `15` = 7L, `16` = 4L, 
    `17` = 4L, `18` = 3L, `19` = 1L, `20` = 1L, `23` = 1L), .Dim = 21L, .Dimnames = list(
        TagUsage = c("1", "2", "3", "4", "5", "6", "7", "8", 
        "9", "10", "11", "12", "13", "14", "15", "16", "17", 
        "18", "19", "20", "23")), class = "table"), No.Tag = structure(c(0L, 
    53L, 0L, 0L, 1L, 69L, 0L, 0L, 0L, 0L, 0L, 0L), .Dim = 4:3, .Dimnames = structure(list(
        c("-1", "0", "1", NA), c("C", "T", NA)), .Names = c("", 
    "")), class = "table"), All.Tags = list(Concordant = list(
        Freqs = structure(c(7, 401, 1, 2, 440, 1), .Dim = 3:2, .Dimnames = list(
            c("-1", "0", "1"), c("C", "T"))), N = 852), Majority = list(
        Freqs = structure(c(8, 464, 1, 3, 501, 1), .Dim = 3:2, .Dimnames = list(
            c("-1", "0", "1"), c("C", "T"))), N = 978)), `2` = structure(c(3, 
    377, 1, 2, 408, 1), .Dim = 3:2, .Dimnames = list(c("-1", 
    "0", "1"), c("C", "T"))))))
