Results <-
list(`bwa.out//20220204//BlindCMMRD78_S37.sam` = list(LR17_SNP1 = list(
    All = list(Freqs = structure(c(5L, 131L, 2921L, 38L, 17L, 
    0L, 0L, 134L, 0L, 0L), .Dim = c(5L, 2L), .Dimnames = structure(list(
        c("-2", "-1", "0", "1", NA), c("A", NA)), .Names = c("", 
    "")), class = "table"), N = 3246L), Tag.Distribution = structure(c(`1` = 91L, 
    `2` = 37L, `3` = 31L, `4` = 26L, `5` = 23L, `6` = 20L, `7` = 13L, 
    `8` = 24L, `9` = 23L, `10` = 21L, `11` = 15L, `12` = 12L, 
    `13` = 14L, `14` = 9L, `15` = 4L, `16` = 5L, `17` = 9L, `18` = 10L, 
    `19` = 3L, `20` = 1L, `21` = 2L, `22` = 5L, `23` = 5L, `24` = 6L, 
    `25` = 2L, `26` = 2L, `27` = 2L, `29` = 1L, `31` = 1L, `36` = 1L
    ), .Dim = 30L, .Dimnames = list(TagUsage = c("1", "2", "3", 
    "4", "5", "6", "7", "8", "9", "10", "11", "12", "13", "14", 
    "15", "16", "17", "18", "19", "20", "21", "22", "23", "24", 
    "25", "26", "27", "29", "31", "36")), class = "table"), No.Tag = structure(c(1L, 
    2L, 105L, 1L, 2L, 0L, 0L, 8L, 0L, 0L), .Dim = c(5L, 2L), .Dimnames = structure(list(
        c("-2", "-1", "0", "1", NA), c("A", NA)), .Names = c("", 
    "")), class = "table"), All.Tags = list(Concordant = list(
        Freqs = structure(c(0, 5, 304, 2), .Dim = c(4L, 1L), .Dimnames = list(
            c("-2", "-1", "0", "1"), "A")), N = 311), Majority = list(
        Freqs = structure(c(0, 6, 402, 2), .Dim = c(4L, 1L), .Dimnames = list(
            c("-2", "-1", "0", "1"), "A")), N = 410)), `2` = structure(c(0, 
    3, 324, 0), .Dim = c(4L, 1L), .Dimnames = list(c("-2", "-1", 
    "0", "1"), "A")))))
