Results <-
list(`bwa.out//20220204//BlindCMMRD117_S43.sam` = list(LR48_SNP1 = list(
    All = list(Freqs = structure(c(2L, 47L, 1523L, 16L, 2L, 0L, 
    57L, 1564L, 23L, 7L, 0L, 1L, 25L, 0L, 0L), .Dim = c(5L, 3L
    ), .Dimnames = structure(list(c("-2", "-1", "0", "1", NA), 
        c("C", "T", NA)), .Names = c("", "")), class = "table"), 
        N = 3267L), Tag.Distribution = structure(c(`1` = 98L, 
    `2` = 112L, `3` = 93L, `4` = 84L, `5` = 68L, `6` = 62L, `7` = 42L, 
    `8` = 30L, `9` = 26L, `10` = 25L, `11` = 10L, `12` = 9L, 
    `13` = 8L, `14` = 3L, `15` = 2L, `16` = 2L, `17` = 3L, `18` = 1L, 
    `20` = 1L, `21` = 1L), .Dim = 20L, .Dimnames = list(TagUsage = c("1", 
    "2", "3", "4", "5", "6", "7", "8", "9", "10", "11", "12", 
    "13", "14", "15", "16", "17", "18", "20", "21")), class = "table"), 
    No.Tag = structure(c(0L, 0L, 37L, 1L, 0L, 0L, 0L, 24L, 0L, 
    0L, 0L, 0L, 2L, 0L, 0L), .Dim = c(5L, 3L), .Dimnames = structure(list(
        c("-2", "-1", "0", "1", NA), c("C", "T", NA)), .Names = c("", 
    "")), class = "table"), All.Tags = list(Concordant = list(
        Freqs = structure(c(0, 2, 260, 0, 0, 2, 268, 0), .Dim = c(4L, 
        2L), .Dimnames = list(c("-2", "-1", "0", "1"), c("C", 
        "T"))), N = 532), Majority = list(Freqs = structure(c(0, 
    2, 326, 0, 0, 3, 334, 0), .Dim = c(4L, 2L), .Dimnames = list(
        c("-2", "-1", "0", "1"), c("C", "T"))), N = 665)), `2` = structure(c(0, 
    0, 283, 0, 0, 2, 283, 0), .Dim = c(4L, 2L), .Dimnames = list(
        c("-2", "-1", "0", "1"), c("C", "T"))))))
