Results <-
list(`bwa.out//20220204//BlindCMMRD50_S10.sam` = list(GM11_SNP1 = list(
    All = list(Freqs = structure(c(0L, 23L, 3069L, 9L, 1L, 16L, 
    3019L, 8L, 0L, 1L, 31L, 0L), .Dim = 4:3, .Dimnames = structure(list(
        c("-3", "-1", "0", "1"), c("A", "G", NA)), .Names = c("", 
    "")), class = "table"), N = 6177L), Tag.Distribution = structure(c(`1` = 96L, 
    `2` = 34L, `3` = 20L, `4` = 29L, `5` = 17L, `6` = 13L, `7` = 19L, 
    `8` = 19L, `9` = 15L, `10` = 8L, `11` = 12L, `12` = 10L, 
    `13` = 9L, `14` = 9L, `15` = 9L, `16` = 13L, `17` = 12L, 
    `18` = 5L, `19` = 5L, `20` = 9L, `21` = 7L, `22` = 3L, `23` = 11L, 
    `24` = 1L, `25` = 12L, `26` = 3L, `27` = 4L, `28` = 8L, `29` = 3L, 
    `30` = 6L, `31` = 2L, `32` = 3L, `33` = 7L, `34` = 1L, `37` = 5L, 
    `38` = 3L, `40` = 2L, `41` = 1L, `42` = 1L, `43` = 3L, `45` = 5L, 
    `46` = 3L, `49` = 2L, `51` = 1L, `52` = 1L, `54` = 2L, `55` = 1L, 
    `56` = 1L, `57` = 1L, `64` = 1L, `65` = 1L, `66` = 1L, `67` = 1L, 
    `69` = 1L), .Dim = 54L, .Dimnames = list(TagUsage = c("1", 
    "2", "3", "4", "5", "6", "7", "8", "9", "10", "11", "12", 
    "13", "14", "15", "16", "17", "18", "19", "20", "21", "22", 
    "23", "24", "25", "26", "27", "28", "29", "30", "31", "32", 
    "33", "34", "37", "38", "40", "41", "42", "43", "45", "46", 
    "49", "51", "52", "54", "55", "56", "57", "64", "65", "66", 
    "67", "69")), class = "table"), No.Tag = structure(c(0L, 
    0L, 35L, 0L, 0L, 0L, 1L, 77L, 0L, 0L, 0L, 0L, 2L, 0L, 0L), .Dim = c(5L, 
    3L), .Dimnames = structure(list(c("-3", "-1", "0", "1", NA
    ), c("A", "G", NA)), .Names = c("", "")), class = "table"), 
    All.Tags = list(Concordant = list(Freqs = structure(c(0, 
    0, 212, 0, 0, 0, 192, 0), .Dim = c(4L, 2L), .Dimnames = list(
        c("-3", "-1", "0", "1"), c("A", "G"))), N = 404), Majority = list(
        Freqs = structure(c(0, 0, 242, 0, 0, 0, 223, 0), .Dim = c(4L, 
        2L), .Dimnames = list(c("-3", "-1", "0", "1"), c("A", 
        "G"))), N = 465)), `2` = structure(c(0, 0, 197, 0, 0, 
    0, 176, 0), .Dim = c(4L, 2L), .Dimnames = list(c("-3", "-1", 
    "0", "1"), c("A", "G"))))))
