Results <-
list(`bwa.out//20220204//BlindCMMRD62_S21.sam` = list(GM29_SNP1 = list(
    All = list(Freqs = structure(c(1L, 49L, 2327L, 8L, 3L, 0L, 
    0L, 1L, 0L, 0L, 0L, 41L, 1925L, 7L, 5L, 0L, 0L, 1L, 0L, 0L, 
    0L, 2L, 28L, 1L, 0L), .Dim = c(5L, 5L), .Dimnames = structure(list(
        c("-3", "-1", "0", "1", NA), c("A", "C", "G", "T", NA
        )), .Names = c("", "")), class = "table"), N = 4399L), 
    Tag.Distribution = structure(c(`1` = 79L, `2` = 50L, `3` = 38L, 
    `4` = 49L, `5` = 30L, `6` = 33L, `7` = 33L, `8` = 24L, `9` = 20L, 
    `10` = 19L, `11` = 17L, `12` = 18L, `13` = 12L, `14` = 16L, 
    `15` = 9L, `16` = 7L, `17` = 9L, `18` = 5L, `19` = 7L, `20` = 7L, 
    `21` = 9L, `22` = 3L, `23` = 3L, `24` = 2L, `25` = 3L, `26` = 2L, 
    `27` = 1L, `28` = 2L, `29` = 1L, `30` = 4L, `31` = 2L, `35` = 2L, 
    `36` = 1L, `37` = 3L, `44` = 1L, `54` = 1L), .Dim = 36L, .Dimnames = list(
        TagUsage = c("1", "2", "3", "4", "5", "6", "7", "8", 
        "9", "10", "11", "12", "13", "14", "15", "16", "17", 
        "18", "19", "20", "21", "22", "23", "24", "25", "26", 
        "27", "28", "29", "30", "31", "35", "36", "37", "44", 
        "54")), class = "table"), No.Tag = structure(c(0L, 0L, 
    60L, 0L, 0L, 0L, 0L, 0L, 0L, 0L, 0L, 1L, 51L, 0L, 2L, 0L, 
    0L, 0L, 0L, 0L, 0L, 0L, 1L, 0L, 0L), .Dim = c(5L, 5L), .Dimnames = structure(list(
        c("-3", "-1", "0", "1", NA), c("A", "C", "G", "T", NA
        )), .Names = c("", "")), class = "table"), All.Tags = list(
        Concordant = list(Freqs = structure(c(0, 0, 230, 1, 0, 
        0, 0, 0, 0, 1, 178, 0, 0, 0, 0, 0), .Dim = c(4L, 4L), .Dimnames = list(
            c("-3", "-1", "0", "1"), c("A", "C", "G", "T"))), 
            N = 410), Majority = list(Freqs = structure(c(0, 
        1, 280, 1, 0, 0, 0, 0, 0, 1, 234, 0, 0, 0, 0, 0), .Dim = c(4L, 
        4L), .Dimnames = list(c("-3", "-1", "0", "1"), c("A", 
        "C", "G", "T"))), N = 517)), `2` = structure(c(0, 1, 
    239, 1, 0, 0, 0, 0, 0, 0, 197, 0, 0, 0, 0, 0), .Dim = c(4L, 
    4L), .Dimnames = list(c("-3", "-1", "0", "1"), c("A", "C", 
    "G", "T"))))))
