Results <-
list(`bwa.out//20220204//BlindCMMRD86_S45.sam` = list(GM11_SNP1 = list(
    All = list(Freqs = structure(c(7L, 2533L, 6L, 0L, 3L, 21L, 
    2848L, 25L, 1L, 3L, 0L, 32L, 0L, 0L, 0L), .Dim = c(5L, 3L
    ), .Dimnames = structure(list(c("-1", "0", "1", "2", NA), 
        c("A", "G", NA)), .Names = c("", "")), class = "table"), 
        N = 5479L), Tag.Distribution = structure(c(`1` = 136L, 
    `2` = 102L, `3` = 92L, `4` = 62L, `5` = 64L, `6` = 68L, `7` = 57L, 
    `8` = 38L, `9` = 47L, `10` = 34L, `11` = 30L, `12` = 17L, 
    `13` = 28L, `14` = 16L, `15` = 13L, `16` = 9L, `17` = 4L, 
    `18` = 7L, `19` = 3L, `20` = 5L, `21` = 3L, `22` = 1L, `23` = 4L, 
    `25` = 3L, `26` = 1L, `29` = 3L, `30` = 1L, `33` = 2L, `35` = 1L, 
    `38` = 1L), .Dim = 30L, .Dimnames = list(TagUsage = c("1", 
    "2", "3", "4", "5", "6", "7", "8", "9", "10", "11", "12", 
    "13", "14", "15", "16", "17", "18", "19", "20", "21", "22", 
    "23", "25", "26", "29", "30", "33", "35", "38")), class = "table"), 
    No.Tag = structure(c(0L, 27L, 0L, 0L, 0L, 0L, 45L, 0L, 0L, 
    0L, 0L, 3L, 0L, 0L, 0L), .Dim = c(5L, 3L), .Dimnames = structure(list(
        c("-1", "0", "1", "2", NA), c("A", "G", NA)), .Names = c("", 
    "")), class = "table"), All.Tags = list(Concordant = list(
        Freqs = structure(c(0, 349, 0, 0, 0, 376, 0, 0), .Dim = c(4L, 
        2L), .Dimnames = list(c("-1", "0", "1", "2"), c("A", 
        "G"))), N = 725), Majority = list(Freqs = structure(c(0, 
    410, 0, 0, 0, 430, 1, 0), .Dim = c(4L, 2L), .Dimnames = list(
        c("-1", "0", "1", "2"), c("A", "G"))), N = 841)), `2` = structure(c(0, 
    339, 0, 0, 0, 369, 1, 0), .Dim = c(4L, 2L), .Dimnames = list(
        c("-1", "0", "1", "2"), c("A", "G"))))))
