Results <-
list(`bwa.out//20220204//Control15_S8.sam` = list(GM22_SNP1 = list(
    All = list(Freqs = structure(c(35L, 3358L, 15L, 17L, 0L, 
    3L, 0L, 0L, 2L, 33L, 0L, 0L), .Dim = 4:3, .Dimnames = structure(list(
        c("-1", "0", "1", NA), c("A", "G", NA)), .Names = c("", 
    "")), class = "table"), N = 3463L), Tag.Distribution = structure(c(`1` = 116L, 
    `2` = 50L, `3` = 30L, `4` = 25L, `5` = 23L, `6` = 23L, `7` = 15L, 
    `8` = 18L, `9` = 15L, `10` = 13L, `11` = 9L, `12` = 6L, `13` = 14L, 
    `14` = 14L, `15` = 8L, `16` = 8L, `17` = 5L, `18` = 3L, `19` = 6L, 
    `20` = 2L, `21` = 5L, `22` = 2L, `23` = 5L, `24` = 2L, `25` = 5L, 
    `27` = 4L, `28` = 4L, `29` = 3L, `30` = 3L, `31` = 2L, `32` = 2L, 
    `36` = 2L, `39` = 1L, `40` = 1L, `50` = 1L), .Dim = 35L, .Dimnames = list(
        TagUsage = c("1", "2", "3", "4", "5", "6", "7", "8", 
        "9", "10", "11", "12", "13", "14", "15", "16", "17", 
        "18", "19", "20", "21", "22", "23", "24", "25", "27", 
        "28", "29", "30", "31", "32", "36", "39", "40", "50")), class = "table"), 
    No.Tag = structure(c(2L, 33L, 0L, 2L, 0L, 0L, 0L, 0L, 0L, 
    2L, 0L, 0L), .Dim = 4:3, .Dimnames = structure(list(c("-1", 
    "0", "1", NA), c("A", "G", NA)), .Names = c("", "")), class = "table"), 
    All.Tags = list(Concordant = list(Freqs = structure(c(1, 
    391, 0, 0, 2, 0), .Dim = 3:2, .Dimnames = list(c("-1", "0", 
    "1"), c("A", "G"))), N = 394), Majority = list(Freqs = structure(c(1, 
    433, 0, 0, 2, 0), .Dim = 3:2, .Dimnames = list(c("-1", "0", 
    "1"), c("A", "G"))), N = 436)), `2` = structure(c(0, 329, 
    0, 0, 0, 0), .Dim = 3:2, .Dimnames = list(c("-1", "0", "1"
    ), c("A", "G"))))))
