Results <-
list(`bwa.out//20220204//BlindCMMRD98_S57.sam` = list(LR49_SNP1 = list(
    All = list(Freqs = structure(c(258L, 6358L, 2L, 6L, 0L, 5L, 
    0L, 0L, 2L, 40L, 0L, 0L), .Dim = 4:3, .Dimnames = structure(list(
        c("-1", "0", "1", NA), c("A", "G", NA)), .Names = c("", 
    "")), class = "table"), N = 6671L), Tag.Distribution = structure(c(`1` = 132L, 
    `2` = 67L, `3` = 53L, `4` = 44L, `5` = 41L, `6` = 36L, `7` = 32L, 
    `8` = 32L, `9` = 26L, `10` = 21L, `11` = 31L, `12` = 14L, 
    `13` = 20L, `14` = 18L, `15` = 9L, `16` = 12L, `17` = 13L, 
    `18` = 9L, `19` = 12L, `20` = 5L, `21` = 5L, `22` = 8L, `23` = 8L, 
    `24` = 4L, `25` = 4L, `26` = 4L, `27` = 5L, `28` = 3L, `29` = 1L, 
    `30` = 2L, `31` = 5L, `32` = 3L, `33` = 2L, `34` = 2L, `35` = 1L, 
    `36` = 2L, `37` = 2L, `38` = 2L, `39` = 2L, `40` = 4L, `42` = 2L, 
    `44` = 1L, `45` = 3L, `50` = 1L, `52` = 1L, `70` = 1L, `76` = 1L
    ), .Dim = 47L, .Dimnames = list(TagUsage = c("1", "2", "3", 
    "4", "5", "6", "7", "8", "9", "10", "11", "12", "13", "14", 
    "15", "16", "17", "18", "19", "20", "21", "22", "23", "24", 
    "25", "26", "27", "28", "29", "30", "31", "32", "33", "34", 
    "35", "36", "37", "38", "39", "40", "42", "44", "45", "50", 
    "52", "70", "76")), class = "table"), No.Tag = structure(c(4L, 
    191L, 0L, 1L, 0L, 1L, 0L, 0L, 0L, 5L, 0L, 0L), .Dim = 4:3, .Dimnames = structure(list(
        c("-1", "0", "1", NA), c("A", "G", NA)), .Names = c("", 
    "")), class = "table"), All.Tags = list(Concordant = list(
        Freqs = structure(c(12, 668, 0, 0, 4, 0), .Dim = 3:2, .Dimnames = list(
            c("-1", "0", "1"), c("A", "G"))), N = 684), Majority = list(
        Freqs = structure(c(17, 683, 0, 0, 4, 0), .Dim = 3:2, .Dimnames = list(
            c("-1", "0", "1"), c("A", "G"))), N = 704)), `2` = structure(c(14, 
    559, 0, 0, 0, 0), .Dim = 3:2, .Dimnames = list(c("-1", "0", 
    "1"), c("A", "G"))))))
