Results <-
list(`bwa.out//20220204//BlindCMMRD125_S51.sam` = list(GM14_SNP1 = list(
    All = list(Freqs = structure(c(1L, 40L, 1414L, 14L, 5L, 1L, 
    22L, 1275L, 18L, 1L, 0L, 0L, 24L, 0L, 0L), .Dim = c(5L, 3L
    ), .Dimnames = structure(list(c("-2", "-1", "0", "1", NA), 
        c("C", "T", NA)), .Names = c("", "")), class = "table"), 
        N = 2815L), Tag.Distribution = structure(c(`1` = 165L, 
    `2` = 126L, `3` = 113L, `4` = 70L, `5` = 78L, `6` = 32L, 
    `7` = 37L, `8` = 26L, `9` = 20L, `10` = 13L, `11` = 10L, 
    `12` = 6L, `13` = 3L, `14` = 1L, `15` = 1L, `16` = 1L, `18` = 3L, 
    `19` = 1L, `20` = 1L, `24` = 1L), .Dim = 20L, .Dimnames = list(
        TagUsage = c("1", "2", "3", "4", "5", "6", "7", "8", 
        "9", "10", "11", "12", "13", "14", "15", "16", "18", 
        "19", "20", "24")), class = "table"), No.Tag = structure(c(0L, 
    0L, 14L, 0L, 0L, 0L, 0L, 22L, 0L, 0L, 0L, 0L, 1L, 0L, 0L), .Dim = c(5L, 
    3L), .Dimnames = structure(list(c("-2", "-1", "0", "1", NA
    ), c("C", "T", NA)), .Names = c("", "")), class = "table"), 
    All.Tags = list(Concordant = list(Freqs = structure(c(0, 
    3, 300, 2, 0, 3, 297, 0), .Dim = c(4L, 2L), .Dimnames = list(
        c("-2", "-1", "0", "1"), c("C", "T"))), N = 605), Majority = list(
        Freqs = structure(c(0, 4, 350, 2, 0, 4, 334, 1), .Dim = c(4L, 
        2L), .Dimnames = list(c("-2", "-1", "0", "1"), c("C", 
        "T"))), N = 695)), `2` = structure(c(0, 1, 274, 0, 0, 
    2, 255, 1), .Dim = c(4L, 2L), .Dimnames = list(c("-2", "-1", 
    "0", "1"), c("C", "T"))))))
