Results <-
list(`bwa.out//20220204//BlindCMMRD69_S28.sam` = list(IM49_SNP1 = list(
    All = list(Freqs = structure(c(1L, 108L, 3265L, 54L, 1L, 
    46L, 0L, 0L, 3L, 0L, 0L, 0L, 0L, 3L, 178L, 2L, 0L, 0L), .Dim = c(6L, 
    3L), .Dimnames = structure(list(c("-2", "-1", "0", "1", "2", 
    NA), c("C", "G", NA)), .Names = c("", "")), class = "table"), 
        N = 3661L), Tag.Distribution = structure(c(`1` = 209L, 
    `2` = 72L, `3` = 63L, `4` = 29L, `5` = 53L, `6` = 35L, `7` = 31L, 
    `8` = 28L, `9` = 21L, `10` = 17L, `11` = 12L, `12` = 18L, 
    `13` = 16L, `14` = 13L, `15` = 16L, `16` = 7L, `17` = 3L, 
    `18` = 4L, `19` = 3L, `20` = 3L, `21` = 3L, `22` = 2L, `23` = 1L, 
    `24` = 1L, `25` = 1L, `26` = 1L, `28` = 1L, `29` = 1L, `40` = 1L
    ), .Dim = 29L, .Dimnames = list(TagUsage = c("1", "2", "3", 
    "4", "5", "6", "7", "8", "9", "10", "11", "12", "13", "14", 
    "15", "16", "17", "18", "19", "20", "21", "22", "23", "24", 
    "25", "26", "28", "29", "40")), class = "table"), No.Tag = structure(c(0L, 
    2L, 87L, 2L, 0L, 2L, 0L, 0L, 0L, 0L, 0L, 0L, 0L, 0L, 3L, 
    0L, 0L, 0L), .Dim = c(6L, 3L), .Dimnames = structure(list(
        c("-2", "-1", "0", "1", "2", NA), c("C", "G", NA)), .Names = c("", 
    "")), class = "table"), All.Tags = list(Concordant = list(
        Freqs = structure(c(1, 2, 496, 3, 0, 0, 0, 1, 0, 0), .Dim = c(5L, 
        2L), .Dimnames = list(c("-2", "-1", "0", "1", "2"), c("C", 
        "G"))), N = 503), Majority = list(Freqs = structure(c(1, 
    2, 598, 3, 0, 0, 0, 1, 0, 0), .Dim = c(5L, 2L), .Dimnames = list(
        c("-2", "-1", "0", "1", "2"), c("C", "G"))), N = 605)), 
    `2` = structure(c(0, 1, 443, 2, 0, 0, 0, 0, 0, 0), .Dim = c(5L, 
    2L), .Dimnames = list(c("-2", "-1", "0", "1", "2"), c("C", 
    "G"))))))
