Results <-
list(`bwa.out//20220204//BlindCMMRD49_S9.sam` = list(LR20_SNP1 = list(
    All = list(Freqs = structure(c(0L, 1L, 0L, 0L, 4L, 3300L, 
    4L, 0L, 22L, 2982L, 7L, 2L, 0L, 38L, 0L, 0L), .Dim = c(4L, 
    4L), .Dimnames = structure(list(c("-1", "0", "1", NA), c("-", 
    "A", "G", NA)), .Names = c("", "")), class = "table"), N = 6360L), 
    Tag.Distribution = structure(c(`1` = 106L, `2` = 12L, `3` = 10L, 
    `4` = 12L, `5` = 11L, `6` = 7L, `7` = 6L, `8` = 5L, `9` = 14L, 
    `10` = 7L, `11` = 14L, `12` = 6L, `13` = 9L, `14` = 7L, `15` = 7L, 
    `16` = 5L, `17` = 3L, `18` = 7L, `19` = 5L, `20` = 8L, `21` = 6L, 
    `22` = 3L, `23` = 7L, `24` = 5L, `25` = 3L, `26` = 3L, `27` = 4L, 
    `28` = 1L, `29` = 4L, `30` = 6L, `31` = 4L, `32` = 3L, `33` = 2L, 
    `34` = 2L, `35` = 2L, `36` = 1L, `37` = 1L, `38` = 2L, `39` = 4L, 
    `40` = 1L, `41` = 1L, `42` = 4L, `43` = 6L, `44` = 2L, `45` = 3L, 
    `46` = 2L, `47` = 2L, `50` = 1L, `52` = 1L, `53` = 2L, `55` = 1L, 
    `56` = 4L, `57` = 3L, `59` = 1L, `60` = 1L, `61` = 1L, `62` = 1L, 
    `63` = 1L, `64` = 2L, `65` = 1L, `66` = 1L, `70` = 3L, `71` = 1L, 
    `73` = 1L, `78` = 1L, `83` = 1L, `87` = 1L), .Dim = 67L, .Dimnames = list(
        TagUsage = c("1", "2", "3", "4", "5", "6", "7", "8", 
        "9", "10", "11", "12", "13", "14", "15", "16", "17", 
        "18", "19", "20", "21", "22", "23", "24", "25", "26", 
        "27", "28", "29", "30", "31", "32", "33", "34", "35", 
        "36", "37", "38", "39", "40", "41", "42", "43", "44", 
        "45", "46", "47", "50", "52", "53", "55", "56", "57", 
        "59", "60", "61", "62", "63", "64", "65", "66", "70", 
        "71", "73", "78", "83", "87")), class = "table"), No.Tag = structure(c(0L, 
    0L, 0L, 0L, 0L, 100L, 0L, 0L, 0L, 88L, 0L, 0L, 0L, 4L, 0L, 
    0L), .Dim = c(4L, 4L), .Dimnames = structure(list(c("-1", 
    "0", "1", NA), c("-", "A", "G", NA)), .Names = c("", "")), class = "table"), 
    All.Tags = list(Concordant = list(Freqs = structure(c(0, 
    0, 0, 0, 170, 0, 2, 159, 0), .Dim = c(3L, 3L), .Dimnames = list(
        c("-1", "0", "1"), c("-", "A", "G"))), N = 331), Majority = list(
        Freqs = structure(c(0, 0, 0, 0, 188, 0, 2, 174, 0), .Dim = c(3L, 
        3L), .Dimnames = list(c("-1", "0", "1"), c("-", "A", 
        "G"))), N = 364)), `2` = structure(c(0, 0, 0, 0, 135, 
    0, 2, 129, 0), .Dim = c(3L, 3L), .Dimnames = list(c("-1", 
    "0", "1"), c("-", "A", "G"))))))
