Results <-
list(`bwa.out//20220204//BlindCMMRD55_S14.sam` = list(LR11_SNP1 = list(
    All = list(Freqs = structure(c(2L, 42L, 2289L, 11L, 5L, 1L, 
    47L, 1688L, 16L, 2L, 1L, 3L, 69L, 0L, 0L), .Dim = c(5L, 3L
    ), .Dimnames = structure(list(c("-2", "-1", "0", "1", NA), 
        c("A", "C", NA)), .Names = c("", "")), class = "table"), 
        N = 4176L), Tag.Distribution = structure(c(`1` = 111L, 
    `2` = 49L, `3` = 34L, `4` = 35L, `5` = 37L, `6` = 22L, `7` = 25L, 
    `8` = 27L, `9` = 17L, `10` = 25L, `11` = 17L, `12` = 16L, 
    `13` = 15L, `14` = 22L, `15` = 18L, `16` = 9L, `17` = 7L, 
    `18` = 10L, `19` = 11L, `20` = 5L, `21` = 3L, `22` = 6L, 
    `23` = 5L, `24` = 2L, `25` = 4L, `26` = 1L, `27` = 1L, `28` = 1L, 
    `32` = 1L, `42` = 1L), .Dim = 30L, .Dimnames = list(TagUsage = c("1", 
    "2", "3", "4", "5", "6", "7", "8", "9", "10", "11", "12", 
    "13", "14", "15", "16", "17", "18", "19", "20", "21", "22", 
    "23", "24", "25", "26", "27", "28", "32", "42")), class = "table"), 
    No.Tag = structure(c(0L, 5L, 65L, 0L, 1L, 0L, 0L, 25L, 1L, 
    0L, 0L, 0L, 0L, 0L, 0L), .Dim = c(5L, 3L), .Dimnames = structure(list(
        c("-2", "-1", "0", "1", NA), c("A", "C", NA)), .Names = c("", 
    "")), class = "table"), All.Tags = list(Concordant = list(
        Freqs = structure(c(0, 3, 241, 0, 0, 0, 186, 0), .Dim = c(4L, 
        2L), .Dimnames = list(c("-2", "-1", "0", "1"), c("A", 
        "C"))), N = 430), Majority = list(Freqs = structure(c(0, 
    3, 284, 0, 0, 2, 236, 0), .Dim = c(4L, 2L), .Dimnames = list(
        c("-2", "-1", "0", "1"), c("A", "C"))), N = 525)), `2` = structure(c(0, 
    1, 224, 0, 0, 2, 192, 0), .Dim = c(4L, 2L), .Dimnames = list(
        c("-2", "-1", "0", "1"), c("A", "C"))))))
