Results <-
list(`bwa.out//20220204//Control14_S7.sam` = list(LR48_SNP1 = list(
    All = list(Freqs = structure(c(2L, 46L, 1091L, 20L, 4L, 2L, 
    32L, 1159L, 18L, 3L, 0L, 0L, 25L, 0L, 0L), .Dim = c(5L, 3L
    ), .Dimnames = structure(list(c("-2", "-1", "0", "1", NA), 
        c("C", "T", NA)), .Names = c("", "")), class = "table"), 
        N = 2402L), Tag.Distribution = structure(c(`1` = 59L, 
    `2` = 25L, `3` = 18L, `4` = 18L, `5` = 11L, `6` = 15L, `7` = 19L, 
    `8` = 11L, `9` = 15L, `10` = 6L, `11` = 4L, `12` = 10L, `13` = 7L, 
    `14` = 6L, `15` = 5L, `16` = 3L, `17` = 7L, `18` = 3L, `19` = 7L, 
    `20` = 5L, `22` = 1L, `23` = 1L, `25` = 2L, `26` = 2L, `27` = 2L, 
    `28` = 1L, `29` = 2L, `34` = 2L, `37` = 1L, `39` = 2L, `41` = 2L, 
    `42` = 1L, `44` = 1L, `45` = 1L), .Dim = 34L, .Dimnames = list(
        TagUsage = c("1", "2", "3", "4", "5", "6", "7", "8", 
        "9", "10", "11", "12", "13", "14", "15", "16", "17", 
        "18", "19", "20", "22", "23", "25", "26", "27", "28", 
        "29", "34", "37", "39", "41", "42", "44", "45")), class = "table"), 
    No.Tag = structure(c(0L, 1L, 13L, 0L, 1L, 0L, 1L, 34L, 0L, 
    0L, 0L, 0L, 5L, 0L, 0L), .Dim = c(5L, 3L), .Dimnames = structure(list(
        c("-2", "-1", "0", "1", NA), c("C", "T", NA)), .Names = c("", 
    "")), class = "table"), All.Tags = list(Concordant = list(
        Freqs = structure(c(0, 1, 104, 0, 1, 0, 92, 2), .Dim = c(4L, 
        2L), .Dimnames = list(c("-2", "-1", "0", "1"), c("C", 
        "T"))), N = 200), Majority = list(Freqs = structure(c(0, 
    2, 138, 1, 1, 0, 124, 2), .Dim = c(4L, 2L), .Dimnames = list(
        c("-2", "-1", "0", "1"), c("C", "T"))), N = 268)), `2` = structure(c(0, 
    1, 109, 1, 0, 0, 101, 0), .Dim = c(4L, 2L), .Dimnames = list(
        c("-2", "-1", "0", "1"), c("C", "T"))))))
