Results <-
list(`bwa.out//20220204//Control12_S5.sam` = list(GM11_SNP1 = list(
    All = list(Freqs = structure(c(2L, 12L, 2878L, 8L, 1L, 0L, 
    0L, 1L, 0L, 0L, 0L, 0L, 26L, 0L, 0L), .Dim = c(5L, 3L), .Dimnames = structure(list(
        c("-2", "-1", "0", "1", NA), c("A", "G", NA)), .Names = c("", 
    "")), class = "table"), N = 2928L), Tag.Distribution = structure(c(`1` = 94L, 
    `2` = 53L, `3` = 52L, `4` = 50L, `5` = 38L, `6` = 30L, `7` = 24L, 
    `8` = 14L, `9` = 24L, `10` = 16L, `11` = 10L, `12` = 5L, 
    `13` = 7L, `14` = 14L, `15` = 3L, `16` = 6L, `17` = 4L, `18` = 5L, 
    `19` = 1L, `20` = 5L, `21` = 1L, `22` = 2L, `25` = 5L, `26` = 3L, 
    `27` = 2L, `28` = 1L, `29` = 1L, `30` = 1L), .Dim = 28L, .Dimnames = list(
        TagUsage = c("1", "2", "3", "4", "5", "6", "7", "8", 
        "9", "10", "11", "12", "13", "14", "15", "16", "17", 
        "18", "19", "20", "21", "22", "25", "26", "27", "28", 
        "29", "30")), class = "table"), No.Tag = structure(c(1L, 
    1L, 60L, 0L, 0L, 0L, 0L, 0L, 0L, 0L, 0L, 0L, 0L, 0L, 0L), .Dim = c(5L, 
    3L), .Dimnames = structure(list(c("-2", "-1", "0", "1", NA
    ), c("A", "G", NA)), .Names = c("", "")), class = "table"), 
    All.Tags = list(Concordant = list(Freqs = structure(c(0, 
    1, 449, 0, 0, 0, 1, 0), .Dim = c(4L, 2L), .Dimnames = list(
        c("-2", "-1", "0", "1"), c("A", "G"))), N = 451), Majority = list(
        Freqs = structure(c(0, 1, 466, 0, 0, 0, 1, 0), .Dim = c(4L, 
        2L), .Dimnames = list(c("-2", "-1", "0", "1"), c("A", 
        "G"))), N = 468)), `2` = structure(c(0, 0, 375, 0, 0, 
    0, 0, 0), .Dim = c(4L, 2L), .Dimnames = list(c("-2", "-1", 
    "0", "1"), c("A", "G"))))))
