Results <-
list(`bwa.out//20220204//BlindCMMRD61_S20.sam` = list(LR10_SNP1 = list(
    All = list(Freqs = structure(c(48L, 2165L, 8L, 5L, 26L, 2110L, 
    9L, 1L, 0L, 32L, 0L, 0L), .Dim = 4:3, .Dimnames = structure(list(
        c("-1", "0", "1", NA), c("C", "T", NA)), .Names = c("", 
    "")), class = "table"), N = 4404L), Tag.Distribution = structure(c(`1` = 89L, 
    `2` = 29L, `3` = 28L, `4` = 33L, `5` = 34L, `6` = 24L, `7` = 18L, 
    `8` = 21L, `9` = 16L, `10` = 11L, `11` = 16L, `12` = 20L, 
    `13` = 16L, `14` = 6L, `15` = 12L, `16` = 9L, `17` = 6L, 
    `18` = 11L, `19` = 7L, `20` = 3L, `21` = 7L, `22` = 3L, `23` = 6L, 
    `24` = 8L, `25` = 7L, `26` = 3L, `27` = 3L, `28` = 3L, `29` = 1L, 
    `30` = 4L, `31` = 2L, `34` = 2L, `35` = 1L, `36` = 1L, `39` = 1L, 
    `41` = 1L, `45` = 1L, `48` = 2L, `51` = 1L), .Dim = 39L, .Dimnames = list(
        TagUsage = c("1", "2", "3", "4", "5", "6", "7", "8", 
        "9", "10", "11", "12", "13", "14", "15", "16", "17", 
        "18", "19", "20", "21", "22", "23", "24", "25", "26", 
        "27", "28", "29", "30", "31", "34", "35", "36", "39", 
        "41", "45", "48", "51")), class = "table"), No.Tag = structure(c(1L, 
    26L, 0L, 0L, 0L, 40L, 0L, 0L, 0L, 4L, 0L, 0L), .Dim = 4:3, .Dimnames = structure(list(
        c("-1", "0", "1", NA), c("C", "T", NA)), .Names = c("", 
    "")), class = "table"), All.Tags = list(Concordant = list(
        Freqs = structure(c(2, 175, 0, 1, 200, 1), .Dim = 3:2, .Dimnames = list(
            c("-1", "0", "1"), c("C", "T"))), N = 379), Majority = list(
        Freqs = structure(c(3, 217, 0, 1, 234, 1), .Dim = 3:2, .Dimnames = list(
            c("-1", "0", "1"), c("C", "T"))), N = 456)), `2` = structure(c(2, 
    177, 0, 0, 195, 0), .Dim = 3:2, .Dimnames = list(c("-1", 
    "0", "1"), c("C", "T"))))))
