Results <-
list(`bwa.out//20220204//BlindCMMRD53_S12.sam` = list(LR40_SNP1 = list(
    All = list(Freqs = structure(c(0L, 1L, 2L, 0L, 0L, 1L, 47L, 
    4518L, 14L, 4L, 0L, 0L, 29L, 0L, 0L), .Dim = c(5L, 3L), .Dimnames = structure(list(
        c("-2", "-1", "0", "1", NA), c("A", "C", NA)), .Names = c("", 
    "")), class = "table"), N = 4616L), Tag.Distribution = structure(c(`1` = 124L, 
    `2` = 80L, `3` = 66L, `4` = 61L, `5` = 25L, `6` = 34L, `7` = 37L, 
    `8` = 31L, `9` = 24L, `10` = 19L, `11` = 20L, `12` = 12L, 
    `13` = 16L, `14` = 10L, `15` = 7L, `16` = 5L, `17` = 9L, 
    `18` = 9L, `19` = 6L, `20` = 5L, `21` = 2L, `22` = 10L, `23` = 3L, 
    `24` = 1L, `25` = 4L, `26` = 5L, `27` = 6L, `28` = 2L, `29` = 1L, 
    `30` = 2L, `31` = 1L, `32` = 2L, `33` = 1L, `37` = 1L), .Dim = 34L, .Dimnames = list(
        TagUsage = c("1", "2", "3", "4", "5", "6", "7", "8", 
        "9", "10", "11", "12", "13", "14", "15", "16", "17", 
        "18", "19", "20", "21", "22", "23", "24", "25", "26", 
        "27", "28", "29", "30", "31", "32", "33", "37")), class = "table"), 
    No.Tag = structure(c(0L, 0L, 0L, 0L, 0L, 0L, 4L, 158L, 0L, 
    0L, 0L, 0L, 3L, 0L, 0L), .Dim = c(5L, 3L), .Dimnames = structure(list(
        c("-2", "-1", "0", "1", NA), c("A", "C", NA)), .Names = c("", 
    "")), class = "table"), All.Tags = list(Concordant = list(
        Freqs = structure(c(0, 0, 2, 0, 0, 0, 584, 0), .Dim = c(4L, 
        2L), .Dimnames = list(c("-2", "-1", "0", "1"), c("A", 
        "C"))), N = 586), Majority = list(Freqs = structure(c(0, 
    0, 2, 0, 0, 0, 635, 0), .Dim = c(4L, 2L), .Dimnames = list(
        c("-2", "-1", "0", "1"), c("A", "C"))), N = 637)), `2` = structure(c(0, 
    0, 0, 0, 0, 0, 516, 0), .Dim = c(4L, 2L), .Dimnames = list(
        c("-2", "-1", "0", "1"), c("A", "C"))))))
