Results <-
list(`bwa.out//20220204//BlindCMMRD43_S3.sam` = list(LR17_SNP1 = list(
    All = list(Freqs = structure(c(5L, 60L, 1548L, 30L, 12L, 
    0L, 0L, 1L, 0L, 0L, 0L, 1L, 81L, 0L, 0L), .Dim = c(5L, 3L
    ), .Dimnames = structure(list(c("-2", "-1", "0", "1", NA), 
        c("A", "G", NA)), .Names = c("", "")), class = "table"), 
        N = 1738L), Tag.Distribution = structure(c(`1` = 43L, 
    `2` = 11L, `3` = 9L, `4` = 6L, `5` = 12L, `6` = 6L, `7` = 6L, 
    `8` = 8L, `9` = 12L, `10` = 2L, `11` = 4L, `12` = 5L, `13` = 1L, 
    `14` = 7L, `15` = 6L, `16` = 3L, `17` = 6L, `18` = 6L, `19` = 2L, 
    `20` = 3L, `21` = 1L, `23` = 2L, `28` = 3L, `29` = 2L, `30` = 1L, 
    `32` = 3L, `33` = 1L, `34` = 2L, `38` = 1L, `42` = 1L, `50` = 1L
    ), .Dim = 31L, .Dimnames = list(TagUsage = c("1", "2", "3", 
    "4", "5", "6", "7", "8", "9", "10", "11", "12", "13", "14", 
    "15", "16", "17", "18", "19", "20", "21", "23", "28", "29", 
    "30", "32", "33", "34", "38", "42", "50")), class = "table"), 
    No.Tag = structure(c(0L, 3L, 54L, 3L, 0L, 0L, 0L, 0L, 0L, 
    0L, 0L, 0L, 5L, 0L, 0L), .Dim = c(5L, 3L), .Dimnames = structure(list(
        c("-2", "-1", "0", "1", NA), c("A", "G", NA)), .Names = c("", 
    "")), class = "table"), All.Tags = list(Concordant = list(
        Freqs = structure(c(2, 2, 118, 1, 0, 0, 0, 0), .Dim = c(4L, 
        2L), .Dimnames = list(c("-2", "-1", "0", "1"), c("A", 
        "G"))), N = 123), Majority = list(Freqs = structure(c(2, 
    3, 168, 1, 0, 0, 0, 0), .Dim = c(4L, 2L), .Dimnames = list(
        c("-2", "-1", "0", "1"), c("A", "G"))), N = 174)), `2` = structure(c(0, 
    1, 130, 1, 0, 0, 0, 0), .Dim = c(4L, 2L), .Dimnames = list(
        c("-2", "-1", "0", "1"), c("A", "G"))))))
