Results <-
list(`bwa.out//20220204//BlindCMMRD87_S46.sam` = list(GM11_SNP1 = list(
    All = list(Freqs = structure(c(0L, 7L, 0L, 0L, 0L, 82L, 6176L, 
    24L, 1L, 5L, 0L, 44L, 0L, 0L, 0L), .Dim = c(5L, 3L), .Dimnames = structure(list(
        c("-1", "0", "1", "2", NA), c("A", "G", NA)), .Names = c("", 
    "")), class = "table"), N = 6339L), Tag.Distribution = structure(c(`1` = 93L, 
    `2` = 39L, `3` = 26L, `4` = 28L, `5` = 14L, `6` = 18L, `7` = 21L, 
    `8` = 23L, `9` = 22L, `10` = 19L, `11` = 11L, `12` = 12L, 
    `13` = 10L, `14` = 6L, `15` = 16L, `16` = 7L, `17` = 8L, 
    `18` = 11L, `19` = 7L, `20` = 8L, `21` = 8L, `22` = 8L, `23` = 3L, 
    `24` = 8L, `25` = 3L, `26` = 7L, `27` = 6L, `28` = 4L, `29` = 1L, 
    `30` = 4L, `31` = 2L, `32` = 3L, `34` = 6L, `36` = 1L, `37` = 5L, 
    `38` = 2L, `39` = 2L, `40` = 1L, `41` = 3L, `42` = 1L, `43` = 2L, 
    `44` = 4L, `46` = 3L, `47` = 2L, `48` = 1L, `51` = 2L, `53` = 2L, 
    `54` = 1L, `57` = 1L, `60` = 1L, `63` = 2L, `65` = 2L, `89` = 1L
    ), .Dim = 53L, .Dimnames = list(TagUsage = c("1", "2", "3", 
    "4", "5", "6", "7", "8", "9", "10", "11", "12", "13", "14", 
    "15", "16", "17", "18", "19", "20", "21", "22", "23", "24", 
    "25", "26", "27", "28", "29", "30", "31", "32", "34", "36", 
    "37", "38", "39", "40", "41", "42", "43", "44", "46", "47", 
    "48", "51", "53", "54", "57", "60", "63", "65", "89")), class = "table"), 
    No.Tag = structure(c(0L, 0L, 0L, 0L, 0L, 2L, 121L, 2L, 0L, 
    0L, 0L, 5L, 0L, 0L, 0L), .Dim = c(5L, 3L), .Dimnames = structure(list(
        c("-1", "0", "1", "2", NA), c("A", "G", NA)), .Names = c("", 
    "")), class = "table"), All.Tags = list(Concordant = list(
        Freqs = structure(c(0, 6, 0, 0, 1, 422, 0, 0), .Dim = c(4L, 
        2L), .Dimnames = list(c("-1", "0", "1", "2"), c("A", 
        "G"))), N = 429), Majority = list(Freqs = structure(c(0, 
    6, 0, 0, 2, 486, 0, 0), .Dim = c(4L, 2L), .Dimnames = list(
        c("-1", "0", "1", "2"), c("A", "G"))), N = 494)), `2` = structure(c(0, 
    0, 0, 0, 2, 405, 0, 0), .Dim = c(4L, 2L), .Dimnames = list(
        c("-1", "0", "1", "2"), c("A", "G"))))))
