Results <-
list(`bwa.out//20220204//Control17_S10.sam` = list(DEPDC2_SNP1 = list(
    All = list(Freqs = structure(c(0L, 1L, 0L, 0L, 0L, 23L, 0L, 
    0L, 23L, 3558L, 9L, 9L, 0L, 72L, 0L, 0L), .Dim = c(4L, 4L
    ), .Dimnames = structure(list(c("-1", "0", "1", NA), c("A", 
    "C", "T", NA)), .Names = c("", "")), class = "table"), N = 3695L), 
    Tag.Distribution = structure(c(`1` = 179L, `2` = 79L, `3` = 62L, 
    `4` = 56L, `5` = 41L, `6` = 26L, `7` = 37L, `8` = 26L, `9` = 15L, 
    `10` = 19L, `11` = 18L, `12` = 14L, `13` = 11L, `14` = 7L, 
    `15` = 2L, `16` = 9L, `17` = 11L, `18` = 9L, `19` = 4L, `20` = 6L, 
    `21` = 4L, `22` = 2L, `25` = 2L, `27` = 1L, `28` = 1L, `31` = 1L
    ), .Dim = 26L, .Dimnames = list(TagUsage = c("1", "2", "3", 
    "4", "5", "6", "7", "8", "9", "10", "11", "12", "13", "14", 
    "15", "16", "17", "18", "19", "20", "21", "22", "25", "27", 
    "28", "31")), class = "table"), No.Tag = structure(c(0L, 
    0L, 0L, 0L, 0L, 1L, 0L, 0L, 2L, 180L, 0L, 2L, 0L, 20L, 0L, 
    0L), .Dim = c(4L, 4L), .Dimnames = structure(list(c("-1", 
    "0", "1", NA), c("A", "C", "T", NA)), .Names = c("", "")), class = "table"), 
    All.Tags = list(Concordant = list(Freqs = structure(c(0, 
    1, 0, 0, 3, 0, 0, 612, 2), .Dim = c(3L, 3L), .Dimnames = list(
        c("-1", "0", "1"), c("A", "C", "T"))), N = 618), Majority = list(
        Freqs = structure(c(0, 1, 0, 0, 3, 0, 1, 630, 2), .Dim = c(3L, 
        3L), .Dimnames = list(c("-1", "0", "1"), c("A", "C", 
        "T"))), N = 637)), `2` = structure(c(0, 0, 0, 0, 1, 0, 
    1, 459, 0), .Dim = c(3L, 3L), .Dimnames = list(c("-1", "0", 
    "1"), c("A", "C", "T"))))))
