Results <-
list(`bwa.out//20220204//17D1520_S5.sam` = list(LR36_SNP1 = list(
    All = list(Freqs = structure(c(1L, 0L, 42L, 1550L, 25L, 14L, 
    0L, 1L, 38L, 1561L, 27L, 13L, 0L, 0L, 0L, 115L, 0L, 0L), .Dim = c(6L, 
    3L), .Dimnames = structure(list(c("-3", "-2", "-1", "0", 
    "1", NA), c("A", "T", NA)), .Names = c("", "")), class = "table"), 
        N = 3387L), Tag.Distribution = structure(c(`1` = 112L, 
    `2` = 53L, `3` = 40L, `4` = 26L, `5` = 33L, `6` = 32L, `7` = 21L, 
    `8` = 18L, `9` = 11L, `10` = 12L, `11` = 9L, `12` = 12L, 
    `13` = 11L, `14` = 11L, `15` = 7L, `16` = 7L, `17` = 5L, 
    `18` = 4L, `19` = 3L, `20` = 4L, `21` = 1L, `22` = 2L, `23` = 1L, 
    `24` = 1L, `25` = 6L, `26` = 2L, `27` = 1L, `28` = 1L, `29` = 4L, 
    `30` = 5L, `31` = 2L, `34` = 2L, `36` = 1L, `39` = 1L, `47` = 1L, 
    `51` = 1L), .Dim = 36L, .Dimnames = list(TagUsage = c("1", 
    "2", "3", "4", "5", "6", "7", "8", "9", "10", "11", "12", 
    "13", "14", "15", "16", "17", "18", "19", "20", "21", "22", 
    "23", "24", "25", "26", "27", "28", "29", "30", "31", "34", 
    "36", "39", "47", "51")), class = "table"), No.Tag = structure(c(0L, 
    0L, 1L, 37L, 0L, 0L, 0L, 0L, 1L, 37L, 0L, 2L, 0L, 0L, 0L, 
    11L, 0L, 0L), .Dim = c(6L, 3L), .Dimnames = structure(list(
        c("-3", "-2", "-1", "0", "1", NA), c("A", "T", NA)), .Names = c("", 
    "")), class = "table"), All.Tags = list(Concordant = list(
        Freqs = structure(c(0, 0, 2, 180, 0, 0, 0, 2, 174, 0), .Dim = c(5L, 
        2L), .Dimnames = list(c("-3", "-2", "-1", "0", "1"), 
            c("A", "T"))), N = 358), Majority = list(Freqs = structure(c(0, 
    0, 3, 218, 2, 0, 0, 2, 222, 1), .Dim = c(5L, 2L), .Dimnames = list(
        c("-3", "-2", "-1", "0", "1"), c("A", "T"))), N = 448)), 
    `2` = structure(c(0, 0, 2, 175, 2, 0, 0, 0, 168, 1), .Dim = c(5L, 
    2L), .Dimnames = list(c("-3", "-2", "-1", "0", "1"), c("A", 
    "T"))))))
