Results <-
list(`bwa.out//20220204//MLPA03_S10.sam` = list(LR40_SNP1 = list(
    All = list(Freqs = structure(c(0L, 0L, 1L, 0L, 0L, 1L, 49L, 
    4970L, 13L, 13L, 0L, 0L, 17L, 0L, 0L), .Dim = c(5L, 3L), .Dimnames = structure(list(
        c("-2", "-1", "0", "1", NA), c("A", "C", NA)), .Names = c("", 
    "")), class = "table"), N = 5064L), Tag.Distribution = structure(c(`1` = 117L, 
    `2` = 50L, `3` = 32L, `4` = 32L, `5` = 33L, `6` = 14L, `7` = 27L, 
    `8` = 18L, `9` = 22L, `10` = 17L, `11` = 15L, `12` = 17L, 
    `13` = 12L, `14` = 13L, `15` = 13L, `16` = 9L, `17` = 8L, 
    `18` = 10L, `19` = 6L, `20` = 2L, `21` = 9L, `22` = 9L, `23` = 7L, 
    `24` = 3L, `25` = 4L, `26` = 2L, `27` = 4L, `28` = 3L, `29` = 1L, 
    `30` = 2L, `31` = 1L, `32` = 4L, `34` = 1L, `35` = 3L, `36` = 2L, 
    `37` = 2L, `38` = 4L, `39` = 1L, `40` = 1L, `42` = 1L, `43` = 1L, 
    `45` = 1L, `46` = 1L, `51` = 1L, `52` = 1L), .Dim = 45L, .Dimnames = list(
        TagUsage = c("1", "2", "3", "4", "5", "6", "7", "8", 
        "9", "10", "11", "12", "13", "14", "15", "16", "17", 
        "18", "19", "20", "21", "22", "23", "24", "25", "26", 
        "27", "28", "29", "30", "31", "32", "34", "35", "36", 
        "37", "38", "39", "40", "42", "43", "45", "46", "51", 
        "52")), class = "table"), No.Tag = structure(c(0L, 0L, 
    0L, 0L, 0L, 0L, 1L, 143L, 1L, 1L, 0L, 0L, 4L, 0L, 0L), .Dim = c(5L, 
    3L), .Dimnames = structure(list(c("-2", "-1", "0", "1", NA
    ), c("A", "C", NA)), .Names = c("", "")), class = "table"), 
    All.Tags = list(Concordant = list(Freqs = structure(c(0, 
    0, 0, 0, 0, 1, 485, 0), .Dim = c(4L, 2L), .Dimnames = list(
        c("-2", "-1", "0", "1"), c("A", "C"))), N = 486), Majority = list(
        Freqs = structure(c(0, 0, 0, 0, 0, 1, 532, 0), .Dim = c(4L, 
        2L), .Dimnames = list(c("-2", "-1", "0", "1"), c("A", 
        "C"))), N = 533)), `2` = structure(c(0, 0, 0, 0, 0, 1, 
    416, 0), .Dim = c(4L, 2L), .Dimnames = list(c("-2", "-1", 
    "0", "1"), c("A", "C"))))))
