Results <-
list(`bwa.out//20220204//BlindCMMRD45_S5.sam` = list(GM17_SNP1 = list(
    All = list(Freqs = structure(c(0L, 1L, 3L, 0L, 0L, 1L, 53L, 
    3852L, 9L, 2L, 0L, 1L, 29L, 1L, 0L), .Dim = c(5L, 3L), .Dimnames = structure(list(
        c("-2", "-1", "0", "1", NA), c("C", "T", NA)), .Names = c("", 
    "")), class = "table"), N = 3952L), Tag.Distribution = structure(c(`1` = 68L, 
    `2` = 26L, `3` = 20L, `4` = 12L, `5` = 18L, `6` = 15L, `7` = 15L, 
    `8` = 10L, `9` = 14L, `10` = 8L, `11` = 11L, `12` = 16L, 
    `13` = 10L, `14` = 9L, `15` = 10L, `16` = 5L, `17` = 4L, 
    `18` = 5L, `19` = 3L, `20` = 3L, `21` = 2L, `22` = 6L, `23` = 3L, 
    `24` = 2L, `25` = 3L, `26` = 5L, `27` = 2L, `28` = 2L, `30` = 1L, 
    `31` = 1L, `32` = 1L, `33` = 3L, `34` = 2L, `35` = 1L, `36` = 2L, 
    `37` = 3L, `38` = 1L, `39` = 1L, `40` = 1L, `41` = 1L, `42` = 1L, 
    `43` = 2L, `44` = 1L, `47` = 2L, `48` = 2L, `49` = 2L, `51` = 1L, 
    `52` = 2L, `53` = 1L, `54` = 1L), .Dim = 50L, .Dimnames = list(
        TagUsage = c("1", "2", "3", "4", "5", "6", "7", "8", 
        "9", "10", "11", "12", "13", "14", "15", "16", "17", 
        "18", "19", "20", "21", "22", "23", "24", "25", "26", 
        "27", "28", "30", "31", "32", "33", "34", "35", "36", 
        "37", "38", "39", "40", "41", "42", "43", "44", "47", 
        "48", "49", "51", "52", "53", "54")), class = "table"), 
    No.Tag = structure(c(0L, 0L, 0L, 0L, 0L, 0L, 0L, 112L, 0L, 
    0L, 0L, 0L, 3L, 0L, 0L), .Dim = c(5L, 3L), .Dimnames = structure(list(
        c("-2", "-1", "0", "1", NA), c("C", "T", NA)), .Names = c("", 
    "")), class = "table"), All.Tags = list(Concordant = list(
        Freqs = structure(c(0, 0, 2, 0, 0, 0, 283, 1), .Dim = c(4L, 
        2L), .Dimnames = list(c("-2", "-1", "0", "1"), c("C", 
        "T"))), N = 286), Majority = list(Freqs = structure(c(0, 
    0, 2, 0, 0, 0, 331, 1), .Dim = c(4L, 2L), .Dimnames = list(
        c("-2", "-1", "0", "1"), c("C", "T"))), N = 334)), `2` = structure(c(0, 
    0, 0, 0, 0, 0, 270, 1), .Dim = c(4L, 2L), .Dimnames = list(
        c("-2", "-1", "0", "1"), c("C", "T"))))))
