Results <-
list(`bwa.out//20220204//BlindCMMRD78_S37.sam` = list(LR52_SNP1 = list(
    All = list(Freqs = structure(c(1L, 1L, 18L, 297L, 2450L, 
    12L, 40L, 0L, 0L, 0L, 0L, 5L, 0L, 0L, 0L, 0L, 0L, 16L, 893L, 
    4L, 0L), .Dim = c(7L, 3L), .Dimnames = structure(list(c("-4", 
    "-3", "-2", "-1", "0", "1", NA), c("C", "T", NA)), .Names = c("", 
    "")), class = "table"), N = 3737L), Tag.Distribution = structure(c(`1` = 89L, 
    `2` = 58L, `3` = 37L, `4` = 28L, `5` = 34L, `6` = 35L, `7` = 32L, 
    `8` = 35L, `9` = 15L, `10` = 25L, `11` = 18L, `12` = 11L, 
    `13` = 10L, `14` = 15L, `15` = 13L, `16` = 7L, `17` = 9L, 
    `18` = 6L, `19` = 6L, `20` = 3L, `21` = 4L, `22` = 4L, `23` = 5L, 
    `24` = 2L, `26` = 1L, `27` = 2L, `28` = 1L, `29` = 1L, `32` = 1L, 
    `34` = 1L, `40` = 1L), .Dim = 31L, .Dimnames = list(TagUsage = c("1", 
    "2", "3", "4", "5", "6", "7", "8", "9", "10", "11", "12", 
    "13", "14", "15", "16", "17", "18", "19", "20", "21", "22", 
    "23", "24", "26", "27", "28", "29", "32", "34", "40")), class = "table"), 
    No.Tag = structure(c(0L, 0L, 0L, 4L, 36L, 0L, 0L, 0L, 0L, 
    0L, 0L, 0L, 0L, 0L, 0L, 0L, 0L, 0L, 10L, 0L, 0L), .Dim = c(7L, 
    3L), .Dimnames = structure(list(c("-4", "-3", "-2", "-1", 
    "0", "1", NA), c("C", "T", NA)), .Names = c("", "")), class = "table"), 
    All.Tags = list(Concordant = list(Freqs = structure(c(0, 
    1, 1, 12, 270, 1, 0, 0, 0, 0, 2, 0), .Dim = c(6L, 2L), .Dimnames = list(
        c("-4", "-3", "-2", "-1", "0", "1"), c("C", "T"))), N = 287), 
        Majority = list(Freqs = structure(c(0, 1, 1, 18, 445, 
        1, 0, 0, 0, 0, 2, 0), .Dim = c(6L, 2L), .Dimnames = list(
            c("-4", "-3", "-2", "-1", "0", "1"), c("C", "T"))), 
            N = 468)), `2` = structure(c(0, 0, 0, 9, 397, 1, 
    0, 0, 0, 0, 1, 0), .Dim = c(6L, 2L), .Dimnames = list(c("-4", 
    "-3", "-2", "-1", "0", "1"), c("C", "T"))))))
