Results <-
list(`bwa.out//20220204//Control29_S22.sam` = list(GM14_SNP1 = list(
    All = list(Freqs = structure(c(2L, 41L, 1906L, 18L, 8L, 0L, 
    1L, 21L, 0L, 0L), .Dim = c(5L, 2L), .Dimnames = structure(list(
        c("-3", "-1", "0", "1", NA), c("C", NA)), .Names = c("", 
    "")), class = "table"), N = 1997L), Tag.Distribution = structure(c(`1` = 78L, 
    `2` = 39L, `3` = 33L, `4` = 27L, `5` = 16L, `6` = 17L, `7` = 14L, 
    `8` = 11L, `9` = 17L, `10` = 13L, `11` = 9L, `12` = 6L, `13` = 8L, 
    `14` = 3L, `15` = 4L, `16` = 5L, `17` = 4L, `19` = 3L, `20` = 3L, 
    `21` = 3L, `22` = 1L, `23` = 1L, `24` = 1L, `26` = 2L, `27` = 1L, 
    `29` = 1L, `32` = 1L), .Dim = 27L, .Dimnames = list(TagUsage = c("1", 
    "2", "3", "4", "5", "6", "7", "8", "9", "10", "11", "12", 
    "13", "14", "15", "16", "17", "19", "20", "21", "22", "23", 
    "24", "26", "27", "29", "32")), class = "table"), No.Tag = structure(c(0L, 
    2L, 63L, 1L, 2L, 0L, 0L, 1L, 0L, 0L), .Dim = c(5L, 2L), .Dimnames = structure(list(
        c("-3", "-1", "0", "1", NA), c("C", NA)), .Names = c("", 
    "")), class = "table"), All.Tags = list(Concordant = list(
        Freqs = structure(c(1, 1, 267, 0), .Dim = c(4L, 1L), .Dimnames = list(
            c("-3", "-1", "0", "1"), "C")), N = 269), Majority = list(
        Freqs = structure(c(1, 1, 310, 0), .Dim = c(4L, 1L), .Dimnames = list(
            c("-3", "-1", "0", "1"), "C")), N = 312)), `2` = structure(c(0, 
    0, 240, 0), .Dim = c(4L, 1L), .Dimnames = list(c("-3", "-1", 
    "0", "1"), "C")))))
