Results <-
list(`bwa.out//20220204//17D0939_S6.sam` = list(DEPDC2_SNP1 = list(
    All = list(Freqs = structure(c(1L, 12L, 1781L, 9L, 7L, 0L, 
    0L, 1L, 0L, 0L, 0L, 14L, 2023L, 8L, 7L, 0L, 0L, 70L, 0L, 
    0L), .Dim = 5:4, .Dimnames = structure(list(c("-3", "-1", 
    "0", "1", NA), c("C", "G", "T", NA)), .Names = c("", "")), class = "table"), 
        N = 3933L), Tag.Distribution = structure(c(`1` = 159L, 
    `2` = 72L, `3` = 50L, `4` = 38L, `5` = 30L, `6` = 22L, `7` = 24L, 
    `8` = 21L, `9` = 16L, `10` = 12L, `11` = 21L, `12` = 19L, 
    `13` = 7L, `14` = 8L, `15` = 4L, `16` = 3L, `17` = 5L, `18` = 4L, 
    `19` = 12L, `20` = 1L, `21` = 6L, `22` = 5L, `23` = 3L, `24` = 1L, 
    `25` = 3L, `26` = 4L, `27` = 2L, `28` = 5L, `29` = 1L, `30` = 3L, 
    `31` = 1L, `32` = 2L, `33` = 2L, `35` = 2L, `36` = 2L, `41` = 1L, 
    `44` = 1L), .Dim = 37L, .Dimnames = list(TagUsage = c("1", 
    "2", "3", "4", "5", "6", "7", "8", "9", "10", "11", "12", 
    "13", "14", "15", "16", "17", "18", "19", "20", "21", "22", 
    "23", "24", "25", "26", "27", "28", "29", "30", "31", "32", 
    "33", "35", "36", "41", "44")), class = "table"), No.Tag = structure(c(0L, 
    0L, 31L, 0L, 3L, 0L, 0L, 0L, 0L, 0L, 0L, 0L, 21L, 0L, 1L, 
    0L, 0L, 6L, 0L, 0L), .Dim = 5:4, .Dimnames = structure(list(
        c("-3", "-1", "0", "1", NA), c("C", "G", "T", NA)), .Names = c("", 
    "")), class = "table"), All.Tags = list(Concordant = list(
        Freqs = structure(c(0, 0, 245, 2, 0, 0, 1, 0, 0, 0, 240, 
        0), .Dim = 4:3, .Dimnames = list(c("-3", "-1", "0", "1"
        ), c("C", "G", "T"))), N = 488), Majority = list(Freqs = structure(c(0, 
    0, 279, 2, 0, 0, 1, 0, 0, 0, 271, 0), .Dim = 4:3, .Dimnames = list(
        c("-3", "-1", "0", "1"), c("C", "G", "T"))), N = 553)), 
    `2` = structure(c(0, 0, 201, 1, 0, 0, 0, 0, 0, 0, 205, 0), .Dim = 4:3, .Dimnames = list(
        c("-3", "-1", "0", "1"), c("C", "G", "T"))))))
