Results <-
list(`bwa.out//20220204//BlindCMMRD92_S51.sam` = list(LR10_SNP1 = list(
    All = list(Freqs = structure(c(1L, 34L, 1970L, 10L, 1L, 0L, 
    32L, 1977L, 9L, 0L, 0L, 0L, 36L, 1L, 0L), .Dim = c(5L, 3L
    ), .Dimnames = structure(list(c("-2", "-1", "0", "1", "2"
    ), c("C", "T", NA)), .Names = c("", "")), class = "table"), 
        N = 4071L), Tag.Distribution = structure(c(`1` = 87L, 
    `2` = 32L, `3` = 31L, `4` = 29L, `5` = 28L, `6` = 25L, `7` = 24L, 
    `8` = 25L, `9` = 17L, `10` = 19L, `11` = 10L, `12` = 16L, 
    `13` = 20L, `14` = 4L, `15` = 17L, `16` = 10L, `17` = 7L, 
    `18` = 12L, `19` = 4L, `20` = 2L, `21` = 7L, `22` = 5L, `23` = 1L, 
    `24` = 5L, `25` = 4L, `26` = 1L, `27` = 1L, `28` = 5L, `29` = 3L, 
    `31` = 4L, `32` = 1L, `36` = 1L, `37` = 1L, `38` = 1L, `42` = 1L, 
    `45` = 1L), .Dim = 36L, .Dimnames = list(TagUsage = c("1", 
    "2", "3", "4", "5", "6", "7", "8", "9", "10", "11", "12", 
    "13", "14", "15", "16", "17", "18", "19", "20", "21", "22", 
    "23", "24", "25", "26", "27", "28", "29", "31", "32", "36", 
    "37", "38", "42", "45")), class = "table"), No.Tag = structure(c(0L, 
    0L, 28L, 1L, 0L, 0L, 0L, 0L, 55L, 0L, 0L, 0L, 0L, 0L, 8L, 
    0L, 0L, 0L), .Dim = c(6L, 3L), .Dimnames = structure(list(
        c("-2", "-1", "0", "1", "2", NA), c("C", "T", NA)), .Names = c("", 
    "")), class = "table"), All.Tags = list(Concordant = list(
        Freqs = structure(c(0, 1, 195, 0, 0, 0, 1, 187, 0, 0), .Dim = c(5L, 
        2L), .Dimnames = list(c("-2", "-1", "0", "1", "2"), c("C", 
        "T"))), N = 384), Majority = list(Freqs = structure(c(0, 
    1, 231, 0, 0, 0, 2, 223, 0, 0), .Dim = c(5L, 2L), .Dimnames = list(
        c("-2", "-1", "0", "1", "2"), c("C", "T"))), N = 457)), 
    `2` = structure(c(0, 0, 189, 0, 0, 0, 1, 182, 0, 0), .Dim = c(5L, 
    2L), .Dimnames = list(c("-2", "-1", "0", "1", "2"), c("C", 
    "T"))))))
