Results <-
list(`bwa.out//20220204//Control18_S11.sam` = list(LR44_SNP1 = list(
    All = list(Freqs = structure(c(0L, 0L, 1L, 0L, 0L, 0L, 0L, 
    5L, 209L, 2974L, 49L, 1L, 2L, 19L, 0L, 4L, 47L, 0L, 0L, 0L, 
    0L), .Dim = c(7L, 3L), .Dimnames = structure(list(c("-2", 
    "-1", "0", "1", "2", "3", NA), c("A", "C", NA)), .Names = c("", 
    "")), class = "table"), N = 3311L), Tag.Distribution = structure(c(`1` = 119L, 
    `2` = 51L, `3` = 40L, `4` = 38L, `5` = 41L, `6` = 24L, `7` = 25L, 
    `8` = 21L, `9` = 18L, `10` = 19L, `11` = 14L, `12` = 16L, 
    `13` = 11L, `14` = 13L, `15` = 12L, `16` = 9L, `17` = 3L, 
    `18` = 8L, `19` = 5L, `20` = 6L, `21` = 7L, `22` = 1L, `23` = 2L, 
    `25` = 1L, `28` = 1L, `31` = 1L), .Dim = 26L, .Dimnames = list(
        TagUsage = c("1", "2", "3", "4", "5", "6", "7", "8", 
        "9", "10", "11", "12", "13", "14", "15", "16", "17", 
        "18", "19", "20", "21", "22", "23", "25", "28", "31")), class = "table"), 
    No.Tag = structure(c(0L, 0L, 0L, 0L, 0L, 0L, 0L, 0L, 4L, 
    61L, 2L, 0L, 0L, 0L, 0L, 0L, 3L, 0L, 0L, 0L, 0L), .Dim = c(7L, 
    3L), .Dimnames = structure(list(c("-2", "-1", "0", "1", "2", 
    "3", NA), c("A", "C", NA)), .Names = c("", "")), class = "table"), 
    All.Tags = list(Concordant = list(Freqs = structure(c(0, 
    0, 1, 0, 0, 0, 0, 8, 333, 3, 0, 0), .Dim = c(6L, 2L), .Dimnames = list(
        c("-2", "-1", "0", "1", "2", "3"), c("A", "C"))), N = 345), 
        Majority = list(Freqs = structure(c(0, 0, 1, 0, 0, 0, 
        0, 9, 481, 4, 0, 0), .Dim = c(6L, 2L), .Dimnames = list(
            c("-2", "-1", "0", "1", "2", "3"), c("A", "C"))), 
            N = 495)), `2` = structure(c(0, 0, 0, 0, 0, 0, 0, 
    2, 377, 1, 0, 0), .Dim = c(6L, 2L), .Dimnames = list(c("-2", 
    "-1", "0", "1", "2", "3"), c("A", "C"))))))
