Results <-
list(`bwa.out//20220204//BlindCMMRD109_S35.sam` = list(LR40_SNP1 = list(
    All = list(Freqs = structure(c(42L, 4188L, 16L, 7L, 0L, 2L, 
    0L, 0L, 0L, 11L, 0L, 0L), .Dim = 4:3, .Dimnames = structure(list(
        c("-1", "0", "1", NA), c("C", "T", NA)), .Names = c("", 
    "")), class = "table"), N = 4266L), Tag.Distribution = structure(c(`1` = 211L, 
    `2` = 170L, `3` = 162L, `4` = 90L, `5` = 94L, `6` = 58L, 
    `7` = 38L, `8` = 39L, `9` = 33L, `10` = 23L, `11` = 19L, 
    `12` = 7L, `13` = 4L, `14` = 5L, `15` = 5L, `16` = 2L, `17` = 2L, 
    `18` = 1L, `19` = 1L, `20` = 2L, `22` = 3L, `23` = 1L, `24` = 1L, 
    `26` = 1L, `43` = 1L), .Dim = 25L, .Dimnames = list(TagUsage = c("1", 
    "2", "3", "4", "5", "6", "7", "8", "9", "10", "11", "12", 
    "13", "14", "15", "16", "17", "18", "19", "20", "22", "23", 
    "24", "26", "43")), class = "table"), No.Tag = structure(c(2L, 
    127L, 0L, 2L, 0L, 0L, 0L, 0L, 0L, 0L, 0L, 0L), .Dim = 4:3, .Dimnames = structure(list(
        c("-1", "0", "1", NA), c("C", "T", NA)), .Names = c("", 
    "")), class = "table"), All.Tags = list(Concordant = list(
        Freqs = structure(c(4, 929, 1, 0, 0, 0), .Dim = 3:2, .Dimnames = list(
            c("-1", "0", "1"), c("C", "T"))), N = 934), Majority = list(
        Freqs = structure(c(4, 963, 2, 0, 0, 0), .Dim = 3:2, .Dimnames = list(
            c("-1", "0", "1"), c("C", "T"))), N = 969)), `2` = structure(c(3, 
    754, 1, 0, 0, 0), .Dim = 3:2, .Dimnames = list(c("-1", "0", 
    "1"), c("C", "T"))))))
