Results <-
list(`bwa.out//20220204//BlindCMMRD89_S48.sam` = list(LR17_SNP1 = list(
    All = list(Freqs = structure(c(4L, 145L, 3453L, 48L, 14L, 
    0L, 6L, 118L, 0L, 0L), .Dim = c(5L, 2L), .Dimnames = structure(list(
        c("-2", "-1", "0", "1", NA), c("A", NA)), .Names = c("", 
    "")), class = "table"), N = 3788L), Tag.Distribution = structure(c(`1` = 85L, 
    `2` = 25L, `3` = 33L, `4` = 40L, `5` = 28L, `6` = 25L, `7` = 29L, 
    `8` = 22L, `9` = 18L, `10` = 21L, `11` = 12L, `12` = 10L, 
    `13` = 7L, `14` = 10L, `15` = 6L, `16` = 10L, `17` = 8L, 
    `18` = 4L, `19` = 12L, `20` = 9L, `21` = 3L, `22` = 3L, `23` = 4L, 
    `24` = 2L, `25` = 2L, `26` = 3L, `27` = 1L, `28` = 5L, `29` = 4L, 
    `30` = 3L, `33` = 1L, `34` = 2L, `40` = 1L, `42` = 1L), .Dim = 34L, .Dimnames = list(
        TagUsage = c("1", "2", "3", "4", "5", "6", "7", "8", 
        "9", "10", "11", "12", "13", "14", "15", "16", "17", 
        "18", "19", "20", "21", "22", "23", "24", "25", "26", 
        "27", "28", "29", "30", "33", "34", "40", "42")), class = "table"), 
    No.Tag = structure(c(0L, 2L, 44L, 2L, 1L, 0L, 0L, 2L, 0L, 
    0L), .Dim = c(5L, 2L), .Dimnames = structure(list(c("-2", 
    "-1", "0", "1", NA), c("A", NA)), .Names = c("", "")), class = "table"), 
    All.Tags = list(Concordant = list(Freqs = structure(c(0, 
    5, 308, 0), .Dim = c(4L, 1L), .Dimnames = list(c("-2", "-1", 
    "0", "1"), "A")), N = 313), Majority = list(Freqs = structure(c(0, 
    5, 433, 0), .Dim = c(4L, 1L), .Dimnames = list(c("-2", "-1", 
    "0", "1"), "A")), N = 438)), `2` = structure(c(0, 1, 360, 
    0), .Dim = c(4L, 1L), .Dimnames = list(c("-2", "-1", "0", 
    "1"), "A")))))
