Results <-
list(`bwa.out//20220204//Control20_S13.sam` = list(LR11_SNP1 = list(
    All = list(Freqs = structure(c(1L, 19L, 1214L, 6L, 1L, 1L, 
    24L, 1076L, 8L, 3L, 0L, 0L, 1L, 0L, 0L, 0L, 1L, 16L, 0L, 
    0L), .Dim = 5:4, .Dimnames = structure(list(c("-2", "-1", 
    "0", "1", NA), c("A", "C", "T", NA)), .Names = c("", "")), class = "table"), 
        N = 2371L), Tag.Distribution = structure(c(`1` = 92L, 
    `2` = 46L, `3` = 48L, `4` = 27L, `5` = 26L, `6` = 18L, `7` = 18L, 
    `8` = 20L, `9` = 17L, `10` = 12L, `11` = 14L, `12` = 13L, 
    `13` = 6L, `14` = 6L, `15` = 7L, `16` = 8L, `17` = 4L, `18` = 7L, 
    `20` = 1L, `21` = 2L, `22` = 2L, `23` = 1L, `26` = 1L, `30` = 1L
    ), .Dim = 24L, .Dimnames = list(TagUsage = c("1", "2", "3", 
    "4", "5", "6", "7", "8", "9", "10", "11", "12", "13", "14", 
    "15", "16", "17", "18", "20", "21", "22", "23", "26", "30"
    )), class = "table"), No.Tag = structure(c(0L, 1L, 18L, 0L, 
    0L, 0L, 1L, 31L, 0L, 1L, 0L, 0L, 0L, 0L, 0L, 0L, 0L, 2L, 
    0L, 0L), .Dim = 5:4, .Dimnames = structure(list(c("-2", "-1", 
    "0", "1", NA), c("A", "C", "T", NA)), .Names = c("", "")), class = "table"), 
    All.Tags = list(Concordant = list(Freqs = structure(c(0, 
    1, 180, 0, 0, 1, 148, 0, 0, 0, 0, 0), .Dim = 4:3, .Dimnames = list(
        c("-2", "-1", "0", "1"), c("A", "C", "T"))), N = 330), 
        Majority = list(Freqs = structure(c(0, 1, 207, 0, 0, 
        1, 180, 0, 0, 0, 0, 0), .Dim = 4:3, .Dimnames = list(
            c("-2", "-1", "0", "1"), c("A", "C", "T"))), N = 389)), 
    `2` = structure(c(0, 0, 159, 0, 0, 0, 141, 0, 0, 0, 0, 0), .Dim = 4:3, .Dimnames = list(
        c("-2", "-1", "0", "1"), c("A", "C", "T"))))))
