Results <-
list(`bwa.out//20220204//BlindCMMRD108_S10.sam` = list(LR48_SNP1 = list(
    All = list(Freqs = structure(c(0L, 0L, 1L, 0L, 0L, 3L, 53L, 
    1307L, 33L, 11L, 0L, 0L, 17L, 0L, 0L), .Dim = c(5L, 3L), .Dimnames = structure(list(
        c("-2", "-1", "0", "1", NA), c("A", "C", NA)), .Names = c("", 
    "")), class = "table"), N = 1425L), Tag.Distribution = structure(c(`1` = 24L, 
    `2` = 8L, `3` = 8L, `4` = 8L, `5` = 12L, `6` = 7L, `7` = 8L, 
    `8` = 3L, `9` = 4L, `10` = 7L, `11` = 4L, `12` = 2L, `13` = 4L, 
    `14` = 1L, `15` = 4L, `16` = 6L, `17` = 3L, `18` = 2L, `19` = 1L, 
    `21` = 3L, `22` = 1L, `23` = 1L, `24` = 5L, `26` = 1L, `28` = 1L, 
    `29` = 2L, `30` = 1L, `32` = 1L, `33` = 2L, `34` = 1L, `36` = 2L, 
    `40` = 1L), .Dim = 32L, .Dimnames = list(TagUsage = c("1", 
    "2", "3", "4", "5", "6", "7", "8", "9", "10", "11", "12", 
    "13", "14", "15", "16", "17", "18", "19", "21", "22", "23", 
    "24", "26", "28", "29", "30", "32", "33", "34", "36", "40"
    )), class = "table"), No.Tag = structure(c(0L, 0L, 0L, 0L, 
    0L, 0L, 1L, 27L, 0L, 0L, 0L, 0L, 3L, 0L, 0L), .Dim = c(5L, 
    3L), .Dimnames = structure(list(c("-2", "-1", "0", "1", NA
    ), c("A", "C", NA)), .Names = c("", "")), class = "table"), 
    All.Tags = list(Concordant = list(Freqs = structure(c(0, 
    0, 0, 0, 0, 2, 96, 2), .Dim = c(4L, 2L), .Dimnames = list(
        c("-2", "-1", "0", "1"), c("A", "C"))), N = 100), Majority = list(
        Freqs = structure(c(0, 0, 0, 0, 0, 4, 129, 3), .Dim = c(4L, 
        2L), .Dimnames = list(c("-2", "-1", "0", "1"), c("A", 
        "C"))), N = 136)), `2` = structure(c(0, 0, 0, 0, 0, 3, 
    110, 1), .Dim = c(4L, 2L), .Dimnames = list(c("-2", "-1", 
    "0", "1"), c("A", "C"))))))
