Results <-
list(`bwa.out//20220204//Control14_S7.sam` = list(LR20_SNP1 = list(
    All = list(Freqs = structure(c(4L, 3299L, 9L, 4L, 0L, 6L, 
    0L, 0L, 0L, 19L, 2L, 0L), .Dim = 4:3, .Dimnames = structure(list(
        c("-1", "0", "1", NA), c("A", "G", NA)), .Names = c("", 
    "")), class = "table"), N = 3343L), Tag.Distribution = structure(c(`1` = 113L, 
    `2` = 50L, `3` = 39L, `4` = 44L, `5` = 32L, `6` = 33L, `7` = 32L, 
    `8` = 22L, `9` = 10L, `10` = 11L, `11` = 11L, `12` = 7L, 
    `13` = 14L, `14` = 9L, `15` = 8L, `16` = 8L, `17` = 7L, `18` = 6L, 
    `19` = 4L, `20` = 4L, `21` = 2L, `22` = 2L, `23` = 2L, `24` = 3L, 
    `25` = 2L, `26` = 2L, `28` = 1L, `29` = 4L, `30` = 1L, `31` = 1L, 
    `33` = 1L, `34` = 1L, `36` = 1L, `37` = 1L), .Dim = 34L, .Dimnames = list(
        TagUsage = c("1", "2", "3", "4", "5", "6", "7", "8", 
        "9", "10", "11", "12", "13", "14", "15", "16", "17", 
        "18", "19", "20", "21", "22", "23", "24", "25", "26", 
        "28", "29", "30", "31", "33", "34", "36", "37")), class = "table"), 
    No.Tag = structure(c(0L, 79L, 0L, 3L, 0L, 1L, 0L, 0L, 0L, 
    1L, 0L, 0L), .Dim = 4:3, .Dimnames = structure(list(c("-1", 
    "0", "1", NA), c("A", "G", NA)), .Names = c("", "")), class = "table"), 
    All.Tags = list(Concordant = list(Freqs = structure(c(0, 
    471, 0, 0, 4, 0), .Dim = 3:2, .Dimnames = list(c("-1", "0", 
    "1"), c("A", "G"))), N = 475), Majority = list(Freqs = structure(c(0, 
    479, 0, 0, 4, 0), .Dim = 3:2, .Dimnames = list(c("-1", "0", 
    "1"), c("A", "G"))), N = 483)), `2` = structure(c(0, 373, 
    0, 0, 0, 0), .Dim = 3:2, .Dimnames = list(c("-1", "0", "1"
    ), c("A", "G"))))))
