Results <-
list(`bwa.out//20220204//BlindCMMRD60_S19.sam` = list(LR46_SNP1 = list(
    All = list(Freqs = structure(c(0L, 5L, 0L, 0L, 8L, 2756L, 
    7L, 3L, 0L, 21L, 0L, 0L), .Dim = 4:3, .Dimnames = structure(list(
        c("-1", "0", "1", NA), c("G", "T", NA)), .Names = c("", 
    "")), class = "table"), N = 2800L), Tag.Distribution = structure(c(`1` = 84L, 
    `2` = 30L, `3` = 27L, `4` = 24L, `5` = 16L, `6` = 23L, `7` = 17L, 
    `8` = 7L, `9` = 17L, `10` = 13L, `11` = 10L, `12` = 6L, `13` = 7L, 
    `14` = 8L, `15` = 3L, `16` = 5L, `17` = 6L, `18` = 6L, `19` = 10L, 
    `20` = 2L, `21` = 3L, `22` = 5L, `23` = 4L, `24` = 3L, `25` = 3L, 
    `26` = 4L, `27` = 1L, `28` = 2L, `29` = 1L, `30` = 1L, `33` = 1L, 
    `36` = 1L, `40` = 1L), .Dim = 33L, .Dimnames = list(TagUsage = c("1", 
    "2", "3", "4", "5", "6", "7", "8", "9", "10", "11", "12", 
    "13", "14", "15", "16", "17", "18", "19", "20", "21", "22", 
    "23", "24", "25", "26", "27", "28", "29", "30", "33", "36", 
    "40")), class = "table"), No.Tag = structure(c(0L, 0L, 0L, 
    0L, 0L, 83L, 0L, 0L, 0L, 3L, 0L, 0L), .Dim = 4:3, .Dimnames = structure(list(
        c("-1", "0", "1", NA), c("G", "T", NA)), .Names = c("", 
    "")), class = "table"), All.Tags = list(Concordant = list(
        Freqs = structure(c(0, 5, 0, 0, 326, 2), .Dim = 3:2, .Dimnames = list(
            c("-1", "0", "1"), c("G", "T"))), N = 333), Majority = list(
        Freqs = structure(c(0, 5, 0, 0, 339, 2), .Dim = 3:2, .Dimnames = list(
            c("-1", "0", "1"), c("G", "T"))), N = 346)), `2` = structure(c(0, 
    0, 0, 0, 267, 0), .Dim = 3:2, .Dimnames = list(c("-1", "0", 
    "1"), c("G", "T"))))))
