Results <-
list(`bwa.out//20220204//BlindCMMRD84_S43.sam` = list(LR36_SNP1 = list(
    All = list(Freqs = structure(c(0L, 0L, 4L, 0L, 2L, 6L, 56L, 
    3428L, 28L, 20L, 0L, 1L, 142L, 4L, 0L), .Dim = c(5L, 3L), .Dimnames = structure(list(
        c("-2", "-1", "0", "1", NA), c("A", "T", NA)), .Names = c("", 
    "")), class = "table"), N = 3691L), Tag.Distribution = structure(c(`1` = 81L, 
    `2` = 47L, `3` = 34L, `4` = 35L, `5` = 29L, `6` = 35L, `7` = 32L, 
    `8` = 18L, `9` = 16L, `10` = 9L, `11` = 9L, `12` = 10L, `13` = 11L, 
    `14` = 5L, `15` = 3L, `16` = 10L, `17` = 8L, `18` = 5L, `19` = 6L, 
    `20` = 3L, `21` = 5L, `22` = 4L, `23` = 4L, `24` = 4L, `25` = 2L, 
    `26` = 3L, `27` = 3L, `28` = 5L, `30` = 1L, `31` = 2L, `33` = 2L, 
    `35` = 1L, `37` = 3L, `39` = 1L, `41` = 1L), .Dim = 35L, .Dimnames = list(
        TagUsage = c("1", "2", "3", "4", "5", "6", "7", "8", 
        "9", "10", "11", "12", "13", "14", "15", "16", "17", 
        "18", "19", "20", "21", "22", "23", "24", "25", "26", 
        "27", "28", "30", "31", "33", "35", "37", "39", "41")), class = "table"), 
    No.Tag = structure(c(0L, 0L, 1L, 0L, 1L, 0L, 2L, 135L, 3L, 
    5L, 0L, 0L, 19L, 0L, 0L), .Dim = c(5L, 3L), .Dimnames = structure(list(
        c("-2", "-1", "0", "1", NA), c("A", "T", NA)), .Names = c("", 
    "")), class = "table"), All.Tags = list(Concordant = list(
        Freqs = structure(c(0, 0, 2, 0, 0, 1, 360, 1), .Dim = c(4L, 
        2L), .Dimnames = list(c("-2", "-1", "0", "1"), c("A", 
        "T"))), N = 364), Majority = list(Freqs = structure(c(0, 
    0, 2, 0, 0, 1, 430, 1), .Dim = c(4L, 2L), .Dimnames = list(
        c("-2", "-1", "0", "1"), c("A", "T"))), N = 434)), `2` = structure(c(0, 
    0, 0, 0, 0, 0, 364, 0), .Dim = c(4L, 2L), .Dimnames = list(
        c("-2", "-1", "0", "1"), c("A", "T"))))))
