Results <-
list(`bwa.out//20220204//BlindCMMRD59_S18.sam` = list(LR17_SNP1 = list(
    All = list(Freqs = structure(c(1L, 3L, 114L, 3170L, 36L, 
    17L, 0L, 0L, 0L, 2L, 0L, 0L, 0L, 0L, 2L, 111L, 0L, 0L), .Dim = c(6L, 
    3L), .Dimnames = structure(list(c("-3", "-2", "-1", "0", 
    "1", NA), c("A", "G", NA)), .Names = c("", "")), class = "table"), 
        N = 3456L), Tag.Distribution = structure(c(`1` = 65L, 
    `2` = 24L, `3` = 19L, `4` = 18L, `5` = 30L, `6` = 13L, `7` = 16L, 
    `8` = 10L, `9` = 10L, `10` = 12L, `11` = 12L, `12` = 8L, 
    `13` = 11L, `14` = 11L, `15` = 12L, `16` = 10L, `17` = 10L, 
    `18` = 12L, `19` = 4L, `20` = 3L, `21` = 2L, `22` = 7L, `23` = 5L, 
    `24` = 5L, `25` = 2L, `26` = 2L, `27` = 3L, `28` = 2L, `29` = 7L, 
    `32` = 3L, `33` = 1L, `37` = 1L, `38` = 1L, `44` = 1L), .Dim = 34L, .Dimnames = list(
        TagUsage = c("1", "2", "3", "4", "5", "6", "7", "8", 
        "9", "10", "11", "12", "13", "14", "15", "16", "17", 
        "18", "19", "20", "21", "22", "23", "24", "25", "26", 
        "27", "28", "29", "32", "33", "37", "38", "44")), class = "table"), 
    No.Tag = structure(c(0L, 0L, 3L, 71L, 0L, 0L, 0L, 0L, 0L, 
    0L, 0L, 0L, 0L, 0L, 0L, 2L, 0L, 0L), .Dim = c(6L, 3L), .Dimnames = structure(list(
        c("-3", "-2", "-1", "0", "1", NA), c("A", "G", NA)), .Names = c("", 
    "")), class = "table"), All.Tags = list(Concordant = list(
        Freqs = structure(c(0, 0, 5, 243, 1, 0, 0, 0, 0, 0), .Dim = c(5L, 
        2L), .Dimnames = list(c("-3", "-2", "-1", "0", "1"), 
            c("A", "G"))), N = 249), Majority = list(Freqs = structure(c(0, 
    0, 5, 338, 1, 0, 0, 0, 0, 0), .Dim = c(5L, 2L), .Dimnames = list(
        c("-3", "-2", "-1", "0", "1"), c("A", "G"))), N = 344)), 
    `2` = structure(c(0, 0, 2, 281, 0, 0, 0, 0, 0, 0), .Dim = c(5L, 
    2L), .Dimnames = list(c("-3", "-2", "-1", "0", "1"), c("A", 
    "G"))))))
