Results <-
list(`bwa.out//20220204//17D0989_S8.sam` = list(GM17_SNP1 = list(
    All = list(Freqs = structure(c(23L, 2422L, 8L, 5L, 29L, 2058L, 
    4L, 2L, 0L, 20L, 0L, 0L), .Dim = 4:3, .Dimnames = structure(list(
        c("-1", "0", "1", NA), c("C", "T", NA)), .Names = c("", 
    "")), class = "table"), N = 4571L), Tag.Distribution = structure(c(`1` = 173L, 
    `2` = 79L, `3` = 52L, `4` = 35L, `5` = 45L, `6` = 38L, `7` = 30L, 
    `8` = 17L, `9` = 16L, `10` = 16L, `11` = 19L, `12` = 22L, 
    `13` = 13L, `14` = 7L, `15` = 4L, `16` = 10L, `17` = 9L, 
    `18` = 8L, `19` = 11L, `20` = 2L, `21` = 5L, `22` = 2L, `23` = 2L, 
    `24` = 5L, `25` = 6L, `26` = 1L, `28` = 1L, `29` = 2L, `30` = 1L, 
    `31` = 1L, `32` = 1L, `35` = 3L, `36` = 1L, `40` = 2L, `41` = 2L, 
    `42` = 1L, `43` = 1L, `44` = 1L, `45` = 1L, `54` = 1L), .Dim = 40L, .Dimnames = list(
        TagUsage = c("1", "2", "3", "4", "5", "6", "7", "8", 
        "9", "10", "11", "12", "13", "14", "15", "16", "17", 
        "18", "19", "20", "21", "22", "23", "24", "25", "26", 
        "28", "29", "30", "31", "32", "35", "36", "40", "41", 
        "42", "43", "44", "45", "54")), class = "table"), No.Tag = structure(c(0L, 
    87L, 0L, 1L, 0L, 45L, 0L, 0L, 0L, 1L, 0L, 0L), .Dim = 4:3, .Dimnames = structure(list(
        c("-1", "0", "1", NA), c("C", "T", NA)), .Names = c("", 
    "")), class = "table"), All.Tags = list(Concordant = list(
        Freqs = structure(c(1, 286, 0, 2, 279, 0), .Dim = 3:2, .Dimnames = list(
            c("-1", "0", "1"), c("C", "T"))), N = 568), Majority = list(
        Freqs = structure(c(1, 324, 0, 3, 310, 0), .Dim = 3:2, .Dimnames = list(
            c("-1", "0", "1"), c("C", "T"))), N = 638)), `2` = structure(c(0, 
    242, 0, 2, 224, 0), .Dim = 3:2, .Dimnames = list(c("-1", 
    "0", "1"), c("C", "T"))))))
