Results <-
list(`bwa.out//20220204//BlindCMMRD95_S54.sam` = list(LR20_SNP1 = list(
    All = list(Freqs = structure(c(6L, 2165L, 2L, 0L, 3L, 2287L, 
    2L, 3L, 0L, 1L, 0L, 0L, 0L, 25L, 0L, 0L), .Dim = c(4L, 4L
    ), .Dimnames = structure(list(c("-1", "0", "1", NA), c("A", 
    "G", "T", NA)), .Names = c("", "")), class = "table"), N = 4494L), 
    Tag.Distribution = structure(c(`1` = 111L, `2` = 56L, `3` = 45L, 
    `4` = 35L, `5` = 36L, `6` = 32L, `7` = 29L, `8` = 19L, `9` = 19L, 
    `10` = 20L, `11` = 9L, `12` = 15L, `13` = 10L, `14` = 8L, 
    `15` = 12L, `16` = 9L, `17` = 7L, `18` = 3L, `19` = 6L, `20` = 13L, 
    `21` = 7L, `22` = 2L, `23` = 6L, `24` = 6L, `25` = 2L, `26` = 3L, 
    `27` = 4L, `28` = 2L, `29` = 2L, `30` = 1L, `31` = 4L, `32` = 2L, 
    `33` = 2L, `34` = 1L, `35` = 2L, `37` = 1L, `42` = 1L, `43` = 1L, 
    `45` = 1L, `50` = 1L), .Dim = 40L, .Dimnames = list(TagUsage = c("1", 
    "2", "3", "4", "5", "6", "7", "8", "9", "10", "11", "12", 
    "13", "14", "15", "16", "17", "18", "19", "20", "21", "22", 
    "23", "24", "25", "26", "27", "28", "29", "30", "31", "32", 
    "33", "34", "35", "37", "42", "43", "45", "50")), class = "table"), 
    No.Tag = structure(c(0L, 50L, 0L, 0L, 0L, 21L, 0L, 2L, 0L, 
    0L, 0L, 0L, 0L, 5L, 0L, 0L), .Dim = c(4L, 4L), .Dimnames = structure(list(
        c("-1", "0", "1", NA), c("A", "G", "T", NA)), .Names = c("", 
    "")), class = "table"), All.Tags = list(Concordant = list(
        Freqs = structure(c(0, 244, 0, 0, 250, 0, 0, 0, 0), .Dim = c(3L, 
        3L), .Dimnames = list(c("-1", "0", "1"), c("A", "G", 
        "T"))), N = 494), Majority = list(Freqs = structure(c(0, 
    265, 0, 0, 271, 0, 0, 0, 0), .Dim = c(3L, 3L), .Dimnames = list(
        c("-1", "0", "1"), c("A", "G", "T"))), N = 536)), `2` = structure(c(0, 
    213, 0, 0, 216, 0, 0, 0, 0), .Dim = c(3L, 3L), .Dimnames = list(
        c("-1", "0", "1"), c("A", "G", "T"))))))
