Results <-
list(`bwa.out//20220204//17D0989_S8.sam` = list(LR10_SNP1 = list(
    All = list(Freqs = structure(c(0L, 0L, 1L, 0L, 0L, 1L, 58L, 
    3749L, 15L, 3L, 0L, 0L, 58L, 0L, 0L), .Dim = c(5L, 3L), .Dimnames = structure(list(
        c("-2", "-1", "0", "1", NA), c("A", "T", NA)), .Names = c("", 
    "")), class = "table"), N = 3885L), Tag.Distribution = structure(c(`1` = 139L, 
    `2` = 75L, `3` = 66L, `4` = 41L, `5` = 39L, `6` = 30L, `7` = 20L, 
    `8` = 31L, `9` = 19L, `10` = 10L, `11` = 11L, `12` = 6L, 
    `13` = 12L, `14` = 3L, `15` = 6L, `16` = 6L, `17` = 9L, `18` = 5L, 
    `19` = 6L, `20` = 3L, `21` = 4L, `22` = 5L, `23` = 4L, `24` = 5L, 
    `25` = 2L, `26` = 2L, `27` = 1L, `28` = 2L, `29` = 2L, `31` = 1L, 
    `33` = 1L, `34` = 2L, `35` = 1L, `38` = 1L, `39` = 1L, `46` = 1L, 
    `51` = 1L, `55` = 1L), .Dim = 38L, .Dimnames = list(TagUsage = c("1", 
    "2", "3", "4", "5", "6", "7", "8", "9", "10", "11", "12", 
    "13", "14", "15", "16", "17", "18", "19", "20", "21", "22", 
    "23", "24", "25", "26", "27", "28", "29", "31", "33", "34", 
    "35", "38", "39", "46", "51", "55")), class = "table"), No.Tag = structure(c(0L, 
    0L, 0L, 0L, 0L, 0L, 2L, 154L, 0L, 0L, 0L, 0L, 5L, 0L, 0L), .Dim = c(5L, 
    3L), .Dimnames = structure(list(c("-2", "-1", "0", "1", NA
    ), c("A", "T", NA)), .Names = c("", "")), class = "table"), 
    All.Tags = list(Concordant = list(Freqs = structure(c(0, 
    0, 0, 0, 0, 5, 515, 1), .Dim = c(4L, 2L), .Dimnames = list(
        c("-2", "-1", "0", "1"), c("A", "T"))), N = 521), Majority = list(
        Freqs = structure(c(0, 0, 0, 0, 0, 5, 561, 1), .Dim = c(4L, 
        2L), .Dimnames = list(c("-2", "-1", "0", "1"), c("A", 
        "T"))), N = 567)), `2` = structure(c(0, 0, 0, 0, 0, 1, 
    432, 0), .Dim = c(4L, 2L), .Dimnames = list(c("-2", "-1", 
    "0", "1"), c("A", "T"))))))
