Results <-
list(`bwa.out//20220204//BlindCMMRD89_S48.sam` = list(LR49_SNP1 = list(
    All = list(Freqs = structure(c(6L, 1849L, 0L, 10L, 4L, 2105L, 
    1L, 2L, 0L, 18L, 0L, 0L), .Dim = 4:3, .Dimnames = structure(list(
        c("-1", "0", "1", NA), c("A", "G", NA)), .Names = c("", 
    "")), class = "table"), N = 3995L), Tag.Distribution = structure(c(`1` = 119L, 
    `2` = 69L, `3` = 54L, `4` = 58L, `5` = 43L, `6` = 55L, `7` = 34L, 
    `8` = 31L, `9` = 20L, `10` = 22L, `11` = 15L, `12` = 8L, 
    `13` = 13L, `14` = 7L, `15` = 9L, `16` = 11L, `17` = 4L, 
    `18` = 3L, `19` = 7L, `20` = 4L, `21` = 3L, `22` = 4L, `23` = 4L, 
    `24` = 2L, `25` = 2L, `27` = 4L, `29` = 1L, `30` = 1L, `32` = 2L, 
    `43` = 1L, `50` = 1L), .Dim = 31L, .Dimnames = list(TagUsage = c("1", 
    "2", "3", "4", "5", "6", "7", "8", "9", "10", "11", "12", 
    "13", "14", "15", "16", "17", "18", "19", "20", "21", "22", 
    "23", "24", "25", "27", "29", "30", "32", "43", "50")), class = "table"), 
    No.Tag = structure(c(0L, 41L, 0L, 0L, 0L, 28L, 0L, 0L, 0L, 
    5L, 0L, 0L), .Dim = 4:3, .Dimnames = structure(list(c("-1", 
    "0", "1", NA), c("A", "G", NA)), .Names = c("", "")), class = "table"), 
    All.Tags = list(Concordant = list(Freqs = structure(c(0, 
    254, 0, 1, 299, 0), .Dim = 3:2, .Dimnames = list(c("-1", 
    "0", "1"), c("A", "G"))), N = 554), Majority = list(Freqs = structure(c(0, 
    275, 0, 1, 328, 0), .Dim = 3:2, .Dimnames = list(c("-1", 
    "0", "1"), c("A", "G"))), N = 604)), `2` = structure(c(0, 
    222, 0, 0, 266, 0), .Dim = 3:2, .Dimnames = list(c("-1", 
    "0", "1"), c("A", "G"))))))
