Results <-
list(`bwa.out//20220204//BlindCMMRD84_S43.sam` = list(IM16_SNP1 = list(
    All = list(Freqs = structure(c(1L, 25L, 2463L, 27L, 0L, 4L, 
    2L, 19L, 2622L, 36L, 1L, 3L, 0L, 0L, 49L, 1L, 0L, 0L), .Dim = c(6L, 
    3L), .Dimnames = structure(list(c("-2", "-1", "0", "1", "2", 
    NA), c("A", "G", NA)), .Names = c("", "")), class = "table"), 
        N = 5253L), Tag.Distribution = structure(c(`1` = 110L, 
    `2` = 73L, `3` = 45L, `4` = 48L, `5` = 37L, `6` = 30L, `7` = 25L, 
    `8` = 29L, `9` = 21L, `10` = 24L, `11` = 31L, `12` = 20L, 
    `13` = 16L, `14` = 13L, `15` = 10L, `16` = 14L, `17` = 12L, 
    `18` = 5L, `19` = 6L, `20` = 9L, `21` = 4L, `22` = 5L, `23` = 4L, 
    `24` = 5L, `25` = 3L, `26` = 5L, `27` = 2L, `28` = 2L, `29` = 3L, 
    `30` = 1L, `31` = 4L, `32` = 3L, `33` = 1L, `34` = 1L, `36` = 1L, 
    `38` = 1L, `40` = 1L, `47` = 1L, `51` = 1L, `63` = 1L), .Dim = 40L, .Dimnames = list(
        TagUsage = c("1", "2", "3", "4", "5", "6", "7", "8", 
        "9", "10", "11", "12", "13", "14", "15", "16", "17", 
        "18", "19", "20", "21", "22", "23", "24", "25", "26", 
        "27", "28", "29", "30", "31", "32", "33", "34", "36", 
        "38", "40", "47", "51", "63")), class = "table"), No.Tag = structure(c(0L, 
    1L, 60L, 1L, 0L, 0L, 0L, 0L, 67L, 0L, 0L, 0L, 0L, 0L, 7L, 
    0L, 0L, 0L), .Dim = c(6L, 3L), .Dimnames = structure(list(
        c("-2", "-1", "0", "1", "2", NA), c("A", "G", NA)), .Names = c("", 
    "")), class = "table"), All.Tags = list(Concordant = list(
        Freqs = structure(c(0, 1, 243, 0, 0, 0, 2, 271, 2, 0), .Dim = c(5L, 
        2L), .Dimnames = list(c("-2", "-1", "0", "1", "2"), c("A", 
        "G"))), N = 519), Majority = list(Freqs = structure(c(0, 
    1, 292, 1, 0, 0, 2, 315, 2, 0), .Dim = c(5L, 2L), .Dimnames = list(
        c("-2", "-1", "0", "1", "2"), c("A", "G"))), N = 613)), 
    `2` = structure(c(0, 0, 245, 1, 0, 0, 0, 262, 0, 0), .Dim = c(5L, 
    2L), .Dimnames = list(c("-2", "-1", "0", "1", "2"), c("A", 
    "G"))))))
