Results <-
list(`bwa.out//20220204//BlindCMMRD77_S36.sam` = list(GM22_SNP1 = list(
    All = list(Freqs = structure(c(53L, 2388L, 9L, 0L, 7L, 22L, 
    2014L, 22L, 1L, 3L, 2L, 79L, 0L, 0L, 0L), .Dim = c(5L, 3L
    ), .Dimnames = structure(list(c("-1", "0", "1", "2", NA), 
        c("A", "G", NA)), .Names = c("", "")), class = "table"), 
        N = 4600L), Tag.Distribution = structure(c(`1` = 153L, 
    `2` = 57L, `3` = 55L, `4` = 42L, `5` = 39L, `6` = 39L, `7` = 29L, 
    `8` = 29L, `9` = 28L, `10` = 14L, `11` = 25L, `12` = 27L, 
    `13` = 17L, `14` = 11L, `15` = 17L, `16` = 5L, `17` = 4L, 
    `18` = 12L, `19` = 4L, `20` = 7L, `21` = 3L, `22` = 3L, `23` = 5L, 
    `24` = 3L, `25` = 1L, `26` = 6L, `27` = 2L, `28` = 1L, `29` = 1L, 
    `30` = 1L, `32` = 2L, `33` = 1L, `38` = 1L, `39` = 1L, `42` = 1L
    ), .Dim = 35L, .Dimnames = list(TagUsage = c("1", "2", "3", 
    "4", "5", "6", "7", "8", "9", "10", "11", "12", "13", "14", 
    "15", "16", "17", "18", "19", "20", "21", "22", "23", "24", 
    "25", "26", "27", "28", "29", "30", "32", "33", "38", "39", 
    "42")), class = "table"), No.Tag = structure(c(1L, 48L, 0L, 
    0L, 1L, 0L, 24L, 2L, 0L, 0L, 0L, 5L, 0L, 0L, 0L), .Dim = c(5L, 
    3L), .Dimnames = structure(list(c("-1", "0", "1", "2", NA
    ), c("A", "G", NA)), .Names = c("", "")), class = "table"), 
    All.Tags = list(Concordant = list(Freqs = structure(c(0, 
    276, 2, 0, 0, 255, 0, 0), .Dim = c(4L, 2L), .Dimnames = list(
        c("-1", "0", "1", "2"), c("A", "G"))), N = 533), Majority = list(
        Freqs = structure(c(1, 324, 2, 0, 0, 298, 1, 0), .Dim = c(4L, 
        2L), .Dimnames = list(c("-1", "0", "1", "2"), c("A", 
        "G"))), N = 626)), `2` = structure(c(1, 246, 0, 0, 0, 
    240, 1, 0), .Dim = c(4L, 2L), .Dimnames = list(c("-1", "0", 
    "1", "2"), c("A", "G"))))))
