Results <-
list(`bwa.out//20220204//MLPA80_S12.sam` = list(LR20_SNP1 = list(
    All = list(Freqs = structure(c(0L, 1L, 0L, 0L, 1L, 2235L, 
    2L, 2L, 2L, 2198L, 0L, 3L, 1L, 43L, 0L, 0L), .Dim = c(4L, 
    4L), .Dimnames = structure(list(c("-1", "0", "1", NA), c("-", 
    "A", "G", NA)), .Names = c("", "")), class = "table"), N = 4488L), 
    Tag.Distribution = structure(c(`1` = 176L, `2` = 86L, `3` = 64L, 
    `4` = 72L, `5` = 62L, `6` = 33L, `7` = 27L, `8` = 37L, `9` = 25L, 
    `10` = 20L, `11` = 14L, `12` = 17L, `13` = 12L, `14` = 10L, 
    `15` = 9L, `16` = 11L, `17` = 10L, `18` = 4L, `19` = 6L, 
    `20` = 4L, `21` = 2L, `22` = 5L, `23` = 3L, `24` = 3L, `25` = 2L, 
    `26` = 1L, `27` = 4L, `28` = 3L, `30` = 1L, `31` = 2L, `33` = 1L, 
    `45` = 1L), .Dim = 32L, .Dimnames = list(TagUsage = c("1", 
    "2", "3", "4", "5", "6", "7", "8", "9", "10", "11", "12", 
    "13", "14", "15", "16", "17", "18", "19", "20", "21", "22", 
    "23", "24", "25", "26", "27", "28", "30", "31", "33", "45"
    )), class = "table"), No.Tag = structure(c(0L, 0L, 0L, 0L, 
    0L, 42L, 0L, 0L, 0L, 58L, 0L, 0L, 0L, 10L, 0L, 0L), .Dim = c(4L, 
    4L), .Dimnames = structure(list(c("-1", "0", "1", NA), c("-", 
    "A", "G", NA)), .Names = c("", "")), class = "table"), All.Tags = list(
        Concordant = list(Freqs = structure(c(0, 0, 0, 0, 323, 
        0, 1, 327, 0), .Dim = c(3L, 3L), .Dimnames = list(c("-1", 
        "0", "1"), c("-", "A", "G"))), N = 651), Majority = list(
            Freqs = structure(c(0, 0, 0, 0, 348, 0, 1, 368, 0
            ), .Dim = c(3L, 3L), .Dimnames = list(c("-1", "0", 
            "1"), c("-", "A", "G"))), N = 717)), `2` = structure(c(0, 
    0, 0, 0, 265, 0, 0, 279, 0), .Dim = c(3L, 3L), .Dimnames = list(
        c("-1", "0", "1"), c("-", "A", "G"))))))
