Results <-
list(`bwa.out//20220204//Control28_S21.sam` = list(GM01_SNP1 = list(
    All = list(Freqs = structure(c(1L, 35L, 3414L, 15L, 9L, 0L, 
    0L, 1L, 0L, 0L, 0L, 0L, 47L, 0L, 0L), .Dim = c(5L, 3L), .Dimnames = structure(list(
        c("-2", "-1", "0", "1", NA), c("A", "G", NA)), .Names = c("", 
    "")), class = "table"), N = 3522L), Tag.Distribution = structure(c(`1` = 125L, 
    `2` = 78L, `3` = 55L, `4` = 48L, `5` = 44L, `6` = 38L, `7` = 18L, 
    `8` = 25L, `9` = 23L, `10` = 12L, `11` = 15L, `12` = 17L, 
    `13` = 20L, `14` = 14L, `15` = 11L, `16` = 9L, `17` = 4L, 
    `18` = 3L, `19` = 3L, `20` = 4L, `21` = 4L, `22` = 2L, `23` = 2L, 
    `25` = 1L, `26` = 2L, `28` = 1L, `31` = 1L), .Dim = 27L, .Dimnames = list(
        TagUsage = c("1", "2", "3", "4", "5", "6", "7", "8", 
        "9", "10", "11", "12", "13", "14", "15", "16", "17", 
        "18", "19", "20", "21", "22", "23", "25", "26", "28", 
        "31")), class = "table"), No.Tag = structure(c(0L, 0L, 
    75L, 0L, 0L, 0L, 0L, 0L, 0L, 0L, 0L, 0L, 5L, 0L, 0L), .Dim = c(5L, 
    3L), .Dimnames = structure(list(c("-2", "-1", "0", "1", NA
    ), c("A", "G", NA)), .Names = c("", "")), class = "table"), 
    All.Tags = list(Concordant = list(Freqs = structure(c(0, 
    0, 525, 0, 0, 0, 1, 0), .Dim = c(4L, 2L), .Dimnames = list(
        c("-2", "-1", "0", "1"), c("A", "G"))), N = 526), Majority = list(
        Freqs = structure(c(0, 0, 569, 1, 0, 0, 1, 0), .Dim = c(4L, 
        2L), .Dimnames = list(c("-2", "-1", "0", "1"), c("A", 
        "G"))), N = 571)), `2` = structure(c(0, 0, 450, 1, 0, 
    0, 0, 0), .Dim = c(4L, 2L), .Dimnames = list(c("-2", "-1", 
    "0", "1"), c("A", "G"))))))
