Results <-
list(`bwa.out//20220204//BlindCMMRD63_S22.sam` = list(LR24_SNP1 = list(
    All = list(Freqs = structure(c(0L, 0L, 0L, 1L, 0L, 0L, 0L, 
    0L, 13L, 1652L, 2L, 1L, 1L, 1L, 8L, 2050L, 7L, 1L, 0L, 0L, 
    0L, 20L, 1L, 0L), .Dim = c(6L, 4L), .Dimnames = structure(list(
        c("-3", "-2", "-1", "0", "1", NA), c("-", "A", "G", NA
        )), .Names = c("", "")), class = "table"), N = 3758L), 
    Tag.Distribution = structure(c(`1` = 171L, `2` = 87L, `3` = 91L, 
    `4` = 81L, `5` = 73L, `6` = 52L, `7` = 33L, `8` = 29L, `9` = 22L, 
    `10` = 23L, `11` = 17L, `12` = 15L, `13` = 9L, `14` = 5L, 
    `15` = 3L, `16` = 4L, `17` = 3L, `18` = 5L, `19` = 3L, `20` = 2L, 
    `21` = 3L, `22` = 2L, `23` = 1L, `25` = 2L, `26` = 1L, `27` = 1L, 
    `28` = 1L), .Dim = 27L, .Dimnames = list(TagUsage = c("1", 
    "2", "3", "4", "5", "6", "7", "8", "9", "10", "11", "12", 
    "13", "14", "15", "16", "17", "18", "19", "20", "21", "22", 
    "23", "25", "26", "27", "28")), class = "table"), No.Tag = structure(c(0L, 
    0L, 0L, 0L, 0L, 0L, 0L, 0L, 1L, 29L, 0L, 0L, 0L, 0L, 0L, 
    48L, 0L, 0L, 0L, 0L, 0L, 8L, 0L, 0L), .Dim = c(6L, 4L), .Dimnames = structure(list(
        c("-3", "-2", "-1", "0", "1", NA), c("-", "A", "G", NA
        )), .Names = c("", "")), class = "table"), All.Tags = list(
        Concordant = list(Freqs = structure(c(0, 0, 0, 0, 0, 
        0, 0, 1, 327, 0, 0, 0, 0, 335, 0), .Dim = c(5L, 3L), .Dimnames = list(
            c("-3", "-2", "-1", "0", "1"), c("-", "A", "G"))), 
            N = 663), Majority = list(Freqs = structure(c(0, 
        0, 0, 0, 0, 0, 0, 1, 360, 0, 0, 0, 0, 367, 0), .Dim = c(5L, 
        3L), .Dimnames = list(c("-3", "-2", "-1", "0", "1"), 
            c("-", "A", "G"))), N = 728)), `2` = structure(c(0, 
    0, 0, 0, 0, 0, 0, 0, 263, 0, 0, 0, 0, 297, 0), .Dim = c(5L, 
    3L), .Dimnames = list(c("-3", "-2", "-1", "0", "1"), c("-", 
    "A", "G"))))))
