Results <-
list(`bwa.out//20220204//BlindCMMRD51_S11.sam` = list(LR52_SNP1 = list(
    All = list(Freqs = structure(c(0L, 0L, 0L, 0L, 1L, 0L, 0L, 
    0L, 0L, 1L, 17L, 240L, 1374L, 17L, 1L, 30L, 1L, 0L, 21L, 
    186L, 1658L, 16L, 0L, 18L, 0L, 0L, 2L, 27L, 580L, 2L, 0L, 
    0L), .Dim = c(8L, 4L), .Dimnames = structure(list(c("-4", 
    "-3", "-2", "-1", "0", "1", "2", NA), c("A", "C", "T", NA
    )), .Names = c("", "")), class = "table"), N = 4192L), Tag.Distribution = structure(c(`1` = 51L, 
    `2` = 23L, `3` = 12L, `4` = 14L, `5` = 17L, `6` = 15L, `7` = 11L, 
    `8` = 9L, `9` = 10L, `10` = 6L, `11` = 7L, `12` = 10L, `13` = 13L, 
    `14` = 8L, `15` = 6L, `16` = 5L, `17` = 2L, `18` = 3L, `19` = 7L, 
    `20` = 4L, `21` = 4L, `22` = 4L, `23` = 4L, `24` = 2L, `25` = 8L, 
    `26` = 5L, `27` = 6L, `28` = 3L, `29` = 4L, `30` = 6L, `32` = 1L, 
    `33` = 3L, `34` = 6L, `35` = 4L, `36` = 2L, `37` = 4L, `38` = 3L, 
    `40` = 2L, `42` = 1L, `43` = 1L, `44` = 1L, `46` = 2L, `50` = 1L, 
    `51` = 1L, `53` = 1L, `56` = 1L), .Dim = 46L, .Dimnames = list(
        TagUsage = c("1", "2", "3", "4", "5", "6", "7", "8", 
        "9", "10", "11", "12", "13", "14", "15", "16", "17", 
        "18", "19", "20", "21", "22", "23", "24", "25", "26", 
        "27", "28", "29", "30", "32", "33", "34", "35", "36", 
        "37", "38", "40", "42", "43", "44", "46", "50", "51", 
        "53", "56")), class = "table"), No.Tag = structure(c(0L, 
    0L, 0L, 0L, 0L, 0L, 0L, 0L, 0L, 0L, 1L, 6L, 18L, 0L, 0L, 
    0L, 0L, 0L, 0L, 1L, 40L, 1L, 0L, 1L, 0L, 0L, 0L, 0L, 8L, 
    0L, 0L, 0L), .Dim = c(8L, 4L), .Dimnames = structure(list(
        c("-4", "-3", "-2", "-1", "0", "1", "2", NA), c("A", 
        "C", "T", NA)), .Names = c("", "")), class = "table"), 
    All.Tags = list(Concordant = list(Freqs = structure(c(0, 
    0, 0, 0, 0, 0, 0, 0, 1, 0, 1, 66, 1, 0, 0, 0, 0, 1, 73, 2, 
    0), .Dim = c(7L, 3L), .Dimnames = list(c("-4", "-3", "-2", 
    "-1", "0", "1", "2"), c("A", "C", "T"))), N = 145), Majority = list(
        Freqs = structure(c(0, 0, 0, 0, 0, 0, 0, 0, 1, 0, 6, 
        135, 1, 0, 0, 0, 1, 3, 144, 2, 0), .Dim = c(7L, 3L), .Dimnames = list(
            c("-4", "-3", "-2", "-1", "0", "1", "2"), c("A", 
            "C", "T"))), N = 293)), `2` = structure(c(0, 0, 0, 
    0, 0, 0, 0, 0, 0, 0, 5, 124, 1, 0, 0, 0, 1, 3, 122, 1, 0), .Dim = c(7L, 
    3L), .Dimnames = list(c("-4", "-3", "-2", "-1", "0", "1", 
    "2"), c("A", "C", "T"))))))
