Results <-
list(`bwa.out//20220204//BlindCMMRD84_S43.sam` = list(LR48_SNP1 = list(
    All = list(Freqs = structure(c(0L, 0L, 1L, 0L, 0L, 0L, 6L, 
    147L, 4465L, 58L, 2L, 17L, 0L, 0L, 5L, 0L, 0L, 0L, 0L, 1L, 
    77L, 1L, 0L, 0L), .Dim = c(6L, 4L), .Dimnames = structure(list(
        c("-2", "-1", "0", "1", "2", NA), c("A", "C", "T", NA
        )), .Names = c("", "")), class = "table"), N = 4780L), 
    Tag.Distribution = structure(c(`1` = 84L, `2` = 31L, `3` = 30L, 
    `4` = 19L, `5` = 31L, `6` = 21L, `7` = 17L, `8` = 17L, `9` = 3L, 
    `10` = 12L, `11` = 15L, `12` = 16L, `13` = 8L, `14` = 16L, 
    `15` = 11L, `16` = 8L, `17` = 14L, `18` = 3L, `19` = 4L, 
    `20` = 6L, `21` = 7L, `22` = 9L, `23` = 3L, `24` = 2L, `25` = 5L, 
    `26` = 6L, `28` = 3L, `29` = 3L, `30` = 3L, `31` = 3L, `32` = 1L, 
    `33` = 2L, `34` = 2L, `35` = 2L, `36` = 1L, `37` = 2L, `38` = 2L, 
    `39` = 2L, `40` = 1L, `41` = 1L, `43` = 3L, `45` = 1L, `50` = 1L, 
    `52` = 1L, `53` = 1L, `57` = 1L, `85` = 1L, `91` = 1L), .Dim = 48L, .Dimnames = list(
        TagUsage = c("1", "2", "3", "4", "5", "6", "7", "8", 
        "9", "10", "11", "12", "13", "14", "15", "16", "17", 
        "18", "19", "20", "21", "22", "23", "24", "25", "26", 
        "28", "29", "30", "31", "32", "33", "34", "35", "36", 
        "37", "38", "39", "40", "41", "43", "45", "50", "52", 
        "53", "57", "85", "91")), class = "table"), No.Tag = structure(c(0L, 
    0L, 0L, 0L, 0L, 0L, 0L, 3L, 66L, 1L, 0L, 0L, 0L, 0L, 0L, 
    0L, 0L, 0L, 0L, 0L, 9L, 0L, 0L, 0L), .Dim = c(6L, 4L), .Dimnames = structure(list(
        c("-2", "-1", "0", "1", "2", NA), c("A", "C", "T", NA
        )), .Names = c("", "")), class = "table"), All.Tags = list(
        Concordant = list(Freqs = structure(c(0, 0, 0, 0, 0, 
        0, 3, 300, 2, 0, 0, 0, 5, 0, 0), .Dim = c(5L, 3L), .Dimnames = list(
            c("-2", "-1", "0", "1", "2"), c("A", "C", "T"))), 
            N = 310), Majority = list(Freqs = structure(c(0, 
        0, 0, 0, 0, 0, 4, 417, 2, 0, 0, 0, 5, 0, 0), .Dim = c(5L, 
        3L), .Dimnames = list(c("-2", "-1", "0", "1", "2"), c("A", 
        "C", "T"))), N = 428)), `2` = structure(c(0, 0, 0, 0, 
    0, 0, 2, 349, 0, 0, 0, 0, 0, 0, 0), .Dim = c(5L, 3L), .Dimnames = list(
        c("-2", "-1", "0", "1", "2"), c("A", "C", "T"))))))
