Results <-
list(`bwa.out//20220204//Control29_S22.sam` = list(GM07_SNP1 = list(
    All = list(Freqs = structure(c(0L, 0L, 2L, 0L, 0L, 0L, 2L, 
    164L, 3005L, 80L, 2L, 21L, 0L, 3L, 62L, 2L, 0L, 1L, 0L, 0L, 
    12L, 0L, 0L, 0L), .Dim = c(6L, 4L), .Dimnames = structure(list(
        c("-2", "-1", "0", "1", "2", NA), c("-", "A", "G", NA
        )), .Names = c("", "")), class = "table"), N = 3356L), 
    Tag.Distribution = structure(c(`1` = 115L, `2` = 66L, `3` = 32L, 
    `4` = 58L, `5` = 26L, `6` = 32L, `7` = 23L, `8` = 13L, `9` = 20L, 
    `10` = 18L, `11` = 19L, `12` = 8L, `13` = 13L, `14` = 13L, 
    `15` = 7L, `16` = 4L, `17` = 5L, `18` = 4L, `19` = 5L, `20` = 2L, 
    `21` = 4L, `22` = 3L, `23` = 1L, `24` = 2L, `26` = 2L, `31` = 1L, 
    `36` = 1L, `40` = 1L), .Dim = 28L, .Dimnames = list(TagUsage = c("1", 
    "2", "3", "4", "5", "6", "7", "8", "9", "10", "11", "12", 
    "13", "14", "15", "16", "17", "18", "19", "20", "21", "22", 
    "23", "24", "26", "31", "36", "40")), class = "table"), No.Tag = structure(c(0L, 
    0L, 0L, 0L, 0L, 0L, 0L, 14L, 298L, 4L, 0L, 9L, 0L, 1L, 8L, 
    0L, 0L, 0L, 0L, 0L, 3L, 0L, 0L, 0L), .Dim = c(6L, 4L), .Dimnames = structure(list(
        c("-2", "-1", "0", "1", "2", NA), c("-", "A", "G", NA
        )), .Names = c("", "")), class = "table"), All.Tags = list(
        Concordant = list(Freqs = structure(c(0, 0, 0, 0, 0, 
        0, 12, 342, 4, 0, 0, 0, 4, 0, 0), .Dim = c(5L, 3L), .Dimnames = list(
            c("-2", "-1", "0", "1", "2"), c("-", "A", "G"))), 
            N = 362), Majority = list(Freqs = structure(c(0, 
        0, 0, 0, 0, 0, 14, 463, 5, 0, 0, 0, 6, 0, 0), .Dim = c(5L, 
        3L), .Dimnames = list(c("-2", "-1", "0", "1", "2"), c("-", 
        "A", "G"))), N = 488)), `2` = structure(c(0, 0, 0, 0, 
    0, 0, 6, 363, 1, 0, 0, 0, 3, 0, 0), .Dim = c(5L, 3L), .Dimnames = list(
        c("-2", "-1", "0", "1", "2"), c("-", "A", "G"))))))
