Results <-
list(`bwa.out//20220204//Control29_S22.sam` = list(LR46_SNP1 = list(
    All = list(Freqs = structure(c(2L, 1406L, 22L, 2L, 7L, 1564L, 
    6L, 5L, 0L, 10L, 0L, 0L), .Dim = 4:3, .Dimnames = structure(list(
        c("-1", "0", "1", NA), c("G", "T", NA)), .Names = c("", 
    "")), class = "table"), N = 3024L), Tag.Distribution = structure(c(`1` = 145L, 
    `2` = 38L, `3` = 41L, `4` = 33L, `5` = 40L, `6` = 28L, `7` = 16L, 
    `8` = 18L, `9` = 13L, `10` = 23L, `11` = 15L, `12` = 9L, 
    `13` = 8L, `14` = 6L, `15` = 5L, `16` = 5L, `17` = 6L, `18` = 1L, 
    `19` = 6L, `20` = 7L, `21` = 2L, `22` = 2L, `24` = 2L, `25` = 1L, 
    `26` = 3L, `27` = 3L, `28` = 3L, `41` = 1L), .Dim = 28L, .Dimnames = list(
        TagUsage = c("1", "2", "3", "4", "5", "6", "7", "8", 
        "9", "10", "11", "12", "13", "14", "15", "16", "17", 
        "18", "19", "20", "21", "22", "24", "25", "26", "27", 
        "28", "41")), class = "table"), No.Tag = structure(c(0L, 
    76L, 0L, 0L, 0L, 63L, 0L, 1L, 0L, 4L, 0L, 0L), .Dim = 4:3, .Dimnames = structure(list(
        c("-1", "0", "1", NA), c("G", "T", NA)), .Names = c("", 
    "")), class = "table"), All.Tags = list(Concordant = list(
        Freqs = structure(c(0, 208, 1, 0, 229, 1), .Dim = 3:2, .Dimnames = list(
            c("-1", "0", "1"), c("G", "T"))), N = 439), Majority = list(
        Freqs = structure(c(0, 220, 2, 0, 250, 1), .Dim = 3:2, .Dimnames = list(
            c("-1", "0", "1"), c("G", "T"))), N = 473)), `2` = structure(c(0, 
    155, 1, 0, 176, 0), .Dim = 3:2, .Dimnames = list(c("-1", 
    "0", "1"), c("G", "T"))))))
