Results <-
list(`bwa.out//20220204//Control27_S20.sam` = list(GM11_SNP1 = list(
    All = list(Freqs = structure(c(11L, 2748L, 13L, 1L, 0L, 2L, 
    0L, 0L, 0L, 1L, 0L, 0L, 0L, 15L, 0L, 0L), .Dim = c(4L, 4L
    ), .Dimnames = structure(list(c("-1", "0", "1", NA), c("A", 
    "G", "T", NA)), .Names = c("", "")), class = "table"), N = 2791L), 
    Tag.Distribution = structure(c(`1` = 105L, `2` = 55L, `3` = 31L, 
    `4` = 35L, `5` = 39L, `6` = 30L, `7` = 27L, `8` = 20L, `9` = 9L, 
    `10` = 11L, `11` = 12L, `12` = 12L, `13` = 8L, `14` = 4L, 
    `15` = 4L, `16` = 7L, `17` = 6L, `18` = 5L, `19` = 6L, `20` = 5L, 
    `21` = 2L, `22` = 1L, `23` = 2L, `24` = 2L, `25` = 1L, `26` = 4L, 
    `28` = 1L, `29` = 2L), .Dim = 28L, .Dimnames = list(TagUsage = c("1", 
    "2", "3", "4", "5", "6", "7", "8", "9", "10", "11", "12", 
    "13", "14", "15", "16", "17", "18", "19", "20", "21", "22", 
    "23", "24", "25", "26", "28", "29")), class = "table"), No.Tag = structure(c(0L, 
    39L, 0L, 0L, 0L, 0L, 0L, 0L, 0L, 1L, 0L, 0L, 0L, 1L, 0L, 
    0L), .Dim = c(4L, 4L), .Dimnames = structure(list(c("-1", 
    "0", "1", NA), c("A", "G", "T", NA)), .Names = c("", "")), class = "table"), 
    All.Tags = list(Concordant = list(Freqs = structure(c(0, 
    423, 0, 0, 1, 0, 0, 0, 0), .Dim = c(3L, 3L), .Dimnames = list(
        c("-1", "0", "1"), c("A", "G", "T"))), N = 424), Majority = list(
        Freqs = structure(c(1, 441, 1, 0, 1, 0, 0, 0, 0), .Dim = c(3L, 
        3L), .Dimnames = list(c("-1", "0", "1"), c("A", "G", 
        "T"))), N = 444)), `2` = structure(c(1, 339, 1, 0, 0, 
    0, 0, 0, 0), .Dim = c(3L, 3L), .Dimnames = list(c("-1", "0", 
    "1"), c("A", "G", "T"))))))
