Results <-
list(`bwa.out//20220204//BlindCMMRD48_S8.sam` = list(GM29_SNP1 = list(
    All = list(Freqs = structure(c(35L, 3101L, 9L, 4L, 0L, 3L, 
    0L, 0L, 0L, 1L, 0L, 0L, 0L, 27L, 0L, 0L), .Dim = c(4L, 4L
    ), .Dimnames = structure(list(c("-1", "0", "1", NA), c("A", 
    "G", "T", NA)), .Names = c("", "")), class = "table"), N = 3180L), 
    Tag.Distribution = structure(c(`1` = 43L, `2` = 19L, `3` = 19L, 
    `4` = 13L, `5` = 17L, `6` = 10L, `7` = 13L, `8` = 7L, `9` = 14L, 
    `10` = 11L, `11` = 14L, `12` = 9L, `13` = 10L, `14` = 6L, 
    `15` = 10L, `16` = 4L, `17` = 7L, `18` = 4L, `19` = 3L, `20` = 6L, 
    `21` = 1L, `22` = 3L, `23` = 4L, `24` = 2L, `25` = 1L, `26` = 2L, 
    `28` = 3L, `29` = 1L, `30` = 2L, `32` = 1L, `33` = 2L, `35` = 1L, 
    `36` = 3L, `38` = 3L, `39` = 2L, `40` = 1L, `43` = 3L, `46` = 2L, 
    `49` = 1L, `50` = 1L, `51` = 1L, `55` = 1L), .Dim = 42L, .Dimnames = list(
        TagUsage = c("1", "2", "3", "4", "5", "6", "7", "8", 
        "9", "10", "11", "12", "13", "14", "15", "16", "17", 
        "18", "19", "20", "21", "22", "23", "24", "25", "26", 
        "28", "29", "30", "32", "33", "35", "36", "38", "39", 
        "40", "43", "46", "49", "50", "51", "55")), class = "table"), 
    No.Tag = structure(c(1L, 26L, 0L, 0L, 0L, 0L, 0L, 0L, 0L, 
    0L, 0L, 0L, 0L, 1L, 0L, 0L), .Dim = c(4L, 4L), .Dimnames = structure(list(
        c("-1", "0", "1", NA), c("A", "G", "T", NA)), .Names = c("", 
    "")), class = "table"), All.Tags = list(Concordant = list(
        Freqs = structure(c(0, 239, 0, 0, 3, 0, 0, 0, 0), .Dim = c(3L, 
        3L), .Dimnames = list(c("-1", "0", "1"), c("A", "G", 
        "T"))), N = 242), Majority = list(Freqs = structure(c(0, 
    274, 0, 0, 3, 0, 0, 0, 0), .Dim = c(3L, 3L), .Dimnames = list(
        c("-1", "0", "1"), c("A", "G", "T"))), N = 277)), `2` = structure(c(0, 
    237, 0, 0, 0, 0, 0, 0, 0), .Dim = c(3L, 3L), .Dimnames = list(
        c("-1", "0", "1"), c("A", "G", "T"))))))
