Results <-
list(`bwa.out//20220204//BlindCMMRD89_S48.sam` = list(GM17_SNP1 = list(
    All = list(Freqs = structure(c(0L, 1L, 0L, 0L, 34L, 2448L, 
    8L, 1L, 0L, 1L, 0L, 0L, 30L, 2472L, 5L, 2L, 0L, 40L, 0L, 
    0L), .Dim = 4:5, .Dimnames = structure(list(c("-1", "0", 
    "1", NA), c("A", "C", "G", "T", NA)), .Names = c("", "")), class = "table"), 
        N = 5042L), Tag.Distribution = structure(c(`1` = 100L, 
    `2` = 64L, `3` = 34L, `4` = 59L, `5` = 45L, `6` = 37L, `7` = 40L, 
    `8` = 30L, `9` = 30L, `10` = 20L, `11` = 23L, `12` = 17L, 
    `13` = 20L, `14` = 13L, `15` = 11L, `16` = 10L, `17` = 5L, 
    `18` = 8L, `19` = 8L, `20` = 4L, `21` = 3L, `22` = 7L, `23` = 5L, 
    `24` = 4L, `25` = 1L, `26` = 2L, `27` = 3L, `28` = 6L, `29` = 4L, 
    `32` = 3L, `33` = 2L, `34` = 1L, `35` = 1L, `36` = 1L, `39` = 2L, 
    `41` = 2L), .Dim = 36L, .Dimnames = list(TagUsage = c("1", 
    "2", "3", "4", "5", "6", "7", "8", "9", "10", "11", "12", 
    "13", "14", "15", "16", "17", "18", "19", "20", "21", "22", 
    "23", "24", "25", "26", "27", "28", "29", "32", "33", "34", 
    "35", "36", "39", "41")), class = "table"), No.Tag = structure(c(0L, 
    0L, 0L, 0L, 0L, 11L, 0L, 0L, 0L, 0L, 0L, 0L, 0L, 39L, 0L, 
    0L, 0L, 7L, 0L, 0L), .Dim = 4:5, .Dimnames = structure(list(
        c("-1", "0", "1", NA), c("A", "C", "G", "T", NA)), .Names = c("", 
    "")), class = "table"), All.Tags = list(Concordant = list(
        Freqs = structure(c(0, 0, 0, 1, 245, 0, 0, 0, 0, 1, 281, 
        0), .Dim = 3:4, .Dimnames = list(c("-1", "0", "1"), c("A", 
        "C", "G", "T"))), N = 528), Majority = list(Freqs = structure(c(0, 
    0, 0, 2, 290, 0, 0, 0, 0, 1, 323, 0), .Dim = 3:4, .Dimnames = list(
        c("-1", "0", "1"), c("A", "C", "G", "T"))), N = 616)), 
    `2` = structure(c(0, 0, 0, 1, 251, 0, 0, 0, 0, 1, 269, 0), .Dim = 3:4, .Dimnames = list(
        c("-1", "0", "1"), c("A", "C", "G", "T"))))))
