Results <-
list(`bwa.out//20220204//MLPA79_S11.sam` = list(IM49_SNP1 = list(
    All = list(Freqs = structure(c(2L, 57L, 1929L, 38L, 8L, 0L, 
    0L, 2L, 0L, 0L, 0L, 0L, 86L, 0L, 0L), .Dim = c(5L, 3L), .Dimnames = structure(list(
        c("-2", "-1", "0", "1", NA), c("C", "G", NA)), .Names = c("", 
    "")), class = "table"), N = 2122L), Tag.Distribution = structure(c(`1` = 147L, 
    `2` = 59L, `3` = 54L, `4` = 24L, `5` = 30L, `6` = 29L, `7` = 20L, 
    `8` = 14L, `9` = 18L, `10` = 10L, `11` = 7L, `12` = 5L, `13` = 10L, 
    `14` = 2L, `15` = 2L, `16` = 2L, `17` = 1L, `18` = 1L, `19` = 1L, 
    `20` = 4L, `21` = 1L, `22` = 1L, `23` = 1L, `24` = 1L, `29` = 1L, 
    `31` = 1L, `33` = 1L), .Dim = 27L, .Dimnames = list(TagUsage = c("1", 
    "2", "3", "4", "5", "6", "7", "8", "9", "10", "11", "12", 
    "13", "14", "15", "16", "17", "18", "19", "20", "21", "22", 
    "23", "24", "29", "31", "33")), class = "table"), No.Tag = structure(c(0L, 
    1L, 82L, 2L, 0L, 0L, 0L, 0L, 0L, 0L, 0L, 0L, 2L, 0L, 0L), .Dim = c(5L, 
    3L), .Dimnames = structure(list(c("-2", "-1", "0", "1", NA
    ), c("C", "G", NA)), .Names = c("", "")), class = "table"), 
    All.Tags = list(Concordant = list(Freqs = structure(c(0, 
    2, 340, 1, 0, 0, 2, 0), .Dim = c(4L, 2L), .Dimnames = list(
        c("-2", "-1", "0", "1"), c("C", "G"))), N = 345), Majority = list(
        Freqs = structure(c(0, 3, 402, 1, 0, 0, 2, 0), .Dim = c(4L, 
        2L), .Dimnames = list(c("-2", "-1", "0", "1"), c("C", 
        "G"))), N = 408)), `2` = structure(c(0, 1, 289, 1, 0, 
    0, 0, 0), .Dim = c(4L, 2L), .Dimnames = list(c("-2", "-1", 
    "0", "1"), c("C", "G"))))))
