Results <-
list(`bwa.out//20220204//BlindCMMRD131_S57.sam` = list(GM11_SNP1 = list(
    All = list(Freqs = structure(c(28L, 5827L, 15L, 5L, 0L, 3L, 
    0L, 0L, 0L, 1L, 0L, 0L, 0L, 24L, 1L, 0L), .Dim = c(4L, 4L
    ), .Dimnames = structure(list(c("-1", "0", "1", NA), c("A", 
    "G", "T", NA)), .Names = c("", "")), class = "table"), N = 5904L), 
    Tag.Distribution = structure(c(`1` = 195L, `2` = 173L, `3` = 154L, 
    `4` = 130L, `5` = 107L, `6` = 97L, `7` = 71L, `8` = 59L, 
    `9` = 46L, `10` = 30L, `11` = 25L, `12` = 20L, `13` = 13L, 
    `14` = 8L, `15` = 11L, `16` = 3L, `17` = 4L, `18` = 4L, `19` = 4L, 
    `20` = 2L, `21` = 3L, `24` = 2L, `27` = 1L, `30` = 1L, `33` = 1L, 
    `35` = 1L), .Dim = 26L, .Dimnames = list(TagUsage = c("1", 
    "2", "3", "4", "5", "6", "7", "8", "9", "10", "11", "12", 
    "13", "14", "15", "16", "17", "18", "19", "20", "21", "24", 
    "27", "30", "33", "35")), class = "table"), No.Tag = structure(c(0L, 
    79L, 0L, 0L, 0L, 0L, 0L, 0L, 0L, 0L, 0L, 0L, 0L, 1L, 0L, 
    0L), .Dim = c(4L, 4L), .Dimnames = structure(list(c("-1", 
    "0", "1", NA), c("A", "G", "T", NA)), .Names = c("", "")), class = "table"), 
    All.Tags = list(Concordant = list(Freqs = structure(c(0, 
    1116, 0, 0, 0, 0, 0, 0, 0), .Dim = c(3L, 3L), .Dimnames = list(
        c("-1", "0", "1"), c("A", "G", "T"))), N = 1116), Majority = list(
        Freqs = structure(c(1, 1157, 0, 0, 0, 0, 0, 0, 0), .Dim = c(3L, 
        3L), .Dimnames = list(c("-1", "0", "1"), c("A", "G", 
        "T"))), N = 1158)), `2` = structure(c(1, 967, 0, 0, 0, 
    0, 0, 0, 0), .Dim = c(3L, 3L), .Dimnames = list(c("-1", "0", 
    "1"), c("A", "G", "T"))))))
