Results <-
list(`bwa.out//20220204//BlindCMMRD54_S13.sam` = list(GM17_SNP1 = list(
    All = list(Freqs = structure(c(1L, 82L, 5908L, 31L, 1L, 3L, 
    0L, 0L, 10L, 0L, 0L, 0L, 1L, 3L, 57L, 1L, 0L, 0L), .Dim = c(6L, 
    3L), .Dimnames = structure(list(c("-2", "-1", "0", "1", "2", 
    NA), c("C", "T", NA)), .Names = c("", "")), class = "table"), 
        N = 6098L), Tag.Distribution = structure(c(`1` = 126L, 
    `2` = 38L, `3` = 48L, `4` = 32L, `5` = 30L, `6` = 19L, `7` = 22L, 
    `8` = 22L, `9` = 27L, `10` = 20L, `11` = 23L, `12` = 21L, 
    `13` = 19L, `14` = 13L, `15` = 10L, `16` = 11L, `17` = 11L, 
    `18` = 10L, `19` = 8L, `20` = 13L, `21` = 12L, `22` = 6L, 
    `23` = 8L, `24` = 5L, `25` = 5L, `26` = 5L, `27` = 9L, `28` = 6L, 
    `29` = 3L, `30` = 4L, `31` = 2L, `32` = 5L, `33` = 2L, `34` = 7L, 
    `35` = 2L, `38` = 1L, `39` = 2L, `41` = 1L, `43` = 1L, `64` = 1L
    ), .Dim = 40L, .Dimnames = list(TagUsage = c("1", "2", "3", 
    "4", "5", "6", "7", "8", "9", "10", "11", "12", "13", "14", 
    "15", "16", "17", "18", "19", "20", "21", "22", "23", "24", 
    "25", "26", "27", "28", "29", "30", "31", "32", "33", "34", 
    "35", "38", "39", "41", "43", "64")), class = "table"), No.Tag = structure(c(0L, 
    2L, 111L, 0L, 0L, 0L, 0L, 0L, 1L, 0L, 0L, 0L, 0L, 0L, 13L, 
    0L, 0L, 0L), .Dim = c(6L, 3L), .Dimnames = structure(list(
        c("-2", "-1", "0", "1", "2", NA), c("C", "T", NA)), .Names = c("", 
    "")), class = "table"), All.Tags = list(Concordant = list(
        Freqs = structure(c(0, 1, 531, 2, 0, 0, 0, 5, 0, 0), .Dim = c(5L, 
        2L), .Dimnames = list(c("-2", "-1", "0", "1", "2"), c("C", 
        "T"))), N = 539), Majority = list(Freqs = structure(c(0, 
    2, 592, 4, 0, 0, 0, 5, 0, 0), .Dim = c(5L, 2L), .Dimnames = list(
        c("-2", "-1", "0", "1", "2"), c("C", "T"))), N = 603)), 
    `2` = structure(c(0, 2, 479, 2, 0, 0, 0, 0, 0, 0), .Dim = c(5L, 
    2L), .Dimnames = list(c("-2", "-1", "0", "1", "2"), c("C", 
    "T"))))))
