Results <-
list(`bwa.out//20220204//BlindCMMRD95_S54.sam` = list(LR46_SNP1 = list(
    All = list(Freqs = structure(c(0L, 0L, 1L, 0L, 0L, 1L, 11L, 
    4241L, 13L, 6L, 0L, 0L, 2L, 0L, 0L, 0L, 0L, 30L, 0L, 0L), .Dim = 5:4, .Dimnames = structure(list(
        c("-2", "-1", "0", "1", NA), c("A", "G", "T", NA)), .Names = c("", 
    "")), class = "table"), N = 4305L), Tag.Distribution = structure(c(`1` = 107L, 
    `2` = 28L, `3` = 19L, `4` = 22L, `5` = 16L, `6` = 14L, `7` = 12L, 
    `8` = 13L, `9` = 15L, `10` = 12L, `11` = 13L, `12` = 15L, 
    `13` = 10L, `14` = 12L, `15` = 7L, `16` = 8L, `17` = 8L, 
    `18` = 5L, `19` = 5L, `20` = 4L, `21` = 5L, `22` = 2L, `23` = 2L, 
    `24` = 7L, `25` = 1L, `26` = 5L, `27` = 4L, `29` = 5L, `30` = 3L, 
    `31` = 2L, `32` = 3L, `33` = 2L, `34` = 2L, `35` = 2L, `36` = 2L, 
    `38` = 1L, `40` = 2L, `41` = 1L, `42` = 3L, `43` = 1L, `45` = 1L, 
    `47` = 3L, `51` = 1L, `54` = 1L, `55` = 1L, `57` = 1L), .Dim = 46L, .Dimnames = list(
        TagUsage = c("1", "2", "3", "4", "5", "6", "7", "8", 
        "9", "10", "11", "12", "13", "14", "15", "16", "17", 
        "18", "19", "20", "21", "22", "23", "24", "25", "26", 
        "27", "29", "30", "31", "32", "33", "34", "35", "36", 
        "38", "40", "41", "42", "43", "45", "47", "51", "54", 
        "55", "57")), class = "table"), No.Tag = structure(c(0L, 
    0L, 0L, 0L, 0L, 0L, 0L, 106L, 0L, 0L, 0L, 0L, 0L, 0L, 0L, 
    0L, 0L, 3L, 0L, 0L), .Dim = 5:4, .Dimnames = structure(list(
        c("-2", "-1", "0", "1", NA), c("A", "G", "T", NA)), .Names = c("", 
    "")), class = "table"), All.Tags = list(Concordant = list(
        Freqs = structure(c(0, 0, 0, 0, 0, 0, 378, 0, 0, 0, 1, 
        0), .Dim = 4:3, .Dimnames = list(c("-2", "-1", "0", "1"
        ), c("A", "G", "T"))), N = 379), Majority = list(Freqs = structure(c(0, 
    0, 0, 0, 0, 0, 401, 0, 0, 0, 1, 0), .Dim = 4:3, .Dimnames = list(
        c("-2", "-1", "0", "1"), c("A", "G", "T"))), N = 402)), 
    `2` = structure(c(0, 0, 0, 0, 0, 0, 299, 0, 0, 0, 0, 0), .Dim = 4:3, .Dimnames = list(
        c("-2", "-1", "0", "1"), c("A", "G", "T"))))))
