Results <-
list(`bwa.out//20220204//17D1520_S5.sam` = list(GM09_SNP1 = list(
    All = list(Freqs = structure(c(13L, 2278L, 2L, 1L, 8L, 2202L, 
    9L, 0L, 0L, 26L, 0L, 0L), .Dim = 4:3, .Dimnames = structure(list(
        c("-1", "0", "1", "2"), c("A", "G", NA)), .Names = c("", 
    "")), class = "table"), N = 4539L), Tag.Distribution = structure(c(`1` = 155L, 
    `2` = 69L, `3` = 55L, `4` = 49L, `5` = 44L, `6` = 34L, `7` = 17L, 
    `8` = 25L, `9` = 14L, `10` = 15L, `11` = 14L, `12` = 9L, 
    `13` = 13L, `14` = 5L, `15` = 15L, `16` = 5L, `17` = 11L, 
    `18` = 10L, `19` = 5L, `20` = 11L, `21` = 4L, `22` = 5L, 
    `23` = 5L, `24` = 2L, `25` = 4L, `26` = 1L, `27` = 4L, `28` = 2L, 
    `30` = 3L, `31` = 1L, `32` = 4L, `33` = 1L, `34` = 1L, `35` = 2L, 
    `36` = 1L, `38` = 2L, `39` = 1L, `41` = 1L, `44` = 1L, `47` = 1L
    ), .Dim = 40L, .Dimnames = list(TagUsage = c("1", "2", "3", 
    "4", "5", "6", "7", "8", "9", "10", "11", "12", "13", "14", 
    "15", "16", "17", "18", "19", "20", "21", "22", "23", "24", 
    "25", "26", "27", "28", "30", "31", "32", "33", "34", "35", 
    "36", "38", "39", "41", "44", "47")), class = "table"), No.Tag = structure(c(0L, 
    24L, 0L, 0L, 0L, 0L, 35L, 0L, 0L, 0L, 0L, 3L, 0L, 0L, 0L), .Dim = c(5L, 
    3L), .Dimnames = structure(list(c("-1", "0", "1", "2", NA
    ), c("A", "G", NA)), .Names = c("", "")), class = "table"), 
    All.Tags = list(Concordant = list(Freqs = structure(c(0, 
    290, 0, 0, 1, 261, 1, 0), .Dim = c(4L, 2L), .Dimnames = list(
        c("-1", "0", "1", "2"), c("A", "G"))), N = 553), Majority = list(
        Freqs = structure(c(0, 320, 0, 0, 1, 289, 1, 0), .Dim = c(4L, 
        2L), .Dimnames = list(c("-1", "0", "1", "2"), c("A", 
        "G"))), N = 611)), `2` = structure(c(0, 243, 0, 0, 0, 
    216, 1, 0), .Dim = c(4L, 2L), .Dimnames = list(c("-1", "0", 
    "1", "2"), c("A", "G"))))))
