Results <-
list(`bwa.out//20220204//BlindCMMRD108_S10.sam` = list(GM29_SNP1 = list(
    All = list(Freqs = structure(c(1L, 1L, 18L, 1884L, 2L, 1L, 
    0L, 0L, 0L, 2L, 0L, 0L, 0L, 0L, 0L, 8L, 0L, 0L), .Dim = c(6L, 
    3L), .Dimnames = structure(list(c("-3", "-2", "-1", "0", 
    "1", NA), c("A", "G", NA)), .Names = c("", "")), class = "table"), 
        N = 1917L), Tag.Distribution = structure(c(`1` = 34L, 
    `2` = 19L, `3` = 14L, `4` = 17L, `5` = 11L, `6` = 14L, `7` = 16L, 
    `8` = 13L, `9` = 6L, `10` = 12L, `11` = 10L, `12` = 5L, `13` = 6L, 
    `14` = 5L, `15` = 5L, `16` = 4L, `17` = 4L, `18` = 3L, `19` = 3L, 
    `20` = 3L, `21` = 2L, `22` = 2L, `24` = 4L, `25` = 4L, `26` = 1L, 
    `27` = 1L, `30` = 2L, `33` = 1L, `37` = 1L, `38` = 1L), .Dim = 30L, .Dimnames = list(
        TagUsage = c("1", "2", "3", "4", "5", "6", "7", "8", 
        "9", "10", "11", "12", "13", "14", "15", "16", "17", 
        "18", "19", "20", "21", "22", "24", "25", "26", "27", 
        "30", "33", "37", "38")), class = "table"), No.Tag = structure(c(0L, 
    0L, 0L, 5L, 0L, 0L, 0L, 0L, 0L, 0L, 0L, 0L, 0L, 0L, 0L, 2L, 
    0L, 0L), .Dim = c(6L, 3L), .Dimnames = structure(list(c("-3", 
    "-2", "-1", "0", "1", NA), c("A", "G", NA)), .Names = c("", 
    "")), class = "table"), All.Tags = list(Concordant = list(
        Freqs = structure(c(0, 0, 1, 204, 0, 0, 0, 0, 1, 0), .Dim = c(5L, 
        2L), .Dimnames = list(c("-3", "-2", "-1", "0", "1"), 
            c("A", "G"))), N = 206), Majority = list(Freqs = structure(c(0, 
    0, 1, 220, 0, 0, 0, 0, 1, 0), .Dim = c(5L, 2L), .Dimnames = list(
        c("-3", "-2", "-1", "0", "1"), c("A", "G"))), N = 222)), 
    `2` = structure(c(0, 0, 0, 188, 0, 0, 0, 0, 0, 0), .Dim = c(5L, 
    2L), .Dimnames = list(c("-3", "-2", "-1", "0", "1"), c("A", 
    "G"))))))
