Results <-
list(`bwa.out//20220204//BlindCMMRD79_S38.sam` = list(GM09_SNP1 = list(
    All = list(Freqs = structure(c(24L, 2671L, 0L, 0L, 8L, 2501L, 
    4L, 1L, 0L, 40L, 0L, 0L), .Dim = 4:3, .Dimnames = structure(list(
        c("-1", "0", "1", NA), c("A", "G", NA)), .Names = c("", 
    "")), class = "table"), N = 5249L), Tag.Distribution = structure(c(`1` = 131L, 
    `2` = 68L, `3` = 66L, `4` = 73L, `5` = 57L, `6` = 57L, `7` = 34L, 
    `8` = 46L, `9` = 30L, `10` = 23L, `11` = 20L, `12` = 30L, 
    `13` = 19L, `14` = 18L, `15` = 23L, `16` = 12L, `17` = 10L, 
    `18` = 10L, `19` = 4L, `20` = 4L, `21` = 5L, `22` = 4L, `23` = 4L, 
    `24` = 2L, `25` = 4L, `28` = 2L, `34` = 1L, `37` = 1L), .Dim = 28L, .Dimnames = list(
        TagUsage = c("1", "2", "3", "4", "5", "6", "7", "8", 
        "9", "10", "11", "12", "13", "14", "15", "16", "17", 
        "18", "19", "20", "21", "22", "23", "24", "25", "28", 
        "34", "37")), class = "table"), No.Tag = structure(c(0L, 
    41L, 0L, 0L, 0L, 32L, 0L, 1L, 0L, 3L, 0L, 0L), .Dim = 4:3, .Dimnames = structure(list(
        c("-1", "0", "1", NA), c("A", "G", NA)), .Names = c("", 
    "")), class = "table"), All.Tags = list(Concordant = list(
        Freqs = structure(c(1, 340, 0, 0, 309, 0), .Dim = 3:2, .Dimnames = list(
            c("-1", "0", "1"), c("A", "G"))), N = 650), Majority = list(
        Freqs = structure(c(1, 394, 0, 0, 349, 0), .Dim = 3:2, .Dimnames = list(
            c("-1", "0", "1"), c("A", "G"))), N = 744)), `2` = structure(c(1, 
    329, 0, 0, 289, 0), .Dim = 3:2, .Dimnames = list(c("-1", 
    "0", "1"), c("A", "G"))))))
