Results <-
list(`bwa.out//20220204//BlindCMMRD53_S12.sam` = list(GM01_SNP1 = list(
    All = list(Freqs = structure(c(0L, 36L, 3067L, 15L, 1L, 2L, 
    1L, 50L, 3519L, 10L, 0L, 4L, 0L, 4L, 78L, 0L, 0L, 0L), .Dim = c(6L, 
    3L), .Dimnames = structure(list(c("-2", "-1", "0", "1", "2", 
    NA), c("A", "G", NA)), .Names = c("", "")), class = "table"), 
        N = 6787L), Tag.Distribution = structure(c(`1` = 145L, 
    `2` = 89L, `3` = 72L, `4` = 64L, `5` = 59L, `6` = 36L, `7` = 31L, 
    `8` = 31L, `9` = 39L, `10` = 32L, `11` = 26L, `12` = 23L, 
    `13` = 16L, `14` = 12L, `15` = 11L, `16` = 12L, `17` = 12L, 
    `18` = 11L, `19` = 11L, `20` = 11L, `21` = 11L, `22` = 5L, 
    `23` = 6L, `24` = 7L, `25` = 8L, `26` = 4L, `27` = 5L, `28` = 4L, 
    `29` = 8L, `30` = 3L, `33` = 1L, `34` = 1L, `36` = 2L, `37` = 1L, 
    `38` = 2L, `39` = 1L, `40` = 2L, `41` = 1L, `42` = 1L, `43` = 1L, 
    `52` = 1L), .Dim = 41L, .Dimnames = list(TagUsage = c("1", 
    "2", "3", "4", "5", "6", "7", "8", "9", "10", "11", "12", 
    "13", "14", "15", "16", "17", "18", "19", "20", "21", "22", 
    "23", "24", "25", "26", "27", "28", "29", "30", "33", "34", 
    "36", "37", "38", "39", "40", "41", "42", "43", "52")), class = "table"), 
    No.Tag = structure(c(0L, 0L, 73L, 0L, 0L, 0L, 0L, 0L, 71L, 
    0L, 0L, 1L, 0L, 0L, 5L, 0L, 0L, 0L), .Dim = c(6L, 3L), .Dimnames = structure(list(
        c("-2", "-1", "0", "1", "2", NA), c("A", "G", NA)), .Names = c("", 
    "")), class = "table"), All.Tags = list(Concordant = list(
        Freqs = structure(c(0, 2, 323, 0, 0, 0, 0, 359, 0, 0), .Dim = c(5L, 
        2L), .Dimnames = list(c("-2", "-1", "0", "1", "2"), c("A", 
        "G"))), N = 684), Majority = list(Freqs = structure(c(0, 
    2, 384, 0, 0, 0, 0, 421, 0, 0), .Dim = c(5L, 2L), .Dimnames = list(
        c("-2", "-1", "0", "1", "2"), c("A", "G"))), N = 807)), 
    `2` = structure(c(0, 0, 316, 0, 0, 0, 0, 349, 0, 0), .Dim = c(5L, 
    2L), .Dimnames = list(c("-2", "-1", "0", "1", "2"), c("A", 
    "G"))))))
