Results <-
list(`bwa.out//20220204//Control30_S23.sam` = list(LR11_SNP1 = list(
    All = list(Freqs = structure(c(2L, 46L, 2719L, 17L, 9L, 0L, 
    0L, 2L, 0L, 0L, 0L, 0L, 11L, 0L, 0L), .Dim = c(5L, 3L), .Dimnames = structure(list(
        c("-2", "-1", "0", "1", NA), c("A", "C", NA)), .Names = c("", 
    "")), class = "table"), N = 2806L), Tag.Distribution = structure(c(`1` = 119L, 
    `2` = 53L, `3` = 44L, `4` = 41L, `5` = 36L, `6` = 25L, `7` = 20L, 
    `8` = 21L, `9` = 22L, `10` = 24L, `11` = 10L, `12` = 12L, 
    `13` = 6L, `14` = 5L, `15` = 9L, `16` = 9L, `17` = 2L, `18` = 5L, 
    `19` = 4L, `20` = 2L, `21` = 3L, `22` = 2L, `23` = 1L, `24` = 2L, 
    `25` = 1L, `26` = 1L, `27` = 1L), .Dim = 27L, .Dimnames = list(
        TagUsage = c("1", "2", "3", "4", "5", "6", "7", "8", 
        "9", "10", "11", "12", "13", "14", "15", "16", "17", 
        "18", "19", "20", "21", "22", "23", "24", "25", "26", 
        "27")), class = "table"), No.Tag = structure(c(0L, 0L, 
    29L, 0L, 1L, 0L, 0L, 2L, 0L, 0L, 0L, 0L, 0L, 0L, 0L), .Dim = c(5L, 
    3L), .Dimnames = structure(list(c("-2", "-1", "0", "1", NA
    ), c("A", "C", NA)), .Names = c("", "")), class = "table"), 
    All.Tags = list(Concordant = list(Freqs = structure(c(0, 
    2, 420, 0, 0, 0, 0, 0), .Dim = c(4L, 2L), .Dimnames = list(
        c("-2", "-1", "0", "1"), c("A", "C"))), N = 422), Majority = list(
        Freqs = structure(c(0, 2, 475, 0, 0, 0, 0, 0), .Dim = c(4L, 
        2L), .Dimnames = list(c("-2", "-1", "0", "1"), c("A", 
        "C"))), N = 477)), `2` = structure(c(0, 0, 360, 0, 0, 
    0, 0, 0), .Dim = c(4L, 2L), .Dimnames = list(c("-2", "-1", 
    "0", "1"), c("A", "C"))))))
