Results <-
list(`bwa.out//20220204//BlindCMMRD92_S51.sam` = list(LR11_SNP1 = list(
    All = list(Freqs = structure(c(3L, 87L, 4391L, 18L, 1L, 15L, 
    0L, 0L, 11L, 0L, 0L, 0L, 1L, 0L, 22L, 0L, 0L, 0L), .Dim = c(6L, 
    3L), .Dimnames = structure(list(c("-2", "-1", "0", "1", "2", 
    NA), c("A", "C", NA)), .Names = c("", "")), class = "table"), 
        N = 4549L), Tag.Distribution = structure(c(`1` = 85L, 
    `2` = 41L, `3` = 40L, `4` = 39L, `5` = 28L, `6` = 19L, `7` = 32L, 
    `8` = 18L, `9` = 16L, `10` = 26L, `11` = 18L, `12` = 11L, 
    `13` = 19L, `14` = 14L, `15` = 15L, `16` = 14L, `17` = 9L, 
    `18` = 3L, `19` = 9L, `20` = 11L, `21` = 4L, `22` = 5L, `23` = 9L, 
    `24` = 6L, `25` = 3L, `26` = 3L, `27` = 8L, `28` = 2L, `29` = 1L, 
    `30` = 4L, `33` = 1L, `34` = 1L, `35` = 1L), .Dim = 33L, .Dimnames = list(
        TagUsage = c("1", "2", "3", "4", "5", "6", "7", "8", 
        "9", "10", "11", "12", "13", "14", "15", "16", "17", 
        "18", "19", "20", "21", "22", "23", "24", "25", "26", 
        "27", "28", "29", "30", "33", "34", "35")), class = "table"), 
    No.Tag = structure(c(0L, 1L, 34L, 1L, 0L, 2L, 0L, 0L, 0L, 
    0L, 0L, 0L, 0L, 0L, 1L, 0L, 0L, 0L), .Dim = c(6L, 3L), .Dimnames = structure(list(
        c("-2", "-1", "0", "1", "2", NA), c("A", "C", NA)), .Names = c("", 
    "")), class = "table"), All.Tags = list(Concordant = list(
        Freqs = structure(c(0, 1, 416, 2, 0, 0, 0, 8, 0, 0), .Dim = c(5L, 
        2L), .Dimnames = list(c("-2", "-1", "0", "1", "2"), c("A", 
        "C"))), N = 427), Majority = list(Freqs = structure(c(0, 
    2, 497, 2, 0, 0, 0, 8, 0, 0), .Dim = c(5L, 2L), .Dimnames = list(
        c("-2", "-1", "0", "1", "2"), c("A", "C"))), N = 509)), 
    `2` = structure(c(0, 2, 425, 0, 0, 0, 0, 0, 0, 0), .Dim = c(5L, 
    2L), .Dimnames = list(c("-2", "-1", "0", "1", "2"), c("A", 
    "C"))))))
