Results <-
list(`bwa.out//20220204//BlindCMMRD42_S2.sam` = list(LR24_SNP1 = list(
    All = list(Freqs = structure(c(1L, 20L, 6437L, 10L, 8L, 0L, 
    0L, 8L, 0L, 0L, 0L, 0L, 34L, 0L, 0L), .Dim = c(5L, 3L), .Dimnames = structure(list(
        c("-2", "-1", "0", "1", NA), c("A", "G", NA)), .Names = c("", 
    "")), class = "table"), N = 6518L), Tag.Distribution = structure(c(`1` = 128L, 
    `2` = 37L, `3` = 44L, `4` = 34L, `5` = 27L, `6` = 30L, `7` = 22L, 
    `8` = 26L, `9` = 20L, `10` = 21L, `11` = 24L, `12` = 23L, 
    `13` = 25L, `14` = 14L, `15` = 14L, `16` = 13L, `17` = 15L, 
    `18` = 13L, `19` = 9L, `20` = 12L, `21` = 6L, `22` = 6L, 
    `23` = 8L, `24` = 5L, `25` = 4L, `26` = 5L, `27` = 2L, `28` = 2L, 
    `30` = 5L, `31` = 1L, `33` = 5L, `34` = 1L, `35` = 1L, `36` = 1L, 
    `37` = 1L, `38` = 2L, `39` = 1L, `40` = 2L, `42` = 2L, `44` = 3L, 
    `45` = 1L, `48` = 1L, `49` = 1L, `50` = 1L, `51` = 1L, `52` = 1L, 
    `54` = 2L, `55` = 1L, `59` = 1L, `63` = 1L, `72` = 1L), .Dim = 51L, .Dimnames = list(
        TagUsage = c("1", "2", "3", "4", "5", "6", "7", "8", 
        "9", "10", "11", "12", "13", "14", "15", "16", "17", 
        "18", "19", "20", "21", "22", "23", "24", "25", "26", 
        "27", "28", "30", "31", "33", "34", "35", "36", "37", 
        "38", "39", "40", "42", "44", "45", "48", "49", "50", 
        "51", "52", "54", "55", "59", "63", "72")), class = "table"), 
    No.Tag = structure(c(0L, 2L, 140L, 0L, 0L, 0L, 0L, 2L, 0L, 
    0L, 0L, 0L, 5L, 0L, 0L), .Dim = c(5L, 3L), .Dimnames = structure(list(
        c("-2", "-1", "0", "1", NA), c("A", "G", NA)), .Names = c("", 
    "")), class = "table"), All.Tags = list(Concordant = list(
        Freqs = structure(c(0, 1, 585, 0, 0, 0, 4, 0), .Dim = c(4L, 
        2L), .Dimnames = list(c("-2", "-1", "0", "1"), c("A", 
        "G"))), N = 590), Majority = list(Freqs = structure(c(0, 
    1, 615, 0, 0, 0, 4, 0), .Dim = c(4L, 2L), .Dimnames = list(
        c("-2", "-1", "0", "1"), c("A", "G"))), N = 620)), `2` = structure(c(0, 
    0, 497, 0, 0, 0, 0, 0), .Dim = c(4L, 2L), .Dimnames = list(
        c("-2", "-1", "0", "1"), c("A", "G"))))))
