Results <-
list(`bwa.out//20220204//BlindCMMRD41_S1.sam` = list(LR36_SNP1 = list(
    All = list(Freqs = structure(c(0L, 0L, 0L, 7L, 0L, 0L, 1L, 
    6L, 78L, 3161L, 27L, 14L, 0L, 0L, 1L, 148L, 1L, 0L), .Dim = c(6L, 
    3L), .Dimnames = structure(list(c("-3", "-2", "-1", "0", 
    "1", NA), c("A", "T", NA)), .Names = c("", "")), class = "table"), 
        N = 3444L), Tag.Distribution = structure(c(`1` = 65L, 
    `2` = 14L, `3` = 15L, `4` = 15L, `5` = 17L, `6` = 12L, `7` = 11L, 
    `8` = 7L, `9` = 6L, `10` = 9L, `11` = 11L, `12` = 10L, `13` = 11L, 
    `14` = 9L, `15` = 7L, `16` = 3L, `17` = 6L, `18` = 5L, `19` = 10L, 
    `20` = 4L, `21` = 3L, `22` = 4L, `23` = 5L, `24` = 2L, `25` = 3L, 
    `26` = 4L, `27` = 4L, `28` = 2L, `29` = 1L, `30` = 1L, `31` = 1L, 
    `32` = 2L, `33` = 1L, `34` = 1L, `35` = 1L, `36` = 1L, `38` = 1L, 
    `39` = 1L, `41` = 2L, `42` = 2L, `44` = 3L, `45` = 3L, `47` = 1L, 
    `65` = 1L), .Dim = 44L, .Dimnames = list(TagUsage = c("1", 
    "2", "3", "4", "5", "6", "7", "8", "9", "10", "11", "12", 
    "13", "14", "15", "16", "17", "18", "19", "20", "21", "22", 
    "23", "24", "25", "26", "27", "28", "29", "30", "31", "32", 
    "33", "34", "35", "36", "38", "39", "41", "42", "44", "45", 
    "47", "65")), class = "table"), No.Tag = structure(c(0L, 
    0L, 0L, 1L, 0L, 0L, 0L, 0L, 1L, 98L, 0L, 1L, 0L, 0L, 0L, 
    14L, 1L, 0L), .Dim = c(6L, 3L), .Dimnames = structure(list(
        c("-3", "-2", "-1", "0", "1", NA), c("A", "T", NA)), .Names = c("", 
    "")), class = "table"), All.Tags = list(Concordant = list(
        Freqs = structure(c(0, 0, 0, 4, 0, 0, 0, 1, 202, 1), .Dim = c(5L, 
        2L), .Dimnames = list(c("-3", "-2", "-1", "0", "1"), 
            c("A", "T"))), N = 208), Majority = list(Freqs = structure(c(0, 
    0, 0, 4, 0, 0, 0, 1, 282, 1), .Dim = c(5L, 2L), .Dimnames = list(
        c("-3", "-2", "-1", "0", "1"), c("A", "T"))), N = 288)), 
    `2` = structure(c(0, 0, 0, 0, 0, 0, 0, 1, 230, 0), .Dim = c(5L, 
    2L), .Dimnames = list(c("-3", "-2", "-1", "0", "1"), c("A", 
    "T"))))))
