Results <-
list(`bwa.out//20220204//BlindCMMRD64_S23.sam` = list(LR10_SNP1 = list(
    All = list(Freqs = structure(c(0L, 4L, 0L, 0L, 65L, 4038L, 
    20L, 3L, 0L, 49L, 2L, 0L), .Dim = 4:3, .Dimnames = structure(list(
        c("-1", "0", "1", NA), c("C", "T", NA)), .Names = c("", 
    "")), class = "table"), N = 4181L), Tag.Distribution = structure(c(`1` = 103L, 
    `2` = 53L, `3` = 54L, `4` = 48L, `5` = 27L, `6` = 33L, `7` = 30L, 
    `8` = 25L, `9` = 23L, `10` = 22L, `11` = 21L, `12` = 10L, 
    `13` = 15L, `14` = 16L, `15` = 10L, `16` = 15L, `17` = 7L, 
    `18` = 11L, `19` = 4L, `20` = 7L, `21` = 7L, `22` = 3L, `23` = 6L, 
    `24` = 4L, `25` = 2L, `27` = 1L, `31` = 3L, `33` = 1L, `36` = 1L
    ), .Dim = 29L, .Dimnames = list(TagUsage = c("1", "2", "3", 
    "4", "5", "6", "7", "8", "9", "10", "11", "12", "13", "14", 
    "15", "16", "17", "18", "19", "20", "21", "22", "23", "24", 
    "25", "27", "31", "33", "36")), class = "table"), No.Tag = structure(c(0L, 
    0L, 0L, 0L, 3L, 66L, 0L, 0L, 0L, 0L, 0L, 0L), .Dim = 4:3, .Dimnames = structure(list(
        c("-1", "0", "1", NA), c("C", "T", NA)), .Names = c("", 
    "")), class = "table"), All.Tags = list(Concordant = list(
        Freqs = structure(c(0, 4, 0, 0, 500, 0), .Dim = 3:2, .Dimnames = list(
            c("-1", "0", "1"), c("C", "T"))), N = 504), Majority = list(
        Freqs = structure(c(0, 4, 0, 1, 551, 1), .Dim = 3:2, .Dimnames = list(
            c("-1", "0", "1"), c("C", "T"))), N = 557)), `2` = structure(c(0, 
    0, 0, 1, 456, 1), .Dim = 3:2, .Dimnames = list(c("-1", "0", 
    "1"), c("C", "T"))))))
