Results <-
list(`bwa.out//20220204//BlindCMMRD60_S19.sam` = list(GM14_SNP1 = list(
    All = list(Freqs = structure(c(1L, 42L, 1435L, 12L, 6L, 1L, 
    30L, 1576L, 7L, 1L, 0L, 0L, 26L, 0L, 0L), .Dim = c(5L, 3L
    ), .Dimnames = structure(list(c("-2", "-1", "0", "1", NA), 
        c("C", "T", NA)), .Names = c("", "")), class = "table"), 
        N = 3137L), Tag.Distribution = structure(c(`1` = 85L, 
    `2` = 29L, `3` = 30L, `4` = 28L, `5` = 26L, `6` = 21L, `7` = 13L, 
    `8` = 14L, `9` = 14L, `10` = 8L, `11` = 19L, `12` = 8L, `13` = 11L, 
    `14` = 7L, `15` = 11L, `16` = 2L, `17` = 13L, `18` = 9L, 
    `19` = 6L, `20` = 9L, `21` = 2L, `23` = 4L, `25` = 7L, `26` = 1L, 
    `28` = 2L, `30` = 1L, `32` = 1L, `38` = 2L, `39` = 2L, `42` = 1L
    ), .Dim = 30L, .Dimnames = list(TagUsage = c("1", "2", "3", 
    "4", "5", "6", "7", "8", "9", "10", "11", "12", "13", "14", 
    "15", "16", "17", "18", "19", "20", "21", "23", "25", "26", 
    "28", "30", "32", "38", "39", "42")), class = "table"), No.Tag = structure(c(0L, 
    1L, 24L, 0L, 0L, 0L, 0L, 32L, 0L, 0L, 0L, 0L, 1L, 0L, 0L), .Dim = c(5L, 
    3L), .Dimnames = structure(list(c("-2", "-1", "0", "1", NA
    ), c("C", "T", NA)), .Names = c("", "")), class = "table"), 
    All.Tags = list(Concordant = list(Freqs = structure(c(0, 
    4, 140, 0, 0, 1, 161, 0), .Dim = c(4L, 2L), .Dimnames = list(
        c("-2", "-1", "0", "1"), c("C", "T"))), N = 306), Majority = list(
        Freqs = structure(c(0, 4, 182, 0, 0, 1, 197, 0), .Dim = c(4L, 
        2L), .Dimnames = list(c("-2", "-1", "0", "1"), c("C", 
        "T"))), N = 384)), `2` = structure(c(0, 0, 140, 0, 0, 
    0, 160, 0), .Dim = c(4L, 2L), .Dimnames = list(c("-2", "-1", 
    "0", "1"), c("C", "T"))))))
