Results <-
list(`bwa.out//20220204//MLPA99_S13.sam` = list(LR24_SNP1 = list(
    All = list(Freqs = structure(c(10L, 3407L, 10L, 3L, 10L, 
    2878L, 3L, 2L, 0L, 43L, 0L, 0L), .Dim = 4:3, .Dimnames = structure(list(
        c("-1", "0", "1", NA), c("A", "G", NA)), .Names = c("", 
    "")), class = "table"), N = 6366L), Tag.Distribution = structure(c(`1` = 178L, 
    `2` = 58L, `3` = 56L, `4` = 48L, `5` = 35L, `6` = 43L, `7` = 30L, 
    `8` = 33L, `9` = 31L, `10` = 22L, `11` = 25L, `12` = 20L, 
    `13` = 19L, `14` = 20L, `15` = 18L, `16` = 19L, `17` = 15L, 
    `18` = 16L, `19` = 11L, `20` = 6L, `21` = 4L, `22` = 12L, 
    `23` = 3L, `24` = 9L, `25` = 6L, `26` = 5L, `27` = 6L, `28` = 1L, 
    `29` = 1L, `31` = 2L, `32` = 2L, `33` = 2L, `34` = 1L, `36` = 2L, 
    `38` = 1L, `39` = 2L, `42` = 1L, `51` = 1L), .Dim = 38L, .Dimnames = list(
        TagUsage = c("1", "2", "3", "4", "5", "6", "7", "8", 
        "9", "10", "11", "12", "13", "14", "15", "16", "17", 
        "18", "19", "20", "21", "22", "23", "24", "25", "26", 
        "27", "28", "29", "31", "32", "33", "34", "36", "38", 
        "39", "42", "51")), class = "table"), No.Tag = structure(c(0L, 
    120L, 2L, 0L, 0L, 54L, 0L, 0L, 0L, 3L, 0L, 0L), .Dim = 4:3, .Dimnames = structure(list(
        c("-1", "0", "1", NA), c("A", "G", NA)), .Names = c("", 
    "")), class = "table"), All.Tags = list(Concordant = list(
        Freqs = structure(c(0, 363, 0, 0, 327, 0), .Dim = 3:2, .Dimnames = list(
            c("-1", "0", "1"), c("A", "G"))), N = 690), Majority = list(
        Freqs = structure(c(0, 395, 0, 0, 361, 0), .Dim = 3:2, .Dimnames = list(
            c("-1", "0", "1"), c("A", "G"))), N = 756)), `2` = structure(c(0, 
    306, 0, 0, 277, 0), .Dim = 3:2, .Dimnames = list(c("-1", 
    "0", "1"), c("A", "G"))))))
