Results <-
list(`bwa.out//20220204//Control20_S13.sam` = list(LR10_SNP1 = list(
    All = list(Freqs = structure(c(23L, 1399L, 9L, 1L, 1L, 15L, 
    1369L, 4L, 0L, 1L, 0L, 23L, 0L, 0L, 0L), .Dim = c(5L, 3L), .Dimnames = structure(list(
        c("-1", "0", "1", "2", NA), c("C", "T", NA)), .Names = c("", 
    "")), class = "table"), N = 2845L), Tag.Distribution = structure(c(`1` = 90L, 
    `2` = 31L, `3` = 25L, `4` = 29L, `5` = 19L, `6` = 18L, `7` = 25L, 
    `8` = 22L, `9` = 18L, `10` = 13L, `11` = 11L, `12` = 8L, 
    `13` = 11L, `14` = 7L, `15` = 7L, `16` = 8L, `17` = 10L, 
    `18` = 4L, `19` = 6L, `20` = 4L, `21` = 1L, `22` = 2L, `23` = 3L, 
    `24` = 1L, `25` = 2L, `26` = 3L, `27` = 1L, `28` = 1L, `33` = 1L, 
    `41` = 1L), .Dim = 30L, .Dimnames = list(TagUsage = c("1", 
    "2", "3", "4", "5", "6", "7", "8", "9", "10", "11", "12", 
    "13", "14", "15", "16", "17", "18", "19", "20", "21", "22", 
    "23", "24", "25", "26", "27", "28", "33", "41")), class = "table"), 
    No.Tag = structure(c(0L, 46L, 0L, 0L, 0L, 0L, 64L, 0L, 0L, 
    0L, 0L, 4L, 0L, 0L, 0L), .Dim = c(5L, 3L), .Dimnames = structure(list(
        c("-1", "0", "1", "2", NA), c("C", "T", NA)), .Names = c("", 
    "")), class = "table"), All.Tags = list(Concordant = list(
        Freqs = structure(c(1, 161, 0, 0, 0, 164, 0, 0), .Dim = c(4L, 
        2L), .Dimnames = list(c("-1", "0", "1", "2"), c("C", 
        "T"))), N = 326), Majority = list(Freqs = structure(c(1, 
    187, 0, 0, 0, 186, 0, 0), .Dim = c(4L, 2L), .Dimnames = list(
        c("-1", "0", "1", "2"), c("C", "T"))), N = 374)), `2` = structure(c(0, 
    142, 0, 0, 0, 148, 0, 0), .Dim = c(4L, 2L), .Dimnames = list(
        c("-1", "0", "1", "2"), c("C", "T"))))))
