Results <-
list(`bwa.out//20220204//BlindCMMRD59_S18.sam` = list(GM17_SNP1 = list(
    All = list(Freqs = structure(c(1L, 55L, 5397L, 14L, 1L, 0L, 
    0L, 5L, 0L, 0L, 0L, 0L, 38L, 0L, 0L), .Dim = c(5L, 3L), .Dimnames = structure(list(
        c("-3", "-1", "0", "1", NA), c("C", "T", NA)), .Names = c("", 
    "")), class = "table"), N = 5511L), Tag.Distribution = structure(c(`1` = 97L, 
    `2` = 53L, `3` = 34L, `4` = 34L, `5` = 36L, `6` = 29L, `7` = 29L, 
    `8` = 27L, `9` = 25L, `10` = 23L, `11` = 27L, `12` = 14L, 
    `13` = 16L, `14` = 16L, `15` = 13L, `16` = 9L, `17` = 3L, 
    `18` = 11L, `19` = 9L, `20` = 10L, `21` = 7L, `22` = 11L, 
    `23` = 16L, `24` = 5L, `25` = 7L, `26` = 3L, `27` = 8L, `29` = 1L, 
    `30` = 3L, `31` = 3L, `32` = 4L, `33` = 1L, `34` = 2L, `36` = 1L, 
    `40` = 1L, `42` = 1L), .Dim = 36L, .Dimnames = list(TagUsage = c("1", 
    "2", "3", "4", "5", "6", "7", "8", "9", "10", "11", "12", 
    "13", "14", "15", "16", "17", "18", "19", "20", "21", "22", 
    "23", "24", "25", "26", "27", "29", "30", "31", "32", "33", 
    "34", "36", "40", "42")), class = "table"), No.Tag = structure(c(0L, 
    0L, 77L, 0L, 0L, 0L, 0L, 0L, 0L, 0L, 0L, 0L, 4L, 0L, 0L), .Dim = c(5L, 
    3L), .Dimnames = structure(list(c("-3", "-1", "0", "1", NA
    ), c("C", "T", NA)), .Names = c("", "")), class = "table"), 
    All.Tags = list(Concordant = list(Freqs = structure(c(0, 
    0, 516, 0, 0, 0, 2, 0), .Dim = c(4L, 2L), .Dimnames = list(
        c("-3", "-1", "0", "1"), c("C", "T"))), N = 518), Majority = list(
        Freqs = structure(c(0, 0, 578, 0, 0, 0, 2, 0), .Dim = c(4L, 
        2L), .Dimnames = list(c("-3", "-1", "0", "1"), c("C", 
        "T"))), N = 580)), `2` = structure(c(0, 0, 491, 0, 0, 
    0, 0, 0), .Dim = c(4L, 2L), .Dimnames = list(c("-3", "-1", 
    "0", "1"), c("C", "T"))))))
