Results <-
list(`bwa.out//20220204//BlindCMMRD50_S10.sam` = list(LR48_SNP1 = list(
    All = list(Freqs = structure(c(2L, 52L, 2529L, 26L, 1L, 23L, 
    0L, 44L, 2245L, 19L, 1L, 7L, 0L, 3L, 99L, 1L, 0L, 0L), .Dim = c(6L, 
    3L), .Dimnames = structure(list(c("-2", "-1", "0", "1", "2", 
    NA), c("C", "T", NA)), .Names = c("", "")), class = "table"), 
        N = 5052L), Tag.Distribution = structure(c(`1` = 76L, 
    `2` = 19L, `3` = 12L, `4` = 7L, `5` = 6L, `6` = 4L, `7` = 11L, 
    `8` = 5L, `9` = 9L, `10` = 8L, `11` = 4L, `12` = 3L, `13` = 4L, 
    `14` = 9L, `15` = 7L, `16` = 2L, `17` = 4L, `18` = 8L, `19` = 4L, 
    `20` = 1L, `21` = 5L, `22` = 4L, `23` = 3L, `24` = 2L, `25` = 3L, 
    `26` = 3L, `27` = 8L, `28` = 5L, `29` = 5L, `30` = 3L, `31` = 2L, 
    `32` = 1L, `33` = 2L, `34` = 4L, `36` = 1L, `37` = 1L, `38` = 4L, 
    `39` = 1L, `40` = 1L, `41` = 2L, `42` = 4L, `43` = 3L, `44` = 2L, 
    `45` = 1L, `47` = 4L, `48` = 1L, `49` = 2L, `50` = 2L, `51` = 2L, 
    `52` = 1L, `53` = 2L, `54` = 2L, `55` = 1L, `59` = 3L, `63` = 2L, 
    `64` = 1L, `67` = 1L, `71` = 1L, `72` = 1L, `83` = 1L), .Dim = 60L, .Dimnames = list(
        TagUsage = c("1", "2", "3", "4", "5", "6", "7", "8", 
        "9", "10", "11", "12", "13", "14", "15", "16", "17", 
        "18", "19", "20", "21", "22", "23", "24", "25", "26", 
        "27", "28", "29", "30", "31", "32", "33", "34", "36", 
        "37", "38", "39", "40", "41", "42", "43", "44", "45", 
        "47", "48", "49", "50", "51", "52", "53", "54", "55", 
        "59", "63", "64", "67", "71", "72", "83")), class = "table"), 
    No.Tag = structure(c(0L, 0L, 77L, 1L, 0L, 2L, 0L, 1L, 62L, 
    0L, 0L, 0L, 0L, 0L, 13L, 0L, 0L, 0L), .Dim = c(6L, 3L), .Dimnames = structure(list(
        c("-2", "-1", "0", "1", "2", NA), c("C", "T", NA)), .Names = c("", 
    "")), class = "table"), All.Tags = list(Concordant = list(
        Freqs = structure(c(0, 3, 98, 0, 0, 0, 0, 98, 0, 0), .Dim = c(5L, 
        2L), .Dimnames = list(c("-2", "-1", "0", "1", "2"), c("C", 
        "T"))), N = 199), Majority = list(Freqs = structure(c(0, 
    3, 146, 0, 0, 0, 0, 139, 0, 0), .Dim = c(5L, 2L), .Dimnames = list(
        c("-2", "-1", "0", "1", "2"), c("C", "T"))), N = 288)), 
    `2` = structure(c(0, 0, 108, 0, 0, 0, 0, 113, 0, 0), .Dim = c(5L, 
    2L), .Dimnames = list(c("-2", "-1", "0", "1", "2"), c("C", 
    "T"))))))
