Results <-
list(`bwa.out//20220204//17D1097_S1.sam` = list(GM07_SNP1 = list(
    All = list(Freqs = structure(c(3L, 180L, 1698L, 92L, 3L, 
    36L, 1L, 191L, 1649L, 48L, 1L, 38L, 0L, 4L, 36L, 1L, 0L, 
    0L), .Dim = c(6L, 3L), .Dimnames = structure(list(c("-2", 
    "-1", "0", "1", "2", NA), c("A", "G", NA)), .Names = c("", 
    "")), class = "table"), N = 3981L), Tag.Distribution = structure(c(`1` = 254L, 
    `2` = 135L, `3` = 120L, `4` = 63L, `5` = 67L, `6` = 49L, 
    `7` = 44L, `8` = 31L, `9` = 30L, `10` = 18L, `11` = 16L, 
    `12` = 17L, `13` = 7L, `14` = 10L, `15` = 3L, `16` = 1L, 
    `17` = 2L, `18` = 1L, `19` = 3L, `21` = 1L, `22` = 3L, `25` = 1L, 
    `26` = 1L), .Dim = 23L, .Dimnames = list(TagUsage = c("1", 
    "2", "3", "4", "5", "6", "7", "8", "9", "10", "11", "12", 
    "13", "14", "15", "16", "17", "18", "19", "21", "22", "25", 
    "26")), class = "table"), No.Tag = structure(c(0L, 22L, 105L, 
    7L, 0L, 15L, 0L, 19L, 111L, 1L, 0L, 7L, 0L, 0L, 3L, 1L, 0L, 
    0L), .Dim = c(6L, 3L), .Dimnames = structure(list(c("-2", 
    "-1", "0", "1", "2", NA), c("A", "G", NA)), .Names = c("", 
    "")), class = "table"), All.Tags = list(Concordant = list(
        Freqs = structure(c(0, 18, 306, 10, 1, 0, 17, 285, 5, 
        0), .Dim = c(5L, 2L), .Dimnames = list(c("-2", "-1", 
        "0", "1", "2"), c("A", "G"))), N = 642), Majority = list(
        Freqs = structure(c(0, 23, 392, 13, 1, 0, 21, 380, 5, 
        0), .Dim = c(5L, 2L), .Dimnames = list(c("-2", "-1", 
        "0", "1", "2"), c("A", "G"))), N = 835)), `2` = structure(c(0, 
    14, 281, 7, 0, 0, 16, 274, 1, 0), .Dim = c(5L, 2L), .Dimnames = list(
        c("-2", "-1", "0", "1", "2"), c("A", "G"))))))
