Results <-
list(`bwa.out//20220204//BlindCMMRD46_S6.sam` = list(DEPDC2_SNP1 = list(
    All = list(Freqs = structure(c(0L, 3L, 0L, 0L, 27L, 5407L, 
    23L, 19L, 0L, 37L, 0L, 0L), .Dim = 4:3, .Dimnames = structure(list(
        c("-1", "0", "1", NA), c("C", "T", NA)), .Names = c("", 
    "")), class = "table"), N = 5516L), Tag.Distribution = structure(c(`1` = 121L, 
    `2` = 45L, `3` = 35L, `4` = 30L, `5` = 23L, `6` = 28L, `7` = 22L, 
    `8` = 22L, `9` = 16L, `10` = 25L, `11` = 17L, `12` = 18L, 
    `13` = 15L, `14` = 10L, `15` = 13L, `16` = 14L, `17` = 14L, 
    `18` = 4L, `19` = 9L, `20` = 8L, `21` = 7L, `22` = 6L, `23` = 8L, 
    `24` = 3L, `25` = 3L, `26` = 2L, `27` = 3L, `28` = 3L, `29` = 4L, 
    `30` = 2L, `31` = 5L, `32` = 1L, `33` = 2L, `34` = 3L, `35` = 4L, 
    `36` = 1L, `37` = 4L, `38` = 2L, `39` = 4L, `40` = 1L, `41` = 2L, 
    `49` = 1L, `61` = 1L), .Dim = 43L, .Dimnames = list(TagUsage = c("1", 
    "2", "3", "4", "5", "6", "7", "8", "9", "10", "11", "12", 
    "13", "14", "15", "16", "17", "18", "19", "20", "21", "22", 
    "23", "24", "25", "26", "27", "28", "29", "30", "31", "32", 
    "33", "34", "35", "36", "37", "38", "39", "40", "41", "49", 
    "61")), class = "table"), No.Tag = structure(c(0L, 0L, 0L, 
    0L, 0L, 123L, 0L, 2L, 0L, 4L, 0L, 0L), .Dim = 4:3, .Dimnames = structure(list(
        c("-1", "0", "1", NA), c("C", "T", NA)), .Names = c("", 
    "")), class = "table"), All.Tags = list(Concordant = list(
        Freqs = structure(c(0, 3, 0, 0, 518, 0), .Dim = 3:2, .Dimnames = list(
            c("-1", "0", "1"), c("C", "T"))), N = 521), Majority = list(
        Freqs = structure(c(0, 3, 0, 0, 553, 1), .Dim = 3:2, .Dimnames = list(
            c("-1", "0", "1"), c("C", "T"))), N = 557)), `2` = structure(c(0, 
    0, 0, 0, 439, 1), .Dim = 3:2, .Dimnames = list(c("-1", "0", 
    "1"), c("C", "T"))))))
