Results <-
list(`bwa.out//20220204//BlindCMMRD44_S4.sam` = list(LR52_SNP1 = list(
    All = list(Freqs = structure(c(1L, 20L, 140L, 1406L, 2L, 
    28L, 1L, 6L, 155L, 1501L, 12L, 10L, 0L, 0L, 8L, 536L, 4L, 
    0L), .Dim = c(6L, 3L), .Dimnames = structure(list(c("-3", 
    "-2", "-1", "0", "1", NA), c("C", "T", NA)), .Names = c("", 
    "")), class = "table"), N = 3830L), Tag.Distribution = structure(c(`1` = 53L, 
    `2` = 18L, `3` = 24L, `4` = 18L, `5` = 15L, `6` = 13L, `7` = 5L, 
    `8` = 13L, `9` = 9L, `10` = 9L, `11` = 14L, `12` = 12L, `13` = 9L, 
    `14` = 12L, `15` = 9L, `16` = 6L, `17` = 5L, `18` = 3L, `19` = 7L, 
    `20` = 7L, `21` = 4L, `22` = 5L, `23` = 3L, `24` = 2L, `25` = 7L, 
    `26` = 7L, `27` = 2L, `28` = 3L, `29` = 4L, `30` = 1L, `32` = 3L, 
    `33` = 3L, `35` = 3L, `37` = 3L, `38` = 2L, `39` = 1L, `40` = 1L, 
    `42` = 4L, `44` = 1L, `47` = 1L, `59` = 1L), .Dim = 41L, .Dimnames = list(
        TagUsage = c("1", "2", "3", "4", "5", "6", "7", "8", 
        "9", "10", "11", "12", "13", "14", "15", "16", "17", 
        "18", "19", "20", "21", "22", "23", "24", "25", "26", 
        "27", "28", "29", "30", "32", "33", "35", "37", "38", 
        "39", "40", "42", "44", "47", "59")), class = "table"), 
    No.Tag = structure(c(0L, 0L, 3L, 28L, 0L, 1L, 0L, 0L, 4L, 
    29L, 0L, 0L, 0L, 0L, 0L, 7L, 0L, 0L), .Dim = c(6L, 3L), .Dimnames = structure(list(
        c("-3", "-2", "-1", "0", "1", NA), c("C", "T", NA)), .Names = c("", 
    "")), class = "table"), All.Tags = list(Concordant = list(
        Freqs = structure(c(0, 0, 5, 76, 1, 0, 0, 2, 81, 2), .Dim = c(5L, 
        2L), .Dimnames = list(c("-3", "-2", "-1", "0", "1"), 
            c("C", "T"))), N = 167), Majority = list(Freqs = structure(c(0, 
    1, 5, 145, 1, 0, 0, 4, 151, 2), .Dim = c(5L, 2L), .Dimnames = list(
        c("-3", "-2", "-1", "0", "1"), c("C", "T"))), N = 309)), 
    `2` = structure(c(0, 1, 3, 135, 0, 0, 0, 2, 123, 0), .Dim = c(5L, 
    2L), .Dimnames = list(c("-3", "-2", "-1", "0", "1"), c("C", 
    "T"))))))
