Results <-
list(`bwa.out//20220204//Control21_S14.sam` = list(GM09_SNP1 = list(
    All = list(Freqs = structure(c(11L, 1477L, 1L, 1L, 7L, 1227L, 
    2L, 0L, 0L, 8L, 0L, 0L), .Dim = 4:3, .Dimnames = structure(list(
        c("-1", "0", "1", NA), c("A", "G", NA)), .Names = c("", 
    "")), class = "table"), N = 2734L), Tag.Distribution = structure(c(`1` = 115L, 
    `2` = 91L, `3` = 45L, `4` = 65L, `5` = 43L, `6` = 27L, `7` = 22L, 
    `8` = 16L, `9` = 11L, `10` = 9L, `11` = 12L, `12` = 11L, 
    `13` = 12L, `14` = 10L, `15` = 7L, `16` = 5L, `17` = 7L, 
    `18` = 2L, `19` = 1L, `20` = 1L, `21` = 1L, `22` = 1L, `23` = 1L, 
    `24` = 2L, `25` = 1L, `29` = 1L, `35` = 1L), .Dim = 27L, .Dimnames = list(
        TagUsage = c("1", "2", "3", "4", "5", "6", "7", "8", 
        "9", "10", "11", "12", "13", "14", "15", "16", "17", 
        "18", "19", "20", "21", "22", "23", "24", "25", "29", 
        "35")), class = "table"), No.Tag = structure(c(0L, 30L, 
    1L, 0L, 0L, 17L, 0L, 0L, 0L, 4L, 0L, 0L), .Dim = 4:3, .Dimnames = structure(list(
        c("-1", "0", "1", NA), c("A", "G", NA)), .Names = c("", 
    "")), class = "table"), All.Tags = list(Concordant = list(
        Freqs = structure(c(1, 261, 0, 0, 220, 0), .Dim = 3:2, .Dimnames = list(
            c("-1", "0", "1"), c("A", "G"))), N = 482), Majority = list(
        Freqs = structure(c(1, 276, 0, 0, 233, 0), .Dim = 3:2, .Dimnames = list(
            c("-1", "0", "1"), c("A", "G"))), N = 510)), `2` = structure(c(0, 
    220, 0, 0, 178, 0), .Dim = 3:2, .Dimnames = list(c("-1", 
    "0", "1"), c("A", "G"))))))
