Results <-
list(`bwa.out//20220204//BlindCMMRD65_S24.sam` = list(IM49_SNP1 = list(
    All = list(Freqs = structure(c(2L, 88L, 2126L, 41L, 1L, 25L, 
    1L, 70L, 1967L, 38L, 1L, 15L, 0L, 1L, 0L, 0L, 0L, 0L, 0L, 
    4L, 311L, 10L, 0L, 0L), .Dim = c(6L, 4L), .Dimnames = structure(list(
        c("-2", "-1", "0", "1", "2", NA), c("C", "G", "T", NA
        )), .Names = c("", "")), class = "table"), N = 4701L), 
    Tag.Distribution = structure(c(`1` = 223L, `2` = 87L, `3` = 89L, 
    `4` = 66L, `5` = 51L, `6` = 53L, `7` = 39L, `8` = 34L, `9` = 33L, 
    `10` = 24L, `11` = 32L, `12` = 21L, `13` = 15L, `14` = 14L, 
    `15` = 13L, `16` = 9L, `17` = 4L, `18` = 6L, `19` = 4L, `20` = 4L, 
    `21` = 2L, `22` = 2L, `23` = 2L, `24` = 1L, `25` = 1L, `26` = 1L, 
    `28` = 2L, `30` = 1L, `32` = 1L, `42` = 1L), .Dim = 30L, .Dimnames = list(
        TagUsage = c("1", "2", "3", "4", "5", "6", "7", "8", 
        "9", "10", "11", "12", "13", "14", "15", "16", "17", 
        "18", "19", "20", "21", "22", "23", "24", "25", "26", 
        "28", "30", "32", "42")), class = "table"), No.Tag = structure(c(0L, 
    2L, 39L, 0L, 0L, 1L, 0L, 1L, 38L, 0L, 0L, 1L, 0L, 0L, 0L, 
    0L, 0L, 0L, 0L, 0L, 2L, 1L, 0L, 0L), .Dim = c(6L, 4L), .Dimnames = structure(list(
        c("-2", "-1", "0", "1", "2", NA), c("C", "G", "T", NA
        )), .Names = c("", "")), class = "table"), All.Tags = list(
        Concordant = list(Freqs = structure(c(0, 4, 301, 2, 0, 
        0, 5, 280, 0, 0, 0, 0, 0, 0, 0), .Dim = c(5L, 3L), .Dimnames = list(
            c("-2", "-1", "0", "1", "2"), c("C", "G", "T"))), 
            N = 592), Majority = list(Freqs = structure(c(0, 
        6, 385, 3, 0, 0, 5, 362, 0, 0, 0, 0, 0, 0, 0), .Dim = c(5L, 
        3L), .Dimnames = list(c("-2", "-1", "0", "1", "2"), c("C", 
        "G", "T"))), N = 761)), `2` = structure(c(0, 3, 298, 
    1, 0, 0, 2, 294, 0, 0, 0, 0, 0, 0, 0), .Dim = c(5L, 3L), .Dimnames = list(
        c("-2", "-1", "0", "1", "2"), c("C", "G", "T"))))))
