Results <-
list(`bwa.out//20220204//BlindCMMRD87_S46.sam` = list(LR48_SNP1 = list(
    All = list(Freqs = structure(c(8L, 310L, 5417L, 82L, 1L, 
    33L, 0L, 1L, 0L, 0L, 0L, 0L, 0L, 3L, 89L, 0L, 0L, 0L), .Dim = c(6L, 
    3L), .Dimnames = structure(list(c("-2", "-1", "0", "1", "2", 
    NA), c("C", "T", NA)), .Names = c("", "")), class = "table"), 
        N = 5944L), Tag.Distribution = structure(c(`1` = 80L, 
    `2` = 17L, `3` = 14L, `4` = 14L, `5` = 17L, `6` = 13L, `7` = 16L, 
    `8` = 14L, `9` = 9L, `10` = 10L, `11` = 10L, `12` = 7L, `13` = 10L, 
    `14` = 8L, `15` = 7L, `16` = 11L, `17` = 8L, `18` = 9L, `19` = 7L, 
    `20` = 5L, `21` = 7L, `22` = 6L, `23` = 7L, `24` = 8L, `25` = 3L, 
    `26` = 6L, `27` = 3L, `28` = 4L, `30` = 2L, `31` = 2L, `32` = 3L, 
    `33` = 3L, `34` = 3L, `35` = 4L, `36` = 3L, `37` = 4L, `38` = 2L, 
    `39` = 1L, `40` = 3L, `41` = 2L, `43` = 3L, `44` = 1L, `45` = 3L, 
    `46` = 1L, `47` = 1L, `49` = 2L, `50` = 2L, `51` = 2L, `52` = 1L, 
    `54` = 1L, `56` = 1L, `57` = 1L, `59` = 1L, `60` = 1L, `61` = 1L, 
    `63` = 1L, `70` = 1L, `73` = 1L, `78` = 2L, `84` = 1L, `90` = 1L
    ), .Dim = 61L, .Dimnames = list(TagUsage = c("1", "2", "3", 
    "4", "5", "6", "7", "8", "9", "10", "11", "12", "13", "14", 
    "15", "16", "17", "18", "19", "20", "21", "22", "23", "24", 
    "25", "26", "27", "28", "30", "31", "32", "33", "34", "35", 
    "36", "37", "38", "39", "40", "41", "43", "44", "45", "46", 
    "47", "49", "50", "51", "52", "54", "56", "57", "59", "60", 
    "61", "63", "70", "73", "78", "84", "90")), class = "table"), 
    No.Tag = structure(c(0L, 1L, 83L, 2L, 0L, 0L, 0L, 0L, 0L, 
    0L, 0L, 0L, 0L, 0L, 6L, 0L, 0L, 0L), .Dim = c(6L, 3L), .Dimnames = structure(list(
        c("-2", "-1", "0", "1", "2", NA), c("C", "T", NA)), .Names = c("", 
    "")), class = "table"), All.Tags = list(Concordant = list(
        Freqs = structure(c(1, 10, 226, 0, 0, 0, 0, 0, 0, 0), .Dim = c(5L, 
        2L), .Dimnames = list(c("-2", "-1", "0", "1", "2"), c("C", 
        "T"))), N = 237), Majority = list(Freqs = structure(c(1, 
    14, 366, 0, 0, 0, 0, 0, 0, 0), .Dim = c(5L, 2L), .Dimnames = list(
        c("-2", "-1", "0", "1", "2"), c("C", "T"))), N = 381)), 
    `2` = structure(c(0, 8, 301, 0, 0, 0, 0, 0, 0, 0), .Dim = c(5L, 
    2L), .Dimnames = list(c("-2", "-1", "0", "1", "2"), c("C", 
    "T"))))))
