Results <-
list(`bwa.out//20220204//BlindCMMRD76_S35.sam` = list(IM49_SNP1 = list(
    All = list(Freqs = structure(c(0L, 0L, 0L, 5L, 0L, 1L, 1L, 
    22L, 177L, 3362L, 63L, 19L, 0L, 0L, 4L, 313L, 4L, 0L), .Dim = c(6L, 
    3L), .Dimnames = structure(list(c("-3", "-2", "-1", "0", 
    "1", NA), c("C", "G", NA)), .Names = c("", "")), class = "table"), 
        N = 3971L), Tag.Distribution = structure(c(`1` = 170L, 
    `2` = 56L, `3` = 50L, `4` = 42L, `5` = 28L, `6` = 29L, `7` = 36L, 
    `8` = 22L, `9` = 24L, `10` = 17L, `11` = 18L, `12` = 15L, 
    `13` = 10L, `14` = 11L, `15` = 10L, `16` = 11L, `17` = 10L, 
    `18` = 8L, `19` = 6L, `20` = 5L, `21` = 2L, `22` = 3L, `23` = 3L, 
    `24` = 5L, `25` = 5L, `28` = 2L, `37` = 1L, `40` = 1L, `41` = 1L, 
    `46` = 1L), .Dim = 30L, .Dimnames = list(TagUsage = c("1", 
    "2", "3", "4", "5", "6", "7", "8", "9", "10", "11", "12", 
    "13", "14", "15", "16", "17", "18", "19", "20", "21", "22", 
    "23", "24", "25", "28", "37", "40", "41", "46")), class = "table"), 
    No.Tag = structure(c(0L, 0L, 0L, 0L, 0L, 0L, 0L, 0L, 10L, 
    66L, 0L, 0L, 0L, 0L, 1L, 8L, 0L, 0L), .Dim = c(6L, 3L), .Dimnames = structure(list(
        c("-3", "-2", "-1", "0", "1", NA), c("C", "G", NA)), .Names = c("", 
    "")), class = "table"), All.Tags = list(Concordant = list(
        Freqs = structure(c(0, 0, 0, 5, 0, 0, 1, 13, 391, 3), .Dim = c(5L, 
        2L), .Dimnames = list(c("-3", "-2", "-1", "0", "1"), 
            c("C", "G"))), N = 413), Majority = list(Freqs = structure(c(0, 
    0, 0, 5, 0, 0, 2, 15, 507, 3), .Dim = c(5L, 2L), .Dimnames = list(
        c("-3", "-2", "-1", "0", "1"), c("C", "G"))), N = 532)), 
    `2` = structure(c(0, 0, 0, 1, 0, 0, 2, 9, 411, 1), .Dim = c(5L, 
    2L), .Dimnames = list(c("-3", "-2", "-1", "0", "1"), c("C", 
    "G"))))))
