Results <-
list(`bwa.out//20220204//BlindCMMRD50_S10.sam` = list(GM01_SNP1 = list(
    All = list(Freqs = structure(c(0L, 46L, 3998L, 11L, 3L, 0L, 
    0L, 1L, 0L, 0L, 0L, 48L, 3663L, 15L, 4L, 1L, 4L, 73L, 0L, 
    0L), .Dim = 5:4, .Dimnames = structure(list(c("-2", "-1", 
    "0", "1", NA), c("A", "C", "G", NA)), .Names = c("", "")), class = "table"), 
        N = 7867L), Tag.Distribution = structure(c(`1` = 131L, 
    `2` = 29L, `3` = 25L, `4` = 18L, `5` = 20L, `6` = 22L, `7` = 18L, 
    `8` = 12L, `9` = 18L, `10` = 12L, `11` = 11L, `12` = 13L, 
    `13` = 13L, `14` = 14L, `15` = 8L, `16` = 6L, `17` = 9L, 
    `18` = 12L, `19` = 7L, `20` = 7L, `21` = 5L, `22` = 4L, `23` = 8L, 
    `24` = 10L, `25` = 6L, `26` = 5L, `27` = 2L, `28` = 5L, `29` = 6L, 
    `30` = 3L, `31` = 4L, `32` = 3L, `33` = 7L, `34` = 4L, `35` = 4L, 
    `36` = 5L, `37` = 8L, `38` = 6L, `39` = 1L, `40` = 3L, `41` = 4L, 
    `42` = 3L, `43` = 5L, `44` = 3L, `45` = 1L, `46` = 5L, `47` = 6L, 
    `48` = 2L, `49` = 4L, `51` = 2L, `52` = 1L, `54` = 1L, `56` = 2L, 
    `57` = 2L, `58` = 1L, `61` = 1L, `70` = 1L, `90` = 1L), .Dim = 58L, .Dimnames = list(
        TagUsage = c("1", "2", "3", "4", "5", "6", "7", "8", 
        "9", "10", "11", "12", "13", "14", "15", "16", "17", 
        "18", "19", "20", "21", "22", "23", "24", "25", "26", 
        "27", "28", "29", "30", "31", "32", "33", "34", "35", 
        "36", "37", "38", "39", "40", "41", "42", "43", "44", 
        "45", "46", "47", "48", "49", "51", "52", "54", "56", 
        "57", "58", "61", "70", "90")), class = "table"), No.Tag = structure(c(0L, 
    0L, 39L, 0L, 1L, 0L, 0L, 0L, 0L, 0L, 0L, 3L, 100L, 0L, 0L, 
    0L, 0L, 8L, 0L, 0L), .Dim = 5:4, .Dimnames = structure(list(
        c("-2", "-1", "0", "1", NA), c("A", "C", "G", NA)), .Names = c("", 
    "")), class = "table"), All.Tags = list(Concordant = list(
        Freqs = structure(c(0, 1, 226, 0, 0, 0, 0, 0, 0, 1, 211, 
        0), .Dim = 4:3, .Dimnames = list(c("-2", "-1", "0", "1"
        ), c("A", "C", "G"))), N = 439), Majority = list(Freqs = structure(c(0, 
    1, 280, 0, 0, 0, 0, 0, 0, 1, 260, 0), .Dim = 4:3, .Dimnames = list(
        c("-2", "-1", "0", "1"), c("A", "C", "G"))), N = 542)), 
    `2` = structure(c(0, 0, 215, 0, 0, 0, 0, 0, 0, 1, 199, 0), .Dim = 4:3, .Dimnames = list(
        c("-2", "-1", "0", "1"), c("A", "C", "G"))))))
