Results <-
list(`bwa.out//20220204//BlindCMMRD96_S55.sam` = list(GM26_SNP1 = list(
    All = list(Freqs = structure(c(1L, 13L, 1576L, 3L, 2L, 2L, 
    12L, 1344L, 6L, 2L, 0L, 0L, 31L, 0L, 0L), .Dim = c(5L, 3L
    ), .Dimnames = structure(list(c("-2", "-1", "0", "1", NA), 
        c("A", "G", NA)), .Names = c("", "")), class = "table"), 
        N = 2992L), Tag.Distribution = structure(c(`1` = 123L, 
    `2` = 59L, `3` = 64L, `4` = 45L, `5` = 44L, `6` = 20L, `7` = 26L, 
    `8` = 20L, `9` = 17L, `10` = 16L, `11` = 15L, `12` = 12L, 
    `13` = 13L, `14` = 6L, `15` = 11L, `16` = 5L, `17` = 5L, 
    `18` = 1L, `19` = 3L, `20` = 5L, `21` = 4L, `22` = 2L, `23` = 3L, 
    `26` = 1L, `27` = 1L, `32` = 1L), .Dim = 26L, .Dimnames = list(
        TagUsage = c("1", "2", "3", "4", "5", "6", "7", "8", 
        "9", "10", "11", "12", "13", "14", "15", "16", "17", 
        "18", "19", "20", "21", "22", "23", "26", "27", "32")), class = "table"), 
    No.Tag = structure(c(0L, 0L, 20L, 0L, 2L, 0L, 0L, 10L, 0L, 
    0L, 0L, 0L, 3L, 0L, 0L), .Dim = c(5L, 3L), .Dimnames = structure(list(
        c("-2", "-1", "0", "1", NA), c("A", "G", NA)), .Names = c("", 
    "")), class = "table"), All.Tags = list(Concordant = list(
        Freqs = structure(c(0, 2, 237, 0, 0, 0, 205, 0), .Dim = c(4L, 
        2L), .Dimnames = list(c("-2", "-1", "0", "1"), c("A", 
        "G"))), N = 444), Majority = list(Freqs = structure(c(0, 
    2, 266, 0, 0, 0, 237, 0), .Dim = c(4L, 2L), .Dimnames = list(
        c("-2", "-1", "0", "1"), c("A", "G"))), N = 505)), `2` = structure(c(0, 
    0, 207, 0, 0, 0, 185, 0), .Dim = c(4L, 2L), .Dimnames = list(
        c("-2", "-1", "0", "1"), c("A", "G"))))))
