Results <-
list(`bwa.out//20220204//Control23_S16.sam` = list(LR40_SNP1 = list(
    All = list(Freqs = structure(c(0L, 1L, 0L, 0L, 32L, 3160L, 
    19L, 8L, 0L, 1L, 0L, 0L, 0L, 18L, 0L, 0L), .Dim = c(4L, 4L
    ), .Dimnames = structure(list(c("-1", "0", "1", NA), c("A", 
    "C", "G", NA)), .Names = c("", "")), class = "table"), N = 3239L), 
    Tag.Distribution = structure(c(`1` = 119L, `2` = 54L, `3` = 48L, 
    `4` = 52L, `5` = 40L, `6` = 44L, `7` = 22L, `8` = 24L, `9` = 9L, 
    `10` = 15L, `11` = 17L, `12` = 15L, `13` = 8L, `14` = 7L, 
    `15` = 8L, `16` = 9L, `17` = 1L, `18` = 9L, `19` = 5L, `20` = 2L, 
    `21` = 4L, `22` = 1L, `24` = 1L, `25` = 3L, `26` = 2L, `27` = 1L, 
    `28` = 3L, `30` = 1L), .Dim = 28L, .Dimnames = list(TagUsage = c("1", 
    "2", "3", "4", "5", "6", "7", "8", "9", "10", "11", "12", 
    "13", "14", "15", "16", "17", "18", "19", "20", "21", "22", 
    "24", "25", "26", "27", "28", "30")), class = "table"), No.Tag = structure(c(0L, 
    0L, 0L, 0L, 0L, 72L, 0L, 0L, 0L, 0L, 0L, 0L, 0L, 2L, 0L, 
    0L), .Dim = c(4L, 4L), .Dimnames = structure(list(c("-1", 
    "0", "1", NA), c("A", "C", "G", NA)), .Names = c("", "")), class = "table"), 
    All.Tags = list(Concordant = list(Freqs = structure(c(0, 
    1, 0, 1, 483, 1, 0, 0, 0), .Dim = c(3L, 3L), .Dimnames = list(
        c("-1", "0", "1"), c("A", "C", "G"))), N = 486), Majority = list(
        Freqs = structure(c(0, 1, 0, 2, 514, 1, 0, 0, 0), .Dim = c(3L, 
        3L), .Dimnames = list(c("-1", "0", "1"), c("A", "C", 
        "G"))), N = 518)), `2` = structure(c(0, 0, 0, 1, 400, 
    0, 0, 0, 0), .Dim = c(3L, 3L), .Dimnames = list(c("-1", "0", 
    "1"), c("A", "C", "G"))))))
