Results <-
list(`bwa.out//20220204//BlindCMMRD80_S39.sam` = list(GM29_SNP1 = list(
    All = list(Freqs = structure(c(15L, 1956L, 7L, 3L, 11L, 1666L, 
    4L, 3L, 1L, 34L, 0L, 0L), .Dim = 4:3, .Dimnames = structure(list(
        c("-1", "0", "1", NA), c("A", "G", NA)), .Names = c("", 
    "")), class = "table"), N = 3700L), Tag.Distribution = structure(c(`1` = 96L, 
    `2` = 67L, `3` = 41L, `4` = 51L, `5` = 48L, `6` = 36L, `7` = 32L, 
    `8` = 26L, `9` = 19L, `10` = 13L, `11` = 12L, `12` = 15L, 
    `13` = 10L, `14` = 6L, `15` = 9L, `16` = 8L, `17` = 4L, `18` = 5L, 
    `19` = 4L, `20` = 1L, `21` = 3L, `22` = 4L, `23` = 3L, `24` = 4L, 
    `25` = 1L, `26` = 5L, `29` = 4L, `30` = 1L, `32` = 1L, `34` = 1L, 
    `35` = 1L, `38` = 1L, `44` = 1L), .Dim = 33L, .Dimnames = list(
        TagUsage = c("1", "2", "3", "4", "5", "6", "7", "8", 
        "9", "10", "11", "12", "13", "14", "15", "16", "17", 
        "18", "19", "20", "21", "22", "23", "24", "25", "26", 
        "29", "30", "32", "34", "35", "38", "44")), class = "table"), 
    No.Tag = structure(c(1L, 48L, 0L, 0L, 0L, 61L, 0L, 0L, 0L, 
    1L, 0L, 0L), .Dim = 4:3, .Dimnames = structure(list(c("-1", 
    "0", "1", NA), c("A", "G", NA)), .Names = c("", "")), class = "table"), 
    All.Tags = list(Concordant = list(Freqs = structure(c(0, 
    239, 1, 0, 197, 0), .Dim = 3:2, .Dimnames = list(c("-1", 
    "0", "1"), c("A", "G"))), N = 437), Majority = list(Freqs = structure(c(0, 
    281, 1, 0, 243, 0), .Dim = 3:2, .Dimnames = list(c("-1", 
    "0", "1"), c("A", "G"))), N = 525)), `2` = structure(c(0, 
    237, 0, 0, 194, 0), .Dim = 3:2, .Dimnames = list(c("-1", 
    "0", "1"), c("A", "G"))))))
