Results <-
list(`bwa.out//20220204//Control27_S20.sam` = list(DEPDC2_SNP1 = list(
    All = list(Freqs = structure(c(10L, 1591L, 6L, 6L, 14L, 1682L, 
    8L, 8L, 0L, 41L, 0L, 0L), .Dim = 4:3, .Dimnames = structure(list(
        c("-1", "0", "1", NA), c("C", "T", NA)), .Names = c("", 
    "")), class = "table"), N = 3366L), Tag.Distribution = structure(c(`1` = 155L, 
    `2` = 73L, `3` = 67L, `4` = 54L, `5` = 30L, `6` = 33L, `7` = 23L, 
    `8` = 31L, `9` = 26L, `10` = 18L, `11` = 16L, `12` = 12L, 
    `13` = 12L, `14` = 9L, `15` = 6L, `16` = 7L, `17` = 5L, `18` = 2L, 
    `19` = 6L, `20` = 3L, `21` = 2L, `22` = 2L, `23` = 1L, `24` = 2L, 
    `25` = 1L, `26` = 1L, `28` = 1L), .Dim = 27L, .Dimnames = list(
        TagUsage = c("1", "2", "3", "4", "5", "6", "7", "8", 
        "9", "10", "11", "12", "13", "14", "15", "16", "17", 
        "18", "19", "20", "21", "22", "23", "24", "25", "26", 
        "28")), class = "table"), No.Tag = structure(c(0L, 58L, 
    0L, 1L, 0L, 75L, 0L, 1L, 0L, 7L, 0L, 0L), .Dim = 4:3, .Dimnames = structure(list(
        c("-1", "0", "1", NA), c("C", "T", NA)), .Names = c("", 
    "")), class = "table"), All.Tags = list(Concordant = list(
        Freqs = structure(c(0, 269, 0, 1, 253, 0), .Dim = 3:2, .Dimnames = list(
            c("-1", "0", "1"), c("C", "T"))), N = 523), Majority = list(
        Freqs = structure(c(0, 297, 0, 1, 284, 0), .Dim = 3:2, .Dimnames = list(
            c("-1", "0", "1"), c("C", "T"))), N = 582)), `2` = structure(c(0, 
    220, 0, 0, 214, 0), .Dim = 3:2, .Dimnames = list(c("-1", 
    "0", "1"), c("C", "T"))))))
