Results <-
list(`bwa.out//20220204//BlindCMMRD56_S15.sam` = list(GM11_SNP1 = list(
    All = list(Freqs = structure(c(0L, 16L, 2581L, 5L, 2L, 1L, 
    23L, 2722L, 24L, 2L, 0L, 0L, 2L, 0L, 0L, 0L, 0L, 23L, 0L, 
    0L), .Dim = 5:4, .Dimnames = structure(list(c("-2", "-1", 
    "0", "1", NA), c("A", "G", "T", NA)), .Names = c("", "")), class = "table"), 
        N = 5401L), Tag.Distribution = structure(c(`1` = 134L, 
    `2` = 68L, `3` = 66L, `4` = 57L, `5` = 48L, `6` = 41L, `7` = 39L, 
    `8` = 22L, `9` = 26L, `10` = 25L, `11` = 22L, `12` = 18L, 
    `13` = 15L, `14` = 13L, `15` = 10L, `16` = 9L, `17` = 10L, 
    `18` = 11L, `19` = 9L, `20` = 7L, `21` = 10L, `22` = 5L, 
    `23` = 9L, `24` = 5L, `25` = 1L, `26` = 4L, `27` = 1L, `28` = 1L, 
    `29` = 2L, `30` = 1L, `31` = 3L, `32` = 2L, `33` = 1L, `34` = 2L, 
    `36` = 1L, `37` = 1L, `41` = 1L, `54` = 1L), .Dim = 38L, .Dimnames = list(
        TagUsage = c("1", "2", "3", "4", "5", "6", "7", "8", 
        "9", "10", "11", "12", "13", "14", "15", "16", "17", 
        "18", "19", "20", "21", "22", "23", "24", "25", "26", 
        "27", "28", "29", "30", "31", "32", "33", "34", "36", 
        "37", "41", "54")), class = "table"), No.Tag = structure(c(0L, 
    0L, 62L, 0L, 0L, 0L, 0L, 69L, 1L, 0L, 0L, 0L, 0L, 0L, 0L, 
    0L, 0L, 1L, 0L, 0L), .Dim = 5:4, .Dimnames = structure(list(
        c("-2", "-1", "0", "1", NA), c("A", "G", "T", NA)), .Names = c("", 
    "")), class = "table"), All.Tags = list(Concordant = list(
        Freqs = structure(c(0, 0, 322, 0, 0, 3, 282, 0, 0, 0, 
        1, 0), .Dim = 4:3, .Dimnames = list(c("-2", "-1", "0", 
        "1"), c("A", "G", "T"))), N = 608), Majority = list(Freqs = structure(c(0, 
    0, 350, 0, 0, 3, 337, 1, 0, 0, 1, 0), .Dim = 4:3, .Dimnames = list(
        c("-2", "-1", "0", "1"), c("A", "G", "T"))), N = 692)), 
    `2` = structure(c(0, 0, 281, 0, 0, 2, 276, 1, 0, 0, 1, 0), .Dim = 4:3, .Dimnames = list(
        c("-2", "-1", "0", "1"), c("A", "G", "T"))))))
