Results <-
list(`bwa.out//20220204//BlindCMMRD64_S23.sam` = list(LR24_SNP1 = list(
    All = list(Freqs = structure(c(11L, 2352L, 4L, 3L, 14L, 2539L, 
    6L, 1L, 0L, 1L, 0L, 0L, 0L, 25L, 0L, 0L), .Dim = c(4L, 4L
    ), .Dimnames = structure(list(c("-1", "0", "1", NA), c("A", 
    "G", "T", NA)), .Names = c("", "")), class = "table"), N = 4956L), 
    Tag.Distribution = structure(c(`1` = 234L, `2` = 151L, `3` = 103L, 
    `4` = 103L, `5` = 80L, `6` = 60L, `7` = 51L, `8` = 38L, `9` = 36L, 
    `10` = 23L, `11` = 18L, `12` = 14L, `13` = 11L, `14` = 14L, 
    `15` = 7L, `16` = 6L, `17` = 6L, `18` = 6L, `19` = 1L, `20` = 5L, 
    `21` = 2L, `22` = 3L, `23` = 2L, `25` = 2L, `27` = 1L, `29` = 2L, 
    `32` = 1L), .Dim = 27L, .Dimnames = list(TagUsage = c("1", 
    "2", "3", "4", "5", "6", "7", "8", "9", "10", "11", "12", 
    "13", "14", "15", "16", "17", "18", "19", "20", "21", "22", 
    "23", "25", "27", "29", "32")), class = "table"), No.Tag = structure(c(1L, 
    86L, 1L, 1L, 0L, 77L, 0L, 0L, 0L, 0L, 0L, 0L, 0L, 2L, 0L, 
    0L), .Dim = c(4L, 4L), .Dimnames = structure(list(c("-1", 
    "0", "1", NA), c("A", "G", "T", NA)), .Names = c("", "")), class = "table"), 
    All.Tags = list(Concordant = list(Freqs = structure(c(1, 
    438, 0, 1, 433, 0, 0, 0, 0), .Dim = c(3L, 3L), .Dimnames = list(
        c("-1", "0", "1"), c("A", "G", "T"))), N = 873), Majority = list(
        Freqs = structure(c(1, 482, 0, 1, 482, 0, 0, 0, 0), .Dim = c(3L, 
        3L), .Dimnames = list(c("-1", "0", "1"), c("A", "G", 
        "T"))), N = 966)), `2` = structure(c(0, 362, 0, 0, 374, 
    0, 0, 0, 0), .Dim = c(3L, 3L), .Dimnames = list(c("-1", "0", 
    "1"), c("A", "G", "T"))))))
