Results <-
list(`bwa.out//20220204//Control15_S8.sam` = list(GM11_SNP1 = list(
    All = list(Freqs = structure(c(14L, 3198L, 14L, 2L, 0L, 1L, 
    0L, 0L, 0L, 36L, 0L, 0L), .Dim = 4:3, .Dimnames = structure(list(
        c("-1", "0", "1", NA), c("A", "G", NA)), .Names = c("", 
    "")), class = "table"), N = 3265L), Tag.Distribution = structure(c(`1` = 104L, 
    `2` = 54L, `3` = 38L, `4` = 34L, `5` = 28L, `6` = 28L, `7` = 28L, 
    `8` = 21L, `9` = 15L, `10` = 14L, `11` = 8L, `12` = 8L, `13` = 9L, 
    `14` = 4L, `15` = 8L, `16` = 6L, `17` = 7L, `18` = 3L, `19` = 3L, 
    `20` = 5L, `21` = 5L, `22` = 2L, `23` = 9L, `24` = 3L, `25` = 5L, 
    `26` = 3L, `27` = 1L, `28` = 1L, `29` = 3L, `30` = 1L, `34` = 3L
    ), .Dim = 31L, .Dimnames = list(TagUsage = c("1", "2", "3", 
    "4", "5", "6", "7", "8", "9", "10", "11", "12", "13", "14", 
    "15", "16", "17", "18", "19", "20", "21", "22", "23", "24", 
    "25", "26", "27", "28", "29", "30", "34")), class = "table"), 
    No.Tag = structure(c(0L, 46L, 0L, 0L, 0L, 0L, 0L, 0L, 0L, 
    2L, 0L, 0L), .Dim = 4:3, .Dimnames = structure(list(c("-1", 
    "0", "1", NA), c("A", "G", NA)), .Names = c("", "")), class = "table"), 
    All.Tags = list(Concordant = list(Freqs = structure(c(0, 
    430, 0, 0, 1, 0), .Dim = 3:2, .Dimnames = list(c("-1", "0", 
    "1"), c("A", "G"))), N = 431), Majority = list(Freqs = structure(c(0, 
    454, 0, 0, 1, 0), .Dim = 3:2, .Dimnames = list(c("-1", "0", 
    "1"), c("A", "G"))), N = 455)), `2` = structure(c(0, 355, 
    0, 0, 0, 0), .Dim = 3:2, .Dimnames = list(c("-1", "0", "1"
    ), c("A", "G"))))))
