Results <-
list(`bwa.out//20220204//Control16_S9.sam` = list(GM17_SNP1 = list(
    All = list(Freqs = structure(c(22L, 1173L, 4L, 13L, 1166L, 
    4L, 0L, 11L, 0L), .Dim = c(3L, 3L), .Dimnames = structure(list(
        c("-1", "0", "1"), c("C", "T", NA)), .Names = c("", ""
    )), class = "table"), N = 2393L), Tag.Distribution = structure(c(`1` = 112L, 
    `2` = 49L, `3` = 33L, `4` = 28L, `5` = 21L, `6` = 21L, `7` = 24L, 
    `8` = 17L, `9` = 20L, `10` = 13L, `11` = 8L, `12` = 5L, `13` = 6L, 
    `14` = 7L, `16` = 3L, `17` = 5L, `18` = 2L, `19` = 3L, `20` = 5L, 
    `21` = 1L, `22` = 1L, `23` = 2L, `24` = 2L, `26` = 2L, `27` = 3L, 
    `29` = 1L, `30` = 2L, `31` = 1L, `34` = 1L), .Dim = 29L, .Dimnames = list(
        TagUsage = c("1", "2", "3", "4", "5", "6", "7", "8", 
        "9", "10", "11", "12", "13", "14", "16", "17", "18", 
        "19", "20", "21", "22", "23", "24", "26", "27", "29", 
        "30", "31", "34")), class = "table"), No.Tag = structure(c(2L, 
    34L, 0L, 0L, 0L, 16L, 0L, 0L, 0L, 1L, 0L, 0L), .Dim = 4:3, .Dimnames = structure(list(
        c("-1", "0", "1", NA), c("C", "T", NA)), .Names = c("", 
    "")), class = "table"), All.Tags = list(Concordant = list(
        Freqs = structure(c(0, 171, 0, 0, 179, 0), .Dim = 3:2, .Dimnames = list(
            c("-1", "0", "1"), c("C", "T"))), N = 350), Majority = list(
        Freqs = structure(c(0, 195, 0, 0, 200, 0), .Dim = 3:2, .Dimnames = list(
            c("-1", "0", "1"), c("C", "T"))), N = 395)), `2` = structure(c(0, 
    143, 0, 0, 142, 0), .Dim = 3:2, .Dimnames = list(c("-1", 
    "0", "1"), c("C", "T"))))))
