Results <-
list(`bwa.out//20220204//Control30_S23.sam` = list(LR24_SNP1 = list(
    All = list(Freqs = structure(c(1L, 18L, 3276L, 7L, 3L, 0L, 
    0L, 1L, 0L, 0L, 0L, 0L, 13L, 1L, 0L), .Dim = c(5L, 3L), .Dimnames = structure(list(
        c("-2", "-1", "0", "1", NA), c("A", "G", NA)), .Names = c("", 
    "")), class = "table"), N = 3320L), Tag.Distribution = structure(c(`1` = 198L, 
    `2` = 98L, `3` = 92L, `4` = 79L, `5` = 58L, `6` = 36L, `7` = 39L, 
    `8` = 27L, `9` = 21L, `10` = 20L, `11` = 9L, `12` = 10L, 
    `13` = 10L, `14` = 5L, `15` = 1L, `16` = 4L, `17` = 2L, `18` = 2L, 
    `19` = 2L, `20` = 5L, `21` = 1L, `23` = 2L, `24` = 1L, `29` = 1L
    ), .Dim = 24L, .Dimnames = list(TagUsage = c("1", "2", "3", 
    "4", "5", "6", "7", "8", "9", "10", "11", "12", "13", "14", 
    "15", "16", "17", "18", "19", "20", "21", "23", "24", "29"
    )), class = "table"), No.Tag = structure(c(0L, 1L, 119L, 
    0L, 1L, 0L, 0L, 0L, 0L, 0L, 0L, 0L, 3L, 0L, 0L), .Dim = c(5L, 
    3L), .Dimnames = structure(list(c("-2", "-1", "0", "1", NA
    ), c("A", "G", NA)), .Names = c("", "")), class = "table"), 
    All.Tags = list(Concordant = list(Freqs = structure(c(0, 
    3, 695, 0, 0, 0, 1, 0), .Dim = c(4L, 2L), .Dimnames = list(
        c("-2", "-1", "0", "1"), c("A", "G"))), N = 699), Majority = list(
        Freqs = structure(c(0, 3, 716, 0, 0, 0, 1, 0), .Dim = c(4L, 
        2L), .Dimnames = list(c("-2", "-1", "0", "1"), c("A", 
        "G"))), N = 720)), `2` = structure(c(0, 0, 524, 0, 0, 
    0, 0, 0), .Dim = c(4L, 2L), .Dimnames = list(c("-2", "-1", 
    "0", "1"), c("A", "G"))))))
