Results <-
list(`bwa.out//20220204//BlindCMMRD88_S47.sam` = list(LR48_SNP1 = list(
    All = list(Freqs = structure(c(0L, 0L, 1L, 0L, 0L, 0L, 1L, 
    54L, 2238L, 27L, 1L, 10L, 0L, 51L, 2802L, 38L, 0L, 10L, 0L, 
    1L, 96L, 1L, 0L, 0L), .Dim = c(6L, 4L), .Dimnames = structure(list(
        c("-2", "-1", "0", "1", "2", NA), c("A", "C", "T", NA
        )), .Names = c("", "")), class = "table"), N = 5331L), 
    Tag.Distribution = structure(c(`1` = 90L, `2` = 40L, `3` = 31L, 
    `4` = 23L, `5` = 21L, `6` = 16L, `7` = 17L, `8` = 16L, `9` = 16L, 
    `10` = 16L, `11` = 16L, `12` = 10L, `13` = 5L, `14` = 3L, 
    `15` = 9L, `16` = 8L, `17` = 11L, `18` = 8L, `19` = 6L, `20` = 9L, 
    `21` = 10L, `22` = 6L, `23` = 9L, `24` = 5L, `25` = 6L, `26` = 4L, 
    `27` = 4L, `28` = 2L, `29` = 3L, `30` = 1L, `31` = 1L, `32` = 6L, 
    `33` = 4L, `34` = 1L, `35` = 1L, `36` = 2L, `37` = 5L, `38` = 1L, 
    `39` = 1L, `40` = 4L, `41` = 1L, `42` = 3L, `43` = 1L, `44` = 1L, 
    `45` = 2L, `46` = 1L, `47` = 3L, `50` = 1L, `54` = 2L, `62` = 1L
    ), .Dim = 50L, .Dimnames = list(TagUsage = c("1", "2", "3", 
    "4", "5", "6", "7", "8", "9", "10", "11", "12", "13", "14", 
    "15", "16", "17", "18", "19", "20", "21", "22", "23", "24", 
    "25", "26", "27", "28", "29", "30", "31", "32", "33", "34", 
    "35", "36", "37", "38", "39", "40", "41", "42", "43", "44", 
    "45", "46", "47", "50", "54", "62")), class = "table"), No.Tag = structure(c(0L, 
    0L, 0L, 0L, 0L, 0L, 0L, 2L, 26L, 0L, 0L, 0L, 0L, 0L, 26L, 
    0L, 0L, 0L, 0L, 0L, 6L, 0L, 0L, 0L), .Dim = c(6L, 4L), .Dimnames = structure(list(
        c("-2", "-1", "0", "1", "2", NA), c("A", "C", "T", NA
        )), .Names = c("", "")), class = "table"), All.Tags = list(
        Concordant = list(Freqs = structure(c(0, 0, 0, 0, 0, 
        0, 1, 141, 0, 0, 0, 1, 176, 2, 0), .Dim = c(5L, 3L), .Dimnames = list(
            c("-2", "-1", "0", "1", "2"), c("A", "C", "T"))), 
            N = 321), Majority = list(Freqs = structure(c(0, 
        0, 0, 0, 0, 0, 1, 199, 0, 0, 0, 1, 241, 2, 0), .Dim = c(5L, 
        3L), .Dimnames = list(c("-2", "-1", "0", "1", "2"), c("A", 
        "C", "T"))), N = 444)), `2` = structure(c(0, 0, 0, 0, 
    0, 0, 0, 162, 0, 0, 0, 0, 205, 0, 0), .Dim = c(5L, 3L), .Dimnames = list(
        c("-2", "-1", "0", "1", "2"), c("A", "C", "T"))))))
