Results <-
list(`bwa.out//20220204//MLPA100_S14.sam` = list(LR24_SNP1 = list(
    All = list(Freqs = structure(c(11L, 4385L, 11L, 3L, 0L, 6L, 
    0L, 0L, 0L, 31L, 1L, 0L), .Dim = 4:3, .Dimnames = structure(list(
        c("-1", "0", "1", NA), c("A", "G", NA)), .Names = c("", 
    "")), class = "table"), N = 4448L), Tag.Distribution = structure(c(`1` = 346L, 
    `2` = 237L, `3` = 162L, `4` = 110L, `5` = 66L, `6` = 69L, 
    `7` = 55L, `8` = 26L, `9` = 24L, `10` = 15L, `11` = 16L, 
    `12` = 13L, `13` = 13L, `14` = 6L, `15` = 7L, `16` = 4L, 
    `17` = 1L, `19` = 1L, `20` = 2L, `21` = 2L, `22` = 1L, `26` = 1L
    ), .Dim = 22L, .Dimnames = list(TagUsage = c("1", "2", "3", 
    "4", "5", "6", "7", "8", "9", "10", "11", "12", "13", "14", 
    "15", "16", "17", "19", "20", "21", "22", "26")), class = "table"), 
    No.Tag = structure(c(0L, 79L, 0L, 0L, 0L, 0L, 0L, 0L, 0L, 
    0L, 0L, 0L), .Dim = 4:3, .Dimnames = structure(list(c("-1", 
    "0", "1", NA), c("A", "G", NA)), .Names = c("", "")), class = "table"), 
    All.Tags = list(Concordant = list(Freqs = structure(c(0, 
    1142, 1, 0, 3, 0), .Dim = 3:2, .Dimnames = list(c("-1", "0", 
    "1"), c("A", "G"))), N = 1146), Majority = list(Freqs = structure(c(0, 
    1160, 1, 0, 3, 0), .Dim = 3:2, .Dimnames = list(c("-1", "0", 
    "1"), c("A", "G"))), N = 1164)), `2` = structure(c(0, 825, 
    0, 0, 0, 0), .Dim = 3:2, .Dimnames = list(c("-1", "0", "1"
    ), c("A", "G"))))))
