Results <-
list(`bwa.out//20220204//BlindCMMRD95_S54.sam` = list(LR36_SNP1 = list(
    All = list(Freqs = structure(c(1L, 23L, 1518L, 12L, 12L, 
    3L, 49L, 1731L, 15L, 17L, 0L, 2L, 117L, 0L, 0L), .Dim = c(5L, 
    3L), .Dimnames = structure(list(c("-2", "-1", "0", "1", NA
    ), c("A", "T", NA)), .Names = c("", "")), class = "table"), 
        N = 3500L), Tag.Distribution = structure(c(`1` = 100L, 
    `2` = 43L, `3` = 28L, `4` = 19L, `5` = 19L, `6` = 19L, `7` = 14L, 
    `8` = 20L, `9` = 10L, `10` = 9L, `11` = 14L, `12` = 8L, `13` = 7L, 
    `14` = 10L, `15` = 11L, `16` = 9L, `17` = 4L, `18` = 9L, 
    `19` = 2L, `20` = 2L, `21` = 3L, `22` = 7L, `23` = 1L, `24` = 2L, 
    `25` = 1L, `26` = 5L, `27` = 5L, `28` = 4L, `29` = 3L, `30` = 3L, 
    `31` = 1L, `32` = 1L, `33` = 2L, `34` = 1L, `35` = 1L, `36` = 1L, 
    `37` = 1L, `38` = 1L, `40` = 1L, `78` = 1L), .Dim = 40L, .Dimnames = list(
        TagUsage = c("1", "2", "3", "4", "5", "6", "7", "8", 
        "9", "10", "11", "12", "13", "14", "15", "16", "17", 
        "18", "19", "20", "21", "22", "23", "24", "25", "26", 
        "27", "28", "29", "30", "31", "32", "33", "34", "35", 
        "36", "37", "38", "40", "78")), class = "table"), No.Tag = structure(c(0L, 
    1L, 52L, 0L, 4L, 0L, 0L, 45L, 1L, 0L, 0L, 0L, 12L, 0L, 0L
    ), .Dim = c(5L, 3L), .Dimnames = structure(list(c("-2", "-1", 
    "0", "1", NA), c("A", "T", NA)), .Names = c("", "")), class = "table"), 
    All.Tags = list(Concordant = list(Freqs = structure(c(0, 
    1, 144, 0, 0, 1, 167, 1), .Dim = c(4L, 2L), .Dimnames = list(
        c("-2", "-1", "0", "1"), c("A", "T"))), N = 314), Majority = list(
        Freqs = structure(c(0, 1, 176, 0, 0, 1, 211, 1), .Dim = c(4L, 
        2L), .Dimnames = list(c("-2", "-1", "0", "1"), c("A", 
        "T"))), N = 390)), `2` = structure(c(0, 0, 137, 0, 0, 
    1, 160, 0), .Dim = c(4L, 2L), .Dimnames = list(c("-2", "-1", 
    "0", "1"), c("A", "T"))))))
