Results <-
list(`bwa.out//20220204//BlindCMMRD127_S53.sam` = list(GM11_SNP1 = list(
    All = list(Freqs = structure(c(17L, 2600L, 8L, 5L, 0L, 1L, 
    0L, 0L, 29L, 2927L, 13L, 5L, 1L, 18L, 1L, 0L), .Dim = c(4L, 
    4L), .Dimnames = structure(list(c("-1", "0", "1", NA), c("A", 
    "C", "G", NA)), .Names = c("", "")), class = "table"), N = 5625L), 
    Tag.Distribution = structure(c(`1` = 181L, `2` = 122L, `3` = 107L, 
    `4` = 102L, `5` = 66L, `6` = 58L, `7` = 62L, `8` = 41L, `9` = 43L, 
    `10` = 35L, `11` = 16L, `12` = 30L, `13` = 18L, `14` = 16L, 
    `15` = 18L, `16` = 13L, `17` = 10L, `18` = 4L, `19` = 5L, 
    `20` = 3L, `21` = 4L, `22` = 4L, `24` = 2L, `29` = 1L, `32` = 2L
    ), .Dim = 25L, .Dimnames = list(TagUsage = c("1", "2", "3", 
    "4", "5", "6", "7", "8", "9", "10", "11", "12", "13", "14", 
    "15", "16", "17", "18", "19", "20", "21", "22", "24", "29", 
    "32")), class = "table"), No.Tag = structure(c(0L, 48L, 0L, 
    0L, 0L, 0L, 0L, 0L, 0L, 61L, 0L, 0L, 1L, 1L, 1L, 0L), .Dim = c(4L, 
    4L), .Dimnames = structure(list(c("-1", "0", "1", NA), c("A", 
    "C", "G", NA)), .Names = c("", "")), class = "table"), All.Tags = list(
        Concordant = list(Freqs = structure(c(0, 396, 0, 0, 0, 
        0, 1, 410, 0), .Dim = c(3L, 3L), .Dimnames = list(c("-1", 
        "0", "1"), c("A", "C", "G"))), N = 807), Majority = list(
            Freqs = structure(c(0, 466, 0, 0, 0, 0, 1, 482, 0
            ), .Dim = c(3L, 3L), .Dimnames = list(c("-1", "0", 
            "1"), c("A", "C", "G"))), N = 949)), `2` = structure(c(0, 
    371, 0, 0, 0, 0, 0, 399, 0), .Dim = c(3L, 3L), .Dimnames = list(
        c("-1", "0", "1"), c("A", "C", "G"))))))
