Results <-
list(`bwa.out//20220204//BlindCMMRD60_S19.sam` = list(LR10_SNP1 = list(
    All = list(Freqs = structure(c(0L, 1L, 0L, 0L, 0L, 7L, 0L, 
    0L, 63L, 3600L, 10L, 4L, 0L, 32L, 1L, 0L), .Dim = c(4L, 4L
    ), .Dimnames = structure(list(c("-1", "0", "1", NA), c("A", 
    "C", "T", NA)), .Names = c("", "")), class = "table"), N = 3718L), 
    Tag.Distribution = structure(c(`1` = 102L, `2` = 45L, `3` = 46L, 
    `4` = 37L, `5` = 33L, `6` = 33L, `7` = 28L, `8` = 29L, `9` = 25L, 
    `10` = 13L, `11` = 24L, `12` = 11L, `13` = 12L, `14` = 12L, 
    `15` = 8L, `16` = 9L, `17` = 6L, `18` = 5L, `19` = 5L, `20` = 5L, 
    `21` = 10L, `22` = 2L, `24` = 3L, `25` = 1L, `26` = 1L, `27` = 2L, 
    `28` = 1L, `29` = 1L, `33` = 1L, `35` = 2L, `36` = 1L), .Dim = 31L, .Dimnames = list(
        TagUsage = c("1", "2", "3", "4", "5", "6", "7", "8", 
        "9", "10", "11", "12", "13", "14", "15", "16", "17", 
        "18", "19", "20", "21", "22", "24", "25", "26", "27", 
        "28", "29", "33", "35", "36")), class = "table"), No.Tag = structure(c(0L, 
    0L, 0L, 0L, 0L, 0L, 0L, 0L, 6L, 89L, 0L, 0L, 0L, 1L, 0L, 
    0L), .Dim = c(4L, 4L), .Dimnames = structure(list(c("-1", 
    "0", "1", NA), c("A", "C", "T", NA)), .Names = c("", "")), class = "table"), 
    All.Tags = list(Concordant = list(Freqs = structure(c(0, 
    0, 0, 0, 7, 0, 2, 455, 2), .Dim = c(3L, 3L), .Dimnames = list(
        c("-1", "0", "1"), c("A", "C", "T"))), N = 466), Majority = list(
        Freqs = structure(c(0, 0, 0, 0, 7, 0, 3, 495, 2), .Dim = c(3L, 
        3L), .Dimnames = list(c("-1", "0", "1"), c("A", "C", 
        "T"))), N = 507)), `2` = structure(c(0, 0, 0, 0, 0, 0, 
    2, 407, 0), .Dim = c(3L, 3L), .Dimnames = list(c("-1", "0", 
    "1"), c("A", "C", "T"))))))
