Results <-
list(`bwa.out//20220204//17D1098_S3.sam` = list(LR40_SNP1 = list(
    All = list(Freqs = structure(c(0L, 2L, 0L, 0L, 61L, 3984L, 
    11L, 7L, 0L, 2L, 0L, 0L, 0L, 18L, 0L, 0L), .Dim = c(4L, 4L
    ), .Dimnames = structure(list(c("-1", "0", "1", NA), c("A", 
    "C", "T", NA)), .Names = c("", "")), class = "table"), N = 4085L), 
    Tag.Distribution = structure(c(`1` = 213L, `2` = 115L, `3` = 77L, 
    `4` = 62L, `5` = 45L, `6` = 46L, `7` = 46L, `8` = 40L, `9` = 35L, 
    `10` = 19L, `11` = 12L, `12` = 11L, `13` = 10L, `14` = 7L, 
    `15` = 8L, `16` = 11L, `17` = 3L, `18` = 8L, `19` = 5L, `20` = 4L, 
    `21` = 2L, `25` = 3L, `27` = 1L, `28` = 1L, `32` = 1L), .Dim = 25L, .Dimnames = list(
        TagUsage = c("1", "2", "3", "4", "5", "6", "7", "8", 
        "9", "10", "11", "12", "13", "14", "15", "16", "17", 
        "18", "19", "20", "21", "25", "27", "28", "32")), class = "table"), 
    No.Tag = structure(c(0L, 0L, 0L, 0L, 2L, 146L, 2L, 2L, 0L, 
    0L, 0L, 0L, 0L, 1L, 0L, 0L), .Dim = c(4L, 4L), .Dimnames = structure(list(
        c("-1", "0", "1", NA), c("A", "C", "T", NA)), .Names = c("", 
    "")), class = "table"), All.Tags = list(Concordant = list(
        Freqs = structure(c(0, 0, 0, 4, 729, 2, 0, 0, 0), .Dim = c(3L, 
        3L), .Dimnames = list(c("-1", "0", "1"), c("A", "C", 
        "T"))), N = 735), Majority = list(Freqs = structure(c(0, 
    0, 0, 6, 771, 2, 0, 0, 0), .Dim = c(3L, 3L), .Dimnames = list(
        c("-1", "0", "1"), c("A", "C", "T"))), N = 779)), `2` = structure(c(0, 
    0, 0, 2, 567, 0, 0, 0, 0), .Dim = c(3L, 3L), .Dimnames = list(
        c("-1", "0", "1"), c("A", "C", "T"))))))
