Results <-
list(`bwa.out//20220204//BlindCMMRD61_S20.sam` = list(DEPDC2_SNP1 = list(
    All = list(Freqs = structure(c(0L, 0L, 1L, 0L, 0L, 0L, 0L, 
    2L, 0L, 0L, 1L, 47L, 5415L, 23L, 57L, 0L, 0L, 29L, 0L, 0L
    ), .Dim = 5:4, .Dimnames = structure(list(c("-3", "-1", "0", 
    "1", NA), c("A", "C", "T", NA)), .Names = c("", "")), class = "table"), 
        N = 5575L), Tag.Distribution = structure(c(`1` = 140L, 
    `2` = 56L, `3` = 57L, `4` = 59L, `5` = 35L, `6` = 29L, `7` = 35L, 
    `8` = 35L, `9` = 28L, `10` = 25L, `11` = 20L, `12` = 18L, 
    `13` = 22L, `14` = 19L, `15` = 9L, `16` = 18L, `17` = 8L, 
    `18` = 4L, `19` = 8L, `20` = 8L, `21` = 9L, `22` = 3L, `23` = 9L, 
    `24` = 3L, `25` = 8L, `26` = 5L, `27` = 7L, `28` = 3L, `29` = 1L, 
    `30` = 1L, `31` = 1L, `32` = 2L, `33` = 2L, `34` = 1L, `36` = 1L, 
    `37` = 1L, `42` = 1L), .Dim = 37L, .Dimnames = list(TagUsage = c("1", 
    "2", "3", "4", "5", "6", "7", "8", "9", "10", "11", "12", 
    "13", "14", "15", "16", "17", "18", "19", "20", "21", "22", 
    "23", "24", "25", "26", "27", "28", "29", "30", "31", "32", 
    "33", "34", "36", "37", "42")), class = "table"), No.Tag = structure(c(0L, 
    0L, 0L, 0L, 0L, 0L, 0L, 0L, 0L, 0L, 0L, 3L, 95L, 1L, 3L, 
    0L, 0L, 1L, 0L, 0L), .Dim = 5:4, .Dimnames = structure(list(
        c("-3", "-1", "0", "1", NA), c("A", "C", "T", NA)), .Names = c("", 
    "")), class = "table"), All.Tags = list(Concordant = list(
        Freqs = structure(c(0, 0, 0, 0, 0, 0, 2, 0, 0, 2, 620, 
        0), .Dim = 4:3, .Dimnames = list(c("-3", "-1", "0", "1"
        ), c("A", "C", "T"))), N = 624), Majority = list(Freqs = structure(c(0, 
    0, 0, 0, 0, 0, 2, 0, 0, 2, 677, 0), .Dim = 4:3, .Dimnames = list(
        c("-3", "-1", "0", "1"), c("A", "C", "T"))), N = 681)), 
    `2` = structure(c(0, 0, 0, 0, 0, 0, 0, 0, 0, 0, 549, 0), .Dim = 4:3, .Dimnames = list(
        c("-3", "-1", "0", "1"), c("A", "C", "T"))))))
