Results <-
list(`bwa.out//20220204//BlindCMMRD53_S12.sam` = list(LR36_SNP1 = list(
    All = list(Freqs = structure(c(0L, 0L, 1L, 0L, 0L, 1L, 29L, 
    1427L, 9L, 11L, 0L, 0L, 1L, 0L, 0L, 6L, 33L, 1408L, 10L, 
    7L, 0L, 1L, 104L, 2L, 0L), .Dim = c(5L, 5L), .Dimnames = structure(list(
        c("-2", "-1", "0", "1", NA), c("-", "A", "G", "T", NA
        )), .Names = c("", "")), class = "table"), N = 3050L), 
    Tag.Distribution = structure(c(`1` = 88L, `2` = 49L, `3` = 40L, 
    `4` = 34L, `5` = 26L, `6` = 26L, `7` = 16L, `8` = 17L, `9` = 21L, 
    `10` = 12L, `11` = 7L, `12` = 12L, `13` = 9L, `14` = 7L, 
    `15` = 8L, `16` = 4L, `17` = 8L, `18` = 2L, `19` = 4L, `20` = 1L, 
    `21` = 5L, `22` = 2L, `23` = 1L, `24` = 5L, `26` = 1L, `27` = 3L, 
    `28` = 1L, `29` = 1L, `30` = 1L, `31` = 1L, `35` = 2L, `36` = 1L, 
    `40` = 1L, `44` = 1L), .Dim = 34L, .Dimnames = list(TagUsage = c("1", 
    "2", "3", "4", "5", "6", "7", "8", "9", "10", "11", "12", 
    "13", "14", "15", "16", "17", "18", "19", "20", "21", "22", 
    "23", "24", "26", "27", "28", "29", "30", "31", "35", "36", 
    "40", "44")), class = "table"), No.Tag = structure(c(0L, 
    0L, 0L, 0L, 0L, 0L, 1L, 51L, 0L, 0L, 0L, 0L, 0L, 0L, 0L, 
    0L, 3L, 98L, 3L, 2L, 0L, 0L, 12L, 0L, 0L), .Dim = c(5L, 5L
    ), .Dimnames = structure(list(c("-2", "-1", "0", "1", NA), 
        c("-", "A", "G", "T", NA)), .Names = c("", "")), class = "table"), 
    All.Tags = list(Concordant = list(Freqs = structure(c(0, 
    0, 0, 0, 0, 2, 167, 0, 0, 0, 0, 0, 0, 0, 168, 0), .Dim = c(4L, 
    4L), .Dimnames = list(c("-2", "-1", "0", "1"), c("-", "A", 
    "G", "T"))), N = 337), Majority = list(Freqs = structure(c(0, 
    0, 0, 0, 0, 2, 202, 0, 0, 0, 0, 0, 0, 0, 201, 0), .Dim = c(4L, 
    4L), .Dimnames = list(c("-2", "-1", "0", "1"), c("-", "A", 
    "G", "T"))), N = 405)), `2` = structure(c(0, 0, 0, 0, 0, 
    0, 161, 0, 0, 0, 0, 0, 0, 0, 162, 0), .Dim = c(4L, 4L), .Dimnames = list(
        c("-2", "-1", "0", "1"), c("-", "A", "G", "T"))))))
