Results <-
list(`bwa.out//20220204//BlindCMMRD65_S24.sam` = list(GM17_SNP1 = list(
    All = list(Freqs = structure(c(0L, 24L, 2068L, 4L, 2L, 1L, 
    36L, 2164L, 3L, 1L, 0L, 1L, 28L, 0L, 0L), .Dim = c(5L, 3L
    ), .Dimnames = structure(list(c("-3", "-1", "0", "1", NA), 
        c("C", "T", NA)), .Names = c("", "")), class = "table"), 
        N = 4332L), Tag.Distribution = structure(c(`1` = 105L, 
    `2` = 56L, `3` = 43L, `4` = 44L, `5` = 35L, `6` = 40L, `7` = 51L, 
    `8` = 34L, `9` = 24L, `10` = 14L, `11` = 18L, `12` = 17L, 
    `13` = 14L, `14` = 15L, `15` = 12L, `16` = 15L, `17` = 7L, 
    `18` = 8L, `19` = 4L, `20` = 5L, `21` = 4L, `22` = 4L, `23` = 3L, 
    `24` = 1L, `25` = 2L, `26` = 1L, `27` = 4L, `28` = 1L, `29` = 1L, 
    `33` = 1L, `34` = 2L, `37` = 1L), .Dim = 32L, .Dimnames = list(
        TagUsage = c("1", "2", "3", "4", "5", "6", "7", "8", 
        "9", "10", "11", "12", "13", "14", "15", "16", "17", 
        "18", "19", "20", "21", "22", "23", "24", "25", "26", 
        "27", "28", "29", "33", "34", "37")), class = "table"), 
    No.Tag = structure(c(0L, 2L, 50L, 0L, 0L, 0L, 0L, 57L, 0L, 
    1L, 0L, 0L, 3L, 0L, 0L), .Dim = c(5L, 3L), .Dimnames = structure(list(
        c("-3", "-1", "0", "1", NA), c("C", "T", NA)), .Names = c("", 
    "")), class = "table"), All.Tags = list(Concordant = list(
        Freqs = structure(c(0, 1, 254, 0, 0, 1, 245, 0), .Dim = c(4L, 
        2L), .Dimnames = list(c("-3", "-1", "0", "1"), c("C", 
        "T"))), N = 501), Majority = list(Freqs = structure(c(0, 
    1, 287, 0, 0, 1, 291, 0), .Dim = c(4L, 2L), .Dimnames = list(
        c("-3", "-1", "0", "1"), c("C", "T"))), N = 580)), `2` = structure(c(0, 
    0, 222, 0, 0, 1, 252, 0), .Dim = c(4L, 2L), .Dimnames = list(
        c("-3", "-1", "0", "1"), c("C", "T"))))))
