Results <-
list(`bwa.out//20220204//BlindCMMRD134_S60.sam` = list(GM11_SNP1 = list(
    All = list(Freqs = structure(c(0L, 15L, 2760L, 8L, 1L, 2L, 
    22L, 2719L, 17L, 1L, 0L, 0L, 1L, 0L, 0L, 0L, 0L, 15L, 0L, 
    0L), .Dim = 5:4, .Dimnames = structure(list(c("-2", "-1", 
    "0", "1", NA), c("A", "G", "T", NA)), .Names = c("", "")), class = "table"), 
        N = 5561L), Tag.Distribution = structure(c(`1` = 146L, 
    `2` = 134L, `3` = 125L, `4` = 139L, `5` = 96L, `6` = 79L, 
    `7` = 71L, `8` = 58L, `9` = 45L, `10` = 34L, `11` = 22L, 
    `12` = 22L, `13` = 14L, `14` = 11L, `15` = 7L, `16` = 7L, 
    `17` = 5L, `18` = 3L, `19` = 5L, `20` = 4L, `21` = 1L, `22` = 1L, 
    `23` = 2L, `28` = 1L), .Dim = 24L, .Dimnames = list(TagUsage = c("1", 
    "2", "3", "4", "5", "6", "7", "8", "9", "10", "11", "12", 
    "13", "14", "15", "16", "17", "18", "19", "20", "21", "22", 
    "23", "28")), class = "table"), No.Tag = structure(c(0L, 
    0L, 26L, 0L, 0L, 0L, 0L, 38L, 1L, 0L, 0L, 0L, 0L, 0L, 0L, 
    0L, 0L, 1L, 0L, 0L), .Dim = 5:4, .Dimnames = structure(list(
        c("-2", "-1", "0", "1", NA), c("A", "G", "T", NA)), .Names = c("", 
    "")), class = "table"), All.Tags = list(Concordant = list(
        Freqs = structure(c(0, 1, 453, 0, 0, 0, 427, 0, 0, 0, 
        0, 0), .Dim = 4:3, .Dimnames = list(c("-2", "-1", "0", 
        "1"), c("A", "G", "T"))), N = 881), Majority = list(Freqs = structure(c(0, 
    1, 515, 0, 0, 1, 492, 0, 0, 0, 0, 0), .Dim = 4:3, .Dimnames = list(
        c("-2", "-1", "0", "1"), c("A", "G", "T"))), N = 1009)), 
    `2` = structure(c(0, 0, 436, 0, 0, 1, 427, 0, 0, 0, 0, 0), .Dim = 4:3, .Dimnames = list(
        c("-2", "-1", "0", "1"), c("A", "G", "T"))))))
