Results <-
list(`bwa.out//20220204//BlindCMMRD90_S49.sam` = list(GM22_SNP1 = list(
    All = list(Freqs = structure(c(3L, 84L, 6105L, 23L, 12L, 
    0L, 0L, 2L, 0L, 0L, 0L, 1L, 61L, 0L, 0L), .Dim = c(5L, 3L
    ), .Dimnames = structure(list(c("-2", "-1", "0", "1", NA), 
        c("A", "G", NA)), .Names = c("", "")), class = "table"), 
        N = 6291L), Tag.Distribution = structure(c(`1` = 165L, 
    `2` = 56L, `3` = 48L, `4` = 53L, `5` = 54L, `6` = 45L, `7` = 40L, 
    `8` = 33L, `9` = 34L, `10` = 23L, `11` = 31L, `12` = 24L, 
    `13` = 19L, `14` = 11L, `15` = 11L, `16` = 13L, `17` = 10L, 
    `18` = 10L, `19` = 8L, `20` = 9L, `21` = 5L, `22` = 9L, `23` = 11L, 
    `24` = 10L, `25` = 7L, `26` = 2L, `27` = 1L, `28` = 4L, `29` = 2L, 
    `30` = 2L, `31` = 1L, `32` = 4L, `33` = 2L, `34` = 2L, `35` = 1L, 
    `36` = 1L, `38` = 1L, `46` = 1L, `48` = 1L), .Dim = 39L, .Dimnames = list(
        TagUsage = c("1", "2", "3", "4", "5", "6", "7", "8", 
        "9", "10", "11", "12", "13", "14", "15", "16", "17", 
        "18", "19", "20", "21", "22", "23", "24", "25", "26", 
        "27", "28", "29", "30", "31", "32", "33", "34", "35", 
        "36", "38", "46", "48")), class = "table"), No.Tag = structure(c(0L, 
    2L, 167L, 2L, 2L, 0L, 0L, 0L, 0L, 0L, 0L, 0L, 4L, 0L, 0L), .Dim = c(5L, 
    3L), .Dimnames = structure(list(c("-2", "-1", "0", "1", NA
    ), c("A", "G", NA)), .Names = c("", "")), class = "table"), 
    All.Tags = list(Concordant = list(Freqs = structure(c(0, 
    3, 666, 1, 0, 0, 2, 0), .Dim = c(4L, 2L), .Dimnames = list(
        c("-2", "-1", "0", "1"), c("A", "G"))), N = 672), Majority = list(
        Freqs = structure(c(0, 3, 752, 1, 0, 0, 2, 0), .Dim = c(4L, 
        2L), .Dimnames = list(c("-2", "-1", "0", "1"), c("A", 
        "G"))), N = 758)), `2` = structure(c(0, 1, 597, 0, 0, 
    0, 0, 0), .Dim = c(4L, 2L), .Dimnames = list(c("-2", "-1", 
    "0", "1"), c("A", "G"))))))
