Results <-
list(`bwa.out//20220204//BlindCMMRD94_S53.sam` = list(GM22_SNP1 = list(
    All = list(Freqs = structure(c(2L, 42L, 2743L, 10L, 1L, 0L, 
    19L, 1894L, 2L, 2L, 0L, 2L, 62L, 0L, 0L), .Dim = c(5L, 3L
    ), .Dimnames = structure(list(c("-2", "-1", "0", "1", NA), 
        c("A", "G", NA)), .Names = c("", "")), class = "table"), 
        N = 4779L), Tag.Distribution = structure(c(`1` = 136L, 
    `2` = 46L, `3` = 48L, `4` = 39L, `5` = 30L, `6` = 35L, `7` = 29L, 
    `8` = 31L, `9` = 22L, `10` = 18L, `11` = 27L, `12` = 10L, 
    `13` = 17L, `14` = 13L, `15` = 9L, `16` = 7L, `17` = 11L, 
    `18` = 12L, `19` = 8L, `20` = 4L, `21` = 8L, `22` = 9L, `23` = 10L, 
    `24` = 5L, `25` = 6L, `26` = 1L, `27` = 2L, `29` = 1L, `30` = 3L, 
    `34` = 3L, `35` = 2L, `47` = 1L), .Dim = 32L, .Dimnames = list(
        TagUsage = c("1", "2", "3", "4", "5", "6", "7", "8", 
        "9", "10", "11", "12", "13", "14", "15", "16", "17", 
        "18", "19", "20", "21", "22", "23", "24", "25", "26", 
        "27", "29", "30", "34", "35", "47")), class = "table"), 
    No.Tag = structure(c(0L, 0L, 48L, 1L, 0L, 0L, 0L, 21L, 0L, 
    0L, 0L, 1L, 5L, 0L, 0L), .Dim = c(5L, 3L), .Dimnames = structure(list(
        c("-2", "-1", "0", "1", NA), c("A", "G", NA)), .Names = c("", 
    "")), class = "table"), All.Tags = list(Concordant = list(
        Freqs = structure(c(0, 0, 295, 0, 0, 0, 222, 0), .Dim = c(4L, 
        2L), .Dimnames = list(c("-2", "-1", "0", "1"), c("A", 
        "G"))), N = 517), Majority = list(Freqs = structure(c(0, 
    0, 343, 0, 0, 0, 246, 0), .Dim = c(4L, 2L), .Dimnames = list(
        c("-2", "-1", "0", "1"), c("A", "G"))), N = 589)), `2` = structure(c(0, 
    0, 267, 0, 0, 0, 196, 0), .Dim = c(4L, 2L), .Dimnames = list(
        c("-2", "-1", "0", "1"), c("A", "G"))))))
