Results <-
list(`bwa.out//20220204//BlindCMMRD92_S51.sam` = list(GM01_SNP1 = list(
    All = list(Freqs = structure(c(2L, 67L, 6634L, 22L, 1L, 2L, 
    0L, 0L, 3L, 0L, 0L, 0L, 0L, 2L, 50L, 1L, 0L, 0L), .Dim = c(6L, 
    3L), .Dimnames = structure(list(c("-2", "-1", "0", "1", "2", 
    NA), c("A", "G", NA)), .Names = c("", "")), class = "table"), 
        N = 6784L), Tag.Distribution = structure(c(`1` = 120L, 
    `2` = 51L, `3` = 50L, `4` = 45L, `5` = 55L, `6` = 28L, `7` = 32L, 
    `8` = 29L, `9` = 33L, `10` = 23L, `11` = 16L, `12` = 26L, 
    `13` = 21L, `14` = 20L, `15` = 13L, `16` = 22L, `17` = 19L, 
    `18` = 22L, `19` = 11L, `20` = 19L, `21` = 7L, `22` = 11L, 
    `23` = 6L, `24` = 5L, `25` = 5L, `26` = 3L, `27` = 3L, `28` = 6L, 
    `29` = 2L, `30` = 3L, `31` = 3L, `32` = 2L, `33` = 1L, `34` = 2L, 
    `35` = 1L, `42` = 1L, `44` = 1L, `45` = 1L, `51` = 1L), .Dim = 39L, .Dimnames = list(
        TagUsage = c("1", "2", "3", "4", "5", "6", "7", "8", 
        "9", "10", "11", "12", "13", "14", "15", "16", "17", 
        "18", "19", "20", "21", "22", "23", "24", "25", "26", 
        "27", "28", "29", "30", "31", "32", "33", "34", "35", 
        "42", "44", "45", "51")), class = "table"), No.Tag = structure(c(0L, 
    2L, 182L, 0L, 0L, 0L, 0L, 0L, 0L, 0L, 0L, 0L, 0L, 1L, 3L, 
    0L, 0L, 0L), .Dim = c(6L, 3L), .Dimnames = structure(list(
        c("-2", "-1", "0", "1", "2", NA), c("A", "G", NA)), .Names = c("", 
    "")), class = "table"), All.Tags = list(Concordant = list(
        Freqs = structure(c(0, 0, 628, 0, 0, 0, 0, 1, 0, 0), .Dim = c(5L, 
        2L), .Dimnames = list(c("-2", "-1", "0", "1", "2"), c("A", 
        "G"))), N = 629), Majority = list(Freqs = structure(c(0, 
    0, 710, 0, 0, 0, 0, 1, 0, 0), .Dim = c(5L, 2L), .Dimnames = list(
        c("-2", "-1", "0", "1", "2"), c("A", "G"))), N = 711)), 
    `2` = structure(c(0, 0, 595, 0, 0, 0, 0, 0, 0, 0), .Dim = c(5L, 
    2L), .Dimnames = list(c("-2", "-1", "0", "1", "2"), c("A", 
    "G"))))))
