Results <-
list(`bwa.out//20220204//BlindCMMRD84_S43.sam` = list(GM07_SNP1 = list(
    All = list(Freqs = structure(c(3L, 127L, 2284L, 50L, 0L, 
    25L, 1L, 97L, 1814L, 51L, 2L, 33L, 0L, 1L, 53L, 3L, 0L, 0L
    ), .Dim = c(6L, 3L), .Dimnames = structure(list(c("-2", "-1", 
    "0", "1", "2", NA), c("A", "G", NA)), .Names = c("", "")), class = "table"), 
        N = 4544L), Tag.Distribution = structure(c(`1` = 120L, 
    `2` = 58L, `3` = 53L, `4` = 42L, `5` = 39L, `6` = 37L, `7` = 23L, 
    `8` = 20L, `9` = 20L, `10` = 18L, `11` = 22L, `12` = 17L, 
    `13` = 8L, `14` = 11L, `15` = 18L, `16` = 8L, `17` = 7L, 
    `18` = 7L, `19` = 9L, `20` = 5L, `21` = 3L, `22` = 5L, `23` = 3L, 
    `24` = 1L, `25` = 4L, `26` = 5L, `27` = 6L, `29` = 2L, `30` = 2L, 
    `31` = 1L, `33` = 1L, `34` = 1L, `46` = 1L), .Dim = 33L, .Dimnames = list(
        TagUsage = c("1", "2", "3", "4", "5", "6", "7", "8", 
        "9", "10", "11", "12", "13", "14", "15", "16", "17", 
        "18", "19", "20", "21", "22", "23", "24", "25", "26", 
        "27", "29", "30", "31", "33", "34", "46")), class = "table"), 
    No.Tag = structure(c(1L, 11L, 211L, 3L, 0L, 5L, 0L, 3L, 97L, 
    1L, 0L, 5L, 0L, 0L, 7L, 1L, 0L, 0L), .Dim = c(6L, 3L), .Dimnames = structure(list(
        c("-2", "-1", "0", "1", "2", NA), c("A", "G", NA)), .Names = c("", 
    "")), class = "table"), All.Tags = list(Concordant = list(
        Freqs = structure(c(0, 5, 181, 1, 0, 0, 3, 177, 0, 0), .Dim = c(5L, 
        2L), .Dimnames = list(c("-2", "-1", "0", "1", "2"), c("A", 
        "G"))), N = 367), Majority = list(Freqs = structure(c(0, 
    6, 277, 1, 0, 0, 4, 266, 0, 0), .Dim = c(5L, 2L), .Dimnames = list(
        c("-2", "-1", "0", "1", "2"), c("A", "G"))), N = 554)), 
    `2` = structure(c(0, 2, 228, 0, 0, 0, 1, 212, 0, 0), .Dim = c(5L, 
    2L), .Dimnames = list(c("-2", "-1", "0", "1", "2"), c("A", 
    "G"))))))
