Results <-
list(`bwa.out//20220204//MLPA03_S10.sam` = list(GM01_SNP1 = list(
    All = list(Freqs = structure(c(0L, 0L, 1L, 0L, 0L, 1L, 74L, 
    6126L, 23L, 17L, 0L, 0L, 3L, 0L, 0L, 0L, 0L, 1L, 0L, 0L, 
    0L, 0L, 85L, 1L, 0L), .Dim = c(5L, 5L), .Dimnames = structure(list(
        c("-2", "-1", "0", "1", NA), c("-", "A", "G", "T", NA
        )), .Names = c("", "")), class = "table"), N = 6332L), 
    Tag.Distribution = structure(c(`1` = 165L, `2` = 48L, `3` = 40L, 
    `4` = 37L, `5` = 24L, `6` = 38L, `7` = 17L, `8` = 15L, `9` = 26L, 
    `10` = 15L, `11` = 16L, `12` = 22L, `13` = 14L, `14` = 13L, 
    `15` = 15L, `16` = 10L, `17` = 11L, `18` = 9L, `19` = 12L, 
    `20` = 5L, `21` = 8L, `22` = 5L, `23` = 5L, `24` = 4L, `25` = 7L, 
    `26` = 5L, `27` = 4L, `28` = 3L, `29` = 4L, `30` = 2L, `31` = 5L, 
    `32` = 5L, `33` = 2L, `34` = 1L, `35` = 2L, `36` = 3L, `37` = 3L, 
    `38` = 1L, `39` = 3L, `40` = 3L, `41` = 2L, `42` = 2L, `43` = 1L, 
    `44` = 1L, `45` = 1L, `46` = 3L, `48` = 1L, `49` = 1L, `52` = 1L, 
    `53` = 1L, `62` = 1L), .Dim = 51L, .Dimnames = list(TagUsage = c("1", 
    "2", "3", "4", "5", "6", "7", "8", "9", "10", "11", "12", 
    "13", "14", "15", "16", "17", "18", "19", "20", "21", "22", 
    "23", "24", "25", "26", "27", "28", "29", "30", "31", "32", 
    "33", "34", "35", "36", "37", "38", "39", "40", "41", "42", 
    "43", "44", "45", "46", "48", "49", "52", "53", "62")), class = "table"), 
    No.Tag = structure(c(0L, 0L, 0L, 0L, 0L, 0L, 2L, 113L, 0L, 
    0L, 0L, 0L, 1L, 0L, 0L, 0L, 0L, 0L, 0L, 0L, 0L, 0L, 9L, 0L, 
    0L), .Dim = c(5L, 5L), .Dimnames = structure(list(c("-2", 
    "-1", "0", "1", NA), c("-", "A", "G", "T", NA)), .Names = c("", 
    "")), class = "table"), All.Tags = list(Concordant = list(
        Freqs = structure(c(0, 0, 0, 0, 0, 3, 540, 1, 0, 0, 1, 
        0, 0, 0, 0, 0), .Dim = c(4L, 4L), .Dimnames = list(c("-2", 
        "-1", "0", "1"), c("-", "A", "G", "T"))), N = 545), Majority = list(
        Freqs = structure(c(0, 0, 0, 0, 0, 3, 623, 1, 0, 0, 1, 
        0, 0, 0, 0, 0), .Dim = c(4L, 4L), .Dimnames = list(c("-2", 
        "-1", "0", "1"), c("-", "A", "G", "T"))), N = 628)), 
    `2` = structure(c(0, 0, 0, 0, 0, 0, 475, 0, 0, 0, 0, 0, 0, 
    0, 0, 0), .Dim = c(4L, 4L), .Dimnames = list(c("-2", "-1", 
    "0", "1"), c("-", "A", "G", "T"))))))
