Results <-
list(`bwa.out//20220204//BlindCMMRD45_S5.sam` = list(LR36_SNP1 = list(
    All = list(Freqs = structure(c(0L, 0L, 0L, 0L, 1L, 0L, 0L, 
    0L, 1L, 0L, 2L, 34L, 1878L, 18L, 0L, 17L, 0L, 1L, 5L, 30L, 
    1453L, 8L, 1L, 4L, 0L, 0L, 0L, 1L, 108L, 2L, 0L, 0L), .Dim = c(8L, 
    4L), .Dimnames = structure(list(c("-4", "-3", "-2", "-1", 
    "0", "1", "2", NA), c("-", "A", "T", NA)), .Names = c("", 
    "")), class = "table"), N = 3564L), Tag.Distribution = structure(c(`1` = 65L, 
    `2` = 15L, `3` = 16L, `4` = 12L, `5` = 13L, `6` = 12L, `7` = 10L, 
    `8` = 9L, `9` = 8L, `10` = 12L, `11` = 10L, `12` = 5L, `13` = 6L, 
    `14` = 9L, `15` = 5L, `16` = 5L, `17` = 9L, `18` = 3L, `19` = 3L, 
    `20` = 4L, `21` = 2L, `22` = 2L, `23` = 6L, `24` = 3L, `25` = 1L, 
    `26` = 2L, `27` = 4L, `28` = 6L, `29` = 1L, `30` = 1L, `32` = 1L, 
    `33` = 2L, `34` = 1L, `35` = 3L, `36` = 2L, `37` = 2L, `38` = 2L, 
    `39` = 1L, `41` = 1L, `42` = 1L, `44` = 1L, `45` = 2L, `48` = 1L, 
    `49` = 1L, `50` = 1L, `52` = 1L, `53` = 1L, `60` = 1L, `64` = 1L, 
    `70` = 1L), .Dim = 50L, .Dimnames = list(TagUsage = c("1", 
    "2", "3", "4", "5", "6", "7", "8", "9", "10", "11", "12", 
    "13", "14", "15", "16", "17", "18", "19", "20", "21", "22", 
    "23", "24", "25", "26", "27", "28", "29", "30", "32", "33", 
    "34", "35", "36", "37", "38", "39", "41", "42", "44", "45", 
    "48", "49", "50", "52", "53", "60", "64", "70")), class = "table"), 
    No.Tag = structure(c(0L, 0L, 0L, 0L, 0L, 0L, 0L, 0L, 0L, 
    0L, 0L, 0L, 84L, 0L, 0L, 4L, 0L, 0L, 0L, 0L, 54L, 0L, 0L, 
    1L, 0L, 0L, 0L, 1L, 16L, 0L, 0L, 0L), .Dim = c(8L, 4L), .Dimnames = structure(list(
        c("-4", "-3", "-2", "-1", "0", "1", "2", NA), c("-", 
        "A", "T", NA)), .Names = c("", "")), class = "table"), 
    All.Tags = list(Concordant = list(Freqs = structure(c(0, 
    0, 0, 0, 0, 0, 0, 0, 0, 0, 1, 113, 0, 0, 0, 0, 0, 0, 94, 
    1, 0), .Dim = c(7L, 3L), .Dimnames = list(c("-4", "-3", "-2", 
    "-1", "0", "1", "2"), c("-", "A", "T"))), N = 209), Majority = list(
        Freqs = structure(c(0, 0, 0, 0, 0, 0, 0, 0, 0, 0, 1, 
        152, 0, 0, 0, 0, 0, 0, 128, 1, 0), .Dim = c(7L, 3L), .Dimnames = list(
            c("-4", "-3", "-2", "-1", "0", "1", "2"), c("-", 
            "A", "T"))), N = 282)), `2` = structure(c(0, 0, 0, 
    0, 0, 0, 0, 0, 0, 0, 0, 122, 0, 0, 0, 0, 0, 0, 98, 0, 0), .Dim = c(7L, 
    3L), .Dimnames = list(c("-4", "-3", "-2", "-1", "0", "1", 
    "2"), c("-", "A", "T"))))))
