Results <-
list(`bwa.out//20220204//Control12_S5.sam` = list(LR24_SNP1 = list(
    All = list(Freqs = structure(c(1L, 7L, 1571L, 4L, 3L, 0L, 
    9L, 1777L, 4L, 2L, 0L, 0L, 15L, 0L, 0L), .Dim = c(5L, 3L), .Dimnames = structure(list(
        c("-2", "-1", "0", "1", NA), c("A", "G", NA)), .Names = c("", 
    "")), class = "table"), N = 3393L), Tag.Distribution = structure(c(`1` = 197L, 
    `2` = 86L, `3` = 87L, `4` = 65L, `5` = 55L, `6` = 32L, `7` = 44L, 
    `8` = 32L, `9` = 26L, `10` = 20L, `11` = 12L, `12` = 12L, 
    `13` = 7L, `14` = 6L, `15` = 5L, `16` = 3L, `17` = 4L, `18` = 2L, 
    `19` = 5L, `20` = 1L, `22` = 2L, `23` = 1L, `24` = 1L, `26` = 1L
    ), .Dim = 24L, .Dimnames = list(TagUsage = c("1", "2", "3", 
    "4", "5", "6", "7", "8", "9", "10", "11", "12", "13", "14", 
    "15", "16", "17", "18", "19", "20", "22", "23", "24", "26"
    )), class = "table"), No.Tag = structure(c(0L, 0L, 65L, 0L, 
    1L, 0L, 1L, 60L, 0L, 0L, 0L, 0L, 1L, 0L, 0L), .Dim = c(5L, 
    3L), .Dimnames = structure(list(c("-2", "-1", "0", "1", NA
    ), c("A", "G", NA)), .Names = c("", "")), class = "table"), 
    All.Tags = list(Concordant = list(Freqs = structure(c(0, 
    1, 332, 0, 0, 1, 318, 0), .Dim = c(4L, 2L), .Dimnames = list(
        c("-2", "-1", "0", "1"), c("A", "G"))), N = 652), Majority = list(
        Freqs = structure(c(0, 1, 352, 0, 0, 1, 344, 0), .Dim = c(4L, 
        2L), .Dimnames = list(c("-2", "-1", "0", "1"), c("A", 
        "G"))), N = 698)), `2` = structure(c(0, 0, 250, 0, 0, 
    0, 253, 0), .Dim = c(4L, 2L), .Dimnames = list(c("-2", "-1", 
    "0", "1"), c("A", "G"))))))
