Results <-
list(`bwa.out//20220204//Control21_S14.sam` = list(LR20_SNP1 = list(
    All = list(Freqs = structure(c(6L, 1607L, 2L, 0L, 0L, 1L, 
    0L, 0L, 1L, 1451L, 2L, 1L, 0L, 24L, 0L, 0L), .Dim = c(4L, 
    4L), .Dimnames = structure(list(c("-1", "0", "1", NA), c("A", 
    "C", "G", NA)), .Names = c("", "")), class = "table"), N = 3095L), 
    Tag.Distribution = structure(c(`1` = 153L, `2` = 61L, `3` = 52L, 
    `4` = 63L, `5` = 29L, `6` = 27L, `7` = 27L, `8` = 20L, `9` = 17L, 
    `10` = 19L, `11` = 16L, `12` = 13L, `13` = 8L, `14` = 5L, 
    `15` = 9L, `16` = 2L, `17` = 5L, `18` = 5L, `19` = 4L, `20` = 3L, 
    `21` = 2L, `22` = 3L, `23` = 5L, `24` = 2L, `25` = 1L, `26` = 2L
    ), .Dim = 26L, .Dimnames = list(TagUsage = c("1", "2", "3", 
    "4", "5", "6", "7", "8", "9", "10", "11", "12", "13", "14", 
    "15", "16", "17", "18", "19", "20", "21", "22", "23", "24", 
    "25", "26")), class = "table"), No.Tag = structure(c(1L, 
    47L, 0L, 0L, 0L, 0L, 0L, 0L, 0L, 28L, 0L, 0L, 0L, 5L, 0L, 
    0L), .Dim = c(4L, 4L), .Dimnames = structure(list(c("-1", 
    "0", "1", NA), c("A", "C", "G", NA)), .Names = c("", "")), class = "table"), 
    All.Tags = list(Concordant = list(Freqs = structure(c(0, 
    261, 1, 0, 0, 0, 0, 242, 0), .Dim = c(3L, 3L), .Dimnames = list(
        c("-1", "0", "1"), c("A", "C", "G"))), N = 504), Majority = list(
        Freqs = structure(c(0, 285, 1, 0, 0, 0, 0, 261, 0), .Dim = c(3L, 
        3L), .Dimnames = list(c("-1", "0", "1"), c("A", "C", 
        "G"))), N = 547)), `2` = structure(c(0, 211, 0, 0, 0, 
    0, 0, 189, 0), .Dim = c(3L, 3L), .Dimnames = list(c("-1", 
    "0", "1"), c("A", "C", "G"))))))
