Results <-
list(`bwa.out//20220204//BlindCMMRD61_S20.sam` = list(GM29_SNP1 = list(
    All = list(Freqs = structure(c(0L, 0L, 6L, 0L, 1L, 1L, 63L, 
    4783L, 18L, 8L, 0L, 0L, 3L, 0L, 0L, 0L, 1L, 44L, 0L, 0L), .Dim = 5:4, .Dimnames = structure(list(
        c("-2", "-1", "0", "1", NA), c("A", "G", "T", NA)), .Names = c("", 
    "")), class = "table"), N = 4928L), Tag.Distribution = structure(c(`1` = 83L, 
    `2` = 34L, `3` = 18L, `4` = 30L, `5` = 31L, `6` = 26L, `7` = 24L, 
    `8` = 17L, `9` = 18L, `10` = 16L, `11` = 13L, `12` = 12L, 
    `13` = 12L, `14` = 8L, `15` = 13L, `16` = 11L, `17` = 8L, 
    `18` = 8L, `19` = 8L, `20` = 3L, `21` = 5L, `22` = 4L, `23` = 3L, 
    `24` = 3L, `25` = 3L, `26` = 5L, `27` = 1L, `28` = 3L, `29` = 3L, 
    `30` = 5L, `31` = 3L, `32` = 2L, `33` = 4L, `34` = 2L, `35` = 1L, 
    `36` = 2L, `38` = 2L, `39` = 1L, `40` = 1L, `41` = 3L, `42` = 2L, 
    `44` = 1L, `54` = 1L, `58` = 1L, `60` = 1L, `85` = 1L, `90` = 1L
    ), .Dim = 47L, .Dimnames = list(TagUsage = c("1", "2", "3", 
    "4", "5", "6", "7", "8", "9", "10", "11", "12", "13", "14", 
    "15", "16", "17", "18", "19", "20", "21", "22", "23", "24", 
    "25", "26", "27", "28", "29", "30", "31", "32", "33", "34", 
    "35", "36", "38", "39", "40", "41", "42", "44", "54", "58", 
    "60", "85", "90")), class = "table"), No.Tag = structure(c(0L, 
    0L, 1L, 0L, 0L, 0L, 0L, 135L, 2L, 2L, 0L, 0L, 0L, 0L, 0L, 
    0L, 0L, 4L, 0L, 0L), .Dim = 5:4, .Dimnames = structure(list(
        c("-2", "-1", "0", "1", NA), c("A", "G", "T", NA)), .Names = c("", 
    "")), class = "table"), All.Tags = list(Concordant = list(
        Freqs = structure(c(0, 0, 5, 0, 0, 3, 380, 1, 0, 0, 0, 
        0), .Dim = 4:3, .Dimnames = list(c("-2", "-1", "0", "1"
        ), c("A", "G", "T"))), N = 389), Majority = list(Freqs = structure(c(0, 
    0, 5, 0, 0, 3, 444, 1, 0, 0, 0, 0), .Dim = 4:3, .Dimnames = list(
        c("-2", "-1", "0", "1"), c("A", "G", "T"))), N = 453)), 
    `2` = structure(c(0, 0, 0, 0, 0, 0, 373, 0, 0, 0, 0, 0), .Dim = 4:3, .Dimnames = list(
        c("-2", "-1", "0", "1"), c("A", "G", "T"))))))
