Results <-
list(`bwa.out//20220204//Control11_S4.sam` = list(GM26_SNP1 = list(
    All = list(Freqs = structure(c(1L, 11L, 1254L, 4L, 1L, 5L, 
    2L, 8L, 1154L, 2L, 1L, 2L, 0L, 0L, 36L, 0L, 0L, 0L), .Dim = c(6L, 
    3L), .Dimnames = structure(list(c("-2", "-1", "0", "1", "2", 
    NA), c("A", "G", NA)), .Names = c("", "")), class = "table"), 
        N = 2481L), Tag.Distribution = structure(c(`1` = 102L, 
    `2` = 49L, `3` = 34L, `4` = 47L, `5` = 31L, `6` = 21L, `7` = 24L, 
    `8` = 14L, `9` = 9L, `10` = 18L, `11` = 12L, `12` = 9L, `13` = 4L, 
    `14` = 4L, `15` = 12L, `16` = 4L, `17` = 3L, `18` = 3L, `19` = 3L, 
    `20` = 3L, `21` = 2L, `22` = 1L, `23` = 2L, `24` = 1L, `25` = 2L, 
    `26` = 1L, `29` = 2L, `31` = 1L), .Dim = 28L, .Dimnames = list(
        TagUsage = c("1", "2", "3", "4", "5", "6", "7", "8", 
        "9", "10", "11", "12", "13", "14", "15", "16", "17", 
        "18", "19", "20", "21", "22", "23", "24", "25", "26", 
        "29", "31")), class = "table"), No.Tag = structure(c(0L, 
    1L, 14L, 0L, 0L, 1L, 0L, 0L, 38L, 0L, 0L, 0L, 0L, 0L, 2L, 
    0L, 0L, 0L), .Dim = c(6L, 3L), .Dimnames = structure(list(
        c("-2", "-1", "0", "1", "2", NA), c("A", "G", NA)), .Names = c("", 
    "")), class = "table"), All.Tags = list(Concordant = list(
        Freqs = structure(c(0, 0, 185, 0, 0, 0, 1, 184, 1, 0), .Dim = c(5L, 
        2L), .Dimnames = list(c("-2", "-1", "0", "1", "2"), c("A", 
        "G"))), N = 371), Majority = list(Freqs = structure(c(0, 
    0, 204, 0, 0, 0, 1, 201, 1, 0), .Dim = c(5L, 2L), .Dimnames = list(
        c("-2", "-1", "0", "1", "2"), c("A", "G"))), N = 407)), 
    `2` = structure(c(0, 0, 155, 0, 0, 0, 0, 157, 0, 0), .Dim = c(5L, 
    2L), .Dimnames = list(c("-2", "-1", "0", "1", "2"), c("A", 
    "G"))))))
