Results <-
list(`bwa.out//20220204//BlindCMMRD131_S57.sam` = list(LR20_SNP1 = list(
    All = list(Freqs = structure(c(0L, 2L, 0L, 0L, 5L, 3003L, 
    4L, 3L, 5L, 2850L, 2L, 4L, 0L, 51L, 0L, 0L), .Dim = c(4L, 
    4L), .Dimnames = structure(list(c("-1", "0", "1", NA), c("-", 
    "A", "G", NA)), .Names = c("", "")), class = "table"), N = 5929L), 
    Tag.Distribution = structure(c(`1` = 253L, `2` = 180L, `3` = 166L, 
    `4` = 135L, `5` = 112L, `6` = 71L, `7` = 62L, `8` = 54L, 
    `9` = 47L, `10` = 36L, `11` = 21L, `12` = 18L, `13` = 16L, 
    `14` = 9L, `15` = 11L, `16` = 5L, `17` = 7L, `18` = 3L, `19` = 5L, 
    `20` = 2L, `22` = 3L, `23` = 1L, `24` = 2L, `25` = 1L), .Dim = 24L, .Dimnames = list(
        TagUsage = c("1", "2", "3", "4", "5", "6", "7", "8", 
        "9", "10", "11", "12", "13", "14", "15", "16", "17", 
        "18", "19", "20", "22", "23", "24", "25")), class = "table"), 
    No.Tag = structure(c(0L, 0L, 0L, 0L, 1L, 59L, 0L, 1L, 0L, 
    73L, 1L, 2L, 0L, 10L, 0L, 0L), .Dim = c(4L, 4L), .Dimnames = structure(list(
        c("-1", "0", "1", NA), c("-", "A", "G", NA)), .Names = c("", 
    "")), class = "table"), All.Tags = list(Concordant = list(
        Freqs = structure(c(0, 0, 0, 0, 504, 0, 0, 505, 0), .Dim = c(3L, 
        3L), .Dimnames = list(c("-1", "0", "1"), c("-", "A", 
        "G"))), N = 1009), Majority = list(Freqs = structure(c(0, 
    0, 0, 0, 600, 0, 0, 593, 0), .Dim = c(3L, 3L), .Dimnames = list(
        c("-1", "0", "1"), c("-", "A", "G"))), N = 1193)), `2` = structure(c(0, 
    0, 0, 0, 484, 0, 0, 459, 0), .Dim = c(3L, 3L), .Dimnames = list(
        c("-1", "0", "1"), c("-", "A", "G"))))))
