Results <-
list(`bwa.out//20220204//Control11_S4.sam` = list(GM09_SNP1 = list(
    All = list(Freqs = structure(c(0L, 1L, 0L, 0L, 23L, 3117L, 
    8L, 2L, 0L, 9L, 0L, 0L), .Dim = 4:3, .Dimnames = structure(list(
        c("-1", "0", "1", NA), c("A", "G", NA)), .Names = c("", 
    "")), class = "table"), N = 3160L), Tag.Distribution = structure(c(`1` = 98L, 
    `2` = 73L, `3` = 61L, `4` = 43L, `5` = 47L, `6` = 49L, `7` = 20L, 
    `8` = 23L, `9` = 14L, `10` = 15L, `11` = 10L, `12` = 12L, 
    `13` = 7L, `14` = 10L, `15` = 4L, `16` = 7L, `17` = 3L, `18` = 4L, 
    `19` = 5L, `20` = 7L, `22` = 1L, `23` = 5L, `24` = 1L, `25` = 1L, 
    `26` = 1L, `28` = 1L, `30` = 1L, `31` = 2L, `40` = 1L), .Dim = 29L, .Dimnames = list(
        TagUsage = c("1", "2", "3", "4", "5", "6", "7", "8", 
        "9", "10", "11", "12", "13", "14", "15", "16", "17", 
        "18", "19", "20", "22", "23", "24", "25", "26", "28", 
        "30", "31", "40")), class = "table"), No.Tag = structure(c(0L, 
    0L, 0L, 0L, 0L, 43L, 0L, 1L, 0L, 1L, 0L, 0L), .Dim = 4:3, .Dimnames = structure(list(
        c("-1", "0", "1", NA), c("A", "G", NA)), .Names = c("", 
    "")), class = "table"), All.Tags = list(Concordant = list(
        Freqs = structure(c(0, 1, 0, 0, 500, 0), .Dim = 3:2, .Dimnames = list(
            c("-1", "0", "1"), c("A", "G"))), N = 501), Majority = list(
        Freqs = structure(c(0, 1, 0, 0, 520, 0), .Dim = 3:2, .Dimnames = list(
            c("-1", "0", "1"), c("A", "G"))), N = 521)), `2` = structure(c(0, 
    0, 0, 0, 424, 0), .Dim = 3:2, .Dimnames = list(c("-1", "0", 
    "1"), c("A", "G"))))))
