Results <-
list(`bwa.out//20220204//BlindCMMRD62_S21.sam` = list(DEPDC2_SNP1 = list(
    All = list(Freqs = structure(c(0L, 1L, 2L, 1L, 0L, 1L, 26L, 
    5531L, 23L, 18L, 0L, 0L, 38L, 1L, 0L), .Dim = c(5L, 3L), .Dimnames = structure(list(
        c("-2", "-1", "0", "1", NA), c("C", "T", NA)), .Names = c("", 
    "")), class = "table"), N = 5642L), Tag.Distribution = structure(c(`1` = 192L, 
    `2` = 87L, `3` = 84L, `4` = 62L, `5` = 66L, `6` = 64L, `7` = 54L, 
    `8` = 44L, `9` = 37L, `10` = 30L, `11` = 22L, `12` = 10L, 
    `13` = 29L, `14` = 15L, `15` = 16L, `16` = 12L, `17` = 9L, 
    `18` = 8L, `19` = 9L, `20` = 4L, `21` = 7L, `22` = 1L, `23` = 4L, 
    `24` = 5L, `25` = 1L, `26` = 2L, `27` = 3L, `29` = 2L, `37` = 1L, 
    `57` = 1L), .Dim = 30L, .Dimnames = list(TagUsage = c("1", 
    "2", "3", "4", "5", "6", "7", "8", "9", "10", "11", "12", 
    "13", "14", "15", "16", "17", "18", "19", "20", "21", "22", 
    "23", "24", "25", "26", "27", "29", "37", "57")), class = "table"), 
    No.Tag = structure(c(0L, 0L, 0L, 0L, 0L, 0L, 1L, 76L, 0L, 
    0L, 0L, 0L, 2L, 0L, 0L), .Dim = c(5L, 3L), .Dimnames = structure(list(
        c("-2", "-1", "0", "1", NA), c("C", "T", NA)), .Names = c("", 
    "")), class = "table"), All.Tags = list(Concordant = list(
        Freqs = structure(c(0, 0, 1, 1, 0, 0, 818, 0), .Dim = c(4L, 
        2L), .Dimnames = list(c("-2", "-1", "0", "1"), c("C", 
        "T"))), N = 820), Majority = list(Freqs = structure(c(0, 
    0, 1, 1, 0, 0, 864, 0), .Dim = c(4L, 2L), .Dimnames = list(
        c("-2", "-1", "0", "1"), c("C", "T"))), N = 866)), `2` = structure(c(0, 
    0, 0, 0, 0, 0, 686, 0), .Dim = c(4L, 2L), .Dimnames = list(
        c("-2", "-1", "0", "1"), c("C", "T"))))))
