Results <-
list(`bwa.out//20220204//Control29_S22.sam` = list(LR10_SNP1 = list(
    All = list(Freqs = structure(c(38L, 2433L, 16L, 3L, 0L, 5L, 
    0L, 0L, 1L, 17L, 0L, 0L), .Dim = 4:3, .Dimnames = structure(list(
        c("-1", "0", "1", NA), c("C", "T", NA)), .Names = c("", 
    "")), class = "table"), N = 2513L), Tag.Distribution = structure(c(`1` = 81L, 
    `2` = 56L, `3` = 39L, `4` = 28L, `5` = 32L, `6` = 38L, `7` = 23L, 
    `8` = 21L, `9` = 15L, `10` = 12L, `11` = 12L, `12` = 4L, 
    `13` = 5L, `14` = 6L, `15` = 2L, `16` = 2L, `17` = 7L, `18` = 4L, 
    `19` = 2L, `20` = 1L, `21` = 1L, `22` = 2L, `23` = 2L, `24` = 1L, 
    `25` = 2L, `26` = 1L, `27` = 1L, `28` = 1L, `29` = 1L, `30` = 1L
    ), .Dim = 30L, .Dimnames = list(TagUsage = c("1", "2", "3", 
    "4", "5", "6", "7", "8", "9", "10", "11", "12", "13", "14", 
    "15", "16", "17", "18", "19", "20", "21", "22", "23", "24", 
    "25", "26", "27", "28", "29", "30")), class = "table"), No.Tag = structure(c(3L, 
    147L, 0L, 1L, 0L, 1L, 0L, 0L, 0L, 2L, 0L, 0L), .Dim = 4:3, .Dimnames = structure(list(
        c("-1", "0", "1", NA), c("C", "T", NA)), .Names = c("", 
    "")), class = "table"), All.Tags = list(Concordant = list(
        Freqs = structure(c(1, 349, 0, 0, 1, 0), .Dim = 3:2, .Dimnames = list(
            c("-1", "0", "1"), c("C", "T"))), N = 351), Majority = list(
        Freqs = structure(c(1, 393, 0, 0, 1, 0), .Dim = 3:2, .Dimnames = list(
            c("-1", "0", "1"), c("C", "T"))), N = 395)), `2` = structure(c(0, 
    318, 0, 0, 0, 0), .Dim = 3:2, .Dimnames = list(c("-1", "0", 
    "1"), c("C", "T"))))))
