Results <-
list(`bwa.out//20220204//MLPA100_S14.sam` = list(GM26_SNP1 = list(
    All = list(Freqs = structure(c(21L, 3163L, 17L, 1L, 0L, 0L, 
    1L, 19L, 1L), .Dim = c(3L, 3L), .Dimnames = structure(list(
        c("-1", "0", "1"), c("A", "G", NA)), .Names = c("", ""
    )), class = "table"), N = 3223L), Tag.Distribution = structure(c(`1` = 192L, 
    `2` = 112L, `3` = 74L, `4` = 85L, `5` = 38L, `6` = 34L, `7` = 33L, 
    `8` = 26L, `9` = 27L, `10` = 12L, `11` = 14L, `12` = 13L, 
    `13` = 11L, `14` = 4L, `15` = 6L, `16` = 8L, `17` = 2L, `18` = 2L, 
    `19` = 4L, `20` = 1L, `21` = 1L, `22` = 2L, `24` = 1L, `31` = 1L
    ), .Dim = 24L, .Dimnames = list(TagUsage = c("1", "2", "3", 
    "4", "5", "6", "7", "8", "9", "10", "11", "12", "13", "14", 
    "15", "16", "17", "18", "19", "20", "21", "22", "24", "31"
    )), class = "table"), No.Tag = structure(c(0L, 36L, 0L, 0L, 
    0L, 0L, 0L, 0L, 0L, 0L, 0L, 0L), .Dim = 4:3, .Dimnames = structure(list(
        c("-1", "0", "1", NA), c("A", "G", NA)), .Names = c("", 
    "")), class = "table"), All.Tags = list(Concordant = list(
        Freqs = structure(c(2, 665, 2, 1, 0, 0), .Dim = 3:2, .Dimnames = list(
            c("-1", "0", "1"), c("A", "G"))), N = 670), Majority = list(
        Freqs = structure(c(2, 692, 2, 1, 0, 0), .Dim = 3:2, .Dimnames = list(
            c("-1", "0", "1"), c("A", "G"))), N = 697)), `2` = structure(c(0, 
    508, 1, 0, 0, 0), .Dim = 3:2, .Dimnames = list(c("-1", "0", 
    "1"), c("A", "G"))))))
