Results <-
list(`bwa.out//20220204//BlindCMMRD62_S21.sam` = list(GM07_SNP1 = list(
    All = list(Freqs = structure(c(1L, 183L, 4108L, 133L, 2L, 
    58L, 0L, 0L, 2L, 0L, 0L, 0L, 0L, 2L, 53L, 4L, 0L, 0L), .Dim = c(6L, 
    3L), .Dimnames = structure(list(c("-2", "-1", "0", "1", "2", 
    NA), c("A", "G", NA)), .Names = c("", "")), class = "table"), 
        N = 4546L), Tag.Distribution = structure(c(`1` = 107L, 
    `2` = 52L, `3` = 51L, `4` = 53L, `5` = 39L, `6` = 35L, `7` = 39L, 
    `8` = 28L, `9` = 20L, `10` = 14L, `11` = 17L, `12` = 14L, 
    `13` = 9L, `14` = 11L, `15` = 14L, `16` = 11L, `17` = 15L, 
    `18` = 9L, `19` = 8L, `20` = 2L, `21` = 3L, `22` = 6L, `23` = 5L, 
    `24` = 7L, `25` = 1L, `27` = 1L, `28` = 1L, `29` = 1L, `31` = 3L, 
    `32` = 1L, `33` = 2L, `46` = 1L), .Dim = 32L, .Dimnames = list(
        TagUsage = c("1", "2", "3", "4", "5", "6", "7", "8", 
        "9", "10", "11", "12", "13", "14", "15", "16", "17", 
        "18", "19", "20", "21", "22", "23", "24", "25", "27", 
        "28", "29", "31", "32", "33", "46")), class = "table"), 
    No.Tag = structure(c(0L, 11L, 260L, 7L, 1L, 17L, 0L, 0L, 
    1L, 0L, 0L, 0L, 0L, 0L, 6L, 0L, 0L, 0L), .Dim = c(6L, 3L), .Dimnames = structure(list(
        c("-2", "-1", "0", "1", "2", NA), c("A", "G", NA)), .Names = c("", 
    "")), class = "table"), All.Tags = list(Concordant = list(
        Freqs = structure(c(0, 5, 374, 6, 0, 0, 0, 1, 0, 0), .Dim = c(5L, 
        2L), .Dimnames = list(c("-2", "-1", "0", "1", "2"), c("A", 
        "G"))), N = 386), Majority = list(Freqs = structure(c(0, 
    6, 548, 8, 0, 0, 0, 1, 0, 0), .Dim = c(5L, 2L), .Dimnames = list(
        c("-2", "-1", "0", "1", "2"), c("A", "G"))), N = 563)), 
    `2` = structure(c(0, 1, 459, 4, 0, 0, 0, 0, 0, 0), .Dim = c(5L, 
    2L), .Dimnames = list(c("-2", "-1", "0", "1", "2"), c("A", 
    "G"))))))
