Results <-
list(`bwa.out//20220204//BlindCMMRD130_S56.sam` = list(IM16_SNP1 = list(
    All = list(Freqs = structure(c(1L, 49L, 2043L, 28L, 4L, 0L, 
    23L, 2030L, 41L, 2L, 0L, 1L, 51L, 0L, 0L), .Dim = c(5L, 3L
    ), .Dimnames = structure(list(c("-2", "-1", "0", "1", NA), 
        c("A", "G", NA)), .Names = c("", "")), class = "table"), 
        N = 4273L), Tag.Distribution = structure(c(`1` = 159L, 
    `2` = 127L, `3` = 136L, `4` = 94L, `5` = 78L, `6` = 72L, 
    `7` = 52L, `8` = 55L, `9` = 29L, `10` = 29L, `11` = 16L, 
    `12` = 11L, `13` = 11L, `14` = 9L, `15` = 5L, `16` = 4L, 
    `17` = 2L, `20` = 1L, `21` = 1L, `22` = 1L), .Dim = 20L, .Dimnames = list(
        TagUsage = c("1", "2", "3", "4", "5", "6", "7", "8", 
        "9", "10", "11", "12", "13", "14", "15", "16", "17", 
        "20", "21", "22")), class = "table"), No.Tag = structure(c(0L, 
    0L, 27L, 1L, 1L, 0L, 0L, 43L, 3L, 1L, 0L, 0L, 10L, 0L, 0L
    ), .Dim = c(5L, 3L), .Dimnames = structure(list(c("-2", "-1", 
    "0", "1", NA), c("A", "G", NA)), .Names = c("", "")), class = "table"), 
    All.Tags = list(Concordant = list(Freqs = structure(c(0, 
    8, 363, 4, 0, 2, 382, 1), .Dim = c(4L, 2L), .Dimnames = list(
        c("-2", "-1", "0", "1"), c("A", "G"))), N = 760), Majority = list(
        Freqs = structure(c(0, 8, 424, 4, 0, 2, 432, 2), .Dim = c(4L, 
        2L), .Dimnames = list(c("-2", "-1", "0", "1"), c("A", 
        "G"))), N = 872)), `2` = structure(c(0, 7, 358, 2, 0, 
    2, 350, 2), .Dim = c(4L, 2L), .Dimnames = list(c("-2", "-1", 
    "0", "1"), c("A", "G"))))))
