Results <-
list(`bwa.out//20220204//Control24_S17.sam` = list(DEPDC2_SNP1 = list(
    All = list(Freqs = structure(c(0L, 3L, 0L, 0L, 16L, 2859L, 
    10L, 12L, 0L, 41L, 1L, 0L), .Dim = 4:3, .Dimnames = structure(list(
        c("-1", "0", "1", NA), c("C", "T", NA)), .Names = c("", 
    "")), class = "table"), N = 2942L), Tag.Distribution = structure(c(`1` = 154L, 
    `2` = 73L, `3` = 57L, `4` = 43L, `5` = 51L, `6` = 35L, `7` = 30L, 
    `8` = 24L, `9` = 13L, `10` = 16L, `11` = 15L, `12` = 8L, 
    `13` = 5L, `14` = 4L, `15` = 4L, `16` = 6L, `17` = 4L, `18` = 3L, 
    `19` = 5L, `20` = 3L, `21` = 2L, `22` = 1L, `23` = 2L, `24` = 1L, 
    `25` = 1L, `36` = 1L), .Dim = 26L, .Dimnames = list(TagUsage = c("1", 
    "2", "3", "4", "5", "6", "7", "8", "9", "10", "11", "12", 
    "13", "14", "15", "16", "17", "18", "19", "20", "21", "22", 
    "23", "24", "25", "36")), class = "table"), No.Tag = structure(c(0L, 
    0L, 0L, 0L, 0L, 126L, 1L, 7L, 0L, 11L, 0L, 0L), .Dim = 4:3, .Dimnames = structure(list(
        c("-1", "0", "1", NA), c("C", "T", NA)), .Names = c("", 
    "")), class = "table"), All.Tags = list(Concordant = list(
        Freqs = structure(c(0, 2, 0, 1, 531, 0), .Dim = 3:2, .Dimnames = list(
            c("-1", "0", "1"), c("C", "T"))), N = 534), Majority = list(
        Freqs = structure(c(0, 2, 0, 1, 554, 0), .Dim = 3:2, .Dimnames = list(
            c("-1", "0", "1"), c("C", "T"))), N = 557)), `2` = structure(c(0, 
    0, 0, 0, 407, 0), .Dim = 3:2, .Dimnames = list(c("-1", "0", 
    "1"), c("C", "T"))))))
