Results <-
list(`bwa.out//20220204//Control30_S23.sam` = list(GM01_SNP1 = list(
    All = list(Freqs = structure(c(44L, 3917L, 16L, 11L, 0L, 
    3L, 0L, 0L, 2L, 54L, 0L, 0L), .Dim = 4:3, .Dimnames = structure(list(
        c("-1", "0", "1", NA), c("A", "G", NA)), .Names = c("", 
    "")), class = "table"), N = 4047L), Tag.Distribution = structure(c(`1` = 121L, 
    `2` = 56L, `3` = 67L, `4` = 45L, `5` = 43L, `6` = 33L, `7` = 39L, 
    `8` = 35L, `9` = 18L, `10` = 24L, `11` = 25L, `12` = 19L, 
    `13` = 10L, `14` = 15L, `15` = 9L, `16` = 8L, `17` = 7L, 
    `18` = 6L, `19` = 4L, `20` = 5L, `21` = 5L, `22` = 2L, `25` = 2L, 
    `26` = 5L, `28` = 2L, `29` = 2L, `38` = 1L), .Dim = 27L, .Dimnames = list(
        TagUsage = c("1", "2", "3", "4", "5", "6", "7", "8", 
        "9", "10", "11", "12", "13", "14", "15", "16", "17", 
        "18", "19", "20", "21", "22", "25", "26", "28", "29", 
        "38")), class = "table"), No.Tag = structure(c(0L, 64L, 
    2L, 0L, 0L, 0L, 0L, 0L, 0L, 9L, 0L, 0L), .Dim = 4:3, .Dimnames = structure(list(
        c("-1", "0", "1", NA), c("A", "G", NA)), .Names = c("", 
    "")), class = "table"), All.Tags = list(Concordant = list(
        Freqs = structure(c(2, 543, 0, 0, 3, 0), .Dim = 3:2, .Dimnames = list(
            c("-1", "0", "1"), c("A", "G"))), N = 548), Majority = list(
        Freqs = structure(c(2, 592, 0, 0, 3, 0), .Dim = 3:2, .Dimnames = list(
            c("-1", "0", "1"), c("A", "G"))), N = 597)), `2` = structure(c(0, 
    485, 0, 0, 0, 0), .Dim = 3:2, .Dimnames = list(c("-1", "0", 
    "1"), c("A", "G"))))))
