Results <-
list(`bwa.out//20220204//BlindCMMRD135_S61.sam` = list(GM01_SNP1 = list(
    All = list(Freqs = structure(c(0L, 0L, 4L, 0L, 0L, 1L, 87L, 
    6317L, 26L, 37L, 0L, 1L, 37L, 0L, 0L), .Dim = c(5L, 3L), .Dimnames = structure(list(
        c("-2", "-1", "0", "1", NA), c("A", "G", NA)), .Names = c("", 
    "")), class = "table"), N = 6510L), Tag.Distribution = structure(c(`1` = 176L, 
    `2` = 135L, `3` = 129L, `4` = 102L, `5` = 93L, `6` = 98L, 
    `7` = 82L, `8` = 65L, `9` = 47L, `10` = 44L, `11` = 22L, 
    `12` = 26L, `13` = 29L, `14` = 11L, `15` = 14L, `16` = 12L, 
    `17` = 5L, `18` = 11L, `19` = 8L, `21` = 2L, `22` = 2L, `23` = 4L, 
    `25` = 1L, `28` = 1L), .Dim = 24L, .Dimnames = list(TagUsage = c("1", 
    "2", "3", "4", "5", "6", "7", "8", "9", "10", "11", "12", 
    "13", "14", "15", "16", "17", "18", "19", "21", "22", "23", 
    "25", "28")), class = "table"), No.Tag = structure(c(0L, 
    0L, 0L, 0L, 0L, 0L, 0L, 103L, 0L, 1L, 0L, 0L, 2L, 0L, 0L), .Dim = c(5L, 
    3L), .Dimnames = structure(list(c("-2", "-1", "0", "1", NA
    ), c("A", "G", NA)), .Names = c("", "")), class = "table"), 
    All.Tags = list(Concordant = list(Freqs = structure(c(0, 
    0, 2, 0, 0, 2, 1002, 1), .Dim = c(4L, 2L), .Dimnames = list(
        c("-2", "-1", "0", "1"), c("A", "G"))), N = 1007), Majority = list(
        Freqs = structure(c(0, 0, 2, 0, 0, 2, 1099, 1), .Dim = c(4L, 
        2L), .Dimnames = list(c("-2", "-1", "0", "1"), c("A", 
        "G"))), N = 1104)), `2` = structure(c(0, 0, 0, 0, 0, 
    0, 937, 0), .Dim = c(4L, 2L), .Dimnames = list(c("-2", "-1", 
    "0", "1"), c("A", "G"))))))
