Results <-
list(`bwa.out//20220204//BlindCMMRD93_S52.sam` = list(LR17_SNP1 = list(
    All = list(Freqs = structure(c(2L, 124L, 2494L, 40L, 13L, 
    0L, 0L, 2L, 0L, 0L, 0L, 2L, 89L, 0L, 0L), .Dim = c(5L, 3L
    ), .Dimnames = structure(list(c("-2", "-1", "0", "1", NA), 
        c("A", "G", NA)), .Names = c("", "")), class = "table"), 
        N = 2766L), Tag.Distribution = structure(c(`1` = 82L, 
    `2` = 36L, `3` = 26L, `4` = 29L, `5` = 28L, `6` = 17L, `7` = 25L, 
    `8` = 13L, `9` = 17L, `10` = 17L, `11` = 9L, `12` = 17L, 
    `13` = 11L, `14` = 8L, `15` = 8L, `16` = 8L, `17` = 13L, 
    `18` = 5L, `19` = 6L, `20` = 4L, `21` = 2L, `22` = 1L, `25` = 1L, 
    `26` = 1L, `27` = 1L, `29` = 1L), .Dim = 26L, .Dimnames = list(
        TagUsage = c("1", "2", "3", "4", "5", "6", "7", "8", 
        "9", "10", "11", "12", "13", "14", "15", "16", "17", 
        "18", "19", "20", "21", "22", "25", "26", "27", "29")), class = "table"), 
    No.Tag = structure(c(0L, 3L, 80L, 2L, 1L, 0L, 0L, 0L, 0L, 
    0L, 0L, 0L, 6L, 0L, 0L), .Dim = c(5L, 3L), .Dimnames = structure(list(
        c("-2", "-1", "0", "1", NA), c("A", "G", NA)), .Names = c("", 
    "")), class = "table"), All.Tags = list(Concordant = list(
        Freqs = structure(c(0, 7, 275, 1, 0, 0, 0, 0), .Dim = c(4L, 
        2L), .Dimnames = list(c("-2", "-1", "0", "1"), c("A", 
        "G"))), N = 283), Majority = list(Freqs = structure(c(0, 
    8, 367, 2, 0, 0, 0, 0), .Dim = c(4L, 2L), .Dimnames = list(
        c("-2", "-1", "0", "1"), c("A", "G"))), N = 377)), `2` = structure(c(0, 
    4, 295, 2, 0, 0, 0, 0), .Dim = c(4L, 2L), .Dimnames = list(
        c("-2", "-1", "0", "1"), c("A", "G"))))))
