Results <-
list(`bwa.out//20220204//BlindCMMRD98_S57.sam` = list(DEPDC2_SNP1 = list(
    All = list(Freqs = structure(c(15L, 3043L, 27L, 9L, 23L, 
    2825L, 16L, 3L, 0L, 66L, 0L, 0L), .Dim = 4:3, .Dimnames = structure(list(
        c("-1", "0", "1", NA), c("C", "T", NA)), .Names = c("", 
    "")), class = "table"), N = 6027L), Tag.Distribution = structure(c(`1` = 195L, 
    `2` = 113L, `3` = 71L, `4` = 59L, `5` = 46L, `6` = 37L, `7` = 40L, 
    `8` = 38L, `9` = 36L, `10` = 27L, `11` = 31L, `12` = 22L, 
    `13` = 14L, `14` = 11L, `15` = 21L, `16` = 15L, `17` = 13L, 
    `18` = 5L, `19` = 4L, `20` = 2L, `21` = 10L, `22` = 10L, 
    `23` = 8L, `24` = 4L, `25` = 6L, `26` = 1L, `27` = 2L, `28` = 6L, 
    `29` = 2L, `31` = 1L, `32` = 2L, `33` = 1L, `35` = 1L, `39` = 1L, 
    `41` = 2L, `42` = 1L, `45` = 1L), .Dim = 37L, .Dimnames = list(
        TagUsage = c("1", "2", "3", "4", "5", "6", "7", "8", 
        "9", "10", "11", "12", "13", "14", "15", "16", "17", 
        "18", "19", "20", "21", "22", "23", "24", "25", "26", 
        "27", "28", "29", "31", "32", "33", "35", "39", "41", 
        "42", "45")), class = "table"), No.Tag = structure(c(0L, 
    32L, 0L, 0L, 0L, 31L, 0L, 0L, 0L, 4L, 0L, 0L), .Dim = 4:3, .Dimnames = structure(list(
        c("-1", "0", "1", NA), c("C", "T", NA)), .Names = c("", 
    "")), class = "table"), All.Tags = list(Concordant = list(
        Freqs = structure(c(1, 363, 0, 2, 380, 0), .Dim = 3:2, .Dimnames = list(
            c("-1", "0", "1"), c("C", "T"))), N = 746), Majority = list(
        Freqs = structure(c(1, 415, 1, 3, 424, 1), .Dim = 3:2, .Dimnames = list(
            c("-1", "0", "1"), c("C", "T"))), N = 845)), `2` = structure(c(1, 
    329, 1, 1, 326, 1), .Dim = 3:2, .Dimnames = list(c("-1", 
    "0", "1"), c("C", "T"))))))
