Results <-
list(`bwa.out//20220204//Control12_S5.sam` = list(GM01_SNP1 = list(
    All = list(Freqs = structure(c(28L, 1764L, 3L, 4L, 18L, 1543L, 
    11L, 4L, 1L, 34L, 0L, 0L), .Dim = 4:3, .Dimnames = structure(list(
        c("-1", "0", "1", NA), c("A", "G", NA)), .Names = c("", 
    "")), class = "table"), N = 3410L), Tag.Distribution = structure(c(`1` = 105L, 
    `2` = 73L, `3` = 52L, `4` = 61L, `5` = 35L, `6` = 39L, `7` = 19L, 
    `8` = 34L, `9` = 21L, `10` = 20L, `11` = 15L, `12` = 15L, 
    `13` = 14L, `14` = 5L, `15` = 9L, `16` = 16L, `17` = 5L, 
    `18` = 6L, `19` = 4L, `21` = 2L, `23` = 1L, `26` = 1L, `28` = 2L, 
    `29` = 2L, `33` = 1L), .Dim = 25L, .Dimnames = list(TagUsage = c("1", 
    "2", "3", "4", "5", "6", "7", "8", "9", "10", "11", "12", 
    "13", "14", "15", "16", "17", "18", "19", "21", "23", "26", 
    "28", "29", "33")), class = "table"), No.Tag = structure(c(1L, 
    27L, 1L, 0L, 0L, 26L, 0L, 0L, 0L, 6L, 0L, 0L), .Dim = 4:3, .Dimnames = structure(list(
        c("-1", "0", "1", NA), c("A", "G", NA)), .Names = c("", 
    "")), class = "table"), All.Tags = list(Concordant = list(
        Freqs = structure(c(2, 257, 0, 0, 233, 0), .Dim = 3:2, .Dimnames = list(
            c("-1", "0", "1"), c("A", "G"))), N = 492), Majority = list(
        Freqs = structure(c(2, 287, 0, 0, 262, 0), .Dim = 3:2, .Dimnames = list(
            c("-1", "0", "1"), c("A", "G"))), N = 551)), `2` = structure(c(0, 
    233, 0, 0, 214, 0), .Dim = 3:2, .Dimnames = list(c("-1", 
    "0", "1"), c("A", "G"))))))
