Results <-
list(`bwa.out//20220204//17D1098_S3.sam` = list(GM07_SNP1 = list(
    All = list(Freqs = structure(c(0L, 0L, 1L, 0L, 0L, 0L, 2L, 
    143L, 1674L, 48L, 6L, 30L, 3L, 127L, 1529L, 79L, 1L, 26L, 
    0L, 2L, 23L, 1L, 0L, 0L), .Dim = c(6L, 4L), .Dimnames = structure(list(
        c("-2", "-1", "0", "1", "2", NA), c("-", "A", "G", NA
        )), .Names = c("", "")), class = "table"), N = 3695L), 
    Tag.Distribution = structure(c(`1` = 187L, `2` = 88L, `3` = 82L, 
    `4` = 70L, `5` = 56L, `6` = 56L, `7` = 42L, `8` = 33L, `9` = 21L, 
    `10` = 9L, `11` = 14L, `12` = 11L, `13` = 13L, `14` = 9L, 
    `15` = 2L, `16` = 4L, `17` = 4L, `18` = 4L, `19` = 4L, `20` = 4L, 
    `21` = 1L, `22` = 2L, `23` = 2L, `25` = 1L, `26` = 1L), .Dim = 25L, .Dimnames = list(
        TagUsage = c("1", "2", "3", "4", "5", "6", "7", "8", 
        "9", "10", "11", "12", "13", "14", "15", "16", "17", 
        "18", "19", "20", "21", "22", "23", "25", "26")), class = "table"), 
    No.Tag = structure(c(0L, 0L, 0L, 0L, 0L, 0L, 0L, 6L, 85L, 
    2L, 0L, 5L, 0L, 11L, 94L, 3L, 0L, 12L, 0L, 0L, 2L, 0L, 0L, 
    0L), .Dim = c(6L, 4L), .Dimnames = structure(list(c("-2", 
    "-1", "0", "1", "2", NA), c("-", "A", "G", NA)), .Names = c("", 
    "")), class = "table"), All.Tags = list(Concordant = list(
        Freqs = structure(c(0, 0, 0, 0, 0, 0, 18, 245, 3, 0, 
        0, 10, 217, 5, 0), .Dim = c(5L, 3L), .Dimnames = list(
            c("-2", "-1", "0", "1", "2"), c("-", "A", "G"))), 
        N = 498), Majority = list(Freqs = structure(c(0, 0, 0, 
    0, 0, 0, 21, 329, 4, 0, 0, 13, 313, 8, 0), .Dim = c(5L, 3L
    ), .Dimnames = list(c("-2", "-1", "0", "1", "2"), c("-", 
    "A", "G"))), N = 688)), `2` = structure(c(0, 0, 0, 0, 0, 
    0, 12, 244, 1, 0, 0, 8, 238, 3, 0), .Dim = c(5L, 3L), .Dimnames = list(
        c("-2", "-1", "0", "1", "2"), c("-", "A", "G"))))))
