Results <-
list(`bwa.out//20220204//17D1520_S5.sam` = list(LR17_SNP1 = list(
    All = list(Freqs = structure(c(6L, 183L, 3084L, 67L, 18L, 
    0L, 0L, 2L, 0L, 0L, 0L, 3L, 247L, 2L, 0L), .Dim = c(5L, 3L
    ), .Dimnames = structure(list(c("-2", "-1", "0", "1", NA), 
        c("A", "G", NA)), .Names = c("", "")), class = "table"), 
        N = 3612L), Tag.Distribution = structure(c(`1` = 96L, 
    `2` = 55L, `3` = 33L, `4` = 22L, `5` = 26L, `6` = 16L, `7` = 22L, 
    `8` = 10L, `9` = 16L, `10` = 17L, `11` = 8L, `12` = 5L, `13` = 9L, 
    `14` = 14L, `15` = 5L, `16` = 9L, `17` = 4L, `18` = 2L, `19` = 3L, 
    `20` = 5L, `21` = 6L, `22` = 4L, `23` = 3L, `24` = 2L, `25` = 3L, 
    `26` = 1L, `27` = 2L, `28` = 4L, `29` = 4L, `30` = 3L, `31` = 1L, 
    `32` = 4L, `33` = 1L, `35` = 2L, `36` = 1L, `37` = 1L, `38` = 2L, 
    `39` = 3L, `40` = 1L, `49` = 1L), .Dim = 40L, .Dimnames = list(
        TagUsage = c("1", "2", "3", "4", "5", "6", "7", "8", 
        "9", "10", "11", "12", "13", "14", "15", "16", "17", 
        "18", "19", "20", "21", "22", "23", "24", "25", "26", 
        "27", "28", "29", "30", "31", "32", "33", "35", "36", 
        "37", "38", "39", "40", "49")), class = "table"), No.Tag = structure(c(1L, 
    2L, 72L, 0L, 0L, 0L, 0L, 0L, 0L, 0L, 0L, 0L, 8L, 0L, 0L), .Dim = c(5L, 
    3L), .Dimnames = structure(list(c("-2", "-1", "0", "1", NA
    ), c("A", "G", NA)), .Names = c("", "")), class = "table"), 
    All.Tags = list(Concordant = list(Freqs = structure(c(0, 
    3, 284, 2, 0, 0, 0, 0), .Dim = c(4L, 2L), .Dimnames = list(
        c("-2", "-1", "0", "1"), c("A", "G"))), N = 289), Majority = list(
        Freqs = structure(c(0, 7, 398, 3, 0, 0, 0, 0), .Dim = c(4L, 
        2L), .Dimnames = list(c("-2", "-1", "0", "1"), c("A", 
        "G"))), N = 408)), `2` = structure(c(0, 5, 315, 1, 0, 
    0, 0, 0), .Dim = c(4L, 2L), .Dimnames = list(c("-2", "-1", 
    "0", "1"), c("A", "G"))))))
