Results <-
list(`bwa.out//20220204//BlindCMMRD47_S7.sam` = list(GM29_SNP1 = list(
    All = list(Freqs = structure(c(42L, 2944L, 10L, 6L, 0L, 0L, 
    0L, 1L, 0L, 27L, 0L, 0L), .Dim = 4:3, .Dimnames = structure(list(
        c("-1", "0", "1", NA), c("A", "G", NA)), .Names = c("", 
    "")), class = "table"), N = 3030L), Tag.Distribution = structure(c(`1` = 58L, 
    `2` = 18L, `3` = 21L, `4` = 19L, `5` = 18L, `6` = 18L, `7` = 8L, 
    `8` = 12L, `9` = 8L, `10` = 7L, `11` = 5L, `12` = 12L, `13` = 11L, 
    `14` = 9L, `15` = 9L, `16` = 6L, `17` = 2L, `18` = 6L, `19` = 5L, 
    `20` = 2L, `21` = 2L, `22` = 4L, `23` = 2L, `24` = 4L, `25` = 2L, 
    `26` = 2L, `27` = 2L, `30` = 1L, `32` = 1L, `33` = 1L, `34` = 2L, 
    `35` = 1L, `36` = 1L, `40` = 2L, `43` = 1L, `44` = 1L, `45` = 1L, 
    `53` = 1L, `54` = 1L, `55` = 1L, `57` = 2L, `65` = 1L), .Dim = 42L, .Dimnames = list(
        TagUsage = c("1", "2", "3", "4", "5", "6", "7", "8", 
        "9", "10", "11", "12", "13", "14", "15", "16", "17", 
        "18", "19", "20", "21", "22", "23", "24", "25", "26", 
        "27", "30", "32", "33", "34", "35", "36", "40", "43", 
        "44", "45", "53", "54", "55", "57", "65")), class = "table"), 
    No.Tag = structure(c(1L, 108L, 1L, 1L, 0L, 0L, 0L, 0L, 0L, 
    3L, 0L, 0L), .Dim = 4:3, .Dimnames = structure(list(c("-1", 
    "0", "1", NA), c("A", "G", NA)), .Names = c("", "")), class = "table"), 
    All.Tags = list(Concordant = list(Freqs = structure(c(0, 
    241, 2, 0, 0, 0), .Dim = 3:2, .Dimnames = list(c("-1", "0", 
    "1"), c("A", "G"))), N = 243), Majority = list(Freqs = structure(c(0, 
    284, 2, 0, 0, 0), .Dim = 3:2, .Dimnames = list(c("-1", "0", 
    "1"), c("A", "G"))), N = 286)), `2` = structure(c(0, 231, 
    0, 0, 0, 0), .Dim = 3:2, .Dimnames = list(c("-1", "0", "1"
    ), c("A", "G"))))))
