Results <-
list(`bwa.out//20220204//BlindCMMRD135_S61.sam` = list(GM14_SNP1 = list(
    All = list(Freqs = structure(c(5L, 50L, 1663L, 12L, 7L, 2L, 
    47L, 1677L, 7L, 2L, 0L, 0L, 21L, 0L, 0L), .Dim = c(5L, 3L
    ), .Dimnames = structure(list(c("-2", "-1", "0", "1", NA), 
        c("C", "T", NA)), .Names = c("", "")), class = "table"), 
        N = 3493L), Tag.Distribution = structure(c(`1` = 120L, 
    `2` = 75L, `3` = 84L, `4` = 62L, `5` = 59L, `6` = 38L, `7` = 31L, 
    `8` = 37L, `9` = 35L, `10` = 19L, `11` = 16L, `12` = 20L, 
    `13` = 6L, `14` = 13L, `15` = 11L, `16` = 2L, `17` = 5L, 
    `18` = 2L, `19` = 2L, `21` = 1L, `22` = 1L, `31` = 1L), .Dim = 22L, .Dimnames = list(
        TagUsage = c("1", "2", "3", "4", "5", "6", "7", "8", 
        "9", "10", "11", "12", "13", "14", "15", "16", "17", 
        "18", "19", "21", "22", "31")), class = "table"), No.Tag = structure(c(0L, 
    1L, 39L, 0L, 0L, 0L, 0L, 34L, 1L, 0L, 0L, 0L, 1L, 0L, 0L), .Dim = c(5L, 
    3L), .Dimnames = structure(list(c("-2", "-1", "0", "1", NA
    ), c("C", "T", NA)), .Names = c("", "")), class = "table"), 
    All.Tags = list(Concordant = list(Freqs = structure(c(0, 
    1, 251, 1, 0, 3, 264, 0), .Dim = c(4L, 2L), .Dimnames = list(
        c("-2", "-1", "0", "1"), c("C", "T"))), N = 520), Majority = list(
        Freqs = structure(c(0, 1, 310, 1, 0, 3, 312, 0), .Dim = c(4L, 
        2L), .Dimnames = list(c("-2", "-1", "0", "1"), c("C", 
        "T"))), N = 627)), `2` = structure(c(0, 1, 254, 0, 0, 
    1, 252, 0), .Dim = c(4L, 2L), .Dimnames = list(c("-2", "-1", 
    "0", "1"), c("C", "T"))))))
