Results <-
list(`bwa.out//20220204//Control17_S10.sam` = list(LR10_SNP1 = list(
    All = list(Freqs = structure(c(44L, 2222L, 15L, 5L, 2L, 0L, 
    3L, 0L, 0L, 0L, 0L, 31L, 0L, 0L, 0L), .Dim = c(5L, 3L), .Dimnames = structure(list(
        c("-1", "0", "1", "2", NA), c("C", "T", NA)), .Names = c("", 
    "")), class = "table"), N = 2322L), Tag.Distribution = structure(c(`1` = 82L, 
    `2` = 42L, `3` = 26L, `4` = 23L, `5` = 33L, `6` = 21L, `7` = 20L, 
    `8` = 14L, `9` = 14L, `10` = 6L, `11` = 13L, `12` = 8L, `13` = 7L, 
    `14` = 9L, `15` = 6L, `16` = 4L, `17` = 4L, `18` = 2L, `19` = 3L, 
    `20` = 2L, `21` = 4L, `24` = 1L, `25` = 1L, `26` = 2L, `32` = 2L, 
    `33` = 1L), .Dim = 26L, .Dimnames = list(TagUsage = c("1", 
    "2", "3", "4", "5", "6", "7", "8", "9", "10", "11", "12", 
    "13", "14", "15", "16", "17", "18", "19", "20", "21", "24", 
    "25", "26", "32", "33")), class = "table"), No.Tag = structure(c(1L, 
    157L, 0L, 0L, 0L, 0L, 0L, 0L, 0L, 0L, 0L, 6L, 0L, 0L, 0L), .Dim = c(5L, 
    3L), .Dimnames = structure(list(c("-1", "0", "1", "2", NA
    ), c("C", "T", NA)), .Names = c("", "")), class = "table"), 
    All.Tags = list(Concordant = list(Freqs = structure(c(0, 
    305, 0, 0, 0, 2, 0, 0), .Dim = c(4L, 2L), .Dimnames = list(
        c("-1", "0", "1", "2"), c("C", "T"))), N = 307), Majority = list(
        Freqs = structure(c(1, 343, 0, 0, 0, 2, 0, 0), .Dim = c(4L, 
        2L), .Dimnames = list(c("-1", "0", "1", "2"), c("C", 
        "T"))), N = 346)), `2` = structure(c(1, 265, 0, 0, 0, 
    0, 0, 0), .Dim = c(4L, 2L), .Dimnames = list(c("-1", "0", 
    "1", "2"), c("C", "T"))))))
