Results <-
list(`bwa.out//20220204//BlindCMMRD98_S57.sam` = list(LR48_SNP1 = list(
    All = list(Freqs = structure(c(1L, 8L, 487L, 4824L, 77L, 
    2L, 31L, 0L, 0L, 0L, 2L, 0L, 0L, 0L, 0L, 0L, 1L, 91L, 2L, 
    0L, 0L), .Dim = c(7L, 3L), .Dimnames = structure(list(c("-3", 
    "-2", "-1", "0", "1", "2", NA), c("C", "T", NA)), .Names = c("", 
    "")), class = "table"), N = 5526L), Tag.Distribution = structure(c(`1` = 85L, 
    `2` = 39L, `3` = 35L, `4` = 23L, `5` = 22L, `6` = 23L, `7` = 17L, 
    `8` = 24L, `9` = 12L, `10` = 20L, `11` = 9L, `12` = 13L, 
    `13` = 8L, `14` = 8L, `15` = 6L, `16` = 12L, `17` = 11L, 
    `18` = 10L, `19` = 7L, `20` = 14L, `21` = 4L, `22` = 6L, 
    `23` = 3L, `24` = 7L, `25` = 1L, `26` = 5L, `27` = 2L, `28` = 5L, 
    `29` = 3L, `30` = 4L, `31` = 3L, `32` = 5L, `33` = 1L, `34` = 3L, 
    `35` = 3L, `36` = 2L, `37` = 2L, `38` = 4L, `39` = 2L, `41` = 1L, 
    `42` = 3L, `43` = 1L, `44` = 2L, `46` = 3L, `48` = 1L, `51` = 1L, 
    `52` = 1L, `54` = 1L, `58` = 1L, `60` = 1L, `74` = 1L), .Dim = 51L, .Dimnames = list(
        TagUsage = c("1", "2", "3", "4", "5", "6", "7", "8", 
        "9", "10", "11", "12", "13", "14", "15", "16", "17", 
        "18", "19", "20", "21", "22", "23", "24", "25", "26", 
        "27", "28", "29", "30", "31", "32", "33", "34", "35", 
        "36", "37", "38", "39", "41", "42", "43", "44", "46", 
        "48", "51", "52", "54", "58", "60", "74")), class = "table"), 
    No.Tag = structure(c(0L, 0L, 5L, 42L, 0L, 0L, 2L, 0L, 0L, 
    0L, 0L, 0L, 0L, 0L, 0L, 0L, 0L, 6L, 0L, 0L, 0L), .Dim = c(7L, 
    3L), .Dimnames = structure(list(c("-3", "-2", "-1", "0", 
    "1", "2", NA), c("C", "T", NA)), .Names = c("", "")), class = "table"), 
    All.Tags = list(Concordant = list(Freqs = structure(c(0, 
    0, 23, 309, 1, 0, 0, 0, 0, 1, 0, 0), .Dim = c(6L, 2L), .Dimnames = list(
        c("-3", "-2", "-1", "0", "1", "2"), c("C", "T"))), N = 334), 
        Majority = list(Freqs = structure(c(0, 0, 30, 439, 2, 
        0, 0, 0, 0, 1, 0, 0), .Dim = c(6L, 2L), .Dimnames = list(
            c("-3", "-2", "-1", "0", "1", "2"), c("C", "T"))), 
            N = 472)), `2` = structure(c(0, 0, 26, 367, 1, 0, 
    0, 0, 0, 0, 0, 0), .Dim = c(6L, 2L), .Dimnames = list(c("-3", 
    "-2", "-1", "0", "1", "2"), c("C", "T"))))))
