Results <-
list(`bwa.out//20220204//BlindCMMRD119_S45.sam` = list(GM14_SNP1 = list(
    All = list(Freqs = structure(c(2L, 75L, 2023L, 7L, 4L, 3L, 
    44L, 1985L, 8L, 4L, 0L, 0L, 30L, 0L, 0L), .Dim = c(5L, 3L
    ), .Dimnames = structure(list(c("-2", "-1", "0", "1", NA), 
        c("C", "T", NA)), .Names = c("", "")), class = "table"), 
        N = 4185L), Tag.Distribution = structure(c(`1` = 209L, 
    `2` = 140L, `3` = 110L, `4` = 92L, `5` = 65L, `6` = 66L, 
    `7` = 41L, `8` = 36L, `9` = 24L, `10` = 17L, `11` = 17L, 
    `12` = 16L, `13` = 13L, `14` = 5L, `15` = 7L, `16` = 9L, 
    `17` = 1L, `18` = 6L, `19` = 1L, `20` = 1L, `21` = 4L, `22` = 2L, 
    `24` = 1L, `27` = 1L, `31` = 1L), .Dim = 25L, .Dimnames = list(
        TagUsage = c("1", "2", "3", "4", "5", "6", "7", "8", 
        "9", "10", "11", "12", "13", "14", "15", "16", "17", 
        "18", "19", "20", "21", "22", "24", "27", "31")), class = "table"), 
    No.Tag = structure(c(0L, 1L, 49L, 0L, 0L, 0L, 0L, 23L, 0L, 
    0L, 0L, 0L, 2L, 0L, 0L), .Dim = c(5L, 3L), .Dimnames = structure(list(
        c("-2", "-1", "0", "1", NA), c("C", "T", NA)), .Names = c("", 
    "")), class = "table"), All.Tags = list(Concordant = list(
        Freqs = structure(c(1, 4, 371, 0, 0, 2, 358, 1), .Dim = c(4L, 
        2L), .Dimnames = list(c("-2", "-1", "0", "1"), c("C", 
        "T"))), N = 737), Majority = list(Freqs = structure(c(1, 
    4, 443, 0, 0, 2, 417, 1), .Dim = c(4L, 2L), .Dimnames = list(
        c("-2", "-1", "0", "1"), c("C", "T"))), N = 868)), `2` = structure(c(0, 
    0, 326, 0, 0, 0, 334, 0), .Dim = c(4L, 2L), .Dimnames = list(
        c("-2", "-1", "0", "1"), c("C", "T"))))))
