Results <-
list(`bwa.out//20220204//MLPA80_S12.sam` = list(GM09_SNP1 = list(
    All = list(Freqs = structure(c(28L, 4730L, 5L, 5L, 1L, 2L, 
    0L, 0L, 1L, 21L, 0L, 0L), .Dim = 4:3, .Dimnames = structure(list(
        c("-1", "0", "1", NA), c("A", "G", NA)), .Names = c("", 
    "")), class = "table"), N = 4793L), Tag.Distribution = structure(c(`1` = 171L, 
    `2` = 98L, `3` = 59L, `4` = 54L, `5` = 51L, `6` = 41L, `7` = 41L, 
    `8` = 30L, `9` = 25L, `10` = 25L, `11` = 16L, `12` = 12L, 
    `13` = 14L, `14` = 12L, `15` = 15L, `16` = 14L, `17` = 8L, 
    `18` = 10L, `19` = 1L, `20` = 3L, `21` = 5L, `22` = 5L, `23` = 3L, 
    `24` = 5L, `25` = 3L, `26` = 2L, `27` = 3L, `29` = 1L, `30` = 2L, 
    `32` = 2L, `33` = 1L, `34` = 1L, `38` = 1L, `45` = 1L), .Dim = 34L, .Dimnames = list(
        TagUsage = c("1", "2", "3", "4", "5", "6", "7", "8", 
        "9", "10", "11", "12", "13", "14", "15", "16", "17", 
        "18", "19", "20", "21", "22", "23", "24", "25", "26", 
        "27", "29", "30", "32", "33", "34", "38", "45")), class = "table"), 
    No.Tag = structure(c(1L, 94L, 0L, 3L, 0L, 0L, 0L, 0L, 0L, 
    3L, 0L, 0L), .Dim = 4:3, .Dimnames = structure(list(c("-1", 
    "0", "1", NA), c("A", "G", NA)), .Names = c("", "")), class = "table"), 
    All.Tags = list(Concordant = list(Freqs = structure(c(1, 
    697, 0, 1, 2, 0), .Dim = 3:2, .Dimnames = list(c("-1", "0", 
    "1"), c("A", "G"))), N = 701), Majority = list(Freqs = structure(c(1, 
    724, 0, 1, 2, 0), .Dim = 3:2, .Dimnames = list(c("-1", "0", 
    "1"), c("A", "G"))), N = 728)), `2` = structure(c(0, 561, 
    0, 0, 0, 0), .Dim = 3:2, .Dimnames = list(c("-1", "0", "1"
    ), c("A", "G"))))))
