Results <-
list(`bwa.out//20220204//BlindCMMRD124_S50.sam` = list(LR44_SNP1 = list(
    All = list(Freqs = structure(c(1L, 7L, 350L, 4096L, 49L, 
    2L, 30L, 0L, 0L, 0L, 3L, 0L, 0L, 0L, 0L, 0L, 1L, 57L, 0L, 
    0L, 0L), .Dim = c(7L, 3L), .Dimnames = structure(list(c("-4", 
    "-2", "-1", "0", "1", "2", NA), c("C", "T", NA)), .Names = c("", 
    "")), class = "table"), N = 4596L), Tag.Distribution = structure(c(`1` = 184L, 
    `2` = 145L, `3` = 95L, `4` = 81L, `5` = 69L, `6` = 50L, `7` = 42L, 
    `8` = 26L, `9` = 32L, `10` = 17L, `11` = 22L, `12` = 20L, 
    `13` = 12L, `14` = 6L, `15` = 10L, `16` = 9L, `17` = 9L, 
    `18` = 10L, `19` = 6L, `20` = 5L, `21` = 1L, `22` = 2L, `23` = 1L, 
    `24` = 1L, `27` = 1L, `29` = 1L, `30` = 1L, `32` = 1L), .Dim = 28L, .Dimnames = list(
        TagUsage = c("1", "2", "3", "4", "5", "6", "7", "8", 
        "9", "10", "11", "12", "13", "14", "15", "16", "17", 
        "18", "19", "20", "21", "22", "23", "24", "27", "29", 
        "30", "32")), class = "table"), No.Tag = structure(c(0L, 
    0L, 7L, 105L, 0L, 0L, 2L, 0L, 0L, 0L, 0L, 0L, 0L, 0L, 0L, 
    0L, 0L, 1L, 0L, 0L, 0L), .Dim = c(7L, 3L), .Dimnames = structure(list(
        c("-4", "-2", "-1", "0", "1", "2", NA), c("C", "T", NA
        )), .Names = c("", "")), class = "table"), All.Tags = list(
        Concordant = list(Freqs = structure(c(0, 0, 18, 616, 
        1, 0, 0, 0, 0, 3, 0, 0), .Dim = c(6L, 2L), .Dimnames = list(
            c("-4", "-2", "-1", "0", "1", "2"), c("C", "T"))), 
            N = 638), Majority = list(Freqs = structure(c(0, 
        0, 27, 807, 2, 0, 0, 0, 0, 3, 0, 0), .Dim = c(6L, 2L), .Dimnames = list(
            c("-4", "-2", "-1", "0", "1", "2"), c("C", "T"))), 
            N = 839)), `2` = structure(c(0, 0, 17, 642, 1, 0, 
    0, 0, 0, 0, 0, 0), .Dim = c(6L, 2L), .Dimnames = list(c("-4", 
    "-2", "-1", "0", "1", "2"), c("C", "T"))))))
