Results <-
list(`bwa.out//20220204//BlindCMMRD119_S45.sam` = list(IM16_SNP1 = list(
    All = list(Freqs = structure(c(4L, 1104L, 11L, 0L, 1L, 21L, 
    2394L, 41L, 1L, 2L, 1L, 39L, 0L, 0L, 0L), .Dim = c(5L, 3L
    ), .Dimnames = structure(list(c("-1", "0", "1", "2", NA), 
        c("A", "G", NA)), .Names = c("", "")), class = "table"), 
        N = 3619L), Tag.Distribution = structure(c(`1` = 193L, 
    `2` = 138L, `3` = 110L, `4` = 76L, `5` = 58L, `6` = 50L, 
    `7` = 38L, `8` = 30L, `9` = 34L, `10` = 12L, `11` = 14L, 
    `12` = 17L, `13` = 10L, `14` = 4L, `15` = 6L, `16` = 5L, 
    `18` = 3L, `19` = 4L, `22` = 1L, `23` = 1L, `25` = 1L), .Dim = 21L, .Dimnames = list(
        TagUsage = c("1", "2", "3", "4", "5", "6", "7", "8", 
        "9", "10", "11", "12", "13", "14", "15", "16", "18", 
        "19", "22", "23", "25")), class = "table"), No.Tag = structure(c(0L, 
    25L, 0L, 0L, 0L, 1L, 47L, 1L, 0L, 0L, 0L, 6L, 0L, 0L, 0L), .Dim = c(5L, 
    3L), .Dimnames = structure(list(c("-1", "0", "1", "2", NA
    ), c("A", "G", NA)), .Names = c("", "")), class = "table"), 
    All.Tags = list(Concordant = list(Freqs = structure(c(2, 
    198, 0, 0, 2, 492, 4, 0), .Dim = c(4L, 2L), .Dimnames = list(
        c("-1", "0", "1", "2"), c("A", "G"))), N = 698), Majority = list(
        Freqs = structure(c(2, 228, 1, 0, 2, 545, 4, 0), .Dim = c(4L, 
        2L), .Dimnames = list(c("-1", "0", "1", "2"), c("A", 
        "G"))), N = 782)), `2` = structure(c(0, 184, 1, 0, 0, 
    411, 2, 0), .Dim = c(4L, 2L), .Dimnames = list(c("-1", "0", 
    "1", "2"), c("A", "G"))))))
