Results <-
list(`bwa.out//20220204//BlindCMMRD79_S38.sam` = list(DEPDC2_SNP1 = list(
    All = list(Freqs = structure(c(0L, 0L, 2L, 0L, 0L, 1L, 16L, 
    2340L, 8L, 11L, 0L, 16L, 2533L, 12L, 9L, 0L, 0L, 45L, 1L, 
    0L), .Dim = 5:4, .Dimnames = structure(list(c("-2", "-1", 
    "0", "1", NA), c("A", "C", "T", NA)), .Names = c("", "")), class = "table"), 
        N = 4994L), Tag.Distribution = structure(c(`1` = 206L, 
    `2` = 98L, `3` = 83L, `4` = 78L, `5` = 84L, `6` = 62L, `7` = 45L, 
    `8` = 42L, `9` = 33L, `10` = 40L, `11` = 34L, `12` = 14L, 
    `13` = 11L, `14` = 11L, `15` = 12L, `16` = 11L, `17` = 5L, 
    `18` = 11L, `19` = 3L, `20` = 6L, `21` = 2L, `24` = 2L, `25` = 2L, 
    `27` = 1L), .Dim = 24L, .Dimnames = list(TagUsage = c("1", 
    "2", "3", "4", "5", "6", "7", "8", "9", "10", "11", "12", 
    "13", "14", "15", "16", "17", "18", "19", "20", "21", "24", 
    "25", "27")), class = "table"), No.Tag = structure(c(0L, 
    0L, 0L, 0L, 0L, 0L, 0L, 39L, 0L, 2L, 0L, 0L, 27L, 1L, 0L, 
    0L, 0L, 0L, 0L, 0L), .Dim = 5:4, .Dimnames = structure(list(
        c("-2", "-1", "0", "1", NA), c("A", "C", "T", NA)), .Names = c("", 
    "")), class = "table"), All.Tags = list(Concordant = list(
        Freqs = structure(c(0, 0, 0, 0, 0, 0, 381, 1, 0, 2, 398, 
        0), .Dim = 4:3, .Dimnames = list(c("-2", "-1", "0", "1"
        ), c("A", "C", "T"))), N = 782), Majority = list(Freqs = structure(c(0, 
    0, 0, 0, 0, 1, 429, 1, 0, 2, 447, 0), .Dim = 4:3, .Dimnames = list(
        c("-2", "-1", "0", "1"), c("A", "C", "T"))), N = 880)), 
    `2` = structure(c(0, 0, 0, 0, 0, 1, 337, 0, 0, 0, 345, 0), .Dim = 4:3, .Dimnames = list(
        c("-2", "-1", "0", "1"), c("A", "C", "T"))))))
