Results <-
list(`bwa.out//20220204//BlindCMMRD69_S28.sam` = list(LR46_SNP1 = list(
    All = list(Freqs = structure(c(11L, 3022L, 10L, 13L, 0L, 
    4L, 0L, 0L, 0L, 14L, 0L, 0L), .Dim = 4:3, .Dimnames = structure(list(
        c("-1", "0", "1", NA), c("G", "T", NA)), .Names = c("", 
    "")), class = "table"), N = 3074L), Tag.Distribution = structure(c(`1` = 99L, 
    `2` = 27L, `3` = 29L, `4` = 26L, `5` = 31L, `6` = 23L, `7` = 19L, 
    `8` = 29L, `9` = 14L, `10` = 19L, `11` = 12L, `12` = 13L, 
    `13` = 11L, `14` = 12L, `15` = 7L, `16` = 4L, `17` = 9L, 
    `18` = 4L, `19` = 6L, `20` = 5L, `21` = 4L, `22` = 3L, `23` = 1L, 
    `24` = 4L, `26` = 1L, `27` = 1L, `28` = 1L, `29` = 2L, `32` = 1L, 
    `33` = 1L, `34` = 1L), .Dim = 31L, .Dimnames = list(TagUsage = c("1", 
    "2", "3", "4", "5", "6", "7", "8", "9", "10", "11", "12", 
    "13", "14", "15", "16", "17", "18", "19", "20", "21", "22", 
    "23", "24", "26", "27", "28", "29", "32", "33", "34")), class = "table"), 
    No.Tag = structure(c(0L, 42L, 0L, 0L, 0L, 0L, 0L, 0L, 0L, 
    0L, 0L, 0L), .Dim = 4:3, .Dimnames = structure(list(c("-1", 
    "0", "1", NA), c("G", "T", NA)), .Names = c("", "")), class = "table"), 
    All.Tags = list(Concordant = list(Freqs = structure(c(2, 
    394, 0, 0, 2, 0), .Dim = 3:2, .Dimnames = list(c("-1", "0", 
    "1"), c("G", "T"))), N = 398), Majority = list(Freqs = structure(c(2, 
    410, 0, 0, 2, 0), .Dim = 3:2, .Dimnames = list(c("-1", "0", 
    "1"), c("G", "T"))), N = 414)), `2` = structure(c(0, 318, 
    0, 0, 0, 0), .Dim = 3:2, .Dimnames = list(c("-1", "0", "1"
    ), c("G", "T"))))))
