Results <-
list(`bwa.out//20220204//BlindCMMRD79_S38.sam` = list(GM26_SNP1 = list(
    All = list(Freqs = structure(c(1L, 15L, 1680L, 5L, 5L, 1L, 
    13L, 1784L, 4L, 6L, 0L, 3L, 32L, 0L, 0L), .Dim = c(5L, 3L
    ), .Dimnames = structure(list(c("-2", "-1", "0", "1", NA), 
        c("A", "G", NA)), .Names = c("", "")), class = "table"), 
        N = 3549L), Tag.Distribution = structure(c(`1` = 88L, 
    `2` = 68L, `3` = 51L, `4` = 47L, `5` = 33L, `6` = 36L, `7` = 36L, 
    `8` = 34L, `9` = 28L, `10` = 13L, `11` = 11L, `12` = 12L, 
    `13` = 10L, `14` = 12L, `15` = 11L, `16` = 10L, `17` = 8L, 
    `18` = 5L, `19` = 5L, `20` = 3L, `21` = 3L, `22` = 3L, `23` = 2L, 
    `24` = 1L, `26` = 2L, `28` = 1L, `29` = 1L, `33` = 1L), .Dim = 28L, .Dimnames = list(
        TagUsage = c("1", "2", "3", "4", "5", "6", "7", "8", 
        "9", "10", "11", "12", "13", "14", "15", "16", "17", 
        "18", "19", "20", "21", "22", "23", "24", "26", "28", 
        "29", "33")), class = "table"), No.Tag = structure(c(0L, 
    0L, 45L, 0L, 0L, 0L, 0L, 38L, 0L, 2L, 0L, 0L, 2L, 0L, 0L), .Dim = c(5L, 
    3L), .Dimnames = structure(list(c("-2", "-1", "0", "1", NA
    ), c("A", "G", NA)), .Names = c("", "")), class = "table"), 
    All.Tags = list(Concordant = list(Freqs = structure(c(0, 
    0, 233, 0, 0, 0, 234, 0), .Dim = c(4L, 2L), .Dimnames = list(
        c("-2", "-1", "0", "1"), c("A", "G"))), N = 467), Majority = list(
        Freqs = structure(c(0, 0, 261, 0, 0, 0, 266, 0), .Dim = c(4L, 
        2L), .Dimnames = list(c("-2", "-1", "0", "1"), c("A", 
        "G"))), N = 527)), `2` = structure(c(0, 0, 215, 0, 0, 
    0, 228, 0), .Dim = c(4L, 2L), .Dimnames = list(c("-2", "-1", 
    "0", "1"), c("A", "G"))))))
