Results <-
list(`bwa.out//20220204//BlindCMMRD127_S53.sam` = list(GM14_SNP1 = list(
    All = list(Freqs = structure(c(6L, 139L, 4328L, 32L, 13L, 
    0L, 0L, 1L, 0L, 0L, 0L, 0L, 32L, 0L, 0L), .Dim = c(5L, 3L
    ), .Dimnames = structure(list(c("-2", "-1", "0", "1", NA), 
        c("C", "T", NA)), .Names = c("", "")), class = "table"), 
        N = 4551L), Tag.Distribution = structure(c(`1` = 114L, 
    `2` = 114L, `3` = 93L, `4` = 69L, `5` = 63L, `6` = 47L, `7` = 40L, 
    `8` = 35L, `9` = 30L, `10` = 27L, `11` = 23L, `12` = 15L, 
    `13` = 17L, `14` = 9L, `15` = 15L, `16` = 6L, `17` = 8L, 
    `18` = 3L, `19` = 3L, `20` = 7L, `21` = 4L, `22` = 4L, `24` = 5L, 
    `30` = 3L, `32` = 1L), .Dim = 25L, .Dimnames = list(TagUsage = c("1", 
    "2", "3", "4", "5", "6", "7", "8", "9", "10", "11", "12", 
    "13", "14", "15", "16", "17", "18", "19", "20", "21", "22", 
    "24", "30", "32")), class = "table"), No.Tag = structure(c(0L, 
    2L, 53L, 0L, 0L, 0L, 0L, 0L, 0L, 0L, 0L, 0L, 0L, 0L, 0L), .Dim = c(5L, 
    3L), .Dimnames = structure(list(c("-2", "-1", "0", "1", NA
    ), c("C", "T", NA)), .Names = c("", "")), class = "table"), 
    All.Tags = list(Concordant = list(Freqs = structure(c(0, 
    3, 608, 2, 0, 0, 1, 0), .Dim = c(4L, 2L), .Dimnames = list(
        c("-2", "-1", "0", "1"), c("C", "T"))), N = 614), Majority = list(
        Freqs = structure(c(0, 4, 734, 2, 0, 0, 1, 0), .Dim = c(4L, 
        2L), .Dimnames = list(c("-2", "-1", "0", "1"), c("C", 
        "T"))), N = 741)), `2` = structure(c(0, 1, 629, 1, 0, 
    0, 0, 0), .Dim = c(4L, 2L), .Dimnames = list(c("-2", "-1", 
    "0", "1"), c("C", "T"))))))
