Results <-
list(`bwa.out//20220204//BlindCMMRD54_S13.sam` = list(LR52_SNP1 = list(
    All = list(Freqs = structure(c(0L, 0L, 0L, 0L, 1L, 0L, 0L, 
    0L, 0L, 0L, 2L, 1L, 0L, 0L, 0L, 0L, 0L, 0L, 1L, 0L, 0L, 1L, 
    4L, 118L, 686L, 4131L, 40L, 60L, 0L, 0L, 0L, 8L, 194L, 3L, 
    0L), .Dim = c(7L, 5L), .Dimnames = structure(list(c("-4", 
    "-3", "-2", "-1", "0", "1", NA), c("A", "C", "G", "T", NA
    )), .Names = c("", "")), class = "table"), N = 5250L), Tag.Distribution = structure(c(`1` = 78L, 
    `2` = 37L, `3` = 29L, `4` = 41L, `5` = 30L, `6` = 22L, `7` = 25L, 
    `8` = 21L, `9` = 21L, `10` = 19L, `11` = 25L, `12` = 12L, 
    `13` = 10L, `14` = 9L, `15` = 11L, `16` = 11L, `17` = 10L, 
    `18` = 5L, `19` = 5L, `20` = 3L, `21` = 12L, `22` = 1L, `23` = 16L, 
    `24` = 6L, `25` = 6L, `26` = 9L, `27` = 4L, `28` = 5L, `29` = 5L, 
    `30` = 3L, `31` = 1L, `32` = 5L, `33` = 4L, `34` = 2L, `35` = 1L, 
    `38` = 1L, `43` = 1L, `45` = 1L, `46` = 1L, `66` = 1L), .Dim = 40L, .Dimnames = list(
        TagUsage = c("1", "2", "3", "4", "5", "6", "7", "8", 
        "9", "10", "11", "12", "13", "14", "15", "16", "17", 
        "18", "19", "20", "21", "22", "23", "24", "25", "26", 
        "27", "28", "29", "30", "31", "32", "33", "34", "35", 
        "38", "43", "45", "46", "66")), class = "table"), No.Tag = structure(c(0L, 
    0L, 0L, 0L, 1L, 0L, 0L, 0L, 0L, 0L, 0L, 0L, 0L, 0L, 0L, 0L, 
    0L, 0L, 0L, 0L, 0L, 0L, 0L, 1L, 6L, 78L, 1L, 1L, 0L, 0L, 
    0L, 0L, 7L, 0L, 0L), .Dim = c(7L, 5L), .Dimnames = structure(list(
        c("-4", "-3", "-2", "-1", "0", "1", NA), c("A", "C", 
        "G", "T", NA)), .Names = c("", "")), class = "table"), 
    All.Tags = list(Concordant = list(Freqs = structure(c(0, 
    0, 0, 0, 0, 0, 0, 0, 0, 2, 1, 0, 0, 0, 0, 0, 0, 0, 0, 0, 
    3, 30, 237, 3), .Dim = c(6L, 4L), .Dimnames = list(c("-4", 
    "-3", "-2", "-1", "0", "1"), c("A", "C", "G", "T"))), N = 276), 
        Majority = list(Freqs = structure(c(0, 0, 0, 0, 0, 0, 
        0, 0, 0, 2, 1, 0, 0, 0, 0, 0, 0, 0, 0, 0, 6, 48, 433, 
        3), .Dim = c(6L, 4L), .Dimnames = list(c("-4", "-3", 
        "-2", "-1", "0", "1"), c("A", "C", "G", "T"))), N = 493)), 
    `2` = structure(c(0, 0, 0, 0, 0, 0, 0, 0, 0, 0, 0, 0, 0, 
    0, 0, 0, 0, 0, 0, 0, 6, 34, 382, 1), .Dim = c(6L, 4L), .Dimnames = list(
        c("-4", "-3", "-2", "-1", "0", "1"), c("A", "C", "G", 
        "T"))))))
