Results <-
list(`bwa.out//20220204//BlindCMMRD77_S36.sam` = list(LR46_SNP1 = list(
    All = list(Freqs = structure(c(0L, 1L, 0L, 0L, 23L, 3921L, 
    12L, 16L, 0L, 4L, 0L, 0L, 0L, 26L, 0L, 0L), .Dim = c(4L, 
    4L), .Dimnames = structure(list(c("-1", "0", "1", NA), c("-", 
    "G", "T", NA)), .Names = c("", "")), class = "table"), N = 4003L), 
    Tag.Distribution = structure(c(`1` = 97L, `2` = 42L, `3` = 30L, 
    `4` = 23L, `5` = 25L, `6` = 23L, `7` = 25L, `8` = 24L, `9` = 25L, 
    `10` = 14L, `11` = 15L, `12` = 12L, `13` = 16L, `14` = 12L, 
    `15` = 10L, `16` = 8L, `17` = 6L, `18` = 4L, `19` = 10L, 
    `20` = 2L, `21` = 3L, `22` = 6L, `23` = 3L, `24` = 4L, `25` = 5L, 
    `26` = 5L, `27` = 2L, `28` = 2L, `29` = 2L, `30` = 1L, `32` = 1L, 
    `34` = 2L, `36` = 2L, `39` = 2L, `42` = 1L, `47` = 1L), .Dim = 36L, .Dimnames = list(
        TagUsage = c("1", "2", "3", "4", "5", "6", "7", "8", 
        "9", "10", "11", "12", "13", "14", "15", "16", "17", 
        "18", "19", "20", "21", "22", "23", "24", "25", "26", 
        "27", "28", "29", "30", "32", "34", "36", "39", "42", 
        "47")), class = "table"), No.Tag = structure(c(0L, 0L, 
    0L, 0L, 4L, 117L, 0L, 0L, 0L, 0L, 0L, 0L, 0L, 5L, 0L, 0L), .Dim = c(4L, 
    4L), .Dimnames = structure(list(c("-1", "0", "1", NA), c("-", 
    "G", "T", NA)), .Names = c("", "")), class = "table"), All.Tags = list(
        Concordant = list(Freqs = structure(c(0, 0, 0, 0, 432, 
        0, 0, 2, 0), .Dim = c(3L, 3L), .Dimnames = list(c("-1", 
        "0", "1"), c("-", "G", "T"))), N = 434), Majority = list(
            Freqs = structure(c(0, 0, 0, 0, 457, 1, 0, 2, 0), .Dim = c(3L, 
            3L), .Dimnames = list(c("-1", "0", "1"), c("-", "G", 
            "T"))), N = 460)), `2` = structure(c(0, 0, 0, 0, 
    367, 1, 0, 0, 0), .Dim = c(3L, 3L), .Dimnames = list(c("-1", 
    "0", "1"), c("-", "G", "T"))))))
