Results <-
list(`bwa.out//20220204//Control29_S22.sam` = list(LR11_SNP1 = list(
    All = list(Freqs = structure(c(1L, 27L, 1398L, 21L, 5L, 0L, 
    20L, 1068L, 9L, 9L, 0L, 2L, 22L, 0L, 0L), .Dim = c(5L, 3L
    ), .Dimnames = structure(list(c("-2", "-1", "0", "1", NA), 
        c("A", "C", NA)), .Names = c("", "")), class = "table"), 
        N = 2582L), Tag.Distribution = structure(c(`1` = 107L, 
    `2` = 57L, `3` = 58L, `4` = 28L, `5` = 27L, `6` = 29L, `7` = 24L, 
    `8` = 14L, `9` = 16L, `10` = 19L, `11` = 16L, `12` = 16L, 
    `13` = 9L, `14` = 10L, `15` = 5L, `16` = 8L, `17` = 2L, `18` = 3L, 
    `19` = 5L, `21` = 2L, `23` = 1L, `24` = 1L), .Dim = 22L, .Dimnames = list(
        TagUsage = c("1", "2", "3", "4", "5", "6", "7", "8", 
        "9", "10", "11", "12", "13", "14", "15", "16", "17", 
        "18", "19", "21", "23", "24")), class = "table"), No.Tag = structure(c(0L, 
    0L, 21L, 1L, 0L, 0L, 0L, 29L, 0L, 1L, 0L, 0L, 0L, 0L, 0L), .Dim = c(5L, 
    3L), .Dimnames = structure(list(c("-2", "-1", "0", "1", NA
    ), c("A", "C", NA)), .Names = c("", "")), class = "table"), 
    All.Tags = list(Concordant = list(Freqs = structure(c(0, 
    3, 217, 0, 0, 3, 157, 0), .Dim = c(4L, 2L), .Dimnames = list(
        c("-2", "-1", "0", "1"), c("A", "C"))), N = 380), Majority = list(
        Freqs = structure(c(0, 4, 252, 1, 0, 3, 186, 0), .Dim = c(4L, 
        2L), .Dimnames = list(c("-2", "-1", "0", "1"), c("A", 
        "C"))), N = 446)), `2` = structure(c(0, 1, 199, 1, 0, 
    1, 142, 0), .Dim = c(4L, 2L), .Dimnames = list(c("-2", "-1", 
    "0", "1"), c("A", "C"))))))
