Results <-
list(`bwa.out//20220204//BlindCMMRD51_S11.sam` = list(GM14_SNP1 = list(
    All = list(Freqs = structure(c(0L, 42L, 1346L, 9L, 1L, 5L, 
    1L, 51L, 1351L, 6L, 0L, 3L, 0L, 0L, 35L, 0L, 0L, 0L), .Dim = c(6L, 
    3L), .Dimnames = structure(list(c("-2", "-1", "0", "1", "2", 
    NA), c("C", "T", NA)), .Names = c("", "")), class = "table"), 
        N = 2850L), Tag.Distribution = structure(c(`1` = 55L, 
    `2` = 12L, `3` = 12L, `4` = 16L, `5` = 9L, `6` = 7L, `7` = 8L, 
    `8` = 9L, `9` = 13L, `10` = 11L, `11` = 12L, `12` = 4L, `13` = 5L, 
    `14` = 7L, `15` = 6L, `16` = 3L, `17` = 2L, `18` = 4L, `19` = 4L, 
    `20` = 3L, `21` = 2L, `22` = 6L, `23` = 1L, `24` = 1L, `25` = 2L, 
    `26` = 2L, `27` = 3L, `28` = 2L, `29` = 2L, `30` = 6L, `31` = 1L, 
    `32` = 3L, `33` = 2L, `34` = 1L, `35` = 1L, `36` = 1L, `37` = 1L, 
    `39` = 1L, `41` = 1L, `42` = 2L, `43` = 1L, `44` = 1L, `45` = 2L, 
    `48` = 1L, `51` = 1L), .Dim = 45L, .Dimnames = list(TagUsage = c("1", 
    "2", "3", "4", "5", "6", "7", "8", "9", "10", "11", "12", 
    "13", "14", "15", "16", "17", "18", "19", "20", "21", "22", 
    "23", "24", "25", "26", "27", "28", "29", "30", "31", "32", 
    "33", "34", "35", "36", "37", "39", "41", "42", "43", "44", 
    "45", "48", "51")), class = "table"), No.Tag = structure(c(0L, 
    0L, 22L, 0L, 0L, 0L, 0L, 0L, 8L, 0L, 0L, 0L, 0L, 0L, 3L, 
    0L, 0L, 0L), .Dim = c(6L, 3L), .Dimnames = structure(list(
        c("-2", "-1", "0", "1", "2", NA), c("C", "T", NA)), .Names = c("", 
    "")), class = "table"), All.Tags = list(Concordant = list(
        Freqs = structure(c(0, 1, 95, 0, 0, 0, 1, 82, 0, 0), .Dim = c(5L, 
        2L), .Dimnames = list(c("-2", "-1", "0", "1", "2"), c("C", 
        "T"))), N = 179), Majority = list(Freqs = structure(c(0, 
    1, 128, 0, 0, 0, 1, 113, 0, 0), .Dim = c(5L, 2L), .Dimnames = list(
        c("-2", "-1", "0", "1", "2"), c("C", "T"))), N = 243)), 
    `2` = structure(c(0, 1, 98, 0, 0, 0, 1, 93, 0, 0), .Dim = c(5L, 
    2L), .Dimnames = list(c("-2", "-1", "0", "1", "2"), c("C", 
    "T"))))))
