Results <-
list(`bwa.out//20220204//Control11_S4.sam` = list(IM16_SNP1 = list(
    All = list(Freqs = structure(c(0L, 2L, 0L, 0L, 0L, 34L, 3276L, 
    57L, 1L, 1L, 0L, 39L, 0L, 0L, 0L), .Dim = c(5L, 3L), .Dimnames = structure(list(
        c("-1", "0", "1", "2", NA), c("A", "G", NA)), .Names = c("", 
    "")), class = "table"), N = 3410L), Tag.Distribution = structure(c(`1` = 122L, 
    `2` = 67L, `3` = 42L, `4` = 47L, `5` = 27L, `6` = 37L, `7` = 17L, 
    `8` = 22L, `9` = 27L, `10` = 19L, `11` = 6L, `12` = 8L, `13` = 11L, 
    `14` = 13L, `15` = 6L, `16` = 12L, `17` = 7L, `18` = 2L, 
    `19` = 5L, `20` = 5L, `21` = 6L, `22` = 3L, `23` = 1L, `24` = 3L, 
    `25` = 2L, `26` = 2L, `28` = 1L, `29` = 1L, `31` = 1L, `32` = 1L, 
    `33` = 1L), .Dim = 31L, .Dimnames = list(TagUsage = c("1", 
    "2", "3", "4", "5", "6", "7", "8", "9", "10", "11", "12", 
    "13", "14", "15", "16", "17", "18", "19", "20", "21", "22", 
    "23", "24", "25", "26", "28", "29", "31", "32", "33")), class = "table"), 
    No.Tag = structure(c(0L, 0L, 0L, 0L, 0L, 0L, 90L, 1L, 0L, 
    0L, 0L, 3L, 0L, 0L, 0L), .Dim = c(5L, 3L), .Dimnames = structure(list(
        c("-1", "0", "1", "2", NA), c("A", "G", NA)), .Names = c("", 
    "")), class = "table"), All.Tags = list(Concordant = list(
        Freqs = structure(c(0, 0, 0, 0, 0, 450, 5, 0), .Dim = c(4L, 
        2L), .Dimnames = list(c("-1", "0", "1", "2"), c("A", 
        "G"))), N = 455), Majority = list(Freqs = structure(c(0, 
    0, 0, 0, 1, 509, 5, 0), .Dim = c(4L, 2L), .Dimnames = list(
        c("-1", "0", "1", "2"), c("A", "G"))), N = 515)), `2` = structure(c(0, 
    0, 0, 0, 1, 394, 3, 0), .Dim = c(4L, 2L), .Dimnames = list(
        c("-1", "0", "1", "2"), c("A", "G"))))))
