Results <-
list(`bwa.out//20220204//BlindCMMRD77_S36.sam` = list(GM07_SNP1 = list(
    All = list(Freqs = structure(c(4L, 227L, 3472L, 86L, 45L, 
    0L, 1L, 3L, 0L, 1L, 0L, 0L, 1L, 0L, 0L, 0L, 2L, 49L, 0L, 
    0L), .Dim = 5:4, .Dimnames = structure(list(c("-2", "-1", 
    "0", "1", NA), c("A", "G", "T", NA)), .Names = c("", "")), class = "table"), 
        N = 3891L), Tag.Distribution = structure(c(`1` = 121L, 
    `2` = 59L, `3` = 40L, `4` = 41L, `5` = 36L, `6` = 27L, `7` = 37L, 
    `8` = 23L, `9` = 27L, `10` = 23L, `11` = 14L, `12` = 18L, 
    `13` = 7L, `14` = 18L, `15` = 12L, `16` = 9L, `17` = 5L, 
    `18` = 9L, `19` = 5L, `20` = 3L, `21` = 3L, `22` = 4L, `23` = 3L, 
    `24` = 1L, `25` = 2L, `26` = 1L, `27` = 1L, `29` = 1L, `30` = 1L, 
    `32` = 2L), .Dim = 30L, .Dimnames = list(TagUsage = c("1", 
    "2", "3", "4", "5", "6", "7", "8", "9", "10", "11", "12", 
    "13", "14", "15", "16", "17", "18", "19", "20", "21", "22", 
    "23", "24", "25", "26", "27", "29", "30", "32")), class = "table"), 
    No.Tag = structure(c(0L, 9L, 172L, 9L, 5L, 0L, 0L, 0L, 0L, 
    0L, 0L, 0L, 0L, 0L, 0L, 0L, 0L, 6L, 0L, 0L), .Dim = 5:4, .Dimnames = structure(list(
        c("-2", "-1", "0", "1", NA), c("A", "G", "T", NA)), .Names = c("", 
    "")), class = "table"), All.Tags = list(Concordant = list(
        Freqs = structure(c(0, 6, 363, 3, 0, 1, 3, 0, 0, 0, 0, 
        0), .Dim = 4:3, .Dimnames = list(c("-2", "-1", "0", "1"
        ), c("A", "G", "T"))), N = 376), Majority = list(Freqs = structure(c(0, 
    10, 512, 4, 0, 1, 3, 0, 0, 0, 0, 0), .Dim = 4:3, .Dimnames = list(
        c("-2", "-1", "0", "1"), c("A", "G", "T"))), N = 530)), 
    `2` = structure(c(0, 5, 412, 2, 0, 0, 0, 0, 0, 0, 0, 0), .Dim = 4:3, .Dimnames = list(
        c("-2", "-1", "0", "1"), c("A", "G", "T"))))))
