Results <-
list(`bwa.out//20220204//Control14_S7.sam` = list(LR44_SNP1 = list(
    All = list(Freqs = structure(c(3L, 123L, 1549L, 17L, 0L, 
    12L, 8L, 130L, 1648L, 26L, 0L, 4L, 0L, 5L, 66L, 2L, 1L, 0L
    ), .Dim = c(6L, 3L), .Dimnames = structure(list(c("-2", "-1", 
    "0", "1", "2", NA), c("C", "T", NA)), .Names = c("", "")), class = "table"), 
        N = 3594L), Tag.Distribution = structure(c(`1` = 103L, 
    `2` = 58L, `3` = 41L, `4` = 41L, `5` = 28L, `6` = 31L, `7` = 29L, 
    `8` = 20L, `9` = 17L, `10` = 20L, `11` = 21L, `12` = 21L, 
    `13` = 14L, `14` = 8L, `15` = 6L, `16` = 10L, `17` = 8L, 
    `18` = 12L, `19` = 2L, `20` = 6L, `21` = 3L, `22` = 1L, `23` = 2L, 
    `24` = 2L, `25` = 3L, `26` = 3L, `29` = 1L, `31` = 1L, `32` = 1L
    ), .Dim = 29L, .Dimnames = list(TagUsage = c("1", "2", "3", 
    "4", "5", "6", "7", "8", "9", "10", "11", "12", "13", "14", 
    "15", "16", "17", "18", "19", "20", "21", "22", "23", "24", 
    "25", "26", "29", "31", "32")), class = "table"), No.Tag = structure(c(0L, 
    2L, 35L, 1L, 0L, 1L, 0L, 3L, 36L, 0L, 0L, 0L, 0L, 0L, 7L, 
    0L, 0L, 0L), .Dim = c(6L, 3L), .Dimnames = structure(list(
        c("-2", "-1", "0", "1", "2", NA), c("C", "T", NA)), .Names = c("", 
    "")), class = "table"), All.Tags = list(Concordant = list(
        Freqs = structure(c(0, 8, 169, 1, 0, 0, 2, 138, 1, 0), .Dim = c(5L, 
        2L), .Dimnames = list(c("-2", "-1", "0", "1", "2"), c("C", 
        "T"))), N = 319), Majority = list(Freqs = structure(c(0, 
    9, 247, 1, 0, 0, 3, 230, 1, 0), .Dim = c(5L, 2L), .Dimnames = list(
        c("-2", "-1", "0", "1", "2"), c("C", "T"))), N = 491)), 
    `2` = structure(c(0, 3, 197, 0, 0, 0, 2, 193, 0, 0), .Dim = c(5L, 
    2L), .Dimnames = list(c("-2", "-1", "0", "1", "2"), c("C", 
    "T"))))))
