Results <-
list(`bwa.out//20220204//Control11_S4.sam` = list(LR17_SNP1 = list(
    All = list(Freqs = structure(c(2L, 100L, 2368L, 31L, 15L, 
    0L, 0L, 1L, 0L, 0L, 0L, 1L, 41L, 1L, 0L), .Dim = c(5L, 3L
    ), .Dimnames = structure(list(c("-2", "-1", "0", "1", NA), 
        c("A", "G", NA)), .Names = c("", "")), class = "table"), 
        N = 2560L), Tag.Distribution = structure(c(`1` = 85L, 
    `2` = 47L, `3` = 29L, `4` = 27L, `5` = 19L, `6` = 21L, `7` = 22L, 
    `8` = 22L, `9` = 10L, `10` = 14L, `11` = 12L, `12` = 14L, 
    `13` = 10L, `14` = 9L, `15` = 5L, `16` = 8L, `17` = 7L, `18` = 4L, 
    `19` = 3L, `20` = 2L, `21` = 5L, `22` = 1L, `23` = 3L, `25` = 1L, 
    `26` = 1L, `28` = 1L, `37` = 1L), .Dim = 27L, .Dimnames = list(
        TagUsage = c("1", "2", "3", "4", "5", "6", "7", "8", 
        "9", "10", "11", "12", "13", "14", "15", "16", "17", 
        "18", "19", "20", "21", "22", "23", "25", "26", "28", 
        "37")), class = "table"), No.Tag = structure(c(0L, 1L, 
    44L, 0L, 0L, 0L, 0L, 0L, 0L, 0L, 0L, 0L, 1L, 0L, 0L), .Dim = c(5L, 
    3L), .Dimnames = structure(list(c("-2", "-1", "0", "1", NA
    ), c("A", "G", NA)), .Names = c("", "")), class = "table"), 
    All.Tags = list(Concordant = list(Freqs = structure(c(1, 
    6, 281, 1, 0, 0, 0, 0), .Dim = c(4L, 2L), .Dimnames = list(
        c("-2", "-1", "0", "1"), c("A", "G"))), N = 289), Majority = list(
        Freqs = structure(c(1, 6, 361, 1, 0, 0, 0, 0), .Dim = c(4L, 
        2L), .Dimnames = list(c("-2", "-1", "0", "1"), c("A", 
        "G"))), N = 369)), `2` = structure(c(0, 0, 290, 1, 0, 
    0, 0, 0), .Dim = c(4L, 2L), .Dimnames = list(c("-2", "-1", 
    "0", "1"), c("A", "G"))))))
