Results <-
list(`bwa.out//20220204//BlindCMMRD93_S52.sam` = list(LR20_SNP1 = list(
    All = list(Freqs = structure(c(4L, 2035L, 2L, 0L, 0L, 1L, 
    0L, 0L, 3L, 1960L, 3L, 1L, 0L, 1L, 0L, 0L, 0L, 19L, 0L, 0L
    ), .Dim = 4:5, .Dimnames = structure(list(c("-1", "0", "1", 
    NA), c("A", "C", "G", "T", NA)), .Names = c("", "")), class = "table"), 
        N = 4029L), Tag.Distribution = structure(c(`1` = 150L, 
    `2` = 80L, `3` = 62L, `4` = 53L, `5` = 45L, `6` = 36L, `7` = 42L, 
    `8` = 33L, `9` = 19L, `10` = 20L, `11` = 21L, `12` = 18L, 
    `13` = 14L, `14` = 16L, `15` = 16L, `16` = 11L, `17` = 4L, 
    `18` = 6L, `19` = 3L, `20` = 3L, `21` = 3L, `22` = 1L, `23` = 2L, 
    `24` = 1L, `25` = 2L, `29` = 2L, `34` = 1L), .Dim = 27L, .Dimnames = list(
        TagUsage = c("1", "2", "3", "4", "5", "6", "7", "8", 
        "9", "10", "11", "12", "13", "14", "15", "16", "17", 
        "18", "19", "20", "21", "22", "23", "24", "25", "29", 
        "34")), class = "table"), No.Tag = structure(c(0L, 47L, 
    0L, 0L, 0L, 0L, 0L, 0L, 0L, 40L, 1L, 0L, 0L, 0L, 0L, 0L, 
    0L, 4L, 0L, 0L), .Dim = 4:5, .Dimnames = structure(list(c("-1", 
    "0", "1", NA), c("A", "C", "G", "T", NA)), .Names = c("", 
    "")), class = "table"), All.Tags = list(Concordant = list(
        Freqs = structure(c(0, 285, 0, 0, 0, 0, 0, 309, 0, 0, 
        0, 0), .Dim = 3:4, .Dimnames = list(c("-1", "0", "1"), 
            c("A", "C", "G", "T"))), N = 594), Majority = list(
        Freqs = structure(c(0, 314, 0, 0, 0, 0, 0, 338, 0, 0, 
        0, 0), .Dim = 3:4, .Dimnames = list(c("-1", "0", "1"), 
            c("A", "C", "G", "T"))), N = 652)), `2` = structure(c(0, 
    247, 0, 0, 0, 0, 0, 260, 0, 0, 0, 0), .Dim = 3:4, .Dimnames = list(
        c("-1", "0", "1"), c("A", "C", "G", "T"))))))
