Results <-
list(`bwa.out//20220204//BlindCMMRD48_S8.sam` = list(IM16_SNP1 = list(
    All = list(Freqs = structure(c(0L, 8L, 0L, 0L, 0L, 43L, 4938L, 
    47L, 1L, 5L, 0L, 1L, 0L, 0L, 0L, 0L, 55L, 4L, 0L, 0L), .Dim = 5:4, .Dimnames = structure(list(
        c("-1", "0", "1", "2", NA), c("A", "G", "T", NA)), .Names = c("", 
    "")), class = "table"), N = 5102L), Tag.Distribution = structure(c(`1` = 74L, 
    `2` = 25L, `3` = 23L, `4` = 14L, `5` = 26L, `6` = 18L, `7` = 16L, 
    `8` = 13L, `9` = 12L, `10` = 10L, `11` = 19L, `12` = 5L, 
    `13` = 9L, `14` = 6L, `15` = 5L, `16` = 6L, `17` = 7L, `18` = 1L, 
    `19` = 5L, `20` = 5L, `21` = 5L, `22` = 5L, `23` = 7L, `24` = 2L, 
    `25` = 6L, `26` = 3L, `27` = 5L, `28` = 6L, `29` = 8L, `30` = 5L, 
    `31` = 3L, `32` = 3L, `33` = 1L, `34` = 3L, `35` = 5L, `36` = 2L, 
    `37` = 4L, `39` = 1L, `40` = 2L, `41` = 1L, `42` = 1L, `44` = 3L, 
    `46` = 1L, `49` = 2L, `54` = 1L, `55` = 1L, `57` = 1L, `58` = 1L, 
    `87` = 1L, `108` = 1L, `112` = 1L), .Dim = 51L, .Dimnames = list(
        TagUsage = c("1", "2", "3", "4", "5", "6", "7", "8", 
        "9", "10", "11", "12", "13", "14", "15", "16", "17", 
        "18", "19", "20", "21", "22", "23", "24", "25", "26", 
        "27", "28", "29", "30", "31", "32", "33", "34", "35", 
        "36", "37", "39", "40", "41", "42", "44", "46", "49", 
        "54", "55", "57", "58", "87", "108", "112")), class = "table"), 
    No.Tag = structure(c(0L, 1L, 0L, 0L, 0L, 3L, 142L, 1L, 0L, 
    0L, 0L, 0L, 0L, 0L, 0L, 0L, 6L, 0L, 0L, 0L), .Dim = 5:4, .Dimnames = structure(list(
        c("-1", "0", "1", "2", NA), c("A", "G", "T", NA)), .Names = c("", 
    "")), class = "table"), All.Tags = list(Concordant = list(
        Freqs = structure(c(0, 6, 0, 0, 1, 307, 2, 0, 0, 0, 0, 
        0), .Dim = 4:3, .Dimnames = list(c("-1", "0", "1", "2"
        ), c("A", "G", "T"))), N = 316), Majority = list(Freqs = structure(c(0, 
    6, 0, 0, 1, 368, 3, 0, 0, 0, 0, 0), .Dim = 4:3, .Dimnames = list(
        c("-1", "0", "1", "2"), c("A", "G", "T"))), N = 378)), 
    `2` = structure(c(0, 0, 0, 0, 1, 314, 1, 0, 0, 0, 0, 0), .Dim = 4:3, .Dimnames = list(
        c("-1", "0", "1", "2"), c("A", "G", "T"))))))
