Results <-
list(`bwa.out//20220204//BlindCMMRD86_S45.sam` = list(LR24_SNP1 = list(
    All = list(Freqs = structure(c(0L, 0L, 1L, 0L, 0L, 1L, 7L, 
    1839L, 3L, 2L, 0L, 4L, 1888L, 6L, 2L, 0L, 0L, 23L, 0L, 0L
    ), .Dim = 5:4, .Dimnames = structure(list(c("-2", "-1", "0", 
    "1", NA), c("-", "A", "G", NA)), .Names = c("", "")), class = "table"), 
        N = 3776L), Tag.Distribution = structure(c(`1` = 257L, 
    `2` = 182L, `3` = 120L, `4` = 102L, `5` = 82L, `6` = 56L, 
    `7` = 40L, `8` = 27L, `9` = 16L, `10` = 17L, `11` = 16L, 
    `12` = 8L, `13` = 7L, `14` = 11L, `15` = 1L, `16` = 1L, `17` = 3L, 
    `18` = 1L, `19` = 1L, `22` = 1L, `25` = 2L), .Dim = 21L, .Dimnames = list(
        TagUsage = c("1", "2", "3", "4", "5", "6", "7", "8", 
        "9", "10", "11", "12", "13", "14", "15", "16", "17", 
        "18", "19", "22", "25")), class = "table"), No.Tag = structure(c(0L, 
    0L, 0L, 0L, 0L, 0L, 0L, 62L, 0L, 0L, 0L, 0L, 59L, 0L, 1L, 
    0L, 0L, 1L, 0L, 0L), .Dim = 5:4, .Dimnames = structure(list(
        c("-2", "-1", "0", "1", NA), c("-", "A", "G", NA)), .Names = c("", 
    "")), class = "table"), All.Tags = list(Concordant = list(
        Freqs = structure(c(0, 0, 0, 0, 0, 0, 424, 0, 0, 0, 410, 
        0), .Dim = 4:3, .Dimnames = list(c("-2", "-1", "0", "1"
        ), c("-", "A", "G"))), N = 834), Majority = list(Freqs = structure(c(0, 
    0, 0, 0, 0, 0, 459, 0, 0, 0, 462, 0), .Dim = 4:3, .Dimnames = list(
        c("-2", "-1", "0", "1"), c("-", "A", "G"))), N = 921)), 
    `2` = structure(c(0, 0, 0, 0, 0, 0, 326, 0, 0, 0, 344, 0), .Dim = 4:3, .Dimnames = list(
        c("-2", "-1", "0", "1"), c("-", "A", "G"))))))
