Results <-
list(`bwa.out//20220204//BlindCMMRD127_S53.sam` = list(LR49_SNP1 = list(
    All = list(Freqs = structure(c(10L, 4167L, 1L, 1L, 0L, 8L, 
    0L, 0L, 0L, 44L, 0L, 0L), .Dim = 4:3, .Dimnames = structure(list(
        c("-1", "0", "1", NA), c("A", "G", NA)), .Names = c("", 
    "")), class = "table"), N = 4231L), Tag.Distribution = structure(c(`1` = 154L, 
    `2` = 115L, `3` = 115L, `4` = 93L, `5` = 68L, `6` = 63L, 
    `7` = 46L, `8` = 30L, `9` = 31L, `10` = 22L, `11` = 19L, 
    `12` = 15L, `13` = 7L, `14` = 7L, `15` = 11L, `16` = 4L, 
    `17` = 5L, `18` = 6L, `19` = 3L, `20` = 2L, `21` = 1L, `22` = 1L, 
    `23` = 1L, `24` = 2L, `25` = 1L), .Dim = 25L, .Dimnames = list(
        TagUsage = c("1", "2", "3", "4", "5", "6", "7", "8", 
        "9", "10", "11", "12", "13", "14", "15", "16", "17", 
        "18", "19", "20", "21", "22", "23", "24", "25")), class = "table"), 
    No.Tag = structure(c(0L, 106L, 0L, 0L, 0L, 0L, 0L, 0L, 0L, 
    9L, 0L, 0L), .Dim = 4:3, .Dimnames = structure(list(c("-1", 
    "0", "1", NA), c("A", "G", NA)), .Names = c("", "")), class = "table"), 
    All.Tags = list(Concordant = list(Freqs = structure(c(1, 
    807, 0, 0, 6, 0), .Dim = 3:2, .Dimnames = list(c("-1", "0", 
    "1"), c("A", "G"))), N = 814), Majority = list(Freqs = structure(c(1, 
    814, 0, 0, 6, 0), .Dim = 3:2, .Dimnames = list(c("-1", "0", 
    "1"), c("A", "G"))), N = 821)), `2` = structure(c(1, 667, 
    0, 0, 0, 0), .Dim = 3:2, .Dimnames = list(c("-1", "0", "1"
    ), c("A", "G"))))))
