Results <-
list(`bwa.out//20220204//BlindCMMRD42_S2.sam` = list(GM11_SNP1 = list(
    All = list(Freqs = structure(c(0L, 4L, 0L, 0L, 36L, 6908L, 
    15L, 6L, 0L, 11L, 0L, 0L, 0L, 1L, 0L, 0L, 0L, 27L, 0L, 0L
    ), .Dim = 4:5, .Dimnames = structure(list(c("-1", "0", "1", 
    NA), c("-", "A", "G", "T", NA)), .Names = c("", "")), class = "table"), 
        N = 7008L), Tag.Distribution = structure(c(`1` = 90L, 
    `2` = 22L, `3` = 18L, `4` = 22L, `5` = 21L, `6` = 13L, `7` = 15L, 
    `8` = 11L, `9` = 16L, `10` = 11L, `11` = 10L, `12` = 13L, 
    `13` = 14L, `14` = 8L, `15` = 10L, `16` = 14L, `17` = 6L, 
    `18` = 10L, `19` = 8L, `20` = 6L, `21` = 9L, `22` = 4L, `23` = 5L, 
    `24` = 7L, `25` = 6L, `26` = 3L, `27` = 7L, `28` = 4L, `29` = 6L, 
    `30` = 3L, `31` = 2L, `32` = 4L, `33` = 8L, `34` = 5L, `35` = 3L, 
    `36` = 5L, `37` = 4L, `38` = 3L, `39` = 1L, `40` = 3L, `41` = 3L, 
    `42` = 1L, `43` = 5L, `44` = 2L, `45` = 2L, `46` = 5L, `48` = 2L, 
    `50` = 1L, `51` = 2L, `52` = 4L, `53` = 2L, `54` = 2L, `57` = 1L, 
    `58` = 1L, `59` = 1L, `61` = 1L, `66` = 1L, `73` = 1L), .Dim = 58L, .Dimnames = list(
        TagUsage = c("1", "2", "3", "4", "5", "6", "7", "8", 
        "9", "10", "11", "12", "13", "14", "15", "16", "17", 
        "18", "19", "20", "21", "22", "23", "24", "25", "26", 
        "27", "28", "29", "30", "31", "32", "33", "34", "35", 
        "36", "37", "38", "39", "40", "41", "42", "43", "44", 
        "45", "46", "48", "50", "51", "52", "53", "54", "57", 
        "58", "59", "61", "66", "73")), class = "table"), No.Tag = structure(c(0L, 
    0L, 0L, 0L, 1L, 95L, 0L, 1L, 0L, 0L, 0L, 0L, 0L, 0L, 0L, 
    0L, 0L, 2L, 0L, 0L), .Dim = 4:5, .Dimnames = structure(list(
        c("-1", "0", "1", NA), c("-", "A", "G", "T", NA)), .Names = c("", 
    "")), class = "table"), All.Tags = list(Concordant = list(
        Freqs = structure(c(0, 0, 0, 1, 413, 0, 0, 7, 0, 0, 0, 
        0), .Dim = 3:4, .Dimnames = list(c("-1", "0", "1"), c("-", 
        "A", "G", "T"))), N = 421), Majority = list(Freqs = structure(c(0, 
    0, 0, 1, 452, 0, 0, 7, 0, 0, 0, 0), .Dim = 3:4, .Dimnames = list(
        c("-1", "0", "1"), c("-", "A", "G", "T"))), N = 460)), 
    `2` = structure(c(0, 0, 0, 1, 375, 0, 0, 0, 0, 0, 0, 0), .Dim = 3:4, .Dimnames = list(
        c("-1", "0", "1"), c("-", "A", "G", "T"))))))
