Results <-
list(`bwa.out//20220204//BlindCMMRD42_S2.sam` = list(GM01_SNP1 = list(
    All = list(Freqs = structure(c(0L, 0L, 1L, 0L, 0L, 4L, 52L, 
    4507L, 16L, 6L, 0L, 59L, 4238L, 41L, 5L, 0L, 2L, 92L, 3L, 
    0L), .Dim = 5:4, .Dimnames = structure(list(c("-2", "-1", 
    "0", "1", NA), c("-", "A", "G", NA)), .Names = c("", "")), class = "table"), 
        N = 9026L), Tag.Distribution = structure(c(`1` = 107L, 
    `2` = 19L, `3` = 23L, `4` = 20L, `5` = 14L, `6` = 19L, `7` = 15L, 
    `8` = 20L, `9` = 15L, `10` = 11L, `11` = 13L, `12` = 10L, 
    `13` = 18L, `14` = 18L, `15` = 12L, `16` = 15L, `17` = 8L, 
    `18` = 9L, `19` = 11L, `20` = 12L, `21` = 11L, `22` = 9L, 
    `23` = 8L, `24` = 5L, `25` = 6L, `26` = 4L, `27` = 11L, `28` = 6L, 
    `29` = 9L, `30` = 4L, `31` = 6L, `32` = 1L, `33` = 3L, `34` = 7L, 
    `35` = 7L, `36` = 5L, `37` = 6L, `38` = 4L, `39` = 3L, `40` = 7L, 
    `41` = 7L, `42` = 3L, `43` = 5L, `44` = 4L, `45` = 1L, `47` = 2L, 
    `48` = 4L, `49` = 3L, `50` = 1L, `51` = 1L, `52` = 2L, `54` = 1L, 
    `55` = 1L, `56` = 2L, `58` = 1L, `59` = 1L, `62` = 1L, `63` = 2L, 
    `64` = 1L, `69` = 1L, `76` = 1L, `78` = 1L, `79` = 1L, `92` = 1L
    ), .Dim = 64L, .Dimnames = list(TagUsage = c("1", "2", "3", 
    "4", "5", "6", "7", "8", "9", "10", "11", "12", "13", "14", 
    "15", "16", "17", "18", "19", "20", "21", "22", "23", "24", 
    "25", "26", "27", "28", "29", "30", "31", "32", "33", "34", 
    "35", "36", "37", "38", "39", "40", "41", "42", "43", "44", 
    "45", "47", "48", "49", "50", "51", "52", "54", "55", "56", 
    "58", "59", "62", "63", "64", "69", "76", "78", "79", "92"
    )), class = "table"), No.Tag = structure(c(0L, 0L, 0L, 0L, 
    0L, 0L, 0L, 20L, 0L, 1L, 0L, 1L, 41L, 0L, 0L, 0L, 0L, 4L, 
    0L, 0L), .Dim = 5:4, .Dimnames = structure(list(c("-2", "-1", 
    "0", "1", NA), c("-", "A", "G", NA)), .Names = c("", "")), class = "table"), 
    All.Tags = list(Concordant = list(Freqs = structure(c(0, 
    0, 0, 0, 0, 1, 210, 0, 0, 0, 213, 2), .Dim = 4:3, .Dimnames = list(
        c("-2", "-1", "0", "1"), c("-", "A", "G"))), N = 426), 
        Majority = list(Freqs = structure(c(0, 0, 0, 0, 0, 1, 
        271, 0, 0, 0, 275, 3), .Dim = 4:3, .Dimnames = list(c("-2", 
        "-1", "0", "1"), c("-", "A", "G"))), N = 550)), `2` = structure(c(0, 
    0, 0, 0, 0, 0, 224, 0, 0, 0, 226, 1), .Dim = 4:3, .Dimnames = list(
        c("-2", "-1", "0", "1"), c("-", "A", "G"))))))
