Results <-
list(`bwa.out//20220204//BlindCMMRD98_S57.sam` = list(LR46_SNP1 = list(
    All = list(Freqs = structure(c(0L, 1L, 0L, 0L, 23L, 2445L, 
    12L, 2L, 7L, 2560L, 6L, 4L, 0L, 26L, 0L, 0L), .Dim = c(4L, 
    4L), .Dimnames = structure(list(c("-1", "0", "1", NA), c("A", 
    "G", "T", NA)), .Names = c("", "")), class = "table"), N = 5086L), 
    Tag.Distribution = structure(c(`1` = 101L, `2` = 48L, `3` = 33L, 
    `4` = 34L, `5` = 25L, `6` = 30L, `7` = 19L, `8` = 24L, `9` = 11L, 
    `10` = 15L, `11` = 11L, `12` = 15L, `13` = 25L, `14` = 14L, 
    `15` = 13L, `16` = 9L, `17` = 8L, `18` = 7L, `19` = 10L, 
    `20` = 7L, `21` = 4L, `22` = 5L, `23` = 5L, `24` = 4L, `25` = 3L, 
    `26` = 4L, `27` = 6L, `28` = 3L, `29` = 3L, `30` = 1L, `31` = 2L, 
    `32` = 3L, `33` = 2L, `34` = 2L, `36` = 1L, `37` = 2L, `38` = 1L, 
    `39` = 3L, `40` = 3L, `41` = 1L, `42` = 2L, `43` = 1L, `44` = 1L, 
    `48` = 1L), .Dim = 44L, .Dimnames = list(TagUsage = c("1", 
    "2", "3", "4", "5", "6", "7", "8", "9", "10", "11", "12", 
    "13", "14", "15", "16", "17", "18", "19", "20", "21", "22", 
    "23", "24", "25", "26", "27", "28", "29", "30", "31", "32", 
    "33", "34", "36", "37", "38", "39", "40", "41", "42", "43", 
    "44", "48")), class = "table"), No.Tag = structure(c(0L, 
    0L, 0L, 0L, 0L, 98L, 1L, 1L, 0L, 34L, 0L, 0L, 0L, 4L, 0L, 
    0L), .Dim = c(4L, 4L), .Dimnames = structure(list(c("-1", 
    "0", "1", NA), c("A", "G", "T", NA)), .Names = c("", "")), class = "table"), 
    All.Tags = list(Concordant = list(Freqs = structure(c(0, 
    0, 0, 2, 234, 0, 0, 238, 0), .Dim = c(3L, 3L), .Dimnames = list(
        c("-1", "0", "1"), c("A", "G", "T"))), N = 474), Majority = list(
        Freqs = structure(c(0, 0, 0, 2, 251, 0, 0, 260, 0), .Dim = c(3L, 
        3L), .Dimnames = list(c("-1", "0", "1"), c("A", "G", 
        "T"))), N = 513)), `2` = structure(c(0, 0, 0, 2, 208, 
    0, 0, 208, 0), .Dim = c(3L, 3L), .Dimnames = list(c("-1", 
    "0", "1"), c("A", "G", "T"))))))
