Results <-
list(`bwa.out//20220204//BlindCMMRD46_S6.sam` = list(LR10_SNP1 = list(
    All = list(Freqs = structure(c(0L, 1L, 0L, 0L, 35L, 2118L, 
    14L, 4L, 14L, 1718L, 1L, 2L, 0L, 33L, 0L, 0L), .Dim = c(4L, 
    4L), .Dimnames = structure(list(c("-1", "0", "1", NA), c("-", 
    "C", "T", NA)), .Names = c("", "")), class = "table"), N = 3940L), 
    Tag.Distribution = structure(c(`1` = 75L, `2` = 13L, `3` = 10L, 
    `4` = 12L, `5` = 14L, `6` = 8L, `7` = 17L, `8` = 10L, `9` = 12L, 
    `10` = 14L, `11` = 10L, `12` = 18L, `13` = 7L, `14` = 8L, 
    `15` = 6L, `16` = 8L, `17` = 12L, `18` = 10L, `19` = 4L, 
    `20` = 6L, `21` = 4L, `22` = 4L, `23` = 1L, `24` = 2L, `26` = 1L, 
    `27` = 2L, `28` = 1L, `29` = 1L, `30` = 2L, `31` = 2L, `32` = 5L, 
    `33` = 2L, `34` = 2L, `36` = 2L, `38` = 2L, `39` = 2L, `40` = 2L, 
    `41` = 1L, `42` = 1L, `43` = 1L, `46` = 1L, `47` = 1L, `49` = 1L, 
    `51` = 2L, `53` = 1L, `58` = 1L, `64` = 1L, `75` = 1L), .Dim = 48L, .Dimnames = list(
        TagUsage = c("1", "2", "3", "4", "5", "6", "7", "8", 
        "9", "10", "11", "12", "13", "14", "15", "16", "17", 
        "18", "19", "20", "21", "22", "23", "24", "26", "27", 
        "28", "29", "30", "31", "32", "33", "34", "36", "38", 
        "39", "40", "41", "42", "43", "46", "47", "49", "51", 
        "53", "58", "64", "75")), class = "table"), No.Tag = structure(c(0L, 
    0L, 0L, 0L, 0L, 97L, 0L, 0L, 0L, 47L, 0L, 0L, 0L, 3L, 0L, 
    0L), .Dim = c(4L, 4L), .Dimnames = structure(list(c("-1", 
    "0", "1", NA), c("-", "C", "T", NA)), .Names = c("", "")), class = "table"), 
    All.Tags = list(Concordant = list(Freqs = structure(c(0, 
    0, 0, 0, 125, 0, 0, 137, 0), .Dim = c(3L, 3L), .Dimnames = list(
        c("-1", "0", "1"), c("-", "C", "T"))), N = 262), Majority = list(
        Freqs = structure(c(0, 0, 0, 0, 162, 0, 0, 156, 0), .Dim = c(3L, 
        3L), .Dimnames = list(c("-1", "0", "1"), c("-", "C", 
        "T"))), N = 318)), `2` = structure(c(0, 0, 0, 0, 127, 
    0, 0, 121, 0), .Dim = c(3L, 3L), .Dimnames = list(c("-1", 
    "0", "1"), c("-", "C", "T"))))))
