Results <-
list(`bwa.out//20220204//BlindCMMRD91_S50.sam` = list(GM29_SNP1 = list(
    All = list(Freqs = structure(c(1L, 24L, 1906L, 7L, 0L, 1L, 
    76L, 1722L, 10L, 5L, 0L, 1L, 28L, 0L, 0L), .Dim = c(5L, 3L
    ), .Dimnames = structure(list(c("-2", "-1", "0", "1", NA), 
        c("A", "G", NA)), .Names = c("", "")), class = "table"), 
        N = 3781L), Tag.Distribution = structure(c(`1` = 68L, 
    `2` = 51L, `3` = 41L, `4` = 29L, `5` = 28L, `6` = 32L, `7` = 18L, 
    `8` = 18L, `9` = 22L, `10` = 17L, `11` = 15L, `12` = 20L, 
    `13` = 12L, `14` = 12L, `15` = 9L, `16` = 8L, `17` = 4L, 
    `18` = 9L, `19` = 1L, `20` = 3L, `21` = 6L, `22` = 3L, `23` = 3L, 
    `24` = 5L, `25` = 2L, `26` = 2L, `27` = 1L, `28` = 4L, `30` = 1L, 
    `31` = 5L, `32` = 2L, `33` = 1L, `35` = 2L, `44` = 1L), .Dim = 34L, .Dimnames = list(
        TagUsage = c("1", "2", "3", "4", "5", "6", "7", "8", 
        "9", "10", "11", "12", "13", "14", "15", "16", "17", 
        "18", "19", "20", "21", "22", "23", "24", "25", "26", 
        "27", "28", "30", "31", "32", "33", "35", "44")), class = "table"), 
    No.Tag = structure(c(0L, 0L, 61L, 0L, 0L, 0L, 1L, 18L, 0L, 
    1L, 0L, 0L, 2L, 0L, 0L), .Dim = c(5L, 3L), .Dimnames = structure(list(
        c("-2", "-1", "0", "1", NA), c("A", "G", NA)), .Names = c("", 
    "")), class = "table"), All.Tags = list(Concordant = list(
        Freqs = structure(c(0, 0, 194, 0, 0, 6, 160, 1), .Dim = c(4L, 
        2L), .Dimnames = list(c("-2", "-1", "0", "1"), c("A", 
        "G"))), N = 361), Majority = list(Freqs = structure(c(0, 
    0, 234, 0, 0, 6, 206, 1), .Dim = c(4L, 2L), .Dimnames = list(
        c("-2", "-1", "0", "1"), c("A", "G"))), N = 447)), `2` = structure(c(0, 
    0, 199, 0, 0, 5, 177, 0), .Dim = c(4L, 2L), .Dimnames = list(
        c("-2", "-1", "0", "1"), c("A", "G"))))))
