Results <-
list(`bwa.out//20220204//Control18_S11.sam` = list(IM16_SNP1 = list(
    All = list(Freqs = structure(c(0L, 3L, 0L, 0L, 35L, 2735L, 
    30L, 4L, 2L, 45L, 1L, 0L), .Dim = 4:3, .Dimnames = structure(list(
        c("-1", "0", "1", NA), c("A", "G", NA)), .Names = c("", 
    "")), class = "table"), N = 2855L), Tag.Distribution = structure(c(`1` = 125L, 
    `2` = 51L, `3` = 49L, `4` = 35L, `5` = 32L, `6` = 28L, `7` = 24L, 
    `8` = 19L, `9` = 14L, `10` = 14L, `11` = 8L, `12` = 11L, 
    `13` = 7L, `14` = 12L, `15` = 4L, `16` = 3L, `17` = 7L, `18` = 4L, 
    `19` = 3L, `20` = 3L, `21` = 1L, `22` = 6L, `23` = 2L, `24` = 1L, 
    `27` = 2L, `28` = 4L, `37` = 1L), .Dim = 27L, .Dimnames = list(
        TagUsage = c("1", "2", "3", "4", "5", "6", "7", "8", 
        "9", "10", "11", "12", "13", "14", "15", "16", "17", 
        "18", "19", "20", "21", "22", "23", "24", "27", "28", 
        "37")), class = "table"), No.Tag = structure(c(0L, 0L, 
    0L, 0L, 0L, 94L, 0L, 1L, 1L, 10L, 0L, 0L), .Dim = 4:3, .Dimnames = structure(list(
        c("-1", "0", "1", NA), c("A", "G", NA)), .Names = c("", 
    "")), class = "table"), All.Tags = list(Concordant = list(
        Freqs = structure(c(0, 2, 0, 1, 410, 0), .Dim = 3:2, .Dimnames = list(
            c("-1", "0", "1"), c("A", "G"))), N = 413), Majority = list(
        Freqs = structure(c(0, 2, 0, 1, 458, 0), .Dim = 3:2, .Dimnames = list(
            c("-1", "0", "1"), c("A", "G"))), N = 461)), `2` = structure(c(0, 
    0, 0, 0, 342, 0), .Dim = 3:2, .Dimnames = list(c("-1", "0", 
    "1"), c("A", "G"))))))
