Results <-
list(`bwa.out//20220204//BlindCMMRD127_S53.sam` = list(LR24_SNP1 = list(
    All = list(Freqs = structure(c(0L, 0L, 1L, 0L, 0L, 0L, 19L, 
    2672L, 6L, 9L, 1L, 9L, 2865L, 4L, 5L, 0L, 0L, 9L, 0L, 0L), .Dim = 5:4, .Dimnames = structure(list(
        c("-2", "-1", "0", "1", NA), c("-", "A", "G", NA)), .Names = c("", 
    "")), class = "table"), N = 5600L), Tag.Distribution = structure(c(`1` = 392L, 
    `2` = 276L, `3` = 183L, `4` = 166L, `5` = 101L, `6` = 80L, 
    `7` = 62L, `8` = 47L, `9` = 33L, `10` = 32L, `11` = 18L, 
    `12` = 16L, `13` = 11L, `14` = 4L, `15` = 5L, `16` = 3L, 
    `18` = 3L, `19` = 1L, `20` = 2L, `21` = 1L, `28` = 1L, `29` = 1L
    ), .Dim = 22L, .Dimnames = list(TagUsage = c("1", "2", "3", 
    "4", "5", "6", "7", "8", "9", "10", "11", "12", "13", "14", 
    "15", "16", "18", "19", "20", "21", "28", "29")), class = "table"), 
    No.Tag = structure(c(0L, 0L, 0L, 0L, 0L, 0L, 2L, 70L, 0L, 
    0L, 0L, 0L, 55L, 0L, 1L, 0L, 0L, 0L, 0L, 0L), .Dim = 5:4, .Dimnames = structure(list(
        c("-2", "-1", "0", "1", NA), c("-", "A", "G", NA)), .Names = c("", 
    "")), class = "table"), All.Tags = list(Concordant = list(
        Freqs = structure(c(0, 0, 0, 0, 0, 1, 570, 0, 0, 2, 635, 
        0), .Dim = 4:3, .Dimnames = list(c("-2", "-1", "0", "1"
        ), c("-", "A", "G"))), N = 1208), Majority = list(Freqs = structure(c(0, 
    0, 0, 0, 0, 1, 660, 0, 0, 2, 738, 0), .Dim = 4:3, .Dimnames = list(
        c("-2", "-1", "0", "1"), c("-", "A", "G"))), N = 1401)), 
    `2` = structure(c(0, 0, 0, 0, 0, 0, 483, 0, 0, 0, 529, 0), .Dim = 4:3, .Dimnames = list(
        c("-2", "-1", "0", "1"), c("-", "A", "G"))))))
