Results <-
list(`bwa.out//20220204//BlindCMMRD89_S48.sam` = list(LR44_SNP1 = list(
    All = list(Freqs = structure(c(0L, 0L, 0L, 1L, 0L, 0L, 0L, 
    2L, 9L, 163L, 2340L, 27L, 2L, 7L, 0L, 7L, 205L, 2394L, 36L, 
    0L, 10L, 0L, 1L, 8L, 95L, 4L, 0L, 0L), .Dim = c(7L, 4L), .Dimnames = structure(list(
        c("-3", "-2", "-1", "0", "1", "2", NA), c("A", "C", "T", 
        NA)), .Names = c("", "")), class = "table"), N = 5311L), 
    Tag.Distribution = structure(c(`1` = 165L, `2` = 84L, `3` = 90L, 
    `4` = 59L, `5` = 51L, `6` = 40L, `7` = 41L, `8` = 29L, `9` = 33L, 
    `10` = 20L, `11` = 14L, `12` = 20L, `13` = 16L, `14` = 8L, 
    `15` = 11L, `16` = 20L, `17` = 9L, `18` = 12L, `19` = 7L, 
    `20` = 6L, `21` = 7L, `22` = 6L, `23` = 2L, `24` = 5L, `25` = 4L, 
    `26` = 3L, `27` = 4L, `28` = 5L, `29` = 1L, `30` = 1L, `34` = 1L, 
    `35` = 1L), .Dim = 32L, .Dimnames = list(TagUsage = c("1", 
    "2", "3", "4", "5", "6", "7", "8", "9", "10", "11", "12", 
    "13", "14", "15", "16", "17", "18", "19", "20", "21", "22", 
    "23", "24", "25", "26", "27", "28", "29", "30", "34", "35"
    )), class = "table"), No.Tag = structure(c(0L, 0L, 0L, 0L, 
    0L, 0L, 0L, 0L, 0L, 6L, 64L, 2L, 0L, 0L, 0L, 0L, 5L, 57L, 
    0L, 0L, 0L, 0L, 1L, 0L, 6L, 0L, 0L, 0L), .Dim = c(7L, 4L), .Dimnames = structure(list(
        c("-3", "-2", "-1", "0", "1", "2", NA), c("A", "C", "T", 
        NA)), .Names = c("", "")), class = "table"), All.Tags = list(
        Concordant = list(Freqs = structure(c(0, 0, 0, 0, 0, 
        0, 0, 0, 1, 253, 1, 1, 0, 0, 6, 228, 2, 0), .Dim = c(6L, 
        3L), .Dimnames = list(c("-3", "-2", "-1", "0", "1", "2"
        ), c("A", "C", "T"))), N = 492), Majority = list(Freqs = structure(c(0, 
        0, 0, 0, 0, 0, 0, 0, 3, 366, 1, 1, 0, 0, 9, 361, 3, 0
        ), .Dim = c(6L, 3L), .Dimnames = list(c("-3", "-2", "-1", 
        "0", "1", "2"), c("A", "C", "T"))), N = 744)), `2` = structure(c(0, 
    0, 0, 0, 0, 0, 0, 0, 3, 294, 0, 0, 0, 0, 3, 285, 1, 0), .Dim = c(6L, 
    3L), .Dimnames = list(c("-3", "-2", "-1", "0", "1", "2"), 
        c("A", "C", "T"))))))
