Results <-
list(`bwa.out//20220204//BlindCMMRD70_S29.sam` = list(LR52_SNP1 = list(
    All = list(Freqs = structure(c(1L, 4L, 21L, 432L, 3166L, 
    16L, 54L, 0L, 0L, 0L, 0L, 1L, 0L, 0L, 0L, 0L, 0L, 27L, 1140L, 
    3L, 0L), .Dim = c(7L, 3L), .Dimnames = structure(list(c("-4", 
    "-3", "-2", "-1", "0", "1", NA), c("C", "T", NA)), .Names = c("", 
    "")), class = "table"), N = 4865L), Tag.Distribution = structure(c(`1` = 73L, 
    `2` = 35L, `3` = 30L, `4` = 22L, `5` = 26L, `6` = 25L, `7` = 21L, 
    `8` = 20L, `9` = 19L, `10` = 11L, `11` = 11L, `12` = 11L, 
    `13` = 10L, `14` = 8L, `15` = 11L, `16` = 13L, `17` = 9L, 
    `18` = 10L, `19` = 2L, `20` = 6L, `21` = 10L, `22` = 5L, 
    `23` = 5L, `24` = 1L, `25` = 8L, `26` = 4L, `27` = 7L, `28` = 1L, 
    `29` = 5L, `30` = 7L, `31` = 4L, `32` = 2L, `33` = 4L, `35` = 3L, 
    `36` = 3L, `37` = 1L, `38` = 4L, `39` = 1L, `44` = 1L, `45` = 1L, 
    `47` = 1L), .Dim = 41L, .Dimnames = list(TagUsage = c("1", 
    "2", "3", "4", "5", "6", "7", "8", "9", "10", "11", "12", 
    "13", "14", "15", "16", "17", "18", "19", "20", "21", "22", 
    "23", "24", "25", "26", "27", "28", "29", "30", "31", "32", 
    "33", "35", "36", "37", "38", "39", "44", "45", "47")), class = "table"), 
    No.Tag = structure(c(0L, 0L, 2L, 7L, 52L, 0L, 1L, 0L, 0L, 
    0L, 0L, 0L, 0L, 0L, 0L, 0L, 0L, 3L, 20L, 0L, 0L), .Dim = c(7L, 
    3L), .Dimnames = structure(list(c("-4", "-3", "-2", "-1", 
    "0", "1", NA), c("C", "T", NA)), .Names = c("", "")), class = "table"), 
    All.Tags = list(Concordant = list(Freqs = structure(c(0, 
    0, 0, 8, 218, 2, 0, 0, 0, 0, 1, 0), .Dim = c(6L, 2L), .Dimnames = list(
        c("-4", "-3", "-2", "-1", "0", "1"), c("C", "T"))), N = 229), 
        Majority = list(Freqs = structure(c(0, 0, 0, 12, 403, 
        2, 0, 0, 0, 0, 1, 0), .Dim = c(6L, 2L), .Dimnames = list(
            c("-4", "-3", "-2", "-1", "0", "1"), c("C", "T"))), 
            N = 418)), `2` = structure(c(0, 0, 0, 8, 357, 1, 
    0, 0, 0, 0, 0, 0), .Dim = c(6L, 2L), .Dimnames = list(c("-4", 
    "-3", "-2", "-1", "0", "1"), c("C", "T"))))))
