Results <-
list(`bwa.out//20220204//Control17_S10.sam` = list(LR11_SNP1 = list(
    All = list(Freqs = structure(c(0L, 0L, 1L, 0L, 0L, 1L, 36L, 
    2060L, 18L, 8L, 0L, 0L, 2L, 0L, 0L, 0L, 0L, 22L, 0L, 0L), .Dim = 5:4, .Dimnames = structure(list(
        c("-2", "-1", "0", "1", NA), c("A", "C", "T", NA)), .Names = c("", 
    "")), class = "table"), N = 2148L), Tag.Distribution = structure(c(`1` = 111L, 
    `2` = 49L, `3` = 48L, `4` = 22L, `5` = 29L, `6` = 17L, `7` = 27L, 
    `8` = 13L, `9` = 10L, `10` = 8L, `11` = 17L, `12` = 10L, 
    `13` = 6L, `14` = 5L, `15` = 3L, `16` = 7L, `17` = 1L, `18` = 2L, 
    `19` = 5L, `20` = 2L, `21` = 1L, `22` = 1L, `23` = 1L, `24` = 1L, 
    `27` = 1L, `31` = 1L), .Dim = 26L, .Dimnames = list(TagUsage = c("1", 
    "2", "3", "4", "5", "6", "7", "8", "9", "10", "11", "12", 
    "13", "14", "15", "16", "17", "18", "19", "20", "21", "22", 
    "23", "24", "27", "31")), class = "table"), No.Tag = structure(c(0L, 
    0L, 0L, 0L, 0L, 0L, 1L, 46L, 0L, 1L, 0L, 0L, 0L, 0L, 0L, 
    0L, 0L, 1L, 0L, 0L), .Dim = 5:4, .Dimnames = structure(list(
        c("-2", "-1", "0", "1", NA), c("A", "C", "T", NA)), .Names = c("", 
    "")), class = "table"), All.Tags = list(Concordant = list(
        Freqs = structure(c(0, 0, 1, 0, 0, 7, 352, 0, 0, 0, 0, 
        0), .Dim = 4:3, .Dimnames = list(c("-2", "-1", "0", "1"
        ), c("A", "C", "T"))), N = 360), Majority = list(Freqs = structure(c(0, 
    0, 1, 0, 0, 7, 384, 1, 0, 0, 0, 0), .Dim = 4:3, .Dimnames = list(
        c("-2", "-1", "0", "1"), c("A", "C", "T"))), N = 393)), 
    `2` = structure(c(0, 0, 0, 0, 0, 0, 285, 1, 0, 0, 0, 0), .Dim = 4:3, .Dimnames = list(
        c("-2", "-1", "0", "1"), c("A", "C", "T"))))))
