Results <-
list(`bwa.out//20220204//Control26_S19.sam` = list(LR40_SNP1 = list(
    All = list(Freqs = structure(c(0L, 1L, 0L, 0L, 38L, 3450L, 
    9L, 7L, 0L, 13L, 0L, 0L), .Dim = 4:3, .Dimnames = structure(list(
        c("-1", "0", "1", NA), c("A", "C", NA)), .Names = c("", 
    "")), class = "table"), N = 3518L), Tag.Distribution = structure(c(`1` = 103L, 
    `2` = 69L, `3` = 54L, `4` = 29L, `5` = 41L, `6` = 31L, `7` = 27L, 
    `8` = 26L, `9` = 23L, `10` = 21L, `11` = 17L, `12` = 13L, 
    `13` = 6L, `14` = 6L, `15` = 6L, `16` = 11L, `17` = 6L, `18` = 2L, 
    `20` = 7L, `21` = 3L, `22` = 5L, `23` = 3L, `24` = 1L, `25` = 4L, 
    `26` = 2L, `27` = 1L, `28` = 1L, `29` = 1L, `31` = 1L, `43` = 1L
    ), .Dim = 30L, .Dimnames = list(TagUsage = c("1", "2", "3", 
    "4", "5", "6", "7", "8", "9", "10", "11", "12", "13", "14", 
    "15", "16", "17", "18", "20", "21", "22", "23", "24", "25", 
    "26", "27", "28", "29", "31", "43")), class = "table"), No.Tag = structure(c(0L, 
    1L, 0L, 0L, 1L, 165L, 0L, 1L, 0L, 1L, 0L, 0L), .Dim = 4:3, .Dimnames = structure(list(
        c("-1", "0", "1", NA), c("A", "C", NA)), .Names = c("", 
    "")), class = "table"), All.Tags = list(Concordant = list(
        Freqs = structure(c(0, 0, 0, 3, 484, 1), .Dim = 3:2, .Dimnames = list(
            c("-1", "0", "1"), c("A", "C"))), N = 488), Majority = list(
        Freqs = structure(c(0, 0, 0, 3, 514, 1), .Dim = 3:2, .Dimnames = list(
            c("-1", "0", "1"), c("A", "C"))), N = 518)), `2` = structure(c(0, 
    0, 0, 1, 415, 0), .Dim = 3:2, .Dimnames = list(c("-1", "0", 
    "1"), c("A", "C"))))))
