Results <-
list(`bwa.out//20220204//BlindCMMRD90_S49.sam` = list(IM49_SNP1 = list(
    All = list(Freqs = structure(c(0L, 0L, 0L, 8L, 0L, 0L, 0L, 
    1L, 1L, 106L, 3098L, 56L, 1L, 17L, 0L, 0L, 2L, 278L, 6L, 
    1L, 0L), .Dim = c(7L, 3L), .Dimnames = structure(list(c("-3", 
    "-2", "-1", "0", "1", "2", NA), c("C", "G", NA)), .Names = c("", 
    "")), class = "table"), N = 3575L), Tag.Distribution = structure(c(`1` = 227L, 
    `2` = 87L, `3` = 64L, `4` = 55L, `5` = 50L, `6` = 40L, `7` = 36L, 
    `8` = 26L, `9` = 23L, `10` = 14L, `11` = 19L, `12` = 15L, 
    `13` = 7L, `14` = 4L, `15` = 8L, `16` = 8L, `17` = 1L, `18` = 6L, 
    `19` = 4L, `20` = 3L, `21` = 6L, `22` = 2L, `23` = 2L, `25` = 1L, 
    `26` = 1L, `28` = 2L, `29` = 1L), .Dim = 27L, .Dimnames = list(
        TagUsage = c("1", "2", "3", "4", "5", "6", "7", "8", 
        "9", "10", "11", "12", "13", "14", "15", "16", "17", 
        "18", "19", "20", "21", "22", "23", "25", "26", "28", 
        "29")), class = "table"), No.Tag = structure(c(0L, 0L, 
    0L, 1L, 0L, 0L, 0L, 0L, 0L, 2L, 58L, 0L, 0L, 1L, 0L, 0L, 
    0L, 6L, 0L, 0L, 0L), .Dim = c(7L, 3L), .Dimnames = structure(list(
        c("-3", "-2", "-1", "0", "1", "2", NA), c("C", "G", NA
        )), .Names = c("", "")), class = "table"), All.Tags = list(
        Concordant = list(Freqs = structure(c(0, 0, 0, 6, 0, 
        0, 0, 0, 6, 512, 1, 0), .Dim = c(6L, 2L), .Dimnames = list(
            c("-3", "-2", "-1", "0", "1", "2"), c("C", "G"))), 
            N = 525), Majority = list(Freqs = structure(c(0, 
        0, 0, 6, 0, 0, 0, 0, 7, 625, 1, 0), .Dim = c(6L, 2L), .Dimnames = list(
            c("-3", "-2", "-1", "0", "1", "2"), c("C", "G"))), 
            N = 639)), `2` = structure(c(0, 0, 0, 0, 0, 0, 0, 
    0, 2, 474, 1, 0), .Dim = c(6L, 2L), .Dimnames = list(c("-3", 
    "-2", "-1", "0", "1", "2"), c("C", "G"))))))
