Results <-
list(`bwa.out//20220204//Control26_S19.sam` = list(LR52_SNP1 = list(
    All = list(Freqs = structure(c(1L, 24L, 403L, 2577L, 28L, 
    11L, 0L, 0L, 1L, 70L, 0L, 0L), .Dim = c(6L, 2L), .Dimnames = structure(list(
        c("-4", "-2", "-1", "0", "1", NA), c("C", NA)), .Names = c("", 
    "")), class = "table"), N = 3115L), Tag.Distribution = structure(c(`1` = 76L, 
    `2` = 33L, `3` = 35L, `4` = 32L, `5` = 25L, `6` = 18L, `7` = 27L, 
    `8` = 22L, `9` = 13L, `10` = 13L, `11` = 13L, `12` = 11L, 
    `13` = 11L, `14` = 7L, `15` = 10L, `16` = 6L, `17` = 2L, 
    `18` = 3L, `19` = 7L, `20` = 7L, `21` = 7L, `22` = 4L, `23` = 6L, 
    `24` = 2L, `25` = 1L, `26` = 3L, `27` = 1L, `29` = 2L, `31` = 1L, 
    `35` = 1L, `47` = 1L), .Dim = 31L, .Dimnames = list(TagUsage = c("1", 
    "2", "3", "4", "5", "6", "7", "8", "9", "10", "11", "12", 
    "13", "14", "15", "16", "17", "18", "19", "20", "21", "22", 
    "23", "24", "25", "26", "27", "29", "31", "35", "47")), class = "table"), 
    No.Tag = structure(c(0L, 0L, 6L, 43L, 0L, 0L, 0L, 0L, 0L, 
    1L, 0L, 0L), .Dim = c(6L, 2L), .Dimnames = structure(list(
        c("-4", "-2", "-1", "0", "1", NA), c("C", NA)), .Names = c("", 
    "")), class = "table"), All.Tags = list(Concordant = list(
        Freqs = structure(c(0, 0, 13, 216, 1), .Dim = c(5L, 1L
        ), .Dimnames = list(c("-4", "-2", "-1", "0", "1"), "C")), 
        N = 230), Majority = list(Freqs = structure(c(0, 1, 24, 
    360, 1), .Dim = c(5L, 1L), .Dimnames = list(c("-4", "-2", 
    "-1", "0", "1"), "C")), N = 386)), `2` = structure(c(0, 1, 
    13, 300, 0), .Dim = c(5L, 1L), .Dimnames = list(c("-4", "-2", 
    "-1", "0", "1"), "C")))))
