Results <-
list(`bwa.out//20220204//BlindCMMRD63_S22.sam` = list(GM07_SNP1 = list(
    All = list(Freqs = structure(c(0L, 0L, 1L, 0L, 0L, 0L, 0L, 
    2L, 76L, 1713L, 29L, 1L, 1L, 11L, 1L, 84L, 1383L, 27L, 0L, 
    0L, 14L, 0L, 0L, 45L, 0L, 0L, 0L, 0L), .Dim = c(7L, 4L), .Dimnames = structure(list(
        c("-2", "-1", "0", "1", "2", "3", NA), c("-", "A", "G", 
        NA)), .Names = c("", "")), class = "table"), N = 3388L), 
    Tag.Distribution = structure(c(`1` = 106L, `2` = 53L, `3` = 49L, 
    `4` = 24L, `5` = 41L, `6` = 28L, `7` = 34L, `8` = 19L, `9` = 23L, 
    `10` = 13L, `11` = 12L, `12` = 4L, `13` = 11L, `14` = 10L, 
    `15` = 4L, `16` = 9L, `17` = 6L, `18` = 7L, `19` = 5L, `20` = 5L, 
    `21` = 6L, `22` = 5L, `23` = 4L, `24` = 1L, `26` = 2L, `27` = 1L, 
    `28` = 1L, `31` = 1L, `33` = 1L, `35` = 1L), .Dim = 30L, .Dimnames = list(
        TagUsage = c("1", "2", "3", "4", "5", "6", "7", "8", 
        "9", "10", "11", "12", "13", "14", "15", "16", "17", 
        "18", "19", "20", "21", "22", "23", "24", "26", "27", 
        "28", "31", "33", "35")), class = "table"), No.Tag = structure(c(0L, 
    0L, 0L, 0L, 0L, 0L, 0L, 0L, 2L, 100L, 1L, 0L, 0L, 4L, 0L, 
    3L, 62L, 3L, 0L, 0L, 3L, 0L, 0L, 7L, 0L, 0L, 0L, 0L), .Dim = c(7L, 
    4L), .Dimnames = structure(list(c("-2", "-1", "0", "1", "2", 
    "3", NA), c("-", "A", "G", NA)), .Names = c("", "")), class = "table"), 
    All.Tags = list(Concordant = list(Freqs = structure(c(0, 
    0, 0, 0, 0, 0, 1, 2, 173, 1, 0, 0, 0, 7, 149, 0, 0, 0), .Dim = c(6L, 
    3L), .Dimnames = list(c("-2", "-1", "0", "1", "2", "3"), 
        c("-", "A", "G"))), N = 333), Majority = list(Freqs = structure(c(0, 
    0, 0, 0, 0, 0, 1, 2, 249, 2, 0, 0, 0, 9, 212, 0, 0, 0), .Dim = c(6L, 
    3L), .Dimnames = list(c("-2", "-1", "0", "1", "2", "3"), 
        c("-", "A", "G"))), N = 475)), `2` = structure(c(0, 0, 
    0, 0, 0, 0, 0, 1, 196, 1, 0, 0, 0, 3, 173, 0, 0, 0), .Dim = c(6L, 
    3L), .Dimnames = list(c("-2", "-1", "0", "1", "2", "3"), 
        c("-", "A", "G"))))))
