Results <-
list(`bwa.out//20220204//Control16_S9.sam` = list(LR24_SNP1 = list(
    All = list(Freqs = structure(c(1L, 1363L, 6L, 0L, 15L, 0L, 
    1L, 1631L, 9L, 0L, 0L, 6L, 11L, 0L, 0L), .Dim = c(5L, 3L), .Dimnames = structure(list(
        c("-2", "-1", "0", "1", NA), c("A", "G", NA)), .Names = c("", 
    "")), class = "table"), N = 3043L), Tag.Distribution = structure(c(`1` = 187L, 
    `2` = 84L, `3` = 91L, `4` = 79L, `5` = 49L, `6` = 40L, `7` = 26L, 
    `8` = 23L, `9` = 18L, `10` = 11L, `11` = 7L, `12` = 10L, 
    `13` = 11L, `14` = 4L, `15` = 2L, `16` = 3L, `17` = 2L, `18` = 2L, 
    `19` = 3L, `21` = 1L, `22` = 3L, `24` = 1L, `26` = 1L, `29` = 1L, 
    `30` = 1L, `37` = 1L), .Dim = 26L, .Dimnames = list(TagUsage = c("1", 
    "2", "3", "4", "5", "6", "7", "8", "9", "10", "11", "12", 
    "13", "14", "15", "16", "17", "18", "19", "21", "22", "24", 
    "26", "29", "30", "37")), class = "table"), No.Tag = structure(c(0L, 
    75L, 3L, 0L, 4L, 0L, 0L, 55L, 0L, 0L, 0L, 2L, 3L, 0L, 0L), .Dim = c(5L, 
    3L), .Dimnames = structure(list(c("-2", "-1", "0", "1", NA
    ), c("A", "G", NA)), .Names = c("", "")), class = "table"), 
    All.Tags = list(Concordant = list(Freqs = structure(c(0, 
    283, 2, 0, 0, 0, 330, 1), .Dim = c(4L, 2L), .Dimnames = list(
        c("-2", "-1", "0", "1"), c("A", "G"))), N = 616), Majority = list(
        Freqs = structure(c(0, 296, 2, 0, 0, 0, 349, 1), .Dim = c(4L, 
        2L), .Dimnames = list(c("-2", "-1", "0", "1"), c("A", 
        "G"))), N = 648)), `2` = structure(c(0, 220, 0, 0, 0, 
    0, 248, 0), .Dim = c(4L, 2L), .Dimnames = list(c("-2", "-1", 
    "0", "1"), c("A", "G"))))))
