Results <-
list(`bwa.out//20220204//Control18_S11.sam` = list(LR10_SNP1 = list(
    All = list(Freqs = structure(c(0L, 1L, 0L, 0L, 0L, 2L, 0L, 
    0L, 36L, 2397L, 9L, 2L, 0L, 30L, 0L, 0L), .Dim = c(4L, 4L
    ), .Dimnames = structure(list(c("-1", "0", "1", NA), c("A", 
    "C", "T", NA)), .Names = c("", "")), class = "table"), N = 2477L), 
    Tag.Distribution = structure(c(`1` = 65L, `2` = 45L, `3` = 31L, 
    `4` = 34L, `5` = 25L, `6` = 20L, `7` = 19L, `8` = 19L, `9` = 11L, 
    `10` = 18L, `11` = 7L, `12` = 8L, `13` = 13L, `14` = 6L, 
    `15` = 3L, `16` = 3L, `17` = 6L, `18` = 5L, `19` = 2L, `20` = 2L, 
    `21` = 1L, `22` = 1L, `23` = 6L, `24` = 1L, `25` = 2L, `26` = 2L, 
    `28` = 1L, `29` = 2L, `30` = 1L), .Dim = 29L, .Dimnames = list(
        TagUsage = c("1", "2", "3", "4", "5", "6", "7", "8", 
        "9", "10", "11", "12", "13", "14", "15", "16", "17", 
        "18", "19", "20", "21", "22", "23", "24", "25", "26", 
        "28", "29", "30")), class = "table"), No.Tag = structure(c(0L, 
    0L, 0L, 0L, 0L, 1L, 0L, 0L, 0L, 63L, 0L, 1L, 0L, 7L, 0L, 
    0L), .Dim = c(4L, 4L), .Dimnames = structure(list(c("-1", 
    "0", "1", NA), c("A", "C", "T", NA)), .Names = c("", "")), class = "table"), 
    All.Tags = list(Concordant = list(Freqs = structure(c(0, 
    0, 0, 0, 0, 0, 0, 321, 1), .Dim = c(3L, 3L), .Dimnames = list(
        c("-1", "0", "1"), c("A", "C", "T"))), N = 322), Majority = list(
        Freqs = structure(c(0, 0, 0, 0, 0, 0, 0, 352, 2), .Dim = c(3L, 
        3L), .Dimnames = list(c("-1", "0", "1"), c("A", "C", 
        "T"))), N = 354)), `2` = structure(c(0, 0, 0, 0, 0, 0, 
    0, 291, 1), .Dim = c(3L, 3L), .Dimnames = list(c("-1", "0", 
    "1"), c("A", "C", "T"))))))
