Results <-
list(`bwa.out//20220204//BlindCMMRD57_S16.sam` = list(GM17_SNP1 = list(
    All = list(Freqs = structure(c(2L, 14L, 2204L, 4L, 0L, 30L, 
    2415L, 5L, 0L, 0L, 30L, 1L), .Dim = 4:3, .Dimnames = structure(list(
        c("-2", "-1", "0", "1"), c("C", "T", NA)), .Names = c("", 
    "")), class = "table"), N = 4705L), Tag.Distribution = structure(c(`1` = 113L, 
    `2` = 47L, `3` = 43L, `4` = 53L, `5` = 38L, `6` = 38L, `7` = 28L, 
    `8` = 26L, `9` = 25L, `10` = 16L, `11` = 21L, `12` = 12L, 
    `13` = 12L, `14` = 12L, `15` = 13L, `16` = 8L, `17` = 7L, 
    `18` = 10L, `19` = 6L, `20` = 8L, `21` = 8L, `22` = 4L, `23` = 11L, 
    `24` = 3L, `25` = 5L, `26` = 2L, `27` = 3L, `28` = 4L, `30` = 2L, 
    `31` = 2L, `35` = 2L, `36` = 1L, `44` = 1L), .Dim = 33L, .Dimnames = list(
        TagUsage = c("1", "2", "3", "4", "5", "6", "7", "8", 
        "9", "10", "11", "12", "13", "14", "15", "16", "17", 
        "18", "19", "20", "21", "22", "23", "24", "25", "26", 
        "27", "28", "30", "31", "35", "36", "44")), class = "table"), 
    No.Tag = structure(c(0L, 0L, 46L, 0L, 0L, 0L, 1L, 81L, 0L, 
    0L, 0L, 0L, 4L, 0L, 0L), .Dim = c(5L, 3L), .Dimnames = structure(list(
        c("-2", "-1", "0", "1", NA), c("C", "T", NA)), .Names = c("", 
    "")), class = "table"), All.Tags = list(Concordant = list(
        Freqs = structure(c(0, 1, 257, 0, 0, 1, 257, 0), .Dim = c(4L, 
        2L), .Dimnames = list(c("-2", "-1", "0", "1"), c("C", 
        "T"))), N = 516), Majority = list(Freqs = structure(c(0, 
    1, 283, 0, 0, 1, 290, 0), .Dim = c(4L, 2L), .Dimnames = list(
        c("-2", "-1", "0", "1"), c("C", "T"))), N = 575)), `2` = structure(c(0, 
    0, 233, 0, 0, 1, 232, 0), .Dim = c(4L, 2L), .Dimnames = list(
        c("-2", "-1", "0", "1"), c("C", "T"))))))
