Results <-
list(`bwa.out//20220204//Control25_S18.sam` = list(GM09_SNP1 = list(
    All = list(Freqs = structure(c(0L, 2L, 0L, 0L, 9L, 2220L, 
    2L, 1L, 0L, 6L, 0L, 0L), .Dim = 4:3, .Dimnames = structure(list(
        c("-1", "0", "1", NA), c("A", "G", NA)), .Names = c("", 
    "")), class = "table"), N = 2240L), Tag.Distribution = structure(c(`1` = 63L, 
    `2` = 27L, `3` = 28L, `4` = 17L, `5` = 14L, `6` = 21L, `7` = 14L, 
    `8` = 13L, `9` = 9L, `10` = 14L, `11` = 8L, `12` = 8L, `13` = 7L, 
    `14` = 6L, `15` = 3L, `16` = 10L, `17` = 3L, `18` = 4L, `19` = 4L, 
    `20` = 6L, `21` = 4L, `22` = 2L, `24` = 1L, `25` = 1L, `26` = 4L, 
    `27` = 1L, `28` = 2L, `30` = 1L, `31` = 1L), .Dim = 29L, .Dimnames = list(
        TagUsage = c("1", "2", "3", "4", "5", "6", "7", "8", 
        "9", "10", "11", "12", "13", "14", "15", "16", "17", 
        "18", "19", "20", "21", "22", "24", "25", "26", "27", 
        "28", "30", "31")), class = "table"), No.Tag = structure(c(0L, 
    0L, 0L, 0L, 0L, 44L, 0L, 0L, 0L, 0L, 0L, 0L), .Dim = 4:3, .Dimnames = structure(list(
        c("-1", "0", "1", NA), c("A", "G", NA)), .Names = c("", 
    "")), class = "table"), All.Tags = list(Concordant = list(
        Freqs = structure(c(0, 1, 0, 0, 281, 0), .Dim = 3:2, .Dimnames = list(
            c("-1", "0", "1"), c("A", "G"))), N = 282), Majority = list(
        Freqs = structure(c(0, 1, 0, 0, 292, 0), .Dim = 3:2, .Dimnames = list(
            c("-1", "0", "1"), c("A", "G"))), N = 293)), `2` = structure(c(0, 
    0, 0, 0, 232, 0), .Dim = 3:2, .Dimnames = list(c("-1", "0", 
    "1"), c("A", "G"))))))
