Results <-
list(`bwa.out//20220204//BlindCMMRD65_S24.sam` = list(GM11_SNP1 = list(
    All = list(Freqs = structure(c(1L, 9L, 2627L, 6L, 0L, 1L, 
    35L, 2713L, 50L, 4L, 0L, 0L, 27L, 1L, 0L), .Dim = c(5L, 3L
    ), .Dimnames = structure(list(c("-2", "-1", "0", "1", NA), 
        c("A", "G", NA)), .Names = c("", "")), class = "table"), 
        N = 5474L), Tag.Distribution = structure(c(`1` = 120L, 
    `2` = 83L, `3` = 72L, `4` = 47L, `5` = 56L, `6` = 53L, `7` = 35L, 
    `8` = 37L, `9` = 28L, `10` = 28L, `11` = 23L, `12` = 18L, 
    `13` = 12L, `14` = 26L, `15` = 16L, `16` = 12L, `17` = 12L, 
    `18` = 8L, `19` = 5L, `20` = 12L, `21` = 9L, `22` = 7L, `23` = 5L, 
    `24` = 5L, `25` = 6L, `26` = 3L, `28` = 1L, `29` = 1L, `31` = 1L
    ), .Dim = 29L, .Dimnames = list(TagUsage = c("1", "2", "3", 
    "4", "5", "6", "7", "8", "9", "10", "11", "12", "13", "14", 
    "15", "16", "17", "18", "19", "20", "21", "22", "23", "24", 
    "25", "26", "28", "29", "31")), class = "table"), No.Tag = structure(c(0L, 
    0L, 43L, 0L, 0L, 0L, 0L, 67L, 0L, 2L, 0L, 0L, 3L, 0L, 0L), .Dim = c(5L, 
    3L), .Dimnames = structure(list(c("-2", "-1", "0", "1", NA
    ), c("A", "G", NA)), .Names = c("", "")), class = "table"), 
    All.Tags = list(Concordant = list(Freqs = structure(c(0, 
    0, 339, 0, 0, 3, 300, 2), .Dim = c(4L, 2L), .Dimnames = list(
        c("-2", "-1", "0", "1"), c("A", "G"))), N = 644), Majority = list(
        Freqs = structure(c(0, 0, 371, 0, 0, 3, 353, 3), .Dim = c(4L, 
        2L), .Dimnames = list(c("-2", "-1", "0", "1"), c("A", 
        "G"))), N = 730)), `2` = structure(c(0, 0, 307, 0, 0, 
    2, 303, 3), .Dim = c(4L, 2L), .Dimnames = list(c("-2", "-1", 
    "0", "1"), c("A", "G"))))))
