Results <-
list(`bwa.out//20220204//BlindCMMRD70_S29.sam` = list(LR10_SNP1 = list(
    All = list(Freqs = structure(c(0L, 0L, 1L, 0L, 0L, 0L, 0L, 
    1L, 0L, 0L, 1L, 53L, 3928L, 26L, 8L, 0L, 0L, 1L, 0L, 0L, 
    0L, 1L, 13L, 0L, 0L, 0L, 0L, 35L, 0L, 0L), .Dim = 5:6, .Dimnames = structure(list(
        c("-2", "-1", "0", "1", NA), c("-", "A", "C", "G", "T", 
        NA)), .Names = c("", "")), class = "table"), N = 4068L), 
    Tag.Distribution = structure(c(`1` = 92L, `2` = 34L, `3` = 34L, 
    `4` = 25L, `5` = 24L, `6` = 26L, `7` = 21L, `8` = 19L, `9` = 15L, 
    `10` = 18L, `11` = 13L, `12` = 7L, `13` = 17L, `14` = 7L, 
    `15` = 4L, `16` = 9L, `17` = 11L, `18` = 8L, `19` = 3L, `20` = 5L, 
    `21` = 5L, `22` = 4L, `23` = 4L, `24` = 3L, `25` = 3L, `26` = 4L, 
    `27` = 3L, `28` = 2L, `29` = 1L, `30` = 3L, `31` = 1L, `32` = 1L, 
    `33` = 4L, `34` = 1L, `35` = 2L, `37` = 3L, `38` = 2L, `41` = 2L, 
    `44` = 1L, `49` = 1L, `52` = 1L), .Dim = 41L, .Dimnames = list(
        TagUsage = c("1", "2", "3", "4", "5", "6", "7", "8", 
        "9", "10", "11", "12", "13", "14", "15", "16", "17", 
        "18", "19", "20", "21", "22", "23", "24", "25", "26", 
        "27", "28", "29", "30", "31", "32", "33", "34", "35", 
        "37", "38", "41", "44", "49", "52")), class = "table"), 
    No.Tag = structure(c(0L, 0L, 0L, 0L, 0L, 0L, 0L, 0L, 0L, 
    0L, 0L, 3L, 64L, 1L, 1L, 0L, 0L, 0L, 0L, 0L, 0L, 0L, 2L, 
    0L, 0L, 0L, 0L, 2L, 0L, 0L), .Dim = 5:6, .Dimnames = structure(list(
        c("-2", "-1", "0", "1", NA), c("-", "A", "C", "G", "T", 
        NA)), .Names = c("", "")), class = "table"), All.Tags = list(
        Concordant = list(Freqs = structure(c(0, 0, 0, 0, 0, 
        0, 0, 0, 0, 2, 364, 3, 0, 0, 0, 0, 0, 1, 6, 0), .Dim = 4:5, .Dimnames = list(
            c("-2", "-1", "0", "1"), c("-", "A", "C", "G", "T"
            ))), N = 376), Majority = list(Freqs = structure(c(0, 
        0, 0, 0, 0, 0, 0, 0, 0, 2, 424, 3, 0, 0, 0, 0, 0, 1, 
        6, 0), .Dim = 4:5, .Dimnames = list(c("-2", "-1", "0", 
        "1"), c("-", "A", "C", "G", "T"))), N = 436)), `2` = structure(c(0, 
    0, 0, 0, 0, 0, 0, 0, 0, 0, 349, 1, 0, 0, 0, 0, 0, 0, 0, 0
    ), .Dim = 4:5, .Dimnames = list(c("-2", "-1", "0", "1"), 
        c("-", "A", "C", "G", "T"))))))
