Results <-
list(`bwa.out//20220204//BlindCMMRD63_S22.sam` = list(GM26_SNP1 = list(
    All = list(Freqs = structure(c(1L, 32L, 3587L, 9L, 9L, 0L, 
    0L, 1L, 0L, 0L, 0L, 1L, 26L, 0L, 0L), .Dim = c(5L, 3L), .Dimnames = structure(list(
        c("-2", "-1", "0", "1", NA), c("A", "G", NA)), .Names = c("", 
    "")), class = "table"), N = 3666L), Tag.Distribution = structure(c(`1` = 89L, 
    `2` = 42L, `3` = 34L, `4` = 45L, `5` = 30L, `6` = 30L, `7` = 32L, 
    `8` = 29L, `9` = 14L, `10` = 15L, `11` = 15L, `12` = 12L, 
    `13` = 15L, `14` = 9L, `15` = 11L, `16` = 9L, `17` = 2L, 
    `18` = 7L, `19` = 11L, `20` = 9L, `21` = 4L, `22` = 4L, `23` = 1L, 
    `24` = 3L, `25` = 2L, `27` = 1L, `28` = 2L, `31` = 1L, `33` = 1L, 
    `36` = 1L, `38` = 1L), .Dim = 31L, .Dimnames = list(TagUsage = c("1", 
    "2", "3", "4", "5", "6", "7", "8", "9", "10", "11", "12", 
    "13", "14", "15", "16", "17", "18", "19", "20", "21", "22", 
    "23", "24", "25", "27", "28", "31", "33", "36", "38")), class = "table"), 
    No.Tag = structure(c(0L, 0L, 121L, 0L, 1L, 0L, 0L, 0L, 0L, 
    0L, 0L, 0L, 1L, 0L, 0L), .Dim = c(5L, 3L), .Dimnames = structure(list(
        c("-2", "-1", "0", "1", NA), c("A", "G", NA)), .Names = c("", 
    "")), class = "table"), All.Tags = list(Concordant = list(
        Freqs = structure(c(0, 0, 440, 0, 0, 0, 1, 0), .Dim = c(4L, 
        2L), .Dimnames = list(c("-2", "-1", "0", "1"), c("A", 
        "G"))), N = 441), Majority = list(Freqs = structure(c(0, 
    0, 477, 0, 0, 0, 1, 0), .Dim = c(4L, 2L), .Dimnames = list(
        c("-2", "-1", "0", "1"), c("A", "G"))), N = 478)), `2` = structure(c(0, 
    0, 392, 0, 0, 0, 0, 0), .Dim = c(4L, 2L), .Dimnames = list(
        c("-2", "-1", "0", "1"), c("A", "G"))))))
