Results <-
list(`bwa.out//20220204//BlindCMMRD80_S39.sam` = list(LR24_SNP1 = list(
    All = list(Freqs = structure(c(13L, 2251L, 7L, 1L, 0L, 1L, 
    0L, 0L, 10L, 2219L, 6L, 1L, 0L, 21L, 1L, 0L), .Dim = c(4L, 
    4L), .Dimnames = structure(list(c("-1", "0", "1", NA), c("A", 
    "C", "G", NA)), .Names = c("", "")), class = "table"), N = 4531L), 
    Tag.Distribution = structure(c(`1` = 240L, `2` = 170L, `3` = 135L, 
    `4` = 108L, `5` = 70L, `6` = 81L, `7` = 48L, `8` = 39L, `9` = 23L, 
    `10` = 23L, `11` = 14L, `12` = 19L, `13` = 12L, `14` = 6L, 
    `15` = 8L, `16` = 3L, `17` = 4L, `18` = 4L, `19` = 3L, `20` = 2L, 
    `21` = 1L, `22` = 1L, `26` = 1L), .Dim = 23L, .Dimnames = list(
        TagUsage = c("1", "2", "3", "4", "5", "6", "7", "8", 
        "9", "10", "11", "12", "13", "14", "15", "16", "17", 
        "18", "19", "20", "21", "22", "26")), class = "table"), 
    No.Tag = structure(c(1L, 56L, 0L, 0L, 0L, 0L, 0L, 0L, 0L, 
    37L, 0L, 0L, 0L, 3L, 0L, 0L), .Dim = c(4L, 4L), .Dimnames = structure(list(
        c("-1", "0", "1", NA), c("A", "C", "G", NA)), .Names = c("", 
    "")), class = "table"), All.Tags = list(Concordant = list(
        Freqs = structure(c(1, 454, 1, 0, 0, 0, 0, 447, 0), .Dim = c(3L, 
        3L), .Dimnames = list(c("-1", "0", "1"), c("A", "C", 
        "G"))), N = 903), Majority = list(Freqs = structure(c(1, 
    493, 1, 0, 0, 0, 0, 495, 0), .Dim = c(3L, 3L), .Dimnames = list(
        c("-1", "0", "1"), c("A", "C", "G"))), N = 990)), `2` = structure(c(1, 
    375, 0, 0, 0, 0, 0, 377, 0), .Dim = c(3L, 3L), .Dimnames = list(
        c("-1", "0", "1"), c("A", "C", "G"))))))
