Results <-
list(`bwa.out//20220204//17D0989_S8.sam` = list(LR17_SNP1 = list(
    All = list(Freqs = structure(c(3L, 160L, 3423L, 45L, 1L, 
    25L, 0L, 0L, 1L, 0L, 0L, 0L, 0L, 4L, 253L, 4L, 0L, 0L), .Dim = c(6L, 
    3L), .Dimnames = structure(list(c("-2", "-1", "0", "1", "2", 
    NA), c("A", "C", NA)), .Names = c("", "")), class = "table"), 
        N = 3919L), Tag.Distribution = structure(c(`1` = 119L, 
    `2` = 58L, `3` = 55L, `4` = 29L, `5` = 28L, `6` = 18L, `7` = 20L, 
    `8` = 14L, `9` = 23L, `10` = 4L, `11` = 8L, `12` = 11L, `13` = 11L, 
    `14` = 15L, `15` = 10L, `16` = 8L, `17` = 5L, `18` = 6L, 
    `19` = 6L, `20` = 3L, `21` = 9L, `22` = 4L, `23` = 9L, `24` = 2L, 
    `26` = 3L, `27` = 1L, `28` = 2L, `29` = 2L, `30` = 2L, `32` = 2L, 
    `33` = 2L, `34` = 3L, `36` = 1L, `37` = 1L, `38` = 2L, `39` = 1L, 
    `43` = 1L, `45` = 1L, `50` = 1L), .Dim = 39L, .Dimnames = list(
        TagUsage = c("1", "2", "3", "4", "5", "6", "7", "8", 
        "9", "10", "11", "12", "13", "14", "15", "16", "17", 
        "18", "19", "20", "21", "22", "23", "24", "26", "27", 
        "28", "29", "30", "32", "33", "34", "36", "37", "38", 
        "39", "43", "45", "50")), class = "table"), No.Tag = structure(c(0L, 
    1L, 58L, 0L, 0L, 3L, 0L, 0L, 1L, 0L, 0L, 0L, 0L, 0L, 6L, 
    0L, 0L, 0L), .Dim = c(6L, 3L), .Dimnames = structure(list(
        c("-2", "-1", "0", "1", "2", NA), c("A", "C", NA)), .Names = c("", 
    "")), class = "table"), All.Tags = list(Concordant = list(
        Freqs = structure(c(0, 8, 358, 0, 0, 0, 0, 0, 0, 0), .Dim = c(5L, 
        2L), .Dimnames = list(c("-2", "-1", "0", "1", "2"), c("A", 
        "C"))), N = 366), Majority = list(Freqs = structure(c(0, 
    8, 472, 0, 0, 0, 0, 0, 0, 0), .Dim = c(5L, 2L), .Dimnames = list(
        c("-2", "-1", "0", "1", "2"), c("A", "C"))), N = 480)), 
    `2` = structure(c(0, 3, 368, 0, 0, 0, 0, 0, 0, 0), .Dim = c(5L, 
    2L), .Dimnames = list(c("-2", "-1", "0", "1", "2"), c("A", 
    "C"))))))
