Results <-
list(`bwa.out//20220204//Control18_S11.sam` = list(LR52_SNP1 = list(
    All = list(Freqs = structure(c(0L, 10L, 126L, 1033L, 13L, 
    0L, 4L, 2L, 4L, 109L, 1143L, 11L, 0L, 3L, 0L, 0L, 3L, 68L, 
    1L, 1L, 0L), .Dim = c(7L, 3L), .Dimnames = structure(list(
        c("-3", "-2", "-1", "0", "1", "2", NA), c("C", "T", NA
        )), .Names = c("", "")), class = "table"), N = 2531L), 
    Tag.Distribution = structure(c(`1` = 62L, `2` = 37L, `3` = 19L, 
    `4` = 22L, `5` = 23L, `6` = 11L, `7` = 17L, `8` = 19L, `9` = 16L, 
    `10` = 10L, `11` = 11L, `12` = 8L, `13` = 8L, `14` = 10L, 
    `15` = 7L, `16` = 5L, `17` = 4L, `18` = 7L, `19` = 8L, `20` = 3L, 
    `21` = 3L, `22` = 4L, `23` = 2L, `25` = 2L, `26` = 1L, `27` = 4L, 
    `28` = 1L, `32` = 1L), .Dim = 28L, .Dimnames = list(TagUsage = c("1", 
    "2", "3", "4", "5", "6", "7", "8", "9", "10", "11", "12", 
    "13", "14", "15", "16", "17", "18", "19", "20", "21", "22", 
    "23", "25", "26", "27", "28", "32")), class = "table"), No.Tag = structure(c(0L, 
    0L, 0L, 35L, 0L, 0L, 1L, 0L, 0L, 2L, 19L, 0L, 0L, 0L, 0L, 
    0L, 1L, 3L, 0L, 0L, 0L), .Dim = c(7L, 3L), .Dimnames = structure(list(
        c("-3", "-2", "-1", "0", "1", "2", NA), c("C", "T", NA
        )), .Names = c("", "")), class = "table"), All.Tags = list(
        Concordant = list(Freqs = structure(c(0, 0, 3, 88, 2, 
        0, 0, 0, 1, 78, 1, 0), .Dim = c(6L, 2L), .Dimnames = list(
            c("-3", "-2", "-1", "0", "1", "2"), c("C", "T"))), 
            N = 173), Majority = list(Freqs = structure(c(0, 
        0, 6, 151, 2, 0, 0, 0, 2, 147, 1, 0), .Dim = c(6L, 2L
        ), .Dimnames = list(c("-3", "-2", "-1", "0", "1", "2"
        ), c("C", "T"))), N = 309)), `2` = structure(c(0, 0, 
    4, 119, 0, 0, 0, 0, 1, 127, 0, 0), .Dim = c(6L, 2L), .Dimnames = list(
        c("-3", "-2", "-1", "0", "1", "2"), c("C", "T"))))))
