Results <-
list(`bwa.out//20220204//BlindCMMRD130_S56.sam` = list(LR48_SNP1 = list(
    All = list(Freqs = structure(c(0L, 0L, 0L, 1L, 0L, 0L, 0L, 
    0L, 2L, 49L, 1683L, 17L, 0L, 13L, 1L, 1L, 65L, 1679L, 26L, 
    1L, 6L, 0L, 0L, 0L, 35L, 1L, 0L, 0L), .Dim = c(7L, 4L), .Dimnames = structure(list(
        c("-3", "-2", "-1", "0", "1", "2", NA), c("A", "C", "T", 
        NA)), .Names = c("", "")), class = "table"), N = 3580L), 
    Tag.Distribution = structure(c(`1` = 83L, `2` = 57L, `3` = 56L, 
    `4` = 51L, `5` = 63L, `6` = 51L, `7` = 42L, `8` = 37L, `9` = 29L, 
    `10` = 28L, `11` = 13L, `12` = 18L, `13` = 10L, `14` = 8L, 
    `15` = 9L, `16` = 5L, `17` = 3L, `18` = 2L, `19` = 2L, `20` = 1L, 
    `21` = 1L, `24` = 2L, `27` = 1L, `31` = 3L, `33` = 1L), .Dim = 25L, .Dimnames = list(
        TagUsage = c("1", "2", "3", "4", "5", "6", "7", "8", 
        "9", "10", "11", "12", "13", "14", "15", "16", "17", 
        "18", "19", "20", "21", "24", "27", "31", "33")), class = "table"), 
    No.Tag = structure(c(0L, 0L, 0L, 0L, 0L, 0L, 0L, 0L, 0L, 
    3L, 47L, 0L, 0L, 1L, 0L, 0L, 0L, 23L, 0L, 0L, 0L, 0L, 0L, 
    0L, 2L, 0L, 0L, 0L), .Dim = c(7L, 4L), .Dimnames = structure(list(
        c("-3", "-2", "-1", "0", "1", "2", NA), c("A", "C", "T", 
        NA)), .Names = c("", "")), class = "table"), All.Tags = list(
        Concordant = list(Freqs = structure(c(0, 0, 0, 0, 0, 
        0, 0, 0, 2, 219, 1, 0, 0, 0, 2, 236, 2, 0), .Dim = c(6L, 
        3L), .Dimnames = list(c("-3", "-2", "-1", "0", "1", "2"
        ), c("A", "C", "T"))), N = 462), Majority = list(Freqs = structure(c(0, 
        0, 0, 0, 0, 0, 0, 0, 2, 267, 1, 0, 0, 0, 3, 290, 3, 0
        ), .Dim = c(6L, 3L), .Dimnames = list(c("-3", "-2", "-1", 
        "0", "1", "2"), c("A", "C", "T"))), N = 566)), `2` = structure(c(0, 
    0, 0, 0, 0, 0, 0, 0, 1, 233, 0, 0, 0, 0, 2, 250, 2, 0), .Dim = c(6L, 
    3L), .Dimnames = list(c("-3", "-2", "-1", "0", "1", "2"), 
        c("A", "C", "T"))))))
