Results <-
list(`bwa.out//20220204//BlindCMMRD74_S33.sam` = list(LR44_SNP1 = list(
    All = list(Freqs = structure(c(1L, 7L, 145L, 2461L, 27L, 
    2L, 6L, 0L, 9L, 178L, 2108L, 50L, 0L, 7L, 0L, 0L, 1L, 98L, 
    2L, 0L, 0L), .Dim = c(7L, 3L), .Dimnames = structure(list(
        c("-3", "-2", "-1", "0", "1", "2", NA), c("C", "T", NA
        )), .Names = c("", "")), class = "table"), N = 5102L), 
    Tag.Distribution = structure(c(`1` = 140L, `2` = 79L, `3` = 63L, 
    `4` = 55L, `5` = 42L, `6` = 29L, `7` = 40L, `8` = 35L, `9` = 29L, 
    `10` = 16L, `11` = 24L, `12` = 19L, `13` = 9L, `14` = 13L, 
    `15` = 13L, `16` = 10L, `17` = 15L, `18` = 12L, `19` = 9L, 
    `20` = 7L, `21` = 6L, `22` = 7L, `23` = 4L, `24` = 6L, `25` = 2L, 
    `26` = 3L, `27` = 2L, `28` = 2L, `29` = 1L, `30` = 2L, `31` = 1L, 
    `33` = 1L, `34` = 1L, `39` = 1L), .Dim = 34L, .Dimnames = list(
        TagUsage = c("1", "2", "3", "4", "5", "6", "7", "8", 
        "9", "10", "11", "12", "13", "14", "15", "16", "17", 
        "18", "19", "20", "21", "22", "23", "24", "25", "26", 
        "27", "28", "29", "30", "31", "33", "34", "39")), class = "table"), 
    No.Tag = structure(c(0L, 2L, 14L, 56L, 0L, 0L, 1L, 0L, 1L, 
    5L, 35L, 0L, 0L, 2L, 0L, 0L, 1L, 5L, 0L, 0L, 0L), .Dim = c(7L, 
    3L), .Dimnames = structure(list(c("-3", "-2", "-1", "0", 
    "1", "2", NA), c("C", "T", NA)), .Names = c("", "")), class = "table"), 
    All.Tags = list(Concordant = list(Freqs = structure(c(0, 
    0, 5, 221, 0, 0, 0, 1, 5, 221, 1, 0), .Dim = c(6L, 2L), .Dimnames = list(
        c("-3", "-2", "-1", "0", "1", "2"), c("C", "T"))), N = 454), 
        Majority = list(Freqs = structure(c(0, 0, 5, 336, 0, 
        0, 0, 1, 8, 325, 3, 0), .Dim = c(6L, 2L), .Dimnames = list(
            c("-3", "-2", "-1", "0", "1", "2"), c("C", "T"))), 
            N = 678)), `2` = structure(c(0, 0, 0, 277, 0, 0, 
    0, 0, 6, 261, 2, 0), .Dim = c(6L, 2L), .Dimnames = list(c("-3", 
    "-2", "-1", "0", "1", "2"), c("C", "T"))))))
