Results <-
list(`bwa.out//20220204//Control14_S7.sam` = list(LR11_SNP1 = list(
    All = list(Freqs = structure(c(1L, 39L, 2472L, 31L, 3L, 8L, 
    0L, 0L, 1L, 0L, 0L, 0L, 0L, 0L, 1L, 0L, 0L, 0L, 0L, 1L, 15L, 
    0L, 0L, 0L), .Dim = c(6L, 4L), .Dimnames = structure(list(
        c("-2", "-1", "0", "1", "2", NA), c("A", "C", "G", NA
        )), .Names = c("", "")), class = "table"), N = 2572L), 
    Tag.Distribution = structure(c(`1` = 84L, `2` = 43L, `3` = 33L, 
    `4` = 27L, `5` = 22L, `6` = 22L, `7` = 24L, `8` = 12L, `9` = 21L, 
    `10` = 10L, `11` = 15L, `12` = 12L, `13` = 7L, `14` = 3L, 
    `15` = 9L, `16` = 5L, `17` = 3L, `18` = 3L, `19` = 6L, `20` = 3L, 
    `22` = 1L, `23` = 7L, `24` = 2L, `25` = 1L, `26` = 1L, `29` = 1L, 
    `34` = 1L, `35` = 2L), .Dim = 28L, .Dimnames = list(TagUsage = c("1", 
    "2", "3", "4", "5", "6", "7", "8", "9", "10", "11", "12", 
    "13", "14", "15", "16", "17", "18", "19", "20", "22", "23", 
    "24", "25", "26", "29", "34", "35")), class = "table"), No.Tag = structure(c(0L, 
    0L, 44L, 1L, 0L, 0L, 0L, 0L, 0L, 0L, 0L, 0L, 0L, 0L, 0L, 
    0L, 0L, 0L, 0L, 1L, 3L, 0L, 0L, 0L), .Dim = c(6L, 4L), .Dimnames = structure(list(
        c("-2", "-1", "0", "1", "2", NA), c("A", "C", "G", NA
        )), .Names = c("", "")), class = "table"), All.Tags = list(
        Concordant = list(Freqs = structure(c(0, 1, 336, 0, 0, 
        0, 0, 1, 0, 0, 0, 0, 0, 0, 0), .Dim = c(5L, 3L), .Dimnames = list(
            c("-2", "-1", "0", "1", "2"), c("A", "C", "G"))), 
            N = 338), Majority = list(Freqs = structure(c(0, 
        1, 373, 1, 0, 0, 0, 1, 0, 0, 0, 0, 0, 0, 0), .Dim = c(5L, 
        3L), .Dimnames = list(c("-2", "-1", "0", "1", "2"), c("A", 
        "C", "G"))), N = 376)), `2` = structure(c(0, 0, 292, 
    1, 0, 0, 0, 0, 0, 0, 0, 0, 0, 0, 0), .Dim = c(5L, 3L), .Dimnames = list(
        c("-2", "-1", "0", "1", "2"), c("A", "C", "G"))))))
