Results <-
list(`bwa.out//20220204//BlindCMMRD122_S48.sam` = list(GM22_SNP1 = list(
    All = list(Freqs = structure(c(2L, 84L, 6371L, 21L, 1L, 16L, 
    0L, 0L, 63L, 0L, 0L, 0L), .Dim = c(6L, 2L), .Dimnames = structure(list(
        c("-2", "-1", "0", "1", "2", NA), c("A", NA)), .Names = c("", 
    "")), class = "table"), N = 6558L), Tag.Distribution = structure(c(`1` = 221L, 
    `2` = 147L, `3` = 121L, `4` = 112L, `5` = 99L, `6` = 62L, 
    `7` = 58L, `8` = 57L, `9` = 33L, `10` = 30L, `11` = 29L, 
    `12` = 30L, `13` = 18L, `14` = 13L, `15` = 18L, `16` = 8L, 
    `17` = 14L, `18` = 10L, `19` = 7L, `20` = 5L, `21` = 7L, 
    `22` = 5L, `23` = 3L, `24` = 3L, `25` = 5L, `26` = 1L, `28` = 1L, 
    `30` = 1L, `40` = 1L), .Dim = 29L, .Dimnames = list(TagUsage = c("1", 
    "2", "3", "4", "5", "6", "7", "8", "9", "10", "11", "12", 
    "13", "14", "15", "16", "17", "18", "19", "20", "21", "22", 
    "23", "24", "25", "26", "28", "30", "40")), class = "table"), 
    No.Tag = structure(c(0L, 0L, 113L, 0L, 0L, 0L, 0L, 0L, 2L, 
    0L, 0L, 0L), .Dim = c(6L, 2L), .Dimnames = structure(list(
        c("-2", "-1", "0", "1", "2", NA), c("A", NA)), .Names = c("", 
    "")), class = "table"), All.Tags = list(Concordant = list(
        Freqs = structure(c(0, 4, 1017, 0, 0), .Dim = c(5L, 1L
        ), .Dimnames = list(c("-2", "-1", "0", "1", "2"), "A")), 
        N = 1021), Majority = list(Freqs = structure(c(0, 5, 
    1103, 0, 0), .Dim = c(5L, 1L), .Dimnames = list(c("-2", "-1", 
    "0", "1", "2"), "A")), N = 1108)), `2` = structure(c(0, 1, 
    891, 0, 0), .Dim = c(5L, 1L), .Dimnames = list(c("-2", "-1", 
    "0", "1", "2"), "A")))))
