Results <-
list(`bwa.out//20220204//BlindCMMRD45_S5.sam` = list(DEPDC2_SNP1 = list(
    All = list(Freqs = structure(c(27L, 2266L, 17L, 8L, 23L, 
    2960L, 12L, 6L, 1L, 60L, 0L, 0L), .Dim = 4:3, .Dimnames = structure(list(
        c("-1", "0", "1", NA), c("C", "T", NA)), .Names = c("", 
    "")), class = "table"), N = 5380L), Tag.Distribution = structure(c(`1` = 131L, 
    `2` = 43L, `3` = 21L, `4` = 30L, `5` = 30L, `6` = 16L, `7` = 27L, 
    `8` = 16L, `9` = 17L, `10` = 14L, `11` = 16L, `12` = 11L, 
    `13` = 19L, `14` = 11L, `15` = 8L, `16` = 11L, `17` = 8L, 
    `18` = 6L, `19` = 8L, `20` = 6L, `21` = 3L, `22` = 7L, `23` = 6L, 
    `24` = 3L, `25` = 6L, `26` = 4L, `27` = 4L, `28` = 4L, `29` = 4L, 
    `30` = 3L, `31` = 2L, `32` = 1L, `33` = 2L, `34` = 3L, `35` = 5L, 
    `36` = 2L, `38` = 4L, `40` = 2L, `41` = 3L, `43` = 2L, `44` = 1L, 
    `45` = 1L, `46` = 1L, `47` = 1L, `50` = 1L, `51` = 1L, `52` = 1L, 
    `54` = 1L, `73` = 1L), .Dim = 49L, .Dimnames = list(TagUsage = c("1", 
    "2", "3", "4", "5", "6", "7", "8", "9", "10", "11", "12", 
    "13", "14", "15", "16", "17", "18", "19", "20", "21", "22", 
    "23", "24", "25", "26", "27", "28", "29", "30", "31", "32", 
    "33", "34", "35", "36", "38", "40", "41", "43", "44", "45", 
    "46", "47", "50", "51", "52", "54", "73")), class = "table"), 
    No.Tag = structure(c(0L, 27L, 0L, 0L, 0L, 55L, 0L, 0L, 0L, 
    2L, 0L, 0L), .Dim = 4:3, .Dimnames = structure(list(c("-1", 
    "0", "1", NA), c("C", "T", NA)), .Names = c("", "")), class = "table"), 
    All.Tags = list(Concordant = list(Freqs = structure(c(1, 
    195, 1, 1, 245, 1), .Dim = 3:2, .Dimnames = list(c("-1", 
    "0", "1"), c("C", "T"))), N = 444), Majority = list(Freqs = structure(c(2, 
    227, 1, 1, 279, 1), .Dim = 3:2, .Dimnames = list(c("-1", 
    "0", "1"), c("C", "T"))), N = 511)), `2` = structure(c(1, 
    176, 0, 0, 216, 0), .Dim = 3:2, .Dimnames = list(c("-1", 
    "0", "1"), c("C", "T"))))))
