Results <-
list(`bwa.out//20220204//MLPA99_S13.sam` = list(GM22_SNP1 = list(
    All = list(Freqs = structure(c(1L, 81L, 5663L, 24L, 20L, 
    0L, 0L, 4L, 0L, 0L, 0L, 0L, 66L, 2L, 0L), .Dim = c(5L, 3L
    ), .Dimnames = structure(list(c("-2", "-1", "0", "1", NA), 
        c("A", "G", NA)), .Names = c("", "")), class = "table"), 
        N = 5861L), Tag.Distribution = structure(c(`1` = 149L, 
    `2` = 28L, `3` = 21L, `4` = 13L, `5` = 22L, `6` = 17L, `7` = 17L, 
    `8` = 21L, `9` = 17L, `10` = 24L, `11` = 13L, `12` = 17L, 
    `13` = 11L, `14` = 12L, `15` = 9L, `16` = 11L, `17` = 18L, 
    `18` = 5L, `19` = 7L, `20` = 5L, `21` = 7L, `22` = 5L, `23` = 7L, 
    `24` = 4L, `25` = 3L, `26` = 5L, `27` = 4L, `28` = 5L, `29` = 4L, 
    `30` = 4L, `31` = 1L, `32` = 3L, `34` = 2L, `35` = 2L, `36` = 1L, 
    `37` = 3L, `38` = 2L, `39` = 2L, `41` = 3L, `42` = 3L, `43` = 1L, 
    `44` = 3L, `45` = 2L, `46` = 2L, `47` = 1L, `48` = 2L, `49` = 1L, 
    `50` = 1L, `53` = 1L, `55` = 1L, `56` = 1L, `57` = 1L, `59` = 1L, 
    `65` = 1L), .Dim = 54L, .Dimnames = list(TagUsage = c("1", 
    "2", "3", "4", "5", "6", "7", "8", "9", "10", "11", "12", 
    "13", "14", "15", "16", "17", "18", "19", "20", "21", "22", 
    "23", "24", "25", "26", "27", "28", "29", "30", "31", "32", 
    "34", "35", "36", "37", "38", "39", "41", "42", "43", "44", 
    "45", "46", "47", "48", "49", "50", "53", "55", "56", "57", 
    "59", "65")), class = "table"), No.Tag = structure(c(0L, 
    0L, 78L, 1L, 3L, 0L, 0L, 0L, 0L, 0L, 0L, 0L, 7L, 0L, 0L), .Dim = c(5L, 
    3L), .Dimnames = structure(list(c("-2", "-1", "0", "1", NA
    ), c("A", "G", NA)), .Names = c("", "")), class = "table"), 
    All.Tags = list(Concordant = list(Freqs = structure(c(0, 
    0, 443, 0, 0, 0, 4, 0), .Dim = c(4L, 2L), .Dimnames = list(
        c("-2", "-1", "0", "1"), c("A", "G"))), N = 447), Majority = list(
        Freqs = structure(c(0, 0, 512, 0, 0, 0, 4, 0), .Dim = c(4L, 
        2L), .Dimnames = list(c("-2", "-1", "0", "1"), c("A", 
        "G"))), N = 516)), `2` = structure(c(0, 0, 374, 0, 0, 
    0, 0, 0), .Dim = c(4L, 2L), .Dimnames = list(c("-2", "-1", 
    "0", "1"), c("A", "G"))))))
