Results <-
list(`bwa.out//20220204//BlindCMMRD44_S4.sam` = list(GM29_SNP1 = list(
    All = list(Freqs = structure(c(1L, 56L, 4166L, 9L, 7L, 0L, 
    0L, 2L, 0L, 0L, 0L, 0L, 1L, 0L, 0L, 0L, 1L, 35L, 0L, 0L), .Dim = 5:4, .Dimnames = structure(list(
        c("-3", "-1", "0", "1", NA), c("A", "G", "T", NA)), .Names = c("", 
    "")), class = "table"), N = 4278L), Tag.Distribution = structure(c(`1` = 59L, 
    `2` = 20L, `3` = 28L, `4` = 16L, `5` = 23L, `6` = 19L, `7` = 10L, 
    `8` = 18L, `9` = 11L, `10` = 14L, `11` = 12L, `12` = 8L, 
    `13` = 17L, `14` = 21L, `15` = 9L, `16` = 8L, `17` = 13L, 
    `18` = 4L, `19` = 3L, `20` = 2L, `21` = 3L, `22` = 4L, `23` = 3L, 
    `24` = 3L, `25` = 3L, `26` = 4L, `27` = 2L, `28` = 4L, `29` = 1L, 
    `30` = 1L, `31` = 1L, `32` = 3L, `33` = 1L, `34` = 3L, `35` = 1L, 
    `36` = 2L, `37` = 4L, `38` = 2L, `39` = 3L, `40` = 1L, `43` = 2L, 
    `44` = 1L, `47` = 1L, `53` = 1L, `59` = 1L, `71` = 1L), .Dim = 46L, .Dimnames = list(
        TagUsage = c("1", "2", "3", "4", "5", "6", "7", "8", 
        "9", "10", "11", "12", "13", "14", "15", "16", "17", 
        "18", "19", "20", "21", "22", "23", "24", "25", "26", 
        "27", "28", "29", "30", "31", "32", "33", "34", "35", 
        "36", "37", "38", "39", "40", "43", "44", "47", "53", 
        "59", "71")), class = "table"), No.Tag = structure(c(0L, 
    2L, 143L, 0L, 0L, 0L, 0L, 0L, 0L, 0L, 0L, 0L, 0L, 0L, 0L, 
    0L, 0L, 2L, 0L, 0L), .Dim = 5:4, .Dimnames = structure(list(
        c("-3", "-1", "0", "1", NA), c("A", "G", "T", NA)), .Names = c("", 
    "")), class = "table"), All.Tags = list(Concordant = list(
        Freqs = structure(c(0, 0, 312, 0, 0, 0, 2, 0, 0, 0, 0, 
        0), .Dim = 4:3, .Dimnames = list(c("-3", "-1", "0", "1"
        ), c("A", "G", "T"))), N = 314), Majority = list(Freqs = structure(c(0, 
    0, 364, 0, 0, 0, 2, 0, 0, 0, 0, 0), .Dim = 4:3, .Dimnames = list(
        c("-3", "-1", "0", "1"), c("A", "G", "T"))), N = 366)), 
    `2` = structure(c(0, 0, 310, 0, 0, 0, 0, 0, 0, 0, 0, 0), .Dim = 4:3, .Dimnames = list(
        c("-3", "-1", "0", "1"), c("A", "G", "T"))))))
