Results <-
list(`bwa.out//20220204//BlindCMMRD70_S29.sam` = list(GM11_SNP1 = list(
    All = list(Freqs = structure(c(20L, 4872L, 11L, 8L, 0L, 3L, 
    0L, 0L, 0L, 27L, 0L, 0L), .Dim = 4:3, .Dimnames = structure(list(
        c("-1", "0", "1", NA), c("A", "G", NA)), .Names = c("", 
    "")), class = "table"), N = 4941L), Tag.Distribution = structure(c(`1` = 107L, 
    `2` = 49L, `3` = 41L, `4` = 26L, `5` = 40L, `6` = 42L, `7` = 28L, 
    `8` = 23L, `9` = 27L, `10` = 21L, `11` = 19L, `12` = 13L, 
    `13` = 12L, `14` = 9L, `15` = 9L, `16` = 10L, `17` = 13L, 
    `18` = 1L, `19` = 4L, `20` = 5L, `21` = 7L, `22` = 7L, `23` = 10L, 
    `24` = 6L, `27` = 2L, `28` = 4L, `29` = 2L, `30` = 2L, `31` = 1L, 
    `32` = 3L, `33` = 4L, `34` = 2L, `35` = 3L, `36` = 4L, `37` = 1L, 
    `41` = 1L, `42` = 1L, `43` = 2L, `46` = 1L), .Dim = 39L, .Dimnames = list(
        TagUsage = c("1", "2", "3", "4", "5", "6", "7", "8", 
        "9", "10", "11", "12", "13", "14", "15", "16", "17", 
        "18", "19", "20", "21", "22", "23", "24", "27", "28", 
        "29", "30", "31", "32", "33", "34", "35", "36", "37", 
        "41", "42", "43", "46")), class = "table"), No.Tag = structure(c(0L, 
    78L, 0L, 1L, 0L, 0L, 0L, 0L, 0L, 1L, 0L, 0L), .Dim = 4:3, .Dimnames = structure(list(
        c("-1", "0", "1", NA), c("A", "G", NA)), .Names = c("", 
    "")), class = "table"), All.Tags = list(Concordant = list(
        Freqs = structure(c(0, 536, 0, 0, 2, 0), .Dim = 3:2, .Dimnames = list(
            c("-1", "0", "1"), c("A", "G"))), N = 538), Majority = list(
        Freqs = structure(c(0, 559, 0, 0, 2, 0), .Dim = 3:2, .Dimnames = list(
            c("-1", "0", "1"), c("A", "G"))), N = 561)), `2` = structure(c(0, 
    455, 0, 0, 0, 0), .Dim = 3:2, .Dimnames = list(c("-1", "0", 
    "1"), c("A", "G"))))))
