Results <-
list(`bwa.out//20220204//BlindCMMRD80_S39.sam` = list(LR40_SNP1 = list(
    All = list(Freqs = structure(c(0L, 2L, 0L, 0L, 72L, 5356L, 
    14L, 10L, 1L, 19L, 0L, 0L), .Dim = 4:3, .Dimnames = structure(list(
        c("-1", "0", "1", NA), c("A", "C", NA)), .Names = c("", 
    "")), class = "table"), N = 5474L), Tag.Distribution = structure(c(`1` = 110L, 
    `2` = 70L, `3` = 73L, `4` = 60L, `5` = 57L, `6` = 48L, `7` = 57L, 
    `8` = 39L, `9` = 31L, `10` = 28L, `11` = 14L, `12` = 22L, 
    `13` = 26L, `14` = 10L, `15` = 12L, `16` = 11L, `17` = 16L, 
    `18` = 3L, `19` = 8L, `20` = 8L, `21` = 8L, `22` = 3L, `23` = 4L, 
    `24` = 3L, `25` = 2L, `26` = 4L, `27` = 1L, `28` = 4L, `31` = 1L, 
    `32` = 2L, `33` = 1L, `44` = 1L, `58` = 1L), .Dim = 33L, .Dimnames = list(
        TagUsage = c("1", "2", "3", "4", "5", "6", "7", "8", 
        "9", "10", "11", "12", "13", "14", "15", "16", "17", 
        "18", "19", "20", "21", "22", "23", "24", "25", "26", 
        "27", "28", "31", "32", "33", "44", "58")), class = "table"), 
    No.Tag = structure(c(0L, 0L, 0L, 0L, 0L, 110L, 0L, 0L, 0L, 
    1L, 0L, 0L), .Dim = 4:3, .Dimnames = structure(list(c("-1", 
    "0", "1", NA), c("A", "C", NA)), .Names = c("", "")), class = "table"), 
    All.Tags = list(Concordant = list(Freqs = structure(c(0, 
    0, 0, 2, 658, 0), .Dim = 3:2, .Dimnames = list(c("-1", "0", 
    "1"), c("A", "C"))), N = 660), Majority = list(Freqs = structure(c(0, 
    0, 0, 4, 729, 0), .Dim = 3:2, .Dimnames = list(c("-1", "0", 
    "1"), c("A", "C"))), N = 733)), `2` = structure(c(0, 0, 0, 
    2, 623, 0), .Dim = 3:2, .Dimnames = list(c("-1", "0", "1"
    ), c("A", "C"))))))
