Results <-
list(`bwa.out//20220204//BlindCMMRD127_S53.sam` = list(GM09_SNP1 = list(
    All = list(Freqs = structure(c(66L, 9678L, 15L, 3L, 0L, 3L, 
    0L, 0L, 1L, 46L, 0L, 0L), .Dim = 4:3, .Dimnames = structure(list(
        c("-1", "0", "1", NA), c("A", "G", NA)), .Names = c("", 
    "")), class = "table"), N = 9812L), Tag.Distribution = structure(c(`1` = 208L, 
    `2` = 189L, `3` = 145L, `4` = 138L, `5` = 109L, `6` = 109L, 
    `7` = 79L, `8` = 99L, `9` = 67L, `10` = 48L, `11` = 51L, 
    `12` = 34L, `13` = 34L, `14` = 32L, `15` = 22L, `16` = 24L, 
    `17` = 9L, `18` = 12L, `19` = 12L, `20` = 11L, `21` = 9L, 
    `22` = 7L, `23` = 2L, `24` = 3L, `25` = 3L, `26` = 5L, `27` = 3L, 
    `28` = 2L, `29` = 1L, `30` = 2L, `31` = 1L, `32` = 2L, `34` = 1L, 
    `38` = 1L), .Dim = 34L, .Dimnames = list(TagUsage = c("1", 
    "2", "3", "4", "5", "6", "7", "8", "9", "10", "11", "12", 
    "13", "14", "15", "16", "17", "18", "19", "20", "21", "22", 
    "23", "24", "25", "26", "27", "28", "29", "30", "31", "32", 
    "34", "38")), class = "table"), No.Tag = structure(c(1L, 
    151L, 0L, 2L, 0L, 0L, 0L, 0L, 0L, 9L, 0L, 0L), .Dim = 4:3, .Dimnames = structure(list(
        c("-1", "0", "1", NA), c("A", "G", NA)), .Names = c("", 
    "")), class = "table"), All.Tags = list(Concordant = list(
        Freqs = structure(c(1, 1394, 0, 0, 1, 0), .Dim = 3:2, .Dimnames = list(
            c("-1", "0", "1"), c("A", "G"))), N = 1396), Majority = list(
        Freqs = structure(c(1, 1461, 0, 0, 1, 0), .Dim = 3:2, .Dimnames = list(
            c("-1", "0", "1"), c("A", "G"))), N = 1463)), `2` = structure(c(0, 
    1261, 0, 0, 0, 0), .Dim = 3:2, .Dimnames = list(c("-1", "0", 
    "1"), c("A", "G"))))))
