Results <-
list(`bwa.out//20220204//BlindCMMRD44_S4.sam` = list(LR49_SNP1 = list(
    All = list(Freqs = structure(c(7L, 1866L, 1L, 0L, 0L, 1L, 
    0L, 0L, 5L, 2267L, 2L, 1L, 1L, 23L, 0L, 0L), .Dim = c(4L, 
    4L), .Dimnames = structure(list(c("-1", "0", "1", NA), c("A", 
    "C", "G", NA)), .Names = c("", "")), class = "table"), N = 4174L), 
    Tag.Distribution = structure(c(`1` = 89L, `2` = 32L, `3` = 25L, 
    `4` = 22L, `5` = 14L, `6` = 17L, `7` = 28L, `8` = 23L, `9` = 14L, 
    `10` = 24L, `11` = 17L, `12` = 11L, `13` = 15L, `14` = 14L, 
    `15` = 13L, `16` = 7L, `17` = 13L, `18` = 5L, `19` = 7L, 
    `20` = 3L, `21` = 2L, `22` = 3L, `23` = 2L, `24` = 1L, `25` = 4L, 
    `26` = 2L, `27` = 3L, `28` = 4L, `29` = 1L, `30` = 1L, `31` = 3L, 
    `32` = 2L, `33` = 1L, `34` = 2L, `35` = 2L, `37` = 1L, `38` = 1L, 
    `39` = 1L, `42` = 1L, `44` = 1L, `45` = 1L, `50` = 1L, `60` = 1L, 
    `72` = 1L), .Dim = 44L, .Dimnames = list(TagUsage = c("1", 
    "2", "3", "4", "5", "6", "7", "8", "9", "10", "11", "12", 
    "13", "14", "15", "16", "17", "18", "19", "20", "21", "22", 
    "23", "24", "25", "26", "27", "28", "29", "30", "31", "32", 
    "33", "34", "35", "37", "38", "39", "42", "44", "45", "50", 
    "60", "72")), class = "table"), No.Tag = structure(c(0L, 
    53L, 0L, 0L, 0L, 0L, 0L, 0L, 0L, 26L, 0L, 0L, 0L, 3L, 0L, 
    0L), .Dim = c(4L, 4L), .Dimnames = structure(list(c("-1", 
    "0", "1", NA), c("A", "C", "G", NA)), .Names = c("", "")), class = "table"), 
    All.Tags = list(Concordant = list(Freqs = structure(c(1, 
    188, 0, 0, 0, 0, 0, 213, 0), .Dim = c(3L, 3L), .Dimnames = list(
        c("-1", "0", "1"), c("A", "C", "G"))), N = 402), Majority = list(
        Freqs = structure(c(1, 198, 0, 0, 0, 0, 0, 229, 0), .Dim = c(3L, 
        3L), .Dimnames = list(c("-1", "0", "1"), c("A", "C", 
        "G"))), N = 428)), `2` = structure(c(0, 158, 0, 0, 0, 
    0, 0, 187, 0), .Dim = c(3L, 3L), .Dimnames = list(c("-1", 
    "0", "1"), c("A", "C", "G"))))))
