Results <-
list(`bwa.out//20220204//BlindCMMRD50_S10.sam` = list(LR10_SNP1 = list(
    All = list(Freqs = structure(c(0L, 4L, 0L, 0L, 64L, 5033L, 
    17L, 5L, 0L, 54L, 0L, 0L), .Dim = 4:3, .Dimnames = structure(list(
        c("-1", "0", "1", NA), c("C", "T", NA)), .Names = c("", 
    "")), class = "table"), N = 5177L), Tag.Distribution = structure(c(`1` = 64L, 
    `2` = 19L, `3` = 14L, `4` = 9L, `5` = 12L, `6` = 13L, `7` = 6L, 
    `8` = 6L, `9` = 12L, `10` = 5L, `11` = 9L, `12` = 11L, `13` = 6L, 
    `14` = 13L, `15` = 3L, `16` = 9L, `17` = 5L, `18` = 2L, `19` = 3L, 
    `20` = 3L, `21` = 3L, `22` = 6L, `23` = 4L, `24` = 3L, `25` = 8L, 
    `26` = 3L, `27` = 4L, `28` = 1L, `29` = 2L, `30` = 1L, `31` = 2L, 
    `32` = 1L, `33` = 2L, `35` = 4L, `36` = 4L, `37` = 1L, `38` = 2L, 
    `39` = 1L, `40` = 4L, `41` = 1L, `42` = 3L, `43` = 3L, `44` = 2L, 
    `45` = 1L, `47` = 3L, `48` = 1L, `49` = 1L, `50` = 2L, `51` = 1L, 
    `52` = 1L, `53` = 3L, `55` = 1L, `56` = 1L, `57` = 2L, `60` = 1L, 
    `62` = 1L, `64` = 1L, `65` = 4L, `66` = 1L, `69` = 1L, `71` = 1L, 
    `95` = 1L), .Dim = 62L, .Dimnames = list(TagUsage = c("1", 
    "2", "3", "4", "5", "6", "7", "8", "9", "10", "11", "12", 
    "13", "14", "15", "16", "17", "18", "19", "20", "21", "22", 
    "23", "24", "25", "26", "27", "28", "29", "30", "31", "32", 
    "33", "35", "36", "37", "38", "39", "40", "41", "42", "43", 
    "44", "45", "47", "48", "49", "50", "51", "52", "53", "55", 
    "56", "57", "60", "62", "64", "65", "66", "69", "71", "95"
    )), class = "table"), No.Tag = structure(c(0L, 0L, 0L, 0L, 
    1L, 68L, 1L, 0L, 0L, 5L, 0L, 0L), .Dim = 4:3, .Dimnames = structure(list(
        c("-1", "0", "1", NA), c("C", "T", NA)), .Names = c("", 
    "")), class = "table"), All.Tags = list(Concordant = list(
        Freqs = structure(c(0, 3, 0, 1, 253, 0), .Dim = 3:2, .Dimnames = list(
            c("-1", "0", "1"), c("C", "T"))), N = 257), Majority = list(
        Freqs = structure(c(0, 3, 0, 2, 308, 0), .Dim = 3:2, .Dimnames = list(
            c("-1", "0", "1"), c("C", "T"))), N = 313)), `2` = structure(c(0, 
    0, 0, 1, 252, 0), .Dim = 3:2, .Dimnames = list(c("-1", "0", 
    "1"), c("C", "T"))))))
