Results <-
list(`bwa.out//20220204//BlindCMMRD50_S10.sam` = list(LR36_SNP1 = list(
    All = list(Freqs = structure(c(0L, 4L, 38L, 1884L, 11L, 0L, 
    7L, 2L, 3L, 20L, 1501L, 16L, 0L, 7L, 0L, 0L, 0L, 116L, 2L, 
    1L, 0L), .Dim = c(7L, 3L), .Dimnames = structure(list(c("-3", 
    "-2", "-1", "0", "1", "2", NA), c("A", "T", NA)), .Names = c("", 
    "")), class = "table"), N = 3612L), Tag.Distribution = structure(c(`1` = 76L, 
    `2` = 18L, `3` = 22L, `4` = 8L, `5` = 4L, `6` = 12L, `7` = 11L, 
    `8` = 6L, `9` = 3L, `10` = 8L, `11` = 4L, `12` = 9L, `13` = 5L, 
    `14` = 6L, `15` = 5L, `16` = 8L, `17` = 5L, `18` = 5L, `19` = 6L, 
    `20` = 3L, `22` = 4L, `24` = 4L, `25` = 3L, `26` = 3L, `27` = 2L, 
    `28` = 3L, `29` = 5L, `30` = 2L, `31` = 3L, `32` = 2L, `33` = 5L, 
    `34` = 3L, `36` = 3L, `37` = 2L, `38` = 2L, `40` = 1L, `41` = 2L, 
    `43` = 1L, `44` = 1L, `45` = 2L, `46` = 2L, `47` = 1L, `49` = 2L, 
    `52` = 1L, `55` = 1L, `62` = 1L), .Dim = 46L, .Dimnames = list(
        TagUsage = c("1", "2", "3", "4", "5", "6", "7", "8", 
        "9", "10", "11", "12", "13", "14", "15", "16", "17", 
        "18", "19", "20", "22", "24", "25", "26", "27", "28", 
        "29", "30", "31", "32", "33", "34", "36", "37", "38", 
        "40", "41", "43", "44", "45", "46", "47", "49", "52", 
        "55", "62")), class = "table"), No.Tag = structure(c(0L, 
    0L, 0L, 78L, 0L, 0L, 2L, 0L, 1L, 0L, 51L, 3L, 0L, 1L, 0L, 
    0L, 0L, 22L, 0L, 0L, 0L), .Dim = c(7L, 3L), .Dimnames = structure(list(
        c("-3", "-2", "-1", "0", "1", "2", NA), c("A", "T", NA
        )), .Names = c("", "")), class = "table"), All.Tags = list(
        Concordant = list(Freqs = structure(c(0, 0, 1, 107, 0, 
        0, 0, 0, 0, 104, 0, 0), .Dim = c(6L, 2L), .Dimnames = list(
            c("-3", "-2", "-1", "0", "1", "2"), c("A", "T"))), 
            N = 212), Majority = list(Freqs = structure(c(0, 
        0, 1, 140, 0, 0, 0, 0, 0, 135, 0, 0), .Dim = c(6L, 2L
        ), .Dimnames = list(c("-3", "-2", "-1", "0", "1", "2"
        ), c("A", "T"))), N = 276)), `2` = structure(c(0, 0, 
    0, 106, 0, 0, 0, 0, 0, 102, 0, 0), .Dim = c(6L, 2L), .Dimnames = list(
        c("-3", "-2", "-1", "0", "1", "2"), c("A", "T"))))))
