Results <-
list(`bwa.out//20220204//BlindCMMRD54_S13.sam` = list(LR40_SNP1 = list(
    All = list(Freqs = structure(c(0L, 0L, 2L, 0L, 0L, 1L, 87L, 
    5529L, 56L, 5L, 0L, 0L, 23L, 1L, 0L), .Dim = c(5L, 3L), .Dimnames = structure(list(
        c("-2", "-1", "0", "1", NA), c("A", "C", NA)), .Names = c("", 
    "")), class = "table"), N = 5704L), Tag.Distribution = structure(c(`1` = 104L, 
    `2` = 59L, `3` = 60L, `4` = 32L, `5` = 41L, `6` = 29L, `7` = 24L, 
    `8` = 32L, `9` = 24L, `10` = 17L, `11` = 19L, `12` = 17L, 
    `13` = 13L, `14` = 7L, `15` = 8L, `16` = 8L, `17` = 10L, 
    `18` = 11L, `19` = 12L, `20` = 11L, `21` = 4L, `22` = 9L, 
    `23` = 8L, `24` = 8L, `25` = 2L, `26` = 4L, `27` = 2L, `28` = 2L, 
    `29` = 3L, `30` = 7L, `31` = 4L, `33` = 1L, `34` = 1L, `36` = 1L, 
    `37` = 4L, `38` = 1L, `39` = 1L, `40` = 2L, `42` = 2L, `44` = 2L, 
    `45` = 1L, `47` = 1L, `48` = 1L, `60` = 1L), .Dim = 44L, .Dimnames = list(
        TagUsage = c("1", "2", "3", "4", "5", "6", "7", "8", 
        "9", "10", "11", "12", "13", "14", "15", "16", "17", 
        "18", "19", "20", "21", "22", "23", "24", "25", "26", 
        "27", "28", "29", "30", "31", "33", "34", "36", "37", 
        "38", "39", "40", "42", "44", "45", "47", "48", "60")), class = "table"), 
    No.Tag = structure(c(0L, 0L, 0L, 0L, 0L, 0L, 0L, 111L, 1L, 
    2L, 0L, 0L, 4L, 0L, 0L), .Dim = c(5L, 3L), .Dimnames = structure(list(
        c("-2", "-1", "0", "1", NA), c("A", "C", NA)), .Names = c("", 
    "")), class = "table"), All.Tags = list(Concordant = list(
        Freqs = structure(c(0, 0, 0, 0, 0, 5, 537, 1), .Dim = c(4L, 
        2L), .Dimnames = list(c("-2", "-1", "0", "1"), c("A", 
        "C"))), N = 543), Majority = list(Freqs = structure(c(0, 
    0, 0, 0, 0, 6, 599, 2), .Dim = c(4L, 2L), .Dimnames = list(
        c("-2", "-1", "0", "1"), c("A", "C"))), N = 607)), `2` = structure(c(0, 
    0, 0, 0, 0, 4, 498, 2), .Dim = c(4L, 2L), .Dimnames = list(
        c("-2", "-1", "0", "1"), c("A", "C"))))))
