Results <-
list(`bwa.out//20220204//BlindCMMRD97_S56.sam` = list(LR10_SNP1 = list(
    All = list(Freqs = structure(c(26L, 1861L, 31L, 1L, 26L, 
    2719L, 9L, 1L, 0L, 48L, 1L, 0L), .Dim = 4:3, .Dimnames = structure(list(
        c("-1", "0", "1", NA), c("C", "T", NA)), .Names = c("", 
    "")), class = "table"), N = 4723L), Tag.Distribution = structure(c(`1` = 115L, 
    `2` = 42L, `3` = 38L, `4` = 37L, `5` = 44L, `6` = 33L, `7` = 29L, 
    `8` = 24L, `9` = 20L, `10` = 13L, `11` = 20L, `12` = 17L, 
    `13` = 11L, `14` = 10L, `15` = 8L, `16` = 7L, `17` = 8L, 
    `18` = 12L, `19` = 5L, `20` = 9L, `21` = 6L, `22` = 11L, 
    `23` = 3L, `24` = 6L, `25` = 6L, `26` = 4L, `27` = 6L, `28` = 5L, 
    `30` = 2L, `31` = 2L, `32` = 1L, `33` = 1L, `34` = 1L, `36` = 1L, 
    `37` = 1L), .Dim = 35L, .Dimnames = list(TagUsage = c("1", 
    "2", "3", "4", "5", "6", "7", "8", "9", "10", "11", "12", 
    "13", "14", "15", "16", "17", "18", "19", "20", "21", "22", 
    "23", "24", "25", "26", "27", "28", "30", "31", "32", "33", 
    "34", "36", "37")), class = "table"), No.Tag = structure(c(1L, 
    64L, 0L, 0L, 2L, 72L, 1L, 0L, 0L, 2L, 0L, 0L), .Dim = 4:3, .Dimnames = structure(list(
        c("-1", "0", "1", NA), c("C", "T", NA)), .Names = c("", 
    "")), class = "table"), All.Tags = list(Concordant = list(
        Freqs = structure(c(1, 195, 0, 0, 274, 0), .Dim = 3:2, .Dimnames = list(
            c("-1", "0", "1"), c("C", "T"))), N = 470), Majority = list(
        Freqs = structure(c(1, 230, 1, 0, 316, 0), .Dim = 3:2, .Dimnames = list(
            c("-1", "0", "1"), c("C", "T"))), N = 548)), `2` = structure(c(0, 
    193, 1, 0, 247, 0), .Dim = 3:2, .Dimnames = list(c("-1", 
    "0", "1"), c("C", "T"))))))
