Results <-
list(`bwa.out//20220204//BlindCMMRD123_S49.sam` = list(GM29_SNP1 = list(
    All = list(Freqs = structure(c(34L, 2327L, 7L, 5L, 26L, 2058L, 
    5L, 12L, 1L, 15L, 0L, 0L), .Dim = 4:3, .Dimnames = structure(list(
        c("-1", "0", "1", NA), c("A", "G", NA)), .Names = c("", 
    "")), class = "table"), N = 4490L), Tag.Distribution = structure(c(`1` = 197L, 
    `2` = 153L, `3` = 88L, `4` = 101L, `5` = 69L, `6` = 56L, 
    `7` = 52L, `8` = 28L, `9` = 29L, `10` = 18L, `11` = 21L, 
    `12` = 14L, `13` = 11L, `14` = 10L, `15` = 10L, `16` = 6L, 
    `17` = 3L, `18` = 1L, `19` = 1L, `20` = 2L, `21` = 2L, `22` = 2L, 
    `23` = 2L, `24` = 5L, `25` = 1L, `27` = 1L, `31` = 2L, `39` = 1L
    ), .Dim = 28L, .Dimnames = list(TagUsage = c("1", "2", "3", 
    "4", "5", "6", "7", "8", "9", "10", "11", "12", "13", "14", 
    "15", "16", "17", "18", "19", "20", "21", "22", "23", "24", 
    "25", "27", "31", "39")), class = "table"), No.Tag = structure(c(0L, 
    69L, 0L, 0L, 0L, 75L, 0L, 1L, 0L, 3L, 0L, 0L), .Dim = 4:3, .Dimnames = structure(list(
        c("-1", "0", "1", NA), c("A", "G", NA)), .Names = c("", 
    "")), class = "table"), All.Tags = list(Concordant = list(
        Freqs = structure(c(1, 367, 1, 0, 324, 0), .Dim = 3:2, .Dimnames = list(
            c("-1", "0", "1"), c("A", "G"))), N = 693), Majority = list(
        Freqs = structure(c(1, 454, 1, 0, 393, 0), .Dim = 3:2, .Dimnames = list(
            c("-1", "0", "1"), c("A", "G"))), N = 849)), `2` = structure(c(0, 
    360, 0, 0, 297, 0), .Dim = 3:2, .Dimnames = list(c("-1", 
    "0", "1"), c("A", "G"))))))
