Results <-
list(`bwa.out//20220204//BlindCMMRD89_S48.sam` = list(LR10_SNP1 = list(
    All = list(Freqs = structure(c(0L, 4L, 0L, 0L, 30L, 1848L, 
    13L, 3L, 21L, 2043L, 10L, 4L, 0L, 24L, 1L, 0L), .Dim = c(4L, 
    4L), .Dimnames = structure(list(c("-1", "0", "1", NA), c("A", 
    "C", "T", NA)), .Names = c("", "")), class = "table"), N = 4001L), 
    Tag.Distribution = structure(c(`1` = 104L, `2` = 49L, `3` = 41L, 
    `4` = 42L, `5` = 45L, `6` = 36L, `7` = 33L, `8` = 21L, `9` = 24L, 
    `10` = 20L, `11` = 21L, `12` = 15L, `13` = 9L, `14` = 13L, 
    `15` = 7L, `16` = 8L, `17` = 10L, `18` = 5L, `19` = 5L, `20` = 2L, 
    `21` = 5L, `22` = 7L, `23` = 2L, `24` = 4L, `25` = 2L, `26` = 5L, 
    `30` = 1L, `31` = 1L, `33` = 1L, `36` = 1L, `38` = 1L, `43` = 1L
    ), .Dim = 32L, .Dimnames = list(TagUsage = c("1", "2", "3", 
    "4", "5", "6", "7", "8", "9", "10", "11", "12", "13", "14", 
    "15", "16", "17", "18", "19", "20", "21", "22", "23", "24", 
    "25", "26", "30", "31", "33", "36", "38", "43")), class = "table"), 
    No.Tag = structure(c(0L, 0L, 0L, 0L, 0L, 43L, 0L, 0L, 4L, 
    71L, 1L, 1L, 0L, 2L, 0L, 0L), .Dim = c(4L, 4L), .Dimnames = structure(list(
        c("-1", "0", "1", NA), c("A", "C", "T", NA)), .Names = c("", 
    "")), class = "table"), All.Tags = list(Concordant = list(
        Freqs = structure(c(0, 1, 0, 1, 205, 0, 3, 247, 0), .Dim = c(3L, 
        3L), .Dimnames = list(c("-1", "0", "1"), c("A", "C", 
        "T"))), N = 457), Majority = list(Freqs = structure(c(0, 
    1, 0, 1, 249, 0, 3, 277, 0), .Dim = c(3L, 3L), .Dimnames = list(
        c("-1", "0", "1"), c("A", "C", "T"))), N = 531)), `2` = structure(c(0, 
    1, 0, 0, 208, 0, 0, 224, 0), .Dim = c(3L, 3L), .Dimnames = list(
        c("-1", "0", "1"), c("A", "C", "T"))))))
