Results <-
list(`bwa.out//20220204//BlindCMMRD62_S21.sam` = list(LR46_SNP1 = list(
    All = list(Freqs = structure(c(0L, 6L, 2185L, 4L, 6L, 1L, 
    22L, 1907L, 2L, 4L, 0L, 0L, 21L, 0L, 0L), .Dim = c(5L, 3L
    ), .Dimnames = structure(list(c("-3", "-1", "0", "1", NA), 
        c("G", "T", NA)), .Names = c("", "")), class = "table"), 
        N = 4158L), Tag.Distribution = structure(c(`1` = 124L, 
    `2` = 41L, `3` = 39L, `4` = 35L, `5` = 30L, `6` = 30L, `7` = 34L, 
    `8` = 18L, `9` = 21L, `10` = 20L, `11` = 21L, `12` = 14L, 
    `13` = 13L, `14` = 8L, `15` = 8L, `16` = 10L, `17` = 7L, 
    `18` = 5L, `19` = 5L, `20` = 4L, `21` = 2L, `22` = 5L, `23` = 6L, 
    `24` = 4L, `25` = 5L, `26` = 2L, `27` = 3L, `29` = 2L, `30` = 4L, 
    `31` = 2L, `33` = 1L, `37` = 1L, `41` = 1L, `42` = 2L, `52` = 1L
    ), .Dim = 35L, .Dimnames = list(TagUsage = c("1", "2", "3", 
    "4", "5", "6", "7", "8", "9", "10", "11", "12", "13", "14", 
    "15", "16", "17", "18", "19", "20", "21", "22", "23", "24", 
    "25", "26", "27", "29", "30", "31", "33", "37", "41", "42", 
    "52")), class = "table"), No.Tag = structure(c(0L, 0L, 52L, 
    0L, 1L, 0L, 3L, 61L, 0L, 0L, 0L, 0L, 2L, 0L, 0L), .Dim = c(5L, 
    3L), .Dimnames = structure(list(c("-3", "-1", "0", "1", NA
    ), c("G", "T", NA)), .Names = c("", "")), class = "table"), 
    All.Tags = list(Concordant = list(Freqs = structure(c(0, 
    0, 269, 0, 0, 1, 208, 0), .Dim = c(4L, 2L), .Dimnames = list(
        c("-3", "-1", "0", "1"), c("G", "T"))), N = 478), Majority = list(
        Freqs = structure(c(0, 0, 292, 0, 0, 1, 228, 0), .Dim = c(4L, 
        2L), .Dimnames = list(c("-3", "-1", "0", "1"), c("G", 
        "T"))), N = 521)), `2` = structure(c(0, 0, 219, 0, 0, 
    1, 182, 0), .Dim = c(4L, 2L), .Dimnames = list(c("-3", "-1", 
    "0", "1"), c("G", "T"))))))
