Results <-
list(`bwa.out//20220204//BlindCMMRD109_S35.sam` = list(LR52_SNP1 = list(
    All = list(Freqs = structure(c(0L, 0L, 0L, 3L, 0L, 0L, 3L, 
    28L, 482L, 4479L, 48L, 29L, 0L, 0L, 5L, 92L, 2L, 0L), .Dim = c(6L, 
    3L), .Dimnames = structure(list(c("-3", "-2", "-1", "0", 
    "1", NA), c("C", "T", NA)), .Names = c("", "")), class = "table"), 
        N = 5171L), Tag.Distribution = structure(c(`1` = 187L, 
    `2` = 152L, `3` = 124L, `4` = 132L, `5` = 91L, `6` = 79L, 
    `7` = 59L, `8` = 54L, `9` = 48L, `10` = 19L, `11` = 21L, 
    `12` = 19L, `13` = 18L, `14` = 13L, `15` = 10L, `16` = 6L, 
    `17` = 1L, `18` = 4L, `21` = 1L, `27` = 1L, `28` = 1L, `29` = 1L
    ), .Dim = 22L, .Dimnames = list(TagUsage = c("1", "2", "3", 
    "4", "5", "6", "7", "8", "9", "10", "11", "12", "13", "14", 
    "15", "16", "17", "18", "21", "27", "28", "29")), class = "table"), 
    No.Tag = structure(c(0L, 0L, 0L, 0L, 0L, 0L, 0L, 0L, 5L, 
    62L, 0L, 0L, 0L, 0L, 1L, 1L, 0L, 0L), .Dim = c(6L, 3L), .Dimnames = structure(list(
        c("-3", "-2", "-1", "0", "1", NA), c("C", "T", NA)), .Names = c("", 
    "")), class = "table"), All.Tags = list(Concordant = list(
        Freqs = structure(c(0, 0, 0, 3, 0, 0, 3, 24, 684, 2), .Dim = c(5L, 
        2L), .Dimnames = list(c("-3", "-2", "-1", "0", "1"), 
            c("C", "T"))), N = 716), Majority = list(Freqs = structure(c(0, 
    0, 0, 3, 0, 0, 3, 41, 953, 3), .Dim = c(5L, 2L), .Dimnames = list(
        c("-3", "-2", "-1", "0", "1"), c("C", "T"))), N = 1003)), 
    `2` = structure(c(0, 0, 0, 0, 0, 0, 0, 30, 788, 3), .Dim = c(5L, 
    2L), .Dimnames = list(c("-3", "-2", "-1", "0", "1"), c("C", 
    "T"))))))
