Results <-
list(`bwa.out//20220204//BlindCMMRD92_S51.sam` = list(IM16_SNP1 = list(
    All = list(Freqs = structure(c(27L, 2695L, 38L, 1L, 1L, 16L, 
    2206L, 29L, 0L, 3L, 0L, 39L, 6L, 0L, 0L), .Dim = c(5L, 3L
    ), .Dimnames = structure(list(c("-1", "0", "1", "2", NA), 
        c("A", "G", NA)), .Names = c("", "")), class = "table"), 
        N = 5061L), Tag.Distribution = structure(c(`1` = 100L, 
    `2` = 46L, `3` = 47L, `4` = 27L, `5` = 32L, `6` = 32L, `7` = 35L, 
    `8` = 20L, `9` = 22L, `10` = 16L, `11` = 14L, `12` = 15L, 
    `13` = 13L, `14` = 7L, `15` = 10L, `16` = 9L, `17` = 14L, 
    `18` = 6L, `19` = 6L, `20` = 5L, `21` = 6L, `22` = 3L, `23` = 5L, 
    `24` = 5L, `25` = 4L, `26` = 8L, `27` = 3L, `28` = 4L, `29` = 3L, 
    `30` = 3L, `31` = 5L, `32` = 2L, `33` = 1L, `34` = 2L, `35` = 2L, 
    `38` = 2L, `39` = 1L, `40` = 2L, `42` = 1L, `45` = 2L, `46` = 1L, 
    `47` = 1L), .Dim = 42L, .Dimnames = list(TagUsage = c("1", 
    "2", "3", "4", "5", "6", "7", "8", "9", "10", "11", "12", 
    "13", "14", "15", "16", "17", "18", "19", "20", "21", "22", 
    "23", "24", "25", "26", "27", "28", "29", "30", "31", "32", 
    "33", "34", "35", "38", "39", "40", "42", "45", "46", "47"
    )), class = "table"), No.Tag = structure(c(1L, 95L, 3L, 0L, 
    0L, 0L, 26L, 2L, 0L, 1L, 0L, 6L, 1L, 0L, 0L), .Dim = c(5L, 
    3L), .Dimnames = structure(list(c("-1", "0", "1", "2", NA
    ), c("A", "G", NA)), .Names = c("", "")), class = "table"), 
    All.Tags = list(Concordant = list(Freqs = structure(c(0, 
    223, 0, 0, 2, 223, 1, 0), .Dim = c(4L, 2L), .Dimnames = list(
        c("-1", "0", "1", "2"), c("A", "G"))), N = 449), Majority = list(
        Freqs = structure(c(0, 274, 0, 0, 2, 257, 2, 0), .Dim = c(4L, 
        2L), .Dimnames = list(c("-1", "0", "1", "2"), c("A", 
        "G"))), N = 535)), `2` = structure(c(0, 223, 0, 0, 1, 
    215, 1, 0), .Dim = c(4L, 2L), .Dimnames = list(c("-1", "0", 
    "1", "2"), c("A", "G"))))))
