Results <-
list(`bwa.out//20220204//BlindCMMRD62_S21.sam` = list(IM16_SNP1 = list(
    All = list(Freqs = structure(c(0L, 0L, 3L, 0L, 0L, 0L, 1L, 
    37L, 5490L, 69L, 2L, 5L, 0L, 1L, 48L, 5L, 0L, 0L), .Dim = c(6L, 
    3L), .Dimnames = structure(list(c("-2", "-1", "0", "1", "2", 
    NA), c("A", "G", NA)), .Names = c("", "")), class = "table"), 
        N = 5661L), Tag.Distribution = structure(c(`1` = 125L, 
    `2` = 66L, `3` = 52L, `4` = 50L, `5` = 44L, `6` = 48L, `7` = 37L, 
    `8` = 34L, `9` = 25L, `10` = 22L, `11` = 13L, `12` = 23L, 
    `13` = 19L, `14` = 17L, `15` = 4L, `16` = 8L, `17` = 14L, 
    `18` = 9L, `19` = 7L, `20` = 6L, `21` = 8L, `22` = 9L, `23` = 8L, 
    `24` = 7L, `25` = 6L, `26` = 4L, `27` = 2L, `28` = 3L, `29` = 3L, 
    `30` = 2L, `31` = 4L, `35` = 1L, `41` = 2L, `42` = 1L, `43` = 1L, 
    `51` = 1L), .Dim = 36L, .Dimnames = list(TagUsage = c("1", 
    "2", "3", "4", "5", "6", "7", "8", "9", "10", "11", "12", 
    "13", "14", "15", "16", "17", "18", "19", "20", "21", "22", 
    "23", "24", "25", "26", "27", "28", "29", "30", "31", "35", 
    "41", "42", "43", "51")), class = "table"), No.Tag = structure(c(0L, 
    0L, 1L, 0L, 0L, 0L, 0L, 1L, 172L, 6L, 0L, 0L, 0L, 0L, 5L, 
    0L, 0L, 0L), .Dim = c(6L, 3L), .Dimnames = structure(list(
        c("-2", "-1", "0", "1", "2", NA), c("A", "G", NA)), .Names = c("", 
    "")), class = "table"), All.Tags = list(Concordant = list(
        Freqs = structure(c(0, 0, 0, 0, 0, 0, 1, 596, 0, 0), .Dim = c(5L, 
        2L), .Dimnames = list(c("-2", "-1", "0", "1", "2"), c("A", 
        "G"))), N = 597), Majority = list(Freqs = structure(c(0, 
    0, 0, 0, 0, 0, 1, 678, 1, 0), .Dim = c(5L, 2L), .Dimnames = list(
        c("-2", "-1", "0", "1", "2"), c("A", "G"))), N = 680)), 
    `2` = structure(c(0, 0, 0, 0, 0, 0, 0, 559, 1, 0), .Dim = c(5L, 
    2L), .Dimnames = list(c("-2", "-1", "0", "1", "2"), c("A", 
    "G"))))))
