Results <-
list(`bwa.out//20220204//BlindCMMRD74_S33.sam` = list(LR40_SNP1 = list(
    All = list(Freqs = structure(c(0L, 2L, 0L, 0L, 43L, 4189L, 
    12L, 8L, 0L, 18L, 1L, 0L), .Dim = 4:3, .Dimnames = structure(list(
        c("-1", "0", "1", NA), c("A", "C", NA)), .Names = c("", 
    "")), class = "table"), N = 4273L), Tag.Distribution = structure(c(`1` = 112L, 
    `2` = 69L, `3` = 49L, `4` = 52L, `5` = 37L, `6` = 39L, `7` = 24L, 
    `8` = 30L, `9` = 19L, `10` = 24L, `11` = 10L, `12` = 17L, 
    `13` = 13L, `14` = 6L, `15` = 11L, `16` = 6L, `17` = 7L, 
    `18` = 6L, `19` = 7L, `20` = 4L, `21` = 4L, `22` = 3L, `23` = 3L, 
    `24` = 5L, `25` = 3L, `26` = 3L, `28` = 2L, `29` = 1L, `32` = 1L, 
    `33` = 2L, `34` = 1L, `37` = 1L, `38` = 2L, `40` = 1L, `45` = 1L, 
    `47` = 1L, `51` = 1L), .Dim = 37L, .Dimnames = list(TagUsage = c("1", 
    "2", "3", "4", "5", "6", "7", "8", "9", "10", "11", "12", 
    "13", "14", "15", "16", "17", "18", "19", "20", "21", "22", 
    "23", "24", "25", "26", "28", "29", "32", "33", "34", "37", 
    "38", "40", "45", "47", "51")), class = "table"), No.Tag = structure(c(0L, 
    0L, 0L, 0L, 2L, 152L, 1L, 0L, 0L, 2L, 0L, 0L), .Dim = 4:3, .Dimnames = structure(list(
        c("-1", "0", "1", NA), c("A", "C", NA)), .Names = c("", 
    "")), class = "table"), All.Tags = list(Concordant = list(
        Freqs = structure(c(0, 1, 0, 2, 531, 2), .Dim = 3:2, .Dimnames = list(
            c("-1", "0", "1"), c("A", "C"))), N = 536), Majority = list(
        Freqs = structure(c(0, 1, 0, 2, 569, 2), .Dim = 3:2, .Dimnames = list(
            c("-1", "0", "1"), c("A", "C"))), N = 574)), `2` = structure(c(0, 
    0, 0, 1, 462, 0), .Dim = 3:2, .Dimnames = list(c("-1", "0", 
    "1"), c("A", "C"))))))
