Results <-
list(`bwa.out//20220204//BlindCMMRD49_S9.sam` = list(LR24_SNP1 = list(
    All = list(Freqs = structure(c(1L, 177L, 5785L, 37L, 6L, 
    0L, 0L, 7L, 0L, 1L, 0L, 0L, 26L, 0L, 0L), .Dim = c(5L, 3L
    ), .Dimnames = structure(list(c("-3", "-1", "0", "1", NA), 
        c("A", "G", NA)), .Names = c("", "")), class = "table"), 
        N = 6040L), Tag.Distribution = structure(c(`1` = 104L, 
    `2` = 38L, `3` = 24L, `4` = 22L, `5` = 17L, `6` = 17L, `7` = 17L, 
    `8` = 18L, `9` = 20L, `10` = 16L, `11` = 12L, `12` = 9L, 
    `13` = 17L, `14` = 13L, `15` = 5L, `16` = 12L, `17` = 8L, 
    `18` = 7L, `19` = 8L, `20` = 16L, `21` = 8L, `22` = 4L, `23` = 9L, 
    `24` = 5L, `25` = 3L, `26` = 7L, `27` = 6L, `28` = 1L, `29` = 5L, 
    `30` = 2L, `31` = 5L, `32` = 5L, `33` = 2L, `35` = 2L, `37` = 2L, 
    `38` = 2L, `39` = 2L, `40` = 1L, `42` = 1L, `45` = 2L, `46` = 2L, 
    `52` = 2L, `53` = 1L, `54` = 1L, `55` = 1L, `56` = 1L, `57` = 1L, 
    `60` = 2L, `62` = 2L, `65` = 1L, `71` = 1L, `72` = 1L, `77` = 1L, 
    `87` = 1L), .Dim = 54L, .Dimnames = list(TagUsage = c("1", 
    "2", "3", "4", "5", "6", "7", "8", "9", "10", "11", "12", 
    "13", "14", "15", "16", "17", "18", "19", "20", "21", "22", 
    "23", "24", "25", "26", "27", "28", "29", "30", "31", "32", 
    "33", "35", "37", "38", "39", "40", "42", "45", "46", "52", 
    "53", "54", "55", "56", "57", "60", "62", "65", "71", "72", 
    "77", "87")), class = "table"), No.Tag = structure(c(0L, 
    3L, 86L, 0L, 0L, 0L, 0L, 0L, 0L, 1L, 0L, 0L, 3L, 0L, 0L), .Dim = c(5L, 
    3L), .Dimnames = structure(list(c("-3", "-1", "0", "1", NA
    ), c("A", "G", NA)), .Names = c("", "")), class = "table"), 
    All.Tags = list(Concordant = list(Freqs = structure(c(0, 
    9, 435, 0, 0, 0, 5, 0), .Dim = c(4L, 2L), .Dimnames = list(
        c("-3", "-1", "0", "1"), c("A", "G"))), N = 449), Majority = list(
        Freqs = structure(c(0, 10, 470, 1, 0, 0, 5, 0), .Dim = c(4L, 
        2L), .Dimnames = list(c("-3", "-1", "0", "1"), c("A", 
        "G"))), N = 486)), `2` = structure(c(0, 7, 379, 1, 0, 
    0, 0, 0), .Dim = c(4L, 2L), .Dimnames = list(c("-3", "-1", 
    "0", "1"), c("A", "G"))))))
