Results <-
list(`bwa.out//20220204//BlindCMMRD131_S57.sam` = list(LR48_SNP1 = list(
    All = list(Freqs = structure(c(0L, 0L, 3L, 0L, 0L, 0L, 3L, 
    142L, 4746L, 58L, 1L, 14L, 0L, 0L, 40L, 1L, 0L, 0L), .Dim = c(6L, 
    3L), .Dimnames = structure(list(c("-2", "-1", "0", "1", "2", 
    NA), c("C", "T", NA)), .Names = c("", "")), class = "table"), 
        N = 5008L), Tag.Distribution = structure(c(`1` = 97L, 
    `2` = 77L, `3` = 87L, `4` = 79L, `5` = 75L, `6` = 59L, `7` = 61L, 
    `8` = 45L, `9` = 42L, `10` = 34L, `11` = 14L, `12` = 18L, 
    `13` = 20L, `14` = 17L, `15` = 7L, `16` = 10L, `17` = 5L, 
    `18` = 3L, `19` = 5L, `20` = 7L, `21` = 5L, `22` = 1L, `23` = 3L, 
    `24` = 2L, `25` = 1L, `31` = 1L), .Dim = 26L, .Dimnames = list(
        TagUsage = c("1", "2", "3", "4", "5", "6", "7", "8", 
        "9", "10", "11", "12", "13", "14", "15", "16", "17", 
        "18", "19", "20", "21", "22", "23", "24", "25", "31")), class = "table"), 
    No.Tag = structure(c(0L, 0L, 0L, 0L, 0L, 0L, 0L, 4L, 129L, 
    0L, 0L, 1L, 0L, 0L, 5L, 0L, 0L, 0L), .Dim = c(6L, 3L), .Dimnames = structure(list(
        c("-2", "-1", "0", "1", "2", NA), c("C", "T", NA)), .Names = c("", 
    "")), class = "table"), All.Tags = list(Concordant = list(
        Freqs = structure(c(0, 0, 1, 0, 0, 0, 3, 613, 2, 0), .Dim = c(5L, 
        2L), .Dimnames = list(c("-2", "-1", "0", "1", "2"), c("C", 
        "T"))), N = 619), Majority = list(Freqs = structure(c(0, 
    0, 1, 0, 0, 0, 5, 756, 2, 0), .Dim = c(5L, 2L), .Dimnames = list(
        c("-2", "-1", "0", "1", "2"), c("C", "T"))), N = 764)), 
    `2` = structure(c(0, 0, 0, 0, 0, 0, 2, 669, 1, 0), .Dim = c(5L, 
    2L), .Dimnames = list(c("-2", "-1", "0", "1", "2"), c("C", 
    "T"))))))
