Results <-
list(`bwa.out//20220204//17D1520_S5.sam` = list(LR44_SNP1 = list(
    All = list(Freqs = structure(c(0L, 6L, 177L, 2151L, 28L, 
    0L, 14L, 1L, 11L, 220L, 2047L, 54L, 1L, 23L, 0L, 0L, 6L, 
    64L, 0L, 0L, 0L), .Dim = c(7L, 3L), .Dimnames = structure(list(
        c("-3", "-2", "-1", "0", "1", "2", NA), c("C", "T", NA
        )), .Names = c("", "")), class = "table"), N = 4803L), 
    Tag.Distribution = structure(c(`1` = 141L, `2` = 77L, `3` = 64L, 
    `4` = 55L, `5` = 33L, `6` = 32L, `7` = 34L, `8` = 36L, `9` = 23L, 
    `10` = 25L, `11` = 18L, `12` = 16L, `13` = 3L, `14` = 12L, 
    `15` = 10L, `16` = 6L, `17` = 4L, `18` = 4L, `19` = 11L, 
    `20` = 8L, `21` = 6L, `22` = 3L, `23` = 3L, `24` = 3L, `25` = 4L, 
    `26` = 4L, `27` = 3L, `28` = 1L, `29` = 2L, `30` = 1L, `31` = 2L, 
    `32` = 2L, `33` = 3L, `34` = 2L, `35` = 3L, `36` = 1L, `37` = 1L, 
    `40` = 1L, `46` = 1L, `51` = 1L), .Dim = 40L, .Dimnames = list(
        TagUsage = c("1", "2", "3", "4", "5", "6", "7", "8", 
        "9", "10", "11", "12", "13", "14", "15", "16", "17", 
        "18", "19", "20", "21", "22", "23", "24", "25", "26", 
        "27", "28", "29", "30", "31", "32", "33", "34", "35", 
        "36", "37", "40", "46", "51")), class = "table"), No.Tag = structure(c(0L, 
    0L, 1L, 14L, 0L, 0L, 0L, 0L, 0L, 3L, 39L, 1L, 0L, 1L, 0L, 
    0L, 0L, 3L, 0L, 0L, 0L), .Dim = c(7L, 3L), .Dimnames = structure(list(
        c("-3", "-2", "-1", "0", "1", "2", NA), c("C", "T", NA
        )), .Names = c("", "")), class = "table"), All.Tags = list(
        Concordant = list(Freqs = structure(c(0, 0, 9, 204, 1, 
        0, 1, 1, 16, 180, 0, 0), .Dim = c(6L, 2L), .Dimnames = list(
            c("-3", "-2", "-1", "0", "1", "2"), c("C", "T"))), 
            N = 412), Majority = list(Freqs = structure(c(0, 
        0, 13, 303, 1, 0, 1, 1, 21, 283, 2, 0), .Dim = c(6L, 
        2L), .Dimnames = list(c("-3", "-2", "-1", "0", "1", "2"
        ), c("C", "T"))), N = 625)), `2` = structure(c(0, 0, 
    5, 245, 0, 0, 0, 0, 14, 227, 2, 0), .Dim = c(6L, 2L), .Dimnames = list(
        c("-3", "-2", "-1", "0", "1", "2"), c("C", "T"))))))
