Results <-
list(`bwa.out//20220204//BlindCMMRD72_S31.sam` = list(IM49_SNP1 = list(
    All = list(Freqs = structure(c(3L, 84L, 3403L, 65L, 2L, 38L, 
    0L, 0L, 1L, 1L, 0L, 0L, 0L, 2L, 159L, 2L, 0L, 0L), .Dim = c(6L, 
    3L), .Dimnames = structure(list(c("-2", "-1", "0", "1", "2", 
    NA), c("C", "G", NA)), .Names = c("", "")), class = "table"), 
        N = 3760L), Tag.Distribution = structure(c(`1` = 194L, 
    `2` = 77L, `3` = 58L, `4` = 48L, `5` = 46L, `6` = 32L, `7` = 33L, 
    `8` = 32L, `9` = 16L, `10` = 22L, `11` = 17L, `12` = 16L, 
    `13` = 8L, `14` = 9L, `15` = 8L, `16` = 10L, `17` = 3L, `18` = 5L, 
    `19` = 2L, `20` = 4L, `21` = 6L, `22` = 5L, `25` = 1L, `26` = 1L, 
    `27` = 1L, `28` = 1L, `29` = 2L, `31` = 2L, `33` = 1L, `34` = 1L
    ), .Dim = 30L, .Dimnames = list(TagUsage = c("1", "2", "3", 
    "4", "5", "6", "7", "8", "9", "10", "11", "12", "13", "14", 
    "15", "16", "17", "18", "19", "20", "21", "22", "25", "26", 
    "27", "28", "29", "31", "33", "34")), class = "table"), No.Tag = structure(c(0L, 
    2L, 81L, 5L, 0L, 3L, 0L, 0L, 0L, 0L, 0L, 0L, 0L, 1L, 4L, 
    0L, 0L, 0L), .Dim = c(6L, 3L), .Dimnames = structure(list(
        c("-2", "-1", "0", "1", "2", NA), c("C", "G", NA)), .Names = c("", 
    "")), class = "table"), All.Tags = list(Concordant = list(
        Freqs = structure(c(0, 8, 508, 1, 0, 0, 0, 0, 1, 0), .Dim = c(5L, 
        2L), .Dimnames = list(c("-2", "-1", "0", "1", "2"), c("C", 
        "G"))), N = 518), Majority = list(Freqs = structure(c(0, 
    8, 606, 1, 0, 0, 0, 0, 1, 0), .Dim = c(5L, 2L), .Dimnames = list(
        c("-2", "-1", "0", "1", "2"), c("C", "G"))), N = 616)), 
    `2` = structure(c(0, 3, 461, 0, 0, 0, 0, 0, 0, 0), .Dim = c(5L, 
    2L), .Dimnames = list(c("-2", "-1", "0", "1", "2"), c("C", 
    "G"))))))
