Results <-
list(`bwa.out//20220204//BlindCMMRD119_S45.sam` = list(LR44_SNP1 = list(
    All = list(Freqs = structure(c(0L, 6L, 194L, 2825L, 43L, 
    1L, 20L, 5L, 6L, 231L, 3182L, 55L, 1L, 21L, 0L, 0L, 3L, 68L, 
    2L, 0L, 0L), .Dim = c(7L, 3L), .Dimnames = structure(list(
        c("-3", "-2", "-1", "0", "1", "2", NA), c("C", "T", NA
        )), .Names = c("", "")), class = "table"), N = 6663L), 
    Tag.Distribution = structure(c(`1` = 282L, `2` = 196L, `3` = 165L, 
    `4` = 114L, `5` = 125L, `6` = 98L, `7` = 67L, `8` = 53L, 
    `9` = 53L, `10` = 43L, `11` = 29L, `12` = 20L, `13` = 23L, 
    `14` = 17L, `15` = 11L, `16` = 5L, `17` = 6L, `18` = 2L, 
    `19` = 3L, `20` = 6L, `21` = 5L, `22` = 1L, `23` = 1L, `24` = 1L, 
    `25` = 1L, `26` = 1L, `29` = 1L), .Dim = 27L, .Dimnames = list(
        TagUsage = c("1", "2", "3", "4", "5", "6", "7", "8", 
        "9", "10", "11", "12", "13", "14", "15", "16", "17", 
        "18", "19", "20", "21", "22", "23", "24", "25", "26", 
        "29")), class = "table"), No.Tag = structure(c(0L, 0L, 
    1L, 53L, 0L, 0L, 0L, 1L, 0L, 6L, 52L, 0L, 0L, 0L, 0L, 0L, 
    0L, 1L, 1L, 0L, 0L), .Dim = c(7L, 3L), .Dimnames = structure(list(
        c("-3", "-2", "-1", "0", "1", "2", NA), c("C", "T", NA
        )), .Names = c("", "")), class = "table"), All.Tags = list(
        Concordant = list(Freqs = structure(c(0, 0, 8, 399, 1, 
        0, 3, 1, 12, 445, 1, 0), .Dim = c(6L, 2L), .Dimnames = list(
            c("-3", "-2", "-1", "0", "1", "2"), c("C", "T"))), 
            N = 870), Majority = list(Freqs = structure(c(0, 
        0, 11, 588, 3, 0, 3, 1, 17, 647, 2, 0), .Dim = c(6L, 
        2L), .Dimnames = list(c("-3", "-2", "-1", "0", "1", "2"
        ), c("C", "T"))), N = 1272)), `2` = structure(c(0, 0, 
    4, 461, 2, 0, 1, 0, 6, 526, 1, 0), .Dim = c(6L, 2L), .Dimnames = list(
        c("-3", "-2", "-1", "0", "1", "2"), c("C", "T"))))))
