Results <-
list(`bwa.out//20220204//BlindCMMRD109_S35.sam` = list(LR20_SNP1 = list(
    All = list(Freqs = structure(c(8L, 6562L, 9L, 4L, 0L, 1L, 
    0L, 0L, 0L, 11L, 0L, 0L, 0L, 40L, 0L, 0L), .Dim = c(4L, 4L
    ), .Dimnames = structure(list(c("-1", "0", "1", NA), c("A", 
    "C", "G", NA)), .Names = c("", "")), class = "table"), N = 6635L), 
    Tag.Distribution = structure(c(`1` = 309L, `2` = 222L, `3` = 172L, 
    `4` = 155L, `5` = 122L, `6` = 88L, `7` = 71L, `8` = 57L, 
    `9` = 47L, `10` = 32L, `11` = 35L, `12` = 16L, `13` = 16L, 
    `14` = 11L, `15` = 8L, `16` = 6L, `17` = 9L, `18` = 3L, `19` = 5L, 
    `20` = 3L, `21` = 5L, `22` = 1L, `23` = 2L, `25` = 1L, `26` = 1L, 
    `27` = 1L, `28` = 1L), .Dim = 27L, .Dimnames = list(TagUsage = c("1", 
    "2", "3", "4", "5", "6", "7", "8", "9", "10", "11", "12", 
    "13", "14", "15", "16", "17", "18", "19", "20", "21", "22", 
    "23", "25", "26", "27", "28")), class = "table"), No.Tag = structure(c(0L, 
    113L, 0L, 1L, 0L, 0L, 0L, 0L, 0L, 1L, 0L, 0L, 0L, 1L, 0L, 
    0L), .Dim = c(4L, 4L), .Dimnames = structure(list(c("-1", 
    "0", "1", NA), c("A", "C", "G", NA)), .Names = c("", "")), class = "table"), 
    All.Tags = list(Concordant = list(Freqs = structure(c(0, 
    1367, 0, 0, 0, 0, 0, 5, 0), .Dim = c(3L, 3L), .Dimnames = list(
        c("-1", "0", "1"), c("A", "C", "G"))), N = 1372), Majority = list(
        Freqs = structure(c(0, 1388, 0, 0, 0, 0, 0, 5, 0), .Dim = c(3L, 
        3L), .Dimnames = list(c("-1", "0", "1"), c("A", "C", 
        "G"))), N = 1393)), `2` = structure(c(0, 1088, 0, 0, 
    0, 0, 0, 0, 0), .Dim = c(3L, 3L), .Dimnames = list(c("-1", 
    "0", "1"), c("A", "C", "G"))))))
