Results <-
list(`bwa.out//20220204//Control21_S14.sam` = list(LR48_SNP1 = list(
    All = list(Freqs = structure(c(1L, 82L, 2439L, 30L, 15L, 
    0L, 0L, 2L, 0L, 0L, 0L, 2L, 29L, 0L, 0L), .Dim = c(5L, 3L
    ), .Dimnames = structure(list(c("-2", "-1", "0", "1", NA), 
        c("C", "T", NA)), .Names = c("", "")), class = "table"), 
        N = 2600L), Tag.Distribution = structure(c(`1` = 78L, 
    `2` = 43L, `3` = 25L, `4` = 24L, `5` = 21L, `6` = 27L, `7` = 14L, 
    `8` = 16L, `9` = 7L, `10` = 8L, `11` = 15L, `12` = 4L, `13` = 13L, 
    `14` = 8L, `15` = 6L, `16` = 8L, `17` = 7L, `18` = 2L, `19` = 4L, 
    `20` = 1L, `21` = 7L, `22` = 5L, `23` = 1L, `24` = 1L, `25` = 1L, 
    `26` = 1L, `27` = 1L, `29` = 2L, `30` = 1L, `31` = 2L, `40` = 1L
    ), .Dim = 31L, .Dimnames = list(TagUsage = c("1", "2", "3", 
    "4", "5", "6", "7", "8", "9", "10", "11", "12", "13", "14", 
    "15", "16", "17", "18", "19", "20", "21", "22", "23", "24", 
    "25", "26", "27", "29", "30", "31", "40")), class = "table"), 
    No.Tag = structure(c(0L, 3L, 87L, 0L, 0L, 0L, 0L, 0L, 0L, 
    0L, 0L, 0L, 4L, 0L, 0L), .Dim = c(5L, 3L), .Dimnames = structure(list(
        c("-2", "-1", "0", "1", NA), c("C", "T", NA)), .Names = c("", 
    "")), class = "table"), All.Tags = list(Concordant = list(
        Freqs = structure(c(0, 0, 272, 2, 0, 0, 2, 0), .Dim = c(4L, 
        2L), .Dimnames = list(c("-2", "-1", "0", "1"), c("C", 
        "T"))), N = 276), Majority = list(Freqs = structure(c(0, 
    1, 341, 2, 0, 0, 2, 0), .Dim = c(4L, 2L), .Dimnames = list(
        c("-2", "-1", "0", "1"), c("C", "T"))), N = 346)), `2` = structure(c(0, 
    1, 270, 1, 0, 0, 0, 0), .Dim = c(4L, 2L), .Dimnames = list(
        c("-2", "-1", "0", "1"), c("C", "T"))))))
