Results <-
list(`bwa.out//20220204//MLPA79_S11.sam` = list(GM11_SNP1 = list(
    All = list(Freqs = structure(c(1L, 22L, 5121L, 19L, 1L, 1L, 
    0L, 0L, 2L, 0L, 0L, 0L, 0L, 0L, 1L, 0L, 0L, 0L, 0L, 0L, 40L, 
    0L, 0L, 0L), .Dim = c(6L, 4L), .Dimnames = structure(list(
        c("-2", "-1", "0", "1", "3", NA), c("A", "G", "T", NA
        )), .Names = c("", "")), class = "table"), N = 5208L), 
    Tag.Distribution = structure(c(`1` = 158L, `2` = 73L, `3` = 53L, 
    `4` = 47L, `5` = 52L, `6` = 46L, `7` = 33L, `8` = 42L, `9` = 38L, 
    `10` = 25L, `11` = 19L, `12` = 18L, `13` = 15L, `14` = 13L, 
    `15` = 11L, `16` = 12L, `17` = 9L, `18` = 10L, `19` = 8L, 
    `20` = 7L, `21` = 5L, `22` = 2L, `23` = 5L, `24` = 3L, `25` = 6L, 
    `26` = 2L, `27` = 3L, `28` = 2L, `29` = 1L, `31` = 3L, `32` = 1L, 
    `33` = 1L, `35` = 1L, `38` = 2L, `39` = 1L), .Dim = 35L, .Dimnames = list(
        TagUsage = c("1", "2", "3", "4", "5", "6", "7", "8", 
        "9", "10", "11", "12", "13", "14", "15", "16", "17", 
        "18", "19", "20", "21", "22", "23", "24", "25", "26", 
        "27", "28", "29", "31", "32", "33", "35", "38", "39")), class = "table"), 
    No.Tag = structure(c(0L, 0L, 63L, 0L, 0L, 0L, 0L, 0L, 0L, 
    0L, 0L, 0L, 0L, 0L, 0L, 0L, 0L, 0L, 0L, 0L, 3L, 0L, 0L, 0L
    ), .Dim = c(6L, 4L), .Dimnames = structure(list(c("-2", "-1", 
    "0", "1", "3", NA), c("A", "G", "T", NA)), .Names = c("", 
    "")), class = "table"), All.Tags = list(Concordant = list(
        Freqs = structure(c(0, 1, 690, 1, 0, 0, 0, 1, 0, 0, 0, 
        0, 0, 0, 0), .Dim = c(5L, 3L), .Dimnames = list(c("-2", 
        "-1", "0", "1", "3"), c("A", "G", "T"))), N = 693), Majority = list(
        Freqs = structure(c(0, 1, 721, 2, 0, 0, 0, 1, 0, 0, 0, 
        0, 0, 0, 0), .Dim = c(5L, 3L), .Dimnames = list(c("-2", 
        "-1", "0", "1", "3"), c("A", "G", "T"))), N = 725)), 
    `2` = structure(c(0, 0, 568, 1, 0, 0, 0, 0, 0, 0, 0, 0, 0, 
    0, 0), .Dim = c(5L, 3L), .Dimnames = list(c("-2", "-1", "0", 
    "1", "3"), c("A", "G", "T"))))))
