Results <-
list(`bwa.out//20220204//BlindCMMRD80_S39.sam` = list(IM16_SNP1 = list(
    All = list(Freqs = structure(c(19L, 2843L, 24L, 3L, 0L, 38L, 
    2637L, 19L, 0L, 3L, 0L, 47L, 0L, 0L, 0L), .Dim = c(5L, 3L
    ), .Dimnames = structure(list(c("-1", "0", "1", "2", NA), 
        c("A", "G", NA)), .Names = c("", "")), class = "table"), 
        N = 5633L), Tag.Distribution = structure(c(`1` = 136L, 
    `2` = 81L, `3` = 64L, `4` = 70L, `5` = 56L, `6` = 48L, `7` = 48L, 
    `8` = 38L, `9` = 34L, `10` = 27L, `11` = 22L, `12` = 21L, 
    `13` = 20L, `14` = 10L, `15` = 18L, `16` = 15L, `17` = 6L, 
    `18` = 12L, `19` = 5L, `20` = 11L, `21` = 4L, `22` = 6L, 
    `23` = 3L, `24` = 3L, `25` = 1L, `26` = 3L, `27` = 2L, `28` = 2L, 
    `29` = 2L, `30` = 1L, `31` = 2L, `33` = 3L, `35` = 2L, `37` = 1L
    ), .Dim = 34L, .Dimnames = list(TagUsage = c("1", "2", "3", 
    "4", "5", "6", "7", "8", "9", "10", "11", "12", "13", "14", 
    "15", "16", "17", "18", "19", "20", "21", "22", "23", "24", 
    "25", "26", "27", "28", "29", "30", "31", "33", "35", "37"
    )), class = "table"), No.Tag = structure(c(0L, 60L, 0L, 0L, 
    0L, 1L, 46L, 0L, 0L, 0L, 0L, 9L, 0L, 0L, 0L), .Dim = c(5L, 
    3L), .Dimnames = structure(list(c("-1", "0", "1", "2", NA
    ), c("A", "G", NA)), .Names = c("", "")), class = "table"), 
    All.Tags = list(Concordant = list(Freqs = structure(c(0, 
    335, 2, 0, 0, 310, 1, 0), .Dim = c(4L, 2L), .Dimnames = list(
        c("-1", "0", "1", "2"), c("A", "G"))), N = 648), Majority = list(
        Freqs = structure(c(0, 397, 2, 0, 0, 369, 1, 0), .Dim = c(4L, 
        2L), .Dimnames = list(c("-1", "0", "1", "2"), c("A", 
        "G"))), N = 769)), `2` = structure(c(0, 326, 0, 0, 0, 
    310, 0, 0), .Dim = c(4L, 2L), .Dimnames = list(c("-1", "0", 
    "1", "2"), c("A", "G"))))))
