Results <-
list(`bwa.out//20220204//BlindCMMRD99_S58.sam` = list(LR20_SNP1 = list(
    All = list(Freqs = structure(c(0L, 1L, 0L, 0L, 16L, 4420L, 
    4L, 4L, 0L, 3L, 0L, 0L, 0L, 8L, 0L, 0L), .Dim = c(4L, 4L), .Dimnames = structure(list(
        c("-1", "0", "1", NA), c("-", "A", "G", NA)), .Names = c("", 
    "")), class = "table"), N = 4456L), Tag.Distribution = structure(c(`1` = 148L, 
    `2` = 87L, `3` = 64L, `4` = 44L, `5` = 60L, `6` = 33L, `7` = 30L, 
    `8` = 30L, `9` = 29L, `10` = 18L, `11` = 17L, `12` = 8L, 
    `13` = 18L, `14` = 15L, `15` = 6L, `16` = 12L, `17` = 6L, 
    `18` = 3L, `19` = 7L, `20` = 6L, `21` = 2L, `22` = 3L, `23` = 3L, 
    `24` = 4L, `26` = 2L, `27` = 1L, `28` = 6L, `29` = 3L, `31` = 1L, 
    `32` = 2L, `36` = 1L, `38` = 1L, `41` = 1L), .Dim = 33L, .Dimnames = list(
        TagUsage = c("1", "2", "3", "4", "5", "6", "7", "8", 
        "9", "10", "11", "12", "13", "14", "15", "16", "17", 
        "18", "19", "20", "21", "22", "23", "24", "26", "27", 
        "28", "29", "31", "32", "36", "38", "41")), class = "table"), 
    No.Tag = structure(c(0L, 0L, 0L, 0L, 0L, 140L, 0L, 2L, 0L, 
    0L, 0L, 0L, 0L, 0L, 0L, 0L), .Dim = c(4L, 4L), .Dimnames = structure(list(
        c("-1", "0", "1", NA), c("-", "A", "G", NA)), .Names = c("", 
    "")), class = "table"), All.Tags = list(Concordant = list(
        Freqs = structure(c(0, 0, 0, 1, 653, 0, 0, 3, 0), .Dim = c(3L, 
        3L), .Dimnames = list(c("-1", "0", "1"), c("-", "A", 
        "G"))), N = 657), Majority = list(Freqs = structure(c(0, 
    0, 0, 1, 667, 0, 0, 3, 0), .Dim = c(3L, 3L), .Dimnames = list(
        c("-1", "0", "1"), c("-", "A", "G"))), N = 671)), `2` = structure(c(0, 
    0, 0, 0, 523, 0, 0, 0, 0), .Dim = c(3L, 3L), .Dimnames = list(
        c("-1", "0", "1"), c("-", "A", "G"))))))
