Results <-
list(`bwa.out//20220204//BlindCMMRD47_S7.sam` = list(LR44_SNP1 = list(
    All = list(Freqs = structure(c(0L, 0L, 1L, 0L, 0L, 0L, 0L, 
    0L, 7L, 0L, 0L, 0L, 8L, 309L, 4371L, 48L, 2L, 20L, 0L, 9L, 
    87L, 3L, 0L, 0L), .Dim = c(6L, 4L), .Dimnames = structure(list(
        c("-2", "-1", "0", "1", "2", NA), c("A", "C", "T", NA
        )), .Names = c("", "")), class = "table"), N = 4865L), 
    Tag.Distribution = structure(c(`1` = 102L, `2` = 30L, `3` = 25L, 
    `4` = 19L, `5` = 18L, `6` = 15L, `7` = 21L, `8` = 17L, `9` = 14L, 
    `10` = 13L, `11` = 13L, `12` = 10L, `13` = 6L, `14` = 14L, 
    `15` = 13L, `16` = 12L, `17` = 8L, `18` = 6L, `19` = 4L, 
    `20` = 5L, `21` = 8L, `22` = 5L, `23` = 4L, `24` = 7L, `25` = 1L, 
    `26` = 2L, `27` = 5L, `28` = 3L, `29` = 3L, `30` = 1L, `31` = 5L, 
    `32` = 1L, `33` = 2L, `34` = 1L, `35` = 2L, `36` = 6L, `37` = 2L, 
    `39` = 2L, `40` = 3L, `41` = 1L, `42` = 2L, `43` = 1L, `44` = 1L, 
    `45` = 1L, `47` = 1L, `57` = 3L, `60` = 1L), .Dim = 47L, .Dimnames = list(
        TagUsage = c("1", "2", "3", "4", "5", "6", "7", "8", 
        "9", "10", "11", "12", "13", "14", "15", "16", "17", 
        "18", "19", "20", "21", "22", "23", "24", "25", "26", 
        "27", "28", "29", "30", "31", "32", "33", "34", "35", 
        "36", "37", "39", "40", "41", "42", "43", "44", "45", 
        "47", "57", "60")), class = "table"), No.Tag = structure(c(0L, 
    0L, 0L, 0L, 0L, 0L, 0L, 0L, 0L, 0L, 0L, 0L, 1L, 18L, 130L, 
    2L, 0L, 5L, 0L, 0L, 2L, 0L, 0L, 0L), .Dim = c(6L, 4L), .Dimnames = structure(list(
        c("-2", "-1", "0", "1", "2", NA), c("A", "C", "T", NA
        )), .Names = c("", "")), class = "table"), All.Tags = list(
        Concordant = list(Freqs = structure(c(0, 0, 0, 0, 0, 
        0, 0, 5, 0, 0, 0, 10, 234, 2, 0), .Dim = c(5L, 3L), .Dimnames = list(
            c("-2", "-1", "0", "1", "2"), c("A", "C", "T"))), 
            N = 251), Majority = list(Freqs = structure(c(0, 
        0, 0, 0, 0, 0, 0, 5, 0, 0, 0, 13, 408, 2, 0), .Dim = c(5L, 
        3L), .Dimnames = list(c("-2", "-1", "0", "1", "2"), c("A", 
        "C", "T"))), N = 428)), `2` = structure(c(0, 0, 0, 0, 
    0, 0, 0, 0, 0, 0, 0, 4, 331, 0, 0), .Dim = c(5L, 3L), .Dimnames = list(
        c("-2", "-1", "0", "1", "2"), c("A", "C", "T"))))))
