Results <-
list(`bwa.out//20220204//17D0939_S6.sam` = list(GM29_SNP1 = list(
    All = list(Freqs = structure(c(1L, 44L, 3004L, 3L, 1L, 0L, 
    0L, 12L, 0L, 0L), .Dim = c(5L, 2L), .Dimnames = structure(list(
        c("-2", "-1", "0", "1", NA), c("A", NA)), .Names = c("", 
    "")), class = "table"), N = 3065L), Tag.Distribution = structure(c(`1` = 65L, 
    `2` = 27L, `3` = 25L, `4` = 13L, `5` = 22L, `6` = 20L, `7` = 17L, 
    `8` = 10L, `9` = 10L, `10` = 10L, `11` = 10L, `12` = 8L, 
    `13` = 3L, `14` = 4L, `15` = 2L, `16` = 12L, `17` = 7L, `18` = 4L, 
    `19` = 7L, `20` = 5L, `21` = 1L, `22` = 4L, `24` = 2L, `25` = 1L, 
    `26` = 3L, `27` = 2L, `28` = 2L, `29` = 2L, `33` = 1L, `34` = 2L, 
    `35` = 1L, `37` = 1L, `38` = 1L, `39` = 1L, `43` = 1L, `44` = 2L, 
    `45` = 1L, `53` = 1L, `55` = 1L, `57` = 1L, `61` = 1L, `66` = 1L
    ), .Dim = 42L, .Dimnames = list(TagUsage = c("1", "2", "3", 
    "4", "5", "6", "7", "8", "9", "10", "11", "12", "13", "14", 
    "15", "16", "17", "18", "19", "20", "21", "22", "24", "25", 
    "26", "27", "28", "29", "33", "34", "35", "37", "38", "39", 
    "43", "44", "45", "53", "55", "57", "61", "66")), class = "table"), 
    No.Tag = structure(c(0L, 0L, 106L, 1L, 0L, 0L, 0L, 0L, 0L, 
    0L), .Dim = c(5L, 2L), .Dimnames = structure(list(c("-2", 
    "-1", "0", "1", NA), c("A", NA)), .Names = c("", "")), class = "table"), 
    All.Tags = list(Concordant = list(Freqs = structure(c(0, 
    1, 281, 0), .Dim = c(4L, 1L), .Dimnames = list(c("-2", "-1", 
    "0", "1"), "A")), N = 282), Majority = list(Freqs = structure(c(0, 
    1, 311, 0), .Dim = c(4L, 1L), .Dimnames = list(c("-2", "-1", 
    "0", "1"), "A")), N = 312)), `2` = structure(c(0, 0, 247, 
    0), .Dim = c(4L, 1L), .Dimnames = list(c("-2", "-1", "0", 
    "1"), "A")))))
