Results <-
list(`bwa.out//20220204//Control14_S7.sam` = list(IM16_SNP1 = list(
    All = list(Freqs = structure(c(12L, 1830L, 34L, 1L, 3L, 0L, 
    2L, 0L, 0L, 0L, 6L, 1911L, 26L, 2L, 1L, 0L, 60L, 0L, 0L, 
    0L), .Dim = 5:4, .Dimnames = structure(list(c("-1", "0", 
    "1", "2", NA), c("A", "C", "G", NA)), .Names = c("", "")), class = "table"), 
        N = 3888L), Tag.Distribution = structure(c(`1` = 119L, 
    `2` = 60L, `3` = 26L, `4` = 29L, `5` = 18L, `6` = 25L, `7` = 29L, 
    `8` = 22L, `9` = 14L, `10` = 16L, `11` = 11L, `12` = 13L, 
    `13` = 8L, `14` = 7L, `15` = 4L, `16` = 5L, `17` = 10L, `18` = 4L, 
    `19` = 7L, `20` = 5L, `21` = 6L, `22` = 4L, `23` = 1L, `24` = 4L, 
    `25` = 1L, `26` = 2L, `28` = 2L, `29` = 5L, `30` = 1L, `31` = 2L, 
    `33` = 1L, `34` = 1L, `35` = 2L, `36` = 2L, `37` = 1L, `40` = 1L, 
    `42` = 2L, `44` = 1L, `47` = 1L, `54` = 1L, `61` = 1L), .Dim = 41L, .Dimnames = list(
        TagUsage = c("1", "2", "3", "4", "5", "6", "7", "8", 
        "9", "10", "11", "12", "13", "14", "15", "16", "17", 
        "18", "19", "20", "21", "22", "23", "24", "25", "26", 
        "28", "29", "30", "31", "33", "34", "35", "36", "37", 
        "40", "42", "44", "47", "54", "61")), class = "table"), 
    No.Tag = structure(c(3L, 114L, 1L, 0L, 2L, 0L, 0L, 0L, 0L, 
    0L, 0L, 47L, 0L, 0L, 1L, 0L, 9L, 0L, 0L, 0L), .Dim = 5:4, .Dimnames = structure(list(
        c("-1", "0", "1", "2", NA), c("A", "C", "G", NA)), .Names = c("", 
    "")), class = "table"), All.Tags = list(Concordant = list(
        Freqs = structure(c(1, 184, 2, 0, 0, 0, 0, 0, 0, 208, 
        1, 0), .Dim = 4:3, .Dimnames = list(c("-1", "0", "1", 
        "2"), c("A", "C", "G"))), N = 396), Majority = list(Freqs = structure(c(1, 
    215, 3, 0, 0, 0, 0, 0, 0, 241, 1, 0), .Dim = 4:3, .Dimnames = list(
        c("-1", "0", "1", "2"), c("A", "C", "G"))), N = 461)), 
    `2` = structure(c(0, 172, 1, 0, 0, 0, 0, 0, 0, 179, 0, 0), .Dim = 4:3, .Dimnames = list(
        c("-1", "0", "1", "2"), c("A", "C", "G"))))))
