Results <-
list(`bwa.out//20220204//17D1520_S5.sam` = list(GM01_SNP1 = list(
    All = list(Freqs = structure(c(105L, 5257L, 27L, 14L, 0L, 
    4L, 0L, 0L, 2L, 61L, 0L, 0L), .Dim = 4:3, .Dimnames = structure(list(
        c("-1", "0", "1", NA), c("A", "G", NA)), .Names = c("", 
    "")), class = "table"), N = 5470L), Tag.Distribution = structure(c(`1` = 169L, 
    `2` = 70L, `3` = 69L, `4` = 58L, `5` = 43L, `6` = 28L, `7` = 38L, 
    `8` = 26L, `9` = 23L, `10` = 17L, `11` = 21L, `12` = 9L, 
    `13` = 16L, `14` = 12L, `15` = 9L, `16` = 8L, `17` = 8L, 
    `18` = 9L, `19` = 8L, `20` = 10L, `21` = 6L, `22` = 4L, `23` = 5L, 
    `24` = 7L, `25` = 9L, `26` = 7L, `27` = 1L, `28` = 3L, `29` = 2L, 
    `30` = 2L, `31` = 1L, `32` = 5L, `33` = 1L, `34` = 1L, `41` = 2L, 
    `42` = 4L, `44` = 1L, `45` = 1L, `46` = 1L), .Dim = 39L, .Dimnames = list(
        TagUsage = c("1", "2", "3", "4", "5", "6", "7", "8", 
        "9", "10", "11", "12", "13", "14", "15", "16", "17", 
        "18", "19", "20", "21", "22", "23", "24", "25", "26", 
        "27", "28", "29", "30", "31", "32", "33", "34", "41", 
        "42", "44", "45", "46")), class = "table"), No.Tag = structure(c(0L, 
    78L, 0L, 1L, 0L, 0L, 0L, 0L, 0L, 5L, 0L, 0L), .Dim = 4:3, .Dimnames = structure(list(
        c("-1", "0", "1", NA), c("A", "G", NA)), .Names = c("", 
    "")), class = "table"), All.Tags = list(Concordant = list(
        Freqs = structure(c(6, 639, 2, 0, 2, 0), .Dim = 3:2, .Dimnames = list(
            c("-1", "0", "1"), c("A", "G"))), N = 649), Majority = list(
        Freqs = structure(c(8, 694, 2, 0, 2, 0), .Dim = 3:2, .Dimnames = list(
            c("-1", "0", "1"), c("A", "G"))), N = 706)), `2` = structure(c(5, 
    537, 1, 0, 0, 0), .Dim = 3:2, .Dimnames = list(c("-1", "0", 
    "1"), c("A", "G"))))))
