Results <-
list(`bwa.out//20220204//Control20_S13.sam` = list(LR40_SNP1 = list(
    All = list(Freqs = structure(c(0L, 1L, 0L, 0L, 39L, 3496L, 
    15L, 2L, 0L, 14L, 0L, 0L), .Dim = 4:3, .Dimnames = structure(list(
        c("-1", "0", "1", NA), c("A", "C", NA)), .Names = c("", 
    "")), class = "table"), N = 3567L), Tag.Distribution = structure(c(`1` = 121L, 
    `2` = 51L, `3` = 71L, `4` = 33L, `5` = 37L, `6` = 29L, `7` = 32L, 
    `8` = 13L, `9` = 18L, `10` = 22L, `11` = 14L, `12` = 6L, 
    `13` = 6L, `14` = 8L, `15` = 12L, `16` = 7L, `17` = 8L, `18` = 7L, 
    `19` = 4L, `20` = 2L, `21` = 3L, `22` = 2L, `23` = 6L, `25` = 4L, 
    `26` = 2L, `27` = 2L, `28` = 2L, `29` = 2L, `30` = 1L, `31` = 1L, 
    `32` = 1L, `33` = 1L), .Dim = 32L, .Dimnames = list(TagUsage = c("1", 
    "2", "3", "4", "5", "6", "7", "8", "9", "10", "11", "12", 
    "13", "14", "15", "16", "17", "18", "19", "20", "21", "22", 
    "23", "25", "26", "27", "28", "29", "30", "31", "32", "33"
    )), class = "table"), No.Tag = structure(c(0L, 0L, 0L, 0L, 
    0L, 153L, 0L, 0L, 0L, 0L, 0L, 0L), .Dim = 4:3, .Dimnames = structure(list(
        c("-1", "0", "1", NA), c("A", "C", NA)), .Names = c("", 
    "")), class = "table"), All.Tags = list(Concordant = list(
        Freqs = structure(c(0, 1, 0, 1, 478, 1), .Dim = 3:2, .Dimnames = list(
            c("-1", "0", "1"), c("A", "C"))), N = 481), Majority = list(
        Freqs = structure(c(0, 1, 0, 2, 520, 1), .Dim = 3:2, .Dimnames = list(
            c("-1", "0", "1"), c("A", "C"))), N = 524)), `2` = structure(c(0, 
    0, 0, 1, 404, 0), .Dim = 3:2, .Dimnames = list(c("-1", "0", 
    "1"), c("A", "C"))))))
