Results <-
list(`bwa.out//20220204//BlindCMMRD69_S28.sam` = list(LR11_SNP1 = list(
    All = list(Freqs = structure(c(4L, 38L, 1848L, 13L, 1L, 10L, 
    2L, 21L, 1446L, 7L, 1L, 5L, 0L, 1L, 48L, 0L, 0L, 0L), .Dim = c(6L, 
    3L), .Dimnames = structure(list(c("-2", "-1", "0", "1", "2", 
    NA), c("A", "C", NA)), .Names = c("", "")), class = "table"), 
        N = 3445L), Tag.Distribution = structure(c(`1` = 94L, 
    `2` = 59L, `3` = 50L, `4` = 39L, `5` = 36L, `6` = 45L, `7` = 17L, 
    `8` = 30L, `9` = 30L, `10` = 20L, `11` = 20L, `12` = 19L, 
    `13` = 14L, `14` = 18L, `15` = 10L, `16` = 7L, `17` = 6L, 
    `18` = 3L, `19` = 2L, `20` = 4L, `21` = 2L, `24` = 2L, `25` = 1L, 
    `26` = 2L, `33` = 1L), .Dim = 25L, .Dimnames = list(TagUsage = c("1", 
    "2", "3", "4", "5", "6", "7", "8", "9", "10", "11", "12", 
    "13", "14", "15", "16", "17", "18", "19", "20", "21", "24", 
    "25", "26", "33")), class = "table"), No.Tag = structure(c(0L, 
    0L, 21L, 0L, 0L, 0L, 0L, 0L, 8L, 0L, 0L, 1L, 0L, 0L, 0L, 
    0L, 0L, 0L), .Dim = c(6L, 3L), .Dimnames = structure(list(
        c("-2", "-1", "0", "1", "2", NA), c("A", "C", NA)), .Names = c("", 
    "")), class = "table"), All.Tags = list(Concordant = list(
        Freqs = structure(c(0, 0, 232, 0, 0, 0, 0, 205, 1, 0), .Dim = c(5L, 
        2L), .Dimnames = list(c("-2", "-1", "0", "1", "2"), c("A", 
        "C"))), N = 438), Majority = list(Freqs = structure(c(0, 
    0, 284, 0, 0, 0, 0, 238, 1, 0), .Dim = c(5L, 2L), .Dimnames = list(
        c("-2", "-1", "0", "1", "2"), c("A", "C"))), N = 523)), 
    `2` = structure(c(0, 0, 238, 0, 0, 0, 0, 196, 0, 0), .Dim = c(5L, 
    2L), .Dimnames = list(c("-2", "-1", "0", "1", "2"), c("A", 
    "C"))))))
