Results <-
list(`bwa.out//20220204//BlindCMMRD74_S33.sam` = list(LR48_SNP1 = list(
    All = list(Freqs = structure(c(0L, 70L, 2087L, 25L, 2L, 6L, 
    3L, 49L, 2201L, 42L, 0L, 6L, 0L, 0L, 64L, 0L, 0L, 0L), .Dim = c(6L, 
    3L), .Dimnames = structure(list(c("-2", "-1", "0", "1", "2", 
    NA), c("C", "T", NA)), .Names = c("", "")), class = "table"), 
        N = 4555L), Tag.Distribution = structure(c(`1` = 74L, 
    `2` = 23L, `3` = 24L, `4` = 30L, `5` = 29L, `6` = 14L, `7` = 19L, 
    `8` = 15L, `9` = 18L, `10` = 18L, `11` = 21L, `12` = 17L, 
    `13` = 14L, `14` = 17L, `15` = 10L, `16` = 6L, `17` = 7L, 
    `18` = 7L, `19` = 7L, `20` = 7L, `21` = 8L, `22` = 2L, `23` = 5L, 
    `24` = 3L, `25` = 3L, `26` = 1L, `27` = 4L, `28` = 2L, `29` = 3L, 
    `30` = 3L, `31` = 2L, `32` = 2L, `33` = 1L, `34` = 2L, `35` = 3L, 
    `36` = 2L, `37` = 1L, `38` = 1L, `39` = 1L, `40` = 1L, `41` = 1L, 
    `42` = 1L, `45` = 1L, `46` = 1L), .Dim = 44L, .Dimnames = list(
        TagUsage = c("1", "2", "3", "4", "5", "6", "7", "8", 
        "9", "10", "11", "12", "13", "14", "15", "16", "17", 
        "18", "19", "20", "21", "22", "23", "24", "25", "26", 
        "27", "28", "29", "30", "31", "32", "33", "34", "35", 
        "36", "37", "38", "39", "40", "41", "42", "45", "46")), class = "table"), 
    No.Tag = structure(c(0L, 4L, 84L, 2L, 0L, 0L, 0L, 4L, 127L, 
    1L, 0L, 1L, 0L, 0L, 4L, 0L, 0L, 0L), .Dim = c(6L, 3L), .Dimnames = structure(list(
        c("-2", "-1", "0", "1", "2", NA), c("C", "T", NA)), .Names = c("", 
    "")), class = "table"), All.Tags = list(Concordant = list(
        Freqs = structure(c(0, 3, 140, 0, 0, 0, 1, 148, 0, 0), .Dim = c(5L, 
        2L), .Dimnames = list(c("-2", "-1", "0", "1", "2"), c("C", 
        "T"))), N = 292), Majority = list(Freqs = structure(c(0, 
    3, 202, 0, 0, 0, 1, 212, 1, 0), .Dim = c(5L, 2L), .Dimnames = list(
        c("-2", "-1", "0", "1", "2"), c("C", "T"))), N = 419)), 
    `2` = structure(c(0, 1, 170, 0, 0, 0, 0, 182, 1, 0), .Dim = c(5L, 
    2L), .Dimnames = list(c("-2", "-1", "0", "1", "2"), c("C", 
    "T"))))))
