Results <-
list(`bwa.out//20220204//Control27_S20.sam` = list(LR46_SNP1 = list(
    All = list(Freqs = structure(c(0L, 2L, 0L, 0L, 2L, 1181L, 
    1L, 4L, 5L, 1029L, 1L, 2L, 0L, 9L, 0L, 0L), .Dim = c(4L, 
    4L), .Dimnames = structure(list(c("-1", "0", "1", NA), c("A", 
    "G", "T", NA)), .Names = c("", "")), class = "table"), N = 2236L), 
    Tag.Distribution = structure(c(`1` = 97L, `2` = 22L, `3` = 24L, 
    `4` = 20L, `5` = 17L, `6` = 10L, `7` = 15L, `8` = 13L, `9` = 15L, 
    `10` = 6L, `11` = 6L, `12` = 8L, `13` = 4L, `14` = 7L, `15` = 3L, 
    `16` = 5L, `17` = 4L, `18` = 3L, `19` = 2L, `20` = 2L, `21` = 4L, 
    `22` = 4L, `23` = 2L, `24` = 4L, `25` = 1L, `27` = 1L, `29` = 1L, 
    `30` = 1L, `32` = 1L, `33` = 2L, `40` = 1L, `42` = 1L), .Dim = 32L, .Dimnames = list(
        TagUsage = c("1", "2", "3", "4", "5", "6", "7", "8", 
        "9", "10", "11", "12", "13", "14", "15", "16", "17", 
        "18", "19", "20", "21", "22", "23", "24", "25", "27", 
        "29", "30", "32", "33", "40", "42")), class = "table"), 
    No.Tag = structure(c(0L, 0L, 0L, 0L, 0L, 99L, 0L, 4L, 0L, 
    45L, 0L, 1L, 0L, 3L, 0L, 0L), .Dim = c(4L, 4L), .Dimnames = structure(list(
        c("-1", "0", "1", NA), c("A", "G", "T", NA)), .Names = c("", 
    "")), class = "table"), All.Tags = list(Concordant = list(
        Freqs = structure(c(0, 0, 0, 0, 157, 0, 0, 132, 0), .Dim = c(3L, 
        3L), .Dimnames = list(c("-1", "0", "1"), c("A", "G", 
        "T"))), N = 289), Majority = list(Freqs = structure(c(0, 
    0, 0, 0, 164, 0, 0, 141, 0), .Dim = c(3L, 3L), .Dimnames = list(
        c("-1", "0", "1"), c("A", "G", "T"))), N = 305)), `2` = structure(c(0, 
    0, 0, 0, 111, 0, 0, 97, 0), .Dim = c(3L, 3L), .Dimnames = list(
        c("-1", "0", "1"), c("A", "G", "T"))))))
