Results <-
list(`bwa.out//20220204//BlindCMMRD66_S25.sam` = list(IM16_SNP1 = list(
    All = list(Freqs = structure(c(0L, 0L, 5L, 0L, 0L, 0L, 1L, 
    57L, 5045L, 77L, 1L, 4L, 0L, 0L, 52L, 4L, 0L, 0L), .Dim = c(6L, 
    3L), .Dimnames = structure(list(c("-2", "-1", "0", "1", "2", 
    NA), c("A", "G", NA)), .Names = c("", "")), class = "table"), 
        N = 5246L), Tag.Distribution = structure(c(`1` = 128L, 
    `2` = 68L, `3` = 53L, `4` = 41L, `5` = 47L, `6` = 46L, `7` = 40L, 
    `8` = 35L, `9` = 26L, `10` = 18L, `11` = 23L, `12` = 20L, 
    `13` = 15L, `14` = 11L, `15` = 10L, `16` = 11L, `17` = 15L, 
    `18` = 8L, `19` = 6L, `20` = 6L, `21` = 6L, `22` = 6L, `23` = 5L, 
    `24` = 5L, `25` = 2L, `26` = 2L, `27` = 1L, `28` = 2L, `29` = 4L, 
    `30` = 2L, `31` = 1L, `35` = 1L, `37` = 1L, `40` = 1L, `41` = 1L, 
    `42` = 1L, `43` = 1L, `44` = 1L, `46` = 1L, `49` = 1L, `51` = 1L
    ), .Dim = 41L, .Dimnames = list(TagUsage = c("1", "2", "3", 
    "4", "5", "6", "7", "8", "9", "10", "11", "12", "13", "14", 
    "15", "16", "17", "18", "19", "20", "21", "22", "23", "24", 
    "25", "26", "27", "28", "29", "30", "31", "35", "37", "40", 
    "41", "42", "43", "44", "46", "49", "51")), class = "table"), 
    No.Tag = structure(c(0L, 0L, 0L, 0L, 0L, 0L, 0L, 0L, 55L, 
    1L, 0L, 0L, 0L, 0L, 4L, 0L, 0L, 0L), .Dim = c(6L, 3L), .Dimnames = structure(list(
        c("-2", "-1", "0", "1", "2", NA), c("A", "G", NA)), .Names = c("", 
    "")), class = "table"), All.Tags = list(Concordant = list(
        Freqs = structure(c(0, 0, 4, 0, 0, 0, 1, 569, 0, 0), .Dim = c(5L, 
        2L), .Dimnames = list(c("-2", "-1", "0", "1", "2"), c("A", 
        "G"))), N = 574), Majority = list(Freqs = structure(c(0, 
    0, 4, 0, 0, 0, 2, 660, 0, 0), .Dim = c(5L, 2L), .Dimnames = list(
        c("-2", "-1", "0", "1", "2"), c("A", "G"))), N = 666)), 
    `2` = structure(c(0, 0, 0, 0, 0, 0, 2, 541, 0, 0), .Dim = c(5L, 
    2L), .Dimnames = list(c("-2", "-1", "0", "1", "2"), c("A", 
    "G"))))))
