Results <-
list(`bwa.out//20220204//BlindCMMRD60_S19.sam` = list(LR20_SNP1 = list(
    All = list(Freqs = structure(c(5L, 2296L, 2L, 2L, 2L, 2157L, 
    3L, 1L, 0L, 11L, 0L, 0L), .Dim = 4:3, .Dimnames = structure(list(
        c("-1", "0", "1", NA), c("A", "G", NA)), .Names = c("", 
    "")), class = "table"), N = 4479L), Tag.Distribution = structure(c(`1` = 115L, 
    `2` = 58L, `3` = 49L, `4` = 40L, `5` = 45L, `6` = 34L, `7` = 27L, 
    `8` = 38L, `9` = 18L, `10` = 17L, `11` = 11L, `12` = 14L, 
    `13` = 10L, `14` = 11L, `15` = 12L, `16` = 8L, `17` = 9L, 
    `18` = 7L, `19` = 10L, `20` = 8L, `21` = 7L, `22` = 9L, `23` = 5L, 
    `24` = 7L, `25` = 1L, `26` = 3L, `27` = 1L, `28` = 2L, `29` = 1L, 
    `30` = 2L, `35` = 1L, `37` = 1L, `60` = 1L), .Dim = 33L, .Dimnames = list(
        TagUsage = c("1", "2", "3", "4", "5", "6", "7", "8", 
        "9", "10", "11", "12", "13", "14", "15", "16", "17", 
        "18", "19", "20", "21", "22", "23", "24", "25", "26", 
        "27", "28", "29", "30", "35", "37", "60")), class = "table"), 
    No.Tag = structure(c(0L, 69L, 0L, 1L, 0L, 71L, 0L, 0L, 0L, 
    1L, 0L, 0L), .Dim = 4:3, .Dimnames = structure(list(c("-1", 
    "0", "1", NA), c("A", "G", NA)), .Names = c("", "")), class = "table"), 
    All.Tags = list(Concordant = list(Freqs = structure(c(0, 
    269, 0, 0, 249, 0), .Dim = 3:2, .Dimnames = list(c("-1", 
    "0", "1"), c("A", "G"))), N = 518), Majority = list(Freqs = structure(c(0, 
    296, 0, 0, 280, 0), .Dim = 3:2, .Dimnames = list(c("-1", 
    "0", "1"), c("A", "G"))), N = 576)), `2` = structure(c(0, 
    238, 0, 0, 225, 0), .Dim = 3:2, .Dimnames = list(c("-1", 
    "0", "1"), c("A", "G"))))))
