Results <-
list(`bwa.out//20220204//BlindCMMRD76_S35.sam` = list(GM11_SNP1 = list(
    All = list(Freqs = structure(c(0L, 0L, 6L, 0L, 0L, 1L, 72L, 
    5948L, 40L, 9L, 0L, 0L, 26L, 0L, 0L), .Dim = c(5L, 3L), .Dimnames = structure(list(
        c("-2", "-1", "0", "1", NA), c("A", "G", NA)), .Names = c("", 
    "")), class = "table"), N = 6102L), Tag.Distribution = structure(c(`1` = 97L, 
    `2` = 41L, `3` = 42L, `4` = 38L, `5` = 22L, `6` = 34L, `7` = 31L, 
    `8` = 27L, `9` = 12L, `10` = 23L, `11` = 14L, `12` = 15L, 
    `13` = 22L, `14` = 21L, `15` = 13L, `16` = 13L, `17` = 16L, 
    `18` = 8L, `19` = 11L, `20` = 14L, `21` = 10L, `22` = 8L, 
    `23` = 9L, `24` = 16L, `25` = 7L, `26` = 7L, `27` = 5L, `28` = 4L, 
    `29` = 2L, `30` = 2L, `31` = 1L, `33` = 2L, `34` = 4L, `35` = 1L, 
    `36` = 1L, `38` = 3L, `39` = 1L, `40` = 1L, `44` = 1L, `53` = 1L
    ), .Dim = 40L, .Dimnames = list(TagUsage = c("1", "2", "3", 
    "4", "5", "6", "7", "8", "9", "10", "11", "12", "13", "14", 
    "15", "16", "17", "18", "19", "20", "21", "22", "23", "24", 
    "25", "26", "27", "28", "29", "30", "31", "33", "34", "35", 
    "36", "38", "39", "40", "44", "53")), class = "table"), No.Tag = structure(c(0L, 
    0L, 0L, 0L, 0L, 0L, 0L, 44L, 0L, 1L, 0L, 0L, 0L, 0L, 0L), .Dim = c(5L, 
    3L), .Dimnames = structure(list(c("-2", "-1", "0", "1", NA
    ), c("A", "G", NA)), .Names = c("", "")), class = "table"), 
    All.Tags = list(Concordant = list(Freqs = structure(c(0, 
    0, 5, 0, 0, 3, 516, 1), .Dim = c(4L, 2L), .Dimnames = list(
        c("-2", "-1", "0", "1"), c("A", "G"))), N = 525), Majority = list(
        Freqs = structure(c(0, 0, 5, 0, 0, 3, 582, 1), .Dim = c(4L, 
        2L), .Dimnames = list(c("-2", "-1", "0", "1"), c("A", 
        "G"))), N = 591)), `2` = structure(c(0, 0, 0, 0, 0, 2, 
    498, 1), .Dim = c(4L, 2L), .Dimnames = list(c("-2", "-1", 
    "0", "1"), c("A", "G"))))))
