Results <-
list(`bwa.out//20220204//BlindCMMRD88_S47.sam` = list(IM16_SNP1 = list(
    All = list(Freqs = structure(c(0L, 6L, 0L, 0L, 0L, 0L, 1L, 
    0L, 0L, 0L, 68L, 5695L, 97L, 1L, 4L, 0L, 61L, 8L, 0L, 0L), .Dim = 5:4, .Dimnames = structure(list(
        c("-1", "0", "1", "2", NA), c("A", "C", "G", NA)), .Names = c("", 
    "")), class = "table"), N = 5941L), Tag.Distribution = structure(c(`1` = 125L, 
    `2` = 64L, `3` = 52L, `4` = 33L, `5` = 43L, `6` = 29L, `7` = 28L, 
    `8` = 24L, `9` = 20L, `10` = 24L, `11` = 12L, `12` = 14L, 
    `13` = 11L, `14` = 6L, `15` = 11L, `16` = 10L, `17` = 12L, 
    `18` = 6L, `19` = 10L, `20` = 10L, `21` = 4L, `22` = 4L, 
    `23` = 5L, `24` = 4L, `25` = 2L, `26` = 5L, `27` = 6L, `28` = 6L, 
    `29` = 3L, `30` = 7L, `31` = 2L, `32` = 5L, `33` = 2L, `34` = 4L, 
    `35` = 4L, `36` = 2L, `37` = 3L, `38` = 1L, `39` = 3L, `41` = 1L, 
    `42` = 2L, `44` = 2L, `46` = 1L, `48` = 1L, `50` = 1L), .Dim = 45L, .Dimnames = list(
        TagUsage = c("1", "2", "3", "4", "5", "6", "7", "8", 
        "9", "10", "11", "12", "13", "14", "15", "16", "17", 
        "18", "19", "20", "21", "22", "23", "24", "25", "26", 
        "27", "28", "29", "30", "31", "32", "33", "34", "35", 
        "36", "37", "38", "39", "41", "42", "44", "46", "48", 
        "50")), class = "table"), No.Tag = structure(c(0L, 3L, 
    0L, 0L, 0L, 0L, 0L, 0L, 0L, 0L, 2L, 177L, 6L, 0L, 0L, 0L, 
    12L, 0L, 0L, 0L), .Dim = 5:4, .Dimnames = structure(list(
        c("-1", "0", "1", "2", NA), c("A", "C", "G", NA)), .Names = c("", 
    "")), class = "table"), All.Tags = list(Concordant = list(
        Freqs = structure(c(0, 3, 0, 0, 0, 0, 0, 0, 4, 511, 2, 
        0), .Dim = 4:3, .Dimnames = list(c("-1", "0", "1", "2"
        ), c("A", "C", "G"))), N = 520), Majority = list(Freqs = structure(c(0, 
    3, 0, 0, 0, 0, 0, 0, 4, 604, 3, 0), .Dim = 4:3, .Dimnames = list(
        c("-1", "0", "1", "2"), c("A", "C", "G"))), N = 614)), 
    `2` = structure(c(0, 0, 0, 0, 0, 0, 0, 0, 2, 489, 2, 0), .Dim = 4:3, .Dimnames = list(
        c("-1", "0", "1", "2"), c("A", "C", "G"))))))
