Results <-
list(`bwa.out//20220204//BlindCMMRD82_S41.sam` = list(GM01_SNP1 = list(
    All = list(Freqs = structure(c(0L, 0L, 53L, 0L, 0L, 2L, 104L, 
    7754L, 24L, 6L, 0L, 1L, 79L, 0L, 0L), .Dim = c(5L, 3L), .Dimnames = structure(list(
        c("-2", "-1", "0", "1", NA), c("A", "G", NA)), .Names = c("", 
    "")), class = "table"), N = 8023L), Tag.Distribution = structure(c(`1` = 128L, 
    `2` = 82L, `3` = 85L, `4` = 66L, `5` = 58L, `6` = 56L, `7` = 55L, 
    `8` = 53L, `9` = 42L, `10` = 45L, `11` = 29L, `12` = 29L, 
    `13` = 33L, `14` = 19L, `15` = 23L, `16` = 23L, `17` = 17L, 
    `18` = 10L, `19` = 18L, `20` = 9L, `21` = 7L, `22` = 11L, 
    `23` = 8L, `24` = 2L, `25` = 5L, `26` = 3L, `27` = 5L, `28` = 3L, 
    `29` = 2L, `30` = 2L, `31` = 3L, `32` = 1L, `34` = 1L, `35` = 1L, 
    `37` = 1L, `38` = 1L, `40` = 3L, `41` = 2L, `42` = 1L, `46` = 1L, 
    `48` = 1L), .Dim = 41L, .Dimnames = list(TagUsage = c("1", 
    "2", "3", "4", "5", "6", "7", "8", "9", "10", "11", "12", 
    "13", "14", "15", "16", "17", "18", "19", "20", "21", "22", 
    "23", "24", "25", "26", "27", "28", "29", "30", "31", "32", 
    "34", "35", "37", "38", "40", "41", "42", "46", "48")), class = "table"), 
    No.Tag = structure(c(0L, 0L, 1L, 0L, 0L, 0L, 0L, 109L, 2L, 
    0L, 0L, 0L, 3L, 0L, 0L), .Dim = c(5L, 3L), .Dimnames = structure(list(
        c("-2", "-1", "0", "1", NA), c("A", "G", NA)), .Names = c("", 
    "")), class = "table"), All.Tags = list(Concordant = list(
        Freqs = structure(c(0, 0, 11, 0, 0, 2, 819, 2), .Dim = c(4L, 
        2L), .Dimnames = list(c("-2", "-1", "0", "1"), c("A", 
        "G"))), N = 834), Majority = list(Freqs = structure(c(0, 
    0, 12, 0, 0, 2, 919, 2), .Dim = c(4L, 2L), .Dimnames = list(
        c("-2", "-1", "0", "1"), c("A", "G"))), N = 935)), `2` = structure(c(0, 
    0, 7, 0, 0, 1, 806, 1), .Dim = c(4L, 2L), .Dimnames = list(
        c("-2", "-1", "0", "1"), c("A", "G"))))))
