Results <-
list(`bwa.out//20220204//17D0944_S7.sam` = list(LR44_SNP1 = list(
    All = list(Freqs = structure(c(11L, 296L, 4357L, 46L, 2L, 
    29L, 0L, 0L, 3L, 0L, 0L, 1L, 0L, 2L, 80L, 0L, 0L, 0L), .Dim = c(6L, 
    3L), .Dimnames = structure(list(c("-2", "-1", "0", "1", "2", 
    NA), c("C", "T", NA)), .Names = c("", "")), class = "table"), 
        N = 4827L), Tag.Distribution = structure(c(`1` = 127L, 
    `2` = 39L, `3` = 54L, `4` = 35L, `5` = 37L, `6` = 28L, `7` = 33L, 
    `8` = 25L, `9` = 20L, `10` = 24L, `11` = 25L, `12` = 8L, 
    `13` = 7L, `14` = 17L, `15` = 11L, `16` = 13L, `17` = 9L, 
    `18` = 6L, `19` = 7L, `20` = 8L, `21` = 4L, `22` = 6L, `23` = 4L, 
    `24` = 2L, `25` = 4L, `26` = 8L, `27` = 2L, `28` = 1L, `29` = 2L, 
    `30` = 1L, `31` = 1L, `32` = 2L, `33` = 2L, `34` = 1L, `35` = 2L, 
    `36` = 4L, `37` = 1L, `41` = 1L, `42` = 1L, `45` = 1L), .Dim = 40L, .Dimnames = list(
        TagUsage = c("1", "2", "3", "4", "5", "6", "7", "8", 
        "9", "10", "11", "12", "13", "14", "15", "16", "17", 
        "18", "19", "20", "21", "22", "23", "24", "25", "26", 
        "27", "28", "29", "30", "31", "32", "33", "34", "35", 
        "36", "37", "41", "42", "45")), class = "table"), No.Tag = structure(c(1L, 
    4L, 75L, 0L, 0L, 0L, 0L, 0L, 0L, 0L, 0L, 0L, 0L, 0L, 1L, 
    0L, 0L, 0L), .Dim = c(6L, 3L), .Dimnames = structure(list(
        c("-2", "-1", "0", "1", "2", NA), c("C", "T", NA)), .Names = c("", 
    "")), class = "table"), All.Tags = list(Concordant = list(
        Freqs = structure(c(0, 12, 354, 1, 0, 0, 0, 3, 0, 0), .Dim = c(5L, 
        2L), .Dimnames = list(c("-2", "-1", "0", "1", "2"), c("C", 
        "T"))), N = 370), Majority = list(Freqs = structure(c(0, 
    15, 546, 1, 0, 0, 0, 3, 0, 0), .Dim = c(5L, 2L), .Dimnames = list(
        c("-2", "-1", "0", "1", "2"), c("C", "T"))), N = 565)), 
    `2` = structure(c(0, 5, 443, 0, 0, 0, 0, 0, 0, 0), .Dim = c(5L, 
    2L), .Dimnames = list(c("-2", "-1", "0", "1", "2"), c("C", 
    "T"))))))
