Results <-
list(`bwa.out//20220204//BlindCMMRD64_S23.sam` = list(LR52_SNP1 = list(
    All = list(Freqs = structure(c(3L, 11L, 216L, 1634L, 11L, 
    16L, 4L, 14L, 181L, 2508L, 19L, 25L, 0L, 0L, 14L, 674L, 2L, 
    0L), .Dim = c(6L, 3L), .Dimnames = structure(list(c("-3", 
    "-2", "-1", "0", "1", NA), c("C", "T", NA)), .Names = c("", 
    "")), class = "table"), N = 5332L), Tag.Distribution = structure(c(`1` = 79L, 
    `2` = 53L, `3` = 50L, `4` = 36L, `5` = 27L, `6` = 39L, `7` = 29L, 
    `8` = 15L, `9` = 23L, `10` = 19L, `11` = 15L, `12` = 17L, 
    `13` = 18L, `14` = 11L, `15` = 20L, `16` = 9L, `17` = 9L, 
    `18` = 11L, `19` = 8L, `20` = 11L, `21` = 7L, `22` = 4L, 
    `23` = 2L, `24` = 6L, `25` = 8L, `26` = 3L, `27` = 2L, `28` = 2L, 
    `29` = 2L, `30` = 1L, `31` = 6L, `32` = 2L, `33` = 2L, `34` = 3L, 
    `35` = 3L, `36` = 1L, `37` = 2L, `38` = 1L, `39` = 1L, `42` = 1L, 
    `46` = 1L, `51` = 1L), .Dim = 42L, .Dimnames = list(TagUsage = c("1", 
    "2", "3", "4", "5", "6", "7", "8", "9", "10", "11", "12", 
    "13", "14", "15", "16", "17", "18", "19", "20", "21", "22", 
    "23", "24", "25", "26", "27", "28", "29", "30", "31", "32", 
    "33", "34", "35", "36", "37", "38", "39", "42", "46", "51"
    )), class = "table"), No.Tag = structure(c(0L, 0L, 8L, 34L, 
    0L, 0L, 0L, 0L, 0L, 32L, 0L, 0L, 0L, 0L, 0L, 16L, 0L, 0L), .Dim = c(6L, 
    3L), .Dimnames = structure(list(c("-3", "-2", "-1", "0", 
    "1", NA), c("C", "T", NA)), .Names = c("", "")), class = "table"), 
    All.Tags = list(Concordant = list(Freqs = structure(c(0, 
    0, 9, 146, 0, 0, 0, 0, 158, 1), .Dim = c(5L, 2L), .Dimnames = list(
        c("-3", "-2", "-1", "0", "1"), c("C", "T"))), N = 314), 
        Majority = list(Freqs = structure(c(0, 0, 12, 241, 0, 
        0, 0, 1, 287, 1), .Dim = c(5L, 2L), .Dimnames = list(
            c("-3", "-2", "-1", "0", "1"), c("C", "T"))), N = 542)), 
    `2` = structure(c(0, 0, 8, 208, 0, 0, 0, 1, 254, 0), .Dim = c(5L, 
    2L), .Dimnames = list(c("-3", "-2", "-1", "0", "1"), c("C", 
    "T"))))))
