Results <-
list(`bwa.out//20220204//BlindCMMRD81_S40.sam` = list(GM01_SNP1 = list(
    All = list(Freqs = structure(c(46L, 3563L, 8L, 3L, 43L, 3004L, 
    12L, 8L, 0L, 2L, 0L, 0L, 9L, 58L, 0L, 0L), .Dim = c(4L, 4L
    ), .Dimnames = structure(list(c("-1", "0", "1", NA), c("A", 
    "G", "T", NA)), .Names = c("", "")), class = "table"), N = 6756L), 
    Tag.Distribution = structure(c(`1` = 109L, `2` = 46L, `3` = 68L, 
    `4` = 67L, `5` = 57L, `6` = 45L, `7` = 51L, `8` = 30L, `9` = 34L, 
    `10` = 39L, `11` = 40L, `12` = 23L, `13` = 28L, `14` = 20L, 
    `15` = 14L, `16` = 18L, `17` = 13L, `18` = 18L, `19` = 10L, 
    `20` = 6L, `21` = 7L, `22` = 6L, `23` = 4L, `24` = 6L, `25` = 5L, 
    `26` = 2L, `27` = 4L, `28` = 4L, `29` = 1L, `30` = 3L, `31` = 1L, 
    `32` = 2L, `33` = 1L, `35` = 4L, `36` = 1L, `37` = 1L, `41` = 1L
    ), .Dim = 37L, .Dimnames = list(TagUsage = c("1", "2", "3", 
    "4", "5", "6", "7", "8", "9", "10", "11", "12", "13", "14", 
    "15", "16", "17", "18", "19", "20", "21", "22", "23", "24", 
    "25", "26", "27", "28", "29", "30", "31", "32", "33", "35", 
    "36", "37", "41")), class = "table"), No.Tag = structure(c(3L, 
    59L, 0L, 0L, 1L, 42L, 0L, 0L, 0L, 0L, 0L, 0L, 0L, 4L, 0L, 
    0L), .Dim = c(4L, 4L), .Dimnames = structure(list(c("-1", 
    "0", "1", NA), c("A", "G", "T", NA)), .Names = c("", "")), class = "table"), 
    All.Tags = list(Concordant = list(Freqs = structure(c(0, 
    334, 0, 1, 296, 0, 0, 0, 0), .Dim = c(3L, 3L), .Dimnames = list(
        c("-1", "0", "1"), c("A", "G", "T"))), N = 631), Majority = list(
        Freqs = structure(c(0, 404, 0, 1, 373, 0, 0, 0, 0), .Dim = c(3L, 
        3L), .Dimnames = list(c("-1", "0", "1"), c("A", "G", 
        "T"))), N = 778)), `2` = structure(c(0, 355, 0, 0, 321, 
    0, 0, 0, 0), .Dim = c(3L, 3L), .Dimnames = list(c("-1", "0", 
    "1"), c("A", "G", "T"))))))
