Results <-
list(`bwa.out//20220204//BlindCMMRD71_S30.sam` = list(IM16_SNP1 = list(
    All = list(Freqs = structure(c(3L, 94L, 7320L, 117L, 2L, 
    5L, 0L, 0L, 4L, 0L, 0L, 0L, 0L, 1L, 79L, 2L, 0L, 0L), .Dim = c(6L, 
    3L), .Dimnames = structure(list(c("-2", "-1", "0", "1", "2", 
    NA), c("A", "G", NA)), .Names = c("", "")), class = "table"), 
        N = 7627L), Tag.Distribution = structure(c(`1` = 114L, 
    `2` = 20L, `3` = 16L, `4` = 21L, `5` = 17L, `6` = 26L, `7` = 13L, 
    `8` = 17L, `9` = 23L, `10` = 16L, `11` = 15L, `12` = 23L, 
    `13` = 10L, `14` = 17L, `15` = 21L, `16` = 10L, `17` = 9L, 
    `18` = 10L, `19` = 5L, `20` = 8L, `21` = 9L, `22` = 10L, 
    `23` = 7L, `24` = 5L, `25` = 8L, `26` = 2L, `27` = 5L, `28` = 3L, 
    `29` = 5L, `30` = 3L, `31` = 3L, `32` = 4L, `33` = 1L, `34` = 3L, 
    `35` = 9L, `36` = 3L, `37` = 3L, `38` = 2L, `40` = 2L, `41` = 4L, 
    `42` = 2L, `43` = 6L, `44` = 1L, `45` = 3L, `47` = 2L, `48` = 2L, 
    `49` = 2L, `50` = 2L, `51` = 3L, `52` = 1L, `53` = 1L, `54` = 1L, 
    `56` = 3L, `57` = 1L, `58` = 2L, `59` = 1L, `65` = 1L, `69` = 1L, 
    `70` = 1L), .Dim = 59L, .Dimnames = list(TagUsage = c("1", 
    "2", "3", "4", "5", "6", "7", "8", "9", "10", "11", "12", 
    "13", "14", "15", "16", "17", "18", "19", "20", "21", "22", 
    "23", "24", "25", "26", "27", "28", "29", "30", "31", "32", 
    "33", "34", "35", "36", "37", "38", "40", "41", "42", "43", 
    "44", "45", "47", "48", "49", "50", "51", "52", "53", "54", 
    "56", "57", "58", "59", "65", "69", "70")), class = "table"), 
    No.Tag = structure(c(0L, 0L, 171L, 6L, 0L, 2L, 0L, 0L, 1L, 
    0L, 0L, 0L, 0L, 0L, 23L, 0L, 0L, 0L), .Dim = c(6L, 3L), .Dimnames = structure(list(
        c("-2", "-1", "0", "1", "2", NA), c("A", "G", NA)), .Names = c("", 
    "")), class = "table"), All.Tags = list(Concordant = list(
        Freqs = structure(c(0, 2, 402, 0, 1, 0, 0, 3, 0, 0), .Dim = c(5L, 
        2L), .Dimnames = list(c("-2", "-1", "0", "1", "2"), c("A", 
        "G"))), N = 408), Majority = list(Freqs = structure(c(0, 
    2, 515, 2, 1, 0, 0, 3, 0, 0), .Dim = c(5L, 2L), .Dimnames = list(
        c("-2", "-1", "0", "1", "2"), c("A", "G"))), N = 523)), 
    `2` = structure(c(0, 2, 420, 2, 0, 0, 0, 0, 0, 0), .Dim = c(5L, 
    2L), .Dimnames = list(c("-2", "-1", "0", "1", "2"), c("A", 
    "G"))))))
