Results <-
list(`bwa.out//20220204//BlindCMMRD97_S56.sam` = list(GM01_SNP1 = list(
    All = list(Freqs = structure(c(0L, 1L, 0L, 0L, 46L, 3719L, 
    14L, 3L, 46L, 4147L, 10L, 6L, 2L, 78L, 0L, 0L), .Dim = c(4L, 
    4L), .Dimnames = structure(list(c("-1", "0", "1", NA), c("-", 
    "A", "G", NA)), .Names = c("", "")), class = "table"), N = 8072L), 
    Tag.Distribution = structure(c(`1` = 142L, `2` = 64L, `3` = 71L, 
    `4` = 59L, `5` = 55L, `6` = 51L, `7` = 48L, `8` = 35L, `9` = 47L, 
    `10` = 32L, `11` = 22L, `12` = 29L, `13` = 27L, `14` = 15L, 
    `15` = 11L, `16` = 21L, `17` = 23L, `18` = 17L, `19` = 12L, 
    `20` = 11L, `21` = 14L, `22` = 8L, `23` = 12L, `24` = 8L, 
    `25` = 6L, `26` = 4L, `27` = 4L, `28` = 4L, `29` = 3L, `30` = 5L, 
    `31` = 5L, `32` = 3L, `33` = 3L, `34` = 1L, `37` = 1L, `38` = 4L, 
    `39` = 1L, `40` = 1L, `42` = 1L, `49` = 1L, `51` = 1L, `55` = 1L
    ), .Dim = 42L, .Dimnames = list(TagUsage = c("1", "2", "3", 
    "4", "5", "6", "7", "8", "9", "10", "11", "12", "13", "14", 
    "15", "16", "17", "18", "19", "20", "21", "22", "23", "24", 
    "25", "26", "27", "28", "29", "30", "31", "32", "33", "34", 
    "37", "38", "39", "40", "42", "49", "51", "55")), class = "table"), 
    No.Tag = structure(c(0L, 0L, 0L, 0L, 0L, 29L, 0L, 0L, 1L, 
    85L, 0L, 0L, 0L, 3L, 0L, 0L), .Dim = c(4L, 4L), .Dimnames = structure(list(
        c("-1", "0", "1", NA), c("-", "A", "G", NA)), .Names = c("", 
    "")), class = "table"), All.Tags = list(Concordant = list(
        Freqs = structure(c(0, 0, 0, 0, 364, 0, 1, 358, 1), .Dim = c(3L, 
        3L), .Dimnames = list(c("-1", "0", "1"), c("-", "A", 
        "G"))), N = 724), Majority = list(Freqs = structure(c(0, 
    0, 0, 0, 443, 0, 1, 428, 1), .Dim = c(3L, 3L), .Dimnames = list(
        c("-1", "0", "1"), c("-", "A", "G"))), N = 873)), `2` = structure(c(0, 
    0, 0, 0, 370, 0, 0, 365, 0), .Dim = c(3L, 3L), .Dimnames = list(
        c("-1", "0", "1"), c("-", "A", "G"))))))
