Results <-
list(`bwa.out//20220204//BlindCMMRD93_S52.sam` = list(LR46_SNP1 = list(
    All = list(Freqs = structure(c(1L, 21L, 2305L, 1L, 8L, 0L, 
    0L, 8L, 0L, 0L, 0L, 1L, 21L, 0L, 0L), .Dim = c(5L, 3L), .Dimnames = structure(list(
        c("-2", "-1", "0", "1", NA), c("G", "T", NA)), .Names = c("", 
    "")), class = "table"), N = 2366L), Tag.Distribution = structure(c(`1` = 81L, 
    `2` = 39L, `3` = 21L, `4` = 18L, `5` = 21L, `6` = 20L, `7` = 14L, 
    `8` = 23L, `9` = 12L, `10` = 10L, `11` = 11L, `12` = 4L, 
    `13` = 11L, `14` = 6L, `15` = 7L, `16` = 6L, `17` = 3L, `18` = 2L, 
    `19` = 3L, `20` = 3L, `21` = 6L, `22` = 4L, `23` = 1L, `24` = 3L, 
    `25` = 1L, `26` = 3L, `27` = 1L, `43` = 1L), .Dim = 28L, .Dimnames = list(
        TagUsage = c("1", "2", "3", "4", "5", "6", "7", "8", 
        "9", "10", "11", "12", "13", "14", "15", "16", "17", 
        "18", "19", "20", "21", "22", "23", "24", "25", "26", 
        "27", "43")), class = "table"), No.Tag = structure(c(0L, 
    0L, 67L, 0L, 4L, 0L, 0L, 1L, 0L, 0L, 0L, 0L, 2L, 0L, 0L), .Dim = c(5L, 
    3L), .Dimnames = structure(list(c("-2", "-1", "0", "1", NA
    ), c("G", "T", NA)), .Names = c("", "")), class = "table"), 
    All.Tags = list(Concordant = list(Freqs = structure(c(0, 
    1, 314, 0, 0, 0, 7, 0), .Dim = c(4L, 2L), .Dimnames = list(
        c("-2", "-1", "0", "1"), c("G", "T"))), N = 322), Majority = list(
        Freqs = structure(c(0, 1, 322, 0, 0, 0, 7, 0), .Dim = c(4L, 
        2L), .Dimnames = list(c("-2", "-1", "0", "1"), c("G", 
        "T"))), N = 330)), `2` = structure(c(0, 1, 252, 0, 0, 
    0, 0, 0), .Dim = c(4L, 2L), .Dimnames = list(c("-2", "-1", 
    "0", "1"), c("G", "T"))))))
