Results <-
list(`bwa.out//20220204//BlindCMMRD78_S37.sam` = list(LR46_SNP1 = list(
    All = list(Freqs = structure(c(5L, 1710L, 4L, 5L, 6L, 1672L, 
    2L, 1L, 1L, 13L, 0L, 0L), .Dim = 4:3, .Dimnames = structure(list(
        c("-1", "0", "1", NA), c("G", "T", NA)), .Names = c("", 
    "")), class = "table"), N = 3419L), Tag.Distribution = structure(c(`1` = 84L, 
    `2` = 36L, `3` = 31L, `4` = 27L, `5` = 30L, `6` = 28L, `7` = 28L, 
    `8` = 14L, `9` = 22L, `10` = 19L, `11` = 17L, `12` = 12L, 
    `13` = 8L, `14` = 5L, `15` = 8L, `16` = 7L, `17` = 7L, `18` = 4L, 
    `19` = 4L, `20` = 6L, `21` = 7L, `22` = 4L, `23` = 3L, `24` = 3L, 
    `25` = 1L, `26` = 5L, `27` = 3L, `28` = 2L, `30` = 1L, `31` = 1L, 
    `33` = 1L, `36` = 1L, `42` = 1L), .Dim = 33L, .Dimnames = list(
        TagUsage = c("1", "2", "3", "4", "5", "6", "7", "8", 
        "9", "10", "11", "12", "13", "14", "15", "16", "17", 
        "18", "19", "20", "21", "22", "23", "24", "25", "26", 
        "27", "28", "30", "31", "33", "36", "42")), class = "table"), 
    No.Tag = structure(c(0L, 48L, 0L, 1L, 0L, 32L, 0L, 0L, 0L, 
    3L, 0L, 0L), .Dim = 4:3, .Dimnames = structure(list(c("-1", 
    "0", "1", NA), c("G", "T", NA)), .Names = c("", "")), class = "table"), 
    All.Tags = list(Concordant = list(Freqs = structure(c(0, 
    200, 0, 0, 197, 0), .Dim = 3:2, .Dimnames = list(c("-1", 
    "0", "1"), c("G", "T"))), N = 397), Majority = list(Freqs = structure(c(0, 
    214, 0, 0, 212, 0), .Dim = 3:2, .Dimnames = list(c("-1", 
    "0", "1"), c("G", "T"))), N = 426)), `2` = structure(c(0, 
    176, 0, 0, 168, 0), .Dim = 3:2, .Dimnames = list(c("-1", 
    "0", "1"), c("G", "T"))))))
