Results <-
list(`bwa.out//20220204//BlindCMMRD90_S49.sam` = list(IM16_SNP1 = list(
    All = list(Freqs = structure(c(0L, 0L, 5L, 0L, 0L, 0L, 0L, 
    1L, 0L, 0L, 2L, 58L, 5439L, 67L, 5L, 0L, 0L, 66L, 2L, 0L), .Dim = 5:4, .Dimnames = structure(list(
        c("-2", "-1", "0", "1", NA), c("A", "C", "G", NA)), .Names = c("", 
    "")), class = "table"), N = 5645L), Tag.Distribution = structure(c(`1` = 121L, 
    `2` = 75L, `3` = 58L, `4` = 63L, `5` = 38L, `6` = 46L, `7` = 37L, 
    `8` = 27L, `9` = 28L, `10` = 21L, `11` = 23L, `12` = 28L, 
    `13` = 18L, `14` = 11L, `15` = 11L, `16` = 12L, `17` = 7L, 
    `18` = 10L, `19` = 7L, `20` = 8L, `21` = 4L, `22` = 6L, `23` = 5L, 
    `24` = 4L, `25` = 1L, `26` = 3L, `27` = 6L, `28` = 3L, `29` = 1L, 
    `30` = 6L, `31` = 1L, `32` = 1L, `33` = 2L, `34` = 2L, `35` = 1L, 
    `36` = 1L, `37` = 1L, `39` = 1L, `41` = 1L, `42` = 1L, `44` = 1L
    ), .Dim = 41L, .Dimnames = list(TagUsage = c("1", "2", "3", 
    "4", "5", "6", "7", "8", "9", "10", "11", "12", "13", "14", 
    "15", "16", "17", "18", "19", "20", "21", "22", "23", "24", 
    "25", "26", "27", "28", "29", "30", "31", "32", "33", "34", 
    "35", "36", "37", "39", "41", "42", "44")), class = "table"), 
    No.Tag = structure(c(0L, 0L, 0L, 0L, 0L, 0L, 0L, 0L, 0L, 
    0L, 0L, 2L, 144L, 2L, 1L, 0L, 0L, 14L, 0L, 0L), .Dim = 5:4, .Dimnames = structure(list(
        c("-2", "-1", "0", "1", NA), c("A", "C", "G", NA)), .Names = c("", 
    "")), class = "table"), All.Tags = list(Concordant = list(
        Freqs = structure(c(0, 0, 3, 0, 0, 0, 0, 0, 0, 2, 594, 
        1), .Dim = 4:3, .Dimnames = list(c("-2", "-1", "0", "1"
        ), c("A", "C", "G"))), N = 600), Majority = list(Freqs = structure(c(0, 
    0, 3, 0, 0, 0, 0, 0, 0, 2, 688, 2), .Dim = 4:3, .Dimnames = list(
        c("-2", "-1", "0", "1"), c("A", "C", "G"))), N = 695)), 
    `2` = structure(c(0, 0, 0, 0, 0, 0, 0, 0, 0, 1, 576, 1), .Dim = 4:3, .Dimnames = list(
        c("-2", "-1", "0", "1"), c("A", "C", "G"))))))
