Results <-
list(`bwa.out//20220204//BlindCMMRD92_S51.sam` = list(GM11_SNP1 = list(
    All = list(Freqs = structure(c(0L, 25L, 0L, 0L, 41L, 5854L, 
    31L, 5L, 0L, 36L, 0L, 0L), .Dim = 4:3, .Dimnames = structure(list(
        c("-1", "0", "1", NA), c("A", "G", NA)), .Names = c("", 
    "")), class = "table"), N = 5992L), Tag.Distribution = structure(c(`1` = 115L, 
    `2` = 54L, `3` = 35L, `4` = 43L, `5` = 35L, `6` = 33L, `7` = 24L, 
    `8` = 29L, `9` = 28L, `10` = 17L, `11` = 16L, `12` = 22L, 
    `13` = 12L, `14` = 11L, `15` = 12L, `16` = 16L, `17` = 17L, 
    `18` = 10L, `19` = 11L, `20` = 11L, `21` = 3L, `22` = 8L, 
    `23` = 4L, `24` = 6L, `25` = 7L, `26` = 3L, `27` = 9L, `28` = 3L, 
    `29` = 2L, `30` = 1L, `31` = 2L, `32` = 5L, `34` = 4L, `35` = 2L, 
    `36` = 5L, `37` = 1L, `42` = 1L, `47` = 1L, `56` = 1L, `60` = 1L, 
    `63` = 1L), .Dim = 41L, .Dimnames = list(TagUsage = c("1", 
    "2", "3", "4", "5", "6", "7", "8", "9", "10", "11", "12", 
    "13", "14", "15", "16", "17", "18", "19", "20", "21", "22", 
    "23", "24", "25", "26", "27", "28", "29", "30", "31", "32", 
    "34", "35", "36", "37", "42", "47", "56", "60", "63")), class = "table"), 
    No.Tag = structure(c(0L, 2L, 0L, 0L, 0L, 152L, 1L, 0L, 0L, 
    2L, 0L, 0L), .Dim = 4:3, .Dimnames = structure(list(c("-1", 
    "0", "1", NA), c("A", "G", NA)), .Names = c("", "")), class = "table"), 
    All.Tags = list(Concordant = list(Freqs = structure(c(0, 
    15, 0, 1, 531, 0), .Dim = 3:2, .Dimnames = list(c("-1", "0", 
    "1"), c("A", "G"))), N = 547), Majority = list(Freqs = structure(c(0, 
    15, 0, 2, 595, 0), .Dim = 3:2, .Dimnames = list(c("-1", "0", 
    "1"), c("A", "G"))), N = 612)), `2` = structure(c(0, 0, 0, 
    1, 504, 0), .Dim = 3:2, .Dimnames = list(c("-1", "0", "1"
    ), c("A", "G"))))))
