Results <-
list(`bwa.out//20220204//BlindCMMRD85_S44.sam` = list(GM17_SNP1 = list(
    All = list(Freqs = structure(c(1L, 37L, 3926L, 7L, 2L, 0L, 
    1L, 5L, 0L, 0L, 0L, 0L, 34L, 0L, 0L), .Dim = c(5L, 3L), .Dimnames = structure(list(
        c("-2", "-1", "0", "1", NA), c("C", "T", NA)), .Names = c("", 
    "")), class = "table"), N = 4013L), Tag.Distribution = structure(c(`1` = 101L, 
    `2` = 52L, `3` = 49L, `4` = 48L, `5` = 49L, `6` = 32L, `7` = 27L, 
    `8` = 23L, `9` = 18L, `10` = 8L, `11` = 13L, `12` = 16L, 
    `13` = 7L, `14` = 12L, `15` = 9L, `16` = 8L, `17` = 11L, 
    `18` = 8L, `19` = 7L, `20` = 9L, `21` = 8L, `22` = 4L, `23` = 4L, 
    `24` = 2L, `25` = 5L, `26` = 1L, `27` = 1L, `28` = 3L, `30` = 1L, 
    `38` = 2L, `40` = 1L), .Dim = 31L, .Dimnames = list(TagUsage = c("1", 
    "2", "3", "4", "5", "6", "7", "8", "9", "10", "11", "12", 
    "13", "14", "15", "16", "17", "18", "19", "20", "21", "22", 
    "23", "24", "25", "26", "27", "28", "30", "38", "40")), class = "table"), 
    No.Tag = structure(c(0L, 2L, 105L, 0L, 0L, 0L, 0L, 1L, 0L, 
    0L, 0L, 0L, 4L, 0L, 0L), .Dim = c(5L, 3L), .Dimnames = structure(list(
        c("-2", "-1", "0", "1", NA), c("C", "T", NA)), .Names = c("", 
    "")), class = "table"), All.Tags = list(Concordant = list(
        Freqs = structure(c(0, 4, 489, 0, 0, 0, 3, 0), .Dim = c(4L, 
        2L), .Dimnames = list(c("-2", "-1", "0", "1"), c("C", 
        "T"))), N = 496), Majority = list(Freqs = structure(c(0, 
    4, 524, 0, 0, 0, 3, 0), .Dim = c(4L, 2L), .Dimnames = list(
        c("-2", "-1", "0", "1"), c("C", "T"))), N = 531)), `2` = structure(c(0, 
    0, 435, 0, 0, 0, 0, 0), .Dim = c(4L, 2L), .Dimnames = list(
        c("-2", "-1", "0", "1"), c("C", "T"))))))
