Results <-
list(`bwa.out//20220204//BlindCMMRD57_S16.sam` = list(GM09_SNP1 = list(
    All = list(Freqs = structure(c(4L, 2569L, 2L, 12L, 2449L, 
    2L, 0L, 30L, 0L), .Dim = c(3L, 3L), .Dimnames = structure(list(
        c("-1", "0", "1"), c("A", "G", NA)), .Names = c("", ""
    )), class = "table"), N = 5068L), Tag.Distribution = structure(c(`1` = 128L, 
    `2` = 57L, `3` = 48L, `4` = 50L, `5` = 44L, `6` = 40L, `7` = 38L, 
    `8` = 25L, `9` = 24L, `10` = 25L, `11` = 12L, `12` = 14L, 
    `13` = 15L, `14` = 12L, `15` = 13L, `16` = 13L, `17` = 14L, 
    `18` = 6L, `19` = 7L, `20` = 7L, `21` = 10L, `22` = 6L, `23` = 5L, 
    `24` = 6L, `25` = 3L, `26` = 2L, `27` = 2L, `28` = 2L, `29` = 2L, 
    `30` = 3L, `31` = 2L, `32` = 2L, `33` = 3L, `36` = 2L, `39` = 1L
    ), .Dim = 35L, .Dimnames = list(TagUsage = c("1", "2", "3", 
    "4", "5", "6", "7", "8", "9", "10", "11", "12", "13", "14", 
    "15", "16", "17", "18", "19", "20", "21", "22", "23", "24", 
    "25", "26", "27", "28", "29", "30", "31", "32", "33", "36", 
    "39")), class = "table"), No.Tag = structure(c(0L, 56L, 0L, 
    0L, 0L, 21L, 0L, 0L, 0L, 6L, 0L, 0L), .Dim = 4:3, .Dimnames = structure(list(
        c("-1", "0", "1", NA), c("A", "G", NA)), .Names = c("", 
    "")), class = "table"), All.Tags = list(Concordant = list(
        Freqs = structure(c(1, 309, 0, 0, 268, 0), .Dim = 3:2, .Dimnames = list(
            c("-1", "0", "1"), c("A", "G"))), N = 578), Majority = list(
        Freqs = structure(c(1, 332, 0, 0, 303, 0), .Dim = 3:2, .Dimnames = list(
            c("-1", "0", "1"), c("A", "G"))), N = 636)), `2` = structure(c(0, 
    267, 0, 0, 244, 0), .Dim = 3:2, .Dimnames = list(c("-1", 
    "0", "1"), c("A", "G"))))))
