Results <-
list(`bwa.out//20220204//Control18_S11.sam` = list(GM17_SNP1 = list(
    All = list(Freqs = structure(c(0L, 14L, 1090L, 6L, 0L, 2L, 
    1457L, 21L, 0L, 8L, 0L, 5L, 2L, 0L, 0L), .Dim = c(5L, 3L), .Dimnames = structure(list(
        c("-2", "-1", "0", "1", NA), c("C", "T", NA)), .Names = c("", 
    "")), class = "table"), N = 2605L), Tag.Distribution = structure(c(`1` = 93L, 
    `2` = 39L, `3` = 35L, `4` = 28L, `5` = 35L, `6` = 22L, `7` = 11L, 
    `8` = 14L, `9` = 16L, `10` = 10L, `11` = 15L, `12` = 7L, 
    `13` = 6L, `14` = 8L, `15` = 6L, `16` = 13L, `17` = 4L, `18` = 3L, 
    `19` = 5L, `20` = 3L, `21` = 4L, `22` = 1L, `23` = 2L, `24` = 2L, 
    `25` = 2L, `26` = 1L, `28` = 1L, `29` = 1L, `30` = 1L, `36` = 1L
    ), .Dim = 30L, .Dimnames = list(TagUsage = c("1", "2", "3", 
    "4", "5", "6", "7", "8", "9", "10", "11", "12", "13", "14", 
    "15", "16", "17", "18", "19", "20", "21", "22", "23", "24", 
    "25", "26", "28", "29", "30", "36")), class = "table"), No.Tag = structure(c(0L, 
    1L, 42L, 0L, 0L, 0L, 19L, 0L, 0L, 2L, 0L, 0L, 0L, 0L, 0L), .Dim = c(5L, 
    3L), .Dimnames = structure(list(c("-2", "-1", "0", "1", NA
    ), c("C", "T", NA)), .Names = c("", "")), class = "table"), 
    All.Tags = list(Concordant = list(Freqs = structure(c(0, 
    0, 142, 0, 0, 200, 3, 0), .Dim = c(4L, 2L), .Dimnames = list(
        c("-2", "-1", "0", "1"), c("C", "T"))), N = 345), Majority = list(
        Freqs = structure(c(0, 0, 164, 0, 0, 214, 3, 0), .Dim = c(4L, 
        2L), .Dimnames = list(c("-2", "-1", "0", "1"), c("C", 
        "T"))), N = 381)), `2` = structure(c(0, 0, 132, 0, 0, 
    160, 1, 0), .Dim = c(4L, 2L), .Dimnames = list(c("-2", "-1", 
    "0", "1"), c("C", "T"))))))
