Results <-
list(`bwa.out//20220204//BlindCMMRD110_S36.sam` = list(GM17_SNP1 = list(
    All = list(Freqs = structure(c(0L, 1L, 0L, 0L, 28L, 2586L, 
    11L, 6L, 25L, 2616L, 10L, 4L, 0L, 26L, 0L, 0L), .Dim = c(4L, 
    4L), .Dimnames = structure(list(c("-1", "0", "1", NA), c("A", 
    "C", "T", NA)), .Names = c("", "")), class = "table"), N = 5313L), 
    Tag.Distribution = structure(c(`1` = 150L, `2` = 126L, `3` = 117L, 
    `4` = 102L, `5` = 103L, `6` = 66L, `7` = 53L, `8` = 53L, 
    `9` = 47L, `10` = 28L, `11` = 40L, `12` = 14L, `13` = 15L, 
    `14` = 13L, `15` = 12L, `16` = 4L, `17` = 7L, `18` = 3L, 
    `19` = 2L, `20` = 1L, `21` = 4L, `22` = 2L, `24` = 1L, `27` = 1L
    ), .Dim = 24L, .Dimnames = list(TagUsage = c("1", "2", "3", 
    "4", "5", "6", "7", "8", "9", "10", "11", "12", "13", "14", 
    "15", "16", "17", "18", "19", "20", "21", "22", "24", "27"
    )), class = "table"), No.Tag = structure(c(0L, 0L, 0L, 0L, 
    1L, 61L, 0L, 0L, 0L, 39L, 0L, 0L, 0L, 3L, 0L, 0L), .Dim = c(4L, 
    4L), .Dimnames = structure(list(c("-1", "0", "1", NA), c("A", 
    "C", "T", NA)), .Names = c("", "")), class = "table"), All.Tags = list(
        Concordant = list(Freqs = structure(c(0, 0, 0, 1, 405, 
        0, 1, 419, 0), .Dim = c(3L, 3L), .Dimnames = list(c("-1", 
        "0", "1"), c("A", "C", "T"))), N = 826), Majority = list(
            Freqs = structure(c(0, 0, 0, 1, 457, 0, 1, 486, 0
            ), .Dim = c(3L, 3L), .Dimnames = list(c("-1", "0", 
            "1"), c("A", "C", "T"))), N = 945)), `2` = structure(c(0, 
    0, 0, 1, 395, 0, 0, 403, 0), .Dim = c(3L, 3L), .Dimnames = list(
        c("-1", "0", "1"), c("A", "C", "T"))))))
