Results <-
list(`bwa.out//20220204//BlindCMMRD115_S41.sam` = list(LR10_SNP1 = list(
    All = list(Freqs = structure(c(0L, 0L, 1L, 0L, 0L, 0L, 1L, 
    101L, 3755L, 28L, 1L, 11L, 0L, 0L, 9L, 0L, 0L, 0L, 0L, 0L, 
    9L, 0L, 0L, 0L), .Dim = c(6L, 4L), .Dimnames = structure(list(
        c("-2", "-1", "0", "1", "2", NA), c("-", "C", "T", NA
        )), .Names = c("", "")), class = "table"), N = 3916L), 
    Tag.Distribution = structure(c(`1` = 238L, `2` = 186L, `3` = 145L, 
    `4` = 126L, `5` = 97L, `6` = 88L, `7` = 43L, `8` = 38L, `9` = 19L, 
    `10` = 21L, `11` = 13L, `12` = 5L, `13` = 1L, `14` = 1L, 
    `15` = 1L, `22` = 2L), .Dim = 16L, .Dimnames = list(TagUsage = c("1", 
    "2", "3", "4", "5", "6", "7", "8", "9", "10", "11", "12", 
    "13", "14", "15", "22")), class = "table"), No.Tag = structure(c(0L, 
    0L, 0L, 0L, 0L, 0L, 0L, 2L, 73L, 2L, 0L, 1L, 0L, 0L, 0L, 
    0L, 0L, 0L, 0L, 0L, 1L, 0L, 0L, 0L), .Dim = c(6L, 4L), .Dimnames = structure(list(
        c("-2", "-1", "0", "1", "2", NA), c("-", "C", "T", NA
        )), .Names = c("", "")), class = "table"), All.Tags = list(
        Concordant = list(Freqs = structure(c(0, 0, 1, 0, 0, 
        0, 7, 916, 1, 0, 0, 0, 3, 0, 0), .Dim = c(5L, 3L), .Dimnames = list(
            c("-2", "-1", "0", "1", "2"), c("-", "C", "T"))), 
            N = 928), Majority = list(Freqs = structure(c(0, 
        0, 1, 0, 0, 0, 10, 993, 2, 0, 0, 0, 3, 0, 0), .Dim = c(5L, 
        3L), .Dimnames = list(c("-2", "-1", "0", "1", "2"), c("-", 
        "C", "T"))), N = 1009)), `2` = structure(c(0, 0, 0, 0, 
    0, 0, 5, 767, 1, 0, 0, 0, 1, 0, 0), .Dim = c(5L, 3L), .Dimnames = list(
        c("-2", "-1", "0", "1", "2"), c("-", "C", "T"))))))
