Results <-
list(`bwa.out//20220204//BlindCMMRD123_S49.sam` = list(IM16_SNP1 = list(
    All = list(Freqs = structure(c(0L, 13L, 1760L, 15L, 1L, 15L, 
    1957L, 19L, 0L, 0L, 31L, 2L), .Dim = 4:3, .Dimnames = structure(list(
        c("-2", "-1", "0", "1"), c("A", "G", NA)), .Names = c("", 
    "")), class = "table"), N = 3813L), Tag.Distribution = structure(c(`1` = 197L, 
    `2` = 143L, `3` = 112L, `4` = 101L, `5` = 80L, `6` = 39L, 
    `7` = 45L, `8` = 38L, `9` = 17L, `10` = 24L, `11` = 16L, 
    `12` = 9L, `13` = 17L, `14` = 4L, `15` = 8L, `16` = 6L, `17` = 4L, 
    `18` = 1L, `19` = 1L), .Dim = 19L, .Dimnames = list(TagUsage = c("1", 
    "2", "3", "4", "5", "6", "7", "8", "9", "10", "11", "12", 
    "13", "14", "15", "16", "17", "18", "19")), class = "table"), 
    No.Tag = structure(c(0L, 1L, 31L, 0L, 0L, 0L, 1L, 25L, 1L, 
    0L, 0L, 0L, 3L, 0L, 0L), .Dim = c(5L, 3L), .Dimnames = structure(list(
        c("-2", "-1", "0", "1", NA), c("A", "G", NA)), .Names = c("", 
    "")), class = "table"), All.Tags = list(Concordant = list(
        Freqs = structure(c(0, 1, 367, 1, 0, 1, 379, 0), .Dim = c(4L, 
        2L), .Dimnames = list(c("-2", "-1", "0", "1"), c("A", 
        "G"))), N = 749), Majority = list(Freqs = structure(c(0, 
    1, 408, 1, 0, 1, 430, 0), .Dim = c(4L, 2L), .Dimnames = list(
        c("-2", "-1", "0", "1"), c("A", "G"))), N = 841)), `2` = structure(c(0, 
    1, 302, 0, 0, 0, 345, 0), .Dim = c(4L, 2L), .Dimnames = list(
        c("-2", "-1", "0", "1"), c("A", "G"))))))
