Results <-
list(`bwa.out//20220204//Control14_S7.sam` = list(DEPDC2_SNP1 = list(
    All = list(Freqs = structure(c(1L, 6L, 1392L, 9L, 6L, 0L, 
    12L, 1967L, 6L, 10L, 0L, 0L, 51L, 0L, 0L), .Dim = c(5L, 3L
    ), .Dimnames = structure(list(c("-2", "-1", "0", "1", NA), 
        c("C", "T", NA)), .Names = c("", "")), class = "table"), 
        N = 3460L), Tag.Distribution = structure(c(`1` = 156L, 
    `2` = 63L, `3` = 53L, `4` = 40L, `5` = 43L, `6` = 28L, `7` = 36L, 
    `8` = 28L, `9` = 16L, `10` = 11L, `11` = 15L, `12` = 14L, 
    `13` = 11L, `14` = 9L, `15` = 8L, `16` = 7L, `17` = 10L, 
    `18` = 2L, `19` = 5L, `20` = 4L, `21` = 5L, `22` = 1L, `23` = 1L, 
    `24` = 2L, `25` = 1L, `26` = 2L, `27` = 2L, `29` = 1L), .Dim = 28L, .Dimnames = list(
        TagUsage = c("1", "2", "3", "4", "5", "6", "7", "8", 
        "9", "10", "11", "12", "13", "14", "15", "16", "17", 
        "18", "19", "20", "21", "22", "23", "24", "25", "26", 
        "27", "29")), class = "table"), No.Tag = structure(c(0L, 
    0L, 69L, 0L, 0L, 0L, 0L, 92L, 0L, 2L, 0L, 0L, 10L, 0L, 0L
    ), .Dim = c(5L, 3L), .Dimnames = structure(list(c("-2", "-1", 
    "0", "1", NA), c("C", "T", NA)), .Names = c("", "")), class = "table"), 
    All.Tags = list(Concordant = list(Freqs = structure(c(0, 
    0, 219, 0, 0, 0, 280, 0), .Dim = c(4L, 2L), .Dimnames = list(
        c("-2", "-1", "0", "1"), c("C", "T"))), N = 499), Majority = list(
        Freqs = structure(c(0, 0, 242, 0, 0, 0, 321, 0), .Dim = c(4L, 
        2L), .Dimnames = list(c("-2", "-1", "0", "1"), c("C", 
        "T"))), N = 563)), `2` = structure(c(0, 0, 173, 0, 0, 
    0, 239, 0), .Dim = c(4L, 2L), .Dimnames = list(c("-2", "-1", 
    "0", "1"), c("C", "T"))))))
