Results <-
list(`bwa.out//20220204//BlindCMMRD67_S26.sam` = list(GM17_SNP1 = list(
    All = list(Freqs = structure(c(37L, 2558L, 6L, 0L, 2L, 30L, 
    2599L, 8L, 1L, 0L, 0L, 44L, 0L, 0L, 0L), .Dim = c(5L, 3L), .Dimnames = structure(list(
        c("-1", "0", "1", "2", NA), c("C", "T", NA)), .Names = c("", 
    "")), class = "table"), N = 5285L), Tag.Distribution = structure(c(`1` = 121L, 
    `2` = 56L, `3` = 52L, `4` = 38L, `5` = 36L, `6` = 26L, `7` = 30L, 
    `8` = 25L, `9` = 27L, `10` = 24L, `11` = 17L, `12` = 14L, 
    `13` = 14L, `14` = 13L, `15` = 9L, `16` = 14L, `17` = 12L, 
    `18` = 12L, `19` = 7L, `20` = 14L, `21` = 6L, `22` = 9L, 
    `23` = 12L, `24` = 3L, `25` = 4L, `26` = 6L, `27` = 6L, `28` = 1L, 
    `29` = 4L, `30` = 4L, `31` = 2L, `34` = 1L, `37` = 1L), .Dim = 33L, .Dimnames = list(
        TagUsage = c("1", "2", "3", "4", "5", "6", "7", "8", 
        "9", "10", "11", "12", "13", "14", "15", "16", "17", 
        "18", "19", "20", "21", "22", "23", "24", "25", "26", 
        "27", "28", "29", "30", "31", "34", "37")), class = "table"), 
    No.Tag = structure(c(0L, 67L, 0L, 0L, 0L, 0L, 42L, 0L, 0L, 
    0L, 0L, 8L, 0L, 0L, 0L), .Dim = c(5L, 3L), .Dimnames = structure(list(
        c("-1", "0", "1", "2", NA), c("C", "T", NA)), .Names = c("", 
    "")), class = "table"), All.Tags = list(Concordant = list(
        Freqs = structure(c(0, 266, 0, 0, 1, 255, 0, 0), .Dim = c(4L, 
        2L), .Dimnames = list(c("-1", "0", "1", "2"), c("C", 
        "T"))), N = 522), Majority = list(Freqs = structure(c(0, 
    309, 0, 0, 1, 301, 0, 0), .Dim = c(4L, 2L), .Dimnames = list(
        c("-1", "0", "1", "2"), c("C", "T"))), N = 611)), `2` = structure(c(0, 
    249, 0, 0, 0, 245, 0, 0), .Dim = c(4L, 2L), .Dimnames = list(
        c("-1", "0", "1", "2"), c("C", "T"))))))
