Results <-
list(`bwa.out//20220204//BlindCMMRD127_S53.sam` = list(LR48_SNP1 = list(
    All = list(Freqs = structure(c(3L, 92L, 2232L, 18L, 1L, 9L, 
    1L, 71L, 2436L, 41L, 1L, 7L, 1L, 1L, 42L, 0L, 0L, 0L), .Dim = c(6L, 
    3L), .Dimnames = structure(list(c("-2", "-1", "0", "1", "2", 
    NA), c("C", "T", NA)), .Names = c("", "")), class = "table"), 
        N = 4956L), Tag.Distribution = structure(c(`1` = 77L, 
    `2` = 58L, `3` = 62L, `4` = 63L, `5` = 51L, `6` = 51L, `7` = 56L, 
    `8` = 33L, `9` = 28L, `10` = 30L, `11` = 19L, `12` = 22L, 
    `13` = 16L, `14` = 16L, `15` = 16L, `16` = 14L, `17` = 5L, 
    `18` = 8L, `19` = 6L, `20` = 7L, `21` = 5L, `22` = 6L, `23` = 6L, 
    `24` = 2L, `27` = 2L, `31` = 2L, `36` = 1L, `37` = 1L), .Dim = 28L, .Dimnames = list(
        TagUsage = c("1", "2", "3", "4", "5", "6", "7", "8", 
        "9", "10", "11", "12", "13", "14", "15", "16", "17", 
        "18", "19", "20", "21", "22", "23", "24", "27", "31", 
        "36", "37")), class = "table"), No.Tag = structure(c(0L, 
    0L, 40L, 0L, 0L, 0L, 0L, 3L, 46L, 0L, 0L, 0L, 0L, 0L, 3L, 
    0L, 0L, 0L), .Dim = c(6L, 3L), .Dimnames = structure(list(
        c("-2", "-1", "0", "1", "2", NA), c("C", "T", NA)), .Names = c("", 
    "")), class = "table"), All.Tags = list(Concordant = list(
        Freqs = structure(c(0, 2, 237, 0, 0, 0, 2, 231, 0, 0), .Dim = c(5L, 
        2L), .Dimnames = list(c("-2", "-1", "0", "1", "2"), c("C", 
        "T"))), N = 472), Majority = list(Freqs = structure(c(0, 
    3, 315, 0, 0, 0, 2, 331, 0, 0), .Dim = c(5L, 2L), .Dimnames = list(
        c("-2", "-1", "0", "1", "2"), c("C", "T"))), N = 651)), 
    `2` = structure(c(0, 1, 270, 0, 0, 0, 0, 304, 0, 0), .Dim = c(5L, 
    2L), .Dimnames = list(c("-2", "-1", "0", "1", "2"), c("C", 
    "T"))))))
