Results <-
list(`bwa.out//20220204//BlindCMMRD122_S48.sam` = list(LR36_SNP1 = list(
    All = list(Freqs = structure(c(1L, 26L, 1082L, 12L, 2L, 2L, 
    16L, 1010L, 9L, 5L, 0L, 1L, 31L, 1L, 0L), .Dim = c(5L, 3L
    ), .Dimnames = structure(list(c("-2", "-1", "0", "1", NA), 
        c("A", "T", NA)), .Names = c("", "")), class = "table"), 
        N = 2198L), Tag.Distribution = structure(c(`1` = 91L, 
    `2` = 53L, `3` = 57L, `4` = 26L, `5` = 30L, `6` = 31L, `7` = 22L, 
    `8` = 14L, `9` = 17L, `10` = 10L, `11` = 6L, `12` = 6L, `13` = 11L, 
    `14` = 7L, `15` = 3L, `16` = 8L, `17` = 2L, `18` = 3L, `19` = 2L, 
    `20` = 3L, `21` = 1L), .Dim = 21L, .Dimnames = list(TagUsage = c("1", 
    "2", "3", "4", "5", "6", "7", "8", "9", "10", "11", "12", 
    "13", "14", "15", "16", "17", "18", "19", "20", "21")), class = "table"), 
    No.Tag = structure(c(0L, 1L, 41L, 1L, 0L, 0L, 1L, 60L, 0L, 
    2L, 0L, 0L, 5L, 1L, 0L), .Dim = c(5L, 3L), .Dimnames = structure(list(
        c("-2", "-1", "0", "1", NA), c("A", "T", NA)), .Names = c("", 
    "")), class = "table"), All.Tags = list(Concordant = list(
        Freqs = structure(c(0, 1, 174, 1, 0, 1, 164, 1), .Dim = c(4L, 
        2L), .Dimnames = list(c("-2", "-1", "0", "1"), c("A", 
        "T"))), N = 342), Majority = list(Freqs = structure(c(0, 
    1, 204, 1, 0, 1, 184, 1), .Dim = c(4L, 2L), .Dimnames = list(
        c("-2", "-1", "0", "1"), c("A", "T"))), N = 392)), `2` = structure(c(0, 
    0, 160, 0, 0, 0, 143, 0), .Dim = c(4L, 2L), .Dimnames = list(
        c("-2", "-1", "0", "1"), c("A", "T"))))))
