Results <-
list(`bwa.out//20220204//BlindCMMRD41_S1.sam` = list(GM11_SNP1 = list(
    All = list(Freqs = structure(c(2L, 20L, 5446L, 22L, 1L, 0L, 
    0L, 18L, 0L, 0L, 0L, 0L, 27L, 0L, 0L), .Dim = c(5L, 3L), .Dimnames = structure(list(
        c("-2", "-1", "0", "1", NA), c("A", "G", NA)), .Names = c("", 
    "")), class = "table"), N = 5536L), Tag.Distribution = structure(c(`1` = 94L, 
    `2` = 27L, `3` = 27L, `4` = 18L, `5` = 9L, `6` = 14L, `7` = 15L, 
    `8` = 14L, `9` = 8L, `10` = 17L, `11` = 7L, `12` = 9L, `13` = 12L, 
    `14` = 15L, `15` = 13L, `16` = 7L, `17` = 12L, `18` = 13L, 
    `19` = 9L, `20` = 7L, `21` = 5L, `22` = 9L, `23` = 7L, `24` = 5L, 
    `25` = 5L, `26` = 6L, `27` = 3L, `28` = 5L, `29` = 4L, `30` = 5L, 
    `31` = 3L, `32` = 3L, `33` = 4L, `34` = 4L, `36` = 1L, `37` = 5L, 
    `38` = 1L, `39` = 2L, `40` = 2L, `41` = 2L, `42` = 2L, `43` = 2L, 
    `44` = 4L, `47` = 1L, `55` = 3L, `57` = 1L, `60` = 1L), .Dim = 47L, .Dimnames = list(
        TagUsage = c("1", "2", "3", "4", "5", "6", "7", "8", 
        "9", "10", "11", "12", "13", "14", "15", "16", "17", 
        "18", "19", "20", "21", "22", "23", "24", "25", "26", 
        "27", "28", "29", "30", "31", "32", "33", "34", "36", 
        "37", "38", "39", "40", "41", "42", "43", "44", "47", 
        "55", "57", "60")), class = "table"), No.Tag = structure(c(0L, 
    2L, 55L, 0L, 0L, 0L, 0L, 0L, 0L, 0L, 0L, 0L, 0L, 0L, 0L), .Dim = c(5L, 
    3L), .Dimnames = structure(list(c("-2", "-1", "0", "1", NA
    ), c("A", "G", NA)), .Names = c("", "")), class = "table"), 
    All.Tags = list(Concordant = list(Freqs = structure(c(1, 
    2, 389, 0, 0, 0, 14, 0), .Dim = c(4L, 2L), .Dimnames = list(
        c("-2", "-1", "0", "1"), c("A", "G"))), N = 406), Majority = list(
        Freqs = structure(c(1, 2, 419, 0, 0, 0, 14, 0), .Dim = c(4L, 
        2L), .Dimnames = list(c("-2", "-1", "0", "1"), c("A", 
        "G"))), N = 436)), `2` = structure(c(0, 1, 345, 0, 0, 
    0, 0, 0), .Dim = c(4L, 2L), .Dimnames = list(c("-2", "-1", 
    "0", "1"), c("A", "G"))))))
