Results <-
list(`bwa.out//20220204//BlindCMMRD130_S56.sam` = list(LR52_SNP1 = list(
    All = list(Freqs = structure(c(2L, 23L, 193L, 1447L, 24L, 
    0L, 7L, 2L, 13L, 204L, 1396L, 15L, 0L, 10L, 0L, 0L, 6L, 111L, 
    2L, 1L, 0L), .Dim = c(7L, 3L), .Dimnames = structure(list(
        c("-3", "-2", "-1", "0", "1", "2", NA), c("C", "T", NA
        )), .Names = c("", "")), class = "table"), N = 3456L), 
    Tag.Distribution = structure(c(`1` = 111L, `2` = 105L, `3` = 104L, 
    `4` = 79L, `5` = 59L, `6` = 55L, `7` = 46L, `8` = 29L, `9` = 30L, 
    `10` = 21L, `11` = 15L, `12` = 10L, `13` = 10L, `14` = 7L, 
    `15` = 5L, `16` = 3L, `17` = 3L, `18` = 2L, `19` = 1L, `20` = 1L
    ), .Dim = 20L, .Dimnames = list(TagUsage = c("1", "2", "3", 
    "4", "5", "6", "7", "8", "9", "10", "11", "12", "13", "14", 
    "15", "16", "17", "18", "19", "20")), class = "table"), No.Tag = structure(c(0L, 
    1L, 5L, 28L, 0L, 0L, 0L, 0L, 0L, 5L, 42L, 0L, 0L, 1L, 0L, 
    0L, 0L, 4L, 0L, 0L, 0L), .Dim = c(7L, 3L), .Dimnames = structure(list(
        c("-3", "-2", "-1", "0", "1", "2", NA), c("C", "T", NA
        )), .Names = c("", "")), class = "table"), All.Tags = list(
        Concordant = list(Freqs = structure(c(0, 0, 12, 217, 
        2, 0, 0, 0, 17, 205, 0, 0), .Dim = c(6L, 2L), .Dimnames = list(
            c("-3", "-2", "-1", "0", "1", "2"), c("C", "T"))), 
            N = 453), Majority = list(Freqs = structure(c(0, 
        1, 20, 314, 2, 0, 0, 0, 29, 294, 0, 0), .Dim = c(6L, 
        2L), .Dimnames = list(c("-3", "-2", "-1", "0", "1", "2"
        ), c("C", "T"))), N = 660)), `2` = structure(c(0, 1, 
    14, 258, 1, 0, 0, 0, 21, 261, 0, 0), .Dim = c(6L, 2L), .Dimnames = list(
        c("-3", "-2", "-1", "0", "1", "2"), c("C", "T"))))))
