Results <-
list(`bwa.out//20220204//BlindCMMRD45_S5.sam` = list(GM29_SNP1 = list(
    All = list(Freqs = structure(c(0L, 3L, 0L, 0L, 36L, 3351L, 
    10L, 6L, 0L, 45L, 1L, 0L), .Dim = 4:3, .Dimnames = structure(list(
        c("-1", "0", "1", NA), c("A", "G", NA)), .Names = c("", 
    "")), class = "table"), N = 3452L), Tag.Distribution = structure(c(`1` = 50L, 
    `2` = 22L, `3` = 18L, `4` = 9L, `5` = 17L, `6` = 17L, `7` = 19L, 
    `8` = 8L, `9` = 11L, `10` = 10L, `11` = 9L, `12` = 10L, `13` = 11L, 
    `14` = 4L, `15` = 5L, `16` = 3L, `17` = 6L, `18` = 8L, `19` = 5L, 
    `20` = 2L, `21` = 2L, `22` = 4L, `23` = 3L, `24` = 1L, `25` = 2L, 
    `26` = 3L, `27` = 1L, `28` = 1L, `29` = 2L, `30` = 2L, `32` = 4L, 
    `33` = 2L, `34` = 1L, `36` = 3L, `38` = 2L, `40` = 1L, `41` = 1L, 
    `44` = 1L, `46` = 1L, `48` = 1L, `49` = 2L, `50` = 1L, `52` = 2L, 
    `53` = 1L, `54` = 1L, `59` = 1L, `60` = 1L), .Dim = 47L, .Dimnames = list(
        TagUsage = c("1", "2", "3", "4", "5", "6", "7", "8", 
        "9", "10", "11", "12", "13", "14", "15", "16", "17", 
        "18", "19", "20", "21", "22", "23", "24", "25", "26", 
        "27", "28", "29", "30", "32", "33", "34", "36", "38", 
        "40", "41", "44", "46", "48", "49", "50", "52", "53", 
        "54", "59", "60")), class = "table"), No.Tag = structure(c(0L, 
    0L, 0L, 0L, 1L, 128L, 1L, 0L, 0L, 0L, 0L, 0L), .Dim = 4:3, .Dimnames = structure(list(
        c("-1", "0", "1", NA), c("A", "G", NA)), .Names = c("", 
    "")), class = "table"), All.Tags = list(Concordant = list(
        Freqs = structure(c(0, 2, 0, 0, 242, 0), .Dim = 3:2, .Dimnames = list(
            c("-1", "0", "1"), c("A", "G"))), N = 244), Majority = list(
        Freqs = structure(c(0, 2, 0, 0, 278, 0), .Dim = 3:2, .Dimnames = list(
            c("-1", "0", "1"), c("A", "G"))), N = 280)), `2` = structure(c(0, 
    0, 0, 0, 239, 0), .Dim = 3:2, .Dimnames = list(c("-1", "0", 
    "1"), c("A", "G"))))))
