Results <-
list(`bwa.out//20220204//BlindCMMRD94_S53.sam` = list(LR46_SNP1 = list(
    All = list(Freqs = structure(c(6L, 1867L, 2L, 4L, 4L, 1877L, 
    1L, 4L, 0L, 18L, 0L, 0L), .Dim = 4:3, .Dimnames = structure(list(
        c("-1", "0", "1", NA), c("G", "T", NA)), .Names = c("", 
    "")), class = "table"), N = 3783L), Tag.Distribution = structure(c(`1` = 84L, 
    `2` = 38L, `3` = 35L, `4` = 39L, `5` = 34L, `6` = 25L, `7` = 23L, 
    `8` = 17L, `9` = 24L, `10` = 13L, `11` = 21L, `12` = 15L, 
    `13` = 10L, `14` = 13L, `15` = 9L, `16` = 10L, `17` = 1L, 
    `18` = 8L, `19` = 7L, `20` = 7L, `21` = 2L, `22` = 6L, `23` = 3L, 
    `24` = 1L, `25` = 5L, `27` = 3L, `28` = 2L, `29` = 3L, `30` = 2L, 
    `31` = 2L, `32` = 2L, `37` = 1L, `48` = 1L), .Dim = 33L, .Dimnames = list(
        TagUsage = c("1", "2", "3", "4", "5", "6", "7", "8", 
        "9", "10", "11", "12", "13", "14", "15", "16", "17", 
        "18", "19", "20", "21", "22", "23", "24", "25", "27", 
        "28", "29", "30", "31", "32", "37", "48")), class = "table"), 
    No.Tag = structure(c(0L, 10L, 0L, 1L, 0L, 44L, 0L, 1L, 0L, 
    4L, 0L, 0L), .Dim = 4:3, .Dimnames = structure(list(c("-1", 
    "0", "1", NA), c("G", "T", NA)), .Names = c("", "")), class = "table"), 
    All.Tags = list(Concordant = list(Freqs = structure(c(1, 
    222, 0, 0, 213, 0), .Dim = 3:2, .Dimnames = list(c("-1", 
    "0", "1"), c("G", "T"))), N = 436), Majority = list(Freqs = structure(c(1, 
    235, 0, 0, 226, 0), .Dim = 3:2, .Dimnames = list(c("-1", 
    "0", "1"), c("G", "T"))), N = 462)), `2` = structure(c(0, 
    192, 0, 0, 188, 0), .Dim = 3:2, .Dimnames = list(c("-1", 
    "0", "1"), c("G", "T"))))))
