Results <-
list(`bwa.out//20220204//17D0939_S6.sam` = list(GM22_SNP1 = list(
    All = list(Freqs = structure(c(1L, 43L, 3263L, 8L, 8L, 0L, 
    0L, 1L, 0L, 0L, 0L, 2L, 30L, 0L, 0L), .Dim = c(5L, 3L), .Dimnames = structure(list(
        c("-3", "-1", "0", "1", NA), c("A", "T", NA)), .Names = c("", 
    "")), class = "table"), N = 3356L), Tag.Distribution = structure(c(`1` = 110L, 
    `2` = 40L, `3` = 30L, `4` = 22L, `5` = 24L, `6` = 23L, `7` = 17L, 
    `8` = 15L, `9` = 10L, `10` = 16L, `11` = 10L, `12` = 7L, 
    `13` = 9L, `14` = 4L, `15` = 7L, `16` = 6L, `17` = 7L, `18` = 1L, 
    `19` = 4L, `20` = 4L, `21` = 6L, `22` = 7L, `23` = 1L, `24` = 2L, 
    `25` = 1L, `26` = 5L, `27` = 4L, `28` = 3L, `29` = 2L, `30` = 1L, 
    `32` = 2L, `33` = 2L, `34` = 1L, `35` = 1L, `36` = 1L, `38` = 1L, 
    `43` = 1L, `44` = 1L, `46` = 1L, `47` = 1L, `48` = 1L, `52` = 1L
    ), .Dim = 42L, .Dimnames = list(TagUsage = c("1", "2", "3", 
    "4", "5", "6", "7", "8", "9", "10", "11", "12", "13", "14", 
    "15", "16", "17", "18", "19", "20", "21", "22", "23", "24", 
    "25", "26", "27", "28", "29", "30", "32", "33", "34", "35", 
    "36", "38", "43", "44", "46", "47", "48", "52")), class = "table"), 
    No.Tag = structure(c(0L, 0L, 38L, 0L, 1L, 0L, 0L, 0L, 0L, 
    0L, 0L, 0L, 2L, 0L, 0L), .Dim = c(5L, 3L), .Dimnames = structure(list(
        c("-3", "-1", "0", "1", NA), c("A", "T", NA)), .Names = c("", 
    "")), class = "table"), All.Tags = list(Concordant = list(
        Freqs = structure(c(0, 0, 364, 0, 0, 0, 0, 0), .Dim = c(4L, 
        2L), .Dimnames = list(c("-3", "-1", "0", "1"), c("A", 
        "T"))), N = 364), Majority = list(Freqs = structure(c(0, 
    0, 407, 0, 0, 0, 0, 0), .Dim = c(4L, 2L), .Dimnames = list(
        c("-3", "-1", "0", "1"), c("A", "T"))), N = 407)), `2` = structure(c(0, 
    0, 302, 0, 0, 0, 0, 0), .Dim = c(4L, 2L), .Dimnames = list(
        c("-3", "-1", "0", "1"), c("A", "T"))))))
