Results <-
list(`bwa.out//20220204//BlindCMMRD44_S4.sam` = list(LR44_SNP1 = list(
    All = list(Freqs = structure(c(1L, 7L, 177L, 2301L, 39L, 
    0L, 8L, 0L, 5L, 251L, 2546L, 35L, 1L, 9L, 0L, 0L, 10L, 105L, 
    1L, 0L, 0L), .Dim = c(7L, 3L), .Dimnames = structure(list(
        c("-3", "-2", "-1", "0", "1", "2", NA), c("C", "T", NA
        )), .Names = c("", "")), class = "table"), N = 5496L), 
    Tag.Distribution = structure(c(`1` = 77L, `2` = 33L, `3` = 32L, 
    `4` = 28L, `5` = 34L, `6` = 18L, `7` = 24L, `8` = 28L, `9` = 31L, 
    `10` = 17L, `11` = 20L, `12` = 17L, `13` = 15L, `14` = 10L, 
    `15` = 11L, `16` = 14L, `17` = 5L, `18` = 5L, `19` = 5L, 
    `20` = 8L, `21` = 4L, `22` = 8L, `23` = 5L, `24` = 8L, `25` = 8L, 
    `26` = 2L, `27` = 7L, `28` = 7L, `29` = 3L, `30` = 6L, `31` = 4L, 
    `32` = 2L, `33` = 2L, `34` = 2L, `36` = 3L, `37` = 4L, `38` = 1L, 
    `39` = 3L, `40` = 1L, `41` = 2L, `42` = 1L, `43` = 1L), .Dim = 42L, .Dimnames = list(
        TagUsage = c("1", "2", "3", "4", "5", "6", "7", "8", 
        "9", "10", "11", "12", "13", "14", "15", "16", "17", 
        "18", "19", "20", "21", "22", "23", "24", "25", "26", 
        "27", "28", "29", "30", "31", "32", "33", "34", "36", 
        "37", "38", "39", "40", "41", "42", "43")), class = "table"), 
    No.Tag = structure(c(0L, 0L, 1L, 16L, 1L, 0L, 0L, 0L, 0L, 
    2L, 15L, 0L, 0L, 0L, 0L, 0L, 0L, 2L, 0L, 0L, 0L), .Dim = c(7L, 
    3L), .Dimnames = structure(list(c("-3", "-2", "-1", "0", 
    "1", "2", NA), c("C", "T", NA)), .Names = c("", "")), class = "table"), 
    All.Tags = list(Concordant = list(Freqs = structure(c(0, 
    0, 3, 120, 0, 0, 0, 0, 6, 143, 1, 1), .Dim = c(6L, 2L), .Dimnames = list(
        c("-3", "-2", "-1", "0", "1", "2"), c("C", "T"))), N = 274), 
        Majority = list(Freqs = structure(c(0, 0, 5, 233, 0, 
        0, 0, 0, 9, 254, 2, 1), .Dim = c(6L, 2L), .Dimnames = list(
            c("-3", "-2", "-1", "0", "1", "2"), c("C", "T"))), 
            N = 504)), `2` = structure(c(0, 0, 5, 202, 0, 0, 
    0, 0, 6, 218, 1, 0), .Dim = c(6L, 2L), .Dimnames = list(c("-3", 
    "-2", "-1", "0", "1", "2"), c("C", "T"))))))
