Results <-
list(`bwa.out//20220204//BlindCMMRD86_S45.sam` = list(IM49_SNP1 = list(
    All = list(Freqs = structure(c(0L, 0L, 7L, 0L, 0L, 3L, 89L, 
    2943L, 58L, 16L, 0L, 0L, 240L, 5L, 0L), .Dim = c(5L, 3L), .Dimnames = structure(list(
        c("-2", "-1", "0", "1", NA), c("C", "G", NA)), .Names = c("", 
    "")), class = "table"), N = 3361L), Tag.Distribution = structure(c(`1` = 232L, 
    `2` = 117L, `3` = 80L, `4` = 69L, `5` = 53L, `6` = 48L, `7` = 36L, 
    `8` = 20L, `9` = 16L, `10` = 17L, `11` = 15L, `12` = 16L, 
    `13` = 5L, `14` = 4L, `15` = 6L, `16` = 6L, `17` = 5L, `18` = 4L, 
    `19` = 3L, `21` = 1L, `25` = 1L, `26` = 2L, `27` = 1L), .Dim = 23L, .Dimnames = list(
        TagUsage = c("1", "2", "3", "4", "5", "6", "7", "8", 
        "9", "10", "11", "12", "13", "14", "15", "16", "17", 
        "18", "19", "21", "25", "26", "27")), class = "table"), 
    No.Tag = structure(c(0L, 0L, 0L, 0L, 0L, 0L, 5L, 84L, 1L, 
    1L, 0L, 0L, 6L, 0L, 0L), .Dim = c(5L, 3L), .Dimnames = structure(list(
        c("-2", "-1", "0", "1", NA), c("C", "G", NA)), .Names = c("", 
    "")), class = "table"), All.Tags = list(Concordant = list(
        Freqs = structure(c(0, 0, 4, 0, 0, 5, 564, 6), .Dim = c(4L, 
        2L), .Dimnames = list(c("-2", "-1", "0", "1"), c("C", 
        "G"))), N = 579), Majority = list(Freqs = structure(c(0, 
    0, 4, 0, 0, 5, 661, 6), .Dim = c(4L, 2L), .Dimnames = list(
        c("-2", "-1", "0", "1"), c("C", "G"))), N = 676)), `2` = structure(c(0, 
    0, 0, 0, 0, 2, 508, 0), .Dim = c(4L, 2L), .Dimnames = list(
        c("-2", "-1", "0", "1"), c("C", "G"))))))
