Results <-
list(`bwa.out//20220204//17D0989_S8.sam` = list(LR49_SNP1 = list(
    All = list(Freqs = structure(c(0L, 5L, 0L, 0L, 0L, 1L, 0L, 
    0L, 9L, 5603L, 2L, 1L, 0L, 1L, 0L, 0L, 1L, 46L, 0L, 0L), .Dim = 4:5, .Dimnames = structure(list(
        c("-1", "0", "1", NA), c("A", "C", "G", "T", NA)), .Names = c("", 
    "")), class = "table"), N = 5669L), Tag.Distribution = structure(c(`1` = 218L, 
    `2` = 103L, `3` = 92L, `4` = 50L, `5` = 51L, `6` = 48L, `7` = 37L, 
    `8` = 24L, `9` = 34L, `10` = 27L, `11` = 20L, `12` = 22L, 
    `13` = 14L, `14` = 18L, `15` = 15L, `16` = 9L, `17` = 11L, 
    `18` = 12L, `19` = 4L, `20` = 8L, `21` = 7L, `22` = 1L, `23` = 5L, 
    `24` = 2L, `25` = 4L, `26` = 3L, `27` = 2L, `28` = 1L, `29` = 2L, 
    `30` = 2L, `31` = 2L, `33` = 1L, `34` = 1L, `35` = 1L, `37` = 1L, 
    `38` = 1L, `42` = 1L, `45` = 2L, `54` = 1L), .Dim = 39L, .Dimnames = list(
        TagUsage = c("1", "2", "3", "4", "5", "6", "7", "8", 
        "9", "10", "11", "12", "13", "14", "15", "16", "17", 
        "18", "19", "20", "21", "22", "23", "24", "25", "26", 
        "27", "28", "29", "30", "31", "33", "34", "35", "37", 
        "38", "42", "45", "54")), class = "table"), No.Tag = structure(c(0L, 
    1L, 0L, 0L, 0L, 0L, 0L, 0L, 0L, 130L, 0L, 1L, 0L, 0L, 0L, 
    0L, 0L, 6L, 0L, 0L), .Dim = 4:5, .Dimnames = structure(list(
        c("-1", "0", "1", NA), c("A", "C", "G", "T", NA)), .Names = c("", 
    "")), class = "table"), All.Tags = list(Concordant = list(
        Freqs = structure(c(0, 0, 0, 0, 0, 0, 0, 840, 0, 0, 1, 
        0), .Dim = 3:4, .Dimnames = list(c("-1", "0", "1"), c("A", 
        "C", "G", "T"))), N = 841), Majority = list(Freqs = structure(c(0, 
    0, 0, 0, 0, 0, 0, 852, 0, 0, 1, 0), .Dim = 3:4, .Dimnames = list(
        c("-1", "0", "1"), c("A", "C", "G", "T"))), N = 853)), 
    `2` = structure(c(0, 0, 0, 0, 0, 0, 0, 639, 0, 0, 0, 0), .Dim = 3:4, .Dimnames = list(
        c("-1", "0", "1"), c("A", "C", "G", "T"))))))
