Results <-
list(`bwa.out//20220204//BlindCMMRD128_S54.sam` = list(LR10_SNP1 = list(
    All = list(Freqs = structure(c(0L, 0L, 1L, 0L, 0L, 1L, 62L, 
    2786L, 15L, 5L, 0L, 0L, 1L, 0L, 0L, 0L, 37L, 2571L, 8L, 2L, 
    0L, 1L, 39L, 0L, 0L), .Dim = c(5L, 5L), .Dimnames = structure(list(
        c("-2", "-1", "0", "1", NA), c("A", "C", "G", "T", NA
        )), .Names = c("", "")), class = "table"), N = 5529L), 
    Tag.Distribution = structure(c(`1` = 537L, `2` = 427L, `3` = 271L, 
    `4` = 198L, `5` = 98L, `6` = 78L, `7` = 56L, `8` = 42L, `9` = 19L, 
    `10` = 15L, `11` = 5L, `12` = 9L, `13` = 3L, `14` = 2L, `15` = 3L, 
    `16` = 2L, `18` = 1L, `20` = 1L), .Dim = 18L, .Dimnames = list(
        TagUsage = c("1", "2", "3", "4", "5", "6", "7", "8", 
        "9", "10", "11", "12", "13", "14", "15", "16", "18", 
        "20")), class = "table"), No.Tag = structure(c(0L, 0L, 
    0L, 0L, 0L, 0L, 3L, 100L, 0L, 0L, 0L, 0L, 0L, 0L, 0L, 0L, 
    0L, 72L, 0L, 0L, 0L, 0L, 6L, 0L, 0L), .Dim = c(5L, 5L), .Dimnames = structure(list(
        c("-2", "-1", "0", "1", NA), c("A", "C", "G", "T", NA
        )), .Names = c("", "")), class = "table"), All.Tags = list(
        Concordant = list(Freqs = structure(c(0, 0, 0, 0, 0, 
        7, 647, 3, 0, 0, 0, 0, 0, 4, 687, 1), .Dim = c(4L, 4L
        ), .Dimnames = list(c("-2", "-1", "0", "1"), c("A", "C", 
        "G", "T"))), N = 1349), Majority = list(Freqs = structure(c(0, 
        0, 0, 0, 0, 7, 814, 3, 0, 0, 0, 0, 0, 4, 837, 1), .Dim = c(4L, 
        4L), .Dimnames = list(c("-2", "-1", "0", "1"), c("A", 
        "C", "G", "T"))), N = 1666)), `2` = structure(c(0, 0, 
    0, 0, 0, 4, 577, 0, 0, 0, 0, 0, 0, 0, 559, 0), .Dim = c(4L, 
    4L), .Dimnames = list(c("-2", "-1", "0", "1"), c("A", "C", 
    "G", "T"))))))
