Results <-
list(`bwa.out//20220204//BlindCMMRD98_S57.sam` = list(LR20_SNP1 = list(
    All = list(Freqs = structure(c(16L, 6707L, 11L, 3L, 0L, 3L, 
    0L, 0L, 0L, 14L, 0L, 0L), .Dim = 4:3, .Dimnames = structure(list(
        c("-1", "0", "1", NA), c("A", "G", NA)), .Names = c("", 
    "")), class = "table"), N = 6754L), Tag.Distribution = structure(c(`1` = 149L, 
    `2` = 72L, `3` = 48L, `4` = 49L, `5` = 41L, `6` = 37L, `7` = 35L, 
    `8` = 36L, `9` = 32L, `10` = 21L, `11` = 18L, `12` = 21L, 
    `13` = 8L, `14` = 13L, `15` = 17L, `16` = 16L, `17` = 12L, 
    `18` = 5L, `19` = 7L, `20` = 5L, `21` = 3L, `22` = 12L, `23` = 8L, 
    `24` = 11L, `25` = 3L, `26` = 5L, `27` = 9L, `28` = 3L, `29` = 2L, 
    `30` = 3L, `31` = 3L, `32` = 3L, `33` = 8L, `34` = 2L, `35` = 4L, 
    `36` = 2L, `37` = 2L, `38` = 1L, `39` = 2L, `40` = 2L, `42` = 1L, 
    `43` = 1L, `48` = 1L, `54` = 1L, `58` = 1L), .Dim = 45L, .Dimnames = list(
        TagUsage = c("1", "2", "3", "4", "5", "6", "7", "8", 
        "9", "10", "11", "12", "13", "14", "15", "16", "17", 
        "18", "19", "20", "21", "22", "23", "24", "25", "26", 
        "27", "28", "29", "30", "31", "32", "33", "34", "35", 
        "36", "37", "38", "39", "40", "42", "43", "48", "54", 
        "58")), class = "table"), No.Tag = structure(c(0L, 183L, 
    1L, 1L, 0L, 0L, 0L, 0L, 0L, 1L, 0L, 0L), .Dim = 4:3, .Dimnames = structure(list(
        c("-1", "0", "1", NA), c("A", "G", NA)), .Names = c("", 
    "")), class = "table"), All.Tags = list(Concordant = list(
        Freqs = structure(c(0, 717, 1, 0, 2, 0), .Dim = 3:2, .Dimnames = list(
            c("-1", "0", "1"), c("A", "G"))), N = 720), Majority = list(
        Freqs = structure(c(0, 729, 1, 0, 2, 0), .Dim = 3:2, .Dimnames = list(
            c("-1", "0", "1"), c("A", "G"))), N = 732)), `2` = structure(c(0, 
    584, 0, 0, 0, 0), .Dim = 3:2, .Dimnames = list(c("-1", "0", 
    "1"), c("A", "G"))))))
