Results <-
list(`bwa.out//20220204//Control23_S16.sam` = list(LR52_SNP1 = list(
    All = list(Freqs = structure(c(12L, 265L, 2199L, 25L, 14L, 
    0L, 0L, 3L, 0L, 0L, 0L, 5L, 100L, 0L, 0L), .Dim = c(5L, 3L
    ), .Dimnames = structure(list(c("-2", "-1", "0", "1", NA), 
        c("C", "T", NA)), .Names = c("", "")), class = "table"), 
        N = 2623L), Tag.Distribution = structure(c(`1` = 68L, 
    `2` = 33L, `3` = 31L, `4` = 24L, `5` = 35L, `6` = 19L, `7` = 22L, 
    `8` = 22L, `9` = 13L, `10` = 10L, `11` = 10L, `12` = 13L, 
    `13` = 7L, `14` = 11L, `15` = 3L, `16` = 10L, `17` = 3L, 
    `18` = 2L, `19` = 6L, `20` = 3L, `21` = 3L, `22` = 1L, `23` = 1L, 
    `24` = 2L, `25` = 2L, `26` = 1L, `27` = 2L, `32` = 2L, `33` = 1L, 
    `35` = 1L), .Dim = 30L, .Dimnames = list(TagUsage = c("1", 
    "2", "3", "4", "5", "6", "7", "8", "9", "10", "11", "12", 
    "13", "14", "15", "16", "17", "18", "19", "20", "21", "22", 
    "23", "24", "25", "26", "27", "32", "33", "35")), class = "table"), 
    No.Tag = structure(c(1L, 5L, 54L, 1L, 2L, 0L, 0L, 0L, 0L, 
    0L, 0L, 2L, 4L, 0L, 0L), .Dim = c(5L, 3L), .Dimnames = structure(list(
        c("-2", "-1", "0", "1", NA), c("C", "T", NA)), .Names = c("", 
    "")), class = "table"), All.Tags = list(Concordant = list(
        Freqs = structure(c(1, 9, 183, 0, 0, 0, 2, 0), .Dim = c(4L, 
        2L), .Dimnames = list(c("-2", "-1", "0", "1"), c("C", 
        "T"))), N = 195), Majority = list(Freqs = structure(c(1, 
    12, 325, 0, 0, 0, 2, 0), .Dim = c(4L, 2L), .Dimnames = list(
        c("-2", "-1", "0", "1"), c("C", "T"))), N = 340)), `2` = structure(c(0, 
    5, 275, 0, 0, 0, 0, 0), .Dim = c(4L, 2L), .Dimnames = list(
        c("-2", "-1", "0", "1"), c("C", "T"))))))
