Results <-
list(`bwa.out//20220204//Control17_S10.sam` = list(LR46_SNP1 = list(
    All = list(Freqs = structure(c(0L, 3L, 0L, 0L, 8L, 3037L, 
    9L, 4L, 0L, 13L, 0L, 0L), .Dim = 4:3, .Dimnames = structure(list(
        c("-1", "0", "1", NA), c("G", "T", NA)), .Names = c("", 
    "")), class = "table"), N = 3074L), Tag.Distribution = structure(c(`1` = 145L, 
    `2` = 41L, `3` = 28L, `4` = 36L, `5` = 28L, `6` = 17L, `7` = 25L, 
    `8` = 21L, `9` = 14L, `10` = 9L, `11` = 13L, `12` = 7L, `13` = 10L, 
    `14` = 7L, `15` = 15L, `16` = 4L, `17` = 5L, `18` = 4L, `19` = 3L, 
    `20` = 2L, `21` = 4L, `22` = 3L, `23` = 3L, `25` = 1L, `26` = 1L, 
    `27` = 1L, `28` = 1L, `29` = 2L, `30` = 3L, `31` = 1L, `33` = 1L, 
    `34` = 1L, `40` = 2L), .Dim = 33L, .Dimnames = list(TagUsage = c("1", 
    "2", "3", "4", "5", "6", "7", "8", "9", "10", "11", "12", 
    "13", "14", "15", "16", "17", "18", "19", "20", "21", "22", 
    "23", "25", "26", "27", "28", "29", "30", "31", "33", "34", 
    "40")), class = "table"), No.Tag = structure(c(0L, 1L, 0L, 
    0L, 0L, 161L, 1L, 1L, 0L, 5L, 0L, 0L), .Dim = 4:3, .Dimnames = structure(list(
        c("-1", "0", "1", NA), c("G", "T", NA)), .Names = c("", 
    "")), class = "table"), All.Tags = list(Concordant = list(
        Freqs = structure(c(0, 1, 0, 0, 437, 1), .Dim = 3:2, .Dimnames = list(
            c("-1", "0", "1"), c("G", "T"))), N = 439), Majority = list(
        Freqs = structure(c(0, 1, 0, 0, 452, 1), .Dim = 3:2, .Dimnames = list(
            c("-1", "0", "1"), c("G", "T"))), N = 454)), `2` = structure(c(0, 
    0, 0, 0, 313, 0), .Dim = 3:2, .Dimnames = list(c("-1", "0", 
    "1"), c("G", "T"))))))
