Results <-
list(`bwa.out//20220204//BlindCMMRD114_S40.sam` = list(LR10_SNP1 = list(
    All = list(Freqs = structure(c(1L, 64L, 2531L, 27L, 1L, 9L, 
    0L, 0L, 1L, 0L, 0L, 0L, 0L, 54L, 2646L, 10L, 0L, 2L, 0L, 
    0L, 30L, 0L, 0L, 0L), .Dim = c(6L, 4L), .Dimnames = structure(list(
        c("-2", "-1", "0", "1", "2", NA), c("C", "G", "T", NA
        )), .Names = c("", "")), class = "table"), N = 5376L), 
    Tag.Distribution = structure(c(`1` = 98L, `2` = 83L, `3` = 118L, 
    `4` = 110L, `5` = 69L, `6` = 74L, `7` = 60L, `8` = 64L, `9` = 43L, 
    `10` = 45L, `11` = 25L, `12` = 19L, `13` = 20L, `14` = 16L, 
    `15` = 8L, `16` = 4L, `17` = 4L, `18` = 6L, `19` = 7L, `22` = 1L, 
    `25` = 1L, `28` = 2L, `29` = 1L), .Dim = 23L, .Dimnames = list(
        TagUsage = c("1", "2", "3", "4", "5", "6", "7", "8", 
        "9", "10", "11", "12", "13", "14", "15", "16", "17", 
        "18", "19", "22", "25", "28", "29")), class = "table"), 
    No.Tag = structure(c(0L, 2L, 64L, 1L, 0L, 0L, 0L, 0L, 0L, 
    0L, 0L, 0L, 0L, 2L, 77L, 0L, 0L, 0L, 0L, 0L, 2L, 0L, 0L, 
    0L), .Dim = c(6L, 4L), .Dimnames = structure(list(c("-2", 
    "-1", "0", "1", "2", NA), c("C", "G", "T", NA)), .Names = c("", 
    "")), class = "table"), All.Tags = list(Concordant = list(
        Freqs = structure(c(0, 3, 336, 0, 0, 0, 0, 0, 0, 0, 0, 
        1, 348, 0, 0), .Dim = c(5L, 3L), .Dimnames = list(c("-2", 
        "-1", "0", "1", "2"), c("C", "G", "T"))), N = 688), Majority = list(
        Freqs = structure(c(0, 3, 429, 0, 0, 0, 0, 0, 0, 0, 0, 
        1, 430, 0, 0), .Dim = c(5L, 3L), .Dimnames = list(c("-2", 
        "-1", "0", "1", "2"), c("C", "G", "T"))), N = 863)), 
    `2` = structure(c(0, 0, 384, 0, 0, 0, 0, 0, 0, 0, 0, 0, 383, 
    0, 0), .Dim = c(5L, 3L), .Dimnames = list(c("-2", "-1", "0", 
    "1", "2"), c("C", "G", "T"))))))
