Results <-
list(`bwa.out//20220204//MLPA79_S11.sam` = list(GM22_SNP1 = list(
    All = list(Freqs = structure(c(1L, 63L, 4529L, 26L, 15L, 
    0L, 0L, 1L, 0L, 0L, 0L, 0L, 61L, 1L, 0L), .Dim = c(5L, 3L
    ), .Dimnames = structure(list(c("-2", "-1", "0", "1", NA), 
        c("A", "G", NA)), .Names = c("", "")), class = "table"), 
        N = 4697L), Tag.Distribution = structure(c(`1` = 167L, 
    `2` = 68L, `3` = 62L, `4` = 45L, `5` = 41L, `6` = 38L, `7` = 40L, 
    `8` = 21L, `9` = 32L, `10` = 30L, `11` = 12L, `12` = 16L, 
    `13` = 20L, `14` = 9L, `15` = 14L, `16` = 6L, `17` = 6L, 
    `18` = 5L, `19` = 8L, `20` = 5L, `21` = 3L, `22` = 7L, `23` = 4L, 
    `24` = 7L, `25` = 2L, `26` = 2L, `27` = 4L, `28` = 2L, `29` = 2L, 
    `30` = 1L, `32` = 1L, `33` = 1L, `39` = 1L, `40` = 1L, `45` = 1L
    ), .Dim = 35L, .Dimnames = list(TagUsage = c("1", "2", "3", 
    "4", "5", "6", "7", "8", "9", "10", "11", "12", "13", "14", 
    "15", "16", "17", "18", "19", "20", "21", "22", "23", "24", 
    "25", "26", "27", "28", "29", "30", "32", "33", "39", "40", 
    "45")), class = "table"), No.Tag = structure(c(0L, 1L, 69L, 
    0L, 0L, 0L, 0L, 0L, 0L, 0L, 0L, 0L, 9L, 0L, 0L), .Dim = c(5L, 
    3L), .Dimnames = structure(list(c("-2", "-1", "0", "1", NA
    ), c("A", "G", NA)), .Names = c("", "")), class = "table"), 
    All.Tags = list(Concordant = list(Freqs = structure(c(0, 
    2, 607, 1, 0, 0, 0, 0), .Dim = c(4L, 2L), .Dimnames = list(
        c("-2", "-1", "0", "1"), c("A", "G"))), N = 610), Majority = list(
        Freqs = structure(c(0, 2, 671, 1, 0, 0, 0, 0), .Dim = c(4L, 
        2L), .Dimnames = list(c("-2", "-1", "0", "1"), c("A", 
        "G"))), N = 674)), `2` = structure(c(0, 0, 515, 0, 0, 
    0, 0, 0), .Dim = c(4L, 2L), .Dimnames = list(c("-2", "-1", 
    "0", "1"), c("A", "G"))))))
