Results <-
list(`bwa.out//20220204//BlindCMMRD55_S14.sam` = list(IM16_SNP1 = list(
    All = list(Freqs = structure(c(0L, 8L, 1L, 0L, 0L, 45L, 5793L, 
    65L, 3L, 9L, 0L, 1L, 0L, 0L, 0L, 0L, 62L, 4L, 1L, 0L), .Dim = 5:4, .Dimnames = structure(list(
        c("-1", "0", "1", "2", NA), c("A", "G", "T", NA)), .Names = c("", 
    "")), class = "table"), N = 5992L), Tag.Distribution = structure(c(`1` = 108L, 
    `2` = 50L, `3` = 51L, `4` = 46L, `5` = 43L, `6` = 32L, `7` = 30L, 
    `8` = 25L, `9` = 21L, `10` = 28L, `11` = 21L, `12` = 22L, 
    `13` = 19L, `14` = 13L, `15` = 13L, `16` = 11L, `17` = 16L, 
    `18` = 13L, `19` = 4L, `20` = 12L, `21` = 9L, `22` = 7L, 
    `23` = 7L, `24` = 6L, `25` = 1L, `26` = 4L, `27` = 6L, `28` = 2L, 
    `29` = 2L, `30` = 4L, `31` = 3L, `32` = 7L, `33` = 1L, `34` = 2L, 
    `35` = 1L, `37` = 3L, `64` = 1L), .Dim = 37L, .Dimnames = list(
        TagUsage = c("1", "2", "3", "4", "5", "6", "7", "8", 
        "9", "10", "11", "12", "13", "14", "15", "16", "17", 
        "18", "19", "20", "21", "22", "23", "24", "25", "26", 
        "27", "28", "29", "30", "31", "32", "33", "34", "35", 
        "37", "64")), class = "table"), No.Tag = structure(c(0L, 
    0L, 0L, 0L, 0L, 1L, 227L, 2L, 0L, 3L, 0L, 0L, 0L, 0L, 0L, 
    0L, 10L, 0L, 0L, 0L), .Dim = 5:4, .Dimnames = structure(list(
        c("-1", "0", "1", "2", NA), c("A", "G", "T", NA)), .Names = c("", 
    "")), class = "table"), All.Tags = list(Concordant = list(
        Freqs = structure(c(0, 3, 1, 0, 1, 542, 1, 0, 0, 0, 0, 
        0), .Dim = 4:3, .Dimnames = list(c("-1", "0", "1", "2"
        ), c("A", "G", "T"))), N = 548), Majority = list(Freqs = structure(c(0, 
    3, 1, 0, 1, 629, 2, 0, 0, 0, 0, 0), .Dim = 4:3, .Dimnames = list(
        c("-1", "0", "1", "2"), c("A", "G", "T"))), N = 636)), 
    `2` = structure(c(0, 0, 0, 0, 0, 534, 1, 0, 0, 0, 0, 0), .Dim = 4:3, .Dimnames = list(
        c("-1", "0", "1", "2"), c("A", "G", "T"))))))
