Results <-
list(`bwa.out//20220204//BlindCMMRD63_S22.sam` = list(LR44_SNP1 = list(
    All = list(Freqs = structure(c(2L, 5L, 154L, 2233L, 35L, 
    1L, 8L, 1L, 0L, 177L, 2015L, 33L, 2L, 9L, 0L, 0L, 8L, 100L, 
    1L, 0L, 0L), .Dim = c(7L, 3L), .Dimnames = structure(list(
        c("-3", "-2", "-1", "0", "1", "2", NA), c("C", "T", NA
        )), .Names = c("", "")), class = "table"), N = 4784L), 
    Tag.Distribution = structure(c(`1` = 106L, `2` = 75L, `3` = 67L, 
    `4` = 69L, `5` = 38L, `6` = 32L, `7` = 35L, `8` = 34L, `9` = 23L, 
    `10` = 23L, `11` = 15L, `12` = 16L, `13` = 15L, `14` = 16L, 
    `15` = 18L, `16` = 11L, `17` = 9L, `18` = 8L, `19` = 8L, 
    `20` = 10L, `21` = 6L, `22` = 6L, `23` = 5L, `24` = 4L, `25` = 2L, 
    `26` = 2L, `27` = 1L, `28` = 1L, `29` = 1L, `43` = 1L), .Dim = 30L, .Dimnames = list(
        TagUsage = c("1", "2", "3", "4", "5", "6", "7", "8", 
        "9", "10", "11", "12", "13", "14", "15", "16", "17", 
        "18", "19", "20", "21", "22", "23", "24", "25", "26", 
        "27", "28", "29", "43")), class = "table"), No.Tag = structure(c(0L, 
    0L, 0L, 50L, 3L, 0L, 3L, 0L, 0L, 4L, 72L, 3L, 0L, 0L, 0L, 
    0L, 1L, 10L, 0L, 0L, 0L), .Dim = c(7L, 3L), .Dimnames = structure(list(
        c("-3", "-2", "-1", "0", "1", "2", NA), c("C", "T", NA
        )), .Names = c("", "")), class = "table"), All.Tags = list(
        Concordant = list(Freqs = structure(c(0, 0, 3, 192, 1, 
        0, 0, 0, 4, 203, 0, 0), .Dim = c(6L, 2L), .Dimnames = list(
            c("-3", "-2", "-1", "0", "1", "2"), c("C", "T"))), 
            N = 403), Majority = list(Freqs = structure(c(0, 
        0, 4, 305, 2, 0, 0, 0, 5, 312, 0, 0), .Dim = c(6L, 2L
        ), .Dimnames = list(c("-3", "-2", "-1", "0", "1", "2"
        ), c("C", "T"))), N = 628)), `2` = structure(c(0, 0, 
    3, 268, 2, 0, 0, 0, 2, 258, 0, 0), .Dim = c(6L, 2L), .Dimnames = list(
        c("-3", "-2", "-1", "0", "1", "2"), c("C", "T"))))))
