Results <-
list(`bwa.out//20220204//17D0939_S6.sam` = list(GM26_SNP1 = list(
    All = list(Freqs = structure(c(9L, 1342L, 6L, 1L, 7L, 1136L, 
    1L, 1L, 1L, 34L, 2L, 0L), .Dim = 4:3, .Dimnames = structure(list(
        c("-1", "0", "1", NA), c("A", "G", NA)), .Names = c("", 
    "")), class = "table"), N = 2540L), Tag.Distribution = structure(c(`1` = 76L, 
    `2` = 27L, `3` = 29L, `4` = 22L, `5` = 15L, `6` = 19L, `7` = 17L, 
    `8` = 8L, `9` = 7L, `10` = 11L, `11` = 7L, `12` = 6L, `13` = 4L, 
    `14` = 3L, `15` = 3L, `16` = 2L, `17` = 5L, `18` = 3L, `19` = 4L, 
    `20` = 2L, `21` = 4L, `23` = 3L, `24` = 1L, `25` = 1L, `26` = 2L, 
    `27` = 3L, `28` = 3L, `30` = 1L, `31` = 2L, `32` = 2L, `39` = 3L, 
    `40` = 1L, `42` = 1L, `43` = 2L, `44` = 1L, `45` = 1L, `47` = 1L, 
    `56` = 1L), .Dim = 38L, .Dimnames = list(TagUsage = c("1", 
    "2", "3", "4", "5", "6", "7", "8", "9", "10", "11", "12", 
    "13", "14", "15", "16", "17", "18", "19", "20", "21", "23", 
    "24", "25", "26", "27", "28", "30", "31", "32", "39", "40", 
    "42", "43", "44", "45", "47", "56")), class = "table"), No.Tag = structure(c(0L, 
    49L, 0L, 1L, 0L, 9L, 0L, 0L, 0L, 4L, 0L, 0L), .Dim = 4:3, .Dimnames = structure(list(
        c("-1", "0", "1", NA), c("A", "G", NA)), .Names = c("", 
    "")), class = "table"), All.Tags = list(Concordant = list(
        Freqs = structure(c(0, 138, 0, 0, 132, 0), .Dim = 3:2, .Dimnames = list(
            c("-1", "0", "1"), c("A", "G"))), N = 270), Majority = list(
        Freqs = structure(c(0, 156, 0, 0, 143, 0), .Dim = 3:2, .Dimnames = list(
            c("-1", "0", "1"), c("A", "G"))), N = 299)), `2` = structure(c(0, 
    114, 0, 0, 111, 0), .Dim = 3:2, .Dimnames = list(c("-1", 
    "0", "1"), c("A", "G"))))))
