Results <-
list(`bwa.out//20220204//BlindCMMRD87_S46.sam` = list(LR49_SNP1 = list(
    All = list(Freqs = structure(c(84L, 3077L, 1L, 2L, 0L, 3L, 
    0L, 0L, 0L, 1L, 0L, 0L, 0L, 19L, 0L, 0L), .Dim = c(4L, 4L
    ), .Dimnames = structure(list(c("-1", "0", "1", NA), c("A", 
    "G", "T", NA)), .Names = c("", "")), class = "table"), N = 3187L), 
    Tag.Distribution = structure(c(`1` = 65L, `2` = 30L, `3` = 13L, 
    `4` = 21L, `5` = 19L, `6` = 16L, `7` = 17L, `8` = 9L, `9` = 3L, 
    `10` = 9L, `11` = 10L, `12` = 6L, `13` = 9L, `14` = 12L, 
    `15` = 5L, `16` = 2L, `17` = 6L, `18` = 4L, `19` = 2L, `20` = 5L, 
    `21` = 3L, `22` = 3L, `23` = 4L, `24` = 1L, `25` = 1L, `26` = 3L, 
    `27` = 3L, `28` = 1L, `29` = 3L, `30` = 1L, `31` = 1L, `32` = 2L, 
    `33` = 1L, `34` = 2L, `35` = 1L, `36` = 1L, `37` = 1L, `40` = 1L, 
    `42` = 2L, `43` = 3L, `44` = 1L, `45` = 1L, `49` = 1L, `56` = 1L, 
    `62` = 1L, `72` = 1L), .Dim = 46L, .Dimnames = list(TagUsage = c("1", 
    "2", "3", "4", "5", "6", "7", "8", "9", "10", "11", "12", 
    "13", "14", "15", "16", "17", "18", "19", "20", "21", "22", 
    "23", "24", "25", "26", "27", "28", "29", "30", "31", "32", 
    "33", "34", "35", "36", "37", "40", "42", "43", "44", "45", 
    "49", "56", "62", "72")), class = "table"), No.Tag = structure(c(5L, 
    87L, 0L, 2L, 0L, 0L, 0L, 0L, 0L, 0L, 0L, 0L, 0L, 1L, 0L, 
    0L), .Dim = c(4L, 4L), .Dimnames = structure(list(c("-1", 
    "0", "1", NA), c("A", "G", "T", NA)), .Names = c("", "")), class = "table"), 
    All.Tags = list(Concordant = list(Freqs = structure(c(9, 
    280, 0, 0, 3, 0, 0, 0, 0), .Dim = c(3L, 3L), .Dimnames = list(
        c("-1", "0", "1"), c("A", "G", "T"))), N = 292), Majority = list(
        Freqs = structure(c(10, 290, 0, 0, 3, 0, 0, 0, 0), .Dim = c(3L, 
        3L), .Dimnames = list(c("-1", "0", "1"), c("A", "G", 
        "T"))), N = 303)), `2` = structure(c(8, 234, 0, 0, 0, 
    0, 0, 0, 0), .Dim = c(3L, 3L), .Dimnames = list(c("-1", "0", 
    "1"), c("A", "G", "T"))))))
