Results <-
list(`bwa.out//20220204//BlindCMMRD90_S49.sam` = list(LR48_SNP1 = list(
    All = list(Freqs = structure(c(4L, 154L, 5179L, 55L, 19L, 
    0L, 0L, 2L, 0L, 0L, 0L, 1L, 77L, 1L, 0L), .Dim = c(5L, 3L
    ), .Dimnames = structure(list(c("-2", "-1", "0", "1", NA), 
        c("C", "T", NA)), .Names = c("", "")), class = "table"), 
        N = 5492L), Tag.Distribution = structure(c(`1` = 88L, 
    `2` = 31L, `3` = 36L, `4` = 35L, `5` = 24L, `6` = 28L, `7` = 24L, 
    `8` = 24L, `9` = 17L, `10` = 19L, `11` = 13L, `12` = 12L, 
    `13` = 9L, `14` = 14L, `15` = 13L, `16` = 11L, `17` = 6L, 
    `18` = 6L, `19` = 4L, `20` = 9L, `21` = 13L, `22` = 10L, 
    `23` = 12L, `24` = 6L, `25` = 9L, `26` = 9L, `27` = 5L, `28` = 1L, 
    `29` = 7L, `30` = 3L, `31` = 4L, `32` = 1L, `33` = 2L, `34` = 1L, 
    `35` = 2L, `36` = 1L, `37` = 1L, `38` = 1L, `39` = 1L, `40` = 2L, 
    `44` = 1L, `65` = 1L, `67` = 1L), .Dim = 43L, .Dimnames = list(
        TagUsage = c("1", "2", "3", "4", "5", "6", "7", "8", 
        "9", "10", "11", "12", "13", "14", "15", "16", "17", 
        "18", "19", "20", "21", "22", "23", "24", "25", "26", 
        "27", "28", "29", "30", "31", "32", "33", "34", "35", 
        "36", "37", "38", "39", "40", "44", "65", "67")), class = "table"), 
    No.Tag = structure(c(0L, 6L, 85L, 3L, 0L, 0L, 0L, 0L, 0L, 
    0L, 0L, 0L, 11L, 1L, 0L), .Dim = c(5L, 3L), .Dimnames = structure(list(
        c("-2", "-1", "0", "1", NA), c("C", "T", NA)), .Names = c("", 
    "")), class = "table"), All.Tags = list(Concordant = list(
        Freqs = structure(c(0, 4, 370, 0, 0, 0, 1, 0), .Dim = c(4L, 
        2L), .Dimnames = list(c("-2", "-1", "0", "1"), c("C", 
        "T"))), N = 375), Majority = list(Freqs = structure(c(0, 
    5, 501, 0, 0, 0, 1, 0), .Dim = c(4L, 2L), .Dimnames = list(
        c("-2", "-1", "0", "1"), c("C", "T"))), N = 507)), `2` = structure(c(0, 
    3, 423, 0, 0, 0, 0, 0), .Dim = c(4L, 2L), .Dimnames = list(
        c("-2", "-1", "0", "1"), c("C", "T"))))))
