Results <-
list(`bwa.out//20220204//BlindCMMRD122_S48.sam` = list(GM29_SNP1 = list(
    All = list(Freqs = structure(c(1L, 32L, 2539L, 2L, 8L, 0L, 
    25L, 2253L, 8L, 10L, 0L, 0L, 1L, 0L, 0L, 0L, 0L, 11L, 0L, 
    0L), .Dim = 5:4, .Dimnames = structure(list(c("-2", "-1", 
    "0", "1", NA), c("A", "G", "T", NA)), .Names = c("", "")), class = "table"), 
        N = 4890L), Tag.Distribution = structure(c(`1` = 180L, 
    `2` = 123L, `3` = 111L, `4` = 79L, `5` = 47L, `6` = 52L, 
    `7` = 41L, `8` = 40L, `9` = 29L, `10` = 28L, `11` = 24L, 
    `12` = 17L, `13` = 13L, `14` = 10L, `15` = 11L, `16` = 8L, 
    `17` = 4L, `18` = 4L, `19` = 6L, `20` = 2L, `21` = 6L, `23` = 4L, 
    `26` = 4L, `27` = 1L, `28` = 3L, `29` = 2L, `30` = 1L, `31` = 1L, 
    `32` = 2L, `38` = 1L), .Dim = 30L, .Dimnames = list(TagUsage = c("1", 
    "2", "3", "4", "5", "6", "7", "8", "9", "10", "11", "12", 
    "13", "14", "15", "16", "17", "18", "19", "20", "21", "23", 
    "26", "27", "28", "29", "30", "31", "32", "38")), class = "table"), 
    No.Tag = structure(c(0L, 0L, 50L, 0L, 0L, 0L, 1L, 48L, 0L, 
    0L, 0L, 0L, 0L, 0L, 0L, 0L, 0L, 3L, 0L, 0L), .Dim = 5:4, .Dimnames = structure(list(
        c("-2", "-1", "0", "1", NA), c("A", "G", "T", NA)), .Names = c("", 
    "")), class = "table"), All.Tags = list(Concordant = list(
        Freqs = structure(c(0, 1, 351, 0, 0, 2, 309, 0, 0, 0, 
        0, 0), .Dim = 4:3, .Dimnames = list(c("-2", "-1", "0", 
        "1"), c("A", "G", "T"))), N = 663), Majority = list(Freqs = structure(c(0, 
    1, 424, 0, 0, 2, 403, 0, 0, 0, 0, 0), .Dim = 4:3, .Dimnames = list(
        c("-2", "-1", "0", "1"), c("A", "G", "T"))), N = 830)), 
    `2` = structure(c(0, 0, 333, 0, 0, 0, 319, 0, 0, 0, 0, 0), .Dim = 4:3, .Dimnames = list(
        c("-2", "-1", "0", "1"), c("A", "G", "T"))))))
