Results <-
list(`bwa.out//20220204//BlindCMMRD47_S7.sam` = list(GM14_SNP1 = list(
    All = list(Freqs = structure(c(1L, 34L, 1215L, 14L, 2L, 4L, 
    31L, 1099L, 10L, 0L, 0L, 0L, 22L, 0L, 0L), .Dim = c(5L, 3L
    ), .Dimnames = structure(list(c("-2", "-1", "0", "1", NA), 
        c("C", "T", NA)), .Names = c("", "")), class = "table"), 
        N = 2432L), Tag.Distribution = structure(c(`1` = 51L, 
    `2` = 12L, `3` = 10L, `4` = 5L, `5` = 7L, `6` = 11L, `7` = 8L, 
    `8` = 11L, `9` = 2L, `10` = 10L, `11` = 4L, `12` = 5L, `13` = 1L, 
    `14` = 5L, `15` = 5L, `16` = 2L, `17` = 5L, `18` = 2L, `19` = 4L, 
    `20` = 3L, `21` = 2L, `22` = 6L, `23` = 3L, `24` = 3L, `25` = 1L, 
    `26` = 1L, `27` = 1L, `28` = 1L, `29` = 4L, `30` = 2L, `31` = 2L, 
    `33` = 1L, `35` = 3L, `36` = 1L, `39` = 2L, `41` = 1L, `42` = 1L, 
    `43` = 1L, `46` = 1L, `49` = 1L, `50` = 1L, `55` = 1L, `103` = 1L
    ), .Dim = 43L, .Dimnames = list(TagUsage = c("1", "2", "3", 
    "4", "5", "6", "7", "8", "9", "10", "11", "12", "13", "14", 
    "15", "16", "17", "18", "19", "20", "21", "22", "23", "24", 
    "25", "26", "27", "28", "29", "30", "31", "33", "35", "36", 
    "39", "41", "42", "43", "46", "49", "50", "55", "103")), class = "table"), 
    No.Tag = structure(c(0L, 1L, 42L, 1L, 0L, 0L, 0L, 7L, 0L, 
    0L, 0L, 0L, 2L, 0L, 0L), .Dim = c(5L, 3L), .Dimnames = structure(list(
        c("-2", "-1", "0", "1", NA), c("C", "T", NA)), .Names = c("", 
    "")), class = "table"), All.Tags = list(Concordant = list(
        Freqs = structure(c(0, 0, 79, 1, 1, 0, 62, 1), .Dim = c(4L, 
        2L), .Dimnames = list(c("-2", "-1", "0", "1"), c("C", 
        "T"))), N = 144), Majority = list(Freqs = structure(c(0, 
    0, 110, 1, 1, 0, 88, 1), .Dim = c(4L, 2L), .Dimnames = list(
        c("-2", "-1", "0", "1"), c("C", "T"))), N = 201)), `2` = structure(c(0, 
    0, 83, 0, 0, 0, 70, 0), .Dim = c(4L, 2L), .Dimnames = list(
        c("-2", "-1", "0", "1"), c("C", "T"))))))
