Results <-
list(`bwa.out//20220204//BlindCMMRD123_S49.sam` = list(GM22_SNP1 = list(
    All = list(Freqs = structure(c(62L, 4963L, 17L, 14L, 0L, 
    42L, 0L, 0L), .Dim = c(4L, 2L), .Dimnames = structure(list(
        c("-1", "0", "1", NA), c("A", NA)), .Names = c("", ""
    )), class = "table"), N = 5098L), Tag.Distribution = structure(c(`1` = 223L, 
    `2` = 183L, `3` = 148L, `4` = 108L, `5` = 102L, `6` = 84L, 
    `7` = 51L, `8` = 51L, `9` = 50L, `10` = 22L, `11` = 16L, 
    `12` = 11L, `13` = 8L, `14` = 7L, `15` = 8L, `16` = 12L, 
    `17` = 1L, `18` = 4L, `19` = 4L, `20` = 1L, `21` = 1L, `22` = 1L, 
    `24` = 1L, `37` = 1L), .Dim = 24L, .Dimnames = list(TagUsage = c("1", 
    "2", "3", "4", "5", "6", "7", "8", "9", "10", "11", "12", 
    "13", "14", "15", "16", "17", "18", "19", "20", "21", "22", 
    "24", "37")), class = "table"), No.Tag = structure(c(1L, 
    70L, 0L, 1L, 0L, 1L, 0L, 0L), .Dim = c(4L, 2L), .Dimnames = structure(list(
        c("-1", "0", "1", NA), c("A", NA)), .Names = c("", ""
    )), class = "table"), All.Tags = list(Concordant = list(Freqs = structure(c(3, 
    1019, 0), .Dim = c(3L, 1L), .Dimnames = list(c("-1", "0", 
    "1"), "A")), N = 1022), Majority = list(Freqs = structure(c(3, 
    1083, 0), .Dim = c(3L, 1L), .Dimnames = list(c("-1", "0", 
    "1"), "A")), N = 1086)), `2` = structure(c(1, 868, 0), .Dim = c(3L, 
    1L), .Dimnames = list(c("-1", "0", "1"), "A")))))
