Results <-
list(`bwa.out//20220204//Control26_S19.sam` = list(LR48_SNP1 = list(
    All = list(Freqs = structure(c(1L, 65L, 1980L, 32L, 9L, 0L, 
    1L, 27L, 0L, 0L), .Dim = c(5L, 2L), .Dimnames = structure(list(
        c("-2", "-1", "0", "1", NA), c("C", NA)), .Names = c("", 
    "")), class = "table"), N = 2115L), Tag.Distribution = structure(c(`1` = 50L, 
    `2` = 21L, `3` = 19L, `4` = 26L, `5` = 18L, `6` = 21L, `7` = 12L, 
    `8` = 14L, `9` = 7L, `10` = 3L, `11` = 8L, `12` = 9L, `13` = 7L, 
    `14` = 3L, `15` = 8L, `16` = 7L, `17` = 5L, `18` = 6L, `19` = 4L, 
    `20` = 1L, `21` = 2L, `22` = 2L, `23` = 1L, `24` = 3L, `25` = 3L, 
    `26` = 3L, `27` = 2L, `29` = 1L, `33` = 1L), .Dim = 29L, .Dimnames = list(
        TagUsage = c("1", "2", "3", "4", "5", "6", "7", "8", 
        "9", "10", "11", "12", "13", "14", "15", "16", "17", 
        "18", "19", "20", "21", "22", "23", "24", "25", "26", 
        "27", "29", "33")), class = "table"), No.Tag = structure(c(0L, 
    0L, 54L, 1L, 0L, 0L, 0L, 2L, 0L, 0L), .Dim = c(5L, 2L), .Dimnames = structure(list(
        c("-2", "-1", "0", "1", NA), c("C", NA)), .Names = c("", 
    "")), class = "table"), All.Tags = list(Concordant = list(
        Freqs = structure(c(0, 0, 200, 1), .Dim = c(4L, 1L), .Dimnames = list(
            c("-2", "-1", "0", "1"), "C")), N = 201), Majority = list(
        Freqs = structure(c(0, 1, 256, 1), .Dim = c(4L, 1L), .Dimnames = list(
            c("-2", "-1", "0", "1"), "C")), N = 258)), `2` = structure(c(0, 
    1, 212, 0), .Dim = c(4L, 1L), .Dimnames = list(c("-2", "-1", 
    "0", "1"), "C")))))
