Results <-
list(`bwa.out//20220204//BlindCMMRD70_S29.sam` = list(LR46_SNP1 = list(
    All = list(Freqs = structure(c(17L, 3836L, 7L, 13L, 0L, 4L, 
    0L, 0L, 0L, 33L, 0L, 0L), .Dim = 4:3, .Dimnames = structure(list(
        c("-1", "0", "1", NA), c("G", "T", NA)), .Names = c("", 
    "")), class = "table"), N = 3910L), Tag.Distribution = structure(c(`1` = 89L, 
    `2` = 36L, `3` = 22L, `4` = 17L, `5` = 27L, `6` = 27L, `7` = 24L, 
    `8` = 21L, `9` = 16L, `10` = 12L, `11` = 10L, `12` = 13L, 
    `13` = 9L, `14` = 2L, `15` = 6L, `16` = 5L, `17` = 6L, `18` = 4L, 
    `19` = 6L, `20` = 4L, `21` = 5L, `22` = 2L, `23` = 4L, `25` = 5L, 
    `26` = 3L, `29` = 4L, `30` = 5L, `31` = 4L, `32` = 1L, `34` = 2L, 
    `35` = 2L, `37` = 1L, `38` = 3L, `40` = 1L, `41` = 3L, `44` = 1L, 
    `47` = 2L, `49` = 2L, `50` = 1L, `52` = 1L, `54` = 1L), .Dim = 41L, .Dimnames = list(
        TagUsage = c("1", "2", "3", "4", "5", "6", "7", "8", 
        "9", "10", "11", "12", "13", "14", "15", "16", "17", 
        "18", "19", "20", "21", "22", "23", "25", "26", "29", 
        "30", "31", "32", "34", "35", "37", "38", "40", "41", 
        "44", "47", "49", "50", "52", "54")), class = "table"), 
    No.Tag = structure(c(0L, 57L, 0L, 0L, 0L, 1L, 0L, 0L, 0L, 
    1L, 0L, 0L), .Dim = 4:3, .Dimnames = structure(list(c("-1", 
    "0", "1", NA), c("G", "T", NA)), .Names = c("", "")), class = "table"), 
    All.Tags = list(Concordant = list(Freqs = structure(c(0, 
    377, 0, 0, 2, 0), .Dim = 3:2, .Dimnames = list(c("-1", "0", 
    "1"), c("G", "T"))), N = 379), Majority = list(Freqs = structure(c(0, 
    400, 0, 0, 2, 0), .Dim = 3:2, .Dimnames = list(c("-1", "0", 
    "1"), c("G", "T"))), N = 402)), `2` = structure(c(0, 320, 
    0, 0, 0, 0), .Dim = 3:2, .Dimnames = list(c("-1", "0", "1"
    ), c("G", "T"))))))
