Results <-
list(`bwa.out//20220204//BlindCMMRD95_S54.sam` = list(LR44_SNP1 = list(
    All = list(Freqs = structure(c(0L, 0L, 0L, 1L, 0L, 0L, 0L, 
    0L, 2L, 10L, 429L, 4679L, 53L, 2L, 1L, 16L, 0L, 0L, 0L, 4L, 
    1L, 0L, 0L, 0L, 0L, 0L, 8L, 110L, 4L, 0L, 0L, 0L), .Dim = c(8L, 
    4L), .Dimnames = structure(list(c("-3", "-2", "-1", "0", 
    "1", "2", "3", NA), c("A", "C", "T", NA)), .Names = c("", 
    "")), class = "table"), N = 5320L), Tag.Distribution = structure(c(`1` = 127L, 
    `2` = 44L, `3` = 38L, `4` = 33L, `5` = 38L, `6` = 31L, `7` = 25L, 
    `8` = 15L, `9` = 23L, `10` = 20L, `11` = 20L, `12` = 16L, 
    `13` = 19L, `14` = 11L, `15` = 6L, `16` = 11L, `17` = 8L, 
    `18` = 14L, `19` = 3L, `20` = 8L, `21` = 12L, `22` = 6L, 
    `23` = 9L, `24` = 7L, `25` = 7L, `26` = 4L, `27` = 8L, `28` = 4L, 
    `29` = 4L, `30` = 1L, `31` = 1L, `32` = 2L, `34` = 4L, `37` = 1L, 
    `38` = 1L, `39` = 2L, `41` = 1L, `42` = 1L), .Dim = 38L, .Dimnames = list(
        TagUsage = c("1", "2", "3", "4", "5", "6", "7", "8", 
        "9", "10", "11", "12", "13", "14", "15", "16", "17", 
        "18", "19", "20", "21", "22", "23", "24", "25", "26", 
        "27", "28", "29", "30", "31", "32", "34", "37", "38", 
        "39", "41", "42")), class = "table"), No.Tag = structure(c(0L, 
    0L, 0L, 0L, 0L, 0L, 0L, 0L, 0L, 0L, 12L, 98L, 0L, 0L, 0L, 
    1L, 0L, 0L, 0L, 0L, 0L, 0L, 0L, 0L, 0L, 0L, 0L, 7L, 0L, 0L, 
    0L, 0L), .Dim = c(8L, 4L), .Dimnames = structure(list(c("-3", 
    "-2", "-1", "0", "1", "2", "3", NA), c("A", "C", "T", NA)), .Names = c("", 
    "")), class = "table"), All.Tags = list(Concordant = list(
        Freqs = structure(c(0, 0, 0, 0, 0, 0, 0, 0, 0, 9, 330, 
        1, 0, 0, 0, 0, 0, 3, 1, 0, 0), .Dim = c(7L, 3L), .Dimnames = list(
            c("-3", "-2", "-1", "0", "1", "2", "3"), c("A", "C", 
            "T"))), N = 344), Majority = list(Freqs = structure(c(0, 
    0, 0, 0, 0, 0, 0, 0, 0, 12, 544, 1, 0, 0, 0, 0, 0, 3, 1, 
    0, 0), .Dim = c(7L, 3L), .Dimnames = list(c("-3", "-2", "-1", 
    "0", "1", "2", "3"), c("A", "C", "T"))), N = 561)), `2` = structure(c(0, 
    0, 0, 0, 0, 0, 0, 0, 0, 5, 439, 0, 0, 0, 0, 0, 0, 0, 0, 0, 
    0), .Dim = c(7L, 3L), .Dimnames = list(c("-3", "-2", "-1", 
    "0", "1", "2", "3"), c("A", "C", "T"))))))
