Results <-
list(`bwa.out//20220204//BlindCMMRD43_S3.sam` = list(LR10_SNP1 = list(
    All = list(Freqs = structure(c(1L, 26L, 1130L, 6L, 3L, 0L, 
    22L, 1378L, 4L, 1L, 0L, 0L, 20L, 1L, 0L), .Dim = c(5L, 3L
    ), .Dimnames = structure(list(c("-2", "-1", "0", "1", NA), 
        c("C", "T", NA)), .Names = c("", "")), class = "table"), 
        N = 2592L), Tag.Distribution = structure(c(`1` = 70L, 
    `2` = 19L, `3` = 20L, `4` = 19L, `5` = 18L, `6` = 17L, `7` = 18L, 
    `8` = 16L, `9` = 8L, `10` = 13L, `11` = 6L, `12` = 8L, `13` = 5L, 
    `14` = 6L, `15` = 3L, `16` = 7L, `17` = 5L, `18` = 5L, `19` = 3L, 
    `20` = 6L, `21` = 5L, `22` = 2L, `23` = 3L, `24` = 1L, `25` = 1L, 
    `26` = 2L, `27` = 2L, `28` = 4L, `30` = 3L, `31` = 2L, `35` = 2L, 
    `37` = 1L, `39` = 1L, `44` = 1L), .Dim = 34L, .Dimnames = list(
        TagUsage = c("1", "2", "3", "4", "5", "6", "7", "8", 
        "9", "10", "11", "12", "13", "14", "15", "16", "17", 
        "18", "19", "20", "21", "22", "23", "24", "25", "26", 
        "27", "28", "30", "31", "35", "37", "39", "44")), class = "table"), 
    No.Tag = structure(c(0L, 1L, 32L, 0L, 0L, 0L, 1L, 18L, 0L, 
    0L, 0L, 0L, 1L, 0L, 0L), .Dim = c(5L, 3L), .Dimnames = structure(list(
        c("-2", "-1", "0", "1", NA), c("C", "T", NA)), .Names = c("", 
    "")), class = "table"), All.Tags = list(Concordant = list(
        Freqs = structure(c(0, 2, 98, 0, 0, 1, 146, 0), .Dim = c(4L, 
        2L), .Dimnames = list(c("-2", "-1", "0", "1"), c("C", 
        "T"))), N = 247), Majority = list(Freqs = structure(c(0, 
    2, 125, 0, 0, 1, 169, 0), .Dim = c(4L, 2L), .Dimnames = list(
        c("-2", "-1", "0", "1"), c("C", "T"))), N = 297)), `2` = structure(c(0, 
    0, 100, 0, 0, 1, 130, 0), .Dim = c(4L, 2L), .Dimnames = list(
        c("-2", "-1", "0", "1"), c("C", "T"))))))
