Results <-
list(`bwa.out//20220204//Control11_S4.sam` = list(GM17_SNP1 = list(
    All = list(Freqs = structure(c(45L, 2824L, 10L, 3L, 0L, 0L, 
    0L, 1L, 1L, 11L, 0L, 0L), .Dim = 4:3, .Dimnames = structure(list(
        c("-1", "0", "1", NA), c("C", "T", NA)), .Names = c("", 
    "")), class = "table"), N = 2895L), Tag.Distribution = structure(c(`1` = 105L, 
    `2` = 52L, `3` = 43L, `4` = 42L, `5` = 31L, `6` = 34L, `7` = 20L, 
    `8` = 19L, `9` = 11L, `10` = 7L, `11` = 12L, `12` = 14L, 
    `13` = 8L, `14` = 10L, `15` = 8L, `16` = 7L, `17` = 5L, `18` = 4L, 
    `19` = 6L, `20` = 7L, `21` = 1L, `22` = 1L, `24` = 4L, `26` = 1L, 
    `28` = 1L, `29` = 2L, `32` = 1L, `39` = 1L), .Dim = 28L, .Dimnames = list(
        TagUsage = c("1", "2", "3", "4", "5", "6", "7", "8", 
        "9", "10", "11", "12", "13", "14", "15", "16", "17", 
        "18", "19", "20", "21", "22", "24", "26", "28", "29", 
        "32", "39")), class = "table"), No.Tag = structure(c(0L, 
    58L, 0L, 0L, 0L, 0L, 0L, 0L, 0L, 2L, 0L, 0L), .Dim = 4:3, .Dimnames = structure(list(
        c("-1", "0", "1", NA), c("C", "T", NA)), .Names = c("", 
    "")), class = "table"), All.Tags = list(Concordant = list(
        Freqs = structure(c(3, 416, 0, 0, 0, 0), .Dim = 3:2, .Dimnames = list(
            c("-1", "0", "1"), c("C", "T"))), N = 419), Majority = list(
        Freqs = structure(c(3, 447, 0, 0, 0, 0), .Dim = 3:2, .Dimnames = list(
            c("-1", "0", "1"), c("C", "T"))), N = 450)), `2` = structure(c(3, 
    345, 0, 0, 0, 0), .Dim = 3:2, .Dimnames = list(c("-1", "0", 
    "1"), c("C", "T"))))))
