Results <-
list(`bwa.out//20220204//BlindCMMRD129_S55.sam` = list(GM26_SNP1 = list(
    All = list(Freqs = structure(c(12L, 2289L, 4L, 1L, 5L, 13L, 
    2084L, 8L, 0L, 2L, 0L, 1L, 0L, 0L, 0L, 1L, 49L, 1L, 0L, 0L
    ), .Dim = 5:4, .Dimnames = structure(list(c("-1", "0", "1", 
    "2", NA), c("A", "G", "T", NA)), .Names = c("", "")), class = "table"), 
        N = 4470L), Tag.Distribution = structure(c(`1` = 217L, 
    `2` = 179L, `3` = 144L, `4` = 120L, `5` = 100L, `6` = 74L, 
    `7` = 54L, `8` = 41L, `9` = 26L, `10` = 14L, `11` = 16L, 
    `12` = 20L, `13` = 12L, `14` = 6L, `15` = 4L, `16` = 1L, 
    `18` = 1L, `19` = 1L, `20` = 2L, `23` = 1L, `28` = 1L, `32` = 1L
    ), .Dim = 22L, .Dimnames = list(TagUsage = c("1", "2", "3", 
    "4", "5", "6", "7", "8", "9", "10", "11", "12", "13", "14", 
    "15", "16", "18", "19", "20", "23", "28", "32")), class = "table"), 
    No.Tag = structure(c(0L, 27L, 0L, 0L, 0L, 2L, 33L, 0L, 0L, 
    0L, 0L, 0L, 0L, 0L, 0L, 0L, 5L, 0L, 0L, 0L), .Dim = 5:4, .Dimnames = structure(list(
        c("-1", "0", "1", "2", NA), c("A", "G", "T", NA)), .Names = c("", 
    "")), class = "table"), All.Tags = list(Concordant = list(
        Freqs = structure(c(1, 441, 0, 0, 0, 434, 1, 0, 0, 0, 
        0, 0), .Dim = 4:3, .Dimnames = list(c("-1", "0", "1", 
        "2"), c("A", "G", "T"))), N = 877), Majority = list(Freqs = structure(c(1, 
    502, 0, 0, 0, 505, 1, 0, 0, 0, 0, 0), .Dim = 4:3, .Dimnames = list(
        c("-1", "0", "1", "2"), c("A", "G", "T"))), N = 1009)), 
    `2` = structure(c(0, 406, 0, 0, 0, 394, 0, 0, 0, 0, 0, 0), .Dim = 4:3, .Dimnames = list(
        c("-1", "0", "1", "2"), c("A", "G", "T"))))))
