Results <-
list(`bwa.out//20220204//Control28_S21.sam` = list(LR17_SNP1 = list(
    All = list(Freqs = structure(c(93L, 2532L, 40L, 24L, 0L, 
    71L, 1L, 0L), .Dim = c(4L, 2L), .Dimnames = structure(list(
        c("-1", "0", "1", NA), c("A", NA)), .Names = c("", ""
    )), class = "table"), N = 2761L), Tag.Distribution = structure(c(`1` = 98L, 
    `2` = 39L, `3` = 29L, `4` = 26L, `5` = 28L, `6` = 20L, `7` = 26L, 
    `8` = 18L, `9` = 18L, `10` = 14L, `11` = 13L, `12` = 6L, 
    `13` = 9L, `14` = 10L, `15` = 11L, `16` = 9L, `17` = 5L, 
    `18` = 2L, `19` = 6L, `20` = 2L, `21` = 2L, `22` = 4L, `23` = 2L, 
    `24` = 3L, `25` = 1L, `26` = 1L, `27` = 2L), .Dim = 27L, .Dimnames = list(
        TagUsage = c("1", "2", "3", "4", "5", "6", "7", "8", 
        "9", "10", "11", "12", "13", "14", "15", "16", "17", 
        "18", "19", "20", "21", "22", "23", "24", "25", "26", 
        "27")), class = "table"), No.Tag = structure(c(0L, 92L, 
    1L, 0L, 0L, 4L, 0L, 0L), .Dim = c(4L, 2L), .Dimnames = structure(list(
        c("-1", "0", "1", NA), c("A", NA)), .Names = c("", ""
    )), class = "table"), All.Tags = list(Concordant = list(Freqs = structure(c(3, 
    304, 0), .Dim = c(3L, 1L), .Dimnames = list(c("-1", "0", 
    "1"), "A")), N = 307), Majority = list(Freqs = structure(c(3, 
    394, 0), .Dim = c(3L, 1L), .Dimnames = list(c("-1", "0", 
    "1"), "A")), N = 397)), `2` = structure(c(1, 304, 0), .Dim = c(3L, 
    1L), .Dimnames = list(c("-1", "0", "1"), "A")))))
