Results <-
list(`bwa.out//20220204//BlindCMMRD41_S1.sam` = list(LR20_SNP1 = list(
    All = list(Freqs = structure(c(4L, 2247L, 7L, 3L, 15L, 2026L, 
    3L, 3L, 0L, 8L, 0L, 0L, 1L, 22L, 0L, 0L), .Dim = c(4L, 4L
    ), .Dimnames = structure(list(c("-1", "0", "1", NA), c("A", 
    "G", "T", NA)), .Names = c("", "")), class = "table"), N = 4339L), 
    Tag.Distribution = structure(c(`1` = 103L, `2` = 28L, `3` = 24L, 
    `4` = 14L, `5` = 16L, `6` = 16L, `7` = 18L, `8` = 19L, `9` = 19L, 
    `10` = 13L, `11` = 9L, `12` = 13L, `13` = 10L, `14` = 7L, 
    `15` = 8L, `16` = 7L, `17` = 4L, `18` = 4L, `19` = 4L, `20` = 4L, 
    `21` = 2L, `23` = 6L, `24` = 4L, `25` = 10L, `26` = 1L, `27` = 2L, 
    `28` = 3L, `29` = 4L, `30` = 4L, `31` = 2L, `32` = 1L, `33` = 3L, 
    `34` = 3L, `35` = 3L, `36` = 2L, `37` = 1L, `38` = 1L, `39` = 2L, 
    `40` = 1L, `41` = 1L, `43` = 4L, `44` = 1L, `46` = 1L, `47` = 2L, 
    `48` = 1L, `49` = 2L, `50` = 1L), .Dim = 47L, .Dimnames = list(
        TagUsage = c("1", "2", "3", "4", "5", "6", "7", "8", 
        "9", "10", "11", "12", "13", "14", "15", "16", "17", 
        "18", "19", "20", "21", "23", "24", "25", "26", "27", 
        "28", "29", "30", "31", "32", "33", "34", "35", "36", 
        "37", "38", "39", "40", "41", "43", "44", "46", "47", 
        "48", "49", "50")), class = "table"), No.Tag = structure(c(0L, 
    39L, 0L, 1L, 0L, 58L, 0L, 2L, 0L, 0L, 0L, 0L, 0L, 2L, 0L, 
    0L), .Dim = c(4L, 4L), .Dimnames = structure(list(c("-1", 
    "0", "1", NA), c("A", "G", "T", NA)), .Names = c("", "")), class = "table"), 
    All.Tags = list(Concordant = list(Freqs = structure(c(0, 
    195, 0, 2, 172, 0, 0, 1, 0), .Dim = c(3L, 3L), .Dimnames = list(
        c("-1", "0", "1"), c("A", "G", "T"))), N = 370), Majority = list(
        Freqs = structure(c(0, 212, 0, 2, 190, 0, 0, 1, 0), .Dim = c(3L, 
        3L), .Dimnames = list(c("-1", "0", "1"), c("A", "G", 
        "T"))), N = 405)), `2` = structure(c(0, 153, 0, 0, 150, 
    0, 0, 1, 0), .Dim = c(3L, 3L), .Dimnames = list(c("-1", "0", 
    "1"), c("A", "G", "T"))))))
