Results <-
list(`bwa.out//20220204//BlindCMMRD56_S15.sam` = list(LR48_SNP1 = list(
    All = list(Freqs = structure(c(1L, 2L, 187L, 4147L, 82L, 
    28L, 0L, 0L, 0L, 2L, 0L, 0L, 0L, 0L, 2L, 98L, 0L, 0L), .Dim = c(6L, 
    3L), .Dimnames = structure(list(c("-3", "-2", "-1", "0", 
    "1", NA), c("C", "T", NA)), .Names = c("", "")), class = "table"), 
        N = 4549L), Tag.Distribution = structure(c(`1` = 90L, 
    `2` = 26L, `3` = 33L, `4` = 27L, `5` = 25L, `6` = 24L, `7` = 14L, 
    `8` = 22L, `9` = 12L, `10` = 14L, `11` = 11L, `12` = 11L, 
    `13` = 12L, `14` = 11L, `15` = 8L, `16` = 11L, `17` = 11L, 
    `18` = 6L, `19` = 7L, `20` = 6L, `21` = 4L, `22` = 5L, `23` = 11L, 
    `24` = 2L, `25` = 2L, `26` = 4L, `27` = 1L, `28` = 4L, `29` = 2L, 
    `30` = 3L, `31` = 4L, `32` = 2L, `33` = 2L, `34` = 4L, `35` = 2L, 
    `36` = 4L, `38` = 1L, `39` = 2L, `41` = 1L, `45` = 1L, `47` = 1L, 
    `74` = 1L), .Dim = 42L, .Dimnames = list(TagUsage = c("1", 
    "2", "3", "4", "5", "6", "7", "8", "9", "10", "11", "12", 
    "13", "14", "15", "16", "17", "18", "19", "20", "21", "22", 
    "23", "24", "25", "26", "27", "28", "29", "30", "31", "32", 
    "33", "34", "35", "36", "38", "39", "41", "45", "47", "74"
    )), class = "table"), No.Tag = structure(c(0L, 0L, 25L, 109L, 
    0L, 0L, 0L, 0L, 0L, 0L, 0L, 0L, 0L, 0L, 0L, 5L, 0L, 0L), .Dim = c(6L, 
    3L), .Dimnames = structure(list(c("-3", "-2", "-1", "0", 
    "1", NA), c("C", "T", NA)), .Names = c("", "")), class = "table"), 
    All.Tags = list(Concordant = list(Freqs = structure(c(0, 
    0, 12, 318, 4, 0, 0, 0, 1, 0), .Dim = c(5L, 2L), .Dimnames = list(
        c("-3", "-2", "-1", "0", "1"), c("C", "T"))), N = 335), 
        Majority = list(Freqs = structure(c(0, 0, 15, 411, 4, 
        0, 0, 0, 1, 0), .Dim = c(5L, 2L), .Dimnames = list(c("-3", 
        "-2", "-1", "0", "1"), c("C", "T"))), N = 431)), `2` = structure(c(0, 
    0, 8, 342, 2, 0, 0, 0, 0, 0), .Dim = c(5L, 2L), .Dimnames = list(
        c("-3", "-2", "-1", "0", "1"), c("C", "T"))))))
