Results <-
list(`bwa.out//20220204//Control30_S23.sam` = list(GM11_SNP1 = list(
    All = list(Freqs = structure(c(10L, 3358L, 18L, 2L, 0L, 30L, 
    1L, 0L), .Dim = c(4L, 2L), .Dimnames = structure(list(c("-1", 
    "0", "1", NA), c("A", NA)), .Names = c("", "")), class = "table"), 
        N = 3419L), Tag.Distribution = structure(c(`1` = 113L, 
    `2` = 68L, `3` = 49L, `4` = 39L, `5` = 18L, `6` = 31L, `7` = 33L, 
    `8` = 21L, `9` = 24L, `10` = 17L, `11` = 10L, `12` = 10L, 
    `13` = 5L, `14` = 9L, `15` = 6L, `16` = 10L, `17` = 9L, `18` = 4L, 
    `19` = 8L, `20` = 6L, `21` = 3L, `22` = 4L, `23` = 2L, `24` = 1L, 
    `25` = 3L, `26` = 1L, `29` = 1L, `30` = 2L, `31` = 4L, `33` = 1L
    ), .Dim = 30L, .Dimnames = list(TagUsage = c("1", "2", "3", 
    "4", "5", "6", "7", "8", "9", "10", "11", "12", "13", "14", 
    "15", "16", "17", "18", "19", "20", "21", "22", "23", "24", 
    "25", "26", "29", "30", "31", "33")), class = "table"), No.Tag = structure(c(0L, 
    67L, 0L, 0L, 0L, 3L, 0L, 0L), .Dim = c(4L, 2L), .Dimnames = structure(list(
        c("-1", "0", "1", NA), c("A", NA)), .Names = c("", ""
    )), class = "table"), All.Tags = list(Concordant = list(Freqs = structure(c(0, 
    485, 0), .Dim = c(3L, 1L), .Dimnames = list(c("-1", "0", 
    "1"), "A")), N = 485), Majority = list(Freqs = structure(c(0, 
    507, 0), .Dim = c(3L, 1L), .Dimnames = list(c("-1", "0", 
    "1"), "A")), N = 507)), `2` = structure(c(0, 395, 0), .Dim = c(3L, 
    1L), .Dimnames = list(c("-1", "0", "1"), "A")))))
