Results <-
list(`bwa.out//20220204//BlindCMMRD97_S56.sam` = list(LR24_SNP1 = list(
    All = list(Freqs = structure(c(0L, 0L, 2L, 0L, 0L, 0L, 14L, 
    2737L, 7L, 3L, 1L, 12L, 2414L, 10L, 0L, 0L, 0L, 25L, 0L, 
    0L), .Dim = 5:4, .Dimnames = structure(list(c("-2", "-1", 
    "0", "1", NA), c("-", "A", "G", NA)), .Names = c("", "")), class = "table"), 
        N = 5225L), Tag.Distribution = structure(c(`1` = 209L, 
    `2` = 137L, `3` = 120L, `4` = 73L, `5` = 81L, `6` = 83L, 
    `7` = 55L, `8` = 53L, `9` = 30L, `10` = 37L, `11` = 14L, 
    `12` = 19L, `13` = 15L, `14` = 18L, `15` = 5L, `16` = 7L, 
    `17` = 5L, `18` = 3L, `19` = 5L, `20` = 2L, `21` = 2L, `22` = 2L, 
    `23` = 2L, `24` = 1L, `27` = 3L, `31` = 1L, `32` = 1L), .Dim = 27L, .Dimnames = list(
        TagUsage = c("1", "2", "3", "4", "5", "6", "7", "8", 
        "9", "10", "11", "12", "13", "14", "15", "16", "17", 
        "18", "19", "20", "21", "22", "23", "24", "27", "31", 
        "32")), class = "table"), No.Tag = structure(c(0L, 0L, 
    0L, 0L, 0L, 0L, 0L, 66L, 0L, 1L, 0L, 0L, 80L, 0L, 0L, 0L, 
    0L, 1L, 0L, 0L), .Dim = 5:4, .Dimnames = structure(list(c("-2", 
    "-1", "0", "1", NA), c("-", "A", "G", NA)), .Names = c("", 
    "")), class = "table"), All.Tags = list(Concordant = list(
        Freqs = structure(c(0, 0, 0, 0, 0, 2, 458, 1, 0, 0, 390, 
        2), .Dim = 4:3, .Dimnames = list(c("-2", "-1", "0", "1"
        ), c("-", "A", "G"))), N = 853), Majority = list(Freqs = structure(c(0, 
    0, 0, 0, 0, 2, 509, 1, 0, 0, 452, 2), .Dim = 4:3, .Dimnames = list(
        c("-2", "-1", "0", "1"), c("-", "A", "G"))), N = 966)), 
    `2` = structure(c(0, 0, 0, 0, 0, 0, 392, 1, 0, 0, 368, 0), .Dim = 4:3, .Dimnames = list(
        c("-2", "-1", "0", "1"), c("-", "A", "G"))))))
