Results <-
list(`bwa.out//20220204//BlindCMMRD73_S32.sam` = list(LR36_SNP1 = list(
    All = list(Freqs = structure(c(1L, 4L, 54L, 1858L, 20L, 1L, 
    15L, 0L, 2L, 29L, 1523L, 14L, 0L, 11L, 0L, 0L, 5L, 102L, 
    3L, 0L, 0L), .Dim = c(7L, 3L), .Dimnames = structure(list(
        c("-3", "-2", "-1", "0", "1", "2", NA), c("A", "T", NA
        )), .Names = c("", "")), class = "table"), N = 3642L), 
    Tag.Distribution = structure(c(`1` = 88L, `2` = 33L, `3` = 35L, 
    `4` = 36L, `5` = 31L, `6` = 26L, `7` = 24L, `8` = 28L, `9` = 14L, 
    `10` = 13L, `11` = 14L, `12` = 17L, `13` = 13L, `14` = 11L, 
    `15` = 9L, `16` = 5L, `17` = 7L, `18` = 12L, `19` = 9L, `20` = 4L, 
    `21` = 3L, `22` = 8L, `23` = 4L, `24` = 1L, `25` = 4L, `26` = 2L, 
    `27` = 1L, `28` = 1L, `29` = 1L, `30` = 1L, `34` = 1L), .Dim = 31L, .Dimnames = list(
        TagUsage = c("1", "2", "3", "4", "5", "6", "7", "8", 
        "9", "10", "11", "12", "13", "14", "15", "16", "17", 
        "18", "19", "20", "21", "22", "23", "24", "25", "26", 
        "27", "28", "29", "30", "34")), class = "table"), No.Tag = structure(c(0L, 
    0L, 3L, 54L, 0L, 0L, 3L, 0L, 0L, 0L, 60L, 0L, 0L, 3L, 0L, 
    0L, 0L, 20L, 0L, 0L, 0L), .Dim = c(7L, 3L), .Dimnames = structure(list(
        c("-3", "-2", "-1", "0", "1", "2", NA), c("A", "T", NA
        )), .Names = c("", "")), class = "table"), All.Tags = list(
        Concordant = list(Freqs = structure(c(0, 0, 0, 185, 0, 
        0, 0, 0, 1, 170, 0, 0), .Dim = c(6L, 2L), .Dimnames = list(
            c("-3", "-2", "-1", "0", "1", "2"), c("A", "T"))), 
            N = 356), Majority = list(Freqs = structure(c(0, 
        0, 1, 239, 0, 0, 0, 0, 1, 208, 0, 0), .Dim = c(6L, 2L
        ), .Dimnames = list(c("-3", "-2", "-1", "0", "1", "2"
        ), c("A", "T"))), N = 449)), `2` = structure(c(0, 0, 
    1, 196, 0, 0, 0, 0, 1, 167, 0, 0), .Dim = c(6L, 2L), .Dimnames = list(
        c("-3", "-2", "-1", "0", "1", "2"), c("A", "T"))))))
