Results <-
list(`bwa.out//20220204//Control24_S17.sam` = list(GM26_SNP1 = list(
    All = list(Freqs = structure(c(6L, 1132L, 8L, 0L, 0L, 1L, 
    0L, 0L, 6L, 1123L, 2L, 2L, 0L, 31L, 0L, 0L), .Dim = c(4L, 
    4L), .Dimnames = structure(list(c("-1", "0", "1", NA), c("A", 
    "C", "G", NA)), .Names = c("", "")), class = "table"), N = 2311L), 
    Tag.Distribution = structure(c(`1` = 83L, `2` = 31L, `3` = 28L, 
    `4` = 24L, `5` = 15L, `6` = 22L, `7` = 11L, `8` = 16L, `9` = 19L, 
    `10` = 6L, `11` = 9L, `12` = 10L, `13` = 8L, `14` = 7L, `15` = 4L, 
    `16` = 5L, `17` = 1L, `18` = 3L, `19` = 3L, `21` = 2L, `22` = 2L, 
    `23` = 1L, `24` = 2L, `25` = 4L, `26` = 3L, `27` = 1L, `29` = 1L, 
    `30` = 1L, `32` = 1L, `34` = 2L, `35` = 1L, `42` = 1L), .Dim = 32L, .Dimnames = list(
        TagUsage = c("1", "2", "3", "4", "5", "6", "7", "8", 
        "9", "10", "11", "12", "13", "14", "15", "16", "17", 
        "18", "19", "21", "22", "23", "24", "25", "26", "27", 
        "29", "30", "32", "34", "35", "42")), class = "table"), 
    No.Tag = structure(c(1L, 18L, 0L, 0L, 0L, 0L, 0L, 0L, 0L, 
    37L, 0L, 0L, 0L, 0L, 0L, 0L), .Dim = c(4L, 4L), .Dimnames = structure(list(
        c("-1", "0", "1", NA), c("A", "C", "G", NA)), .Names = c("", 
    "")), class = "table"), All.Tags = list(Concordant = list(
        Freqs = structure(c(1, 146, 0, 0, 0, 0, 0, 151, 0), .Dim = c(3L, 
        3L), .Dimnames = list(c("-1", "0", "1"), c("A", "C", 
        "G"))), N = 298), Majority = list(Freqs = structure(c(1, 
    158, 0, 0, 0, 0, 0, 164, 0), .Dim = c(3L, 3L), .Dimnames = list(
        c("-1", "0", "1"), c("A", "C", "G"))), N = 323)), `2` = structure(c(0, 
    116, 0, 0, 0, 0, 0, 128, 0), .Dim = c(3L, 3L), .Dimnames = list(
        c("-1", "0", "1"), c("A", "C", "G"))))))
