Results <-
list(`bwa.out//20220204//BlindCMMRD67_S26.sam` = list(LR36_SNP1 = list(
    All = list(Freqs = structure(c(0L, 0L, 2L, 0L, 0L, 4L, 51L, 
    1906L, 19L, 11L, 0L, 0L, 1L, 0L, 0L, 0L, 25L, 1656L, 16L, 
    15L, 0L, 1L, 117L, 1L, 0L), .Dim = c(5L, 5L), .Dimnames = structure(list(
        c("-2", "-1", "0", "1", NA), c("-", "A", "G", "T", NA
        )), .Names = c("", "")), class = "table"), N = 3825L), 
    Tag.Distribution = structure(c(`1` = 93L, `2` = 41L, `3` = 38L, 
    `4` = 41L, `5` = 31L, `6` = 25L, `7` = 24L, `8` = 24L, `9` = 15L, 
    `10` = 15L, `11` = 21L, `12` = 14L, `13` = 8L, `14` = 11L, 
    `15` = 9L, `16` = 7L, `17` = 6L, `18` = 8L, `19` = 10L, `20` = 6L, 
    `21` = 8L, `22` = 11L, `23` = 5L, `24` = 1L, `25` = 2L, `26` = 3L, 
    `29` = 2L, `30` = 2L, `32` = 1L), .Dim = 29L, .Dimnames = list(
        TagUsage = c("1", "2", "3", "4", "5", "6", "7", "8", 
        "9", "10", "11", "12", "13", "14", "15", "16", "17", 
        "18", "19", "20", "21", "22", "23", "24", "25", "26", 
        "29", "30", "32")), class = "table"), No.Tag = structure(c(0L, 
    0L, 0L, 0L, 0L, 0L, 1L, 58L, 1L, 1L, 0L, 0L, 0L, 0L, 0L, 
    0L, 0L, 53L, 0L, 3L, 0L, 0L, 17L, 1L, 0L), .Dim = c(5L, 5L
    ), .Dimnames = structure(list(c("-2", "-1", "0", "1", NA), 
        c("-", "A", "G", "T", NA)), .Names = c("", "")), class = "table"), 
    All.Tags = list(Concordant = list(Freqs = structure(c(0, 
    0, 1, 0, 0, 0, 195, 0, 0, 0, 0, 0, 0, 1, 193, 1), .Dim = c(4L, 
    4L), .Dimnames = list(c("-2", "-1", "0", "1"), c("-", "A", 
    "G", "T"))), N = 391), Majority = list(Freqs = structure(c(0, 
    0, 1, 0, 0, 2, 242, 0, 0, 0, 0, 0, 0, 1, 225, 1), .Dim = c(4L, 
    4L), .Dimnames = list(c("-2", "-1", "0", "1"), c("-", "A", 
    "G", "T"))), N = 472)), `2` = structure(c(0, 0, 0, 0, 0, 
    2, 191, 0, 0, 0, 0, 0, 0, 0, 190, 0), .Dim = c(4L, 4L), .Dimnames = list(
        c("-2", "-1", "0", "1"), c("-", "A", "G", "T"))))))
