Results <-
list(`bwa.out//20220204//Control16_S9.sam` = list(GM07_SNP1 = list(
    All = list(Freqs = structure(c(2L, 93L, 2072L, 69L, 1L, 9L, 
    0L, 0L, 1L, 0L, 0L, 0L, 0L, 0L, 21L, 0L, 0L, 0L), .Dim = c(6L, 
    3L), .Dimnames = structure(list(c("-2", "-1", "0", "1", "2", 
    NA), c("A", "G", NA)), .Names = c("", "")), class = "table"), 
        N = 2268L), Tag.Distribution = structure(c(`1` = 84L, 
    `2` = 41L, `3` = 30L, `4` = 31L, `5` = 24L, `6` = 20L, `7` = 17L, 
    `8` = 16L, `9` = 11L, `10` = 10L, `11` = 9L, `12` = 6L, `13` = 4L, 
    `14` = 5L, `15` = 6L, `16` = 4L, `17` = 1L, `18` = 4L, `19` = 1L, 
    `20` = 2L, `21` = 3L, `22` = 3L, `24` = 2L, `30` = 2L, `31` = 1L
    ), .Dim = 25L, .Dimnames = list(TagUsage = c("1", "2", "3", 
    "4", "5", "6", "7", "8", "9", "10", "11", "12", "13", "14", 
    "15", "16", "17", "18", "19", "20", "21", "22", "24", "30", 
    "31")), class = "table"), No.Tag = structure(c(0L, 7L, 315L, 
    10L, 0L, 3L, 0L, 0L, 0L, 0L, 0L, 0L, 0L, 0L, 4L, 0L, 0L, 
    0L), .Dim = c(6L, 3L), .Dimnames = structure(list(c("-2", 
    "-1", "0", "1", "2", NA), c("A", "G", NA)), .Names = c("", 
    "")), class = "table"), All.Tags = list(Concordant = list(
        Freqs = structure(c(0, 2, 232, 0, 0, 0, 0, 1, 0, 0), .Dim = c(5L, 
        2L), .Dimnames = list(c("-2", "-1", "0", "1", "2"), c("A", 
        "G"))), N = 235), Majority = list(Freqs = structure(c(0, 
    3, 326, 1, 0, 0, 0, 1, 0, 0), .Dim = c(5L, 2L), .Dimnames = list(
        c("-2", "-1", "0", "1", "2"), c("A", "G"))), N = 331)), 
    `2` = structure(c(0, 1, 247, 1, 0, 0, 0, 0, 0, 0), .Dim = c(5L, 
    2L), .Dimnames = list(c("-2", "-1", "0", "1", "2"), c("A", 
    "G"))))))
