Results <-
list(`bwa.out//20220204//BlindCMMRD81_S40.sam` = list(LR44_SNP1 = list(
    All = list(Freqs = structure(c(1L, 5L, 164L, 2663L, 27L, 
    0L, 7L, 0L, 7L, 253L, 2746L, 30L, 2L, 12L, 0L, 0L, 6L, 124L, 
    4L, 1L, 0L), .Dim = c(7L, 3L), .Dimnames = structure(list(
        c("-3", "-2", "-1", "0", "1", "2", NA), c("C", "T", NA
        )), .Names = c("", "")), class = "table"), N = 6052L), 
    Tag.Distribution = structure(c(`1` = 130L, `2` = 59L, `3` = 53L, 
    `4` = 56L, `5` = 59L, `6` = 42L, `7` = 36L, `8` = 41L, `9` = 25L, 
    `10` = 30L, `11` = 25L, `12` = 29L, `13` = 17L, `14` = 11L, 
    `15` = 21L, `16` = 14L, `17` = 19L, `18` = 17L, `19` = 12L, 
    `20` = 6L, `21` = 7L, `22` = 3L, `23` = 2L, `24` = 7L, `25` = 3L, 
    `26` = 5L, `27` = 2L, `28` = 3L, `29` = 2L, `30` = 3L, `31` = 1L, 
    `32` = 1L, `33` = 3L, `39` = 2L), .Dim = 34L, .Dimnames = list(
        TagUsage = c("1", "2", "3", "4", "5", "6", "7", "8", 
        "9", "10", "11", "12", "13", "14", "15", "16", "17", 
        "18", "19", "20", "21", "22", "23", "24", "25", "26", 
        "27", "28", "29", "30", "31", "32", "33", "39")), class = "table"), 
    No.Tag = structure(c(0L, 1L, 1L, 30L, 0L, 0L, 0L, 0L, 0L, 
    6L, 52L, 0L, 0L, 1L, 0L, 0L, 0L, 6L, 0L, 0L, 0L), .Dim = c(7L, 
    3L), .Dimnames = structure(list(c("-3", "-2", "-1", "0", 
    "1", "2", NA), c("C", "T", NA)), .Names = c("", "")), class = "table"), 
    All.Tags = list(Concordant = list(Freqs = structure(c(0, 
    0, 2, 223, 0, 0, 0, 0, 7, 217, 2, 1), .Dim = c(6L, 2L), .Dimnames = list(
        c("-3", "-2", "-1", "0", "1", "2"), c("C", "T"))), N = 452), 
        Majority = list(Freqs = structure(c(0, 0, 2, 349, 0, 
        0, 0, 0, 8, 358, 2, 1), .Dim = c(6L, 2L), .Dimnames = list(
            c("-3", "-2", "-1", "0", "1", "2"), c("C", "T"))), 
            N = 720)), `2` = structure(c(0, 0, 0, 295, 0, 0, 
    0, 0, 2, 300, 0, 0), .Dim = c(6L, 2L), .Dimnames = list(c("-3", 
    "-2", "-1", "0", "1", "2"), c("C", "T"))))))
