Results <-
list(`bwa.out//20220204//BlindCMMRD87_S46.sam` = list(LR11_SNP1 = list(
    All = list(Freqs = structure(c(0L, 0L, 1L, 0L, 0L, 1L, 87L, 
    2190L, 16L, 7L, 2L, 70L, 2345L, 16L, 7L, 0L, 0L, 1L, 0L, 
    0L, 0L, 0L, 90L, 1L, 0L), .Dim = c(5L, 5L), .Dimnames = structure(list(
        c("-2", "-1", "0", "1", NA), c("-", "A", "C", "T", NA
        )), .Names = c("", "")), class = "table"), N = 4834L), 
    Tag.Distribution = structure(c(`1` = 110L, `2` = 40L, `3` = 30L, 
    `4` = 29L, `5` = 27L, `6` = 30L, `7` = 6L, `8` = 12L, `9` = 14L, 
    `10` = 13L, `11` = 11L, `12` = 14L, `13` = 7L, `14` = 10L, 
    `15` = 7L, `16` = 12L, `17` = 7L, `18` = 6L, `19` = 10L, 
    `20` = 8L, `21` = 2L, `22` = 7L, `23` = 5L, `24` = 9L, `25` = 6L, 
    `26` = 2L, `27` = 9L, `28` = 3L, `29` = 3L, `30` = 3L, `31` = 2L, 
    `33` = 5L, `34` = 5L, `35` = 2L, `36` = 2L, `37` = 3L, `39` = 1L, 
    `40` = 2L, `42` = 2L, `54` = 1L, `55` = 1L, `63` = 1L), .Dim = 42L, .Dimnames = list(
        TagUsage = c("1", "2", "3", "4", "5", "6", "7", "8", 
        "9", "10", "11", "12", "13", "14", "15", "16", "17", 
        "18", "19", "20", "21", "22", "23", "24", "25", "26", 
        "27", "28", "29", "30", "31", "33", "34", "35", "36", 
        "37", "39", "40", "42", "54", "55", "63")), class = "table"), 
    No.Tag = structure(c(0L, 0L, 0L, 0L, 0L, 0L, 0L, 14L, 0L, 
    0L, 0L, 2L, 57L, 0L, 0L, 0L, 0L, 0L, 0L, 0L, 0L, 0L, 4L, 
    0L, 0L), .Dim = c(5L, 5L), .Dimnames = structure(list(c("-2", 
    "-1", "0", "1", NA), c("-", "A", "C", "T", NA)), .Names = c("", 
    "")), class = "table"), All.Tags = list(Concordant = list(
        Freqs = structure(c(0, 0, 0, 0, 0, 2, 186, 0, 0, 1, 168, 
        1, 0, 0, 0, 0), .Dim = c(4L, 4L), .Dimnames = list(c("-2", 
        "-1", "0", "1"), c("-", "A", "C", "T"))), N = 358), Majority = list(
        Freqs = structure(c(0, 0, 0, 0, 0, 3, 235, 0, 0, 1, 226, 
        1, 0, 0, 0, 0), .Dim = c(4L, 4L), .Dimnames = list(c("-2", 
        "-1", "0", "1"), c("-", "A", "C", "T"))), N = 466)), 
    `2` = structure(c(0, 0, 0, 0, 0, 3, 184, 0, 0, 1, 178, 0, 
    0, 0, 0, 0), .Dim = c(4L, 4L), .Dimnames = list(c("-2", "-1", 
    "0", "1"), c("-", "A", "C", "T"))))))
