Results <-
list(`bwa.out//20220204//BlindCMMRD87_S46.sam` = list(LR20_SNP1 = list(
    All = list(Freqs = structure(c(0L, 0L, 2L, 0L, 0L, 1L, 85L, 
    6804L, 11L, 8L, 0L, 0L, 6L, 0L, 0L, 0L, 0L, 18L, 0L, 0L), .Dim = 5:4, .Dimnames = structure(list(
        c("-2", "-1", "0", "1", NA), c("-", "A", "G", NA)), .Names = c("", 
    "")), class = "table"), N = 6935L), Tag.Distribution = structure(c(`1` = 123L, 
    `2` = 38L, `3` = 38L, `4` = 33L, `5` = 30L, `6` = 30L, `7` = 32L, 
    `8` = 23L, `9` = 16L, `10` = 13L, `11` = 22L, `12` = 25L, 
    `13` = 18L, `14` = 13L, `15` = 15L, `16` = 11L, `17` = 10L, 
    `18` = 6L, `19` = 13L, `20` = 9L, `21` = 6L, `22` = 8L, `23` = 7L, 
    `24` = 4L, `25` = 1L, `26` = 4L, `27` = 4L, `28` = 5L, `29` = 5L, 
    `30` = 4L, `31` = 4L, `32` = 4L, `33` = 4L, `34` = 2L, `35` = 2L, 
    `36` = 4L, `37` = 2L, `38` = 4L, `39` = 3L, `40` = 1L, `41` = 1L, 
    `43` = 2L, `44` = 1L, `45` = 2L, `46` = 1L, `47` = 2L, `48` = 2L, 
    `49` = 2L, `53` = 1L, `59` = 1L, `75` = 1L, `77` = 1L, `80` = 1L, 
    `85` = 1L), .Dim = 54L, .Dimnames = list(TagUsage = c("1", 
    "2", "3", "4", "5", "6", "7", "8", "9", "10", "11", "12", 
    "13", "14", "15", "16", "17", "18", "19", "20", "21", "22", 
    "23", "24", "25", "26", "27", "28", "29", "30", "31", "32", 
    "33", "34", "35", "36", "37", "38", "39", "40", "41", "43", 
    "44", "45", "46", "47", "48", "49", "53", "59", "75", "77", 
    "80", "85")), class = "table"), No.Tag = structure(c(0L, 
    0L, 0L, 0L, 0L, 0L, 2L, 131L, 0L, 2L, 0L, 0L, 1L, 0L, 0L, 
    0L, 0L, 4L, 0L, 0L), .Dim = 5:4, .Dimnames = structure(list(
        c("-2", "-1", "0", "1", NA), c("-", "A", "G", NA)), .Names = c("", 
    "")), class = "table"), All.Tags = list(Concordant = list(
        Freqs = structure(c(0, 0, 0, 0, 0, 6, 573, 0, 0, 0, 4, 
        0), .Dim = 4:3, .Dimnames = list(c("-2", "-1", "0", "1"
        ), c("-", "A", "G"))), N = 583), Majority = list(Freqs = structure(c(0, 
    0, 0, 0, 0, 8, 599, 0, 0, 0, 4, 0), .Dim = 4:3, .Dimnames = list(
        c("-2", "-1", "0", "1"), c("-", "A", "G"))), N = 611)), 
    `2` = structure(c(0, 0, 0, 0, 0, 6, 486, 0, 0, 0, 0, 0), .Dim = 4:3, .Dimnames = list(
        c("-2", "-1", "0", "1"), c("-", "A", "G"))))))
