Results <-
list(`bwa.out//20220204//Control15_S8.sam` = list(GM07_SNP1 = list(
    All = list(Freqs = structure(c(0L, 0L, 1L, 0L, 0L, 0L, 1L, 
    75L, 1418L, 44L, 1L, 7L, 0L, 65L, 1133L, 26L, 3L, 9L, 0L, 
    0L, 18L, 1L, 0L, 0L), .Dim = c(6L, 4L), .Dimnames = structure(list(
        c("-2", "-1", "0", "1", "2", NA), c("-", "A", "G", NA
        )), .Names = c("", "")), class = "table"), N = 2802L), 
    Tag.Distribution = structure(c(`1` = 92L, `2` = 47L, `3` = 43L, 
    `4` = 21L, `5` = 22L, `6` = 25L, `7` = 24L, `8` = 14L, `9` = 16L, 
    `10` = 12L, `11` = 13L, `12` = 9L, `13` = 9L, `14` = 4L, 
    `15` = 7L, `16` = 3L, `17` = 4L, `18` = 3L, `19` = 2L, `20` = 4L, 
    `21` = 3L, `22` = 2L, `23` = 2L, `24` = 3L, `25` = 2L, `27` = 1L, 
    `28` = 1L, `30` = 1L, `34` = 2L), .Dim = 29L, .Dimnames = list(
        TagUsage = c("1", "2", "3", "4", "5", "6", "7", "8", 
        "9", "10", "11", "12", "13", "14", "15", "16", "17", 
        "18", "19", "20", "21", "22", "23", "24", "25", "27", 
        "28", "30", "34")), class = "table"), No.Tag = structure(c(0L, 
    0L, 0L, 0L, 0L, 0L, 0L, 9L, 160L, 7L, 0L, 2L, 0L, 8L, 154L, 
    4L, 0L, 4L, 0L, 0L, 5L, 1L, 0L, 0L), .Dim = c(6L, 4L), .Dimnames = structure(list(
        c("-2", "-1", "0", "1", "2", NA), c("-", "A", "G", NA
        )), .Names = c("", "")), class = "table"), All.Tags = list(
        Concordant = list(Freqs = structure(c(0, 0, 0, 0, 0, 
        0, 3, 125, 0, 0, 0, 1, 128, 2, 0), .Dim = c(5L, 3L), .Dimnames = list(
            c("-2", "-1", "0", "1", "2"), c("-", "A", "G"))), 
            N = 259), Majority = list(Freqs = structure(c(0, 
        0, 0, 0, 0, 0, 3, 196, 0, 0, 0, 2, 180, 2, 0), .Dim = c(5L, 
        3L), .Dimnames = list(c("-2", "-1", "0", "1", "2"), c("-", 
        "A", "G"))), N = 383)), `2` = structure(c(0, 0, 0, 0, 
    0, 0, 0, 152, 0, 0, 0, 2, 137, 0, 0), .Dim = c(5L, 3L), .Dimnames = list(
        c("-2", "-1", "0", "1", "2"), c("-", "A", "G"))))))
