Results <-
list(`bwa.out//20220204//BlindCMMRD86_S45.sam` = list(LR40_SNP1 = list(
    All = list(Freqs = structure(c(0L, 2L, 0L, 0L, 59L, 4411L, 
    13L, 9L, 0L, 1L, 0L, 0L, 0L, 17L, 3L, 0L), .Dim = c(4L, 4L
    ), .Dimnames = structure(list(c("-1", "0", "1", NA), c("A", 
    "C", "T", NA)), .Names = c("", "")), class = "table"), N = 4515L), 
    Tag.Distribution = structure(c(`1` = 162L, `2` = 104L, `3` = 97L, 
    `4` = 56L, `5` = 86L, `6` = 55L, `7` = 38L, `8` = 36L, `9` = 25L, 
    `10` = 23L, `11` = 16L, `12` = 17L, `13` = 11L, `14` = 16L, 
    `15` = 9L, `16` = 13L, `17` = 8L, `18` = 4L, `19` = 4L, `20` = 3L, 
    `21` = 3L, `22` = 1L, `24` = 2L, `26` = 2L, `28` = 1L, `33` = 1L, 
    `34` = 2L, `37` = 1L), .Dim = 28L, .Dimnames = list(TagUsage = c("1", 
    "2", "3", "4", "5", "6", "7", "8", "9", "10", "11", "12", 
    "13", "14", "15", "16", "17", "18", "19", "20", "21", "22", 
    "24", "26", "28", "33", "34", "37")), class = "table"), No.Tag = structure(c(0L, 
    0L, 0L, 0L, 1L, 72L, 1L, 1L, 0L, 0L, 0L, 0L, 0L, 1L, 0L, 
    0L), .Dim = c(4L, 4L), .Dimnames = structure(list(c("-1", 
    "0", "1", NA), c("A", "C", "T", NA)), .Names = c("", "")), class = "table"), 
    All.Tags = list(Concordant = list(Freqs = structure(c(0, 
    2, 0, 0, 735, 0, 0, 0, 0), .Dim = c(3L, 3L), .Dimnames = list(
        c("-1", "0", "1"), c("A", "C", "T"))), N = 737), Majority = list(
        Freqs = structure(c(0, 2, 0, 1, 784, 0, 0, 0, 0), .Dim = c(3L, 
        3L), .Dimnames = list(c("-1", "0", "1"), c("A", "C", 
        "T"))), N = 787)), `2` = structure(c(0, 0, 0, 1, 626, 
    0, 0, 0, 0), .Dim = c(3L, 3L), .Dimnames = list(c("-1", "0", 
    "1"), c("A", "C", "T"))))))
