Results <-
list(`bwa.out//20220204//BlindCMMRD124_S50.sam` = list(IM16_SNP1 = list(
    All = list(Freqs = structure(c(0L, 17L, 1731L, 47L, 1L, 2L, 
    1L, 21L, 1898L, 31L, 0L, 0L, 0L, 0L, 4L, 0L, 0L, 0L, 0L, 
    0L, 28L, 1L, 0L, 0L), .Dim = c(6L, 4L), .Dimnames = structure(list(
        c("-2", "-1", "0", "1", "2", NA), c("A", "G", "T", NA
        )), .Names = c("", "")), class = "table"), N = 3782L), 
    Tag.Distribution = structure(c(`1` = 166L, `2` = 119L, `3` = 73L, 
    `4` = 61L, `5` = 54L, `6` = 45L, `7` = 28L, `8` = 34L, `9` = 22L, 
    `10` = 20L, `11` = 22L, `12` = 8L, `13` = 11L, `14` = 9L, 
    `15` = 6L, `16` = 7L, `17` = 10L, `19` = 5L, `20` = 5L, `21` = 3L, 
    `22` = 2L, `23` = 4L, `24` = 2L, `25` = 1L, `29` = 1L), .Dim = 25L, .Dimnames = list(
        TagUsage = c("1", "2", "3", "4", "5", "6", "7", "8", 
        "9", "10", "11", "12", "13", "14", "15", "16", "17", 
        "19", "20", "21", "22", "23", "24", "25", "29")), class = "table"), 
    No.Tag = structure(c(0L, 0L, 15L, 0L, 0L, 0L, 0L, 1L, 16L, 
    0L, 0L, 0L, 0L, 0L, 0L, 0L, 0L, 0L, 0L, 0L, 2L, 0L, 0L, 0L
    ), .Dim = c(6L, 4L), .Dimnames = structure(list(c("-2", "-1", 
    "0", "1", "2", NA), c("A", "G", "T", NA)), .Names = c("", 
    "")), class = "table"), All.Tags = list(Concordant = list(
        Freqs = structure(c(0, 2, 300, 1, 0, 1, 0, 297, 1, 0, 
        0, 0, 1, 0, 0), .Dim = c(5L, 3L), .Dimnames = list(c("-2", 
        "-1", "0", "1", "2"), c("A", "G", "T"))), N = 603), Majority = list(
        Freqs = structure(c(0, 2, 348, 2, 0, 1, 0, 340, 3, 0, 
        0, 0, 1, 0, 0), .Dim = c(5L, 3L), .Dimnames = list(c("-2", 
        "-1", "0", "1", "2"), c("A", "G", "T"))), N = 697)), 
    `2` = structure(c(0, 1, 261, 2, 0, 0, 0, 267, 2, 0, 0, 0, 
    1, 0, 0), .Dim = c(5L, 3L), .Dimnames = list(c("-2", "-1", 
    "0", "1", "2"), c("A", "G", "T"))))))
