Results <-
list(`bwa.out//20220204//BlindCMMRD92_S51.sam` = list(LR46_SNP1 = list(
    All = list(Freqs = structure(c(5L, 1882L, 7L, 7L, 6L, 1556L, 
    4L, 2L, 0L, 13L, 0L, 0L), .Dim = 4:3, .Dimnames = structure(list(
        c("-1", "0", "1", NA), c("G", "T", NA)), .Names = c("", 
    "")), class = "table"), N = 3482L), Tag.Distribution = structure(c(`1` = 87L, 
    `2` = 25L, `3` = 16L, `4` = 24L, `5` = 14L, `6` = 26L, `7` = 14L, 
    `8` = 9L, `9` = 21L, `10` = 14L, `11` = 18L, `12` = 16L, 
    `13` = 10L, `14` = 11L, `15` = 7L, `16` = 8L, `17` = 10L, 
    `18` = 5L, `19` = 5L, `20` = 4L, `21` = 4L, `22` = 3L, `23` = 2L, 
    `25` = 3L, `26` = 2L, `27` = 4L, `28` = 2L, `29` = 1L, `30` = 1L, 
    `31` = 2L, `32` = 1L, `33` = 3L, `35` = 3L, `36` = 1L, `37` = 2L, 
    `39` = 1L, `50` = 1L), .Dim = 37L, .Dimnames = list(TagUsage = c("1", 
    "2", "3", "4", "5", "6", "7", "8", "9", "10", "11", "12", 
    "13", "14", "15", "16", "17", "18", "19", "20", "21", "22", 
    "23", "25", "26", "27", "28", "29", "30", "31", "32", "33", 
    "35", "36", "37", "39", "50")), class = "table"), No.Tag = structure(c(0L, 
    41L, 0L, 1L, 0L, 47L, 0L, 0L, 0L, 2L, 0L, 0L), .Dim = 4:3, .Dimnames = structure(list(
        c("-1", "0", "1", NA), c("G", "T", NA)), .Names = c("", 
    "")), class = "table"), All.Tags = list(Concordant = list(
        Freqs = structure(c(0, 183, 0, 0, 162, 0), .Dim = 3:2, .Dimnames = list(
            c("-1", "0", "1"), c("G", "T"))), N = 345), Majority = list(
        Freqs = structure(c(0, 200, 0, 0, 177, 0), .Dim = 3:2, .Dimnames = list(
            c("-1", "0", "1"), c("G", "T"))), N = 377)), `2` = structure(c(0, 
    154, 0, 0, 137, 0), .Dim = 3:2, .Dimnames = list(c("-1", 
    "0", "1"), c("G", "T"))))))
