Results <-
list(`bwa.out//20220204//BlindCMMRD49_S9.sam` = list(LR17_SNP1 = list(
    All = list(Freqs = structure(c(1L, 122L, 2095L, 21L, 12L, 
    0L, 0L, 1L, 0L, 0L, 0L, 2L, 84L, 0L, 0L), .Dim = c(5L, 3L
    ), .Dimnames = structure(list(c("-2", "-1", "0", "1", NA), 
        c("A", "G", NA)), .Names = c("", "")), class = "table"), 
        N = 2338L), Tag.Distribution = structure(c(`1` = 26L, 
    `2` = 3L, `3` = 3L, `4` = 3L, `5` = 3L, `6` = 3L, `7` = 1L, 
    `9` = 1L, `10` = 3L, `11` = 2L, `12` = 4L, `13` = 5L, `14` = 1L, 
    `15` = 3L, `18` = 1L, `19` = 1L, `20` = 2L, `22` = 4L, `24` = 1L, 
    `25` = 2L, `26` = 4L, `27` = 1L, `29` = 1L, `30` = 1L, `33` = 1L, 
    `35` = 2L, `38` = 2L, `39` = 1L, `42` = 1L, `43` = 2L, `44` = 2L, 
    `45` = 4L, `48` = 1L, `53` = 1L, `54` = 1L, `55` = 1L, `57` = 1L, 
    `71` = 1L, `75` = 1L, `76` = 1L, `81` = 1L, `91` = 1L, `95` = 1L
    ), .Dim = 43L, .Dimnames = list(TagUsage = c("1", "2", "3", 
    "4", "5", "6", "7", "9", "10", "11", "12", "13", "14", "15", 
    "18", "19", "20", "22", "24", "25", "26", "27", "29", "30", 
    "33", "35", "38", "39", "42", "43", "44", "45", "48", "53", 
    "54", "55", "57", "71", "75", "76", "81", "91", "95")), class = "table"), 
    No.Tag = structure(c(0L, 5L, 199L, 2L, 0L, 0L, 0L, 0L, 0L, 
    0L, 0L, 0L, 7L, 0L, 0L), .Dim = c(5L, 3L), .Dimnames = structure(list(
        c("-2", "-1", "0", "1", NA), c("A", "G", NA)), .Names = c("", 
    "")), class = "table"), All.Tags = list(Concordant = list(
        Freqs = structure(c(0, 1, 57, 0, 0, 0, 0, 0), .Dim = c(4L, 
        2L), .Dimnames = list(c("-2", "-1", "0", "1"), c("A", 
        "G"))), N = 58), Majority = list(Freqs = structure(c(0, 
    2, 100, 0, 0, 0, 0, 0), .Dim = c(4L, 2L), .Dimnames = list(
        c("-2", "-1", "0", "1"), c("A", "G"))), N = 102)), `2` = structure(c(0, 
    2, 77, 0, 0, 0, 0, 0), .Dim = c(4L, 2L), .Dimnames = list(
        c("-2", "-1", "0", "1"), c("A", "G"))))))
