Results <-
list(`bwa.out//20220204//BlindCMMRD116_S42.sam` = list(LR24_SNP1 = list(
    All = list(Freqs = structure(c(0L, 0L, 1L, 0L, 0L, 0L, 50L, 
    1812L, 3L, 4L, 1L, 35L, 1828L, 6L, 6L, 0L, 0L, 1L, 0L, 0L, 
    0L, 1L, 9L, 0L, 0L), .Dim = c(5L, 5L), .Dimnames = structure(list(
        c("-2", "-1", "0", "1", NA), c("-", "A", "G", "T", NA
        )), .Names = c("", "")), class = "table"), N = 3757L), 
    Tag.Distribution = structure(c(`1` = 369L, `2` = 210L, `3` = 164L, 
    `4` = 118L, `5` = 74L, `6` = 61L, `7` = 33L, `8` = 27L, `9` = 16L, 
    `10` = 12L, `11` = 11L, `12` = 13L, `13` = 5L, `14` = 2L, 
    `15` = 1L, `16` = 1L, `17` = 1L, `18` = 2L, `19` = 1L), .Dim = 19L, .Dimnames = list(
        TagUsage = c("1", "2", "3", "4", "5", "6", "7", "8", 
        "9", "10", "11", "12", "13", "14", "15", "16", "17", 
        "18", "19")), class = "table"), No.Tag = structure(c(0L, 
    0L, 0L, 0L, 0L, 0L, 0L, 32L, 0L, 0L, 0L, 1L, 47L, 0L, 1L, 
    0L, 0L, 0L, 0L, 0L, 0L, 0L, 3L, 0L, 0L), .Dim = c(5L, 5L), .Dimnames = structure(list(
        c("-2", "-1", "0", "1", NA), c("-", "A", "G", "T", NA
        )), .Names = c("", "")), class = "table"), All.Tags = list(
        Concordant = list(Freqs = structure(c(0, 0, 1, 0, 0, 
        10, 494, 0, 0, 6, 482, 2, 0, 0, 0, 0), .Dim = c(4L, 4L
        ), .Dimnames = list(c("-2", "-1", "0", "1"), c("-", "A", 
        "G", "T"))), N = 995), Majority = list(Freqs = structure(c(0, 
        0, 1, 0, 0, 12, 553, 0, 0, 6, 530, 2, 0, 0, 0, 0), .Dim = c(4L, 
        4L), .Dimnames = list(c("-2", "-1", "0", "1"), c("-", 
        "A", "G", "T"))), N = 1104)), `2` = structure(c(0, 0, 
    0, 0, 0, 7, 368, 0, 0, 3, 359, 0, 0, 0, 0, 0), .Dim = c(4L, 
    4L), .Dimnames = list(c("-2", "-1", "0", "1"), c("-", "A", 
    "G", "T"))))))
