Results <-
list(`bwa.out//20220204//BlindCMMRD87_S46.sam` = list(LR40_SNP1 = list(
    All = list(Freqs = structure(c(0L, 3L, 0L, 0L, 28L, 1404L, 
    4L, 3L, 0L, 7L, 0L, 0L), .Dim = 4:3, .Dimnames = structure(list(
        c("-1", "0", "1", NA), c("A", "C", NA)), .Names = c("", 
    "")), class = "table"), N = 1449L), Tag.Distribution = structure(c(`1` = 29L, 
    `2` = 9L, `3` = 8L, `4` = 8L, `5` = 9L, `6` = 6L, `7` = 8L, 
    `8` = 6L, `9` = 5L, `10` = 7L, `11` = 9L, `12` = 2L, `13` = 4L, 
    `14` = 1L, `15` = 3L, `16` = 3L, `17` = 2L, `18` = 2L, `19` = 3L, 
    `20` = 1L, `22` = 1L, `24` = 2L, `25` = 1L, `26` = 1L, `27` = 1L, 
    `30` = 1L, `33` = 1L, `36` = 1L, `37` = 1L, `39` = 1L, `41` = 1L, 
    `42` = 1L, `43` = 1L, `44` = 1L, `48` = 1L, `52` = 1L), .Dim = 36L, .Dimnames = list(
        TagUsage = c("1", "2", "3", "4", "5", "6", "7", "8", 
        "9", "10", "11", "12", "13", "14", "15", "16", "17", 
        "18", "19", "20", "22", "24", "25", "26", "27", "30", 
        "33", "36", "37", "39", "41", "42", "43", "44", "48", 
        "52")), class = "table"), No.Tag = structure(c(0L, 0L, 
    0L, 0L, 1L, 21L, 0L, 1L, 0L, 1L, 0L, 0L), .Dim = 4:3, .Dimnames = structure(list(
        c("-1", "0", "1", NA), c("A", "C", NA)), .Names = c("", 
    "")), class = "table"), All.Tags = list(Concordant = list(
        Freqs = structure(c(0, 3, 0, 1, 125, 0), .Dim = 3:2, .Dimnames = list(
            c("-1", "0", "1"), c("A", "C"))), N = 129), Majority = list(
        Freqs = structure(c(0, 3, 0, 1, 138, 0), .Dim = 3:2, .Dimnames = list(
            c("-1", "0", "1"), c("A", "C"))), N = 142)), `2` = structure(c(0, 
    0, 0, 1, 112, 0), .Dim = 3:2, .Dimnames = list(c("-1", "0", 
    "1"), c("A", "C"))))))
