Results <-
list(`bwa.out//20220204//17D1520_S5.sam` = list(LR46_SNP1 = list(
    All = list(Freqs = structure(c(0L, 0L, 2L, 0L, 0L, 2L, 40L, 
    3904L, 13L, 13L, 0L, 0L, 1L, 0L, 0L, 0L, 0L, 17L, 0L, 0L), .Dim = 5:4, .Dimnames = structure(list(
        c("-2", "-1", "0", "1", NA), c("A", "G", "T", NA)), .Names = c("", 
    "")), class = "table"), N = 3992L), Tag.Distribution = structure(c(`1` = 128L, 
    `2` = 47L, `3` = 31L, `4` = 30L, `5` = 23L, `6` = 21L, `7` = 15L, 
    `8` = 10L, `9` = 21L, `10` = 13L, `11` = 15L, `12` = 13L, 
    `13` = 15L, `14` = 7L, `15` = 8L, `16` = 8L, `17` = 3L, `18` = 5L, 
    `19` = 8L, `20` = 2L, `21` = 3L, `22` = 4L, `23` = 1L, `24` = 1L, 
    `25` = 2L, `27` = 1L, `28` = 2L, `29` = 3L, `30` = 5L, `31` = 2L, 
    `32` = 3L, `33` = 1L, `35` = 1L, `36` = 3L, `38` = 1L, `39` = 1L, 
    `40` = 2L, `41` = 1L, `43` = 3L, `44` = 1L, `48` = 1L, `55` = 1L, 
    `58` = 1L), .Dim = 43L, .Dimnames = list(TagUsage = c("1", 
    "2", "3", "4", "5", "6", "7", "8", "9", "10", "11", "12", 
    "13", "14", "15", "16", "17", "18", "19", "20", "21", "22", 
    "23", "24", "25", "27", "28", "29", "30", "31", "32", "33", 
    "35", "36", "38", "39", "40", "41", "43", "44", "48", "55", 
    "58")), class = "table"), No.Tag = structure(c(0L, 0L, 0L, 
    0L, 0L, 0L, 1L, 178L, 0L, 2L, 0L, 0L, 0L, 0L, 0L, 0L, 0L, 
    2L, 0L, 0L), .Dim = 5:4, .Dimnames = structure(list(c("-2", 
    "-1", "0", "1", NA), c("A", "G", "T", NA)), .Names = c("", 
    "")), class = "table"), All.Tags = list(Concordant = list(
        Freqs = structure(c(0, 0, 0, 0, 0, 3, 434, 1, 0, 0, 1, 
        0), .Dim = 4:3, .Dimnames = list(c("-2", "-1", "0", "1"
        ), c("A", "G", "T"))), N = 439), Majority = list(Freqs = structure(c(0, 
    0, 0, 0, 0, 3, 456, 1, 0, 0, 1, 0), .Dim = 4:3, .Dimnames = list(
        c("-2", "-1", "0", "1"), c("A", "G", "T"))), N = 461)), 
    `2` = structure(c(0, 0, 0, 0, 0, 2, 334, 1, 0, 0, 0, 0), .Dim = 4:3, .Dimnames = list(
        c("-2", "-1", "0", "1"), c("A", "G", "T"))))))
