Results <-
list(`bwa.out//20220204//BlindCMMRD131_S57.sam` = list(LR44_SNP1 = list(
    All = list(Freqs = structure(c(0L, 0L, 0L, 1L, 0L, 0L, 0L, 
    0L, 0L, 0L, 0L, 5L, 0L, 0L, 0L, 0L, 0L, 0L, 0L, 1L, 0L, 0L, 
    0L, 0L, 3L, 23L, 504L, 6449L, 93L, 1L, 1L, 35L, 0L, 1L, 3L, 
    78L, 1L, 0L, 0L, 0L), .Dim = c(8L, 5L), .Dimnames = structure(list(
        c("-3", "-2", "-1", "0", "1", "2", "3", NA), c("-", "C", 
        "G", "T", NA)), .Names = c("", "")), class = "table"), 
        N = 7199L), Tag.Distribution = structure(c(`1` = 210L, 
    `2` = 199L, `3` = 198L, `4` = 146L, `5` = 125L, `6` = 120L, 
    `7` = 88L, `8` = 75L, `9` = 60L, `10` = 48L, `11` = 30L, 
    `12` = 15L, `13` = 24L, `14` = 13L, `15` = 9L, `16` = 7L, 
    `17` = 8L, `18` = 5L, `19` = 2L, `20` = 2L, `21` = 2L, `22` = 1L, 
    `24` = 1L, `26` = 1L, `29` = 1L), .Dim = 25L, .Dimnames = list(
        TagUsage = c("1", "2", "3", "4", "5", "6", "7", "8", 
        "9", "10", "11", "12", "13", "14", "15", "16", "17", 
        "18", "19", "20", "21", "22", "24", "26", "29")), class = "table"), 
    No.Tag = structure(c(0L, 0L, 0L, 0L, 0L, 0L, 0L, 0L, 0L, 
    0L, 0L, 1L, 0L, 0L, 0L, 0L, 0L, 0L, 0L, 0L, 0L, 0L, 0L, 0L, 
    0L, 1L, 15L, 105L, 3L, 0L, 0L, 3L, 0L, 0L, 0L, 6L, 0L, 0L, 
    0L, 0L), .Dim = c(8L, 5L), .Dimnames = structure(list(c("-3", 
    "-2", "-1", "0", "1", "2", "3", NA), c("-", "C", "G", "T", 
    NA)), .Names = c("", "")), class = "table"), All.Tags = list(
        Concordant = list(Freqs = structure(c(0, 0, 0, 0, 0, 
        0, 0, 0, 0, 0, 4, 0, 0, 0, 0, 0, 0, 0, 0, 0, 0, 1, 1, 
        20, 933, 2, 0, 0), .Dim = c(7L, 4L), .Dimnames = list(
            c("-3", "-2", "-1", "0", "1", "2", "3"), c("-", "C", 
            "G", "T"))), N = 961), Majority = list(Freqs = structure(c(0, 
        0, 0, 0, 0, 0, 0, 0, 0, 0, 4, 0, 0, 0, 0, 0, 0, 0, 0, 
        0, 0, 1, 1, 26, 1302, 6, 0, 0), .Dim = c(7L, 4L), .Dimnames = list(
            c("-3", "-2", "-1", "0", "1", "2", "3"), c("-", "C", 
            "G", "T"))), N = 1340)), `2` = structure(c(0, 0, 
    0, 0, 0, 0, 0, 0, 0, 0, 0, 0, 0, 0, 0, 0, 0, 0, 0, 0, 0, 
    0, 0, 10, 1126, 5, 0, 0), .Dim = c(7L, 4L), .Dimnames = list(
        c("-3", "-2", "-1", "0", "1", "2", "3"), c("-", "C", 
        "G", "T"))))))
