Results <-
list(`bwa.out//20220204//BlindCMMRD127_S53.sam` = list(LR10_SNP1 = list(
    All = list(Freqs = structure(c(64L, 3345L, 29L, 8L, 53L, 
    3871L, 18L, 4L, 2L, 40L, 0L, 0L), .Dim = 4:3, .Dimnames = structure(list(
        c("-1", "0", "1", NA), c("C", "T", NA)), .Names = c("", 
    "")), class = "table"), N = 7434L), Tag.Distribution = structure(c(`1` = 179L, 
    `2` = 136L, `3` = 156L, `4` = 133L, `5` = 107L, `6` = 92L, 
    `7` = 80L, `8` = 73L, `9` = 49L, `10` = 34L, `11` = 38L, 
    `12` = 26L, `13` = 15L, `14` = 16L, `15` = 14L, `16` = 16L, 
    `17` = 6L, `18` = 9L, `19` = 5L, `20` = 9L, `21` = 9L, `22` = 2L, 
    `23` = 4L, `24` = 2L, `25` = 2L, `26` = 2L, `27` = 1L, `28` = 2L, 
    `30` = 1L, `32` = 1L), .Dim = 30L, .Dimnames = list(TagUsage = c("1", 
    "2", "3", "4", "5", "6", "7", "8", "9", "10", "11", "12", 
    "13", "14", "15", "16", "17", "18", "19", "20", "21", "22", 
    "23", "24", "25", "26", "27", "28", "30", "32")), class = "table"), 
    No.Tag = structure(c(0L, 90L, 1L, 1L, 2L, 99L, 0L, 1L, 0L, 
    3L, 0L, 0L), .Dim = 4:3, .Dimnames = structure(list(c("-1", 
    "0", "1", NA), c("C", "T", NA)), .Names = c("", "")), class = "table"), 
    All.Tags = list(Concordant = list(Freqs = structure(c(4, 
    426, 1, 0, 531, 0), .Dim = 3:2, .Dimnames = list(c("-1", 
    "0", "1"), c("C", "T"))), N = 962), Majority = list(Freqs = structure(c(4, 
    545, 2, 1, 642, 0), .Dim = 3:2, .Dimnames = list(c("-1", 
    "0", "1"), c("C", "T"))), N = 1194)), `2` = structure(c(0, 
    473, 1, 1, 547, 0), .Dim = 3:2, .Dimnames = list(c("-1", 
    "0", "1"), c("C", "T"))))))
