Results <-
list(`bwa.out//20220204//BlindCMMRD66_S25.sam` = list(GM11_SNP1 = list(
    All = list(Freqs = structure(c(8L, 2305L, 8L, 1L, 21L, 2528L, 
    11L, 3L, 0L, 22L, 1L, 0L), .Dim = 4:3, .Dimnames = structure(list(
        c("-1", "0", "1", NA), c("A", "G", NA)), .Names = c("", 
    "")), class = "table"), N = 4908L), Tag.Distribution = structure(c(`1` = 124L, 
    `2` = 65L, `3` = 54L, `4` = 57L, `5` = 43L, `6` = 32L, `7` = 43L, 
    `8` = 32L, `9` = 24L, `10` = 24L, `11` = 19L, `12` = 18L, 
    `13` = 21L, `14` = 11L, `15` = 16L, `16` = 15L, `17` = 12L, 
    `18` = 8L, `19` = 7L, `20` = 3L, `21` = 4L, `22` = 6L, `23` = 3L, 
    `24` = 10L, `25` = 1L, `26` = 4L, `27` = 1L, `28` = 1L, `31` = 1L, 
    `33` = 1L, `35` = 1L, `37` = 1L, `39` = 1L, `49` = 1L), .Dim = 34L, .Dimnames = list(
        TagUsage = c("1", "2", "3", "4", "5", "6", "7", "8", 
        "9", "10", "11", "12", "13", "14", "15", "16", "17", 
        "18", "19", "20", "21", "22", "23", "24", "25", "26", 
        "27", "28", "31", "33", "35", "37", "39", "49")), class = "table"), 
    No.Tag = structure(c(0L, 19L, 0L, 0L, 0L, 19L, 0L, 0L, 0L, 
    0L, 0L, 0L), .Dim = 4:3, .Dimnames = structure(list(c("-1", 
    "0", "1", NA), c("A", "G", NA)), .Names = c("", "")), class = "table"), 
    All.Tags = list(Concordant = list(Freqs = structure(c(0, 
    301, 1, 0, 276, 0), .Dim = 3:2, .Dimnames = list(c("-1", 
    "0", "1"), c("A", "G"))), N = 578), Majority = list(Freqs = structure(c(0, 
    337, 1, 0, 318, 1), .Dim = 3:2, .Dimnames = list(c("-1", 
    "0", "1"), c("A", "G"))), N = 657)), `2` = structure(c(0, 
    274, 0, 0, 258, 1), .Dim = 3:2, .Dimnames = list(c("-1", 
    "0", "1"), c("A", "G"))))))
