Results <-
list(`bwa.out//20220204//BlindCMMRD64_S23.sam` = list(GM17_SNP1 = list(
    All = list(Freqs = structure(c(0L, 36L, 2435L, 2L, 2L, 1L, 
    30L, 2694L, 9L, 0L, 0L, 1L, 26L, 2L, 0L), .Dim = c(5L, 3L
    ), .Dimnames = structure(list(c("-2", "-1", "0", "1", NA), 
        c("C", "T", NA)), .Names = c("", "")), class = "table"), 
        N = 5238L), Tag.Distribution = structure(c(`1` = 117L, 
    `2` = 56L, `3` = 38L, `4` = 43L, `5` = 33L, `6` = 47L, `7` = 28L, 
    `8` = 28L, `9` = 26L, `10` = 16L, `11` = 18L, `12` = 22L, 
    `13` = 18L, `14` = 8L, `15` = 14L, `16` = 13L, `17` = 12L, 
    `18` = 6L, `19` = 7L, `20` = 11L, `21` = 5L, `22` = 11L, 
    `23` = 10L, `24` = 4L, `25` = 6L, `26` = 4L, `27` = 2L, `28` = 2L, 
    `29` = 3L, `30` = 2L, `31` = 3L, `33` = 1L, `34` = 2L, `36` = 1L, 
    `57` = 1L), .Dim = 35L, .Dimnames = list(TagUsage = c("1", 
    "2", "3", "4", "5", "6", "7", "8", "9", "10", "11", "12", 
    "13", "14", "15", "16", "17", "18", "19", "20", "21", "22", 
    "23", "24", "25", "26", "27", "28", "29", "30", "31", "33", 
    "34", "36", "57")), class = "table"), No.Tag = structure(c(0L, 
    1L, 48L, 0L, 1L, 0L, 0L, 48L, 0L, 0L, 0L, 0L, 2L, 0L, 0L), .Dim = c(5L, 
    3L), .Dimnames = structure(list(c("-2", "-1", "0", "1", NA
    ), c("C", "T", NA)), .Names = c("", "")), class = "table"), 
    All.Tags = list(Concordant = list(Freqs = structure(c(0, 
    1, 245, 0, 0, 1, 273, 0), .Dim = c(4L, 2L), .Dimnames = list(
        c("-2", "-1", "0", "1"), c("C", "T"))), N = 520), Majority = list(
        Freqs = structure(c(0, 1, 287, 0, 0, 1, 322, 0), .Dim = c(4L, 
        2L), .Dimnames = list(c("-2", "-1", "0", "1"), c("C", 
        "T"))), N = 611)), `2` = structure(c(0, 0, 230, 0, 0, 
    1, 267, 0), .Dim = c(4L, 2L), .Dimnames = list(c("-2", "-1", 
    "0", "1"), c("C", "T"))))))
