Results <-
list(`bwa.out//20220204//BlindCMMRD46_S6.sam` = list(GM29_SNP1 = list(
    All = list(Freqs = structure(c(2L, 35L, 1788L, 3L, 1L, 1L, 
    20L, 1806L, 13L, 5L, 0L, 1L, 29L, 0L, 0L), .Dim = c(5L, 3L
    ), .Dimnames = structure(list(c("-2", "-1", "0", "1", NA), 
        c("A", "G", NA)), .Names = c("", "")), class = "table"), 
        N = 3704L), Tag.Distribution = structure(c(`1` = 44L, 
    `2` = 14L, `3` = 16L, `4` = 14L, `5` = 18L, `6` = 14L, `7` = 9L, 
    `8` = 13L, `9` = 14L, `10` = 17L, `11` = 9L, `12` = 14L, 
    `13` = 6L, `14` = 10L, `15` = 12L, `16` = 11L, `17` = 2L, 
    `18` = 4L, `19` = 6L, `20` = 6L, `21` = 5L, `22` = 3L, `23` = 3L, 
    `24` = 1L, `25` = 5L, `26` = 1L, `27` = 1L, `28` = 1L, `29` = 6L, 
    `30` = 2L, `31` = 2L, `32` = 1L, `33` = 2L, `34` = 1L, `35` = 1L, 
    `36` = 1L, `38` = 2L, `39` = 5L, `40` = 1L, `41` = 2L, `42` = 1L, 
    `44` = 1L, `45` = 2L, `46` = 1L), .Dim = 44L, .Dimnames = list(
        TagUsage = c("1", "2", "3", "4", "5", "6", "7", "8", 
        "9", "10", "11", "12", "13", "14", "15", "16", "17", 
        "18", "19", "20", "21", "22", "23", "24", "25", "26", 
        "27", "28", "29", "30", "31", "32", "33", "34", "35", 
        "36", "38", "39", "40", "41", "42", "44", "45", "46")), class = "table"), 
    No.Tag = structure(c(0L, 3L, 70L, 0L, 0L, 0L, 0L, 51L, 0L, 
    0L, 0L, 0L, 2L, 0L, 0L), .Dim = c(5L, 3L), .Dimnames = structure(list(
        c("-2", "-1", "0", "1", NA), c("A", "G", NA)), .Names = c("", 
    "")), class = "table"), All.Tags = list(Concordant = list(
        Freqs = structure(c(0, 0, 115, 0, 0, 0, 119, 0), .Dim = c(4L, 
        2L), .Dimnames = list(c("-2", "-1", "0", "1"), c("A", 
        "G"))), N = 234), Majority = list(Freqs = structure(c(0, 
    1, 147, 0, 0, 0, 152, 0), .Dim = c(4L, 2L), .Dimnames = list(
        c("-2", "-1", "0", "1"), c("A", "G"))), N = 300)), `2` = structure(c(0, 
    1, 123, 0, 0, 0, 135, 0), .Dim = c(4L, 2L), .Dimnames = list(
        c("-2", "-1", "0", "1"), c("A", "G"))))))
