Results <-
list(`bwa.out//20220204//BlindCMMRD111_S37.sam` = list(LR11_SNP1 = list(
    All = list(Freqs = structure(c(0L, 48L, 2324L, 13L, 8L, 1L, 
    45L, 1859L, 11L, 9L, 0L, 0L, 21L, 0L, 0L), .Dim = c(5L, 3L
    ), .Dimnames = structure(list(c("-2", "-1", "0", "1", NA), 
        c("A", "C", NA)), .Names = c("", "")), class = "table"), 
        N = 4339L), Tag.Distribution = structure(c(`1` = 266L, 
    `2` = 203L, `3` = 177L, `4` = 136L, `5` = 130L, `6` = 61L, 
    `7` = 38L, `8` = 37L, `9` = 20L, `10` = 23L, `11` = 18L, 
    `12` = 11L, `13` = 1L, `14` = 3L, `15` = 2L, `16` = 1L, `17` = 2L, 
    `20` = 1L, `21` = 1L, `25` = 1L, `27` = 1L), .Dim = 21L, .Dimnames = list(
        TagUsage = c("1", "2", "3", "4", "5", "6", "7", "8", 
        "9", "10", "11", "12", "13", "14", "15", "16", "17", 
        "20", "21", "25", "27")), class = "table"), No.Tag = structure(c(0L, 
    0L, 23L, 0L, 0L, 0L, 2L, 20L, 0L, 0L, 0L, 0L, 1L, 0L, 0L), .Dim = c(5L, 
    3L), .Dimnames = structure(list(c("-2", "-1", "0", "1", NA
    ), c("A", "C", NA)), .Names = c("", "")), class = "table"), 
    All.Tags = list(Concordant = list(Freqs = structure(c(0, 
    2, 508, 0, 0, 4, 412, 1), .Dim = c(4L, 2L), .Dimnames = list(
        c("-2", "-1", "0", "1"), c("A", "C"))), N = 927), Majority = list(
        Freqs = structure(c(0, 2, 603, 0, 0, 4, 495, 1), .Dim = c(4L, 
        2L), .Dimnames = list(c("-2", "-1", "0", "1"), c("A", 
        "C"))), N = 1105)), `2` = structure(c(0, 0, 461, 0, 0, 
    1, 382, 0), .Dim = c(4L, 2L), .Dimnames = list(c("-2", "-1", 
    "0", "1"), c("A", "C"))))))
