Results <-
list(`bwa.out//20220204//BlindCMMRD86_S45.sam` = list(LR48_SNP1 = list(
    All = list(Freqs = structure(c(0L, 0L, 2L, 0L, 0L, 0L, 0L, 
    1L, 0L, 0L, 6L, 209L, 5215L, 66L, 19L, 0L, 2L, 117L, 2L, 
    0L), .Dim = 5:4, .Dimnames = structure(list(c("-2", "-1", 
    "0", "1", NA), c("C", "G", "T", NA)), .Names = c("", "")), class = "table"), 
        N = 5639L), Tag.Distribution = structure(c(`1` = 102L, 
    `2` = 61L, `3` = 44L, `4` = 51L, `5` = 34L, `6` = 55L, `7` = 30L, 
    `8` = 30L, `9` = 32L, `10` = 25L, `11` = 21L, `12` = 31L, 
    `13` = 23L, `14` = 19L, `15` = 20L, `16` = 10L, `17` = 11L, 
    `18` = 6L, `19` = 10L, `20` = 5L, `21` = 7L, `22` = 8L, `23` = 6L, 
    `24` = 10L, `25` = 6L, `26` = 7L, `27` = 1L, `29` = 2L, `30` = 2L, 
    `31` = 1L, `34` = 1L), .Dim = 31L, .Dimnames = list(TagUsage = c("1", 
    "2", "3", "4", "5", "6", "7", "8", "9", "10", "11", "12", 
    "13", "14", "15", "16", "17", "18", "19", "20", "21", "22", 
    "23", "24", "25", "26", "27", "29", "30", "31", "34")), class = "table"), 
    No.Tag = structure(c(0L, 0L, 0L, 0L, 0L, 0L, 0L, 0L, 0L, 
    0L, 0L, 1L, 122L, 1L, 0L, 0L, 0L, 11L, 0L, 0L), .Dim = 5:4, .Dimnames = structure(list(
        c("-2", "-1", "0", "1", NA), c("C", "G", "T", NA)), .Names = c("", 
    "")), class = "table"), All.Tags = list(Concordant = list(
        Freqs = structure(c(0, 0, 1, 0, 0, 0, 0, 0, 0, 3, 492, 
        1), .Dim = 4:3, .Dimnames = list(c("-2", "-1", "0", "1"
        ), c("C", "G", "T"))), N = 497), Majority = list(Freqs = structure(c(0, 
    0, 1, 0, 0, 0, 0, 0, 0, 7, 642, 1), .Dim = 4:3, .Dimnames = list(
        c("-2", "-1", "0", "1"), c("C", "G", "T"))), N = 651)), 
    `2` = structure(c(0, 0, 0, 0, 0, 0, 0, 0, 0, 5, 559, 0), .Dim = 4:3, .Dimnames = list(
        c("-2", "-1", "0", "1"), c("C", "G", "T"))))))
