Results <-
list(`bwa.out//20220204//17D1520_S5.sam` = list(LR40_SNP1 = list(
    All = list(Freqs = structure(c(1L, 44L, 4895L, 31L, 8L, 0L, 
    0L, 1L, 0L, 0L, 0L, 0L, 23L, 0L, 0L), .Dim = c(5L, 3L), .Dimnames = structure(list(
        c("-2", "-1", "0", "1", NA), c("C", "T", NA)), .Names = c("", 
    "")), class = "table"), N = 5003L), Tag.Distribution = structure(c(`1` = 122L, 
    `2` = 82L, `3` = 44L, `4` = 46L, `5` = 45L, `6` = 30L, `7` = 20L, 
    `8` = 31L, `9` = 18L, `10` = 23L, `11` = 18L, `12` = 12L, 
    `13` = 18L, `14` = 12L, `15` = 15L, `16` = 8L, `17` = 10L, 
    `18` = 9L, `19` = 4L, `20` = 6L, `21` = 6L, `22` = 6L, `23` = 4L, 
    `24` = 5L, `25` = 1L, `26` = 5L, `27` = 5L, `28` = 1L, `29` = 3L, 
    `30` = 2L, `31` = 1L, `32` = 4L, `33` = 1L, `35` = 1L, `36` = 1L, 
    `37` = 1L, `38` = 1L, `44` = 1L, `45` = 1L, `48` = 1L, `68` = 1L
    ), .Dim = 41L, .Dimnames = list(TagUsage = c("1", "2", "3", 
    "4", "5", "6", "7", "8", "9", "10", "11", "12", "13", "14", 
    "15", "16", "17", "18", "19", "20", "21", "22", "23", "24", 
    "25", "26", "27", "28", "29", "30", "31", "32", "33", "35", 
    "36", "37", "38", "44", "45", "48", "68")), class = "table"), 
    No.Tag = structure(c(0L, 0L, 109L, 1L, 0L, 0L, 0L, 0L, 0L, 
    0L, 0L, 0L, 3L, 0L, 0L), .Dim = c(5L, 3L), .Dimnames = structure(list(
        c("-2", "-1", "0", "1", NA), c("C", "T", NA)), .Names = c("", 
    "")), class = "table"), All.Tags = list(Concordant = list(
        Freqs = structure(c(0, 4, 566, 1, 0, 0, 0, 0), .Dim = c(4L, 
        2L), .Dimnames = list(c("-2", "-1", "0", "1"), c("C", 
        "T"))), N = 571), Majority = list(Freqs = structure(c(0, 
    4, 615, 1, 0, 0, 0, 0), .Dim = c(4L, 2L), .Dimnames = list(
        c("-2", "-1", "0", "1"), c("C", "T"))), N = 620)), `2` = structure(c(0, 
    2, 499, 1, 0, 0, 0, 0), .Dim = c(4L, 2L), .Dimnames = list(
        c("-2", "-1", "0", "1"), c("C", "T"))))))
