Results <-
list(`bwa.out//20220204//BlindCMMRD57_S16.sam` = list(GM22_SNP1 = list(
    All = list(Freqs = structure(c(3L, 62L, 5099L, 9L, 10L, 0L, 
    3L, 47L, 3L, 0L), .Dim = c(5L, 2L), .Dimnames = structure(list(
        c("-2", "-1", "0", "1", NA), c("A", NA)), .Names = c("", 
    "")), class = "table"), N = 5236L), Tag.Distribution = structure(c(`1` = 114L, 
    `2` = 34L, `3` = 42L, `4` = 45L, `5` = 42L, `6` = 34L, `7` = 37L, 
    `8` = 27L, `9` = 21L, `10` = 14L, `11` = 20L, `12` = 19L, 
    `13` = 10L, `14` = 14L, `15` = 12L, `16` = 10L, `17` = 16L, 
    `18` = 5L, `19` = 4L, `20` = 9L, `21` = 8L, `22` = 10L, `23` = 10L, 
    `24` = 6L, `25` = 7L, `26` = 3L, `27` = 5L, `28` = 2L, `29` = 5L, 
    `30` = 2L, `31` = 2L, `32` = 2L, `33` = 2L, `37` = 1L, `40` = 1L, 
    `44` = 1L), .Dim = 36L, .Dimnames = list(TagUsage = c("1", 
    "2", "3", "4", "5", "6", "7", "8", "9", "10", "11", "12", 
    "13", "14", "15", "16", "17", "18", "19", "20", "21", "22", 
    "23", "24", "25", "26", "27", "28", "29", "30", "31", "32", 
    "33", "37", "40", "44")), class = "table"), No.Tag = structure(c(0L, 
    1L, 64L, 1L, 1L, 0L, 0L, 7L, 0L, 0L), .Dim = c(5L, 2L), .Dimnames = structure(list(
        c("-2", "-1", "0", "1", NA), c("A", NA)), .Names = c("", 
    "")), class = "table"), All.Tags = list(Concordant = list(
        Freqs = structure(c(0, 1, 526, 0), .Dim = c(4L, 1L), .Dimnames = list(
            c("-2", "-1", "0", "1"), "A")), N = 527), Majority = list(
        Freqs = structure(c(0, 1, 588, 0), .Dim = c(4L, 1L), .Dimnames = list(
            c("-2", "-1", "0", "1"), "A")), N = 589)), `2` = structure(c(0, 
    0, 481, 0), .Dim = c(4L, 1L), .Dimnames = list(c("-2", "-1", 
    "0", "1"), "A")))))
