Results <-
list(`bwa.out//20220204//Control27_S20.sam` = list(LR20_SNP1 = list(
    All = list(Freqs = structure(c(1L, 1356L, 5L, 1L, 1L, 1427L, 
    5L, 1L, 0L, 20L, 1L, 0L), .Dim = 4:3, .Dimnames = structure(list(
        c("-1", "0", "1", NA), c("A", "G", NA)), .Names = c("", 
    "")), class = "table"), N = 2818L), Tag.Distribution = structure(c(`1` = 102L, 
    `2` = 46L, `3` = 61L, `4` = 39L, `5` = 26L, `6` = 35L, `7` = 21L, 
    `8` = 26L, `9` = 13L, `10` = 12L, `11` = 21L, `12` = 10L, 
    `13` = 6L, `14` = 7L, `15` = 6L, `16` = 5L, `17` = 9L, `18` = 3L, 
    `19` = 1L, `21` = 4L, `22` = 2L, `24` = 1L, `25` = 2L, `27` = 1L, 
    `31` = 2L, `33` = 1L, `35` = 1L), .Dim = 27L, .Dimnames = list(
        TagUsage = c("1", "2", "3", "4", "5", "6", "7", "8", 
        "9", "10", "11", "12", "13", "14", "15", "16", "17", 
        "18", "19", "21", "22", "24", "25", "27", "31", "33", 
        "35")), class = "table"), No.Tag = structure(c(0L, 35L, 
    1L, 0L, 0L, 31L, 0L, 0L, 0L, 4L, 0L, 0L), .Dim = 4:3, .Dimnames = structure(list(
        c("-1", "0", "1", NA), c("A", "G", NA)), .Names = c("", 
    "")), class = "table"), All.Tags = list(Concordant = list(
        Freqs = structure(c(0, 219, 0, 0, 208, 0), .Dim = 3:2, .Dimnames = list(
            c("-1", "0", "1"), c("A", "G"))), N = 427), Majority = list(
        Freqs = structure(c(0, 229, 0, 0, 228, 0), .Dim = 3:2, .Dimnames = list(
            c("-1", "0", "1"), c("A", "G"))), N = 457)), `2` = structure(c(0, 
    178, 0, 0, 182, 0), .Dim = 3:2, .Dimnames = list(c("-1", 
    "0", "1"), c("A", "G"))))))
