Results <-
list(`bwa.out//20220204//BlindCMMRD78_S37.sam` = list(IM49_SNP1 = list(
    All = list(Freqs = structure(c(2L, 57L, 1702L, 35L, 1L, 22L, 
    0L, 60L, 1538L, 40L, 0L, 16L, 0L, 0L, 1L, 0L, 0L, 0L, 0L, 
    0L, 237L, 1L, 0L, 0L), .Dim = c(6L, 4L), .Dimnames = structure(list(
        c("-2", "-1", "0", "1", "2", NA), c("C", "G", "T", NA
        )), .Names = c("", "")), class = "table"), N = 3712L), 
    Tag.Distribution = structure(c(`1` = 239L, `2` = 83L, `3` = 77L, 
    `4` = 60L, `5` = 48L, `6` = 45L, `7` = 42L, `8` = 16L, `9` = 24L, 
    `10` = 23L, `11` = 20L, `12` = 19L, `13` = 10L, `14` = 9L, 
    `15` = 7L, `16` = 8L, `17` = 3L, `18` = 2L, `19` = 3L, `21` = 1L, 
    `22` = 1L, `23` = 2L, `26` = 1L, `29` = 1L, `30` = 1L, `37` = 1L, 
    `38` = 1L), .Dim = 27L, .Dimnames = list(TagUsage = c("1", 
    "2", "3", "4", "5", "6", "7", "8", "9", "10", "11", "12", 
    "13", "14", "15", "16", "17", "18", "19", "21", "22", "23", 
    "26", "29", "30", "37", "38")), class = "table"), No.Tag = structure(c(0L, 
    1L, 29L, 0L, 0L, 0L, 0L, 4L, 86L, 1L, 0L, 2L, 0L, 0L, 0L, 
    0L, 0L, 0L, 0L, 0L, 5L, 0L, 0L, 0L), .Dim = c(6L, 4L), .Dimnames = structure(list(
        c("-2", "-1", "0", "1", "2", NA), c("C", "G", "T", NA
        )), .Names = c("", "")), class = "table"), All.Tags = list(
        Concordant = list(Freqs = structure(c(0, 3, 272, 1, 0, 
        0, 3, 248, 1, 0, 0, 0, 1, 0, 0), .Dim = c(5L, 3L), .Dimnames = list(
            c("-2", "-1", "0", "1", "2"), c("C", "G", "T"))), 
            N = 529), Majority = list(Freqs = structure(c(0, 
        5, 343, 1, 0, 0, 5, 302, 2, 0, 0, 0, 1, 0, 0), .Dim = c(5L, 
        3L), .Dimnames = list(c("-2", "-1", "0", "1", "2"), c("C", 
        "G", "T"))), N = 659)), `2` = structure(c(0, 3, 257, 
    0, 0, 0, 3, 228, 1, 0, 0, 0, 0, 0, 0), .Dim = c(5L, 3L), .Dimnames = list(
        c("-2", "-1", "0", "1", "2"), c("C", "G", "T"))))))
