Results <-
list(`bwa.out//20220204//Control27_S20.sam` = list(GM07_SNP1 = list(
    All = list(Freqs = structure(c(1L, 168L, 2779L, 81L, 6L, 
    15L, 0L, 0L, 0L, 0L, 0L, 2L, 0L, 1L, 15L, 0L, 0L, 0L), .Dim = c(6L, 
    3L), .Dimnames = structure(list(c("-2", "-1", "0", "1", "2", 
    NA), c("A", "G", NA)), .Names = c("", "")), class = "table"), 
        N = 3068L), Tag.Distribution = structure(c(`1` = 89L, 
    `2` = 65L, `3` = 39L, `4` = 39L, `5` = 20L, `6` = 26L, `7` = 18L, 
    `8` = 19L, `9` = 21L, `10` = 19L, `11` = 8L, `12` = 4L, `13` = 9L, 
    `14` = 6L, `15` = 8L, `16` = 4L, `17` = 7L, `18` = 4L, `19` = 4L, 
    `20` = 6L, `21` = 2L, `22` = 3L, `23` = 2L, `24` = 1L, `25` = 2L, 
    `26` = 2L, `27` = 1L, `28` = 1L, `29` = 2L, `31` = 1L), .Dim = 30L, .Dimnames = list(
        TagUsage = c("1", "2", "3", "4", "5", "6", "7", "8", 
        "9", "10", "11", "12", "13", "14", "15", "16", "17", 
        "18", "19", "20", "21", "22", "23", "24", "25", "26", 
        "27", "28", "29", "31")), class = "table"), No.Tag = structure(c(0L, 
    20L, 299L, 6L, 1L, 1L, 0L, 0L, 0L, 0L, 0L, 0L, 0L, 0L, 4L, 
    0L, 0L, 0L), .Dim = c(6L, 3L), .Dimnames = structure(list(
        c("-2", "-1", "0", "1", "2", NA), c("A", "G", NA)), .Names = c("", 
    "")), class = "table"), All.Tags = list(Concordant = list(
        Freqs = structure(c(0, 8, 291, 1, 0, 0, 0, 0, 0, 0), .Dim = c(5L, 
        2L), .Dimnames = list(c("-2", "-1", "0", "1", "2"), c("A", 
        "G"))), N = 300), Majority = list(Freqs = structure(c(0, 
    9, 403, 1, 0, 0, 0, 0, 0, 0), .Dim = c(5L, 2L), .Dimnames = list(
        c("-2", "-1", "0", "1", "2"), c("A", "G"))), N = 413)), 
    `2` = structure(c(0, 3, 326, 0, 0, 0, 0, 0, 0, 0), .Dim = c(5L, 
    2L), .Dimnames = list(c("-2", "-1", "0", "1", "2"), c("A", 
    "G"))))))
