Results <-
list(`bwa.out//20220204//BlindCMMRD64_S23.sam` = list(LR20_SNP1 = list(
    All = list(Freqs = structure(c(0L, 1L, 0L, 0L, 4L, 2073L, 
    6L, 1L, 3L, 2392L, 4L, 3L, 0L, 19L, 0L, 0L), .Dim = c(4L, 
    4L), .Dimnames = structure(list(c("-1", "0", "1", NA), c("-", 
    "A", "G", NA)), .Names = c("", "")), class = "table"), N = 4506L), 
    Tag.Distribution = structure(c(`1` = 140L, `2` = 87L, `3` = 75L, 
    `4` = 50L, `5` = 52L, `6` = 31L, `7` = 35L, `8` = 25L, `9` = 19L, 
    `10` = 20L, `11` = 17L, `12` = 12L, `13` = 18L, `14` = 15L, 
    `15` = 7L, `16` = 14L, `17` = 6L, `18` = 7L, `19` = 2L, `20` = 8L, 
    `21` = 9L, `22` = 4L, `23` = 2L, `24` = 1L, `25` = 3L, `26` = 4L, 
    `27` = 3L, `29` = 1L, `32` = 1L, `33` = 2L, `34` = 1L, `35` = 1L, 
    `61` = 1L), .Dim = 33L, .Dimnames = list(TagUsage = c("1", 
    "2", "3", "4", "5", "6", "7", "8", "9", "10", "11", "12", 
    "13", "14", "15", "16", "17", "18", "19", "20", "21", "22", 
    "23", "24", "25", "26", "27", "29", "32", "33", "34", "35", 
    "61")), class = "table"), No.Tag = structure(c(0L, 0L, 0L, 
    0L, 0L, 36L, 0L, 0L, 0L, 73L, 0L, 1L, 0L, 1L, 0L, 0L), .Dim = c(4L, 
    4L), .Dimnames = structure(list(c("-1", "0", "1", NA), c("-", 
    "A", "G", NA)), .Names = c("", "")), class = "table"), All.Tags = list(
        Concordant = list(Freqs = structure(c(0, 0, 0, 0, 275, 
        0, 1, 317, 0), .Dim = c(3L, 3L), .Dimnames = list(c("-1", 
        "0", "1"), c("-", "A", "G"))), N = 593), Majority = list(
            Freqs = structure(c(0, 0, 0, 0, 306, 0, 1, 356, 0
            ), .Dim = c(3L, 3L), .Dimnames = list(c("-1", "0", 
            "1"), c("-", "A", "G"))), N = 663)), `2` = structure(c(0, 
    0, 0, 0, 236, 0, 0, 292, 0), .Dim = c(3L, 3L), .Dimnames = list(
        c("-1", "0", "1"), c("-", "A", "G"))))))
