Results <-
list(`bwa.out//20220204//BlindCMMRD49_S9.sam` = list(GM17_SNP1 = list(
    All = list(Freqs = structure(c(104L, 6513L, 14L, 2L, 0L, 
    6L, 0L, 0L, 1L, 57L, 0L, 0L), .Dim = 4:3, .Dimnames = structure(list(
        c("-1", "0", "1", NA), c("C", "T", NA)), .Names = c("", 
    "")), class = "table"), N = 6697L), Tag.Distribution = structure(c(`1` = 70L, 
    `2` = 13L, `3` = 9L, `4` = 14L, `5` = 10L, `6` = 8L, `7` = 7L, 
    `8` = 12L, `9` = 7L, `10` = 10L, `11` = 4L, `12` = 6L, `13` = 5L, 
    `14` = 7L, `15` = 3L, `16` = 6L, `17` = 2L, `18` = 7L, `19` = 3L, 
    `20` = 5L, `21` = 9L, `22` = 4L, `23` = 5L, `24` = 3L, `25` = 3L, 
    `26` = 1L, `27` = 4L, `29` = 2L, `30` = 2L, `31` = 1L, `32` = 3L, 
    `33` = 3L, `34` = 2L, `35` = 2L, `36` = 1L, `38` = 3L, `39` = 5L, 
    `40` = 5L, `42` = 3L, `43` = 1L, `44` = 1L, `49` = 1L, `51` = 1L, 
    `52` = 1L, `53` = 1L, `54` = 1L, `55` = 1L, `56` = 1L, `57` = 2L, 
    `59` = 2L, `62` = 3L, `63` = 1L, `64` = 1L, `65` = 3L, `66` = 3L, 
    `67` = 2L, `68` = 2L, `70` = 1L, `71` = 1L, `80` = 2L, `85` = 2L, 
    `87` = 1L, `88` = 2L, `90` = 1L, `93` = 3L, `97` = 1L, `106` = 1L, 
    `107` = 1L, `116` = 1L, `119` = 1L, `163` = 1L), .Dim = 71L, .Dimnames = list(
        TagUsage = c("1", "2", "3", "4", "5", "6", "7", "8", 
        "9", "10", "11", "12", "13", "14", "15", "16", "17", 
        "18", "19", "20", "21", "22", "23", "24", "25", "26", 
        "27", "29", "30", "31", "32", "33", "34", "35", "36", 
        "38", "39", "40", "42", "43", "44", "49", "51", "52", 
        "53", "54", "55", "56", "57", "59", "62", "63", "64", 
        "65", "66", "67", "68", "70", "71", "80", "85", "87", 
        "88", "90", "93", "97", "106", "107", "116", "119", "163"
        )), class = "table"), No.Tag = structure(c(1L, 66L, 0L, 
    0L, 0L, 0L, 0L, 0L, 0L, 6L, 0L, 0L), .Dim = 4:3, .Dimnames = structure(list(
        c("-1", "0", "1", NA), c("C", "T", NA)), .Names = c("", 
    "")), class = "table"), All.Tags = list(Concordant = list(
        Freqs = structure(c(3, 237, 0, 0, 6, 0), .Dim = 3:2, .Dimnames = list(
            c("-1", "0", "1"), c("C", "T"))), N = 246), Majority = list(
        Freqs = structure(c(4, 300, 0, 0, 6, 0), .Dim = 3:2, .Dimnames = list(
            c("-1", "0", "1"), c("C", "T"))), N = 310)), `2` = structure(c(2, 
    242, 0, 0, 0, 0), .Dim = 3:2, .Dimnames = list(c("-1", "0", 
    "1"), c("C", "T"))))))
