Results <-
list(`bwa.out//20220204//BlindCMMRD120_S46.sam` = list(LR48_SNP1 = list(
    All = list(Freqs = structure(c(0L, 0L, 0L, 1L, 0L, 0L, 0L, 
    1L, 1L, 92L, 3365L, 45L, 1L, 17L, 0L, 0L, 1L, 3L, 0L, 0L, 
    0L, 0L, 0L, 1L, 24L, 1L, 0L, 0L), .Dim = c(7L, 4L), .Dimnames = structure(list(
        c("-3", "-2", "-1", "0", "1", "2", NA), c("-", "C", "T", 
        NA)), .Names = c("", "")), class = "table"), N = 3553L), 
    Tag.Distribution = structure(c(`1` = 103L, `2` = 102L, `3` = 93L, 
    `4` = 63L, `5` = 76L, `6` = 34L, `7` = 32L, `8` = 28L, `9` = 20L, 
    `10` = 20L, `11` = 17L, `12` = 14L, `13` = 16L, `14` = 13L, 
    `15` = 7L, `17` = 4L, `18` = 5L, `19` = 4L, `21` = 3L, `22` = 1L, 
    `23` = 1L, `24` = 2L), .Dim = 22L, .Dimnames = list(TagUsage = c("1", 
    "2", "3", "4", "5", "6", "7", "8", "9", "10", "11", "12", 
    "13", "14", "15", "17", "18", "19", "21", "22", "23", "24"
    )), class = "table"), No.Tag = structure(c(0L, 0L, 0L, 0L, 
    0L, 0L, 0L, 0L, 0L, 2L, 55L, 0L, 0L, 2L, 0L, 0L, 0L, 1L, 
    0L, 0L, 0L, 0L, 0L, 0L, 3L, 0L, 0L, 0L), .Dim = c(7L, 4L), .Dimnames = structure(list(
        c("-3", "-2", "-1", "0", "1", "2", NA), c("-", "C", "T", 
        NA)), .Names = c("", "")), class = "table"), All.Tags = list(
        Concordant = list(Freqs = structure(c(0, 0, 0, 0, 0, 
        0, 0, 0, 5, 538, 3, 0, 0, 0, 1, 1, 0, 0), .Dim = c(6L, 
        3L), .Dimnames = list(c("-3", "-2", "-1", "0", "1", "2"
        ), c("-", "C", "T"))), N = 548), Majority = list(Freqs = structure(c(0, 
        0, 0, 0, 0, 0, 0, 0, 6, 634, 3, 0, 0, 0, 1, 1, 0, 0), .Dim = c(6L, 
        3L), .Dimnames = list(c("-3", "-2", "-1", "0", "1", "2"
        ), c("-", "C", "T"))), N = 645)), `2` = structure(c(0, 
    0, 0, 0, 0, 0, 0, 0, 3, 541, 0, 0, 0, 0, 0, 0, 0, 0), .Dim = c(6L, 
    3L), .Dimnames = list(c("-3", "-2", "-1", "0", "1", "2"), 
        c("-", "C", "T"))))))
