Results <-
list(`bwa.out//20220204//BlindCMMRD55_S14.sam` = list(LR36_SNP1 = list(
    All = list(Freqs = structure(c(0L, 0L, 0L, 5L, 0L, 0L, 0L, 
    0L, 0L, 1L, 0L, 0L, 1L, 2L, 80L, 3146L, 33L, 20L, 0L, 0L, 
    6L, 128L, 1L, 0L), .Dim = c(6L, 4L), .Dimnames = structure(list(
        c("-3", "-2", "-1", "0", "1", NA), c("A", "G", "T", NA
        )), .Names = c("", "")), class = "table"), N = 3423L), 
    Tag.Distribution = structure(c(`1` = 67L, `2` = 36L, `3` = 33L, 
    `4` = 27L, `5` = 34L, `6` = 29L, `7` = 26L, `8` = 12L, `9` = 20L, 
    `10` = 18L, `11` = 18L, `12` = 7L, `13` = 10L, `14` = 8L, 
    `15` = 6L, `16` = 11L, `17` = 4L, `18` = 6L, `19` = 10L, 
    `20` = 9L, `21` = 2L, `22` = 5L, `23` = 3L, `24` = 3L, `26` = 1L, 
    `28` = 3L, `29` = 1L, `30` = 1L, `32` = 2L, `40` = 1L, `52` = 1L
    ), .Dim = 31L, .Dimnames = list(TagUsage = c("1", "2", "3", 
    "4", "5", "6", "7", "8", "9", "10", "11", "12", "13", "14", 
    "15", "16", "17", "18", "19", "20", "21", "22", "23", "24", 
    "26", "28", "29", "30", "32", "40", "52")), class = "table"), 
    No.Tag = structure(c(0L, 0L, 0L, 1L, 0L, 0L, 0L, 0L, 0L, 
    0L, 0L, 0L, 0L, 0L, 2L, 113L, 2L, 3L, 0L, 0L, 1L, 19L, 0L, 
    0L), .Dim = c(6L, 4L), .Dimnames = structure(list(c("-3", 
    "-2", "-1", "0", "1", NA), c("A", "G", "T", NA)), .Names = c("", 
    "")), class = "table"), All.Tags = list(Concordant = list(
        Freqs = structure(c(0, 0, 0, 2, 0, 0, 0, 0, 0, 0, 0, 
        0, 0, 315, 1), .Dim = c(5L, 3L), .Dimnames = list(c("-3", 
        "-2", "-1", "0", "1"), c("A", "G", "T"))), N = 318), 
        Majority = list(Freqs = structure(c(0, 0, 0, 2, 0, 0, 
        0, 0, 0, 0, 0, 0, 1, 401, 1), .Dim = c(5L, 3L), .Dimnames = list(
            c("-3", "-2", "-1", "0", "1"), c("A", "G", "T"))), 
            N = 405)), `2` = structure(c(0, 0, 0, 0, 0, 0, 0, 
    0, 0, 0, 0, 0, 1, 343, 0), .Dim = c(5L, 3L), .Dimnames = list(
        c("-3", "-2", "-1", "0", "1"), c("A", "G", "T"))))))
