Results <-
list(`bwa.out//20220204//17D0939_S6.sam` = list(IM16_SNP1 = list(
    All = list(Freqs = structure(c(0L, 0L, 3L, 0L, 0L, 0L, 1L, 
    27L, 3696L, 62L, 3L, 2L, 0L, 1L, 65L, 1L, 0L, 0L), .Dim = c(6L, 
    3L), .Dimnames = structure(list(c("-2", "-1", "0", "1", "2", 
    NA), c("A", "G", NA)), .Names = c("", "")), class = "table"), 
        N = 3861L), Tag.Distribution = structure(c(`1` = 101L, 
    `2` = 55L, `3` = 31L, `4` = 28L, `5` = 20L, `6` = 29L, `7` = 19L, 
    `8` = 14L, `9` = 16L, `10` = 11L, `11` = 18L, `12` = 6L, 
    `13` = 11L, `14` = 11L, `15` = 8L, `16` = 5L, `17` = 6L, 
    `18` = 4L, `19` = 2L, `20` = 6L, `21` = 2L, `22` = 3L, `23` = 1L, 
    `24` = 2L, `25` = 2L, `26` = 5L, `27` = 5L, `28` = 2L, `29` = 2L, 
    `30` = 2L, `31` = 1L, `32` = 2L, `33` = 2L, `35` = 2L, `37` = 2L, 
    `38` = 2L, `39` = 1L, `40` = 1L, `41` = 2L, `42` = 1L, `44` = 1L, 
    `45` = 1L, `46` = 1L, `56` = 1L, `93` = 1L), .Dim = 45L, .Dimnames = list(
        TagUsage = c("1", "2", "3", "4", "5", "6", "7", "8", 
        "9", "10", "11", "12", "13", "14", "15", "16", "17", 
        "18", "19", "20", "21", "22", "23", "24", "25", "26", 
        "27", "28", "29", "30", "31", "32", "33", "35", "37", 
        "38", "39", "40", "41", "42", "44", "45", "46", "56", 
        "93")), class = "table"), No.Tag = structure(c(0L, 0L, 
    0L, 0L, 0L, 0L, 0L, 0L, 31L, 3L, 0L, 0L, 0L, 0L, 3L, 0L, 
    0L, 0L), .Dim = c(6L, 3L), .Dimnames = structure(list(c("-2", 
    "-1", "0", "1", "2", NA), c("A", "G", NA)), .Names = c("", 
    "")), class = "table"), All.Tags = list(Concordant = list(
        Freqs = structure(c(0, 0, 2, 0, 0, 0, 1, 373, 1, 0), .Dim = c(5L, 
        2L), .Dimnames = list(c("-2", "-1", "0", "1", "2"), c("A", 
        "G"))), N = 377), Majority = list(Freqs = structure(c(0, 
    0, 2, 0, 0, 0, 1, 433, 1, 0), .Dim = c(5L, 2L), .Dimnames = list(
        c("-2", "-1", "0", "1", "2"), c("A", "G"))), N = 437)), 
    `2` = structure(c(0, 0, 0, 0, 0, 0, 0, 345, 0, 0), .Dim = c(5L, 
    2L), .Dimnames = list(c("-2", "-1", "0", "1", "2"), c("A", 
    "G"))))))
