Results <-
list(`bwa.out//20220204//BlindCMMRD68_S27.sam` = list(LR11_SNP1 = list(
    All = list(Freqs = structure(c(0L, 0L, 4L, 0L, 1L, 2L, 57L, 
    3139L, 20L, 6L, 0L, 0L, 1L, 0L, 0L, 0L, 3L, 117L, 1L, 0L), .Dim = 5:4, .Dimnames = structure(list(
        c("-2", "-1", "0", "1", NA), c("A", "C", "G", NA)), .Names = c("", 
    "")), class = "table"), N = 3351L), Tag.Distribution = structure(c(`1` = 86L, 
    `2` = 35L, `3` = 42L, `4` = 39L, `5` = 40L, `6` = 18L, `7` = 26L, 
    `8` = 19L, `9` = 17L, `10` = 31L, `11` = 19L, `12` = 14L, 
    `13` = 12L, `14` = 10L, `15` = 13L, `16` = 6L, `17` = 10L, 
    `18` = 7L, `19` = 6L, `20` = 4L, `21` = 3L, `22` = 1L, `23` = 1L, 
    `24` = 1L, `25` = 1L, `26` = 2L, `29` = 1L, `32` = 1L, `36` = 1L
    ), .Dim = 29L, .Dimnames = list(TagUsage = c("1", "2", "3", 
    "4", "5", "6", "7", "8", "9", "10", "11", "12", "13", "14", 
    "15", "16", "17", "18", "19", "20", "21", "22", "23", "24", 
    "25", "26", "29", "32", "36")), class = "table"), No.Tag = structure(c(0L, 
    0L, 0L, 0L, 1L, 0L, 2L, 42L, 0L, 0L, 0L, 0L, 0L, 0L, 0L, 
    0L, 0L, 3L, 0L, 0L), .Dim = 5:4, .Dimnames = structure(list(
        c("-2", "-1", "0", "1", NA), c("A", "C", "G", NA)), .Names = c("", 
    "")), class = "table"), All.Tags = list(Concordant = list(
        Freqs = structure(c(0, 0, 4, 0, 0, 1, 377, 1, 0, 0, 0, 
        0), .Dim = 4:3, .Dimnames = list(c("-2", "-1", "0", "1"
        ), c("A", "C", "G"))), N = 383), Majority = list(Freqs = structure(c(0, 
    0, 4, 0, 0, 2, 442, 1, 0, 0, 0, 0), .Dim = 4:3, .Dimnames = list(
        c("-2", "-1", "0", "1"), c("A", "C", "G"))), N = 449)), 
    `2` = structure(c(0, 0, 0, 0, 0, 1, 376, 0, 0, 0, 0, 0), .Dim = 4:3, .Dimnames = list(
        c("-2", "-1", "0", "1"), c("A", "C", "G"))))))
