Results <-
list(`bwa.out//20220204//13D0575_S2.sam` = list(LR49_SNP1 = list(
    All = list(Freqs = structure(c(6L, 1146L, 1L, 42L, 1213L, 
    4L, 0L, 32L, 0L), .Dim = c(3L, 3L), .Dimnames = structure(list(
        c("-1", "0", NA), c("A", "G", NA)), .Names = c("", ""
    )), class = "table"), N = 2444L), Tag.Distribution = structure(c(`1` = 143L, 
    `2` = 83L, `3` = 59L, `4` = 60L, `5` = 37L, `6` = 22L, `7` = 17L, 
    `8` = 13L, `9` = 14L, `10` = 5L, `11` = 11L, `12` = 10L, 
    `13` = 8L, `14` = 6L, `15` = 4L, `16` = 1L, `17` = 3L, `18` = 4L, 
    `19` = 5L, `20` = 1L, `25` = 3L, `27` = 1L, `29` = 1L, `31` = 1L, 
    `34` = 1L), .Dim = 25L, .Dimnames = list(TagUsage = c("1", 
    "2", "3", "4", "5", "6", "7", "8", "9", "10", "11", "12", 
    "13", "14", "15", "16", "17", "18", "19", "20", "25", "27", 
    "29", "31", "34")), class = "table"), No.Tag = structure(c(0L, 
    16L, 0L, 1L, 40L, 3L, 0L, 3L, 0L), .Dim = c(3L, 3L), .Dimnames = structure(list(
        c("-1", "0", NA), c("A", "G", NA)), .Names = c("", ""
    )), class = "table"), All.Tags = list(Concordant = list(Freqs = structure(c(1, 
    236, 4, 236), .Dim = c(2L, 2L), .Dimnames = list(c("-1", 
    "0"), c("A", "G"))), N = 477), Majority = list(Freqs = structure(c(2, 
    247, 6, 249), .Dim = c(2L, 2L), .Dimnames = list(c("-1", 
    "0"), c("A", "G"))), N = 504)), `2` = structure(c(2, 179, 
    5, 179), .Dim = c(2L, 2L), .Dimnames = list(c("-1", "0"), 
        c("A", "G"))))))
