Results <-
list(`bwa.out//20220204//BlindCMMRD94_S53.sam` = list(LR24_SNP1 = list(
    All = list(Freqs = structure(c(10L, 2392L, 6L, 0L, 7L, 2342L, 
    4L, 2L, 0L, 2L, 0L, 0L, 0L, 37L, 1L, 0L), .Dim = c(4L, 4L
    ), .Dimnames = structure(list(c("-1", "0", "1", NA), c("A", 
    "G", "T", NA)), .Names = c("", "")), class = "table"), N = 4803L), 
    Tag.Distribution = structure(c(`1` = 175L, `2` = 133L, `3` = 119L, 
    `4` = 84L, `5` = 81L, `6` = 59L, `7` = 47L, `8` = 39L, `9` = 33L, 
    `10` = 30L, `11` = 25L, `12` = 17L, `13` = 13L, `14` = 7L, 
    `15` = 6L, `16` = 11L, `17` = 5L, `18` = 3L, `19` = 2L, `20` = 4L, 
    `21` = 6L, `22` = 1L, `23` = 2L, `24` = 1L, `25` = 1L, `29` = 2L
    ), .Dim = 26L, .Dimnames = list(TagUsage = c("1", "2", "3", 
    "4", "5", "6", "7", "8", "9", "10", "11", "12", "13", "14", 
    "15", "16", "17", "18", "19", "20", "21", "22", "23", "24", 
    "25", "29")), class = "table"), No.Tag = structure(c(0L, 
    46L, 1L, 0L, 0L, 51L, 0L, 0L, 0L, 0L, 0L, 0L, 0L, 4L, 0L, 
    0L), .Dim = c(4L, 4L), .Dimnames = structure(list(c("-1", 
    "0", "1", NA), c("A", "G", "T", NA)), .Names = c("", "")), class = "table"), 
    All.Tags = list(Concordant = list(Freqs = structure(c(0, 
    390, 1, 1, 403, 0, 0, 0, 0), .Dim = c(3L, 3L), .Dimnames = list(
        c("-1", "0", "1"), c("A", "G", "T"))), N = 795), Majority = list(
        Freqs = structure(c(0, 443, 1, 1, 442, 0, 0, 0, 0), .Dim = c(3L, 
        3L), .Dimnames = list(c("-1", "0", "1"), c("A", "G", 
        "T"))), N = 887)), `2` = structure(c(0, 352, 0, 0, 366, 
    0, 0, 0, 0), .Dim = c(3L, 3L), .Dimnames = list(c("-1", "0", 
    "1"), c("A", "G", "T"))))))
