Results <-
list(`bwa.out//20220204//BlindCMMRD66_S25.sam` = list(GM26_SNP1 = list(
    All = list(Freqs = structure(c(0L, 4L, 0L, 0L, 24L, 3544L, 
    16L, 6L, 1L, 25L, 0L, 0L), .Dim = 4:3, .Dimnames = structure(list(
        c("-1", "0", "1", NA), c("A", "G", NA)), .Names = c("", 
    "")), class = "table"), N = 3620L), Tag.Distribution = structure(c(`1` = 96L, 
    `2` = 38L, `3` = 46L, `4` = 42L, `5` = 38L, `6` = 39L, `7` = 22L, 
    `8` = 31L, `9` = 18L, `10` = 14L, `11` = 21L, `12` = 19L, 
    `13` = 11L, `14` = 16L, `15` = 6L, `16` = 5L, `17` = 7L, 
    `18` = 7L, `19` = 8L, `20` = 5L, `21` = 3L, `22` = 1L, `24` = 3L, 
    `26` = 2L, `27` = 1L, `30` = 3L, `31` = 2L, `34` = 1L, `40` = 1L
    ), .Dim = 29L, .Dimnames = list(TagUsage = c("1", "2", "3", 
    "4", "5", "6", "7", "8", "9", "10", "11", "12", "13", "14", 
    "15", "16", "17", "18", "19", "20", "21", "22", "24", "26", 
    "27", "30", "31", "34", "40")), class = "table"), No.Tag = structure(c(0L, 
    0L, 0L, 0L, 0L, 57L, 0L, 1L, 0L, 1L, 0L, 0L), .Dim = 4:3, .Dimnames = structure(list(
        c("-1", "0", "1", NA), c("A", "G", NA)), .Names = c("", 
    "")), class = "table"), All.Tags = list(Concordant = list(
        Freqs = structure(c(0, 3, 0, 1, 463, 1), .Dim = 3:2, .Dimnames = list(
            c("-1", "0", "1"), c("A", "G"))), N = 468), Majority = list(
        Freqs = structure(c(0, 3, 0, 1, 496, 1), .Dim = 3:2, .Dimnames = list(
            c("-1", "0", "1"), c("A", "G"))), N = 501)), `2` = structure(c(0, 
    0, 0, 0, 409, 0), .Dim = 3:2, .Dimnames = list(c("-1", "0", 
    "1"), c("A", "G"))))))
