Results <-
list(`bwa.out//20220204//BlindCMMRD98_S57.sam` = list(GM26_SNP1 = list(
    All = list(Freqs = structure(c(28L, 2655L, 9L, 4L, 27L, 2389L, 
    8L, 1L, 1L, 38L, 0L, 0L), .Dim = 4:3, .Dimnames = structure(list(
        c("-1", "0", "1", NA), c("A", "G", NA)), .Names = c("", 
    "")), class = "table"), N = 5160L), Tag.Distribution = structure(c(`1` = 113L, 
    `2` = 50L, `3` = 42L, `4` = 25L, `5` = 31L, `6` = 35L, `7` = 30L, 
    `8` = 21L, `9` = 21L, `10` = 23L, `11` = 16L, `12` = 10L, 
    `13` = 13L, `14` = 13L, `15` = 10L, `16` = 8L, `17` = 6L, 
    `18` = 7L, `19` = 9L, `20` = 6L, `21` = 2L, `22` = 3L, `23` = 9L, 
    `24` = 8L, `25` = 8L, `26` = 3L, `27` = 3L, `28` = 3L, `29` = 2L, 
    `30` = 4L, `31` = 3L, `32` = 3L, `35` = 3L, `36` = 3L, `37` = 4L, 
    `39` = 2L, `40` = 3L, `41` = 1L, `45` = 1L, `49` = 1L, `59` = 1L
    ), .Dim = 41L, .Dimnames = list(TagUsage = c("1", "2", "3", 
    "4", "5", "6", "7", "8", "9", "10", "11", "12", "13", "14", 
    "15", "16", "17", "18", "19", "20", "21", "22", "23", "24", 
    "25", "26", "27", "28", "29", "30", "31", "32", "35", "36", 
    "37", "39", "40", "41", "45", "49", "59")), class = "table"), 
    No.Tag = structure(c(0L, 10L, 0L, 0L, 4L, 30L, 0L, 0L, 0L, 
    1L, 0L, 0L), .Dim = 4:3, .Dimnames = structure(list(c("-1", 
    "0", "1", NA), c("A", "G", NA)), .Names = c("", "")), class = "table"), 
    All.Tags = list(Concordant = list(Freqs = structure(c(0, 
    228, 0, 0, 253, 0), .Dim = 3:2, .Dimnames = list(c("-1", 
    "0", "1"), c("A", "G"))), N = 481), Majority = list(Freqs = structure(c(0, 
    272, 0, 0, 277, 0), .Dim = 3:2, .Dimnames = list(c("-1", 
    "0", "1"), c("A", "G"))), N = 549)), `2` = structure(c(0, 
    211, 0, 0, 229, 0), .Dim = 3:2, .Dimnames = list(c("-1", 
    "0", "1"), c("A", "G"))))))
