Results <-
list(`bwa.out//20220204//MLPA101_S15.sam` = list(GM14_SNP1 = list(
    All = list(Freqs = structure(c(2L, 47L, 1648L, 14L, 3L, 0L, 
    0L, 2L, 0L, 0L, 0L, 0L, 31L, 0L, 0L), .Dim = c(5L, 3L), .Dimnames = structure(list(
        c("-2", "-1", "0", "1", NA), c("C", "T", NA)), .Names = c("", 
    "")), class = "table"), N = 1747L), Tag.Distribution = structure(c(`1` = 70L, 
    `2` = 33L, `3` = 39L, `4` = 23L, `5` = 30L, `6` = 15L, `7` = 14L, 
    `8` = 9L, `9` = 8L, `10` = 3L, `11` = 6L, `12` = 5L, `13` = 3L, 
    `14` = 5L, `15` = 5L, `16` = 5L, `17` = 4L, `18` = 3L, `19` = 3L, 
    `21` = 2L, `22` = 2L, `23` = 2L, `27` = 1L, `28` = 2L, `32` = 1L, 
    `34` = 1L), .Dim = 26L, .Dimnames = list(TagUsage = c("1", 
    "2", "3", "4", "5", "6", "7", "8", "9", "10", "11", "12", 
    "13", "14", "15", "16", "17", "18", "19", "21", "22", "23", 
    "27", "28", "32", "34")), class = "table"), No.Tag = structure(c(0L, 
    3L, 37L, 0L, 0L, 0L, 0L, 0L, 0L, 0L, 0L, 0L, 0L, 0L, 0L), .Dim = c(5L, 
    3L), .Dimnames = structure(list(c("-2", "-1", "0", "1", NA
    ), c("C", "T", NA)), .Names = c("", "")), class = "table"), 
    All.Tags = list(Concordant = list(Freqs = structure(c(0, 
    5, 244, 0, 0, 0, 1, 0), .Dim = c(4L, 2L), .Dimnames = list(
        c("-2", "-1", "0", "1"), c("C", "T"))), N = 250), Majority = list(
        Freqs = structure(c(0, 6, 283, 0, 0, 0, 1, 0), .Dim = c(4L, 
        2L), .Dimnames = list(c("-2", "-1", "0", "1"), c("C", 
        "T"))), N = 290)), `2` = structure(c(0, 2, 219, 0, 0, 
    0, 0, 0), .Dim = c(4L, 2L), .Dimnames = list(c("-2", "-1", 
    "0", "1"), c("C", "T"))))))
