Results <-
list(`bwa.out//20220204//Control30_S23.sam` = list(LR46_SNP1 = list(
    All = list(Freqs = structure(c(0L, 2L, 0L, 8L, 2918L, 1L, 
    0L, 10L, 0L), .Dim = c(3L, 3L), .Dimnames = structure(list(
        c("-1", "0", "1"), c("G", "T", NA)), .Names = c("", ""
    )), class = "table"), N = 2939L), Tag.Distribution = structure(c(`1` = 119L, 
    `2` = 39L, `3` = 31L, `4` = 34L, `5` = 20L, `6` = 20L, `7` = 26L, 
    `8` = 16L, `9` = 10L, `10` = 12L, `11` = 12L, `12` = 9L, 
    `13` = 5L, `14` = 3L, `15` = 6L, `16` = 7L, `17` = 8L, `18` = 8L, 
    `19` = 4L, `20` = 5L, `21` = 1L, `22` = 1L, `23` = 1L, `24` = 2L, 
    `25` = 1L, `26` = 2L, `27` = 1L, `28` = 3L, `29` = 2L, `32` = 4L, 
    `33` = 1L, `34` = 1L, `36` = 1L, `37` = 1L, `38` = 1L), .Dim = 35L, .Dimnames = list(
        TagUsage = c("1", "2", "3", "4", "5", "6", "7", "8", 
        "9", "10", "11", "12", "13", "14", "15", "16", "17", 
        "18", "19", "20", "21", "22", "23", "24", "25", "26", 
        "27", "28", "29", "32", "33", "34", "36", "37", "38")), class = "table"), 
    No.Tag = structure(c(0L, 0L, 0L, 0L, 1L, 97L, 0L, 0L, 0L, 
    4L, 0L, 0L), .Dim = 4:3, .Dimnames = structure(list(c("-1", 
    "0", "1", NA), c("G", "T", NA)), .Names = c("", "")), class = "table"), 
    All.Tags = list(Concordant = list(Freqs = structure(c(0, 
    2, 0, 1, 406, 0), .Dim = 3:2, .Dimnames = list(c("-1", "0", 
    "1"), c("G", "T"))), N = 409), Majority = list(Freqs = structure(c(0, 
    2, 0, 1, 413, 0), .Dim = 3:2, .Dimnames = list(c("-1", "0", 
    "1"), c("G", "T"))), N = 416)), `2` = structure(c(0, 0, 0, 
    0, 298, 0), .Dim = 3:2, .Dimnames = list(c("-1", "0", "1"
    ), c("G", "T"))))))
