Results <-
list(`bwa.out//20220204//BlindCMMRD127_S53.sam` = list(LR36_SNP1 = list(
    All = list(Freqs = structure(c(1L, 15L, 1231L, 6L, 9L, 1L, 
    25L, 1097L, 11L, 4L, 0L, 2L, 41L, 1L, 0L), .Dim = c(5L, 3L
    ), .Dimnames = structure(list(c("-2", "-1", "0", "1", NA), 
        c("A", "T", NA)), .Names = c("", "")), class = "table"), 
        N = 2444L), Tag.Distribution = structure(c(`1` = 69L, 
    `2` = 67L, `3` = 49L, `4` = 56L, `5` = 36L, `6` = 31L, `7` = 28L, 
    `8` = 23L, `9` = 17L, `10` = 13L, `11` = 8L, `12` = 11L, 
    `13` = 6L, `14` = 9L, `15` = 4L, `16` = 3L, `17` = 1L, `18` = 4L, 
    `19` = 1L, `21` = 2L, `22` = 1L, `23` = 1L, `24` = 1L, `25` = 1L, 
    `27` = 1L), .Dim = 25L, .Dimnames = list(TagUsage = c("1", 
    "2", "3", "4", "5", "6", "7", "8", "9", "10", "11", "12", 
    "13", "14", "15", "16", "17", "18", "19", "21", "22", "23", 
    "24", "25", "27")), class = "table"), No.Tag = structure(c(0L, 
    1L, 25L, 0L, 2L, 0L, 0L, 8L, 0L, 0L, 0L, 0L, 2L, 0L, 0L), .Dim = c(5L, 
    3L), .Dimnames = structure(list(c("-2", "-1", "0", "1", NA
    ), c("A", "T", NA)), .Names = c("", "")), class = "table"), 
    All.Tags = list(Concordant = list(Freqs = structure(c(0, 
    0, 195, 0, 0, 0, 183, 1), .Dim = c(4L, 2L), .Dimnames = list(
        c("-2", "-1", "0", "1"), c("A", "T"))), N = 379), Majority = list(
        Freqs = structure(c(0, 0, 219, 0, 0, 0, 218, 1), .Dim = c(4L, 
        2L), .Dimnames = list(c("-2", "-1", "0", "1"), c("A", 
        "T"))), N = 438)), `2` = structure(c(0, 0, 193, 0, 0, 
    0, 178, 0), .Dim = c(4L, 2L), .Dimnames = list(c("-2", "-1", 
    "0", "1"), c("A", "T"))))))
