Results <-
list(`bwa.out//20220204//BlindCMMRD121_S47.sam` = list(GM22_SNP1 = list(
    All = list(Freqs = structure(c(1L, 34L, 2913L, 6L, 1L, 4L, 
    0L, 31L, 2520L, 13L, 1L, 10L, 0L, 0L, 1L, 0L, 0L, 0L, 0L, 
    0L, 59L, 0L, 0L, 0L), .Dim = c(6L, 4L), .Dimnames = structure(list(
        c("-2", "-1", "0", "1", "2", NA), c("A", "G", "T", NA
        )), .Names = c("", "")), class = "table"), N = 5594L), 
    Tag.Distribution = structure(c(`1` = 228L, `2` = 180L, `3` = 169L, 
    `4` = 129L, `5` = 112L, `6` = 88L, `7` = 64L, `8` = 58L, 
    `9` = 37L, `10` = 32L, `11` = 26L, `12` = 16L, `13` = 12L, 
    `14` = 7L, `15` = 8L, `16` = 5L, `17` = 4L, `19` = 3L, `20` = 3L, 
    `22` = 1L, `25` = 2L, `26` = 1L), .Dim = 22L, .Dimnames = list(
        TagUsage = c("1", "2", "3", "4", "5", "6", "7", "8", 
        "9", "10", "11", "12", "13", "14", "15", "16", "17", 
        "19", "20", "22", "25", "26")), class = "table"), No.Tag = structure(c(0L, 
    0L, 56L, 1L, 0L, 0L, 0L, 2L, 48L, 0L, 0L, 3L, 0L, 0L, 0L, 
    0L, 0L, 0L, 0L, 0L, 5L, 0L, 0L, 0L), .Dim = c(6L, 4L), .Dimnames = structure(list(
        c("-2", "-1", "0", "1", "2", NA), c("A", "G", "T", NA
        )), .Names = c("", "")), class = "table"), All.Tags = list(
        Concordant = list(Freqs = structure(c(0, 2, 499, 0, 1, 
        0, 0, 477, 1, 0, 0, 0, 0, 0, 0), .Dim = c(5L, 3L), .Dimnames = list(
            c("-2", "-1", "0", "1", "2"), c("A", "G", "T"))), 
            N = 980), Majority = list(Freqs = structure(c(0, 
        2, 591, 0, 1, 0, 0, 560, 1, 0, 0, 0, 0, 0, 0), .Dim = c(5L, 
        3L), .Dimnames = list(c("-2", "-1", "0", "1", "2"), c("A", 
        "G", "T"))), N = 1155)), `2` = structure(c(0, 0, 492, 
    0, 0, 0, 0, 441, 0, 0, 0, 0, 0, 0, 0), .Dim = c(5L, 3L), .Dimnames = list(
        c("-2", "-1", "0", "1", "2"), c("A", "G", "T"))))))
