Results <-
list(`bwa.out//20220204//BlindCMMRD51_S11.sam` = list(GM07_SNP1 = list(
    All = list(Freqs = structure(c(0L, 3L, 85L, 1667L, 31L, 0L, 
    29L, 1L, 2L, 87L, 1639L, 67L, 3L, 36L, 0L, 0L, 4L, 45L, 3L, 
    0L, 0L), .Dim = c(7L, 3L), .Dimnames = structure(list(c("-3", 
    "-2", "-1", "0", "1", "2", NA), c("A", "G", NA)), .Names = c("", 
    "")), class = "table"), N = 3702L), Tag.Distribution = structure(c(`1` = 63L, 
    `2` = 30L, `3` = 23L, `4` = 18L, `5` = 15L, `6` = 22L, `7` = 16L, 
    `8` = 18L, `9` = 8L, `10` = 6L, `11` = 7L, `12` = 15L, `13` = 11L, 
    `14` = 10L, `15` = 10L, `16` = 3L, `17` = 5L, `18` = 4L, 
    `19` = 4L, `20` = 3L, `21` = 4L, `22` = 3L, `23` = 4L, `24` = 4L, 
    `25` = 5L, `26` = 2L, `27` = 4L, `28` = 5L, `29` = 1L, `30` = 3L, 
    `31` = 5L, `33` = 2L, `36` = 4L, `37` = 2L, `38` = 2L, `39` = 1L, 
    `41` = 1L, `45` = 2L, `51` = 1L), .Dim = 39L, .Dimnames = list(
        TagUsage = c("1", "2", "3", "4", "5", "6", "7", "8", 
        "9", "10", "11", "12", "13", "14", "15", "16", "17", 
        "18", "19", "20", "21", "22", "23", "24", "25", "26", 
        "27", "28", "29", "30", "31", "33", "36", "37", "38", 
        "39", "41", "45", "51")), class = "table"), No.Tag = structure(c(0L, 
    0L, 4L, 99L, 1L, 0L, 7L, 0L, 0L, 2L, 65L, 4L, 0L, 7L, 0L, 
    0L, 0L, 5L, 0L, 0L, 0L), .Dim = c(7L, 3L), .Dimnames = structure(list(
        c("-3", "-2", "-1", "0", "1", "2", NA), c("A", "G", NA
        )), .Names = c("", "")), class = "table"), All.Tags = list(
        Concordant = list(Freqs = structure(c(0, 0, 2, 99, 0, 
        0, 0, 0, 3, 108, 1, 0), .Dim = c(6L, 2L), .Dimnames = list(
            c("-3", "-2", "-1", "0", "1", "2"), c("A", "G"))), 
            N = 213), Majority = list(Freqs = structure(c(0, 
        0, 2, 160, 0, 0, 0, 0, 4, 165, 4, 0), .Dim = c(6L, 2L
        ), .Dimnames = list(c("-3", "-2", "-1", "0", "1", "2"
        ), c("A", "G"))), N = 335)), `2` = structure(c(0, 0, 
    1, 136, 0, 0, 0, 0, 3, 135, 3, 0), .Dim = c(6L, 2L), .Dimnames = list(
        c("-3", "-2", "-1", "0", "1", "2"), c("A", "G"))))))
