Results <-
list(`bwa.out//20220204//BlindCMMRD114_S40.sam` = list(LR52_SNP1 = list(
    All = list(Freqs = structure(c(40L, 378L, 3827L, 45L, 0L, 
    20L, 0L, 0L, 2L, 0L, 0L, 0L, 0L, 5L, 250L, 2L, 1L, 0L), .Dim = c(6L, 
    3L), .Dimnames = structure(list(c("-2", "-1", "0", "1", "2", 
    NA), c("C", "T", NA)), .Names = c("", "")), class = "table"), 
        N = 4570L), Tag.Distribution = structure(c(`1` = 70L, 
    `2` = 41L, `3` = 54L, `4` = 52L, `5` = 76L, `6` = 54L, `7` = 54L, 
    `8` = 37L, `9` = 50L, `10` = 28L, `11` = 25L, `12` = 23L, 
    `13` = 20L, `14` = 15L, `15` = 13L, `16` = 4L, `17` = 6L, 
    `18` = 8L, `19` = 3L, `20` = 3L, `21` = 4L, `22` = 3L, `25` = 2L, 
    `27` = 1L, `29` = 1L), .Dim = 25L, .Dimnames = list(TagUsage = c("1", 
    "2", "3", "4", "5", "6", "7", "8", "9", "10", "11", "12", 
    "13", "14", "15", "16", "17", "18", "19", "20", "21", "22", 
    "25", "27", "29")), class = "table"), No.Tag = structure(c(1L, 
    2L, 36L, 0L, 0L, 0L, 0L, 0L, 0L, 0L, 0L, 0L, 0L, 0L, 2L, 
    0L, 0L, 0L), .Dim = c(6L, 3L), .Dimnames = structure(list(
        c("-2", "-1", "0", "1", "2", NA), c("C", "T", NA)), .Names = c("", 
    "")), class = "table"), All.Tags = list(Concordant = list(
        Freqs = structure(c(1, 7, 358, 3, 0, 0, 0, 2, 0, 0), .Dim = c(5L, 
        2L), .Dimnames = list(c("-2", "-1", "0", "1", "2"), c("C", 
        "T"))), N = 371), Majority = list(Freqs = structure(c(2, 
    17, 597, 4, 0, 0, 0, 2, 0, 0), .Dim = c(5L, 2L), .Dimnames = list(
        c("-2", "-1", "0", "1", "2"), c("C", "T"))), N = 622)), 
    `2` = structure(c(1, 13, 546, 1, 0, 0, 0, 0, 0, 0), .Dim = c(5L, 
    2L), .Dimnames = list(c("-2", "-1", "0", "1", "2"), c("C", 
    "T"))))))
