Results <-
list(`bwa.out//20220204//BlindCMMRD60_S19.sam` = list(GM01_SNP1 = list(
    All = list(Freqs = structure(c(64L, 6579L, 30L, 9L, 0L, 33L, 
    0L, 0L, 0L, 2L, 0L, 0L, 2L, 85L, 3L, 0L), .Dim = c(4L, 4L
    ), .Dimnames = structure(list(c("-1", "0", "1", NA), c("A", 
    "G", "T", NA)), .Names = c("", "")), class = "table"), N = 6807L), 
    Tag.Distribution = structure(c(`1` = 151L, `2` = 53L, `3` = 46L, 
    `4` = 38L, `5` = 36L, `6` = 35L, `7` = 41L, `8` = 42L, `9` = 35L, 
    `10` = 24L, `11` = 21L, `12` = 25L, `13` = 13L, `14` = 17L, 
    `15` = 20L, `16` = 18L, `17` = 19L, `18` = 15L, `19` = 19L, 
    `20` = 11L, `21` = 12L, `22` = 11L, `23` = 10L, `24` = 7L, 
    `25` = 3L, `26` = 4L, `27` = 4L, `28` = 1L, `29` = 1L, `30` = 4L, 
    `31` = 4L, `32` = 1L, `33` = 1L, `34` = 1L, `35` = 2L, `36` = 1L, 
    `38` = 3L, `39` = 1L, `44` = 1L, `47` = 1L), .Dim = 40L, .Dimnames = list(
        TagUsage = c("1", "2", "3", "4", "5", "6", "7", "8", 
        "9", "10", "11", "12", "13", "14", "15", "16", "17", 
        "18", "19", "20", "21", "22", "23", "24", "25", "26", 
        "27", "28", "29", "30", "31", "32", "33", "34", "35", 
        "36", "38", "39", "44", "47")), class = "table"), No.Tag = structure(c(0L, 
    56L, 0L, 2L, 0L, 2L, 0L, 0L, 0L, 0L, 0L, 0L, 0L, 3L, 0L, 
    0L), .Dim = c(4L, 4L), .Dimnames = structure(list(c("-1", 
    "0", "1", NA), c("A", "G", "T", NA)), .Names = c("", "")), class = "table"), 
    All.Tags = list(Concordant = list(Freqs = structure(c(1, 
    630, 0, 0, 21, 0, 0, 0, 0), .Dim = c(3L, 3L), .Dimnames = list(
        c("-1", "0", "1"), c("A", "G", "T"))), N = 652), Majority = list(
        Freqs = structure(c(1, 723, 0, 0, 21, 0, 0, 0, 0), .Dim = c(3L, 
        3L), .Dimnames = list(c("-1", "0", "1"), c("A", "G", 
        "T"))), N = 745)), `2` = structure(c(0, 599, 0, 0, 1, 
    0, 0, 0, 0), .Dim = c(3L, 3L), .Dimnames = list(c("-1", "0", 
    "1"), c("A", "G", "T"))))))
