Results <-
list(`bwa.out//20220204//BlindCMMRD70_S29.sam` = list(LR44_SNP1 = list(
    All = list(Freqs = structure(c(4L, 159L, 2311L, 48L, 9L, 
    13L, 258L, 2954L, 42L, 13L, 1L, 8L, 96L, 4L, 0L), .Dim = c(5L, 
    3L), .Dimnames = structure(list(c("-2", "-1", "0", "1", NA
    ), c("C", "T", NA)), .Names = c("", "")), class = "table"), 
        N = 5920L), Tag.Distribution = structure(c(`1` = 121L, 
    `2` = 57L, `3` = 43L, `4` = 55L, `5` = 35L, `6` = 31L, `7` = 28L, 
    `8` = 24L, `9` = 23L, `10` = 14L, `11` = 23L, `12` = 16L, 
    `13` = 27L, `14` = 16L, `15` = 15L, `16` = 15L, `17` = 6L, 
    `18` = 14L, `19` = 9L, `20` = 9L, `21` = 6L, `22` = 4L, `23` = 3L, 
    `24` = 5L, `25` = 2L, `26` = 2L, `27` = 4L, `28` = 5L, `29` = 6L, 
    `30` = 5L, `31` = 6L, `32` = 1L, `33` = 3L, `34` = 1L, `35` = 1L, 
    `38` = 2L, `39` = 3L, `41` = 1L, `45` = 1L, `47` = 2L, `51` = 1L, 
    `56` = 1L), .Dim = 42L, .Dimnames = list(TagUsage = c("1", 
    "2", "3", "4", "5", "6", "7", "8", "9", "10", "11", "12", 
    "13", "14", "15", "16", "17", "18", "19", "20", "21", "22", 
    "23", "24", "25", "26", "27", "28", "29", "30", "31", "32", 
    "33", "34", "35", "38", "39", "41", "45", "47", "51", "56"
    )), class = "table"), No.Tag = structure(c(0L, 6L, 22L, 2L, 
    0L, 0L, 4L, 61L, 3L, 2L, 0L, 0L, 7L, 0L, 0L), .Dim = c(5L, 
    3L), .Dimnames = structure(list(c("-2", "-1", "0", "1", NA
    ), c("C", "T", NA)), .Names = c("", "")), class = "table"), 
    All.Tags = list(Concordant = list(Freqs = structure(c(0, 
    4, 183, 2, 0, 3, 179, 0), .Dim = c(4L, 2L), .Dimnames = list(
        c("-2", "-1", "0", "1"), c("C", "T"))), N = 371), Majority = list(
        Freqs = structure(c(0, 6, 281, 2, 0, 8, 324, 0), .Dim = c(4L, 
        2L), .Dimnames = list(c("-2", "-1", "0", "1"), c("C", 
        "T"))), N = 621)), `2` = structure(c(0, 2, 232, 0, 0, 
    7, 267, 0), .Dim = c(4L, 2L), .Dimnames = list(c("-2", "-1", 
    "0", "1"), c("C", "T"))))))
