Results <-
list(`bwa.out//20220204//MLPA101_S15.sam` = list(LR52_SNP1 = list(
    All = list(Freqs = structure(c(0L, 0L, 1L, 0L, 0L, 13L, 223L, 
    2500L, 30L, 11L, 1L, 3L, 149L, 5L, 0L), .Dim = c(5L, 3L), .Dimnames = structure(list(
        c("-2", "-1", "0", "1", NA), c("C", "T", NA)), .Names = c("", 
    "")), class = "table"), N = 2936L), Tag.Distribution = structure(c(`1` = 94L, 
    `2` = 42L, `3` = 32L, `4` = 36L, `5` = 42L, `6` = 25L, `7` = 15L, 
    `8` = 11L, `9` = 14L, `10` = 13L, `11` = 13L, `12` = 10L, 
    `13` = 3L, `14` = 5L, `15` = 7L, `16` = 12L, `17` = 6L, `18` = 4L, 
    `19` = 3L, `20` = 1L, `21` = 2L, `22` = 3L, `23` = 6L, `24` = 1L, 
    `25` = 3L, `26` = 1L, `27` = 1L, `28` = 1L, `29` = 2L, `32` = 1L, 
    `34` = 2L, `35` = 1L, `36` = 1L, `37` = 1L, `39` = 1L), .Dim = 35L, .Dimnames = list(
        TagUsage = c("1", "2", "3", "4", "5", "6", "7", "8", 
        "9", "10", "11", "12", "13", "14", "15", "16", "17", 
        "18", "19", "20", "21", "22", "23", "24", "25", "26", 
        "27", "28", "29", "32", "34", "35", "36", "37", "39")), class = "table"), 
    No.Tag = structure(c(0L, 0L, 0L, 0L, 0L, 0L, 4L, 50L, 0L, 
    0L, 0L, 0L, 4L, 0L, 0L), .Dim = c(5L, 3L), .Dimnames = structure(list(
        c("-2", "-1", "0", "1", NA), c("C", "T", NA)), .Names = c("", 
    "")), class = "table"), All.Tags = list(Concordant = list(
        Freqs = structure(c(0, 0, 1, 0, 0, 5, 249, 7), .Dim = c(4L, 
        2L), .Dimnames = list(c("-2", "-1", "0", "1"), c("C", 
        "T"))), N = 262), Majority = list(Freqs = structure(c(0, 
    0, 1, 0, 0, 10, 385, 7), .Dim = c(4L, 2L), .Dimnames = list(
        c("-2", "-1", "0", "1"), c("C", "T"))), N = 403)), `2` = structure(c(0, 
    0, 0, 0, 0, 6, 311, 0), .Dim = c(4L, 2L), .Dimnames = list(
        c("-2", "-1", "0", "1"), c("C", "T"))))))
