Results <-
list(`bwa.out//20220204//BlindCMMRD61_S20.sam` = list(GM26_SNP1 = list(
    All = list(Freqs = structure(c(0L, 12L, 2137L, 20L, 1L, 1L, 
    13L, 2526L, 7L, 5L, 0L, 1L, 38L, 0L, 0L), .Dim = c(5L, 3L
    ), .Dimnames = structure(list(c("-2", "-1", "0", "1", NA), 
        c("A", "G", NA)), .Names = c("", "")), class = "table"), 
        N = 4761L), Tag.Distribution = structure(c(`1` = 95L, 
    `2` = 49L, `3` = 35L, `4` = 33L, `5` = 33L, `6` = 25L, `7` = 30L, 
    `8` = 18L, `9` = 19L, `10` = 12L, `11` = 16L, `12` = 21L, 
    `13` = 16L, `14` = 9L, `15` = 11L, `16` = 5L, `17` = 11L, 
    `18` = 9L, `19` = 7L, `20` = 4L, `21` = 6L, `22` = 8L, `23` = 9L, 
    `24` = 4L, `25` = 6L, `26` = 2L, `27` = 7L, `28` = 4L, `29` = 2L, 
    `30` = 4L, `31` = 2L, `32` = 1L, `33` = 4L, `34` = 1L, `35` = 1L, 
    `37` = 1L, `48` = 1L, `51` = 1L, `56` = 1L), .Dim = 39L, .Dimnames = list(
        TagUsage = c("1", "2", "3", "4", "5", "6", "7", "8", 
        "9", "10", "11", "12", "13", "14", "15", "16", "17", 
        "18", "19", "20", "21", "22", "23", "24", "25", "26", 
        "27", "28", "29", "30", "31", "32", "33", "34", "35", 
        "37", "48", "51", "56")), class = "table"), No.Tag = structure(c(0L, 
    0L, 8L, 0L, 0L, 0L, 0L, 20L, 0L, 0L, 0L, 0L, 1L, 0L, 0L), .Dim = c(5L, 
    3L), .Dimnames = structure(list(c("-2", "-1", "0", "1", NA
    ), c("A", "G", NA)), .Names = c("", "")), class = "table"), 
    All.Tags = list(Concordant = list(Freqs = structure(c(0, 
    0, 217, 0, 0, 0, 252, 1), .Dim = c(4L, 2L), .Dimnames = list(
        c("-2", "-1", "0", "1"), c("A", "G"))), N = 470), Majority = list(
        Freqs = structure(c(0, 0, 237, 1, 0, 0, 278, 1), .Dim = c(4L, 
        2L), .Dimnames = list(c("-2", "-1", "0", "1"), c("A", 
        "G"))), N = 517)), `2` = structure(c(0, 0, 192, 1, 0, 
    0, 232, 0), .Dim = c(4L, 2L), .Dimnames = list(c("-2", "-1", 
    "0", "1"), c("A", "G"))))))
