Results <-
list(`bwa.out//20220204//Control16_S9.sam` = list(LR49_SNP1 = list(
    All = list(Freqs = structure(c(1310L, 0L, 1290L, 2L, 26L, 
    0L), .Dim = 2:3, .Dimnames = structure(list(c("0", NA), c("A", 
    "G", NA)), .Names = c("", "")), class = "table"), N = 2628L), 
    Tag.Distribution = structure(c(`1` = 120L, `2` = 48L, `3` = 42L, 
    `4` = 41L, `5` = 24L, `6` = 30L, `7` = 19L, `8` = 11L, `9` = 16L, 
    `10` = 18L, `11` = 13L, `12` = 13L, `13` = 7L, `14` = 7L, 
    `15` = 4L, `16` = 4L, `18` = 5L, `20` = 3L, `21` = 2L, `22` = 1L, 
    `23` = 2L, `24` = 2L, `25` = 2L, `29` = 1L, `30` = 1L, `35` = 1L
    ), .Dim = 26L, .Dimnames = list(TagUsage = c("1", "2", "3", 
    "4", "5", "6", "7", "8", "9", "10", "11", "12", "13", "14", 
    "15", "16", "18", "20", "21", "22", "23", "24", "25", "29", 
    "30", "35")), class = "table"), No.Tag = structure(c(86L, 
    0L, 120L, 1L, 6L, 0L), .Dim = 2:3, .Dimnames = structure(list(
        c("0", NA), c("A", "G", NA)), .Names = c("", "")), class = "table"), 
    All.Tags = list(Concordant = list(Freqs = structure(c(205, 
    210), .Dim = 1:2, .Dimnames = list("0", c("A", "G"))), N = 415), 
        Majority = list(Freqs = structure(c(214, 216), .Dim = 1:2, .Dimnames = list(
            "0", c("A", "G"))), N = 430)), `2` = structure(c(160, 
    155), .Dim = 1:2, .Dimnames = list("0", c("A", "G"))))))
