Results <-
list(`bwa.out//20220204//BlindCMMRD119_S45.sam` = list(LR40_SNP1 = list(
    All = list(Freqs = structure(c(0L, 0L, 2L, 0L, 0L, 1L, 38L, 
    3287L, 4L, 3L, 0L, 0L, 2L, 0L, 0L, 0L, 0L, 6L, 0L, 0L), .Dim = 5:4, .Dimnames = structure(list(
        c("-2", "-1", "0", "1", NA), c("A", "C", "T", NA)), .Names = c("", 
    "")), class = "table"), N = 3343L), Tag.Distribution = structure(c(`1` = 172L, 
    `2` = 108L, `3` = 101L, `4` = 77L, `5` = 58L, `6` = 57L, 
    `7` = 26L, `8` = 31L, `9` = 17L, `10` = 17L, `11` = 13L, 
    `12` = 11L, `13` = 2L, `14` = 6L, `15` = 4L, `16` = 2L, `17` = 4L, 
    `18` = 4L, `19` = 3L, `20` = 2L, `21` = 1L, `22` = 1L, `23` = 1L, 
    `25` = 1L, `26` = 1L), .Dim = 25L, .Dimnames = list(TagUsage = c("1", 
    "2", "3", "4", "5", "6", "7", "8", "9", "10", "11", "12", 
    "13", "14", "15", "16", "17", "18", "19", "20", "21", "22", 
    "23", "25", "26")), class = "table"), No.Tag = structure(c(0L, 
    0L, 0L, 0L, 0L, 0L, 1L, 126L, 0L, 0L, 0L, 0L, 1L, 0L, 0L, 
    0L, 0L, 0L, 0L, 0L), .Dim = 5:4, .Dimnames = structure(list(
        c("-2", "-1", "0", "1", NA), c("A", "C", "T", NA)), .Names = c("", 
    "")), class = "table"), All.Tags = list(Concordant = list(
        Freqs = structure(c(0, 0, 1, 0, 0, 4, 675, 0, 0, 0, 0, 
        0), .Dim = 4:3, .Dimnames = list(c("-2", "-1", "0", "1"
        ), c("A", "C", "T"))), N = 680), Majority = list(Freqs = structure(c(0, 
    0, 1, 0, 0, 4, 707, 0, 0, 0, 0, 0), .Dim = 4:3, .Dimnames = list(
        c("-2", "-1", "0", "1"), c("A", "C", "T"))), N = 712)), 
    `2` = structure(c(0, 0, 0, 0, 0, 0, 542, 0, 0, 0, 0, 0), .Dim = 4:3, .Dimnames = list(
        c("-2", "-1", "0", "1"), c("A", "C", "T"))))))
