Results <-
list(`bwa.out//20220204//Control16_S9.sam` = list(IM16_SNP1 = list(
    All = list(Freqs = structure(c(13L, 1669L, 32L, 2L, 3L, 10L, 
    1257L, 14L, 0L, 2L, 1L, 42L, 2L, 0L, 0L), .Dim = c(5L, 3L
    ), .Dimnames = structure(list(c("-1", "0", "1", "2", NA), 
        c("A", "G", NA)), .Names = c("", "")), class = "table"), 
        N = 3047L), Tag.Distribution = structure(c(`1` = 123L, 
    `2` = 67L, `3` = 45L, `4` = 35L, `5` = 27L, `6` = 28L, `7` = 27L, 
    `8` = 17L, `9` = 15L, `10` = 13L, `11` = 6L, `12` = 8L, `13` = 3L, 
    `14` = 5L, `15` = 8L, `16` = 8L, `17` = 5L, `18` = 2L, `19` = 5L, 
    `20` = 4L, `21` = 6L, `23` = 3L, `24` = 2L, `25` = 3L, `27` = 1L, 
    `28` = 1L, `30` = 3L, `31` = 1L, `38` = 1L, `39` = 1L, `42` = 2L, 
    `45` = 1L), .Dim = 32L, .Dimnames = list(TagUsage = c("1", 
    "2", "3", "4", "5", "6", "7", "8", "9", "10", "11", "12", 
    "13", "14", "15", "16", "17", "18", "19", "20", "21", "23", 
    "24", "25", "27", "28", "30", "31", "38", "39", "42", "45"
    )), class = "table"), No.Tag = structure(c(0L, 49L, 3L, 0L, 
    0L, 0L, 47L, 0L, 0L, 0L, 0L, 7L, 1L, 0L, 0L), .Dim = c(5L, 
    3L), .Dimnames = structure(list(c("-1", "0", "1", "2", NA
    ), c("A", "G", NA)), .Names = c("", "")), class = "table"), 
    All.Tags = list(Concordant = list(Freqs = structure(c(1, 
    216, 1, 0, 1, 188, 2, 0), .Dim = c(4L, 2L), .Dimnames = list(
        c("-1", "0", "1", "2"), c("A", "G"))), N = 409), Majority = list(
        Freqs = structure(c(1, 250, 1, 0, 1, 207, 2, 0), .Dim = c(4L, 
        2L), .Dimnames = list(c("-1", "0", "1", "2"), c("A", 
        "G"))), N = 462)), `2` = structure(c(0, 188, 0, 0, 0, 
    157, 1, 0), .Dim = c(4L, 2L), .Dimnames = list(c("-1", "0", 
    "1", "2"), c("A", "G"))))))
