Results <-
list(`bwa.out//20220204//BlindCMMRD69_S28.sam` = list(LR36_SNP1 = list(
    All = list(Freqs = structure(c(0L, 1L, 9L, 0L, 0L, 0L, 0L, 
    1L, 0L, 0L, 1L, 66L, 2532L, 25L, 13L, 0L, 4L, 141L, 3L, 0L
    ), .Dim = 5:4, .Dimnames = structure(list(c("-2", "-1", "0", 
    "1", NA), c("A", "G", "T", NA)), .Names = c("", "")), class = "table"), 
        N = 2796L), Tag.Distribution = structure(c(`1` = 80L, 
    `2` = 39L, `3` = 30L, `4` = 40L, `5` = 30L, `6` = 26L, `7` = 24L, 
    `8` = 25L, `9` = 23L, `10` = 12L, `11` = 8L, `12` = 9L, `13` = 11L, 
    `14` = 5L, `15` = 5L, `16` = 8L, `17` = 7L, `18` = 2L, `19` = 3L, 
    `20` = 4L, `21` = 5L, `23` = 3L, `24` = 3L, `26` = 1L, `27` = 1L, 
    `28` = 1L, `37` = 1L), .Dim = 27L, .Dimnames = list(TagUsage = c("1", 
    "2", "3", "4", "5", "6", "7", "8", "9", "10", "11", "12", 
    "13", "14", "15", "16", "17", "18", "19", "20", "21", "23", 
    "24", "26", "27", "28", "37")), class = "table"), No.Tag = structure(c(0L, 
    0L, 2L, 0L, 0L, 0L, 0L, 0L, 0L, 0L, 0L, 1L, 101L, 2L, 2L, 
    0L, 0L, 11L, 0L, 0L), .Dim = 5:4, .Dimnames = structure(list(
        c("-2", "-1", "0", "1", NA), c("A", "G", "T", NA)), .Names = c("", 
    "")), class = "table"), All.Tags = list(Concordant = list(
        Freqs = structure(c(0, 1, 3, 0, 0, 0, 0, 0, 0, 3, 325, 
        1), .Dim = 4:3, .Dimnames = list(c("-2", "-1", "0", "1"
        ), c("A", "G", "T"))), N = 333), Majority = list(Freqs = structure(c(0, 
    1, 3, 0, 0, 0, 0, 0, 0, 3, 388, 1), .Dim = 4:3, .Dimnames = list(
        c("-2", "-1", "0", "1"), c("A", "G", "T"))), N = 396)), 
    `2` = structure(c(0, 0, 0, 0, 0, 0, 0, 0, 0, 2, 320, 0), .Dim = 4:3, .Dimnames = list(
        c("-2", "-1", "0", "1"), c("A", "G", "T"))))))
