Results <-
list(`bwa.out//20220204//17D0944_S7.sam` = list(LR20_SNP1 = list(
    All = list(Freqs = structure(c(3L, 2009L, 2L, 1L, 5L, 2198L, 
    2L, 2L, 0L, 32L, 0L, 0L), .Dim = 4:3, .Dimnames = structure(list(
        c("-1", "0", "1", NA), c("A", "G", NA)), .Names = c("", 
    "")), class = "table"), N = 4254L), Tag.Distribution = structure(c(`1` = 126L, 
    `2` = 68L, `3` = 29L, `4` = 41L, `5` = 28L, `6` = 20L, `7` = 22L, 
    `8` = 21L, `9` = 20L, `10` = 18L, `11` = 16L, `12` = 22L, 
    `13` = 9L, `14` = 9L, `15` = 11L, `16` = 10L, `17` = 6L, 
    `18` = 6L, `19` = 4L, `20` = 2L, `21` = 5L, `22` = 6L, `23` = 6L, 
    `25` = 6L, `26` = 6L, `27` = 4L, `28` = 1L, `29` = 1L, `31` = 1L, 
    `32` = 2L, `34` = 4L, `36` = 2L, `38` = 1L, `41` = 1L, `44` = 2L, 
    `70` = 1L), .Dim = 36L, .Dimnames = list(TagUsage = c("1", 
    "2", "3", "4", "5", "6", "7", "8", "9", "10", "11", "12", 
    "13", "14", "15", "16", "17", "18", "19", "20", "21", "22", 
    "23", "25", "26", "27", "28", "29", "31", "32", "34", "36", 
    "38", "41", "44", "70")), class = "table"), No.Tag = structure(c(0L, 
    41L, 0L, 0L, 0L, 33L, 0L, 0L, 0L, 5L, 0L, 0L), .Dim = 4:3, .Dimnames = structure(list(
        c("-1", "0", "1", NA), c("A", "G", NA)), .Names = c("", 
    "")), class = "table"), All.Tags = list(Concordant = list(
        Freqs = structure(c(1, 244, 0, 0, 241, 0), .Dim = 3:2, .Dimnames = list(
            c("-1", "0", "1"), c("A", "G"))), N = 486), Majority = list(
        Freqs = structure(c(1, 257, 0, 0, 265, 0), .Dim = 3:2, .Dimnames = list(
            c("-1", "0", "1"), c("A", "G"))), N = 523)), `2` = structure(c(0, 
    199, 0, 0, 205, 0), .Dim = 3:2, .Dimnames = list(c("-1", 
    "0", "1"), c("A", "G"))))))
