Results <-
list(`bwa.out//20220204//BlindCMMRD111_S37.sam` = list(LR44_SNP1 = list(
    All = list(Freqs = structure(c(9L, 153L, 2528L, 37L, 10L, 
    7L, 195L, 2446L, 39L, 19L, 0L, 4L, 52L, 1L, 0L), .Dim = c(5L, 
    3L), .Dimnames = structure(list(c("-2", "-1", "0", "1", NA
    ), c("C", "T", NA)), .Names = c("", "")), class = "table"), 
        N = 5500L), Tag.Distribution = structure(c(`1` = 294L, 
    `2` = 217L, `3` = 211L, `4` = 155L, `5` = 120L, `6` = 79L, 
    `7` = 67L, `8` = 53L, `9` = 38L, `10` = 23L, `11` = 19L, 
    `12` = 16L, `13` = 7L, `14` = 4L, `15` = 6L, `16` = 3L, `17` = 5L, 
    `18` = 3L, `19` = 1L, `20` = 2L, `23` = 1L), .Dim = 21L, .Dimnames = list(
        TagUsage = c("1", "2", "3", "4", "5", "6", "7", "8", 
        "9", "10", "11", "12", "13", "14", "15", "16", "17", 
        "18", "19", "20", "23")), class = "table"), No.Tag = structure(c(0L, 
    3L, 30L, 0L, 0L, 1L, 0L, 32L, 1L, 1L, 0L, 0L, 5L, 0L, 0L), .Dim = c(5L, 
    3L), .Dimnames = structure(list(c("-2", "-1", "0", "1", NA
    ), c("C", "T", NA)), .Names = c("", "")), class = "table"), 
    All.Tags = list(Concordant = list(Freqs = structure(c(1, 
    14, 445, 2, 0, 8, 428, 3), .Dim = c(4L, 2L), .Dimnames = list(
        c("-2", "-1", "0", "1"), c("C", "T"))), N = 901), Majority = list(
        Freqs = structure(c(1, 17, 608, 2, 0, 11, 623, 3), .Dim = c(4L, 
        2L), .Dimnames = list(c("-2", "-1", "0", "1"), c("C", 
        "T"))), N = 1265)), `2` = structure(c(0, 6, 487, 0, 0, 
    6, 478, 0), .Dim = c(4L, 2L), .Dimnames = list(c("-2", "-1", 
    "0", "1"), c("C", "T"))))))
