Results <-
list(`bwa.out//20220204//BlindCMMRD85_S44.sam` = list(LR10_SNP1 = list(
    All = list(Freqs = structure(c(0L, 2L, 0L, 0L, 43L, 3885L, 
    19L, 2L, 2L, 36L, 0L, 0L), .Dim = 4:3, .Dimnames = structure(list(
        c("-1", "0", "1", NA), c("C", "T", NA)), .Names = c("", 
    "")), class = "table"), N = 3989L), Tag.Distribution = structure(c(`1` = 115L, 
    `2` = 63L, `3` = 54L, `4` = 55L, `5` = 34L, `6` = 22L, `7` = 30L, 
    `8` = 22L, `9` = 30L, `10` = 13L, `11` = 16L, `12` = 14L, 
    `13` = 12L, `14` = 10L, `15` = 13L, `16` = 7L, `17` = 11L, 
    `18` = 8L, `19` = 5L, `20` = 4L, `21` = 3L, `22` = 4L, `23` = 2L, 
    `24` = 4L, `25` = 4L, `26` = 3L, `27` = 2L, `28` = 1L, `30` = 1L, 
    `36` = 1L, `41` = 1L, `50` = 1L), .Dim = 32L, .Dimnames = list(
        TagUsage = c("1", "2", "3", "4", "5", "6", "7", "8", 
        "9", "10", "11", "12", "13", "14", "15", "16", "17", 
        "18", "19", "20", "21", "22", "23", "24", "25", "26", 
        "27", "28", "30", "36", "41", "50")), class = "table"), 
    No.Tag = structure(c(0L, 0L, 0L, 0L, 1L, 107L, 1L, 0L, 0L, 
    6L, 0L, 0L), .Dim = 4:3, .Dimnames = structure(list(c("-1", 
    "0", "1", NA), c("C", "T", NA)), .Names = c("", "")), class = "table"), 
    All.Tags = list(Concordant = list(Freqs = structure(c(0, 
    0, 0, 0, 505, 1), .Dim = 3:2, .Dimnames = list(c("-1", "0", 
    "1"), c("C", "T"))), N = 506), Majority = list(Freqs = structure(c(0, 
    0, 0, 0, 560, 2), .Dim = 3:2, .Dimnames = list(c("-1", "0", 
    "1"), c("C", "T"))), N = 562)), `2` = structure(c(0, 0, 0, 
    0, 449, 1), .Dim = 3:2, .Dimnames = list(c("-1", "0", "1"
    ), c("C", "T"))))))
