Results <-
list(`bwa.out//20220204//BlindCMMRD76_S35.sam` = list(LR49_SNP1 = list(
    All = list(Freqs = structure(c(0L, 1L, 0L, 0L, 27L, 3649L, 
    1L, 4L, 0L, 13L, 0L, 0L), .Dim = 4:3, .Dimnames = structure(list(
        c("-1", "0", "1", NA), c("A", "G", NA)), .Names = c("", 
    "")), class = "table"), N = 3695L), Tag.Distribution = structure(c(`1` = 72L, 
    `2` = 45L, `3` = 39L, `4` = 28L, `5` = 25L, `6` = 27L, `7` = 31L, 
    `8` = 30L, `9` = 21L, `10` = 9L, `11` = 14L, `12` = 16L, 
    `13` = 14L, `14` = 11L, `15` = 7L, `16` = 7L, `17` = 14L, 
    `18` = 9L, `19` = 4L, `20` = 1L, `21` = 4L, `22` = 3L, `23` = 2L, 
    `24` = 4L, `25` = 1L, `26` = 4L, `27` = 5L, `28` = 1L, `29` = 1L, 
    `31` = 1L, `33` = 2L, `38` = 1L), .Dim = 32L, .Dimnames = list(
        TagUsage = c("1", "2", "3", "4", "5", "6", "7", "8", 
        "9", "10", "11", "12", "13", "14", "15", "16", "17", 
        "18", "19", "20", "21", "22", "23", "24", "25", "26", 
        "27", "28", "29", "31", "33", "38")), class = "table"), 
    No.Tag = structure(c(0L, 1L, 0L, 0L, 0L, 133L, 0L, 2L, 0L, 
    2L, 0L, 0L), .Dim = 4:3, .Dimnames = structure(list(c("-1", 
    "0", "1", NA), c("A", "G", NA)), .Names = c("", "")), class = "table"), 
    All.Tags = list(Concordant = list(Freqs = structure(c(0, 
    0, 0, 3, 442, 0), .Dim = 3:2, .Dimnames = list(c("-1", "0", 
    "1"), c("A", "G"))), N = 445), Majority = list(Freqs = structure(c(0, 
    0, 0, 3, 449, 0), .Dim = 3:2, .Dimnames = list(c("-1", "0", 
    "1"), c("A", "G"))), N = 452)), `2` = structure(c(0, 0, 0, 
    3, 378, 0), .Dim = 3:2, .Dimnames = list(c("-1", "0", "1"
    ), c("A", "G"))))))
