Results <-
list(`bwa.out//20220204//BlindCMMRD80_S39.sam` = list(LR36_SNP1 = list(
    All = list(Freqs = structure(c(1L, 0L, 1L, 31L, 1308L, 7L, 
    14L, 0L, 1L, 3L, 23L, 1188L, 10L, 7L, 0L, 0L, 0L, 0L, 83L, 
    0L, 0L), .Dim = c(7L, 3L), .Dimnames = structure(list(c("-4", 
    "-3", "-2", "-1", "0", "1", NA), c("A", "T", NA)), .Names = c("", 
    "")), class = "table"), N = 2677L), Tag.Distribution = structure(c(`1` = 110L, 
    `2` = 70L, `3` = 39L, `4` = 38L, `5` = 45L, `6` = 36L, `7` = 28L, 
    `8` = 20L, `9` = 13L, `10` = 22L, `11` = 11L, `12` = 14L, 
    `13` = 6L, `14` = 7L, `15` = 5L, `16` = 3L, `17` = 3L, `18` = 7L, 
    `19` = 3L, `23` = 2L, `24` = 1L), .Dim = 21L, .Dimnames = list(
        TagUsage = c("1", "2", "3", "4", "5", "6", "7", "8", 
        "9", "10", "11", "12", "13", "14", "15", "16", "17", 
        "18", "19", "23", "24")), class = "table"), No.Tag = structure(c(0L, 
    0L, 0L, 2L, 57L, 1L, 2L, 0L, 0L, 0L, 0L, 57L, 0L, 1L, 0L, 
    0L, 0L, 0L, 12L, 0L, 0L), .Dim = c(7L, 3L), .Dimnames = structure(list(
        c("-4", "-3", "-2", "-1", "0", "1", NA), c("A", "T", 
        NA)), .Names = c("", "")), class = "table"), All.Tags = list(
        Concordant = list(Freqs = structure(c(0, 0, 1, 2, 213, 
        0, 0, 0, 1, 1, 190, 0), .Dim = c(6L, 2L), .Dimnames = list(
            c("-4", "-3", "-2", "-1", "0", "1"), c("A", "T"))), 
            N = 408), Majority = list(Freqs = structure(c(0, 
        0, 1, 2, 247, 0, 0, 0, 1, 1, 219, 1), .Dim = c(6L, 2L
        ), .Dimnames = list(c("-4", "-3", "-2", "-1", "0", "1"
        ), c("A", "T"))), N = 472)), `2` = structure(c(0, 0, 
    0, 1, 193, 0, 0, 0, 1, 1, 171, 1), .Dim = c(6L, 2L), .Dimnames = list(
        c("-4", "-3", "-2", "-1", "0", "1"), c("A", "T"))))))
