Results <-
list(`bwa.out//20220204//Control28_S21.sam` = list(LR40_SNP1 = list(
    All = list(Freqs = structure(c(1L, 39L, 3079L, 5L, 4L, 0L, 
    0L, 10L, 0L, 0L), .Dim = c(5L, 2L), .Dimnames = structure(list(
        c("-2", "-1", "0", "1", NA), c("C", NA)), .Names = c("", 
    "")), class = "table"), N = 3138L), Tag.Distribution = structure(c(`1` = 113L, 
    `2` = 64L, `3` = 63L, `4` = 52L, `5` = 30L, `6` = 32L, `7` = 26L, 
    `8` = 21L, `9` = 16L, `10` = 16L, `11` = 18L, `12` = 12L, 
    `13` = 6L, `14` = 9L, `15` = 6L, `16` = 4L, `17` = 5L, `18` = 3L, 
    `19` = 3L, `20` = 3L, `21` = 5L, `22` = 4L, `23` = 2L, `24` = 2L, 
    `26` = 2L, `27` = 1L, `44` = 1L), .Dim = 27L, .Dimnames = list(
        TagUsage = c("1", "2", "3", "4", "5", "6", "7", "8", 
        "9", "10", "11", "12", "13", "14", "15", "16", "17", 
        "18", "19", "20", "21", "22", "23", "24", "26", "27", 
        "44")), class = "table"), No.Tag = structure(c(0L, 1L, 
    134L, 0L, 2L, 0L, 0L, 1L, 0L, 0L), .Dim = c(5L, 2L), .Dimnames = structure(list(
        c("-2", "-1", "0", "1", NA), c("C", NA)), .Names = c("", 
    "")), class = "table"), All.Tags = list(Concordant = list(
        Freqs = structure(c(0, 1, 476, 0), .Dim = c(4L, 1L), .Dimnames = list(
            c("-2", "-1", "0", "1"), "C")), N = 477), Majority = list(
        Freqs = structure(c(0, 1, 514, 0), .Dim = c(4L, 1L), .Dimnames = list(
            c("-2", "-1", "0", "1"), "C")), N = 515)), `2` = structure(c(0, 
    0, 403, 0), .Dim = c(4L, 1L), .Dimnames = list(c("-2", "-1", 
    "0", "1"), "C")))))
