Results <-
list(`bwa.out//20220204//MLPA79_S11.sam` = list(LR17_SNP1 = list(
    All = list(Freqs = structure(c(5L, 165L, 3164L, 33L, 1L, 
    29L, 0L, 0L, 2L, 0L, 0L, 0L, 0L, 0L, 229L, 1L, 0L, 0L), .Dim = c(6L, 
    3L), .Dimnames = structure(list(c("-2", "-1", "0", "1", "2", 
    NA), c("A", "G", NA)), .Names = c("", "")), class = "table"), 
        N = 3629L), Tag.Distribution = structure(c(`1` = 123L, 
    `2` = 57L, `3` = 32L, `4` = 38L, `5` = 34L, `6` = 27L, `7` = 26L, 
    `8` = 21L, `9` = 17L, `10` = 15L, `11` = 15L, `12` = 5L, 
    `13` = 9L, `14` = 9L, `15` = 6L, `16` = 6L, `17` = 11L, `18` = 3L, 
    `19` = 7L, `20` = 2L, `21` = 2L, `22` = 6L, `23` = 2L, `24` = 5L, 
    `25` = 3L, `26` = 5L, `27` = 4L, `28` = 1L, `29` = 2L, `31` = 1L, 
    `32` = 1L, `33` = 1L, `34` = 2L, `36` = 1L, `42` = 1L), .Dim = 35L, .Dimnames = list(
        TagUsage = c("1", "2", "3", "4", "5", "6", "7", "8", 
        "9", "10", "11", "12", "13", "14", "15", "16", "17", 
        "18", "19", "20", "21", "22", "23", "24", "25", "26", 
        "27", "28", "29", "31", "32", "33", "34", "36", "42")), class = "table"), 
    No.Tag = structure(c(0L, 3L, 92L, 2L, 0L, 1L, 0L, 0L, 0L, 
    0L, 0L, 0L, 0L, 0L, 12L, 0L, 0L, 0L), .Dim = c(6L, 3L), .Dimnames = structure(list(
        c("-2", "-1", "0", "1", "2", NA), c("A", "G", NA)), .Names = c("", 
    "")), class = "table"), All.Tags = list(Concordant = list(
        Freqs = structure(c(1, 2, 363, 2, 0, 0, 0, 0, 0, 0), .Dim = c(5L, 
        2L), .Dimnames = list(c("-2", "-1", "0", "1", "2"), c("A", 
        "G"))), N = 368), Majority = list(Freqs = structure(c(1, 
    6, 471, 2, 0, 0, 0, 0, 0, 0), .Dim = c(5L, 2L), .Dimnames = list(
        c("-2", "-1", "0", "1", "2"), c("A", "G"))), N = 480)), 
    `2` = structure(c(0, 4, 367, 0, 0, 0, 0, 0, 0, 0), .Dim = c(5L, 
    2L), .Dimnames = list(c("-2", "-1", "0", "1", "2"), c("A", 
    "G"))))))
