Results <-
list(`bwa.out//20220204//Control19_S12.sam` = list(LR17_SNP1 = list(
    All = list(Freqs = structure(c(3L, 93L, 2818L, 38L, 24L, 
    0L, 0L, 3L, 0L, 0L, 0L, 0L, 77L, 0L, 0L), .Dim = c(5L, 3L
    ), .Dimnames = structure(list(c("-2", "-1", "0", "1", NA), 
        c("A", "G", NA)), .Names = c("", "")), class = "table"), 
        N = 3056L), Tag.Distribution = structure(c(`1` = 103L, 
    `2` = 38L, `3` = 32L, `4` = 29L, `5` = 19L, `6` = 15L, `7` = 22L, 
    `8` = 15L, `9` = 11L, `10` = 12L, `11` = 14L, `12` = 14L, 
    `13` = 4L, `14` = 14L, `15` = 5L, `16` = 13L, `17` = 3L, 
    `18` = 4L, `19` = 4L, `20` = 5L, `21` = 5L, `22` = 1L, `23` = 4L, 
    `24` = 5L, `25` = 4L, `26` = 1L, `27` = 4L, `28` = 4L), .Dim = 28L, .Dimnames = list(
        TagUsage = c("1", "2", "3", "4", "5", "6", "7", "8", 
        "9", "10", "11", "12", "13", "14", "15", "16", "17", 
        "18", "19", "20", "21", "22", "23", "24", "25", "26", 
        "27", "28")), class = "table"), No.Tag = structure(c(0L, 
    3L, 135L, 2L, 2L, 0L, 0L, 0L, 0L, 0L, 0L, 0L, 8L, 0L, 0L), .Dim = c(5L, 
    3L), .Dimnames = structure(list(c("-2", "-1", "0", "1", NA
    ), c("A", "G", NA)), .Names = c("", "")), class = "table"), 
    All.Tags = list(Concordant = list(Freqs = structure(c(0, 
    4, 305, 2, 0, 0, 0, 0), .Dim = c(4L, 2L), .Dimnames = list(
        c("-2", "-1", "0", "1"), c("A", "G"))), N = 311), Majority = list(
        Freqs = structure(c(0, 5, 388, 2, 0, 0, 0, 0), .Dim = c(4L, 
        2L), .Dimnames = list(c("-2", "-1", "0", "1"), c("A", 
        "G"))), N = 395)), `2` = structure(c(0, 1, 298, 0, 0, 
    0, 0, 0), .Dim = c(4L, 2L), .Dimnames = list(c("-2", "-1", 
    "0", "1"), c("A", "G"))))))
