Results <-
list(`bwa.out//20220204//13D0575_S2.sam` = list(GM26_SNP1 = list(
    All = list(Freqs = structure(c(8L, 1565L, 4L, 0L, 8L, 1319L, 
    4L, 1L, 2L, 38L, 0L, 0L), .Dim = 4:3, .Dimnames = structure(list(
        c("-1", "0", "1", NA), c("A", "G", NA)), .Names = c("", 
    "")), class = "table"), N = 2949L), Tag.Distribution = structure(c(`1` = 155L, 
    `2` = 72L, `3` = 64L, `4` = 53L, `5` = 36L, `6` = 28L, `7` = 25L, 
    `8` = 22L, `9` = 21L, `10` = 9L, `11` = 14L, `12` = 10L, 
    `13` = 7L, `14` = 11L, `15` = 3L, `16` = 8L, `17` = 2L, `18` = 4L, 
    `19` = 3L, `20` = 4L, `21` = 1L, `22` = 3L, `23` = 1L, `24` = 1L, 
    `27` = 3L, `28` = 1L, `29` = 1L, `36` = 1L), .Dim = 28L, .Dimnames = list(
        TagUsage = c("1", "2", "3", "4", "5", "6", "7", "8", 
        "9", "10", "11", "12", "13", "14", "15", "16", "17", 
        "18", "19", "20", "21", "22", "23", "24", "27", "28", 
        "29", "36")), class = "table"), No.Tag = structure(c(0L, 
    13L, 0L, 0L, 1L, 9L, 0L, 0L, 0L, 2L, 0L, 0L), .Dim = 4:3, .Dimnames = structure(list(
        c("-1", "0", "1", NA), c("A", "G", NA)), .Names = c("", 
    "")), class = "table"), All.Tags = list(Concordant = list(
        Freqs = structure(c(1, 270, 0, 0, 240, 1), .Dim = 3:2, .Dimnames = list(
            c("-1", "0", "1"), c("A", "G"))), N = 512), Majority = list(
        Freqs = structure(c(1, 286, 0, 0, 263, 1), .Dim = 3:2, .Dimnames = list(
            c("-1", "0", "1"), c("A", "G"))), N = 551)), `2` = structure(c(0, 
    208, 0, 0, 194, 0), .Dim = 3:2, .Dimnames = list(c("-1", 
    "0", "1"), c("A", "G"))))))
