Results <-
list(`bwa.out//20220204//BlindCMMRD46_S6.sam` = list(LR36_SNP1 = list(
    All = list(Freqs = structure(c(1L, 24L, 1276L, 10L, 11L, 
    2L, 52L, 1819L, 18L, 10L, 0L, 2L, 106L, 2L, 0L), .Dim = c(5L, 
    3L), .Dimnames = structure(list(c("-2", "-1", "0", "1", NA
    ), c("A", "T", NA)), .Names = c("", "")), class = "table"), 
        N = 3333L), Tag.Distribution = structure(c(`1` = 57L, 
    `2` = 19L, `3` = 15L, `4` = 15L, `5` = 12L, `6` = 11L, `7` = 17L, 
    `8` = 12L, `9` = 10L, `10` = 8L, `11` = 6L, `12` = 4L, `13` = 11L, 
    `14` = 6L, `15` = 6L, `16` = 3L, `17` = 4L, `18` = 4L, `19` = 5L, 
    `20` = 4L, `21` = 6L, `22` = 2L, `23` = 2L, `24` = 2L, `25` = 3L, 
    `27` = 3L, `28` = 1L, `29` = 2L, `30` = 2L, `31` = 3L, `32` = 2L, 
    `33` = 5L, `34` = 4L, `35` = 2L, `37` = 2L, `39` = 2L, `40` = 1L, 
    `42` = 1L, `44` = 1L, `47` = 1L, `48` = 1L, `51` = 1L, `54` = 2L, 
    `62` = 1L), .Dim = 44L, .Dimnames = list(TagUsage = c("1", 
    "2", "3", "4", "5", "6", "7", "8", "9", "10", "11", "12", 
    "13", "14", "15", "16", "17", "18", "19", "20", "21", "22", 
    "23", "24", "25", "27", "28", "29", "30", "31", "32", "33", 
    "34", "35", "37", "39", "40", "42", "44", "47", "48", "51", 
    "54", "62")), class = "table"), No.Tag = structure(c(0L, 
    0L, 53L, 0L, 1L, 0L, 1L, 69L, 3L, 2L, 0L, 0L, 11L, 0L, 0L
    ), .Dim = c(5L, 3L), .Dimnames = structure(list(c("-2", "-1", 
    "0", "1", NA), c("A", "T", NA)), .Names = c("", "")), class = "table"), 
    All.Tags = list(Concordant = list(Freqs = structure(c(0, 
    0, 95, 0, 0, 0, 114, 0), .Dim = c(4L, 2L), .Dimnames = list(
        c("-2", "-1", "0", "1"), c("A", "T"))), N = 209), Majority = list(
        Freqs = structure(c(0, 0, 119, 0, 0, 1, 151, 0), .Dim = c(4L, 
        2L), .Dimnames = list(c("-2", "-1", "0", "1"), c("A", 
        "T"))), N = 271)), `2` = structure(c(0, 0, 98, 0, 0, 
    1, 124, 0), .Dim = c(4L, 2L), .Dimnames = list(c("-2", "-1", 
    "0", "1"), c("A", "T"))))))
