Results <-
list(`bwa.out//20220204//Control17_S10.sam` = list(LR20_SNP1 = list(
    All = list(Freqs = structure(c(0L, 3L, 0L, 0L, 2L, 3148L, 
    5L, 7L, 0L, 1L, 0L, 0L, 0L, 36L, 0L, 0L), .Dim = c(4L, 4L
    ), .Dimnames = structure(list(c("-1", "0", "1", NA), c("A", 
    "G", "T", NA)), .Names = c("", "")), class = "table"), N = 3202L), 
    Tag.Distribution = structure(c(`1` = 155L, `2` = 59L, `3` = 39L, 
    `4` = 43L, `5` = 49L, `6` = 36L, `7` = 19L, `8` = 15L, `9` = 14L, 
    `10` = 17L, `11` = 9L, `12` = 12L, `13` = 6L, `14` = 3L, 
    `15` = 4L, `16` = 8L, `17` = 5L, `18` = 4L, `19` = 3L, `20` = 3L, 
    `21` = 4L, `22` = 4L, `23` = 1L, `24` = 2L, `25` = 4L, `27` = 1L, 
    `29` = 2L, `30` = 1L, `31` = 1L, `32` = 2L, `34` = 2L, `36` = 1L, 
    `37` = 1L), .Dim = 33L, .Dimnames = list(TagUsage = c("1", 
    "2", "3", "4", "5", "6", "7", "8", "9", "10", "11", "12", 
    "13", "14", "15", "16", "17", "18", "19", "20", "21", "22", 
    "23", "24", "25", "27", "29", "30", "31", "32", "34", "36", 
    "37")), class = "table"), No.Tag = structure(c(0L, 1L, 0L, 
    0L, 0L, 103L, 0L, 3L, 0L, 0L, 0L, 0L, 0L, 4L, 0L, 0L), .Dim = c(4L, 
    4L), .Dimnames = structure(list(c("-1", "0", "1", NA), c("A", 
    "G", "T", NA)), .Names = c("", "")), class = "table"), All.Tags = list(
        Concordant = list(Freqs = structure(c(0, 2, 0, 1, 512, 
        0, 0, 1, 0), .Dim = c(3L, 3L), .Dimnames = list(c("-1", 
        "0", "1"), c("A", "G", "T"))), N = 516), Majority = list(
            Freqs = structure(c(0, 2, 0, 1, 518, 0, 0, 1, 0), .Dim = c(3L, 
            3L), .Dimnames = list(c("-1", "0", "1"), c("A", "G", 
            "T"))), N = 522)), `2` = structure(c(0, 0, 0, 0, 
    374, 0, 0, 0, 0), .Dim = c(3L, 3L), .Dimnames = list(c("-1", 
    "0", "1"), c("A", "G", "T"))))))
