Results <-
list(`bwa.out//20220204//BlindCMMRD42_S2.sam` = list(LR49_SNP1 = list(
    All = list(Freqs = structure(c(0L, 0L, 9L, 0L, 0L, 0L, 0L, 
    1L, 0L, 0L, 1L, 10L, 5006L, 1L, 5L, 0L, 0L, 21L, 0L, 0L), .Dim = 5:4, .Dimnames = structure(list(
        c("-2", "-1", "0", "1", NA), c("A", "C", "G", NA)), .Names = c("", 
    "")), class = "table"), N = 5054L), Tag.Distribution = structure(c(`1` = 91L, 
    `2` = 23L, `3` = 18L, `4` = 21L, `5` = 19L, `6` = 23L, `7` = 14L, 
    `8` = 9L, `9` = 11L, `10` = 14L, `11` = 16L, `12` = 10L, 
    `13` = 7L, `14` = 16L, `15` = 19L, `16` = 9L, `17` = 14L, 
    `18` = 2L, `19` = 6L, `20` = 12L, `21` = 7L, `22` = 10L, 
    `23` = 4L, `24` = 3L, `25` = 2L, `26` = 3L, `27` = 3L, `28` = 2L, 
    `29` = 1L, `30` = 1L, `31` = 2L, `32` = 2L, `33` = 1L, `35` = 1L, 
    `36` = 4L, `37` = 1L, `38` = 1L, `39` = 1L, `40` = 4L, `41` = 1L, 
    `42` = 2L, `43` = 1L, `44` = 2L, `46` = 2L, `52` = 1L, `58` = 1L, 
    `59` = 1L, `60` = 1L, `61` = 1L, `73` = 1L, `85` = 1L, `94` = 1L
    ), .Dim = 52L, .Dimnames = list(TagUsage = c("1", "2", "3", 
    "4", "5", "6", "7", "8", "9", "10", "11", "12", "13", "14", 
    "15", "16", "17", "18", "19", "20", "21", "22", "23", "24", 
    "25", "26", "27", "28", "29", "30", "31", "32", "33", "35", 
    "36", "37", "38", "39", "40", "41", "42", "43", "44", "46", 
    "52", "58", "59", "60", "61", "73", "85", "94")), class = "table"), 
    No.Tag = structure(c(0L, 0L, 0L, 0L, 0L, 0L, 0L, 0L, 0L, 
    0L, 0L, 0L, 110L, 0L, 0L, 0L, 0L, 2L, 0L, 0L), .Dim = 5:4, .Dimnames = structure(list(
        c("-2", "-1", "0", "1", NA), c("A", "C", "G", NA)), .Names = c("", 
    "")), class = "table"), All.Tags = list(Concordant = list(
        Freqs = structure(c(0, 0, 5, 0, 0, 0, 0, 0, 0, 0, 398, 
        0), .Dim = 4:3, .Dimnames = list(c("-2", "-1", "0", "1"
        ), c("A", "C", "G"))), N = 403), Majority = list(Freqs = structure(c(0, 
    0, 5, 0, 0, 0, 0, 0, 0, 0, 412, 0), .Dim = 4:3, .Dimnames = list(
        c("-2", "-1", "0", "1"), c("A", "C", "G"))), N = 417)), 
    `2` = structure(c(0, 0, 0, 0, 0, 0, 0, 0, 0, 0, 332, 0), .Dim = 4:3, .Dimnames = list(
        c("-2", "-1", "0", "1"), c("A", "C", "G"))))))
