Results <-
list(`bwa.out//20220204//BlindCMMRD49_S9.sam` = list(LR52_SNP1 = list(
    All = list(Freqs = structure(c(4L, 53L, 556L, 3204L, 29L, 
    64L, 0L, 0L, 0L, 1L, 0L, 0L, 0L, 1L, 33L, 1063L, 8L, 0L), .Dim = c(6L, 
    3L), .Dimnames = structure(list(c("-3", "-2", "-1", "0", 
    "1", NA), c("C", "T", NA)), .Names = c("", "")), class = "table"), 
        N = 5016L), Tag.Distribution = structure(c(`1` = 49L, 
    `2` = 6L, `3` = 15L, `4` = 9L, `5` = 10L, `6` = 4L, `7` = 8L, 
    `8` = 4L, `9` = 9L, `10` = 6L, `11` = 4L, `12` = 6L, `13` = 5L, 
    `14` = 4L, `15` = 2L, `16` = 2L, `17` = 3L, `18` = 1L, `19` = 6L, 
    `20` = 4L, `21` = 2L, `22` = 2L, `23` = 4L, `24` = 3L, `25` = 5L, 
    `26` = 3L, `27` = 1L, `28` = 1L, `29` = 1L, `30` = 1L, `32` = 2L, 
    `33` = 1L, `34` = 3L, `35` = 1L, `36` = 4L, `37` = 1L, `38` = 1L, 
    `39` = 1L, `41` = 1L, `42` = 2L, `43` = 1L, `44` = 2L, `45` = 2L, 
    `48` = 1L, `49` = 1L, `50` = 2L, `52` = 1L, `53` = 3L, `54` = 4L, 
    `55` = 1L, `56` = 1L, `59` = 1L, `60` = 4L, `62` = 2L, `63` = 2L, 
    `64` = 2L, `65` = 1L, `67` = 2L, `68` = 1L, `69` = 2L, `71` = 1L, 
    `72` = 1L, `73` = 1L, `78` = 2L, `83` = 1L, `85` = 1L, `89` = 1L, 
    `101` = 1L), .Dim = 68L, .Dimnames = list(TagUsage = c("1", 
    "2", "3", "4", "5", "6", "7", "8", "9", "10", "11", "12", 
    "13", "14", "15", "16", "17", "18", "19", "20", "21", "22", 
    "23", "24", "25", "26", "27", "28", "29", "30", "32", "33", 
    "34", "35", "36", "37", "38", "39", "41", "42", "43", "44", 
    "45", "48", "49", "50", "52", "53", "54", "55", "56", "59", 
    "60", "62", "63", "64", "65", "67", "68", "69", "71", "72", 
    "73", "78", "83", "85", "89", "101")), class = "table"), 
    No.Tag = structure(c(1L, 2L, 10L, 34L, 0L, 1L, 0L, 0L, 0L, 
    0L, 0L, 0L, 0L, 0L, 0L, 8L, 1L, 0L), .Dim = c(6L, 3L), .Dimnames = structure(list(
        c("-3", "-2", "-1", "0", "1", NA), c("C", "T", NA)), .Names = c("", 
    "")), class = "table"), All.Tags = list(Concordant = list(
        Freqs = structure(c(0, 0, 6, 92, 1, 0, 0, 0, 1, 0), .Dim = c(5L, 
        2L), .Dimnames = list(c("-3", "-2", "-1", "0", "1"), 
            c("C", "T"))), N = 100), Majority = list(Freqs = structure(c(0, 
    0, 15, 205, 1, 0, 0, 0, 1, 0), .Dim = c(5L, 2L), .Dimnames = list(
        c("-3", "-2", "-1", "0", "1"), c("C", "T"))), N = 222)), 
    `2` = structure(c(0, 0, 13, 178, 1, 0, 0, 0, 0, 0), .Dim = c(5L, 
    2L), .Dimnames = list(c("-3", "-2", "-1", "0", "1"), c("C", 
    "T"))))))
