Results <-
list(`bwa.out//20220204//MLPA03_S10.sam` = list(GM26_SNP1 = list(
    All = list(Freqs = structure(c(10L, 2025L, 6L, 1L, 7L, 14L, 
    2006L, 3L, 0L, 4L, 0L, 59L, 1L, 0L, 0L), .Dim = c(5L, 3L), .Dimnames = structure(list(
        c("-1", "0", "1", "2", NA), c("A", "G", NA)), .Names = c("", 
    "")), class = "table"), N = 4136L), Tag.Distribution = structure(c(`1` = 131L, 
    `2` = 34L, `3` = 25L, `4` = 19L, `5` = 21L, `6` = 32L, `7` = 12L, 
    `8` = 12L, `9` = 13L, `10` = 11L, `11` = 10L, `12` = 7L, 
    `13` = 14L, `14` = 4L, `15` = 5L, `16` = 10L, `17` = 3L, 
    `18` = 4L, `19` = 7L, `20` = 8L, `21` = 9L, `22` = 2L, `23` = 5L, 
    `24` = 2L, `25` = 2L, `26` = 6L, `27` = 2L, `28` = 2L, `29` = 3L, 
    `31` = 5L, `32` = 1L, `33` = 3L, `34` = 1L, `35` = 4L, `36` = 1L, 
    `37` = 3L, `39` = 1L, `40` = 1L, `42` = 1L, `43` = 1L, `44` = 1L, 
    `51` = 1L, `55` = 1L, `56` = 1L, `58` = 1L, `61` = 1L), .Dim = 46L, .Dimnames = list(
        TagUsage = c("1", "2", "3", "4", "5", "6", "7", "8", 
        "9", "10", "11", "12", "13", "14", "15", "16", "17", 
        "18", "19", "20", "21", "22", "23", "24", "25", "26", 
        "27", "28", "29", "31", "32", "33", "34", "35", "36", 
        "37", "39", "40", "42", "43", "44", "51", "55", "56", 
        "58", "61")), class = "table"), No.Tag = structure(c(0L, 
    51L, 0L, 0L, 1L, 1L, 50L, 0L, 0L, 0L, 0L, 1L, 0L, 0L, 0L), .Dim = c(5L, 
    3L), .Dimnames = structure(list(c("-1", "0", "1", "2", NA
    ), c("A", "G", NA)), .Names = c("", "")), class = "table"), 
    All.Tags = list(Concordant = list(Freqs = structure(c(0, 
    185, 0, 0, 0, 202, 0, 0), .Dim = c(4L, 2L), .Dimnames = list(
        c("-1", "0", "1", "2"), c("A", "G"))), N = 387), Majority = list(
        Freqs = structure(c(0, 209, 0, 0, 0, 220, 0, 0), .Dim = c(4L, 
        2L), .Dimnames = list(c("-1", "0", "1", "2"), c("A", 
        "G"))), N = 429)), `2` = structure(c(0, 148, 0, 0, 0, 
    159, 0, 0), .Dim = c(4L, 2L), .Dimnames = list(c("-1", "0", 
    "1", "2"), c("A", "G"))))))
