Results <-
list(`bwa.out//20220204//Control16_S9.sam` = list(LR44_SNP1 = list(
    All = list(Freqs = structure(c(5L, 150L, 2503L, 37L, 9L, 
    0L, 0L, 1L, 0L, 0L, 0L, 1L, 41L, 0L, 0L), .Dim = c(5L, 3L
    ), .Dimnames = structure(list(c("-2", "-1", "0", "1", NA), 
        c("C", "T", NA)), .Names = c("", "")), class = "table"), 
        N = 2747L), Tag.Distribution = structure(c(`1` = 118L, 
    `2` = 64L, `3` = 45L, `4` = 43L, `5` = 35L, `6` = 25L, `7` = 28L, 
    `8` = 15L, `9` = 13L, `10` = 15L, `11` = 9L, `12` = 17L, 
    `13` = 11L, `14` = 5L, `15` = 5L, `16` = 6L, `17` = 3L, `18` = 1L, 
    `19` = 6L, `20` = 3L, `21` = 2L, `23` = 1L, `24` = 4L, `26` = 3L, 
    `27` = 1L), .Dim = 25L, .Dimnames = list(TagUsage = c("1", 
    "2", "3", "4", "5", "6", "7", "8", "9", "10", "11", "12", 
    "13", "14", "15", "16", "17", "18", "19", "20", "21", "23", 
    "24", "26", "27")), class = "table"), No.Tag = structure(c(0L, 
    7L, 77L, 3L, 0L, 0L, 0L, 0L, 0L, 0L, 0L, 0L, 3L, 0L, 0L), .Dim = c(5L, 
    3L), .Dimnames = structure(list(c("-2", "-1", "0", "1", NA
    ), c("C", "T", NA)), .Names = c("", "")), class = "table"), 
    All.Tags = list(Concordant = list(Freqs = structure(c(0, 
    5, 340, 1, 0, 0, 0, 0), .Dim = c(4L, 2L), .Dimnames = list(
        c("-2", "-1", "0", "1"), c("C", "T"))), N = 346), Majority = list(
        Freqs = structure(c(0, 8, 460, 1, 0, 0, 0, 0), .Dim = c(4L, 
        2L), .Dimnames = list(c("-2", "-1", "0", "1"), c("C", 
        "T"))), N = 469)), `2` = structure(c(0, 3, 350, 1, 0, 
    0, 0, 0), .Dim = c(4L, 2L), .Dimnames = list(c("-2", "-1", 
    "0", "1"), c("C", "T"))))))
