Results <-
list(`bwa.out//20220204//BlindCMMRD74_S33.sam` = list(LR24_SNP1 = list(
    All = list(Freqs = structure(c(16L, 4566L, 12L, 2L, 0L, 3L, 
    0L, 0L, 0L, 23L, 0L, 0L), .Dim = 4:3, .Dimnames = structure(list(
        c("-1", "0", "1", NA), c("A", "G", NA)), .Names = c("", 
    "")), class = "table"), N = 4622L), Tag.Distribution = structure(c(`1` = 201L, 
    `2` = 114L, `3` = 103L, `4` = 94L, `5` = 60L, `6` = 63L, 
    `7` = 56L, `8` = 46L, `9` = 32L, `10` = 24L, `11` = 22L, 
    `12` = 17L, `13` = 7L, `14` = 14L, `15` = 12L, `16` = 6L, 
    `17` = 2L, `18` = 2L, `19` = 2L, `21` = 2L, `22` = 1L, `24` = 4L, 
    `27` = 1L, `28` = 1L, `30` = 1L, `31` = 1L), .Dim = 26L, .Dimnames = list(
        TagUsage = c("1", "2", "3", "4", "5", "6", "7", "8", 
        "9", "10", "11", "12", "13", "14", "15", "16", "17", 
        "18", "19", "21", "22", "24", "27", "28", "30", "31")), class = "table"), 
    No.Tag = structure(c(0L, 146L, 0L, 0L, 0L, 0L, 0L, 0L, 0L, 
    3L, 0L, 0L), .Dim = 4:3, .Dimnames = structure(list(c("-1", 
    "0", "1", NA), c("A", "G", NA)), .Names = c("", "")), class = "table"), 
    All.Tags = list(Concordant = list(Freqs = structure(c(1, 
    854, 1, 0, 3, 0), .Dim = 3:2, .Dimnames = list(c("-1", "0", 
    "1"), c("A", "G"))), N = 859), Majority = list(Freqs = structure(c(1, 
    878, 1, 0, 3, 0), .Dim = 3:2, .Dimnames = list(c("-1", "0", 
    "1"), c("A", "G"))), N = 883)), `2` = structure(c(0, 687, 
    0, 0, 0, 0), .Dim = 3:2, .Dimnames = list(c("-1", "0", "1"
    ), c("A", "G"))))))
