Results <-
list(`bwa.out//20220204//BlindCMMRD84_S43.sam` = list(DEPDC2_SNP1 = list(
    All = list(Freqs = structure(c(0L, 0L, 1L, 0L, 0L, 0L, 0L, 
    0L, 3L, 0L, 0L, 1L, 1L, 39L, 5896L, 35L, 1L, 23L, 0L, 0L, 
    31L, 0L, 0L, 0L), .Dim = c(6L, 4L), .Dimnames = structure(list(
        c("-2", "-1", "0", "1", "2", NA), c("A", "C", "T", NA
        )), .Names = c("", "")), class = "table"), N = 6031L), 
    Tag.Distribution = structure(c(`1` = 222L, `2` = 77L, `3` = 69L, 
    `4` = 58L, `5` = 67L, `6` = 48L, `7` = 49L, `8` = 34L, `9` = 28L, 
    `10` = 28L, `11` = 17L, `12` = 21L, `13` = 23L, `14` = 13L, 
    `15` = 15L, `16` = 10L, `17` = 9L, `18` = 10L, `19` = 12L, 
    `20` = 6L, `21` = 5L, `22` = 6L, `23` = 2L, `24` = 3L, `25` = 7L, 
    `26` = 3L, `27` = 3L, `28` = 5L, `29` = 1L, `30` = 2L, `31` = 1L, 
    `32` = 3L, `33` = 4L, `34` = 1L, `36` = 1L, `39` = 1L, `44` = 1L
    ), .Dim = 37L, .Dimnames = list(TagUsage = c("1", "2", "3", 
    "4", "5", "6", "7", "8", "9", "10", "11", "12", "13", "14", 
    "15", "16", "17", "18", "19", "20", "21", "22", "23", "24", 
    "25", "26", "27", "28", "29", "30", "31", "32", "33", "34", 
    "36", "39", "44")), class = "table"), No.Tag = structure(c(0L, 
    0L, 0L, 0L, 0L, 0L, 0L, 0L, 0L, 0L, 0L, 0L, 0L, 1L, 124L, 
    0L, 0L, 3L, 0L, 0L, 2L, 0L, 0L, 0L), .Dim = c(6L, 4L), .Dimnames = structure(list(
        c("-2", "-1", "0", "1", "2", NA), c("A", "C", "T", NA
        )), .Names = c("", "")), class = "table"), All.Tags = list(
        Concordant = list(Freqs = structure(c(0, 0, 0, 0, 0, 
        0, 0, 2, 0, 0, 0, 1, 794, 0, 0), .Dim = c(5L, 3L), .Dimnames = list(
            c("-2", "-1", "0", "1", "2"), c("A", "C", "T"))), 
            N = 797), Majority = list(Freqs = structure(c(0, 
        0, 0, 0, 0, 0, 0, 2, 0, 0, 0, 1, 860, 0, 0), .Dim = c(5L, 
        3L), .Dimnames = list(c("-2", "-1", "0", "1", "2"), c("A", 
        "C", "T"))), N = 863)), `2` = structure(c(0, 0, 0, 0, 
    0, 0, 0, 0, 0, 0, 0, 0, 642, 0, 0), .Dim = c(5L, 3L), .Dimnames = list(
        c("-2", "-1", "0", "1", "2"), c("A", "C", "T"))))))
