Results <-
list(`bwa.out//20220204//BlindCMMRD84_S43.sam` = list(GM14_SNP1 = list(
    All = list(Freqs = structure(c(1L, 2L, 89L, 3039L, 20L, 8L, 
    0L, 0L, 0L, 4L, 0L, 0L, 0L, 0L, 0L, 25L, 0L, 0L), .Dim = c(6L, 
    3L), .Dimnames = structure(list(c("-3", "-2", "-1", "0", 
    "1", NA), c("C", "T", NA)), .Names = c("", "")), class = "table"), 
        N = 3188L), Tag.Distribution = structure(c(`1` = 67L, 
    `2` = 41L, `3` = 30L, `4` = 26L, `5` = 28L, `6` = 25L, `7` = 11L, 
    `8` = 12L, `9` = 16L, `10` = 7L, `11` = 8L, `12` = 11L, `13` = 9L, 
    `14` = 8L, `15` = 9L, `16` = 7L, `17` = 5L, `18` = 4L, `19` = 7L, 
    `20` = 1L, `21` = 5L, `22` = 2L, `23` = 1L, `24` = 1L, `25` = 5L, 
    `26` = 3L, `27` = 2L, `28` = 3L, `29` = 5L, `30` = 2L, `32` = 1L, 
    `34` = 2L, `35` = 1L, `36` = 2L, `39` = 1L, `41` = 1L, `42` = 1L, 
    `53` = 1L), .Dim = 38L, .Dimnames = list(TagUsage = c("1", 
    "2", "3", "4", "5", "6", "7", "8", "9", "10", "11", "12", 
    "13", "14", "15", "16", "17", "18", "19", "20", "21", "22", 
    "23", "24", "25", "26", "27", "28", "29", "30", "32", "34", 
    "35", "36", "39", "41", "42", "53")), class = "table"), No.Tag = structure(c(0L, 
    0L, 0L, 36L, 0L, 0L, 0L, 0L, 0L, 1L, 0L, 0L, 0L, 0L, 0L, 
    1L, 0L, 0L), .Dim = c(6L, 3L), .Dimnames = structure(list(
        c("-3", "-2", "-1", "0", "1", NA), c("C", "T", NA)), .Names = c("", 
    "")), class = "table"), All.Tags = list(Concordant = list(
        Freqs = structure(c(0, 0, 1, 286, 0, 0, 0, 0, 1, 0), .Dim = c(5L, 
        2L), .Dimnames = list(c("-3", "-2", "-1", "0", "1"), 
            c("C", "T"))), N = 288), Majority = list(Freqs = structure(c(0, 
    0, 1, 362, 0, 0, 0, 0, 1, 0), .Dim = c(5L, 2L), .Dimnames = list(
        c("-3", "-2", "-1", "0", "1"), c("C", "T"))), N = 364)), 
    `2` = structure(c(0, 0, 0, 300, 0, 0, 0, 0, 0, 0), .Dim = c(5L, 
    2L), .Dimnames = list(c("-3", "-2", "-1", "0", "1"), c("C", 
    "T"))))))
