Results <-
list(`bwa.out//20220204//BlindCMMRD49_S9.sam` = list(GM14_SNP1 = list(
    All = list(Freqs = structure(c(1L, 0L, 68L, 1929L, 16L, 1L, 
    6L, 1L, 1L, 27L, 1556L, 10L, 0L, 2L, 0L, 0L, 1L, 38L, 0L, 
    0L, 0L), .Dim = c(7L, 3L), .Dimnames = structure(list(c("-3", 
    "-2", "-1", "0", "1", "2", NA), c("C", "T", NA)), .Names = c("", 
    "")), class = "table"), N = 3657L), Tag.Distribution = structure(c(`1` = 43L, 
    `2` = 10L, `3` = 7L, `4` = 6L, `5` = 4L, `6` = 5L, `7` = 7L, 
    `8` = 1L, `9` = 5L, `10` = 4L, `11` = 4L, `12` = 2L, `13` = 4L, 
    `14` = 4L, `15` = 2L, `16` = 1L, `17` = 2L, `18` = 1L, `19` = 2L, 
    `20` = 1L, `21` = 3L, `22` = 1L, `23` = 4L, `24` = 3L, `25` = 2L, 
    `26` = 3L, `27` = 1L, `28` = 3L, `29` = 1L, `30` = 1L, `31` = 1L, 
    `33` = 1L, `34` = 1L, `36` = 1L, `37` = 1L, `38` = 2L, `39` = 2L, 
    `42` = 1L, `43` = 3L, `45` = 1L, `46` = 1L, `47` = 1L, `48` = 2L, 
    `49` = 2L, `50` = 1L, `51` = 1L, `56` = 4L, `57` = 1L, `59` = 1L, 
    `60` = 2L, `61` = 1L, `62` = 1L, `63` = 2L, `64` = 3L, `70` = 2L, 
    `71` = 2L, `75` = 1L, `82` = 2L), .Dim = 58L, .Dimnames = list(
        TagUsage = c("1", "2", "3", "4", "5", "6", "7", "8", 
        "9", "10", "11", "12", "13", "14", "15", "16", "17", 
        "18", "19", "20", "21", "22", "23", "24", "25", "26", 
        "27", "28", "29", "30", "31", "33", "34", "36", "37", 
        "38", "39", "42", "43", "45", "46", "47", "48", "49", 
        "50", "51", "56", "57", "59", "60", "61", "62", "63", 
        "64", "70", "71", "75", "82")), class = "table"), No.Tag = structure(c(0L, 
    0L, 1L, 50L, 2L, 0L, 0L, 0L, 0L, 2L, 67L, 0L, 0L, 0L, 0L, 
    0L, 0L, 5L, 0L, 0L, 0L), .Dim = c(7L, 3L), .Dimnames = structure(list(
        c("-3", "-2", "-1", "0", "1", "2", NA), c("C", "T", NA
        )), .Names = c("", "")), class = "table"), All.Tags = list(
        Concordant = list(Freqs = structure(c(0, 0, 4, 57, 0, 
        0, 0, 0, 0, 50, 2, 0), .Dim = c(6L, 2L), .Dimnames = list(
            c("-3", "-2", "-1", "0", "1", "2"), c("C", "T"))), 
            N = 113), Majority = list(Freqs = structure(c(0, 
        0, 4, 94, 0, 0, 0, 0, 0, 76, 2, 0), .Dim = c(6L, 2L), .Dimnames = list(
            c("-3", "-2", "-1", "0", "1", "2"), c("C", "T"))), 
            N = 176)), `2` = structure(c(0, 0, 3, 74, 0, 0, 0, 
    0, 0, 60, 0, 0), .Dim = c(6L, 2L), .Dimnames = list(c("-3", 
    "-2", "-1", "0", "1", "2"), c("C", "T"))))))
