Results <-
list(`bwa.out//20220204//BlindCMMRD62_S21.sam` = list(IM49_SNP1 = list(
    All = list(Freqs = structure(c(1L, 41L, 1676L, 39L, 0L, 20L, 
    1L, 44L, 1498L, 41L, 1L, 13L, 0L, 0L, 1L, 0L, 0L, 0L, 0L, 
    3L, 204L, 3L, 0L, 0L), .Dim = c(6L, 4L), .Dimnames = structure(list(
        c("-2", "-1", "0", "1", "2", NA), c("C", "G", "T", NA
        )), .Names = c("", "")), class = "table"), N = 3586L), 
    Tag.Distribution = structure(c(`1` = 165L, `2` = 61L, `3` = 61L, 
    `4` = 38L, `5` = 39L, `6` = 39L, `7` = 30L, `8` = 28L, `9` = 16L, 
    `10` = 14L, `11` = 9L, `12` = 13L, `13` = 16L, `14` = 13L, 
    `15` = 6L, `16` = 5L, `17` = 9L, `18` = 4L, `19` = 6L, `20` = 2L, 
    `21` = 4L, `22` = 4L, `23` = 3L, `24` = 2L, `25` = 2L, `26` = 1L, 
    `28` = 3L, `33` = 1L, `38` = 1L), .Dim = 29L, .Dimnames = list(
        TagUsage = c("1", "2", "3", "4", "5", "6", "7", "8", 
        "9", "10", "11", "12", "13", "14", "15", "16", "17", 
        "18", "19", "20", "21", "22", "23", "24", "25", "26", 
        "28", "33", "38")), class = "table"), No.Tag = structure(c(0L, 
    0L, 80L, 1L, 0L, 0L, 0L, 1L, 8L, 0L, 0L, 1L, 0L, 0L, 0L, 
    0L, 0L, 0L, 0L, 0L, 12L, 0L, 0L, 0L), .Dim = c(6L, 4L), .Dimnames = structure(list(
        c("-2", "-1", "0", "1", "2", NA), c("C", "G", "T", NA
        )), .Names = c("", "")), class = "table"), All.Tags = list(
        Concordant = list(Freqs = structure(c(0, 1, 215, 2, 0, 
        0, 4, 210, 0, 0, 0, 0, 0, 0, 0), .Dim = c(5L, 3L), .Dimnames = list(
            c("-2", "-1", "0", "1", "2"), c("C", "G", "T"))), 
            N = 432), Majority = list(Freqs = structure(c(0, 
        1, 268, 3, 0, 0, 5, 262, 2, 0, 0, 0, 0, 0, 0), .Dim = c(5L, 
        3L), .Dimnames = list(c("-2", "-1", "0", "1", "2"), c("C", 
        "G", "T"))), N = 541)), `2` = structure(c(0, 0, 204, 
    2, 0, 0, 1, 213, 2, 0, 0, 0, 0, 0, 0), .Dim = c(5L, 3L), .Dimnames = list(
        c("-2", "-1", "0", "1", "2"), c("C", "G", "T"))))))
