Results <-
list(`bwa.out//20220204//BlindCMMRD84_S43.sam` = list(LR52_SNP1 = list(
    All = list(Freqs = structure(c(0L, 0L, 0L, 1L, 1L, 0L, 0L, 
    0L, 1L, 3L, 20L, 376L, 3963L, 35L, 1L, 37L, 0L, 0L, 0L, 8L, 
    205L, 1L, 0L, 0L), .Dim = c(8L, 3L), .Dimnames = structure(list(
        c("-4", "-3", "-2", "-1", "0", "1", "2", NA), c("C", 
        "T", NA)), .Names = c("", "")), class = "table"), N = 4652L), 
    Tag.Distribution = structure(c(`1` = 91L, `2` = 58L, `3` = 39L, 
    `4` = 37L, `5` = 31L, `6` = 26L, `7` = 21L, `8` = 20L, `9` = 19L, 
    `10` = 15L, `11` = 12L, `12` = 15L, `13` = 16L, `14` = 8L, 
    `15` = 9L, `16` = 8L, `17` = 4L, `18` = 11L, `19` = 8L, `20` = 7L, 
    `21` = 6L, `22` = 6L, `23` = 4L, `24` = 5L, `25` = 3L, `26` = 3L, 
    `27` = 1L, `28` = 2L, `29` = 2L, `30` = 2L, `31` = 3L, `32` = 1L, 
    `33` = 3L, `34` = 2L, `35` = 3L, `36` = 3L, `37` = 3L, `38` = 1L, 
    `44` = 1L, `45` = 2L), .Dim = 40L, .Dimnames = list(TagUsage = c("1", 
    "2", "3", "4", "5", "6", "7", "8", "9", "10", "11", "12", 
    "13", "14", "15", "16", "17", "18", "19", "20", "21", "22", 
    "23", "24", "25", "26", "27", "28", "29", "30", "31", "32", 
    "33", "34", "35", "36", "37", "38", "44", "45")), class = "table"), 
    No.Tag = structure(c(0L, 0L, 0L, 0L, 0L, 0L, 0L, 0L, 0L, 
    0L, 2L, 6L, 154L, 0L, 0L, 3L, 0L, 0L, 0L, 1L, 10L, 0L, 0L, 
    0L), .Dim = c(8L, 3L), .Dimnames = structure(list(c("-4", 
    "-3", "-2", "-1", "0", "1", "2", NA), c("C", "T", NA)), .Names = c("", 
    "")), class = "table"), All.Tags = list(Concordant = list(
        Freqs = structure(c(0, 0, 0, 1, 1, 0, 0, 0, 0, 0, 7, 
        269, 7, 0), .Dim = c(7L, 2L), .Dimnames = list(c("-4", 
        "-3", "-2", "-1", "0", "1", "2"), c("C", "T"))), N = 285), 
        Majority = list(Freqs = structure(c(0, 0, 0, 1, 1, 0, 
        0, 0, 0, 0, 9, 471, 7, 0), .Dim = c(7L, 2L), .Dimnames = list(
            c("-4", "-3", "-2", "-1", "0", "1", "2"), c("C", 
            "T"))), N = 489)), `2` = structure(c(0, 0, 0, 0, 
    0, 0, 0, 0, 0, 0, 3, 406, 0, 0), .Dim = c(7L, 2L), .Dimnames = list(
        c("-4", "-3", "-2", "-1", "0", "1", "2"), c("C", "T"))))))
