Results <-
list(`bwa.out//20220204//BlindCMMRD99_S58.sam` = list(LR24_SNP1 = list(
    All = list(Freqs = structure(c(1L, 15L, 3507L, 9L, 4L, 0L, 
    0L, 4L, 0L, 0L, 0L, 0L, 18L, 0L, 0L), .Dim = c(5L, 3L), .Dimnames = structure(list(
        c("-2", "-1", "0", "1", NA), c("A", "G", NA)), .Names = c("", 
    "")), class = "table"), N = 3558L), Tag.Distribution = structure(c(`1` = 230L, 
    `2` = 140L, `3` = 75L, `4` = 74L, `5` = 55L, `6` = 32L, `7` = 29L, 
    `8` = 24L, `9` = 24L, `10` = 20L, `11` = 16L, `12` = 11L, 
    `13` = 5L, `14` = 6L, `15` = 5L, `16` = 2L, `17` = 7L, `18` = 2L, 
    `19` = 3L, `20` = 3L, `21` = 2L, `22` = 3L, `23` = 1L, `26` = 1L, 
    `27` = 1L, `28` = 1L, `31` = 1L, `32` = 1L, `35` = 1L), .Dim = 29L, .Dimnames = list(
        TagUsage = c("1", "2", "3", "4", "5", "6", "7", "8", 
        "9", "10", "11", "12", "13", "14", "15", "16", "17", 
        "18", "19", "20", "21", "22", "23", "26", "27", "28", 
        "31", "32", "35")), class = "table"), No.Tag = structure(c(0L, 
    2L, 100L, 0L, 1L, 0L, 0L, 0L, 0L, 0L, 0L, 0L, 0L, 0L, 0L), .Dim = c(5L, 
    3L), .Dimnames = structure(list(c("-2", "-1", "0", "1", NA
    ), c("A", "G", NA)), .Names = c("", "")), class = "table"), 
    All.Tags = list(Concordant = list(Freqs = structure(c(0, 
    1, 747, 1, 0, 0, 3, 0), .Dim = c(4L, 2L), .Dimnames = list(
        c("-2", "-1", "0", "1"), c("A", "G"))), N = 752), Majority = list(
        Freqs = structure(c(0, 1, 766, 1, 0, 0, 3, 0), .Dim = c(4L, 
        2L), .Dimnames = list(c("-2", "-1", "0", "1"), c("A", 
        "G"))), N = 771)), `2` = structure(c(0, 0, 543, 0, 0, 
    0, 0, 0), .Dim = c(4L, 2L), .Dimnames = list(c("-2", "-1", 
    "0", "1"), c("A", "G"))))))
