Results <-
list(`bwa.out//20220204//Control16_S9.sam` = list(LR52_SNP1 = list(
    All = list(Freqs = structure(c(1L, 4L, 77L, 758L, 12L, 1L, 
    1L, 8L, 105L, 944L, 10L, 5L, 1L, 0L, 1L, 77L, 0L, 0L), .Dim = c(6L, 
    3L), .Dimnames = structure(list(c("-3", "-2", "-1", "0", 
    "1", NA), c("C", "T", NA)), .Names = c("", "")), class = "table"), 
        N = 2005L), Tag.Distribution = structure(c(`1` = 91L, 
    `2` = 34L, `3` = 26L, `4` = 23L, `5` = 22L, `6` = 24L, `7` = 13L, 
    `8` = 9L, `9` = 8L, `10` = 6L, `11` = 9L, `12` = 5L, `13` = 7L, 
    `14` = 7L, `15` = 9L, `17` = 2L, `18` = 4L, `19` = 1L, `20` = 4L, 
    `21` = 3L, `22` = 2L, `23` = 2L, `25` = 1L, `26` = 1L, `27` = 3L, 
    `28` = 1L, `33` = 1L, `34` = 1L), .Dim = 28L, .Dimnames = list(
        TagUsage = c("1", "2", "3", "4", "5", "6", "7", "8", 
        "9", "10", "11", "12", "13", "14", "15", "17", "18", 
        "19", "20", "21", "22", "23", "25", "26", "27", "28", 
        "33", "34")), class = "table"), No.Tag = structure(c(0L, 
    0L, 3L, 20L, 0L, 0L, 0L, 0L, 3L, 26L, 0L, 0L, 0L, 0L, 0L, 
    7L, 0L, 0L), .Dim = c(6L, 3L), .Dimnames = structure(list(
        c("-3", "-2", "-1", "0", "1", NA), c("C", "T", NA)), .Names = c("", 
    "")), class = "table"), All.Tags = list(Concordant = list(
        Freqs = structure(c(0, 0, 7, 102, 1, 0, 0, 5, 97, 2), .Dim = c(5L, 
        2L), .Dimnames = list(c("-3", "-2", "-1", "0", "1"), 
            c("C", "T"))), N = 214), Majority = list(Freqs = structure(c(0, 
    0, 8, 139, 1, 0, 0, 7, 147, 2), .Dim = c(5L, 2L), .Dimnames = list(
        c("-3", "-2", "-1", "0", "1"), c("C", "T"))), N = 304)), 
    `2` = structure(c(0, 0, 6, 102, 0, 0, 0, 3, 107, 0), .Dim = c(5L, 
    2L), .Dimnames = list(c("-3", "-2", "-1", "0", "1"), c("C", 
    "T"))))))
