Results <-
list(`bwa.out//20220204//BlindCMMRD59_S18.sam` = list(LR20_SNP1 = list(
    All = list(Freqs = structure(c(0L, 6L, 0L, 0L, 6L, 4521L, 
    9L, 6L, 0L, 25L, 0L, 0L), .Dim = 4:3, .Dimnames = structure(list(
        c("-1", "0", "1", NA), c("A", "G", NA)), .Names = c("", 
    "")), class = "table"), N = 4573L), Tag.Distribution = structure(c(`1` = 112L, 
    `2` = 52L, `3` = 59L, `4` = 50L, `5` = 45L, `6` = 42L, `7` = 27L, 
    `8` = 33L, `9` = 28L, `10` = 19L, `11` = 17L, `12` = 19L, 
    `13` = 13L, `14` = 15L, `15` = 12L, `16` = 11L, `17` = 5L, 
    `18` = 6L, `19` = 5L, `20` = 6L, `21` = 8L, `22` = 5L, `23` = 3L, 
    `24` = 4L, `25` = 4L, `26` = 1L, `27` = 4L, `28` = 2L, `30` = 1L, 
    `31` = 2L, `33` = 1L, `34` = 1L, `37` = 1L, `42` = 1L), .Dim = 34L, .Dimnames = list(
        TagUsage = c("1", "2", "3", "4", "5", "6", "7", "8", 
        "9", "10", "11", "12", "13", "14", "15", "16", "17", 
        "18", "19", "20", "21", "22", "23", "24", "25", "26", 
        "27", "28", "30", "31", "33", "34", "37", "42")), class = "table"), 
    No.Tag = structure(c(0L, 2L, 0L, 0L, 0L, 73L, 1L, 2L, 0L, 
    1L, 0L, 0L), .Dim = 4:3, .Dimnames = structure(list(c("-1", 
    "0", "1", NA), c("A", "G", NA)), .Names = c("", "")), class = "table"), 
    All.Tags = list(Concordant = list(Freqs = structure(c(0, 
    4, 0, 0, 594, 0), .Dim = 3:2, .Dimnames = list(c("-1", "0", 
    "1"), c("A", "G"))), N = 598), Majority = list(Freqs = structure(c(0, 
    4, 0, 0, 606, 0), .Dim = 3:2, .Dimnames = list(c("-1", "0", 
    "1"), c("A", "G"))), N = 610)), `2` = structure(c(0, 0, 0, 
    0, 502, 0), .Dim = 3:2, .Dimnames = list(c("-1", "0", "1"
    ), c("A", "G"))))))
