Results <-
list(`bwa.out//20220204//Control18_S11.sam` = list(GM14_SNP1 = list(
    All = list(Freqs = structure(c(0L, 22L, 898L, 5L, 4L, 1L, 
    12L, 715L, 6L, 3L, 0L, 0L, 25L, 0L, 0L), .Dim = c(5L, 3L), .Dimnames = structure(list(
        c("-2", "-1", "0", "1", NA), c("C", "T", NA)), .Names = c("", 
    "")), class = "table"), N = 1691L), Tag.Distribution = structure(c(`1` = 50L, 
    `2` = 29L, `3` = 28L, `4` = 20L, `5` = 15L, `6` = 17L, `7` = 10L, 
    `8` = 16L, `9` = 6L, `10` = 6L, `11` = 3L, `12` = 7L, `13` = 6L, 
    `14` = 5L, `15` = 7L, `16` = 3L, `17` = 1L, `18` = 2L, `19` = 5L, 
    `20` = 4L, `21` = 1L, `22` = 3L, `23` = 2L, `24` = 1L, `25` = 1L, 
    `26` = 1L, `32` = 1L), .Dim = 27L, .Dimnames = list(TagUsage = c("1", 
    "2", "3", "4", "5", "6", "7", "8", "9", "10", "11", "12", 
    "13", "14", "15", "16", "17", "18", "19", "20", "21", "22", 
    "23", "24", "25", "26", "32")), class = "table"), No.Tag = structure(c(0L, 
    1L, 19L, 0L, 0L, 0L, 0L, 21L, 0L, 0L, 0L, 0L, 3L, 0L, 0L), .Dim = c(5L, 
    3L), .Dimnames = structure(list(c("-2", "-1", "0", "1", NA
    ), c("C", "T", NA)), .Names = c("", "")), class = "table"), 
    All.Tags = list(Concordant = list(Freqs = structure(c(0, 
    2, 105, 0, 0, 0, 101, 1), .Dim = c(4L, 2L), .Dimnames = list(
        c("-2", "-1", "0", "1"), c("C", "T"))), N = 209), Majority = list(
        Freqs = structure(c(0, 2, 127, 0, 0, 0, 117, 1), .Dim = c(4L, 
        2L), .Dimnames = list(c("-2", "-1", "0", "1"), c("C", 
        "T"))), N = 247)), `2` = structure(c(0, 0, 104, 0, 0, 
    0, 95, 0), .Dim = c(4L, 2L), .Dimnames = list(c("-2", "-1", 
    "0", "1"), c("C", "T"))))))
