Results <-
list(`bwa.out//20220204//BlindCMMRD128_S54.sam` = list(GM22_SNP1 = list(
    All = list(Freqs = structure(c(0L, 33L, 2988L, 7L, 4L, 1L, 
    23L, 2646L, 6L, 7L, 0L, 2L, 57L, 2L, 0L), .Dim = c(5L, 3L
    ), .Dimnames = structure(list(c("-2", "-1", "0", "1", NA), 
        c("A", "G", NA)), .Names = c("", "")), class = "table"), 
        N = 5776L), Tag.Distribution = structure(c(`1` = 484L, 
    `2` = 359L, `3` = 248L, `4` = 186L, `5` = 150L, `6` = 70L, 
    `7` = 61L, `8` = 37L, `9` = 31L, `10` = 27L, `11` = 16L, 
    `12` = 6L, `13` = 11L, `14` = 3L, `15` = 1L, `16` = 3L, `17` = 1L, 
    `18` = 1L, `19` = 1L), .Dim = 19L, .Dimnames = list(TagUsage = c("1", 
    "2", "3", "4", "5", "6", "7", "8", "9", "10", "11", "12", 
    "13", "14", "15", "16", "17", "18", "19")), class = "table"), 
    No.Tag = structure(c(0L, 0L, 51L, 0L, 1L, 0L, 0L, 37L, 0L, 
    1L, 0L, 0L, 4L, 0L, 0L), .Dim = c(5L, 3L), .Dimnames = structure(list(
        c("-2", "-1", "0", "1", NA), c("A", "G", NA)), .Names = c("", 
    "")), class = "table"), All.Tags = list(Concordant = list(
        Freqs = structure(c(0, 5, 703, 0, 0, 1, 685, 0), .Dim = c(4L, 
        2L), .Dimnames = list(c("-2", "-1", "0", "1"), c("A", 
        "G"))), N = 1394), Majority = list(Freqs = structure(c(0, 
    5, 833, 0, 0, 1, 787, 0), .Dim = c(4L, 2L), .Dimnames = list(
        c("-2", "-1", "0", "1"), c("A", "G"))), N = 1626)), `2` = structure(c(0, 
    0, 617, 0, 0, 0, 533, 0), .Dim = c(4L, 2L), .Dimnames = list(
        c("-2", "-1", "0", "1"), c("A", "G"))))))
