Results <-
list(`bwa.out//20220204//BlindCMMRD87_S46.sam` = list(LR46_SNP1 = list(
    All = list(Freqs = structure(c(11L, 1665L, 5L, 7L, 5L, 2253L, 
    2L, 2L, 1L, 18L, 0L, 0L), .Dim = 4:3, .Dimnames = structure(list(
        c("-1", "0", "1", NA), c("G", "T", NA)), .Names = c("", 
    "")), class = "table"), N = 3969L), Tag.Distribution = structure(c(`1` = 66L, 
    `2` = 17L, `3` = 13L, `4` = 14L, `5` = 11L, `6` = 12L, `7` = 8L, 
    `8` = 14L, `9` = 8L, `10` = 12L, `11` = 7L, `12` = 8L, `13` = 6L, 
    `14` = 5L, `15` = 5L, `16` = 6L, `17` = 8L, `18` = 5L, `19` = 9L, 
    `20` = 3L, `21` = 8L, `22` = 7L, `23` = 3L, `24` = 1L, `25` = 4L, 
    `26` = 1L, `27` = 2L, `28` = 6L, `29` = 3L, `30` = 3L, `31` = 4L, 
    `32` = 2L, `33` = 2L, `34` = 1L, `35` = 1L, `36` = 2L, `37` = 2L, 
    `39` = 1L, `43` = 2L, `44` = 1L, `45` = 1L, `47` = 1L, `48` = 1L, 
    `52` = 1L, `54` = 1L, `58` = 1L, `60` = 1L, `61` = 1L, `63` = 1L, 
    `64` = 1L, `78` = 1L), .Dim = 51L, .Dimnames = list(TagUsage = c("1", 
    "2", "3", "4", "5", "6", "7", "8", "9", "10", "11", "12", 
    "13", "14", "15", "16", "17", "18", "19", "20", "21", "22", 
    "23", "24", "25", "26", "27", "28", "29", "30", "31", "32", 
    "33", "34", "35", "36", "37", "39", "43", "44", "45", "47", 
    "48", "52", "54", "58", "60", "61", "63", "64", "78")), class = "table"), 
    No.Tag = structure(c(2L, 87L, 2L, 1L, 0L, 36L, 0L, 0L, 1L, 
    1L, 0L, 0L), .Dim = 4:3, .Dimnames = structure(list(c("-1", 
    "0", "1", NA), c("G", "T", NA)), .Names = c("", "")), class = "table"), 
    All.Tags = list(Concordant = list(Freqs = structure(c(1, 
    136, 0, 0, 140, 0), .Dim = 3:2, .Dimnames = list(c("-1", 
    "0", "1"), c("G", "T"))), N = 277), Majority = list(Freqs = structure(c(1, 
    145, 0, 0, 154, 0), .Dim = 3:2, .Dimnames = list(c("-1", 
    "0", "1"), c("G", "T"))), N = 300)), `2` = structure(c(1, 
    111, 0, 0, 126, 0), .Dim = 3:2, .Dimnames = list(c("-1", 
    "0", "1"), c("G", "T"))))))
