Results <-
list(`bwa.out//20220204//BlindCMMRD62_S21.sam` = list(LR49_SNP1 = list(
    All = list(Freqs = structure(c(0L, 15L, 0L, 0L, 0L, 1L, 0L, 
    0L, 8L, 4449L, 1L, 3L, 0L, 1L, 0L, 0L, 0L, 19L, 0L, 0L), .Dim = 4:5, .Dimnames = structure(list(
        c("-1", "0", "1", NA), c("A", "C", "G", "T", NA)), .Names = c("", 
    "")), class = "table"), N = 4497L), Tag.Distribution = structure(c(`1` = 165L, 
    `2` = 79L, `3` = 63L, `4` = 69L, `5` = 42L, `6` = 45L, `7` = 46L, 
    `8` = 36L, `9` = 31L, `10` = 25L, `11` = 20L, `12` = 19L, 
    `13` = 16L, `14` = 11L, `15` = 13L, `16` = 5L, `17` = 5L, 
    `18` = 6L, `19` = 3L, `20` = 2L, `21` = 3L, `22` = 5L, `23` = 2L, 
    `24` = 2L, `25` = 1L, `26` = 3L, `27` = 3L, `30` = 2L, `34` = 1L, 
    `38` = 1L), .Dim = 30L, .Dimnames = list(TagUsage = c("1", 
    "2", "3", "4", "5", "6", "7", "8", "9", "10", "11", "12", 
    "13", "14", "15", "16", "17", "18", "19", "20", "21", "22", 
    "23", "24", "25", "26", "27", "30", "34", "38")), class = "table"), 
    No.Tag = structure(c(0L, 1L, 0L, 0L, 0L, 0L, 0L, 0L, 0L, 
    128L, 0L, 0L, 0L, 0L, 0L, 0L, 0L, 3L, 0L, 0L), .Dim = 4:5, .Dimnames = structure(list(
        c("-1", "0", "1", NA), c("A", "C", "G", "T", NA)), .Names = c("", 
    "")), class = "table"), All.Tags = list(Concordant = list(
        Freqs = structure(c(0, 3, 0, 0, 0, 0, 0, 703, 0, 0, 0, 
        0), .Dim = 3:4, .Dimnames = list(c("-1", "0", "1"), c("A", 
        "C", "G", "T"))), N = 706), Majority = list(Freqs = structure(c(0, 
    4, 0, 0, 0, 0, 0, 716, 0, 0, 0, 0), .Dim = 3:4, .Dimnames = list(
        c("-1", "0", "1"), c("A", "C", "G", "T"))), N = 720)), 
    `2` = structure(c(0, 1, 0, 0, 0, 0, 0, 558, 0, 0, 0, 0), .Dim = 3:4, .Dimnames = list(
        c("-1", "0", "1"), c("A", "C", "G", "T"))))))
