Results <-
list(`bwa.out//20220204//BlindCMMRD43_S3.sam` = list(LR44_SNP1 = list(
    All = list(Freqs = structure(c(5L, 0L, 1L, 17L, 0L, 0L, 0L, 
    1L, 16L, 481L, 3398L, 57L, 2L, 16L, 0L, 0L, 1L, 60L, 0L, 
    1L, 0L), .Dim = c(7L, 3L), .Dimnames = structure(list(c("-3", 
    "-2", "-1", "0", "1", "2", NA), c("C", "T", NA)), .Names = c("", 
    "")), class = "table"), N = 4056L), Tag.Distribution = structure(c(`1` = 97L, 
    `2` = 44L, `3` = 37L, `4` = 31L, `5` = 33L, `6` = 23L, `7` = 19L, 
    `8` = 24L, `9` = 18L, `10` = 16L, `11` = 9L, `12` = 14L, 
    `13` = 8L, `14` = 13L, `15` = 5L, `16` = 4L, `17` = 6L, `18` = 8L, 
    `19` = 8L, `20` = 3L, `21` = 3L, `22` = 12L, `23` = 3L, `24` = 4L, 
    `25` = 5L, `26` = 5L, `27` = 3L, `28` = 5L, `29` = 6L, `30` = 4L, 
    `31` = 2L, `34` = 1L, `38` = 1L, `39` = 2L), .Dim = 34L, .Dimnames = list(
        TagUsage = c("1", "2", "3", "4", "5", "6", "7", "8", 
        "9", "10", "11", "12", "13", "14", "15", "16", "17", 
        "18", "19", "20", "21", "22", "23", "24", "25", "26", 
        "27", "28", "29", "30", "31", "34", "38", "39")), class = "table"), 
    No.Tag = structure(c(1L, 0L, 0L, 1L, 0L, 0L, 0L, 0L, 1L, 
    9L, 48L, 1L, 0L, 0L, 0L, 0L, 0L, 1L, 0L, 0L, 0L), .Dim = c(7L, 
    3L), .Dimnames = structure(list(c("-3", "-2", "-1", "0", 
    "1", "2", NA), c("C", "T", NA)), .Names = c("", "")), class = "table"), 
    All.Tags = list(Concordant = list(Freqs = structure(c(3, 
    0, 1, 14, 0, 0, 0, 1, 19, 246, 4, 0), .Dim = c(6L, 2L), .Dimnames = list(
        c("-3", "-2", "-1", "0", "1", "2"), c("C", "T"))), N = 288), 
        Majority = list(Freqs = structure(c(3, 0, 1, 14, 0, 0, 
        0, 1, 34, 407, 4, 0), .Dim = c(6L, 2L), .Dimnames = list(
            c("-3", "-2", "-1", "0", "1", "2"), c("C", "T"))), 
            N = 464)), `2` = structure(c(1, 0, 0, 0, 0, 0, 0, 
    0, 27, 340, 1, 0), .Dim = c(6L, 2L), .Dimnames = list(c("-3", 
    "-2", "-1", "0", "1", "2"), c("C", "T"))))))
