Results <-
list(`bwa.out//20220204//BlindCMMRD49_S9.sam` = list(LR49_SNP1 = list(
    All = list(Freqs = structure(c(0L, 0L, 7L, 0L, 0L, 1L, 193L, 
    4967L, 3L, 10L, 0L, 0L, 15L, 0L, 0L), .Dim = c(5L, 3L), .Dimnames = structure(list(
        c("-2", "-1", "0", "1", NA), c("A", "G", NA)), .Names = c("", 
    "")), class = "table"), N = 5196L), Tag.Distribution = structure(c(`1` = 65L, 
    `2` = 20L, `3` = 9L, `4` = 12L, `5` = 13L, `6` = 7L, `7` = 12L, 
    `8` = 13L, `9` = 8L, `10` = 6L, `11` = 7L, `12` = 2L, `13` = 6L, 
    `14` = 8L, `15` = 5L, `16` = 7L, `17` = 1L, `18` = 6L, `19` = 6L, 
    `20` = 3L, `21` = 6L, `22` = 8L, `23` = 4L, `24` = 4L, `25` = 5L, 
    `26` = 3L, `27` = 3L, `28` = 7L, `29` = 2L, `30` = 4L, `31` = 3L, 
    `32` = 4L, `33` = 2L, `34` = 3L, `35` = 2L, `36` = 4L, `37` = 2L, 
    `38` = 1L, `40` = 1L, `41` = 2L, `42` = 1L, `43` = 1L, `44` = 2L, 
    `47` = 1L, `48` = 1L, `50` = 2L, `51` = 2L, `52` = 1L, `54` = 1L, 
    `56` = 1L, `57` = 1L, `59` = 1L, `60` = 1L, `62` = 1L, `63` = 1L, 
    `66` = 1L, `67` = 1L, `73` = 2L, `76` = 1L, `77` = 1L, `79` = 1L, 
    `83` = 1L, `91` = 1L, `128` = 1L), .Dim = 64L, .Dimnames = list(
        TagUsage = c("1", "2", "3", "4", "5", "6", "7", "8", 
        "9", "10", "11", "12", "13", "14", "15", "16", "17", 
        "18", "19", "20", "21", "22", "23", "24", "25", "26", 
        "27", "28", "29", "30", "31", "32", "33", "34", "35", 
        "36", "37", "38", "40", "41", "42", "43", "44", "47", 
        "48", "50", "51", "52", "54", "56", "57", "59", "60", 
        "62", "63", "66", "67", "73", "76", "77", "79", "83", 
        "91", "128")), class = "table"), No.Tag = structure(c(0L, 
    0L, 1L, 0L, 0L, 0L, 3L, 75L, 0L, 0L, 0L, 0L, 2L, 0L, 0L), .Dim = c(5L, 
    3L), .Dimnames = structure(list(c("-2", "-1", "0", "1", NA
    ), c("A", "G", NA)), .Names = c("", "")), class = "table"), 
    All.Tags = list(Concordant = list(Freqs = structure(c(0, 
    0, 3, 0, 0, 6, 285, 0), .Dim = c(4L, 2L), .Dimnames = list(
        c("-2", "-1", "0", "1"), c("A", "G"))), N = 294), Majority = list(
        Freqs = structure(c(0, 0, 3, 0, 0, 8, 303, 0), .Dim = c(4L, 
        2L), .Dimnames = list(c("-2", "-1", "0", "1"), c("A", 
        "G"))), N = 314)), `2` = structure(c(0, 0, 0, 0, 0, 6, 
    243, 0), .Dim = c(4L, 2L), .Dimnames = list(c("-2", "-1", 
    "0", "1"), c("A", "G"))))))
