Results <-
list(`bwa.out//20220204//Control18_S11.sam` = list(LR40_SNP1 = list(
    All = list(Freqs = structure(c(51L, 3049L, 8L, 6L, 0L, 13L, 
    0L, 0L), .Dim = c(4L, 2L), .Dimnames = structure(list(c("-1", 
    "0", "1", NA), c("C", NA)), .Names = c("", "")), class = "table"), 
        N = 3127L), Tag.Distribution = structure(c(`1` = 75L, 
    `2` = 56L, `3` = 40L, `4` = 34L, `5` = 39L, `6` = 26L, `7` = 16L, 
    `8` = 24L, `9` = 11L, `10` = 16L, `11` = 12L, `12` = 11L, 
    `13` = 8L, `14` = 3L, `15` = 7L, `16` = 3L, `17` = 6L, `18` = 5L, 
    `19` = 9L, `20` = 5L, `21` = 5L, `22` = 4L, `23` = 1L, `24` = 2L, 
    `27` = 2L, `28` = 1L, `29` = 1L, `31` = 1L, `33` = 2L, `34` = 1L, 
    `53` = 1L), .Dim = 31L, .Dimnames = list(TagUsage = c("1", 
    "2", "3", "4", "5", "6", "7", "8", "9", "10", "11", "12", 
    "13", "14", "15", "16", "17", "18", "19", "20", "21", "22", 
    "23", "24", "27", "28", "29", "31", "33", "34", "53")), class = "table"), 
    No.Tag = structure(c(3L, 179L, 0L, 0L, 0L, 3L, 0L, 0L), .Dim = c(4L, 
    2L), .Dimnames = structure(list(c("-1", "0", "1", NA), c("C", 
    NA)), .Names = c("", "")), class = "table"), All.Tags = list(
        Concordant = list(Freqs = structure(c(1, 387, 1), .Dim = c(3L, 
        1L), .Dimnames = list(c("-1", "0", "1"), "C")), N = 389), 
        Majority = list(Freqs = structure(c(2, 421, 1), .Dim = c(3L, 
        1L), .Dimnames = list(c("-1", "0", "1"), "C")), N = 424)), 
    `2` = structure(c(1, 350, 0), .Dim = c(3L, 1L), .Dimnames = list(
        c("-1", "0", "1"), "C")))))
