Results <-
list(`bwa.out//20220204//BlindCMMRD94_S53.sam` = list(IM16_SNP1 = list(
    All = list(Freqs = structure(c(15L, 2249L, 36L, 1L, 1L, 15L, 
    2282L, 20L, 0L, 6L, 0L, 54L, 3L, 1L, 0L), .Dim = c(5L, 3L
    ), .Dimnames = structure(list(c("-1", "0", "1", "2", NA), 
        c("A", "G", NA)), .Names = c("", "")), class = "table"), 
        N = 4683L), Tag.Distribution = structure(c(`1` = 114L, 
    `2` = 65L, `3` = 66L, `4` = 42L, `5` = 47L, `6` = 33L, `7` = 31L, 
    `8` = 26L, `9` = 19L, `10` = 13L, `11` = 14L, `12` = 20L, 
    `13` = 16L, `14` = 11L, `15` = 12L, `16` = 10L, `17` = 6L, 
    `18` = 8L, `19` = 10L, `20` = 4L, `21` = 11L, `22` = 4L, 
    `23` = 4L, `24` = 2L, `25` = 6L, `26` = 3L, `27` = 3L, `28` = 3L, 
    `29` = 2L, `30` = 3L, `31` = 1L, `35` = 1L, `39` = 1L, `42` = 1L, 
    `51` = 1L), .Dim = 35L, .Dimnames = list(TagUsage = c("1", 
    "2", "3", "4", "5", "6", "7", "8", "9", "10", "11", "12", 
    "13", "14", "15", "16", "17", "18", "19", "20", "21", "22", 
    "23", "24", "25", "26", "27", "28", "29", "30", "31", "35", 
    "39", "42", "51")), class = "table"), No.Tag = structure(c(0L, 
    55L, 1L, 0L, 1L, 0L, 31L, 0L, 0L, 1L, 0L, 15L, 0L, 0L, 0L
    ), .Dim = c(5L, 3L), .Dimnames = structure(list(c("-1", "0", 
    "1", "2", NA), c("A", "G", NA)), .Names = c("", "")), class = "table"), 
    All.Tags = list(Concordant = list(Freqs = structure(c(1, 
    243, 3, 0, 2, 269, 2, 0), .Dim = c(4L, 2L), .Dimnames = list(
        c("-1", "0", "1", "2"), c("A", "G"))), N = 520), Majority = list(
        Freqs = structure(c(1, 294, 3, 0, 2, 302, 3, 0), .Dim = c(4L, 
        2L), .Dimnames = list(c("-1", "0", "1", "2"), c("A", 
        "G"))), N = 605)), `2` = structure(c(0, 244, 2, 0, 1, 
    247, 2, 0), .Dim = c(4L, 2L), .Dimnames = list(c("-1", "0", 
    "1", "2"), c("A", "G"))))))
