Results <-
list(`bwa.out//20220204//BlindCMMRD87_S46.sam` = list(LR10_SNP1 = list(
    All = list(Freqs = structure(c(0L, 0L, 1L, 0L, 0L, 0L, 0L, 
    0L, 8L, 0L, 0L, 0L, 2L, 64L, 4673L, 21L, 1L, 8L, 1L, 0L, 
    40L, 1L, 0L, 0L), .Dim = c(6L, 4L), .Dimnames = structure(list(
        c("-2", "-1", "0", "1", "2", NA), c("A", "C", "T", NA
        )), .Names = c("", "")), class = "table"), N = 4820L), 
    Tag.Distribution = structure(c(`1` = 81L, `2` = 25L, `3` = 21L, 
    `4` = 20L, `5` = 14L, `6` = 22L, `7` = 19L, `8` = 10L, `9` = 10L, 
    `10` = 14L, `11` = 8L, `12` = 11L, `13` = 9L, `14` = 3L, 
    `15` = 7L, `16` = 6L, `17` = 6L, `18` = 5L, `19` = 8L, `20` = 6L, 
    `21` = 6L, `22` = 3L, `23` = 1L, `24` = 3L, `25` = 1L, `26` = 2L, 
    `27` = 2L, `28` = 2L, `29` = 3L, `30` = 2L, `31` = 4L, `32` = 2L, 
    `33` = 3L, `34` = 2L, `35` = 4L, `36` = 6L, `37` = 4L, `38` = 1L, 
    `39` = 4L, `40` = 1L, `41` = 1L, `42` = 2L, `43` = 3L, `44` = 2L, 
    `45` = 2L, `47` = 3L, `48` = 1L, `50` = 2L, `54` = 1L, `57` = 2L, 
    `58` = 1L, `60` = 1L, `68` = 1L), .Dim = 53L, .Dimnames = list(
        TagUsage = c("1", "2", "3", "4", "5", "6", "7", "8", 
        "9", "10", "11", "12", "13", "14", "15", "16", "17", 
        "18", "19", "20", "21", "22", "23", "24", "25", "26", 
        "27", "28", "29", "30", "31", "32", "33", "34", "35", 
        "36", "37", "38", "39", "40", "41", "42", "43", "44", 
        "45", "47", "48", "50", "54", "57", "58", "60", "68")), class = "table"), 
    No.Tag = structure(c(0L, 0L, 0L, 0L, 0L, 0L, 0L, 0L, 1L, 
    0L, 0L, 0L, 0L, 2L, 61L, 1L, 0L, 0L, 0L, 0L, 2L, 1L, 0L, 
    0L), .Dim = c(6L, 4L), .Dimnames = structure(list(c("-2", 
    "-1", "0", "1", "2", NA), c("A", "C", "T", NA)), .Names = c("", 
    "")), class = "table"), All.Tags = list(Concordant = list(
        Freqs = structure(c(0, 0, 0, 0, 0, 0, 0, 4, 0, 0, 0, 
        0, 304, 1, 0), .Dim = c(5L, 3L), .Dimnames = list(c("-2", 
        "-1", "0", "1", "2"), c("A", "C", "T"))), N = 309), Majority = list(
        Freqs = structure(c(0, 0, 0, 0, 0, 0, 0, 4, 0, 0, 0, 
        0, 366, 1, 0), .Dim = c(5L, 3L), .Dimnames = list(c("-2", 
        "-1", "0", "1", "2"), c("A", "C", "T"))), N = 371)), 
    `2` = structure(c(0, 0, 0, 0, 0, 0, 0, 0, 0, 0, 0, 0, 296, 
    0, 0), .Dim = c(5L, 3L), .Dimnames = list(c("-2", "-1", "0", 
    "1", "2"), c("A", "C", "T"))))))
