Results <-
list(`bwa.out//20220204//BlindCMMRD71_S30.sam` = list(GM14_SNP1 = list(
    All = list(Freqs = structure(c(0L, 0L, 4L, 0L, 0L, 7L, 109L, 
    4584L, 25L, 2L, 0L, 0L, 47L, 0L, 0L), .Dim = c(5L, 3L), .Dimnames = structure(list(
        c("-2", "-1", "0", "1", NA), c("C", "T", NA)), .Names = c("", 
    "")), class = "table"), N = 4778L), Tag.Distribution = structure(c(`1` = 62L, 
    `2` = 18L, `3` = 15L, `4` = 16L, `5` = 10L, `6` = 18L, `7` = 13L, 
    `8` = 14L, `9` = 10L, `10` = 16L, `11` = 7L, `12` = 14L, 
    `13` = 14L, `14` = 11L, `15` = 3L, `16` = 8L, `17` = 5L, 
    `18` = 5L, `19` = 5L, `20` = 3L, `21` = 7L, `22` = 7L, `23` = 3L, 
    `24` = 3L, `25` = 3L, `26` = 5L, `27` = 4L, `28` = 2L, `29` = 3L, 
    `30` = 3L, `31` = 5L, `32` = 3L, `33` = 2L, `34` = 3L, `35` = 3L, 
    `36` = 1L, `37` = 2L, `38` = 3L, `39` = 1L, `40` = 1L, `41` = 1L, 
    `42` = 2L, `43` = 2L, `44` = 1L, `45` = 2L, `46` = 2L, `47` = 1L, 
    `48` = 1L, `49` = 2L, `54` = 1L, `55` = 2L, `57` = 1L, `66` = 1L
    ), .Dim = 53L, .Dimnames = list(TagUsage = c("1", "2", "3", 
    "4", "5", "6", "7", "8", "9", "10", "11", "12", "13", "14", 
    "15", "16", "17", "18", "19", "20", "21", "22", "23", "24", 
    "25", "26", "27", "28", "29", "30", "31", "32", "33", "34", 
    "35", "36", "37", "38", "39", "40", "41", "42", "43", "44", 
    "45", "46", "47", "48", "49", "54", "55", "57", "66")), class = "table"), 
    No.Tag = structure(c(0L, 0L, 0L, 0L, 0L, 0L, 3L, 132L, 2L, 
    0L, 0L, 0L, 7L, 0L, 0L), .Dim = c(5L, 3L), .Dimnames = structure(list(
        c("-2", "-1", "0", "1", NA), c("C", "T", NA)), .Names = c("", 
    "")), class = "table"), All.Tags = list(Concordant = list(
        Freqs = structure(c(0, 0, 3, 0, 0, 2, 243, 1), .Dim = c(4L, 
        2L), .Dimnames = list(c("-2", "-1", "0", "1"), c("C", 
        "T"))), N = 249), Majority = list(Freqs = structure(c(0, 
    0, 3, 0, 0, 2, 340, 1), .Dim = c(4L, 2L), .Dimnames = list(
        c("-2", "-1", "0", "1"), c("C", "T"))), N = 346)), `2` = structure(c(0, 
    0, 0, 0, 0, 1, 286, 1), .Dim = c(4L, 2L), .Dimnames = list(
        c("-2", "-1", "0", "1"), c("C", "T"))))))
