Results <-
list(`bwa.out//20220204//BlindCMMRD81_S40.sam` = list(GM07_SNP1 = list(
    All = list(Freqs = structure(c(2L, 102L, 2081L, 57L, 2L, 
    18L, 1L, 113L, 2002L, 36L, 1L, 25L, 0L, 0L, 67L, 2L, 0L, 
    0L), .Dim = c(6L, 3L), .Dimnames = structure(list(c("-2", 
    "-1", "0", "1", "2", NA), c("A", "G", NA)), .Names = c("", 
    "")), class = "table"), N = 4509L), Tag.Distribution = structure(c(`1` = 102L, 
    `2` = 46L, `3` = 26L, `4` = 35L, `5` = 32L, `6` = 33L, `7` = 24L, 
    `8` = 27L, `9` = 15L, `10` = 17L, `11` = 19L, `12` = 10L, 
    `13` = 12L, `14` = 9L, `15` = 12L, `16` = 8L, `17` = 16L, 
    `18` = 5L, `19` = 9L, `20` = 8L, `21` = 6L, `22` = 4L, `23` = 6L, 
    `24` = 1L, `25` = 6L, `26` = 5L, `27` = 4L, `28` = 1L, `29` = 1L, 
    `30` = 1L, `32` = 1L, `33` = 2L, `35` = 2L, `37` = 1L, `51` = 1L
    ), .Dim = 35L, .Dimnames = list(TagUsage = c("1", "2", "3", 
    "4", "5", "6", "7", "8", "9", "10", "11", "12", "13", "14", 
    "15", "16", "17", "18", "19", "20", "21", "22", "23", "24", 
    "25", "26", "27", "28", "29", "30", "32", "33", "35", "37", 
    "51")), class = "table"), No.Tag = structure(c(0L, 4L, 145L, 
    5L, 0L, 2L, 1L, 10L, 144L, 5L, 0L, 8L, 0L, 0L, 6L, 1L, 0L, 
    0L), .Dim = c(6L, 3L), .Dimnames = structure(list(c("-2", 
    "-1", "0", "1", "2", NA), c("A", "G", NA)), .Names = c("", 
    "")), class = "table"), All.Tags = list(Concordant = list(
        Freqs = structure(c(0, 4, 150, 0, 0, 0, 1, 162, 0, 0), .Dim = c(5L, 
        2L), .Dimnames = list(c("-2", "-1", "0", "1", "2"), c("A", 
        "G"))), N = 317), Majority = list(Freqs = structure(c(0, 
    5, 237, 1, 0, 0, 2, 242, 0, 0), .Dim = c(5L, 2L), .Dimnames = list(
        c("-2", "-1", "0", "1", "2"), c("A", "G"))), N = 487)), 
    `2` = structure(c(0, 1, 195, 1, 0, 0, 1, 196, 0, 0), .Dim = c(5L, 
    2L), .Dimnames = list(c("-2", "-1", "0", "1", "2"), c("A", 
    "G"))))))
