Results <-
list(`bwa.out//20220204//BlindCMMRD82_S41.sam` = list(LR52_SNP1 = list(
    All = list(Freqs = structure(c(1L, 61L, 501L, 1465L, 17L, 
    51L, 0L, 14L, 216L, 1980L, 31L, 19L, 1L, 1L, 34L, 557L, 4L, 
    0L), .Dim = c(6L, 3L), .Dimnames = structure(list(c("-3", 
    "-2", "-1", "0", "1", NA), c("C", "T", NA)), .Names = c("", 
    "")), class = "table"), N = 4953L), Tag.Distribution = structure(c(`1` = 93L, 
    `2` = 47L, `3` = 54L, `4` = 47L, `5` = 37L, `6` = 33L, `7` = 27L, 
    `8` = 44L, `9` = 33L, `10` = 25L, `11` = 20L, `12` = 18L, 
    `13` = 12L, `14` = 14L, `15` = 16L, `16` = 12L, `17` = 12L, 
    `18` = 11L, `19` = 1L, `20` = 10L, `21` = 11L, `22` = 7L, 
    `23` = 5L, `24` = 5L, `25` = 2L, `27` = 3L, `28` = 1L, `29` = 2L, 
    `30` = 1L, `32` = 1L, `34` = 1L, `37` = 1L, `39` = 1L), .Dim = 33L, .Dimnames = list(
        TagUsage = c("1", "2", "3", "4", "5", "6", "7", "8", 
        "9", "10", "11", "12", "13", "14", "15", "16", "17", 
        "18", "19", "20", "21", "22", "23", "24", "25", "27", 
        "28", "29", "30", "32", "34", "37", "39")), class = "table"), 
    No.Tag = structure(c(0L, 1L, 5L, 34L, 0L, 1L, 0L, 0L, 0L, 
    32L, 0L, 2L, 0L, 0L, 1L, 19L, 0L, 0L), .Dim = c(6L, 3L), .Dimnames = structure(list(
        c("-3", "-2", "-1", "0", "1", NA), c("C", "T", NA)), .Names = c("", 
    "")), class = "table"), All.Tags = list(Concordant = list(
        Freqs = structure(c(0, 5, 22, 135, 2, 0, 0, 10, 152, 
        4), .Dim = c(5L, 2L), .Dimnames = list(c("-3", "-2", 
        "-1", "0", "1"), c("C", "T"))), N = 330), Majority = list(
        Freqs = structure(c(0, 5, 50, 232, 2, 0, 0, 12, 262, 
        5), .Dim = c(5L, 2L), .Dimnames = list(c("-3", "-2", 
        "-1", "0", "1"), c("C", "T"))), N = 568)), `2` = structure(c(0, 
    2, 41, 213, 1, 0, 0, 6, 231, 3), .Dim = c(5L, 2L), .Dimnames = list(
        c("-3", "-2", "-1", "0", "1"), c("C", "T"))))))
