Results <-
list(`bwa.out//20220204//BlindCMMRD53_S12.sam` = list(IM49_SNP1 = list(
    All = list(Freqs = structure(c(1L, 139L, 3551L, 59L, 1L, 
    38L, 0L, 0L, 3L, 0L, 0L, 3L, 0L, 1L, 186L, 4L, 0L, 0L), .Dim = c(6L, 
    3L), .Dimnames = structure(list(c("-2", "-1", "0", "1", "2", 
    NA), c("C", "G", NA)), .Names = c("", "")), class = "table"), 
        N = 3986L), Tag.Distribution = structure(c(`1` = 224L, 
    `2` = 66L, `3` = 61L, `4` = 61L, `5` = 32L, `6` = 34L, `7` = 37L, 
    `8` = 21L, `9` = 33L, `10` = 19L, `11` = 16L, `12` = 13L, 
    `13` = 9L, `14` = 10L, `15` = 7L, `16` = 5L, `17` = 12L, 
    `18` = 4L, `19` = 6L, `20` = 7L, `22` = 8L, `23` = 5L, `24` = 1L, 
    `25` = 2L, `26` = 3L, `28` = 1L, `30` = 1L, `32` = 1L), .Dim = 28L, .Dimnames = list(
        TagUsage = c("1", "2", "3", "4", "5", "6", "7", "8", 
        "9", "10", "11", "12", "13", "14", "15", "16", "17", 
        "18", "19", "20", "22", "23", "24", "25", "26", "28", 
        "30", "32")), class = "table"), No.Tag = structure(c(0L, 
    1L, 76L, 2L, 0L, 1L, 0L, 0L, 0L, 0L, 0L, 0L, 0L, 0L, 8L, 
    0L, 0L, 0L), .Dim = c(6L, 3L), .Dimnames = structure(list(
        c("-2", "-1", "0", "1", "2", NA), c("C", "G", NA)), .Names = c("", 
    "")), class = "table"), All.Tags = list(Concordant = list(
        Freqs = structure(c(0, 10, 510, 1, 0, 0, 0, 1, 0, 0), .Dim = c(5L, 
        2L), .Dimnames = list(c("-2", "-1", "0", "1", "2"), c("C", 
        "G"))), N = 522), Majority = list(Freqs = structure(c(0, 
    10, 631, 1, 0, 0, 0, 1, 0, 0), .Dim = c(5L, 2L), .Dimnames = list(
        c("-2", "-1", "0", "1", "2"), c("C", "G"))), N = 643)), 
    `2` = structure(c(0, 5, 468, 0, 0, 0, 0, 0, 0, 0), .Dim = c(5L, 
    2L), .Dimnames = list(c("-2", "-1", "0", "1", "2"), c("C", 
    "G"))))))
