Results <-
list(`bwa.out//20220204//Control13_S6.sam` = list(LR48_SNP1 = list(
    All = list(Freqs = structure(c(2L, 56L, 1992L, 31L, 11L, 
    0L, 1L, 26L, 0L, 0L), .Dim = c(5L, 2L), .Dimnames = structure(list(
        c("-2", "-1", "0", "1", NA), c("C", NA)), .Names = c("", 
    "")), class = "table"), N = 2119L), Tag.Distribution = structure(c(`1` = 59L, 
    `2` = 25L, `3` = 17L, `4` = 25L, `5` = 16L, `6` = 12L, `7` = 9L, 
    `8` = 10L, `9` = 8L, `10` = 8L, `11` = 9L, `12` = 5L, `13` = 9L, 
    `14` = 9L, `15` = 4L, `16` = 5L, `17` = 2L, `18` = 2L, `19` = 3L, 
    `20` = 3L, `21` = 4L, `22` = 1L, `23` = 1L, `24` = 3L, `25` = 1L, 
    `26` = 2L, `28` = 1L, `29` = 1L, `30` = 4L, `31` = 3L, `35` = 1L
    ), .Dim = 31L, .Dimnames = list(TagUsage = c("1", "2", "3", 
    "4", "5", "6", "7", "8", "9", "10", "11", "12", "13", "14", 
    "15", "16", "17", "18", "19", "20", "21", "22", "23", "24", 
    "25", "26", "28", "29", "30", "31", "35")), class = "table"), 
    No.Tag = structure(c(0L, 2L, 94L, 0L, 2L, 0L, 0L, 2L, 0L, 
    0L), .Dim = c(5L, 2L), .Dimnames = structure(list(c("-2", 
    "-1", "0", "1", NA), c("C", NA)), .Names = c("", "")), class = "table"), 
    All.Tags = list(Concordant = list(Freqs = structure(c(0, 
    0, 190, 2), .Dim = c(4L, 1L), .Dimnames = list(c("-2", "-1", 
    "0", "1"), "C")), N = 192), Majority = list(Freqs = structure(c(0, 
    0, 249, 2), .Dim = c(4L, 1L), .Dimnames = list(c("-2", "-1", 
    "0", "1"), "C")), N = 251)), `2` = structure(c(0, 0, 197, 
    0), .Dim = c(4L, 1L), .Dimnames = list(c("-2", "-1", "0", 
    "1"), "C")))))
