Results <-
list(`bwa.out//20220204//BlindCMMRD83_S42.sam` = list(LR10_SNP1 = list(
    All = list(Freqs = structure(c(0L, 4L, 0L, 69L, 4193L, 14L, 
    0L, 33L, 0L), .Dim = c(3L, 3L), .Dimnames = structure(list(
        c("-1", "0", "1"), c("C", "T", NA)), .Names = c("", ""
    )), class = "table"), N = 4313L), Tag.Distribution = structure(c(`1` = 98L, 
    `2` = 43L, `3` = 38L, `4` = 33L, `5` = 28L, `6` = 29L, `7` = 26L, 
    `8` = 17L, `9` = 18L, `10` = 13L, `11` = 11L, `12` = 11L, 
    `13` = 9L, `14` = 12L, `15` = 6L, `16` = 8L, `17` = 4L, `18` = 10L, 
    `19` = 4L, `20` = 3L, `21` = 4L, `22` = 4L, `23` = 8L, `24` = 5L, 
    `25` = 3L, `27` = 1L, `28` = 7L, `29` = 7L, `30` = 3L, `31` = 3L, 
    `32` = 3L, `33` = 1L, `34` = 2L, `35` = 1L, `36` = 2L, `37` = 2L, 
    `38` = 1L, `39` = 1L, `40` = 1L, `41` = 1L, `43` = 1L), .Dim = 41L, .Dimnames = list(
        TagUsage = c("1", "2", "3", "4", "5", "6", "7", "8", 
        "9", "10", "11", "12", "13", "14", "15", "16", "17", 
        "18", "19", "20", "21", "22", "23", "24", "25", "27", 
        "28", "29", "30", "31", "32", "33", "34", "35", "36", 
        "37", "38", "39", "40", "41", "43")), class = "table"), 
    No.Tag = structure(c(0L, 0L, 0L, 0L, 0L, 79L, 0L, 0L, 0L, 
    1L, 0L, 0L), .Dim = 4:3, .Dimnames = structure(list(c("-1", 
    "0", "1", NA), c("C", "T", NA)), .Names = c("", "")), class = "table"), 
    All.Tags = list(Concordant = list(Freqs = structure(c(0, 
    3, 0, 2, 420, 0), .Dim = 3:2, .Dimnames = list(c("-1", "0", 
    "1"), c("C", "T"))), N = 425), Majority = list(Freqs = structure(c(0, 
    3, 0, 3, 474, 0), .Dim = 3:2, .Dimnames = list(c("-1", "0", 
    "1"), c("C", "T"))), N = 480)), `2` = structure(c(0, 0, 0, 
    2, 382, 0), .Dim = 3:2, .Dimnames = list(c("-1", "0", "1"
    ), c("C", "T"))))))
