Results <-
list(`bwa.out//20220204//BlindCMMRD79_S38.sam` = list(GM14_SNP1 = list(
    All = list(Freqs = structure(c(4L, 77L, 2828L, 18L, 10L, 
    0L, 0L, 1L, 0L, 0L, 0L, 0L, 16L, 0L, 0L), .Dim = c(5L, 3L
    ), .Dimnames = structure(list(c("-2", "-1", "0", "1", NA), 
        c("C", "T", NA)), .Names = c("", "")), class = "table"), 
        N = 2954L), Tag.Distribution = structure(c(`1` = 72L, 
    `2` = 52L, `3` = 43L, `4` = 31L, `5` = 36L, `6` = 29L, `7` = 20L, 
    `8` = 19L, `9` = 13L, `10` = 6L, `11` = 19L, `12` = 12L, 
    `13` = 15L, `14` = 12L, `15` = 8L, `16` = 8L, `17` = 6L, 
    `18` = 8L, `19` = 6L, `20` = 1L, `21` = 2L, `22` = 3L, `23` = 1L, 
    `24` = 1L, `25` = 2L, `26` = 1L, `27` = 1L, `29` = 1L), .Dim = 28L, .Dimnames = list(
        TagUsage = c("1", "2", "3", "4", "5", "6", "7", "8", 
        "9", "10", "11", "12", "13", "14", "15", "16", "17", 
        "18", "19", "20", "21", "22", "23", "24", "25", "26", 
        "27", "29")), class = "table"), No.Tag = structure(c(1L, 
    3L, 65L, 1L, 0L, 0L, 0L, 0L, 0L, 0L, 0L, 0L, 1L, 0L, 0L), .Dim = c(5L, 
    3L), .Dimnames = structure(list(c("-2", "-1", "0", "1", NA
    ), c("C", "T", NA)), .Names = c("", "")), class = "table"), 
    All.Tags = list(Concordant = list(Freqs = structure(c(0, 
    2, 350, 1, 0, 0, 1, 0), .Dim = c(4L, 2L), .Dimnames = list(
        c("-2", "-1", "0", "1"), c("C", "T"))), N = 354), Majority = list(
        Freqs = structure(c(0, 3, 420, 1, 0, 0, 1, 0), .Dim = c(4L, 
        2L), .Dimnames = list(c("-2", "-1", "0", "1"), c("C", 
        "T"))), N = 425)), `2` = structure(c(0, 1, 352, 1, 0, 
    0, 0, 0), .Dim = c(4L, 2L), .Dimnames = list(c("-2", "-1", 
    "0", "1"), c("C", "T"))))))
