Results <-
list(`bwa.out//20220204//BlindCMMRD45_S5.sam` = list(LR52_SNP1 = list(
    All = list(Freqs = structure(c(1L, 27L, 353L, 2498L, 15L, 
    57L, 0L, 0L, 0L, 2L, 0L, 0L, 0L, 0L, 27L, 909L, 5L, 0L), .Dim = c(6L, 
    3L), .Dimnames = structure(list(c("-4", "-2", "-1", "0", 
    "1", NA), c("C", "T", NA)), .Names = c("", "")), class = "table"), 
        N = 3894L), Tag.Distribution = structure(c(`1` = 26L, 
    `2` = 16L, `3` = 25L, `4` = 4L, `5` = 10L, `6` = 6L, `7` = 12L, 
    `8` = 15L, `9` = 11L, `10` = 9L, `11` = 13L, `12` = 7L, `13` = 6L, 
    `14` = 6L, `15` = 2L, `16` = 5L, `17` = 6L, `18` = 5L, `19` = 3L, 
    `21` = 1L, `22` = 6L, `23` = 7L, `24` = 5L, `25` = 3L, `28` = 2L, 
    `29` = 5L, `30` = 3L, `32` = 8L, `33` = 3L, `34` = 1L, `35` = 2L, 
    `36` = 2L, `37` = 4L, `38` = 2L, `39` = 2L, `40` = 1L, `41` = 2L, 
    `42` = 1L, `43` = 1L, `44` = 2L, `45` = 1L, `47` = 2L, `48` = 1L, 
    `50` = 2L, `53` = 1L, `64` = 1L, `65` = 1L, `85` = 1L), .Dim = 48L, .Dimnames = list(
        TagUsage = c("1", "2", "3", "4", "5", "6", "7", "8", 
        "9", "10", "11", "12", "13", "14", "15", "16", "17", 
        "18", "19", "21", "22", "23", "24", "25", "28", "29", 
        "30", "32", "33", "34", "35", "36", "37", "38", "39", 
        "40", "41", "42", "43", "44", "45", "47", "48", "50", 
        "53", "64", "65", "85")), class = "table"), No.Tag = structure(c(0L, 
    1L, 3L, 20L, 0L, 0L, 0L, 0L, 0L, 0L, 0L, 0L, 0L, 0L, 1L, 
    11L, 0L, 0L), .Dim = c(6L, 3L), .Dimnames = structure(list(
        c("-4", "-2", "-1", "0", "1", NA), c("C", "T", NA)), .Names = c("", 
    "")), class = "table"), All.Tags = list(Concordant = list(
        Freqs = structure(c(0, 0, 5, 107, 3, 0, 0, 0, 1, 0), .Dim = c(5L, 
        2L), .Dimnames = list(c("-4", "-2", "-1", "0", "1"), 
            c("C", "T"))), N = 116), Majority = list(Freqs = structure(c(0, 
    0, 8, 231, 3, 0, 0, 0, 1, 0), .Dim = c(5L, 2L), .Dimnames = list(
        c("-4", "-2", "-1", "0", "1"), c("C", "T"))), N = 243)), 
    `2` = structure(c(0, 0, 6, 219, 0, 0, 0, 0, 0, 0), .Dim = c(5L, 
    2L), .Dimnames = list(c("-4", "-2", "-1", "0", "1"), c("C", 
    "T"))))))
