Results <-
list(`bwa.out//20220204//Control26_S19.sam` = list(LR20_SNP1 = list(
    All = list(Freqs = structure(c(4L, 3183L, 7L, 2L, 0L, 1L, 
    0L, 0L, 0L, 24L, 0L, 0L), .Dim = 4:3, .Dimnames = structure(list(
        c("-1", "0", "1", NA), c("A", "G", NA)), .Names = c("", 
    "")), class = "table"), N = 3221L), Tag.Distribution = structure(c(`1` = 134L, 
    `2` = 55L, `3` = 47L, `4` = 37L, `5` = 25L, `6` = 34L, `7` = 34L, 
    `8` = 22L, `9` = 18L, `10` = 12L, `11` = 18L, `12` = 14L, 
    `13` = 12L, `14` = 7L, `15` = 6L, `16` = 9L, `17` = 6L, `18` = 3L, 
    `19` = 5L, `20` = 4L, `21` = 2L, `22` = 3L, `23` = 2L, `24` = 2L, 
    `25` = 1L, `27` = 1L, `28` = 2L, `29` = 1L, `32` = 1L, `34` = 1L
    ), .Dim = 30L, .Dimnames = list(TagUsage = c("1", "2", "3", 
    "4", "5", "6", "7", "8", "9", "10", "11", "12", "13", "14", 
    "15", "16", "17", "18", "19", "20", "21", "22", "23", "24", 
    "25", "27", "28", "29", "32", "34")), class = "table"), No.Tag = structure(c(0L, 
    71L, 0L, 0L, 0L, 0L, 0L, 0L, 0L, 2L, 0L, 0L), .Dim = 4:3, .Dimnames = structure(list(
        c("-1", "0", "1", NA), c("A", "G", NA)), .Names = c("", 
    "")), class = "table"), All.Tags = list(Concordant = list(
        Freqs = structure(c(0, 505, 1, 0, 0, 0), .Dim = 3:2, .Dimnames = list(
            c("-1", "0", "1"), c("A", "G"))), N = 506), Majority = list(
        Freqs = structure(c(0, 515, 1, 0, 0, 0), .Dim = 3:2, .Dimnames = list(
            c("-1", "0", "1"), c("A", "G"))), N = 516)), `2` = structure(c(0, 
    384, 0, 0, 0, 0), .Dim = 3:2, .Dimnames = list(c("-1", "0", 
    "1"), c("A", "G"))))))
