Results <-
list(`bwa.out//20220204//BlindCMMRD83_S42.sam` = list(GM22_SNP1 = list(
    All = list(Freqs = structure(c(75L, 6061L, 29L, 1L, 12L, 
    0L, 3L, 0L, 0L, 0L, 2L, 73L, 2L, 0L, 0L), .Dim = c(5L, 3L
    ), .Dimnames = structure(list(c("-1", "0", "1", "2", NA), 
        c("A", "G", NA)), .Names = c("", "")), class = "table"), 
        N = 6258L), Tag.Distribution = structure(c(`1` = 135L, 
    `2` = 32L, `3` = 33L, `4` = 38L, `5` = 36L, `6` = 31L, `7` = 24L, 
    `8` = 23L, `9` = 22L, `10` = 17L, `11` = 19L, `12` = 15L, 
    `13` = 16L, `14` = 12L, `15` = 13L, `16` = 11L, `17` = 12L, 
    `18` = 14L, `19` = 6L, `20` = 5L, `21` = 7L, `22` = 4L, `23` = 10L, 
    `24` = 7L, `25` = 6L, `26` = 3L, `27` = 7L, `28` = 7L, `29` = 4L, 
    `30` = 6L, `31` = 5L, `32` = 3L, `33` = 2L, `34` = 3L, `35` = 2L, 
    `36` = 7L, `37` = 2L, `38` = 1L, `40` = 2L, `43` = 1L, `44` = 1L, 
    `47` = 2L, `49` = 1L, `50` = 1L, `53` = 1L, `58` = 1L), .Dim = 46L, .Dimnames = list(
        TagUsage = c("1", "2", "3", "4", "5", "6", "7", "8", 
        "9", "10", "11", "12", "13", "14", "15", "16", "17", 
        "18", "19", "20", "21", "22", "23", "24", "25", "26", 
        "27", "28", "29", "30", "31", "32", "33", "34", "35", 
        "36", "37", "38", "40", "43", "44", "47", "49", "50", 
        "53", "58")), class = "table"), No.Tag = structure(c(0L, 
    48L, 0L, 0L, 0L, 0L, 0L, 0L, 0L, 0L, 0L, 2L, 0L, 0L, 0L), .Dim = c(5L, 
    3L), .Dimnames = structure(list(c("-1", "0", "1", "2", NA
    ), c("A", "G", NA)), .Names = c("", "")), class = "table"), 
    All.Tags = list(Concordant = list(Freqs = structure(c(0, 
    521, 0, 0, 0, 0, 0, 0), .Dim = c(4L, 2L), .Dimnames = list(
        c("-1", "0", "1", "2"), c("A", "G"))), N = 521), Majority = list(
        Freqs = structure(c(0, 603, 0, 0, 0, 0, 0, 0), .Dim = c(4L, 
        2L), .Dimnames = list(c("-1", "0", "1", "2"), c("A", 
        "G"))), N = 603)), `2` = structure(c(0, 475, 0, 0, 0, 
    0, 0, 0), .Dim = c(4L, 2L), .Dimnames = list(c("-1", "0", 
    "1", "2"), c("A", "G"))))))
