Results <-
list(`bwa.out//20220204//17D1097_S1.sam` = list(LR48_SNP1 = list(
    All = list(Freqs = structure(c(2L, 103L, 1595L, 23L, 1L, 
    6L, 3L, 89L, 1772L, 26L, 1L, 5L, 0L, 1L, 53L, 0L, 0L, 0L), .Dim = c(6L, 
    3L), .Dimnames = structure(list(c("-2", "-1", "0", "1", "2", 
    NA), c("C", "T", NA)), .Names = c("", "")), class = "table"), 
        N = 3680L), Tag.Distribution = structure(c(`1` = 138L, 
    `2` = 92L, `3` = 86L, `4` = 45L, `5` = 42L, `6` = 44L, `7` = 27L, 
    `8` = 27L, `9` = 19L, `10` = 16L, `11` = 20L, `12` = 18L, 
    `13` = 18L, `14` = 6L, `15` = 9L, `16` = 8L, `17` = 5L, `18` = 5L, 
    `19` = 4L, `20` = 7L, `21` = 1L, `22` = 2L, `23` = 2L, `24` = 1L, 
    `26` = 1L, `28` = 1L, `29` = 1L), .Dim = 27L, .Dimnames = list(
        TagUsage = c("1", "2", "3", "4", "5", "6", "7", "8", 
        "9", "10", "11", "12", "13", "14", "15", "16", "17", 
        "18", "19", "20", "21", "22", "23", "24", "26", "28", 
        "29")), class = "table"), No.Tag = structure(c(0L, 1L, 
    23L, 0L, 0L, 0L, 0L, 2L, 52L, 0L, 0L, 0L, 0L, 0L, 6L, 0L, 
    0L, 0L), .Dim = c(6L, 3L), .Dimnames = structure(list(c("-2", 
    "-1", "0", "1", "2", NA), c("C", "T", NA)), .Names = c("", 
    "")), class = "table"), All.Tags = list(Concordant = list(
        Freqs = structure(c(0, 8, 237, 2, 0, 0, 3, 228, 2, 0), .Dim = c(5L, 
        2L), .Dimnames = list(c("-2", "-1", "0", "1", "2"), c("C", 
        "T"))), N = 480), Majority = list(Freqs = structure(c(0, 
    9, 296, 2, 0, 0, 5, 304, 3, 0), .Dim = c(5L, 2L), .Dimnames = list(
        c("-2", "-1", "0", "1", "2"), c("C", "T"))), N = 619)), 
    `2` = structure(c(0, 6, 220, 1, 0, 0, 3, 257, 1, 0), .Dim = c(5L, 
    2L), .Dimnames = list(c("-2", "-1", "0", "1", "2"), c("C", 
    "T"))))))
