Results <-
list(`bwa.out//20220204//BlindCMMRD71_S30.sam` = list(IM49_SNP1 = list(
    All = list(Freqs = structure(c(0L, 0L, 1L, 0L, 0L, 0L, 5L, 
    143L, 2783L, 53L, 0L, 40L, 2L, 228L, 2823L, 50L, 3L, 29L, 
    0L, 7L, 461L, 5L, 0L, 0L), .Dim = c(6L, 4L), .Dimnames = structure(list(
        c("-2", "-1", "0", "1", "2", NA), c("A", "C", "G", NA
        )), .Names = c("", "")), class = "table"), N = 6633L), 
    Tag.Distribution = structure(c(`1` = 247L, `2` = 54L, `3` = 35L, 
    `4` = 24L, `5` = 25L, `6` = 21L, `7` = 20L, `8` = 27L, `9` = 16L, 
    `10` = 8L, `11` = 18L, `12` = 21L, `13` = 20L, `14` = 12L, 
    `15` = 7L, `16` = 17L, `17` = 20L, `18` = 13L, `19` = 12L, 
    `20` = 10L, `21` = 5L, `22` = 8L, `23` = 9L, `24` = 7L, `25` = 4L, 
    `26` = 3L, `27` = 3L, `28` = 4L, `29` = 5L, `30` = 4L, `31` = 4L, 
    `32` = 1L, `33` = 2L, `34` = 2L, `36` = 2L, `37` = 3L, `38` = 1L, 
    `39` = 1L, `40` = 4L, `42` = 1L, `43` = 1L, `44` = 4L, `45` = 1L, 
    `46` = 2L, `47` = 1L, `51` = 1L, `54` = 1L, `56` = 1L, `57` = 1L, 
    `59` = 1L, `71` = 1L, `72` = 1L), .Dim = 52L, .Dimnames = list(
        TagUsage = c("1", "2", "3", "4", "5", "6", "7", "8", 
        "9", "10", "11", "12", "13", "14", "15", "16", "17", 
        "18", "19", "20", "21", "22", "23", "24", "25", "26", 
        "27", "28", "29", "30", "31", "32", "33", "34", "36", 
        "37", "38", "39", "40", "42", "43", "44", "45", "46", 
        "47", "51", "54", "56", "57", "59", "71", "72")), class = "table"), 
    No.Tag = structure(c(0L, 0L, 0L, 0L, 0L, 0L, 0L, 0L, 48L, 
    0L, 0L, 0L, 0L, 1L, 61L, 1L, 0L, 0L, 0L, 0L, 11L, 0L, 0L, 
    0L), .Dim = c(6L, 4L), .Dimnames = structure(list(c("-2", 
    "-1", "0", "1", "2", NA), c("A", "C", "G", NA)), .Names = c("", 
    "")), class = "table"), All.Tags = list(Concordant = list(
        Freqs = structure(c(0, 0, 0, 0, 0, 0, 3, 203, 3, 0, 0, 
        7, 197, 0, 0), .Dim = c(5L, 3L), .Dimnames = list(c("-2", 
        "-1", "0", "1", "2"), c("A", "C", "G"))), N = 413), Majority = list(
        Freqs = structure(c(0, 0, 0, 0, 0, 0, 5, 302, 3, 0, 0, 
        11, 288, 0, 0), .Dim = c(5L, 3L), .Dimnames = list(c("-2", 
        "-1", "0", "1", "2"), c("A", "C", "G"))), N = 609)), 
    `2` = structure(c(0, 0, 0, 0, 0, 0, 3, 219, 1, 0, 0, 7, 229, 
    0, 0), .Dim = c(5L, 3L), .Dimnames = list(c("-2", "-1", "0", 
    "1", "2"), c("A", "C", "G"))))))
