Results <-
list(`bwa.out//20220204//BlindCMMRD92_S51.sam` = list(GM14_SNP1 = list(
    All = list(Freqs = structure(c(3L, 41L, 1529L, 8L, 2L, 3L, 
    31L, 1600L, 14L, 1L, 0L, 0L, 26L, 0L, 0L), .Dim = c(5L, 3L
    ), .Dimnames = structure(list(c("-2", "-1", "0", "1", NA), 
        c("C", "T", NA)), .Names = c("", "")), class = "table"), 
        N = 3258L), Tag.Distribution = structure(c(`1` = 71L, 
    `2` = 32L, `3` = 28L, `4` = 19L, `5` = 20L, `6` = 18L, `7` = 21L, 
    `8` = 11L, `9` = 5L, `10` = 11L, `11` = 11L, `12` = 11L, 
    `13` = 4L, `14` = 6L, `15` = 12L, `16` = 7L, `17` = 5L, `18` = 8L, 
    `19` = 8L, `20` = 3L, `21` = 6L, `22` = 5L, `23` = 3L, `24` = 3L, 
    `25` = 2L, `26` = 4L, `27` = 2L, `28` = 2L, `29` = 4L, `30` = 1L, 
    `31` = 2L, `32` = 1L, `35` = 1L, `36` = 2L, `38` = 2L, `39` = 2L, 
    `44` = 1L), .Dim = 37L, .Dimnames = list(TagUsage = c("1", 
    "2", "3", "4", "5", "6", "7", "8", "9", "10", "11", "12", 
    "13", "14", "15", "16", "17", "18", "19", "20", "21", "22", 
    "23", "24", "25", "26", "27", "28", "29", "30", "31", "32", 
    "35", "36", "38", "39", "44")), class = "table"), No.Tag = structure(c(0L, 
    2L, 31L, 0L, 0L, 0L, 0L, 23L, 0L, 0L, 0L, 0L, 1L, 0L, 0L), .Dim = c(5L, 
    3L), .Dimnames = structure(list(c("-2", "-1", "0", "1", NA
    ), c("C", "T", NA)), .Names = c("", "")), class = "table"), 
    All.Tags = list(Concordant = list(Freqs = structure(c(0, 
    1, 137, 0, 0, 1, 136, 0), .Dim = c(4L, 2L), .Dimnames = list(
        c("-2", "-1", "0", "1"), c("C", "T"))), N = 275), Majority = list(
        Freqs = structure(c(0, 1, 172, 0, 0, 1, 177, 0), .Dim = c(4L, 
        2L), .Dimnames = list(c("-2", "-1", "0", "1"), c("C", 
        "T"))), N = 351)), `2` = structure(c(0, 0, 139, 0, 0, 
    0, 143, 0), .Dim = c(4L, 2L), .Dimnames = list(c("-2", "-1", 
    "0", "1"), c("C", "T"))))))
