Results <-
list(`bwa.out//20220204//Control11_S4.sam` = list(GM29_SNP1 = list(
    All = list(Freqs = structure(c(3L, 15L, 1307L, 2L, 2L, 0L, 
    26L, 1295L, 4L, 3L, 0L, 0L, 12L, 0L, 0L), .Dim = c(5L, 3L
    ), .Dimnames = structure(list(c("-2", "-1", "0", "1", NA), 
        c("A", "G", NA)), .Names = c("", "")), class = "table"), 
        N = 2669L), Tag.Distribution = structure(c(`1` = 108L, 
    `2` = 57L, `3` = 43L, `4` = 39L, `5` = 38L, `6` = 27L, `7` = 26L, 
    `8` = 12L, `9` = 11L, `10` = 15L, `11` = 12L, `12` = 9L, 
    `13` = 15L, `14` = 9L, `15` = 5L, `16` = 4L, `17` = 3L, `18` = 1L, 
    `19` = 1L, `20` = 6L, `21` = 3L, `23` = 1L, `24` = 1L, `25` = 1L, 
    `27` = 1L, `30` = 1L, `31` = 1L, `32` = 1L, `44` = 1L), .Dim = 29L, .Dimnames = list(
        TagUsage = c("1", "2", "3", "4", "5", "6", "7", "8", 
        "9", "10", "11", "12", "13", "14", "15", "16", "17", 
        "18", "19", "20", "21", "23", "24", "25", "27", "30", 
        "31", "32", "44")), class = "table"), No.Tag = structure(c(0L, 
    0L, 43L, 0L, 0L, 0L, 0L, 31L, 1L, 1L, 0L, 0L, 0L, 0L, 0L), .Dim = c(5L, 
    3L), .Dimnames = structure(list(c("-2", "-1", "0", "1", NA
    ), c("A", "G", NA)), .Names = c("", "")), class = "table"), 
    All.Tags = list(Concordant = list(Freqs = structure(c(0, 
    2, 183, 1, 0, 2, 199, 0), .Dim = c(4L, 2L), .Dimnames = list(
        c("-2", "-1", "0", "1"), c("A", "G"))), N = 387), Majority = list(
        Freqs = structure(c(0, 2, 216, 1, 0, 2, 220, 0), .Dim = c(4L, 
        2L), .Dimnames = list(c("-2", "-1", "0", "1"), c("A", 
        "G"))), N = 441)), `2` = structure(c(0, 0, 163, 0, 0, 
    1, 170, 0), .Dim = c(4L, 2L), .Dimnames = list(c("-2", "-1", 
    "0", "1"), c("A", "G"))))))
