Results <-
list(`bwa.out//20220204//BlindCMMRD65_S24.sam` = list(GM29_SNP1 = list(
    All = list(Freqs = structure(c(1L, 94L, 3688L, 12L, 5L, 0L, 
    0L, 5L, 0L, 0L, 0L, 0L, 1L, 0L, 0L, 1L, 1L, 30L, 0L, 0L), .Dim = 5:4, .Dimnames = structure(list(
        c("-2", "-1", "0", "1", NA), c("A", "G", "T", NA)), .Names = c("", 
    "")), class = "table"), N = 3838L), Tag.Distribution = structure(c(`1` = 86L, 
    `2` = 50L, `3` = 35L, `4` = 47L, `5` = 46L, `6` = 38L, `7` = 29L, 
    `8` = 25L, `9` = 16L, `10` = 18L, `11` = 15L, `12` = 9L, 
    `13` = 14L, `14` = 9L, `15` = 9L, `16` = 14L, `17` = 9L, 
    `18` = 10L, `19` = 2L, `20` = 6L, `21` = 5L, `22` = 1L, `24` = 3L, 
    `26` = 1L, `27` = 1L, `28` = 1L, `29` = 2L, `32` = 3L, `33` = 1L, 
    `37` = 1L, `46` = 1L, `60` = 1L), .Dim = 32L, .Dimnames = list(
        TagUsage = c("1", "2", "3", "4", "5", "6", "7", "8", 
        "9", "10", "11", "12", "13", "14", "15", "16", "17", 
        "18", "19", "20", "21", "22", "24", "26", "27", "28", 
        "29", "32", "33", "37", "46", "60")), class = "table"), 
    No.Tag = structure(c(0L, 7L, 121L, 1L, 1L, 0L, 0L, 0L, 0L, 
    0L, 0L, 0L, 0L, 0L, 0L, 0L, 0L, 3L, 0L, 0L), .Dim = 5:4, .Dimnames = structure(list(
        c("-2", "-1", "0", "1", NA), c("A", "G", "T", NA)), .Names = c("", 
    "")), class = "table"), All.Tags = list(Concordant = list(
        Freqs = structure(c(0, 1, 437, 0, 0, 0, 4, 0, 0, 0, 0, 
        0), .Dim = 4:3, .Dimnames = list(c("-2", "-1", "0", "1"
        ), c("A", "G", "T"))), N = 442), Majority = list(Freqs = structure(c(0, 
    2, 498, 0, 0, 0, 4, 0, 0, 0, 0, 0), .Dim = 4:3, .Dimnames = list(
        c("-2", "-1", "0", "1"), c("A", "G", "T"))), N = 504)), 
    `2` = structure(c(0, 2, 418, 0, 0, 0, 0, 0, 0, 0, 0, 0), .Dim = 4:3, .Dimnames = list(
        c("-2", "-1", "0", "1"), c("A", "G", "T"))))))
