Results <-
list(`bwa.out//20220204//BlindCMMRD83_S42.sam` = list(GM29_SNP1 = list(
    All = list(Freqs = structure(c(1L, 61L, 2654L, 4L, 5L, 1L, 
    40L, 2169L, 2L, 0L, 0L, 0L, 38L, 0L, 0L), .Dim = c(5L, 3L
    ), .Dimnames = structure(list(c("-2", "-1", "0", "1", NA), 
        c("A", "G", NA)), .Names = c("", "")), class = "table"), 
        N = 4975L), Tag.Distribution = structure(c(`1` = 77L, 
    `2` = 33L, `3` = 31L, `4` = 23L, `5` = 25L, `6` = 28L, `7` = 14L, 
    `8` = 18L, `9` = 11L, `10` = 20L, `11` = 12L, `12` = 15L, 
    `13` = 17L, `14` = 17L, `15` = 17L, `16` = 8L, `17` = 10L, 
    `18` = 8L, `19` = 11L, `20` = 6L, `21` = 3L, `22` = 4L, `23` = 2L, 
    `24` = 4L, `25` = 4L, `26` = 2L, `27` = 6L, `28` = 3L, `29` = 2L, 
    `30` = 5L, `32` = 3L, `33` = 3L, `34` = 1L, `35` = 1L, `36` = 2L, 
    `37` = 4L, `38` = 2L, `39` = 1L, `41` = 1L, `42` = 1L, `43` = 2L, 
    `45` = 1L, `46` = 1L, `54` = 2L, `64` = 1L), .Dim = 45L, .Dimnames = list(
        TagUsage = c("1", "2", "3", "4", "5", "6", "7", "8", 
        "9", "10", "11", "12", "13", "14", "15", "16", "17", 
        "18", "19", "20", "21", "22", "23", "24", "25", "26", 
        "27", "28", "29", "30", "32", "33", "34", "35", "36", 
        "37", "38", "39", "41", "42", "43", "45", "46", "54", 
        "64")), class = "table"), No.Tag = structure(c(0L, 0L, 
    35L, 0L, 0L, 0L, 0L, 50L, 0L, 0L, 0L, 0L, 1L, 0L, 0L), .Dim = c(5L, 
    3L), .Dimnames = structure(list(c("-2", "-1", "0", "1", NA
    ), c("A", "G", NA)), .Names = c("", "")), class = "table"), 
    All.Tags = list(Concordant = list(Freqs = structure(c(0, 
    3, 198, 0, 0, 1, 161, 0), .Dim = c(4L, 2L), .Dimnames = list(
        c("-2", "-1", "0", "1"), c("A", "G"))), N = 363), Majority = list(
        Freqs = structure(c(0, 3, 245, 0, 0, 1, 206, 0), .Dim = c(4L, 
        2L), .Dimnames = list(c("-2", "-1", "0", "1"), c("A", 
        "G"))), N = 455)), `2` = structure(c(0, 2, 204, 0, 0, 
    1, 174, 0), .Dim = c(4L, 2L), .Dimnames = list(c("-2", "-1", 
    "0", "1"), c("A", "G"))))))
