Results <-
list(`bwa.out//20220204//BlindCMMRD94_S53.sam` = list(GM07_SNP1 = list(
    All = list(Freqs = structure(c(0L, 0L, 2L, 0L, 0L, 1L, 4L, 
    188L, 3365L, 83L, 2L, 41L, 0L, 4L, 46L, 0L, 0L, 0L), .Dim = c(6L, 
    3L), .Dimnames = structure(list(c("-2", "-1", "0", "1", "2", 
    NA), c("A", "G", NA)), .Names = c("", "")), class = "table"), 
        N = 3736L), Tag.Distribution = structure(c(`1` = 96L, 
    `2` = 46L, `3` = 50L, `4` = 32L, `5` = 34L, `6` = 32L, `7` = 26L, 
    `8` = 24L, `9` = 18L, `10` = 25L, `11` = 18L, `12` = 19L, 
    `13` = 11L, `14` = 7L, `15` = 6L, `16` = 9L, `17` = 7L, `18` = 7L, 
    `19` = 8L, `20` = 4L, `21` = 3L, `22` = 3L, `23` = 7L, `24` = 5L, 
    `26` = 2L, `29` = 1L, `30` = 1L, `31` = 1L), .Dim = 28L, .Dimnames = list(
        TagUsage = c("1", "2", "3", "4", "5", "6", "7", "8", 
        "9", "10", "11", "12", "13", "14", "15", "16", "17", 
        "18", "19", "20", "21", "22", "23", "24", "26", "29", 
        "30", "31")), class = "table"), No.Tag = structure(c(0L, 
    0L, 0L, 0L, 0L, 1L, 0L, 11L, 166L, 6L, 0L, 4L, 0L, 0L, 4L, 
    0L, 0L, 0L), .Dim = c(6L, 3L), .Dimnames = structure(list(
        c("-2", "-1", "0", "1", "2", NA), c("A", "G", NA)), .Names = c("", 
    "")), class = "table"), All.Tags = list(Concordant = list(
        Freqs = structure(c(0, 0, 2, 0, 0, 0, 11, 332, 2, 0), .Dim = c(5L, 
        2L), .Dimnames = list(c("-2", "-1", "0", "1", "2"), c("A", 
        "G"))), N = 347), Majority = list(Freqs = structure(c(0, 
    0, 2, 0, 0, 0, 11, 479, 2, 0), .Dim = c(5L, 2L), .Dimnames = list(
        c("-2", "-1", "0", "1", "2"), c("A", "G"))), N = 494)), 
    `2` = structure(c(0, 0, 0, 0, 0, 0, 4, 399, 1, 0), .Dim = c(5L, 
    2L), .Dimnames = list(c("-2", "-1", "0", "1", "2"), c("A", 
    "G"))))))
