Results <-
list(`bwa.out//20220204//BlindCMMRD72_S31.sam` = list(LR17_SNP1 = list(
    All = list(Freqs = structure(c(1L, 3L, 151L, 2915L, 43L, 
    1L, 18L, 0L, 0L, 0L, 2L, 0L, 0L, 0L, 0L, 0L, 1L, 109L, 0L, 
    0L, 0L), .Dim = c(7L, 3L), .Dimnames = structure(list(c("-3", 
    "-2", "-1", "0", "1", "2", NA), c("A", "G", NA)), .Names = c("", 
    "")), class = "table"), N = 3244L), Tag.Distribution = structure(c(`1` = 64L, 
    `2` = 38L, `3` = 27L, `4` = 39L, `5` = 35L, `6` = 20L, `7` = 19L, 
    `8` = 23L, `9` = 18L, `10` = 11L, `11` = 17L, `12` = 9L, 
    `13` = 9L, `14` = 10L, `15` = 4L, `16` = 5L, `17` = 9L, `18` = 2L, 
    `19` = 3L, `20` = 4L, `21` = 3L, `22` = 3L, `23` = 4L, `24` = 3L, 
    `25` = 3L, `27` = 1L, `28` = 8L, `31` = 3L, `32` = 1L, `34` = 1L, 
    `36` = 1L, `37` = 1L, `39` = 1L), .Dim = 33L, .Dimnames = list(
        TagUsage = c("1", "2", "3", "4", "5", "6", "7", "8", 
        "9", "10", "11", "12", "13", "14", "15", "16", "17", 
        "18", "19", "20", "21", "22", "23", "24", "25", "27", 
        "28", "31", "32", "34", "36", "37", "39")), class = "table"), 
    No.Tag = structure(c(0L, 0L, 7L, 61L, 2L, 0L, 0L, 0L, 0L, 
    0L, 0L, 0L, 0L, 0L, 0L, 0L, 0L, 5L, 0L, 0L, 0L), .Dim = c(7L, 
    3L), .Dimnames = structure(list(c("-3", "-2", "-1", "0", 
    "1", "2", NA), c("A", "G", NA)), .Names = c("", "")), class = "table"), 
    All.Tags = list(Concordant = list(Freqs = structure(c(0, 
    0, 5, 282, 1, 1, 0, 0, 0, 0, 0, 0), .Dim = c(6L, 2L), .Dimnames = list(
        c("-3", "-2", "-1", "0", "1", "2"), c("A", "G"))), N = 289), 
        Majority = list(Freqs = structure(c(0, 0, 6, 383, 1, 
        1, 0, 0, 0, 0, 0, 0), .Dim = c(6L, 2L), .Dimnames = list(
            c("-3", "-2", "-1", "0", "1", "2"), c("A", "G"))), 
            N = 391)), `2` = structure(c(0, 0, 3, 328, 1, 0, 
    0, 0, 0, 0, 0, 0), .Dim = c(6L, 2L), .Dimnames = list(c("-3", 
    "-2", "-1", "0", "1", "2"), c("A", "G"))))))
