Results <-
list(`bwa.out//20220204//BlindCMMRD45_S5.sam` = list(LR46_SNP1 = list(
    All = list(Freqs = structure(c(0L, 0L, 3L, 0L, 0L, 1L, 13L, 
    2989L, 12L, 2L, 0L, 0L, 15L, 0L, 0L), .Dim = c(5L, 3L), .Dimnames = structure(list(
        c("-2", "-1", "0", "1", NA), c("G", "T", NA)), .Names = c("", 
    "")), class = "table"), N = 3035L), Tag.Distribution = structure(c(`1` = 75L, 
    `2` = 17L, `3` = 9L, `4` = 15L, `5` = 11L, `6` = 13L, `7` = 9L, 
    `8` = 10L, `9` = 3L, `10` = 5L, `11` = 6L, `12` = 7L, `13` = 2L, 
    `14` = 7L, `15` = 2L, `16` = 3L, `17` = 2L, `18` = 4L, `19` = 3L, 
    `20` = 3L, `21` = 5L, `22` = 5L, `23` = 4L, `24` = 4L, `25` = 2L, 
    `26` = 2L, `27` = 1L, `29` = 2L, `30` = 1L, `31` = 4L, `32` = 4L, 
    `33` = 3L, `34` = 2L, `35` = 1L, `36` = 3L, `37` = 2L, `38` = 4L, 
    `39` = 1L, `41` = 1L, `43` = 3L, `44` = 1L, `48` = 1L, `50` = 1L, 
    `55` = 1L, `67` = 1L), .Dim = 45L, .Dimnames = list(TagUsage = c("1", 
    "2", "3", "4", "5", "6", "7", "8", "9", "10", "11", "12", 
    "13", "14", "15", "16", "17", "18", "19", "20", "21", "22", 
    "23", "24", "25", "26", "27", "29", "30", "31", "32", "33", 
    "34", "35", "36", "37", "38", "39", "41", "43", "44", "48", 
    "50", "55", "67")), class = "table"), No.Tag = structure(c(0L, 
    0L, 1L, 0L, 0L, 0L, 0L, 27L, 0L, 0L, 0L, 0L, 2L, 0L, 0L), .Dim = c(5L, 
    3L), .Dimnames = structure(list(c("-2", "-1", "0", "1", NA
    ), c("G", "T", NA)), .Names = c("", "")), class = "table"), 
    All.Tags = list(Concordant = list(Freqs = structure(c(0, 
    0, 2, 0, 0, 0, 242, 0), .Dim = c(4L, 2L), .Dimnames = list(
        c("-2", "-1", "0", "1"), c("G", "T"))), N = 244), Majority = list(
        Freqs = structure(c(0, 0, 2, 0, 0, 0, 261, 0), .Dim = c(4L, 
        2L), .Dimnames = list(c("-2", "-1", "0", "1"), c("G", 
        "T"))), N = 263)), `2` = structure(c(0, 0, 0, 0, 0, 0, 
    190, 0), .Dim = c(4L, 2L), .Dimnames = list(c("-2", "-1", 
    "0", "1"), c("G", "T"))))))
