Results <-
list(`bwa.out//20220204//BlindCMMRD118_S44.sam` = list(GM17_SNP1 = list(
    All = list(Freqs = structure(c(24L, 1985L, 4L, 10L, 22L, 
    2213L, 4L, 4L, 1L, 18L, 1L, 0L), .Dim = 4:3, .Dimnames = structure(list(
        c("-1", "0", "1", NA), c("C", "T", NA)), .Names = c("", 
    "")), class = "table"), N = 4286L), Tag.Distribution = structure(c(`1` = 178L, 
    `2` = 151L, `3` = 140L, `4` = 115L, `5` = 83L, `6` = 67L, 
    `7` = 65L, `8` = 41L, `9` = 36L, `10` = 23L, `11` = 13L, 
    `12` = 11L, `13` = 5L, `14` = 6L, `15` = 3L, `16` = 1L, `17` = 5L, 
    `18` = 2L, `19` = 1L, `21` = 2L, `25` = 1L), .Dim = 21L, .Dimnames = list(
        TagUsage = c("1", "2", "3", "4", "5", "6", "7", "8", 
        "9", "10", "11", "12", "13", "14", "15", "16", "17", 
        "18", "19", "21", "25")), class = "table"), No.Tag = structure(c(0L, 
    29L, 0L, 0L, 1L, 48L, 0L, 0L, 0L, 2L, 0L, 0L), .Dim = 4:3, .Dimnames = structure(list(
        c("-1", "0", "1", NA), c("C", "T", NA)), .Names = c("", 
    "")), class = "table"), All.Tags = list(Concordant = list(
        Freqs = structure(c(0, 410, 0, 1, 420, 0), .Dim = 3:2, .Dimnames = list(
            c("-1", "0", "1"), c("C", "T"))), N = 831), Majority = list(
        Freqs = structure(c(0, 454, 0, 1, 473, 0), .Dim = 3:2, .Dimnames = list(
            c("-1", "0", "1"), c("C", "T"))), N = 928)), `2` = structure(c(0, 
    371, 0, 0, 381, 0), .Dim = 3:2, .Dimnames = list(c("-1", 
    "0", "1"), c("C", "T"))))))
