Results <-
list(`bwa.out//20220204//BlindCMMRD129_S55.sam` = list(LR10_SNP1 = list(
    All = list(Freqs = structure(c(1L, 46L, 2112L, 17L, 0L, 0L, 
    30L, 2206L, 7L, 4L, 0L, 0L, 32L, 1L, 0L), .Dim = c(5L, 3L
    ), .Dimnames = structure(list(c("-2", "-1", "0", "1", NA), 
        c("C", "T", NA)), .Names = c("", "")), class = "table"), 
        N = 4456L), Tag.Distribution = structure(c(`1` = 239L, 
    `2` = 209L, `3` = 176L, `4` = 141L, `5` = 92L, `6` = 80L, 
    `7` = 61L, `8` = 49L, `9` = 27L, `10` = 18L, `11` = 9L, `12` = 5L, 
    `13` = 3L, `14` = 2L, `15` = 3L, `16` = 1L, `17` = 3L, `21` = 1L, 
    `22` = 1L, `27` = 1L), .Dim = 20L, .Dimnames = list(TagUsage = c("1", 
    "2", "3", "4", "5", "6", "7", "8", "9", "10", "11", "12", 
    "13", "14", "15", "16", "17", "21", "22", "27")), class = "table"), 
    No.Tag = structure(c(1L, 0L, 65L, 2L, 0L, 0L, 0L, 42L, 0L, 
    0L, 0L, 0L, 6L, 1L, 0L), .Dim = c(5L, 3L), .Dimnames = structure(list(
        c("-2", "-1", "0", "1", NA), c("C", "T", NA)), .Names = c("", 
    "")), class = "table"), All.Tags = list(Concordant = list(
        Freqs = structure(c(0, 2, 440, 2, 0, 3, 488, 0), .Dim = c(4L, 
        2L), .Dimnames = list(c("-2", "-1", "0", "1"), c("C", 
        "T"))), N = 935), Majority = list(Freqs = structure(c(0, 
    2, 527, 2, 0, 3, 542, 0), .Dim = c(4L, 2L), .Dimnames = list(
        c("-2", "-1", "0", "1"), c("C", "T"))), N = 1076)), `2` = structure(c(0, 
    0, 412, 0, 0, 2, 427, 0), .Dim = c(4L, 2L), .Dimnames = list(
        c("-2", "-1", "0", "1"), c("C", "T"))))))
