Results <-
list(`bwa.out//20220204//Control28_S21.sam` = list(GM17_SNP1 = list(
    All = list(Freqs = structure(c(28L, 2951L, 6L, 1L, 0L, 2L, 
    0L, 0L, 2L, 22L, 0L, 0L), .Dim = 4:3, .Dimnames = structure(list(
        c("-1", "0", "1", NA), c("C", "T", NA)), .Names = c("", 
    "")), class = "table"), N = 3012L), Tag.Distribution = structure(c(`1` = 113L, 
    `2` = 29L, `3` = 49L, `4` = 28L, `5` = 35L, `6` = 30L, `7` = 26L, 
    `8` = 13L, `9` = 21L, `10` = 11L, `11` = 14L, `12` = 8L, 
    `13` = 11L, `14` = 7L, `15` = 4L, `16` = 7L, `17` = 5L, `18` = 5L, 
    `19` = 9L, `20` = 5L, `21` = 4L, `22` = 4L, `23` = 2L, `25` = 2L, 
    `27` = 2L, `28` = 1L, `29` = 1L, `30` = 1L, `32` = 1L), .Dim = 29L, .Dimnames = list(
        TagUsage = c("1", "2", "3", "4", "5", "6", "7", "8", 
        "9", "10", "11", "12", "13", "14", "15", "16", "17", 
        "18", "19", "20", "21", "22", "23", "25", "27", "28", 
        "29", "30", "32")), class = "table"), No.Tag = structure(c(2L, 
    85L, 0L, 1L, 0L, 0L, 0L, 0L, 0L, 4L, 0L, 0L), .Dim = 4:3, .Dimnames = structure(list(
        c("-1", "0", "1", NA), c("C", "T", NA)), .Names = c("", 
    "")), class = "table"), All.Tags = list(Concordant = list(
        Freqs = structure(c(0, 412, 0, 0, 2, 0), .Dim = 3:2, .Dimnames = list(
            c("-1", "0", "1"), c("C", "T"))), N = 414), Majority = list(
        Freqs = structure(c(0, 440, 0, 0, 2, 0), .Dim = 3:2, .Dimnames = list(
            c("-1", "0", "1"), c("C", "T"))), N = 442)), `2` = structure(c(0, 
    335, 0, 0, 0, 0), .Dim = 3:2, .Dimnames = list(c("-1", "0", 
    "1"), c("C", "T"))))))
