Results <-
list(`bwa.out//20220204//BlindCMMRD75_S34.sam` = list(GM01_SNP1 = list(
    All = list(Freqs = structure(c(0L, 42L, 3790L, 7L, 7L, 1L, 
    43L, 3963L, 18L, 6L, 0L, 4L, 84L, 1L, 0L), .Dim = c(5L, 3L
    ), .Dimnames = structure(list(c("-2", "-1", "0", "1", NA), 
        c("A", "G", NA)), .Names = c("", "")), class = "table"), 
        N = 7966L), Tag.Distribution = structure(c(`1` = 157L, 
    `2` = 74L, `3` = 67L, `4` = 43L, `5` = 44L, `6` = 59L, `7` = 39L, 
    `8` = 39L, `9` = 36L, `10` = 33L, `11` = 21L, `12` = 28L, 
    `13` = 26L, `14` = 23L, `15` = 20L, `16` = 22L, `17` = 16L, 
    `18` = 19L, `19` = 8L, `20` = 15L, `21` = 8L, `22` = 8L, 
    `23` = 7L, `24` = 16L, `25` = 6L, `26` = 7L, `27` = 1L, `28` = 1L, 
    `29` = 4L, `30` = 5L, `31` = 3L, `33` = 1L, `34` = 4L, `35` = 1L, 
    `36` = 3L, `37` = 1L, `38` = 1L, `39` = 1L, `43` = 1L, `46` = 1L, 
    `48` = 3L, `49` = 1L), .Dim = 42L, .Dimnames = list(TagUsage = c("1", 
    "2", "3", "4", "5", "6", "7", "8", "9", "10", "11", "12", 
    "13", "14", "15", "16", "17", "18", "19", "20", "21", "22", 
    "23", "24", "25", "26", "27", "28", "29", "30", "31", "33", 
    "34", "35", "36", "37", "38", "39", "43", "46", "48", "49"
    )), class = "table"), No.Tag = structure(c(0L, 0L, 102L, 
    0L, 0L, 0L, 1L, 76L, 0L, 0L, 0L, 0L, 8L, 0L, 0L), .Dim = c(5L, 
    3L), .Dimnames = structure(list(c("-2", "-1", "0", "1", NA
    ), c("A", "G", NA)), .Names = c("", "")), class = "table"), 
    All.Tags = list(Concordant = list(Freqs = structure(c(0, 
    1, 359, 0, 0, 1, 340, 0), .Dim = c(4L, 2L), .Dimnames = list(
        c("-2", "-1", "0", "1"), c("A", "G"))), N = 701), Majority = list(
        Freqs = structure(c(0, 1, 434, 0, 0, 1, 423, 0), .Dim = c(4L, 
        2L), .Dimnames = list(c("-2", "-1", "0", "1"), c("A", 
        "G"))), N = 859)), `2` = structure(c(0, 0, 351, 0, 0, 
    0, 356, 0), .Dim = c(4L, 2L), .Dimnames = list(c("-2", "-1", 
    "0", "1"), c("A", "G"))))))
