Results <-
list(`bwa.out//20220204//BlindCMMRD99_S58.sam` = list(LR49_SNP1 = list(
    All = list(Freqs = structure(c(8L, 1281L, 1L, 4L, 1314L, 
    0L, 0L, 15L, 0L), .Dim = c(3L, 3L), .Dimnames = structure(list(
        c("-1", "0", "1"), c("A", "G", NA)), .Names = c("", ""
    )), class = "table"), N = 2623L), Tag.Distribution = structure(c(`1` = 93L, 
    `2` = 67L, `3` = 41L, `4` = 29L, `5` = 26L, `6` = 20L, `7` = 13L, 
    `8` = 15L, `9` = 15L, `10` = 14L, `11` = 9L, `12` = 4L, `13` = 4L, 
    `14` = 7L, `15` = 7L, `16` = 4L, `17` = 7L, `18` = 7L, `19` = 2L, 
    `20` = 2L, `22` = 2L, `23` = 3L, `25` = 1L, `26` = 1L, `27` = 2L, 
    `28` = 1L, `29` = 2L, `30` = 1L, `31` = 2L, `32` = 1L, `33` = 2L, 
    `39` = 1L, `54` = 1L), .Dim = 33L, .Dimnames = list(TagUsage = c("1", 
    "2", "3", "4", "5", "6", "7", "8", "9", "10", "11", "12", 
    "13", "14", "15", "16", "17", "18", "19", "20", "22", "23", 
    "25", "26", "27", "28", "29", "30", "31", "32", "33", "39", 
    "54")), class = "table"), No.Tag = structure(c(0L, 21L, 0L, 
    0L, 1L, 21L, 0L, 0L, 0L, 2L, 0L, 0L), .Dim = 4:3, .Dimnames = structure(list(
        c("-1", "0", "1", NA), c("A", "G", NA)), .Names = c("", 
    "")), class = "table"), All.Tags = list(Concordant = list(
        Freqs = structure(c(0, 185, 0, 0, 191, 0), .Dim = 3:2, .Dimnames = list(
            c("-1", "0", "1"), c("A", "G"))), N = 376), Majority = list(
        Freqs = structure(c(0, 196, 0, 0, 202, 0), .Dim = 3:2, .Dimnames = list(
            c("-1", "0", "1"), c("A", "G"))), N = 398)), `2` = structure(c(0, 
    150, 0, 0, 159, 0), .Dim = 3:2, .Dimnames = list(c("-1", 
    "0", "1"), c("A", "G"))))))
