Results <-
list(`bwa.out//20220204//BlindCMMRD99_S58.sam` = list(IM49_SNP1 = list(
    All = list(Freqs = structure(c(0L, 1L, 5L, 0L, 0L, 0L, 2L, 
    91L, 3456L, 50L, 0L, 33L, 0L, 0L, 1L, 0L, 0L, 0L, 0L, 3L, 
    314L, 6L, 1L, 0L), .Dim = c(6L, 4L), .Dimnames = structure(list(
        c("-2", "-1", "0", "1", "2", NA), c("C", "G", "T", NA
        )), .Names = c("", "")), class = "table"), N = 3963L), 
    Tag.Distribution = structure(c(`1` = 252L, `2` = 96L, `3` = 70L, 
    `4` = 65L, `5` = 35L, `6` = 35L, `7` = 30L, `8` = 19L, `9` = 25L, 
    `10` = 15L, `11` = 22L, `12` = 17L, `13` = 13L, `14` = 15L, 
    `15` = 5L, `16` = 5L, `17` = 3L, `18` = 8L, `19` = 5L, `20` = 3L, 
    `21` = 6L, `22` = 2L, `24` = 4L, `25` = 1L, `26` = 2L, `27` = 2L, 
    `29` = 1L, `31` = 1L, `37` = 1L), .Dim = 29L, .Dimnames = list(
        TagUsage = c("1", "2", "3", "4", "5", "6", "7", "8", 
        "9", "10", "11", "12", "13", "14", "15", "16", "17", 
        "18", "19", "20", "21", "22", "24", "25", "26", "27", 
        "29", "31", "37")), class = "table"), No.Tag = structure(c(0L, 
    0L, 0L, 0L, 0L, 0L, 0L, 3L, 89L, 1L, 0L, 2L, 0L, 0L, 0L, 
    0L, 0L, 0L, 0L, 0L, 8L, 0L, 0L, 0L), .Dim = c(6L, 4L), .Dimnames = structure(list(
        c("-2", "-1", "0", "1", "2", NA), c("C", "G", "T", NA
        )), .Names = c("", "")), class = "table"), All.Tags = list(
        Concordant = list(Freqs = structure(c(0, 1, 4, 0, 0, 
        0, 6, 582, 3, 0, 0, 0, 0, 0, 0), .Dim = c(5L, 3L), .Dimnames = list(
            c("-2", "-1", "0", "1", "2"), c("C", "G", "T"))), 
            N = 596), Majority = list(Freqs = structure(c(0, 
        1, 4, 0, 0, 0, 7, 671, 3, 0, 0, 0, 0, 0, 0), .Dim = c(5L, 
        3L), .Dimnames = list(c("-2", "-1", "0", "1", "2"), c("C", 
        "G", "T"))), N = 686)), `2` = structure(c(0, 0, 0, 0, 
    0, 0, 3, 494, 1, 0, 0, 0, 0, 0, 0), .Dim = c(5L, 3L), .Dimnames = list(
        c("-2", "-1", "0", "1", "2"), c("C", "G", "T"))))))
