Results <-
list(`bwa.out//20220204//BlindCMMRD62_S21.sam` = list(LR24_SNP1 = list(
    All = list(Freqs = structure(c(1L, 24L, 4919L, 11L, 6L, 0L, 
    0L, 4L, 0L, 0L, 0L, 0L, 34L, 0L, 0L), .Dim = c(5L, 3L), .Dimnames = structure(list(
        c("-2", "-1", "0", "1", NA), c("A", "G", NA)), .Names = c("", 
    "")), class = "table"), N = 4999L), Tag.Distribution = structure(c(`1` = 268L, 
    `2` = 135L, `3` = 114L, `4` = 100L, `5` = 82L, `6` = 68L, 
    `7` = 56L, `8` = 40L, `9` = 26L, `10` = 34L, `11` = 20L, 
    `12` = 12L, `13` = 10L, `14` = 12L, `15` = 11L, `16` = 7L, 
    `17` = 3L, `18` = 3L, `19` = 4L, `20` = 4L, `21` = 2L, `22` = 2L, 
    `23` = 3L, `24` = 1L, `25` = 1L, `26` = 1L, `28` = 2L), .Dim = 27L, .Dimnames = list(
        TagUsage = c("1", "2", "3", "4", "5", "6", "7", "8", 
        "9", "10", "11", "12", "13", "14", "15", "16", "17", 
        "18", "19", "20", "21", "22", "23", "24", "25", "26", 
        "28")), class = "table"), No.Tag = structure(c(0L, 0L, 
    126L, 0L, 0L, 0L, 0L, 0L, 0L, 0L, 0L, 0L, 3L, 0L, 0L), .Dim = c(5L, 
    3L), .Dimnames = structure(list(c("-2", "-1", "0", "1", NA
    ), c("A", "G", NA)), .Names = c("", "")), class = "table"), 
    All.Tags = list(Concordant = list(Freqs = structure(c(0, 
    2, 972, 0, 0, 0, 4, 0), .Dim = c(4L, 2L), .Dimnames = list(
        c("-2", "-1", "0", "1"), c("A", "G"))), N = 978), Majority = list(
        Freqs = structure(c(0, 2, 1004, 0, 0, 0, 4, 0), .Dim = c(4L, 
        2L), .Dimnames = list(c("-2", "-1", "0", "1"), c("A", 
        "G"))), N = 1010)), `2` = structure(c(0, 0, 752, 0, 0, 
    0, 0, 0), .Dim = c(4L, 2L), .Dimnames = list(c("-2", "-1", 
    "0", "1"), c("A", "G"))))))
