Results <-
list(`bwa.out//20220204//BlindCMMRD134_S60.sam` = list(GM01_SNP1 = list(
    All = list(Freqs = structure(c(1L, 99L, 7384L, 19L, 30L, 
    0L, 0L, 1L, 0L, 0L, 0L, 2L, 40L, 1L, 0L), .Dim = c(5L, 3L
    ), .Dimnames = structure(list(c("-2", "-1", "0", "1", NA), 
        c("A", "G", NA)), .Names = c("", "")), class = "table"), 
        N = 7577L), Tag.Distribution = structure(c(`1` = 198L, 
    `2` = 169L, `3` = 140L, `4` = 140L, `5` = 127L, `6` = 111L, 
    `7` = 93L, `8` = 75L, `9` = 70L, `10` = 44L, `11` = 21L, 
    `12` = 40L, `13` = 20L, `14` = 19L, `15` = 9L, `16` = 15L, 
    `17` = 7L, `18` = 9L, `19` = 2L, `20` = 6L, `21` = 3L, `22` = 3L, 
    `23` = 2L, `25` = 1L, `31` = 1L, `32` = 1L), .Dim = 26L, .Dimnames = list(
        TagUsage = c("1", "2", "3", "4", "5", "6", "7", "8", 
        "9", "10", "11", "12", "13", "14", "15", "16", "17", 
        "18", "19", "20", "21", "22", "23", "25", "31", "32")), class = "table"), 
    No.Tag = structure(c(0L, 1L, 121L, 0L, 3L, 0L, 0L, 0L, 0L, 
    0L, 0L, 0L, 0L, 0L, 0L), .Dim = c(5L, 3L), .Dimnames = structure(list(
        c("-2", "-1", "0", "1", NA), c("A", "G", NA)), .Names = c("", 
    "")), class = "table"), All.Tags = list(Concordant = list(
        Freqs = structure(c(0, 4, 1210, 3, 0, 0, 0, 0), .Dim = c(4L, 
        2L), .Dimnames = list(c("-2", "-1", "0", "1"), c("A", 
        "G"))), N = 1217), Majority = list(Freqs = structure(c(0, 
    5, 1308, 3, 0, 0, 0, 0), .Dim = c(4L, 2L), .Dimnames = list(
        c("-2", "-1", "0", "1"), c("A", "G"))), N = 1316)), `2` = structure(c(0, 
    1, 1121, 0, 0, 0, 0, 0), .Dim = c(4L, 2L), .Dimnames = list(
        c("-2", "-1", "0", "1"), c("A", "G"))))))
