Results <-
list(`bwa.out//20220204//BlindCMMRD97_S56.sam` = list(IM49_SNP1 = list(
    All = list(Freqs = structure(c(0L, 0L, 1L, 0L, 0L, 0L, 1L, 
    1L, 0L, 0L, 3L, 78L, 3184L, 73L, 21L, 0L, 2L, 296L, 9L, 0L
    ), .Dim = 5:4, .Dimnames = structure(list(c("-2", "-1", "0", 
    "1", NA), c("-", "C", "G", NA)), .Names = c("", "")), class = "table"), 
        N = 3669L), Tag.Distribution = structure(c(`1` = 188L, 
    `2` = 56L, `3` = 54L, `4` = 53L, `5` = 46L, `6` = 35L, `7` = 22L, 
    `8` = 33L, `9` = 17L, `10` = 19L, `11` = 13L, `12` = 11L, 
    `13` = 10L, `14` = 14L, `15` = 8L, `16` = 12L, `17` = 6L, 
    `18` = 5L, `19` = 4L, `20` = 3L, `21` = 4L, `22` = 3L, `23` = 4L, 
    `24` = 1L, `27` = 2L, `28` = 2L, `29` = 1L, `30` = 1L, `31` = 1L
    ), .Dim = 29L, .Dimnames = list(TagUsage = c("1", "2", "3", 
    "4", "5", "6", "7", "8", "9", "10", "11", "12", "13", "14", 
    "15", "16", "17", "18", "19", "20", "21", "22", "23", "24", 
    "27", "28", "29", "30", "31")), class = "table"), No.Tag = structure(c(0L, 
    0L, 0L, 0L, 0L, 0L, 0L, 0L, 0L, 0L, 0L, 4L, 76L, 1L, 1L, 
    0L, 0L, 5L, 0L, 0L), .Dim = 5:4, .Dimnames = structure(list(
        c("-2", "-1", "0", "1", NA), c("-", "C", "G", NA)), .Names = c("", 
    "")), class = "table"), All.Tags = list(Concordant = list(
        Freqs = structure(c(0, 0, 0, 0, 0, 1, 1, 0, 0, 3, 446, 
        3), .Dim = 4:3, .Dimnames = list(c("-2", "-1", "0", "1"
        ), c("-", "C", "G"))), N = 454), Majority = list(Freqs = structure(c(0, 
    0, 0, 0, 0, 1, 1, 0, 0, 4, 548, 3), .Dim = 4:3, .Dimnames = list(
        c("-2", "-1", "0", "1"), c("-", "C", "G"))), N = 557)), 
    `2` = structure(c(0, 0, 0, 0, 0, 0, 0, 0, 0, 1, 430, 0), .Dim = 4:3, .Dimnames = list(
        c("-2", "-1", "0", "1"), c("-", "C", "G"))))))
