Results <-
list(`bwa.out//20220204//BlindCMMRD93_S52.sam` = list(IM16_SNP1 = list(
    All = list(Freqs = structure(c(0L, 16L, 2102L, 33L, 1L, 2L, 
    1L, 18L, 1723L, 46L, 1L, 1L, 0L, 0L, 44L, 2L, 0L, 0L), .Dim = c(6L, 
    3L), .Dimnames = structure(list(c("-2", "-1", "0", "1", "2", 
    NA), c("A", "G", NA)), .Names = c("", "")), class = "table"), 
        N = 3990L), Tag.Distribution = structure(c(`1` = 95L, 
    `2` = 64L, `3` = 51L, `4` = 40L, `5` = 31L, `6` = 37L, `7` = 33L, 
    `8` = 26L, `9` = 20L, `10` = 16L, `11` = 18L, `12` = 11L, 
    `13` = 13L, `14` = 12L, `15` = 11L, `16` = 12L, `17` = 12L, 
    `18` = 6L, `19` = 6L, `20` = 7L, `21` = 5L, `22` = 7L, `23` = 3L, 
    `24` = 4L, `25` = 1L, `26` = 1L, `28` = 2L, `29` = 2L), .Dim = 28L, .Dimnames = list(
        TagUsage = c("1", "2", "3", "4", "5", "6", "7", "8", 
        "9", "10", "11", "12", "13", "14", "15", "16", "17", 
        "18", "19", "20", "21", "22", "23", "24", "25", "26", 
        "28", "29")), class = "table"), No.Tag = structure(c(0L, 
    0L, 58L, 2L, 1L, 0L, 0L, 1L, 46L, 1L, 1L, 0L, 0L, 0L, 9L, 
    0L, 0L, 0L), .Dim = c(6L, 3L), .Dimnames = structure(list(
        c("-2", "-1", "0", "1", "2", NA), c("A", "G", NA)), .Names = c("", 
    "")), class = "table"), All.Tags = list(Concordant = list(
        Freqs = structure(c(0, 0, 225, 2, 0, 0, 2, 211, 2, 0), .Dim = c(5L, 
        2L), .Dimnames = list(c("-2", "-1", "0", "1", "2"), c("A", 
        "G"))), N = 442), Majority = list(Freqs = structure(c(0, 
    0, 273, 2, 0, 0, 2, 255, 2, 0), .Dim = c(5L, 2L), .Dimnames = list(
        c("-2", "-1", "0", "1", "2"), c("A", "G"))), N = 534)), 
    `2` = structure(c(0, 0, 237, 1, 0, 0, 0, 208, 2, 0), .Dim = c(5L, 
    2L), .Dimnames = list(c("-2", "-1", "0", "1", "2"), c("A", 
    "G"))))))
