Results <-
list(`bwa.out//20220204//Control18_S11.sam` = list(GM07_SNP1 = list(
    All = list(Freqs = structure(c(0L, 0L, 3L, 1L, 0L, 0L, 1L, 
    1L, 119L, 2137L, 76L, 4L, 1L, 19L, 0L, 0L, 24L, 0L, 0L, 0L, 
    0L), .Dim = c(7L, 3L), .Dimnames = structure(list(c("-2", 
    "-1", "0", "1", "2", "3", NA), c("A", "G", NA)), .Names = c("", 
    "")), class = "table"), N = 2386L), Tag.Distribution = structure(c(`1` = 74L, 
    `2` = 39L, `3` = 25L, `4` = 36L, `5` = 38L, `6` = 31L, `7` = 17L, 
    `8` = 10L, `9` = 20L, `10` = 9L, `11` = 12L, `12` = 12L, 
    `13` = 9L, `14` = 4L, `15` = 8L, `16` = 1L, `17` = 3L, `18` = 1L, 
    `19` = 1L, `20` = 1L, `22` = 1L, `23` = 1L, `24` = 3L, `28` = 1L, 
    `32` = 2L), .Dim = 25L, .Dimnames = list(TagUsage = c("1", 
    "2", "3", "4", "5", "6", "7", "8", "9", "10", "11", "12", 
    "13", "14", "15", "16", "17", "18", "19", "20", "22", "23", 
    "24", "28", "32")), class = "table"), No.Tag = structure(c(0L, 
    0L, 3L, 0L, 0L, 0L, 1L, 0L, 13L, 241L, 5L, 1L, 0L, 2L, 0L, 
    0L, 2L, 0L, 0L, 0L, 0L), .Dim = c(7L, 3L), .Dimnames = structure(list(
        c("-2", "-1", "0", "1", "2", "3", NA), c("A", "G", NA
        )), .Names = c("", "")), class = "table"), All.Tags = list(
        Concordant = list(Freqs = structure(c(0, 0, 0, 1, 0, 
        0, 0, 2, 242, 1, 0, 0), .Dim = c(6L, 2L), .Dimnames = list(
            c("-2", "-1", "0", "1", "2", "3"), c("A", "G"))), 
            N = 246), Majority = list(Freqs = structure(c(0, 
        0, 0, 1, 0, 0, 0, 3, 338, 2, 0, 0), .Dim = c(6L, 2L), .Dimnames = list(
            c("-2", "-1", "0", "1", "2", "3"), c("A", "G"))), 
            N = 344)), `2` = structure(c(0, 0, 0, 0, 0, 0, 0, 
    2, 270, 2, 0, 0), .Dim = c(6L, 2L), .Dimnames = list(c("-2", 
    "-1", "0", "1", "2", "3"), c("A", "G"))))))
