Results <-
list(`bwa.out//20220204//BlindCMMRD75_S34.sam` = list(GM17_SNP1 = list(
    All = list(Freqs = structure(c(21L, 2413L, 5L, 1L, 30L, 2383L, 
    7L, 1L, 2L, 36L, 0L, 0L), .Dim = 4:3, .Dimnames = structure(list(
        c("-1", "0", "1", NA), c("C", "T", NA)), .Names = c("", 
    "")), class = "table"), N = 4899L), Tag.Distribution = structure(c(`1` = 101L, 
    `2` = 54L, `3` = 43L, `4` = 47L, `5` = 49L, `6` = 31L, `7` = 17L, 
    `8` = 24L, `9` = 20L, `10` = 20L, `11` = 19L, `12` = 15L, 
    `13` = 11L, `14` = 12L, `15` = 13L, `16` = 12L, `17` = 8L, 
    `18` = 15L, `19` = 7L, `20` = 10L, `21` = 5L, `22` = 4L, 
    `23` = 4L, `24` = 4L, `25` = 8L, `26` = 4L, `27` = 3L, `28` = 2L, 
    `29` = 4L, `30` = 1L, `31` = 3L, `32` = 1L, `33` = 2L, `34` = 1L, 
    `38` = 1L, `45` = 1L), .Dim = 36L, .Dimnames = list(TagUsage = c("1", 
    "2", "3", "4", "5", "6", "7", "8", "9", "10", "11", "12", 
    "13", "14", "15", "16", "17", "18", "19", "20", "21", "22", 
    "23", "24", "25", "26", "27", "28", "29", "30", "31", "32", 
    "33", "34", "38", "45")), class = "table"), No.Tag = structure(c(0L, 
    61L, 0L, 0L, 0L, 79L, 0L, 0L, 0L, 9L, 0L, 0L), .Dim = 4:3, .Dimnames = structure(list(
        c("-1", "0", "1", NA), c("C", "T", NA)), .Names = c("", 
    "")), class = "table"), All.Tags = list(Concordant = list(
        Freqs = structure(c(0, 264, 0, 0, 227, 0), .Dim = 3:2, .Dimnames = list(
            c("-1", "0", "1"), c("C", "T"))), N = 491), Majority = list(
        Freqs = structure(c(0, 300, 0, 0, 269, 0), .Dim = 3:2, .Dimnames = list(
            c("-1", "0", "1"), c("C", "T"))), N = 569)), `2` = structure(c(0, 
    248, 0, 0, 225, 0), .Dim = 3:2, .Dimnames = list(c("-1", 
    "0", "1"), c("C", "T"))))))
