Results <-
list(`bwa.out//20220204//Control24_S17.sam` = list(GM07_SNP1 = list(
    All = list(Freqs = structure(c(4L, 136L, 2250L, 58L, 1L, 
    22L, 0L, 2L, 15L, 1L, 0L, 0L, 0L, 0L, 1L, 0L, 0L, 0L, 0L, 
    1L, 16L, 0L, 0L, 0L), .Dim = c(6L, 4L), .Dimnames = structure(list(
        c("-2", "-1", "0", "1", "2", NA), c("A", "G", "T", NA
        )), .Names = c("", "")), class = "table"), N = 2507L), 
    Tag.Distribution = structure(c(`1` = 99L, `2` = 42L, `3` = 27L, 
    `4` = 26L, `5` = 26L, `6` = 19L, `7` = 12L, `8` = 17L, `9` = 19L, 
    `10` = 13L, `11` = 16L, `12` = 10L, `13` = 10L, `14` = 1L, 
    `15` = 5L, `16` = 7L, `18` = 6L, `19` = 2L, `20` = 3L, `21` = 4L, 
    `22` = 2L, `23` = 2L, `24` = 2L, `26` = 1L, `37` = 1L), .Dim = 25L, .Dimnames = list(
        TagUsage = c("1", "2", "3", "4", "5", "6", "7", "8", 
        "9", "10", "11", "12", "13", "14", "15", "16", "18", 
        "19", "20", "21", "22", "23", "24", "26", "37")), class = "table"), 
    No.Tag = structure(c(4L, 10L, 222L, 6L, 0L, 5L, 0L, 0L, 1L, 
    0L, 0L, 0L, 0L, 0L, 0L, 0L, 0L, 0L, 0L, 1L, 7L, 0L, 0L, 0L
    ), .Dim = c(6L, 4L), .Dimnames = structure(list(c("-2", "-1", 
    "0", "1", "2", NA), c("A", "G", "T", NA)), .Names = c("", 
    "")), class = "table"), All.Tags = list(Concordant = list(
        Freqs = structure(c(0, 8, 247, 1, 0, 0, 0, 1, 0, 0, 0, 
        0, 0, 0, 0), .Dim = c(5L, 3L), .Dimnames = list(c("-2", 
        "-1", "0", "1", "2"), c("A", "G", "T"))), N = 257), Majority = list(
        Freqs = structure(c(0, 9, 354, 1, 0, 0, 0, 2, 0, 0, 0, 
        0, 0, 0, 0), .Dim = c(5L, 3L), .Dimnames = list(c("-2", 
        "-1", "0", "1", "2"), c("A", "G", "T"))), N = 366)), 
    `2` = structure(c(0, 3, 267, 0, 0, 0, 0, 1, 0, 0, 0, 0, 0, 
    0, 0), .Dim = c(5L, 3L), .Dimnames = list(c("-2", "-1", "0", 
    "1", "2"), c("A", "G", "T"))))))
