Results <-
list(`bwa.out//20220204//Control30_S23.sam` = list(LR44_SNP1 = list(
    All = list(Freqs = structure(c(1L, 1L, 98L, 1611L, 8L, 6L, 
    0L, 0L, 117L, 1651L, 24L, 7L, 0L, 0L, 3L, 61L, 1L, 0L), .Dim = c(6L, 
    3L), .Dimnames = structure(list(c("-3", "-2", "-1", "0", 
    "1", NA), c("C", "T", NA)), .Names = c("", "")), class = "table"), 
        N = 3589L), Tag.Distribution = structure(c(`1` = 136L, 
    `2` = 67L, `3` = 66L, `4` = 49L, `5` = 44L, `6` = 36L, `7` = 27L, 
    `8` = 22L, `9` = 17L, `10` = 20L, `11` = 15L, `12` = 12L, 
    `13` = 13L, `14` = 9L, `15` = 9L, `16` = 10L, `17` = 2L, 
    `18` = 9L, `19` = 4L, `20` = 7L, `21` = 1L, `22` = 4L, `23` = 2L, 
    `24` = 1L, `25` = 1L, `26` = 2L, `27` = 2L, `31` = 1L, `32` = 1L
    ), .Dim = 29L, .Dimnames = list(TagUsage = c("1", "2", "3", 
    "4", "5", "6", "7", "8", "9", "10", "11", "12", "13", "14", 
    "15", "16", "17", "18", "19", "20", "21", "22", "23", "24", 
    "25", "26", "27", "31", "32")), class = "table"), No.Tag = structure(c(0L, 
    0L, 2L, 43L, 1L, 0L, 0L, 0L, 3L, 34L, 0L, 0L, 0L, 0L, 1L, 
    2L, 1L, 0L), .Dim = c(6L, 3L), .Dimnames = structure(list(
        c("-3", "-2", "-1", "0", "1", NA), c("C", "T", NA)), .Names = c("", 
    "")), class = "table"), All.Tags = list(Concordant = list(
        Freqs = structure(c(0, 0, 3, 193, 0, 0, 0, 5, 208, 0), .Dim = c(5L, 
        2L), .Dimnames = list(c("-3", "-2", "-1", "0", "1"), 
            c("C", "T"))), N = 409), Majority = list(Freqs = structure(c(0, 
    0, 6, 260, 0, 0, 0, 5, 300, 0), .Dim = c(5L, 2L), .Dimnames = list(
        c("-3", "-2", "-1", "0", "1"), c("C", "T"))), N = 571)), 
    `2` = structure(c(0, 0, 3, 206, 0, 0, 0, 0, 231, 0), .Dim = c(5L, 
    2L), .Dimnames = list(c("-3", "-2", "-1", "0", "1"), c("C", 
    "T"))))))
