Results <-
list(`bwa.out//20220204//Control26_S19.sam` = list(LR11_SNP1 = list(
    All = list(Freqs = structure(c(27L, 1333L, 14L, 4L, 21L, 
    1008L, 7L, 2L, 2L, 18L, 0L, 0L), .Dim = 4:3, .Dimnames = structure(list(
        c("-1", "0", "1", NA), c("A", "C", NA)), .Names = c("", 
    "")), class = "table"), N = 2436L), Tag.Distribution = structure(c(`1` = 95L, 
    `2` = 52L, `3` = 39L, `4` = 40L, `5` = 33L, `6` = 27L, `7` = 24L, 
    `8` = 20L, `9` = 15L, `10` = 11L, `11` = 12L, `12` = 12L, 
    `13` = 11L, `14` = 5L, `15` = 7L, `16` = 7L, `17` = 1L, `18` = 4L, 
    `19` = 3L, `20` = 2L, `21` = 1L, `23` = 2L, `24` = 1L, `31` = 1L
    ), .Dim = 24L, .Dimnames = list(TagUsage = c("1", "2", "3", 
    "4", "5", "6", "7", "8", "9", "10", "11", "12", "13", "14", 
    "15", "16", "17", "18", "19", "20", "21", "23", "24", "31"
    )), class = "table"), No.Tag = structure(c(2L, 31L, 0L, 0L, 
    0L, 12L, 0L, 0L, 0L, 1L, 0L, 0L), .Dim = 4:3, .Dimnames = structure(list(
        c("-1", "0", "1", NA), c("A", "C", NA)), .Names = c("", 
    "")), class = "table"), All.Tags = list(Concordant = list(
        Freqs = structure(c(0, 198, 0, 0, 160, 0), .Dim = 3:2, .Dimnames = list(
            c("-1", "0", "1"), c("A", "C"))), N = 358), Majority = list(
        Freqs = structure(c(0, 229, 1, 0, 190, 0), .Dim = 3:2, .Dimnames = list(
            c("-1", "0", "1"), c("A", "C"))), N = 420)), `2` = structure(c(0, 
    180, 1, 0, 147, 0), .Dim = 3:2, .Dimnames = list(c("-1", 
    "0", "1"), c("A", "C"))))))
