Results <-
list(`bwa.out//20220204//BlindCMMRD55_S14.sam` = list(GM09_SNP1 = list(
    All = list(Freqs = structure(c(25L, 2345L, 11L, 1L, 14L, 
    2676L, 4L, 3L, 1L, 32L, 0L, 0L), .Dim = 4:3, .Dimnames = structure(list(
        c("-1", "0", "1", NA), c("A", "G", NA)), .Names = c("", 
    "")), class = "table"), N = 5112L), Tag.Distribution = structure(c(`1` = 111L, 
    `2` = 73L, `3` = 43L, `4` = 49L, `5` = 40L, `6` = 40L, `7` = 32L, 
    `8` = 32L, `9` = 29L, `10` = 17L, `11` = 24L, `12` = 22L, 
    `13` = 17L, `14` = 12L, `15` = 15L, `16` = 11L, `17` = 13L, 
    `18` = 13L, `19` = 7L, `20` = 12L, `21` = 6L, `22` = 5L, 
    `23` = 1L, `24` = 5L, `25` = 6L, `26` = 2L, `27` = 2L, `28` = 3L, 
    `29` = 3L, `34` = 2L, `35` = 2L, `37` = 1L), .Dim = 32L, .Dimnames = list(
        TagUsage = c("1", "2", "3", "4", "5", "6", "7", "8", 
        "9", "10", "11", "12", "13", "14", "15", "16", "17", 
        "18", "19", "20", "21", "22", "23", "24", "25", "26", 
        "27", "28", "29", "34", "35", "37")), class = "table"), 
    No.Tag = structure(c(1L, 13L, 0L, 0L, 0L, 38L, 0L, 0L, 0L, 
    0L, 0L, 0L), .Dim = 4:3, .Dimnames = structure(list(c("-1", 
    "0", "1", NA), c("A", "G", NA)), .Names = c("", "")), class = "table"), 
    All.Tags = list(Concordant = list(Freqs = structure(c(0, 
    291, 0, 0, 276, 0), .Dim = 3:2, .Dimnames = list(c("-1", 
    "0", "1"), c("A", "G"))), N = 567), Majority = list(Freqs = structure(c(0, 
    328, 1, 0, 310, 0), .Dim = 3:2, .Dimnames = list(c("-1", 
    "0", "1"), c("A", "G"))), N = 639)), `2` = structure(c(0, 
    276, 1, 0, 258, 0), .Dim = 3:2, .Dimnames = list(c("-1", 
    "0", "1"), c("A", "G"))))))
