Results <-
list(`bwa.out//20220204//BlindCMMRD68_S27.sam` = list(LR40_SNP1 = list(
    All = list(Freqs = structure(c(22L, 2028L, 8L, 4L, 29L, 2222L, 
    10L, 3L, 0L, 1L, 0L, 0L, 0L, 1L, 0L, 0L, 0L, 17L, 0L, 0L), .Dim = 4:5, .Dimnames = structure(list(
        c("-1", "0", "1", NA), c("A", "C", "G", "T", NA)), .Names = c("", 
    "")), class = "table"), N = 4345L), Tag.Distribution = structure(c(`1` = 91L, 
    `2` = 56L, `3` = 62L, `4` = 52L, `5` = 39L, `6` = 33L, `7` = 30L, 
    `8` = 24L, `9` = 24L, `10` = 20L, `11` = 17L, `12` = 18L, 
    `13` = 15L, `14` = 8L, `15` = 11L, `16` = 6L, `17` = 5L, 
    `18` = 6L, `19` = 9L, `20` = 3L, `21` = 8L, `22` = 4L, `23` = 1L, 
    `24` = 2L, `25` = 2L, `26` = 2L, `27` = 2L, `28` = 1L, `30` = 2L, 
    `31` = 2L, `32` = 1L, `33` = 3L, `34` = 1L, `35` = 1L, `36` = 1L, 
    `37` = 1L, `38` = 1L, `40` = 1L, `44` = 1L), .Dim = 39L, .Dimnames = list(
        TagUsage = c("1", "2", "3", "4", "5", "6", "7", "8", 
        "9", "10", "11", "12", "13", "14", "15", "16", "17", 
        "18", "19", "20", "21", "22", "23", "24", "25", "26", 
        "27", "28", "30", "31", "32", "33", "34", "35", "36", 
        "37", "38", "40", "44")), class = "table"), No.Tag = structure(c(2L, 
    69L, 0L, 0L, 1L, 37L, 1L, 1L, 0L, 0L, 0L, 0L, 0L, 0L, 0L, 
    0L, 0L, 3L, 0L, 0L), .Dim = 4:5, .Dimnames = structure(list(
        c("-1", "0", "1", NA), c("A", "C", "G", "T", NA)), .Names = c("", 
    "")), class = "table"), All.Tags = list(Concordant = list(
        Freqs = structure(c(1, 226, 0, 0, 240, 1, 0, 0, 0, 0, 
        0, 0), .Dim = 3:4, .Dimnames = list(c("-1", "0", "1"), 
            c("A", "C", "G", "T"))), N = 468), Majority = list(
        Freqs = structure(c(1, 267, 0, 1, 288, 1, 0, 0, 0, 0, 
        0, 0), .Dim = 3:4, .Dimnames = list(c("-1", "0", "1"), 
            c("A", "C", "G", "T"))), N = 558)), `2` = structure(c(1, 
    225, 0, 1, 243, 0, 0, 0, 0, 0, 0, 0), .Dim = 3:4, .Dimnames = list(
        c("-1", "0", "1"), c("A", "C", "G", "T"))))))
