Results <-
list(`bwa.out//20220204//BlindCMMRD57_S16.sam` = list(GM26_SNP1 = list(
    All = list(Freqs = structure(c(1L, 9L, 1654L, 7L, 1L, 0L, 
    14L, 1964L, 9L, 3L, 0L, 2L, 22L, 0L, 0L), .Dim = c(5L, 3L
    ), .Dimnames = structure(list(c("-2", "-1", "0", "1", NA), 
        c("A", "G", NA)), .Names = c("", "")), class = "table"), 
        N = 3686L), Tag.Distribution = structure(c(`1` = 90L, 
    `2` = 60L, `3` = 51L, `4` = 35L, `5` = 42L, `6` = 32L, `7` = 23L, 
    `8` = 19L, `9` = 23L, `10` = 25L, `11` = 10L, `12` = 12L, 
    `13` = 7L, `14` = 4L, `15` = 6L, `16` = 7L, `17` = 8L, `18` = 10L, 
    `19` = 7L, `20` = 6L, `21` = 6L, `22` = 4L, `23` = 2L, `24` = 3L, 
    `25` = 4L, `26` = 1L, `27` = 1L, `28` = 1L, `29` = 1L, `30` = 2L, 
    `33` = 1L, `37` = 1L, `44` = 1L, `46` = 1L), .Dim = 34L, .Dimnames = list(
        TagUsage = c("1", "2", "3", "4", "5", "6", "7", "8", 
        "9", "10", "11", "12", "13", "14", "15", "16", "17", 
        "18", "19", "20", "21", "22", "23", "24", "25", "26", 
        "27", "28", "29", "30", "33", "37", "44", "46")), class = "table"), 
    No.Tag = structure(c(0L, 0L, 40L, 0L, 0L, 0L, 0L, 35L, 1L, 
    0L, 0L, 0L, 1L, 0L, 0L), .Dim = c(5L, 3L), .Dimnames = structure(list(
        c("-2", "-1", "0", "1", NA), c("A", "G", NA)), .Names = c("", 
    "")), class = "table"), All.Tags = list(Concordant = list(
        Freqs = structure(c(0, 0, 192, 0, 0, 1, 243, 0), .Dim = c(4L, 
        2L), .Dimnames = list(c("-2", "-1", "0", "1"), c("A", 
        "G"))), N = 436), Majority = list(Freqs = structure(c(0, 
    0, 219, 0, 0, 1, 278, 0), .Dim = c(4L, 2L), .Dimnames = list(
        c("-2", "-1", "0", "1"), c("A", "G"))), N = 498)), `2` = structure(c(0, 
    0, 185, 0, 0, 0, 228, 0), .Dim = c(4L, 2L), .Dimnames = list(
        c("-2", "-1", "0", "1"), c("A", "G"))))))
