Results <-
list(`bwa.out//20220204//17D0939_S6.sam` = list(GM07_SNP1 = list(
    All = list(Freqs = structure(c(0L, 0L, 1L, 0L, 0L, 2L, 53L, 
    1520L, 45L, 27L, 1L, 41L, 1168L, 26L, 17L, 0L, 0L, 16L, 0L, 
    0L), .Dim = 5:4, .Dimnames = structure(list(c("-2", "-1", 
    "0", "1", NA), c("-", "A", "G", NA)), .Names = c("", "")), class = "table"), 
        N = 2917L), Tag.Distribution = structure(c(`1` = 87L, 
    `2` = 35L, `3` = 30L, `4` = 32L, `5` = 28L, `6` = 21L, `7` = 13L, 
    `8` = 18L, `9` = 8L, `10` = 9L, `11` = 7L, `12` = 5L, `13` = 9L, 
    `14` = 5L, `15` = 7L, `16` = 6L, `17` = 3L, `18` = 8L, `19` = 4L, 
    `20` = 1L, `21` = 2L, `22` = 3L, `23` = 2L, `24` = 3L, `25` = 3L, 
    `26` = 2L, `27` = 1L, `28` = 3L, `30` = 5L, `31` = 2L, `32` = 1L, 
    `34` = 1L, `37` = 1L, `38` = 1L, `45` = 1L), .Dim = 35L, .Dimnames = list(
        TagUsage = c("1", "2", "3", "4", "5", "6", "7", "8", 
        "9", "10", "11", "12", "13", "14", "15", "16", "17", 
        "18", "19", "20", "21", "22", "23", "24", "25", "26", 
        "27", "28", "30", "31", "32", "34", "37", "38", "45")), class = "table"), 
    No.Tag = structure(c(0L, 0L, 0L, 0L, 0L, 0L, 1L, 83L, 4L, 
    5L, 0L, 3L, 96L, 0L, 6L, 0L, 0L, 3L, 0L, 0L), .Dim = 5:4, .Dimnames = structure(list(
        c("-2", "-1", "0", "1", NA), c("-", "A", "G", NA)), .Names = c("", 
    "")), class = "table"), All.Tags = list(Concordant = list(
        Freqs = structure(c(0, 0, 0, 0, 0, 0, 149, 2, 0, 2, 126, 
        0), .Dim = 4:3, .Dimnames = list(c("-2", "-1", "0", "1"
        ), c("-", "A", "G"))), N = 279), Majority = list(Freqs = structure(c(0, 
    0, 0, 0, 0, 1, 190, 2, 0, 2, 162, 0), .Dim = 4:3, .Dimnames = list(
        c("-2", "-1", "0", "1"), c("-", "A", "G"))), N = 357)), 
    `2` = structure(c(0, 0, 0, 0, 0, 1, 147, 0, 0, 0, 126, 0), .Dim = 4:3, .Dimnames = list(
        c("-2", "-1", "0", "1"), c("-", "A", "G"))))))
