Results <-
list(`bwa.out//20220204//Control28_S21.sam` = list(GM22_SNP1 = list(
    All = list(Freqs = structure(c(41L, 3243L, 6L, 8L, 0L, 0L, 
    0L, 1L, 0L, 33L, 0L, 0L), .Dim = 4:3, .Dimnames = structure(list(
        c("-1", "0", "1", NA), c("A", "G", NA)), .Names = c("", 
    "")), class = "table"), N = 3332L), Tag.Distribution = structure(c(`1` = 151L, 
    `2` = 59L, `3` = 38L, `4` = 41L, `5` = 44L, `6` = 35L, `7` = 34L, 
    `8` = 30L, `9` = 26L, `10` = 10L, `11` = 20L, `12` = 6L, 
    `13` = 8L, `14` = 5L, `15` = 9L, `16` = 7L, `17` = 2L, `18` = 6L, 
    `19` = 3L, `20` = 2L, `21` = 2L, `22` = 4L, `23` = 4L, `24` = 3L, 
    `25` = 1L, `26` = 1L, `27` = 3L, `29` = 2L, `30` = 1L), .Dim = 29L, .Dimnames = list(
        TagUsage = c("1", "2", "3", "4", "5", "6", "7", "8", 
        "9", "10", "11", "12", "13", "14", "15", "16", "17", 
        "18", "19", "20", "21", "22", "23", "24", "25", "26", 
        "27", "29", "30")), class = "table"), No.Tag = structure(c(1L, 
    74L, 0L, 0L, 0L, 0L, 0L, 0L, 0L, 2L, 0L, 0L), .Dim = 4:3, .Dimnames = structure(list(
        c("-1", "0", "1", NA), c("A", "G", NA)), .Names = c("", 
    "")), class = "table"), All.Tags = list(Concordant = list(
        Freqs = structure(c(0, 508, 0, 0, 0, 0), .Dim = 3:2, .Dimnames = list(
            c("-1", "0", "1"), c("A", "G"))), N = 508), Majority = list(
        Freqs = structure(c(0, 548, 0, 0, 0, 0), .Dim = 3:2, .Dimnames = list(
            c("-1", "0", "1"), c("A", "G"))), N = 548)), `2` = structure(c(0, 
    403, 0, 0, 0, 0), .Dim = 3:2, .Dimnames = list(c("-1", "0", 
    "1"), c("A", "G"))))))
