Results <-
list(`bwa.out//20220204//BlindCMMRD41_S1.sam` = list(LR24_SNP1 = list(
    All = list(Freqs = structure(c(1L, 11L, 2436L, 4L, 2L, 0L, 
    15L, 2829L, 4L, 2L, 0L, 0L, 32L, 0L, 0L), .Dim = c(5L, 3L
    ), .Dimnames = structure(list(c("-2", "-1", "0", "1", NA), 
        c("A", "G", NA)), .Names = c("", "")), class = "table"), 
        N = 5336L), Tag.Distribution = structure(c(`1` = 123L, 
    `2` = 46L, `3` = 36L, `4` = 33L, `5` = 42L, `6` = 31L, `7` = 43L, 
    `8` = 19L, `9` = 27L, `10` = 27L, `11` = 11L, `12` = 20L, 
    `13` = 13L, `14` = 18L, `15` = 16L, `16` = 11L, `17` = 6L, 
    `18` = 4L, `19` = 5L, `20` = 4L, `21` = 8L, `22` = 1L, `23` = 3L, 
    `24` = 3L, `25` = 5L, `26` = 3L, `27` = 5L, `29` = 2L, `30` = 2L, 
    `31` = 3L, `32` = 2L, `33` = 2L, `34` = 3L, `35` = 1L, `37` = 3L, 
    `38` = 1L, `39` = 3L, `40` = 1L, `41` = 1L, `43` = 1L, `44` = 2L, 
    `47` = 1L, `49` = 2L), .Dim = 43L, .Dimnames = list(TagUsage = c("1", 
    "2", "3", "4", "5", "6", "7", "8", "9", "10", "11", "12", 
    "13", "14", "15", "16", "17", "18", "19", "20", "21", "22", 
    "23", "24", "25", "26", "27", "29", "30", "31", "32", "33", 
    "34", "35", "37", "38", "39", "40", "41", "43", "44", "47", 
    "49")), class = "table"), No.Tag = structure(c(0L, 0L, 91L, 
    0L, 0L, 0L, 0L, 107L, 0L, 1L, 0L, 0L, 3L, 0L, 0L), .Dim = c(5L, 
    3L), .Dimnames = structure(list(c("-2", "-1", "0", "1", NA
    ), c("A", "G", NA)), .Names = c("", "")), class = "table"), 
    All.Tags = list(Concordant = list(Freqs = structure(c(0, 
    2, 259, 1, 0, 3, 272, 0), .Dim = c(4L, 2L), .Dimnames = list(
        c("-2", "-1", "0", "1"), c("A", "G"))), N = 537), Majority = list(
        Freqs = structure(c(0, 2, 282, 1, 0, 3, 297, 0), .Dim = c(4L, 
        2L), .Dimnames = list(c("-2", "-1", "0", "1"), c("A", 
        "G"))), N = 585)), `2` = structure(c(0, 0, 227, 0, 0, 
    0, 242, 0), .Dim = c(4L, 2L), .Dimnames = list(c("-2", "-1", 
    "0", "1"), c("A", "G"))))))
