Results <-
list(`bwa.out//20220204//Control22_S15.sam` = list(GM26_SNP1 = list(
    All = list(Freqs = structure(c(1L, 2L, 876L, 6L, 1L, 2L, 
    0L, 2L, 786L, 4L, 0L, 2L, 0L, 0L, 17L, 0L, 0L, 0L), .Dim = c(6L, 
    3L), .Dimnames = structure(list(c("-3", "-1", "0", "1", "2", 
    NA), c("A", "G", NA)), .Names = c("", "")), class = "table"), 
        N = 1699L), Tag.Distribution = structure(c(`1` = 79L, 
    `2` = 42L, `3` = 36L, `4` = 33L, `5` = 21L, `6` = 20L, `7` = 13L, 
    `8` = 10L, `9` = 6L, `10` = 7L, `11` = 8L, `12` = 10L, `13` = 4L, 
    `14` = 6L, `16` = 4L, `17` = 2L, `18` = 3L, `20` = 1L, `21` = 1L, 
    `22` = 3L, `23` = 1L, `24` = 1L, `25` = 2L, `48` = 1L), .Dim = 24L, .Dimnames = list(
        TagUsage = c("1", "2", "3", "4", "5", "6", "7", "8", 
        "9", "10", "11", "12", "13", "14", "16", "17", "18", 
        "20", "21", "22", "23", "24", "25", "48")), class = "table"), 
    No.Tag = structure(c(0L, 0L, 5L, 0L, 0L, 0L, 0L, 0L, 23L, 
    0L, 0L, 0L, 0L, 0L, 0L, 0L, 0L, 0L), .Dim = c(6L, 3L), .Dimnames = structure(list(
        c("-3", "-1", "0", "1", "2", NA), c("A", "G", NA)), .Names = c("", 
    "")), class = "table"), All.Tags = list(Concordant = list(
        Freqs = structure(c(0, 0, 161, 0, 1, 0, 0, 127, 0, 0), .Dim = c(5L, 
        2L), .Dimnames = list(c("-3", "-1", "0", "1", "2"), c("A", 
        "G"))), N = 289), Majority = list(Freqs = structure(c(0, 
    0, 173, 0, 1, 0, 0, 135, 0, 0), .Dim = c(5L, 2L), .Dimnames = list(
        c("-3", "-1", "0", "1", "2"), c("A", "G"))), N = 309)), 
    `2` = structure(c(0, 0, 124, 0, 0, 0, 0, 108, 0, 0), .Dim = c(5L, 
    2L), .Dimnames = list(c("-3", "-1", "0", "1", "2"), c("A", 
    "G"))))))
