Results <-
list(`bwa.out//20220204//17D1098_S3.sam` = list(GM26_SNP1 = list(
    All = list(Freqs = structure(c(1L, 9L, 1460L, 4L, 5L, 1L, 
    26L, 1711L, 3L, 3L, 0L, 1L, 55L, 0L, 0L), .Dim = c(5L, 3L
    ), .Dimnames = structure(list(c("-2", "-1", "0", "1", NA), 
        c("A", "G", NA)), .Names = c("", "")), class = "table"), 
        N = 3279L), Tag.Distribution = structure(c(`1` = 189L, 
    `2` = 99L, `3` = 71L, `4` = 68L, `5` = 47L, `6` = 44L, `7` = 18L, 
    `8` = 30L, `9` = 17L, `10` = 22L, `11` = 13L, `12` = 10L, 
    `13` = 4L, `14` = 5L, `15` = 6L, `16` = 5L, `17` = 3L, `18` = 2L, 
    `19` = 3L, `20` = 4L, `21` = 3L, `22` = 1L, `24` = 1L, `26` = 1L, 
    `27` = 1L, `28` = 1L, `29` = 1L, `32` = 1L, `34` = 2L), .Dim = 29L, .Dimnames = list(
        TagUsage = c("1", "2", "3", "4", "5", "6", "7", "8", 
        "9", "10", "11", "12", "13", "14", "15", "16", "17", 
        "18", "19", "20", "21", "22", "24", "26", "27", "28", 
        "29", "32", "34")), class = "table"), No.Tag = structure(c(0L, 
    0L, 43L, 0L, 1L, 0L, 0L, 20L, 0L, 1L, 0L, 0L, 6L, 0L, 0L), .Dim = c(5L, 
    3L), .Dimnames = structure(list(c("-2", "-1", "0", "1", NA
    ), c("A", "G", NA)), .Names = c("", "")), class = "table"), 
    All.Tags = list(Concordant = list(Freqs = structure(c(0, 
    0, 263, 0, 0, 3, 332, 1), .Dim = c(4L, 2L), .Dimnames = list(
        c("-2", "-1", "0", "1"), c("A", "G"))), N = 599), Majority = list(
        Freqs = structure(c(0, 0, 298, 0, 0, 4, 355, 1), .Dim = c(4L, 
        2L), .Dimnames = list(c("-2", "-1", "0", "1"), c("A", 
        "G"))), N = 658)), `2` = structure(c(0, 0, 214, 0, 0, 
    2, 256, 0), .Dim = c(4L, 2L), .Dimnames = list(c("-2", "-1", 
    "0", "1"), c("A", "G"))))))
