Results <-
list(`bwa.out//20220204//BlindCMMRD85_S44.sam` = list(IM49_SNP1 = list(
    All = list(Freqs = structure(c(1L, 48L, 1675L, 36L, 17L, 
    3L, 35L, 1275L, 23L, 4L, 0L, 4L, 182L, 3L, 0L), .Dim = c(5L, 
    3L), .Dimnames = structure(list(c("-2", "-1", "0", "1", NA
    ), c("C", "G", NA)), .Names = c("", "")), class = "table"), 
        N = 3306L), Tag.Distribution = structure(c(`1` = 179L, 
    `2` = 75L, `3` = 70L, `4` = 51L, `5` = 50L, `6` = 38L, `7` = 30L, 
    `8` = 20L, `9` = 27L, `10` = 27L, `11` = 21L, `12` = 17L, 
    `13` = 6L, `14` = 3L, `15` = 2L, `16` = 5L, `17` = 7L, `19` = 3L, 
    `20` = 4L, `22` = 2L, `23` = 2L, `24` = 1L, `26` = 1L, `28` = 1L, 
    `30` = 1L), .Dim = 25L, .Dimnames = list(TagUsage = c("1", 
    "2", "3", "4", "5", "6", "7", "8", "9", "10", "11", "12", 
    "13", "14", "15", "16", "17", "19", "20", "22", "23", "24", 
    "26", "28", "30")), class = "table"), No.Tag = structure(c(0L, 
    0L, 39L, 0L, 0L, 0L, 1L, 37L, 0L, 0L, 0L, 0L, 6L, 0L, 0L), .Dim = c(5L, 
    3L), .Dimnames = structure(list(c("-2", "-1", "0", "1", NA
    ), c("C", "G", NA)), .Names = c("", "")), class = "table"), 
    All.Tags = list(Concordant = list(Freqs = structure(c(0, 
    2, 264, 3, 0, 2, 201, 1), .Dim = c(4L, 2L), .Dimnames = list(
        c("-2", "-1", "0", "1"), c("C", "G"))), N = 473), Majority = list(
        Freqs = structure(c(0, 2, 325, 3, 0, 2, 256, 1), .Dim = c(4L, 
        2L), .Dimnames = list(c("-2", "-1", "0", "1"), c("C", 
        "G"))), N = 589)), `2` = structure(c(0, 0, 259, 1, 0, 
    0, 193, 0), .Dim = c(4L, 2L), .Dimnames = list(c("-2", "-1", 
    "0", "1"), c("C", "G"))))))
