Results <-
list(`bwa.out//20220204//BlindCMMRD78_S37.sam` = list(IM16_SNP1 = list(
    All = list(Freqs = structure(c(0L, 0L, 7L, 0L, 0L, 0L, 1L, 
    47L, 4850L, 47L, 1L, 5L, 0L, 0L, 2L, 0L, 0L, 0L, 0L, 0L, 
    72L, 2L, 1L, 0L), .Dim = c(6L, 4L), .Dimnames = structure(list(
        c("-2", "-1", "0", "1", "2", NA), c("A", "G", "T", NA
        )), .Names = c("", "")), class = "table"), N = 5035L), 
    Tag.Distribution = structure(c(`1` = 95L, `2` = 56L, `3` = 58L, 
    `4` = 33L, `5` = 43L, `6` = 37L, `7` = 37L, `8` = 38L, `9` = 36L, 
    `10` = 22L, `11` = 24L, `12` = 13L, `13` = 16L, `14` = 14L, 
    `15` = 11L, `16` = 9L, `17` = 4L, `18` = 4L, `19` = 10L, 
    `20` = 8L, `21` = 6L, `22` = 7L, `23` = 4L, `24` = 3L, `25` = 3L, 
    `26` = 3L, `27` = 6L, `28` = 1L, `29` = 2L, `30` = 1L, `31` = 1L, 
    `32` = 2L, `33` = 1L, `34` = 2L, `35` = 1L, `36` = 2L, `38` = 1L
    ), .Dim = 37L, .Dimnames = list(TagUsage = c("1", "2", "3", 
    "4", "5", "6", "7", "8", "9", "10", "11", "12", "13", "14", 
    "15", "16", "17", "18", "19", "20", "21", "22", "23", "24", 
    "25", "26", "27", "28", "29", "30", "31", "32", "33", "34", 
    "35", "36", "38")), class = "table"), No.Tag = structure(c(0L, 
    0L, 1L, 0L, 0L, 0L, 0L, 1L, 127L, 2L, 0L, 0L, 0L, 0L, 0L, 
    0L, 0L, 0L, 0L, 0L, 8L, 0L, 0L, 0L), .Dim = c(6L, 4L), .Dimnames = structure(list(
        c("-2", "-1", "0", "1", "2", NA), c("A", "G", "T", NA
        )), .Names = c("", "")), class = "table"), All.Tags = list(
        Concordant = list(Freqs = structure(c(0, 0, 2, 0, 0, 
        0, 1, 519, 0, 0, 0, 0, 0, 0, 0), .Dim = c(5L, 3L), .Dimnames = list(
            c("-2", "-1", "0", "1", "2"), c("A", "G", "T"))), 
            N = 522), Majority = list(Freqs = structure(c(0, 
        0, 2, 0, 0, 0, 1, 603, 0, 0, 0, 0, 0, 0, 0), .Dim = c(5L, 
        3L), .Dimnames = list(c("-2", "-1", "0", "1", "2"), c("A", 
        "G", "T"))), N = 606)), `2` = structure(c(0, 0, 0, 0, 
    0, 0, 0, 518, 0, 0, 0, 0, 0, 0, 0), .Dim = c(5L, 3L), .Dimnames = list(
        c("-2", "-1", "0", "1", "2"), c("A", "G", "T"))))))
