Results <-
list(`bwa.out//20220204//BlindCMMRD109_S35.sam` = list(LR11_SNP1 = list(
    All = list(Freqs = structure(c(2L, 80L, 3300L, 28L, 1L, 17L, 
    3L, 61L, 2641L, 13L, 0L, 21L, 0L, 0L, 1L, 0L, 0L, 0L, 0L, 
    0L, 4L, 0L, 0L, 0L, 0L, 2L, 28L, 0L, 0L, 0L), .Dim = 6:5, .Dimnames = structure(list(
        c("-2", "-1", "0", "1", "2", NA), c("A", "C", "G", "T", 
        NA)), .Names = c("", "")), class = "table"), N = 6202L), 
    Tag.Distribution = structure(c(`1` = 230L, `2` = 220L, `3` = 164L, 
    `4` = 151L, `5` = 124L, `6` = 88L, `7` = 67L, `8` = 68L, 
    `9` = 57L, `10` = 36L, `11` = 23L, `12` = 20L, `13` = 13L, 
    `14` = 11L, `15` = 4L, `16` = 8L, `18` = 5L, `19` = 2L, `20` = 2L, 
    `21` = 2L, `22` = 1L, `24` = 1L, `40` = 1L), .Dim = 23L, .Dimnames = list(
        TagUsage = c("1", "2", "3", "4", "5", "6", "7", "8", 
        "9", "10", "11", "12", "13", "14", "15", "16", "18", 
        "19", "20", "21", "22", "24", "40")), class = "table"), 
    No.Tag = structure(c(0L, 3L, 48L, 0L, 0L, 1L, 0L, 0L, 48L, 
    0L, 0L, 0L, 0L, 0L, 0L, 0L, 0L, 0L, 0L, 0L, 0L, 0L, 0L, 0L, 
    0L, 0L, 2L, 0L, 0L, 0L), .Dim = 6:5, .Dimnames = structure(list(
        c("-2", "-1", "0", "1", "2", NA), c("A", "C", "G", "T", 
        NA)), .Names = c("", "")), class = "table"), All.Tags = list(
        Concordant = list(Freqs = structure(c(0, 5, 568, 2, 0, 
        0, 4, 443, 1, 0, 0, 0, 0, 0, 0, 0, 0, 0, 0, 0), .Dim = 5:4, .Dimnames = list(
            c("-2", "-1", "0", "1", "2"), c("A", "C", "G", "T"
            ))), N = 1023), Majority = list(Freqs = structure(c(0, 
        5, 712, 2, 0, 0, 5, 540, 2, 0, 0, 0, 0, 0, 0, 0, 0, 0, 
        0, 0), .Dim = 5:4, .Dimnames = list(c("-2", "-1", "0", 
        "1", "2"), c("A", "C", "G", "T"))), N = 1266)), `2` = structure(c(0, 
    1, 582, 1, 0, 0, 2, 452, 1, 0, 0, 0, 0, 0, 0, 0, 0, 0, 0, 
    0), .Dim = 5:4, .Dimnames = list(c("-2", "-1", "0", "1", 
    "2"), c("A", "C", "G", "T"))))))
