Results <-
list(`bwa.out//20220204//BlindCMMRD44_S4.sam` = list(LR40_SNP1 = list(
    All = list(Freqs = structure(c(0L, 0L, 2L, 0L, 0L, 1L, 58L, 
    4579L, 15L, 8L, 0L, 0L, 17L, 0L, 0L), .Dim = c(5L, 3L), .Dimnames = structure(list(
        c("-2", "-1", "0", "1", NA), c("A", "C", NA)), .Names = c("", 
    "")), class = "table"), N = 4680L), Tag.Distribution = structure(c(`1` = 89L, 
    `2` = 26L, `3` = 34L, `4` = 26L, `5` = 25L, `6` = 21L, `7` = 18L, 
    `8` = 15L, `9` = 20L, `10` = 17L, `11` = 19L, `12` = 18L, 
    `13` = 20L, `14` = 10L, `15` = 15L, `16` = 6L, `17` = 8L, 
    `18` = 6L, `19` = 5L, `20` = 3L, `21` = 7L, `22` = 5L, `23` = 7L, 
    `24` = 3L, `25` = 4L, `26` = 5L, `27` = 6L, `28` = 3L, `29` = 3L, 
    `30` = 2L, `31` = 1L, `32` = 2L, `33` = 2L, `34` = 3L, `35` = 1L, 
    `37` = 1L, `38` = 3L, `39` = 1L, `42` = 1L, `45` = 1L, `46` = 1L, 
    `49` = 1L, `67` = 1L), .Dim = 43L, .Dimnames = list(TagUsage = c("1", 
    "2", "3", "4", "5", "6", "7", "8", "9", "10", "11", "12", 
    "13", "14", "15", "16", "17", "18", "19", "20", "21", "22", 
    "23", "24", "25", "26", "27", "28", "29", "30", "31", "32", 
    "33", "34", "35", "37", "38", "39", "42", "45", "46", "49", 
    "67")), class = "table"), No.Tag = structure(c(0L, 0L, 0L, 
    0L, 0L, 0L, 2L, 88L, 0L, 0L, 0L, 0L, 1L, 0L, 0L), .Dim = c(5L, 
    3L), .Dimnames = structure(list(c("-2", "-1", "0", "1", NA
    ), c("A", "C", NA)), .Names = c("", "")), class = "table"), 
    All.Tags = list(Concordant = list(Freqs = structure(c(0, 
    0, 0, 0, 0, 4, 409, 0), .Dim = c(4L, 2L), .Dimnames = list(
        c("-2", "-1", "0", "1"), c("A", "C"))), N = 413), Majority = list(
        Freqs = structure(c(0, 0, 0, 0, 0, 5, 458, 0), .Dim = c(4L, 
        2L), .Dimnames = list(c("-2", "-1", "0", "1"), c("A", 
        "C"))), N = 463)), `2` = structure(c(0, 0, 0, 0, 0, 1, 
    374, 0), .Dim = c(4L, 2L), .Dimnames = list(c("-2", "-1", 
    "0", "1"), c("A", "C"))))))
