Results <-
list(`bwa.out//20220204//BlindCMMRD98_S57.sam` = list(LR52_SNP1 = list(
    All = list(Freqs = structure(c(3L, 88L, 706L, 3621L, 53L, 
    7L, 94L, 0L, 0L, 0L, 23L, 0L, 0L, 0L, 0L, 1L, 42L, 1249L, 
    16L, 2L, 0L), .Dim = c(7L, 3L), .Dimnames = structure(list(
        c("-3", "-2", "-1", "0", "1", "2", NA), c("C", "T", NA
        )), .Names = c("", "")), class = "table"), N = 5905L), 
    Tag.Distribution = structure(c(`1` = 85L, `2` = 47L, `3` = 38L, 
    `4` = 32L, `5` = 33L, `6` = 21L, `7` = 29L, `8` = 22L, `9` = 20L, 
    `10` = 15L, `11` = 18L, `12` = 16L, `13` = 9L, `14` = 8L, 
    `15` = 13L, `16` = 11L, `17` = 9L, `18` = 10L, `19` = 8L, 
    `20` = 10L, `21` = 7L, `22` = 11L, `23` = 11L, `24` = 5L, 
    `25` = 3L, `26` = 5L, `27` = 3L, `28` = 6L, `29` = 6L, `30` = 8L, 
    `31` = 6L, `32` = 1L, `33` = 1L, `34` = 2L, `35` = 6L, `36` = 1L, 
    `37` = 2L, `38` = 1L, `39` = 3L, `40` = 4L, `46` = 2L, `62` = 1L
    ), .Dim = 42L, .Dimnames = list(TagUsage = c("1", "2", "3", 
    "4", "5", "6", "7", "8", "9", "10", "11", "12", "13", "14", 
    "15", "16", "17", "18", "19", "20", "21", "22", "23", "24", 
    "25", "26", "27", "28", "29", "30", "31", "32", "33", "34", 
    "35", "36", "37", "38", "39", "40", "46", "62")), class = "table"), 
    No.Tag = structure(c(0L, 1L, 5L, 38L, 0L, 0L, 2L, 0L, 0L, 
    0L, 0L, 0L, 0L, 0L, 0L, 0L, 2L, 23L, 0L, 0L, 0L), .Dim = c(7L, 
    3L), .Dimnames = structure(list(c("-3", "-2", "-1", "0", 
    "1", "2", NA), c("C", "T", NA)), .Names = c("", "")), class = "table"), 
    All.Tags = list(Concordant = list(Freqs = structure(c(1, 
    3, 21, 237, 6, 1, 0, 0, 0, 1, 0, 0), .Dim = c(6L, 2L), .Dimnames = list(
        c("-3", "-2", "-1", "0", "1", "2"), c("C", "T"))), N = 270), 
        Majority = list(Freqs = structure(c(1, 4, 43, 435, 10, 
        1, 0, 0, 0, 2, 0, 0), .Dim = c(6L, 2L), .Dimnames = list(
            c("-3", "-2", "-1", "0", "1", "2"), c("C", "T"))), 
            N = 496)), `2` = structure(c(0, 1, 34, 402, 5, 1, 
    0, 0, 0, 1, 0, 0), .Dim = c(6L, 2L), .Dimnames = list(c("-3", 
    "-2", "-1", "0", "1", "2"), c("C", "T"))))))
