Results <-
list(`bwa.out//20220204//Control29_S22.sam` = list(GM17_SNP1 = list(
    All = list(Freqs = structure(c(0L, 23L, 1664L, 2L, 4L, 1L, 
    21L, 1793L, 7L, 1L, 0L, 0L, 12L, 0L, 0L), .Dim = c(5L, 3L
    ), .Dimnames = structure(list(c("-2", "-1", "0", "1", NA), 
        c("C", "T", NA)), .Names = c("", "")), class = "table"), 
        N = 3528L), Tag.Distribution = structure(c(`1` = 106L, 
    `2` = 47L, `3` = 42L, `4` = 29L, `5` = 31L, `6` = 38L, `7` = 30L, 
    `8` = 27L, `9` = 16L, `10` = 15L, `11` = 10L, `12` = 12L, 
    `13` = 6L, `14` = 12L, `15` = 4L, `16` = 4L, `17` = 11L, 
    `18` = 5L, `19` = 9L, `20` = 1L, `21` = 7L, `22` = 6L, `23` = 2L, 
    `24` = 4L, `25` = 2L, `27` = 1L, `28` = 2L, `30` = 2L, `31` = 1L, 
    `32` = 2L, `33` = 2L, `35` = 1L), .Dim = 32L, .Dimnames = list(
        TagUsage = c("1", "2", "3", "4", "5", "6", "7", "8", 
        "9", "10", "11", "12", "13", "14", "15", "16", "17", 
        "18", "19", "20", "21", "22", "23", "24", "25", "27", 
        "28", "30", "31", "32", "33", "35")), class = "table"), 
    No.Tag = structure(c(0L, 0L, 55L, 0L, 1L, 0L, 0L, 23L, 0L, 
    0L, 0L, 0L, 2L, 0L, 0L), .Dim = c(5L, 3L), .Dimnames = structure(list(
        c("-2", "-1", "0", "1", NA), c("C", "T", NA)), .Names = c("", 
    "")), class = "table"), All.Tags = list(Concordant = list(
        Freqs = structure(c(0, 1, 200, 0, 0, 0, 219, 0), .Dim = c(4L, 
        2L), .Dimnames = list(c("-2", "-1", "0", "1"), c("C", 
        "T"))), N = 420), Majority = list(Freqs = structure(c(0, 
    1, 229, 0, 0, 0, 253, 0), .Dim = c(4L, 2L), .Dimnames = list(
        c("-2", "-1", "0", "1"), c("C", "T"))), N = 483)), `2` = structure(c(0, 
    0, 178, 0, 0, 0, 202, 0), .Dim = c(4L, 2L), .Dimnames = list(
        c("-2", "-1", "0", "1"), c("C", "T"))))))
