Results <-
list(`bwa.out//20220204//Control25_S18.sam` = list(LR46_SNP1 = list(
    All = list(Freqs = structure(c(1L, 822L, 4L, 1L, 4L, 856L, 
    3L, 2L, 0L, 10L, 0L, 0L), .Dim = 4:3, .Dimnames = structure(list(
        c("-1", "0", "1", NA), c("G", "T", NA)), .Names = c("", 
    "")), class = "table"), N = 1703L), Tag.Distribution = structure(c(`1` = 44L, 
    `2` = 15L, `3` = 16L, `4` = 5L, `5` = 10L, `6` = 15L, `7` = 11L, 
    `8` = 6L, `9` = 6L, `10` = 7L, `11` = 8L, `12` = 4L, `13` = 5L, 
    `14` = 5L, `15` = 1L, `16` = 4L, `17` = 3L, `18` = 3L, `19` = 2L, 
    `21` = 3L, `22` = 2L, `23` = 1L, `25` = 1L, `26` = 3L, `28` = 1L, 
    `29` = 1L, `31` = 2L, `34` = 2L, `38` = 1L, `40` = 1L, `42` = 1L, 
    `45` = 1L), .Dim = 32L, .Dimnames = list(TagUsage = c("1", 
    "2", "3", "4", "5", "6", "7", "8", "9", "10", "11", "12", 
    "13", "14", "15", "16", "17", "18", "19", "21", "22", "23", 
    "25", "26", "28", "29", "31", "34", "38", "40", "42", "45"
    )), class = "table"), No.Tag = structure(c(0L, 24L, 0L, 0L, 
    0L, 67L, 1L, 0L, 0L, 2L, 0L, 0L), .Dim = 4:3, .Dimnames = structure(list(
        c("-1", "0", "1", NA), c("G", "T", NA)), .Names = c("", 
    "")), class = "table"), All.Tags = list(Concordant = list(
        Freqs = structure(c(0, 90, 1, 0, 81, 0), .Dim = 3:2, .Dimnames = list(
            c("-1", "0", "1"), c("G", "T"))), N = 172), Majority = list(
        Freqs = structure(c(0, 95, 1, 0, 88, 0), .Dim = 3:2, .Dimnames = list(
            c("-1", "0", "1"), c("G", "T"))), N = 184)), `2` = structure(c(0, 
    73, 0, 0, 71, 0), .Dim = 3:2, .Dimnames = list(c("-1", "0", 
    "1"), c("G", "T"))))))
