Results <-
list(`bwa.out//20220204//MLPA101_S15.sam` = list(LR24_SNP1 = list(
    All = list(Freqs = structure(c(14L, 1928L, 2L, 2L, 7L, 1954L, 
    2L, 1L, 2L, 24L, 0L, 0L), .Dim = 4:3, .Dimnames = structure(list(
        c("-1", "0", "1", NA), c("A", "G", NA)), .Names = c("", 
    "")), class = "table"), N = 3936L), Tag.Distribution = structure(c(`1` = 209L, 
    `2` = 107L, `3` = 82L, `4` = 64L, `5` = 51L, `6` = 39L, `7` = 44L, 
    `8` = 25L, `9` = 19L, `10` = 24L, `11` = 21L, `12` = 18L, 
    `13` = 15L, `14` = 12L, `15` = 10L, `16` = 8L, `17` = 5L, 
    `18` = 2L, `19` = 2L, `21` = 4L, `22` = 1L, `23` = 3L, `24` = 2L, 
    `26` = 1L, `27` = 1L), .Dim = 25L, .Dimnames = list(TagUsage = c("1", 
    "2", "3", "4", "5", "6", "7", "8", "9", "10", "11", "12", 
    "13", "14", "15", "16", "17", "18", "19", "21", "22", "23", 
    "24", "26", "27")), class = "table"), No.Tag = structure(c(2L, 
    37L, 0L, 0L, 0L, 39L, 0L, 0L, 0L, 2L, 0L, 0L), .Dim = 4:3, .Dimnames = structure(list(
        c("-1", "0", "1", NA), c("A", "G", NA)), .Names = c("", 
    "")), class = "table"), All.Tags = list(Concordant = list(
        Freqs = structure(c(0, 342, 0, 0, 346, 0), .Dim = 3:2, .Dimnames = list(
            c("-1", "0", "1"), c("A", "G"))), N = 688), Majority = list(
        Freqs = structure(c(0, 375, 0, 0, 379, 0), .Dim = 3:2, .Dimnames = list(
            c("-1", "0", "1"), c("A", "G"))), N = 754)), `2` = structure(c(0, 
    277, 0, 0, 273, 0), .Dim = 3:2, .Dimnames = list(c("-1", 
    "0", "1"), c("A", "G"))))))
