Results <-
list(`bwa.out//20220204//17D1098_S3.sam` = list(GM01_SNP1 = list(
    All = list(Freqs = structure(c(1L, 163L, 4569L, 11L, 13L, 
    0L, 0L, 2L, 0L, 0L, 0L, 1L, 59L, 0L, 0L), .Dim = c(5L, 3L
    ), .Dimnames = structure(list(c("-2", "-1", "0", "1", NA), 
        c("A", "T", NA)), .Names = c("", "")), class = "table"), 
        N = 4819L), Tag.Distribution = structure(c(`1` = 220L, 
    `2` = 157L, `3` = 107L, `4` = 78L, `5` = 79L, `6` = 58L, 
    `7` = 47L, `8` = 40L, `9` = 24L, `10` = 27L, `11` = 11L, 
    `12` = 19L, `13` = 14L, `14` = 17L, `15` = 12L, `16` = 5L, 
    `17` = 7L, `18` = 3L, `19` = 2L, `20` = 4L, `22` = 3L, `23` = 6L, 
    `24` = 2L, `26` = 1L, `27` = 2L, `31` = 1L), .Dim = 26L, .Dimnames = list(
        TagUsage = c("1", "2", "3", "4", "5", "6", "7", "8", 
        "9", "10", "11", "12", "13", "14", "15", "16", "17", 
        "18", "19", "20", "22", "23", "24", "26", "27", "31")), class = "table"), 
    No.Tag = structure(c(0L, 1L, 85L, 0L, 0L, 0L, 0L, 0L, 0L, 
    0L, 0L, 0L, 5L, 0L, 0L), .Dim = c(5L, 3L), .Dimnames = structure(list(
        c("-2", "-1", "0", "1", NA), c("A", "T", NA)), .Names = c("", 
    "")), class = "table"), All.Tags = list(Concordant = list(
        Freqs = structure(c(0, 18, 849, 1, 0, 0, 0, 0), .Dim = c(4L, 
        2L), .Dimnames = list(c("-2", "-1", "0", "1"), c("A", 
        "T"))), N = 868), Majority = list(Freqs = structure(c(0, 
    20, 909, 1, 0, 0, 0, 0), .Dim = c(4L, 2L), .Dimnames = list(
        c("-2", "-1", "0", "1"), c("A", "T"))), N = 930)), `2` = structure(c(0, 
    15, 709, 0, 0, 0, 0, 0), .Dim = c(4L, 2L), .Dimnames = list(
        c("-2", "-1", "0", "1"), c("A", "T"))))))
