Results <-
list(`bwa.out//20220204//Control11_S4.sam` = list(LR20_SNP1 = list(
    All = list(Freqs = structure(c(1L, 1962L, 3L, 1L, 4L, 1363L, 
    0L, 5L, 0L, 1L, 0L, 0L, 0L, 13L, 0L, 0L), .Dim = c(4L, 4L
    ), .Dimnames = structure(list(c("-1", "0", "1", NA), c("A", 
    "G", "T", NA)), .Names = c("", "")), class = "table"), N = 3353L), 
    Tag.Distribution = structure(c(`1` = 129L, `2` = 69L, `3` = 48L, 
    `4` = 53L, `5` = 39L, `6` = 32L, `7` = 23L, `8` = 29L, `9` = 24L, 
    `10` = 18L, `11` = 14L, `12` = 6L, `13` = 11L, `14` = 11L, 
    `15` = 9L, `16` = 3L, `17` = 4L, `18` = 2L, `19` = 6L, `20` = 4L, 
    `21` = 3L, `22` = 4L, `23` = 2L, `24` = 2L, `25` = 2L, `26` = 1L, 
    `27` = 1L, `28` = 1L, `30` = 1L, `33` = 1L), .Dim = 30L, .Dimnames = list(
        TagUsage = c("1", "2", "3", "4", "5", "6", "7", "8", 
        "9", "10", "11", "12", "13", "14", "15", "16", "17", 
        "18", "19", "20", "21", "22", "23", "24", "25", "26", 
        "27", "28", "30", "33")), class = "table"), No.Tag = structure(c(0L, 
    52L, 0L, 0L, 0L, 53L, 0L, 4L, 0L, 0L, 0L, 0L, 0L, 2L, 0L, 
    0L), .Dim = c(4L, 4L), .Dimnames = structure(list(c("-1", 
    "0", "1", NA), c("A", "G", "T", NA)), .Names = c("", "")), class = "table"), 
    All.Tags = list(Concordant = list(Freqs = structure(c(0, 
    292, 0, 1, 205, 0, 0, 0, 0), .Dim = c(3L, 3L), .Dimnames = list(
        c("-1", "0", "1"), c("A", "G", "T"))), N = 498), Majority = list(
        Freqs = structure(c(0, 308, 0, 1, 232, 0, 0, 0, 0), .Dim = c(3L, 
        3L), .Dimnames = list(c("-1", "0", "1"), c("A", "G", 
        "T"))), N = 541)), `2` = structure(c(0, 239, 0, 0, 176, 
    0, 0, 0, 0), .Dim = c(3L, 3L), .Dimnames = list(c("-1", "0", 
    "1"), c("A", "G", "T"))))))
