Results <-
list(`bwa.out//20220204//16D2889_S4.sam` = list(GM09_SNP1 = list(
    All = list(Freqs = structure(c(19L, 2582L, 3L, 0L, 17L, 2541L, 
    3L, 2L, 0L, 33L, 0L, 0L), .Dim = 4:3, .Dimnames = structure(list(
        c("-1", "0", "1", NA), c("A", "G", NA)), .Names = c("", 
    "")), class = "table"), N = 5200L), Tag.Distribution = structure(c(`1` = 229L, 
    `2` = 131L, `3` = 121L, `4` = 81L, `5` = 53L, `6` = 69L, 
    `7` = 43L, `8` = 35L, `9` = 25L, `10` = 20L, `11` = 26L, 
    `12` = 14L, `13` = 17L, `14` = 12L, `15` = 11L, `16` = 6L, 
    `17` = 7L, `18` = 6L, `19` = 8L, `20` = 7L, `21` = 4L, `22` = 5L, 
    `23` = 5L, `24` = 3L, `25` = 1L, `26` = 2L, `28` = 1L, `29` = 1L, 
    `30` = 1L, `38` = 1L, `41` = 1L), .Dim = 31L, .Dimnames = list(
        TagUsage = c("1", "2", "3", "4", "5", "6", "7", "8", 
        "9", "10", "11", "12", "13", "14", "15", "16", "17", 
        "18", "19", "20", "21", "22", "23", "24", "25", "26", 
        "28", "29", "30", "38", "41")), class = "table"), No.Tag = structure(c(0L, 
    46L, 0L, 0L, 0L, 39L, 0L, 0L, 0L, 5L, 0L, 0L), .Dim = 4:3, .Dimnames = structure(list(
        c("-1", "0", "1", NA), c("A", "G", NA)), .Names = c("", 
    "")), class = "table"), All.Tags = list(Concordant = list(
        Freqs = structure(c(2, 438, 0, 0, 382, 0), .Dim = 3:2, .Dimnames = list(
            c("-1", "0", "1"), c("A", "G"))), N = 822), Majority = list(
        Freqs = structure(c(2, 494, 0, 0, 429, 0), .Dim = 3:2, .Dimnames = list(
            c("-1", "0", "1"), c("A", "G"))), N = 925)), `2` = structure(c(0, 
    362, 0, 0, 343, 0), .Dim = 3:2, .Dimnames = list(c("-1", 
    "0", "1"), c("A", "G"))))))
