Results <-
list(`bwa.out//20220204//BlindCMMRD75_S34.sam` = list(LR49_SNP1 = list(
    All = list(Freqs = structure(c(3L, 2075L, 1L, 5L, 7L, 2220L, 
    1L, 3L, 0L, 29L, 0L, 0L), .Dim = 4:3, .Dimnames = structure(list(
        c("-1", "0", "1", NA), c("A", "G", NA)), .Names = c("", 
    "")), class = "table"), N = 4344L), Tag.Distribution = structure(c(`1` = 133L, 
    `2` = 57L, `3` = 52L, `4` = 50L, `5` = 33L, `6` = 26L, `7` = 41L, 
    `8` = 34L, `9` = 22L, `10` = 19L, `11` = 14L, `12` = 18L, 
    `13` = 15L, `14` = 7L, `15` = 10L, `16` = 9L, `17` = 15L, 
    `18` = 8L, `19` = 4L, `20` = 5L, `21` = 5L, `22` = 2L, `23` = 2L, 
    `24` = 5L, `25` = 4L, `26` = 2L, `27` = 2L, `28` = 1L, `29` = 2L, 
    `31` = 3L, `33` = 1L, `34` = 1L, `40` = 1L), .Dim = 33L, .Dimnames = list(
        TagUsage = c("1", "2", "3", "4", "5", "6", "7", "8", 
        "9", "10", "11", "12", "13", "14", "15", "16", "17", 
        "18", "19", "20", "21", "22", "23", "24", "25", "26", 
        "27", "28", "29", "31", "33", "34", "40")), class = "table"), 
    No.Tag = structure(c(0L, 84L, 0L, 0L, 0L, 44L, 0L, 0L, 0L, 
    6L, 0L, 0L), .Dim = 4:3, .Dimnames = structure(list(c("-1", 
    "0", "1", NA), c("A", "G", NA)), .Names = c("", "")), class = "table"), 
    All.Tags = list(Concordant = list(Freqs = structure(c(0, 
    272, 0, 1, 277, 0), .Dim = 3:2, .Dimnames = list(c("-1", 
    "0", "1"), c("A", "G"))), N = 550), Majority = list(Freqs = structure(c(0, 
    294, 0, 1, 303, 0), .Dim = 3:2, .Dimnames = list(c("-1", 
    "0", "1"), c("A", "G"))), N = 598)), `2` = structure(c(0, 
    225, 0, 1, 240, 0), .Dim = 3:2, .Dimnames = list(c("-1", 
    "0", "1"), c("A", "G"))))))
