Results <-
list(`bwa.out//20220204//BlindCMMRD93_S52.sam` = list(GM14_SNP1 = list(
    All = list(Freqs = structure(c(0L, 0L, 1L, 0L, 0L, 1L, 79L, 
    2031L, 14L, 3L, 0L, 0L, 3L, 0L, 0L, 0L, 0L, 14L, 0L, 0L), .Dim = 5:4, .Dimnames = structure(list(
        c("-2", "-1", "0", "1", NA), c("A", "C", "T", NA)), .Names = c("", 
    "")), class = "table"), N = 2146L), Tag.Distribution = structure(c(`1` = 76L, 
    `2` = 31L, `3` = 40L, `4` = 27L, `5` = 24L, `6` = 8L, `7` = 21L, 
    `8` = 18L, `9` = 15L, `10` = 10L, `11` = 10L, `12` = 11L, 
    `13` = 6L, `14` = 3L, `15` = 3L, `16` = 4L, `17` = 8L, `18` = 3L, 
    `19` = 1L, `20` = 3L, `21` = 1L, `22` = 2L, `23` = 5L, `24` = 1L, 
    `25` = 1L, `28` = 1L, `29` = 1L), .Dim = 27L, .Dimnames = list(
        TagUsage = c("1", "2", "3", "4", "5", "6", "7", "8", 
        "9", "10", "11", "12", "13", "14", "15", "16", "17", 
        "18", "19", "20", "21", "22", "23", "24", "25", "28", 
        "29")), class = "table"), No.Tag = structure(c(0L, 0L, 
    0L, 0L, 0L, 0L, 5L, 51L, 0L, 0L, 0L, 0L, 1L, 0L, 0L, 0L, 
    0L, 3L, 0L, 0L), .Dim = 5:4, .Dimnames = structure(list(c("-2", 
    "-1", "0", "1", NA), c("A", "C", "T", NA)), .Names = c("", 
    "")), class = "table"), All.Tags = list(Concordant = list(
        Freqs = structure(c(0, 0, 0, 0, 0, 5, 266, 1, 0, 0, 2, 
        0), .Dim = 4:3, .Dimnames = list(c("-2", "-1", "0", "1"
        ), c("A", "C", "T"))), N = 274), Majority = list(Freqs = structure(c(0, 
    0, 0, 0, 0, 5, 322, 1, 0, 0, 2, 0), .Dim = 4:3, .Dimnames = list(
        c("-2", "-1", "0", "1"), c("A", "C", "T"))), N = 330)), 
    `2` = structure(c(0, 0, 0, 0, 0, 2, 253, 0, 0, 0, 0, 0), .Dim = 4:3, .Dimnames = list(
        c("-2", "-1", "0", "1"), c("A", "C", "T"))))))
