Results <-
list(`bwa.out//20220204//Control24_S17.sam` = list(GM11_SNP1 = list(
    All = list(Freqs = structure(c(1L, 13L, 2381L, 6L, 1L, 0L, 
    0L, 1L, 0L, 0L, 0L, 0L, 17L, 0L, 0L), .Dim = c(5L, 3L), .Dimnames = structure(list(
        c("-3", "-1", "0", "1", NA), c("A", "G", NA)), .Names = c("", 
    "")), class = "table"), N = 2420L), Tag.Distribution = structure(c(`1` = 86L, 
    `2` = 57L, `3` = 39L, `4` = 31L, `5` = 19L, `6` = 33L, `7` = 20L, 
    `8` = 15L, `9` = 18L, `10` = 12L, `11` = 10L, `12` = 9L, 
    `13` = 7L, `14` = 9L, `15` = 1L, `16` = 5L, `17` = 6L, `18` = 6L, 
    `19` = 3L, `20` = 2L, `22` = 2L, `23` = 2L, `24` = 1L, `25` = 1L, 
    `28` = 1L, `31` = 1L, `37` = 1L), .Dim = 27L, .Dimnames = list(
        TagUsage = c("1", "2", "3", "4", "5", "6", "7", "8", 
        "9", "10", "11", "12", "13", "14", "15", "16", "17", 
        "18", "19", "20", "22", "23", "24", "25", "28", "31", 
        "37")), class = "table"), No.Tag = structure(c(0L, 1L, 
    70L, 0L, 0L, 0L, 0L, 0L, 0L, 0L, 0L, 0L, 1L, 0L, 0L), .Dim = c(5L, 
    3L), .Dimnames = structure(list(c("-3", "-1", "0", "1", NA
    ), c("A", "G", NA)), .Names = c("", "")), class = "table"), 
    All.Tags = list(Concordant = list(Freqs = structure(c(0, 
    0, 376, 0, 0, 0, 0, 0), .Dim = c(4L, 2L), .Dimnames = list(
        c("-3", "-1", "0", "1"), c("A", "G"))), N = 376), Majority = list(
        Freqs = structure(c(0, 0, 393, 0, 0, 0, 0, 0), .Dim = c(4L, 
        2L), .Dimnames = list(c("-3", "-1", "0", "1"), c("A", 
        "G"))), N = 393)), `2` = structure(c(0, 0, 310, 0, 0, 
    0, 0, 0), .Dim = c(4L, 2L), .Dimnames = list(c("-3", "-1", 
    "0", "1"), c("A", "G"))))))
