Results <-
list(`bwa.out//20220204//BlindCMMRD94_S53.sam` = list(LR11_SNP1 = list(
    All = list(Freqs = structure(c(0L, 0L, 5L, 0L, 0L, 0L, 1L, 
    69L, 3461L, 21L, 1L, 7L, 0L, 3L, 100L, 4L, 0L, 0L), .Dim = c(6L, 
    3L), .Dimnames = structure(list(c("-3", "-1", "0", "1", "2", 
    NA), c("A", "C", NA)), .Names = c("", "")), class = "table"), 
        N = 3672L), Tag.Distribution = structure(c(`1` = 90L, 
    `2` = 60L, `3` = 36L, `4` = 47L, `5` = 32L, `6` = 40L, `7` = 24L, 
    `8` = 31L, `9` = 17L, `10` = 18L, `11` = 19L, `12` = 10L, 
    `13` = 10L, `14` = 20L, `15` = 9L, `16` = 6L, `17` = 8L, 
    `18` = 9L, `19` = 7L, `20` = 7L, `21` = 5L, `22` = 4L, `23` = 3L, 
    `25` = 1L, `26` = 4L, `28` = 1L, `34` = 1L), .Dim = 27L, .Dimnames = list(
        TagUsage = c("1", "2", "3", "4", "5", "6", "7", "8", 
        "9", "10", "11", "12", "13", "14", "15", "16", "17", 
        "18", "19", "20", "21", "22", "23", "25", "26", "28", 
        "34")), class = "table"), No.Tag = structure(c(0L, 0L, 
    0L, 0L, 0L, 0L, 0L, 2L, 19L, 0L, 0L, 1L, 0L, 0L, 1L, 0L, 
    0L, 0L), .Dim = c(6L, 3L), .Dimnames = structure(list(c("-3", 
    "-1", "0", "1", "2", NA), c("A", "C", NA)), .Names = c("", 
    "")), class = "table"), All.Tags = list(Concordant = list(
        Freqs = structure(c(0, 0, 4, 0, 0, 1, 0, 430, 1, 0), .Dim = c(5L, 
        2L), .Dimnames = list(c("-3", "-1", "0", "1", "2"), c("A", 
        "C"))), N = 436), Majority = list(Freqs = structure(c(0, 
    0, 4, 0, 0, 1, 1, 503, 1, 0), .Dim = c(5L, 2L), .Dimnames = list(
        c("-3", "-1", "0", "1", "2"), c("A", "C"))), N = 510)), 
    `2` = structure(c(0, 0, 0, 0, 0, 0, 1, 426, 0, 0), .Dim = c(5L, 
    2L), .Dimnames = list(c("-3", "-1", "0", "1", "2"), c("A", 
    "C"))))))
