Results <-
list(`bwa.out//20220204//BlindCMMRD109_S35.sam` = list(GM09_SNP1 = list(
    All = list(Freqs = structure(c(30L, 4759L, 5L, 1L, 28L, 4583L, 
    5L, 1L, 1L, 30L, 0L, 0L), .Dim = 4:3, .Dimnames = structure(list(
        c("-1", "0", "1", NA), c("A", "G", NA)), .Names = c("", 
    "")), class = "table"), N = 9443L), Tag.Distribution = structure(c(`1` = 266L, 
    `2` = 250L, `3` = 203L, `4` = 218L, `5` = 155L, `6` = 115L, 
    `7` = 97L, `8` = 84L, `9` = 66L, `10` = 58L, `11` = 36L, 
    `12` = 32L, `13` = 35L, `14` = 15L, `15` = 11L, `16` = 14L, 
    `17` = 13L, `18` = 10L, `19` = 6L, `20` = 9L, `21` = 4L, 
    `22` = 2L, `23` = 3L, `24` = 2L, `26` = 2L, `27` = 1L, `28` = 3L, 
    `30` = 1L, `33` = 1L, `39` = 1L, `42` = 1L), .Dim = 31L, .Dimnames = list(
        TagUsage = c("1", "2", "3", "4", "5", "6", "7", "8", 
        "9", "10", "11", "12", "13", "14", "15", "16", "17", 
        "18", "19", "20", "21", "22", "23", "24", "26", "27", 
        "28", "30", "33", "39", "42")), class = "table"), No.Tag = structure(c(0L, 
    53L, 0L, 1L, 3L, 66L, 0L, 0L, 0L, 2L, 0L, 0L), .Dim = 4:3, .Dimnames = structure(list(
        c("-1", "0", "1", NA), c("A", "G", NA)), .Names = c("", 
    "")), class = "table"), All.Tags = list(Concordant = list(
        Freqs = structure(c(1, 701, 1, 1, 615, 0), .Dim = 3:2, .Dimnames = list(
            c("-1", "0", "1"), c("A", "G"))), N = 1319), Majority = list(
        Freqs = structure(c(1, 881, 1, 2, 796, 0), .Dim = 3:2, .Dimnames = list(
            c("-1", "0", "1"), c("A", "G"))), N = 1681)), `2` = structure(c(0, 
    740, 0, 1, 674, 0), .Dim = 3:2, .Dimnames = list(c("-1", 
    "0", "1"), c("A", "G"))))))
