Results <-
list(`bwa.out//20220204//Control11_S4.sam` = list(GM07_SNP1 = list(
    All = list(Freqs = structure(c(0L, 0L, 1L, 0L, 0L, 0L, 2L, 
    93L, 1300L, 38L, 2L, 12L, 2L, 57L, 1356L, 32L, 1L, 8L, 1L, 
    2L, 18L, 3L, 0L, 0L), .Dim = c(6L, 4L), .Dimnames = structure(list(
        c("-2", "-1", "0", "1", "2", NA), c("-", "A", "G", NA
        )), .Names = c("", "")), class = "table"), N = 2928L), 
    Tag.Distribution = structure(c(`1` = 98L, `2` = 50L, `3` = 44L, 
    `4` = 38L, `5` = 22L, `6` = 38L, `7` = 16L, `8` = 24L, `9` = 15L, 
    `10` = 11L, `11` = 10L, `12` = 10L, `13` = 5L, `14` = 7L, 
    `15` = 10L, `16` = 4L, `17` = 5L, `18` = 7L, `19` = 6L, `21` = 4L, 
    `22` = 3L, `23` = 3L, `24` = 1L, `49` = 1L), .Dim = 24L, .Dimnames = list(
        TagUsage = c("1", "2", "3", "4", "5", "6", "7", "8", 
        "9", "10", "11", "12", "13", "14", "15", "16", "17", 
        "18", "19", "21", "22", "23", "24", "49")), class = "table"), 
    No.Tag = structure(c(0L, 0L, 1L, 0L, 0L, 0L, 0L, 10L, 124L, 
    5L, 0L, 4L, 1L, 8L, 167L, 4L, 0L, 4L, 0L, 1L, 6L, 0L, 0L, 
    0L), .Dim = c(6L, 4L), .Dimnames = structure(list(c("-2", 
    "-1", "0", "1", "2", NA), c("-", "A", "G", NA)), .Names = c("", 
    "")), class = "table"), All.Tags = list(Concordant = list(
        Freqs = structure(c(0, 0, 0, 0, 0, 0, 4, 143, 2, 0, 0, 
        1, 156, 1, 0), .Dim = c(5L, 3L), .Dimnames = list(c("-2", 
        "-1", "0", "1", "2"), c("-", "A", "G"))), N = 307), Majority = list(
        Freqs = structure(c(0, 0, 0, 0, 0, 0, 6, 201, 2, 0, 0, 
        2, 211, 1, 0), .Dim = c(5L, 3L), .Dimnames = list(c("-2", 
        "-1", "0", "1", "2"), c("-", "A", "G"))), N = 423)), 
    `2` = structure(c(0, 0, 0, 0, 0, 0, 3, 156, 0, 0, 0, 1, 166, 
    0, 0), .Dim = c(5L, 3L), .Dimnames = list(c("-2", "-1", "0", 
    "1", "2"), c("-", "A", "G"))))))
