Results <-
list(`bwa.out//20220204//BlindCMMRD120_S46.sam` = list(GM14_SNP1 = list(
    All = list(Freqs = structure(c(0L, 0L, 1L, 6L, 0L, 0L, 3L, 
    4L, 98L, 3918L, 12L, 6L, 0L, 0L, 0L, 47L, 0L, 0L), .Dim = c(6L, 
    3L), .Dimnames = structure(list(c("-3", "-2", "-1", "0", 
    "1", NA), c("C", "T", NA)), .Names = c("", "")), class = "table"), 
        N = 4095L), Tag.Distribution = structure(c(`1` = 144L, 
    `2` = 130L, `3` = 109L, `4` = 100L, `5` = 71L, `6` = 62L, 
    `7` = 34L, `8` = 35L, `9` = 27L, `10` = 23L, `11` = 23L, 
    `12` = 19L, `13` = 20L, `14` = 1L, `15` = 10L, `16` = 4L, 
    `17` = 3L, `18` = 1L, `19` = 3L, `20` = 1L, `21` = 1L, `22` = 1L, 
    `27` = 1L), .Dim = 23L, .Dimnames = list(TagUsage = c("1", 
    "2", "3", "4", "5", "6", "7", "8", "9", "10", "11", "12", 
    "13", "14", "15", "16", "17", "18", "19", "20", "21", "22", 
    "27")), class = "table"), No.Tag = structure(c(0L, 0L, 0L, 
    0L, 0L, 0L, 0L, 0L, 0L, 58L, 0L, 0L, 0L, 0L, 0L, 3L, 0L, 
    0L), .Dim = c(6L, 3L), .Dimnames = structure(list(c("-3", 
    "-2", "-1", "0", "1", NA), c("C", "T", NA)), .Names = c("", 
    "")), class = "table"), All.Tags = list(Concordant = list(
        Freqs = structure(c(0, 0, 1, 4, 0, 0, 0, 6, 717, 0), .Dim = c(5L, 
        2L), .Dimnames = list(c("-3", "-2", "-1", "0", "1"), 
            c("C", "T"))), N = 728), Majority = list(Freqs = structure(c(0, 
    0, 1, 4, 0, 0, 0, 8, 802, 0), .Dim = c(5L, 2L), .Dimnames = list(
        c("-3", "-2", "-1", "0", "1"), c("C", "T"))), N = 815)), 
    `2` = structure(c(0, 0, 0, 0, 0, 0, 0, 5, 670, 0), .Dim = c(5L, 
    2L), .Dimnames = list(c("-3", "-2", "-1", "0", "1"), c("C", 
    "T"))))))
