Results <-
list(`bwa.out//20220204//BlindCMMRD66_S25.sam` = list(LR49_SNP1 = list(
    All = list(Freqs = structure(c(4L, 1974L, 0L, 3L, 3L, 1526L, 
    1L, 0L, 0L, 26L, 0L, 0L), .Dim = 4:3, .Dimnames = structure(list(
        c("-1", "0", "1", NA), c("A", "G", NA)), .Names = c("", 
    "")), class = "table"), N = 3537L), Tag.Distribution = structure(c(`1` = 126L, 
    `2` = 80L, `3` = 52L, `4` = 49L, `5` = 40L, `6` = 47L, `7` = 26L, 
    `8` = 35L, `9` = 22L, `10` = 15L, `11` = 11L, `12` = 20L, 
    `13` = 16L, `14` = 5L, `15` = 5L, `16` = 6L, `17` = 5L, `18` = 4L, 
    `19` = 2L, `20` = 3L, `21` = 3L, `23` = 4L, `24` = 1L, `25` = 2L, 
    `26` = 1L, `28` = 1L, `29` = 2L, `42` = 1L), .Dim = 28L, .Dimnames = list(
        TagUsage = c("1", "2", "3", "4", "5", "6", "7", "8", 
        "9", "10", "11", "12", "13", "14", "15", "16", "17", 
        "18", "19", "20", "21", "23", "24", "25", "26", "28", 
        "29", "42")), class = "table"), No.Tag = structure(c(0L, 
    107L, 0L, 1L, 0L, 48L, 0L, 0L, 0L, 3L, 0L, 0L), .Dim = 4:3, .Dimnames = structure(list(
        c("-1", "0", "1", NA), c("A", "G", NA)), .Names = c("", 
    "")), class = "table"), All.Tags = list(Concordant = list(
        Freqs = structure(c(0, 286, 0, 0, 248, 0), .Dim = 3:2, .Dimnames = list(
            c("-1", "0", "1"), c("A", "G"))), N = 534), Majority = list(
        Freqs = structure(c(0, 310, 0, 0, 266, 0), .Dim = 3:2, .Dimnames = list(
            c("-1", "0", "1"), c("A", "G"))), N = 576)), `2` = structure(c(0, 
    247, 0, 0, 208, 0), .Dim = 3:2, .Dimnames = list(c("-1", 
    "0", "1"), c("A", "G"))))))
