Results <-
list(`bwa.out//20220204//BlindCMMRD119_S45.sam` = list(GM29_SNP1 = list(
    All = list(Freqs = structure(c(78L, 4884L, 7L, 13L, 1L, 29L, 
    1L, 1L, 0L, 1L, 0L, 0L, 0L, 20L, 0L, 0L), .Dim = c(4L, 4L
    ), .Dimnames = structure(list(c("-1", "0", "1", NA), c("A", 
    "G", "T", NA)), .Names = c("", "")), class = "table"), N = 5035L), 
    Tag.Distribution = structure(c(`1` = 168L, `2` = 156L, `3` = 125L, 
    `4` = 83L, `5` = 75L, `6` = 58L, `7` = 46L, `8` = 28L, `9` = 31L, 
    `10` = 19L, `11` = 17L, `12` = 18L, `13` = 14L, `14` = 11L, 
    `15` = 8L, `16` = 7L, `17` = 8L, `18` = 4L, `19` = 3L, `20` = 5L, 
    `21` = 4L, `22` = 2L, `23` = 1L, `24` = 1L, `25` = 2L, `26` = 2L, 
    `27` = 4L, `28` = 1L, `33` = 2L, `34` = 1L, `35` = 1L, `36` = 1L, 
    `71` = 1L), .Dim = 33L, .Dimnames = list(TagUsage = c("1", 
    "2", "3", "4", "5", "6", "7", "8", "9", "10", "11", "12", 
    "13", "14", "15", "16", "17", "18", "19", "20", "21", "22", 
    "23", "24", "25", "26", "27", "28", "33", "34", "35", "36", 
    "71")), class = "table"), No.Tag = structure(c(0L, 116L, 
    0L, 0L, 0L, 0L, 0L, 0L, 0L, 0L, 0L, 0L, 0L, 3L, 0L, 0L), .Dim = c(4L, 
    4L), .Dimnames = structure(list(c("-1", "0", "1", NA), c("A", 
    "G", "T", NA)), .Names = c("", "")), class = "table"), All.Tags = list(
        Concordant = list(Freqs = structure(c(4, 797, 0, 0, 13, 
        1, 0, 0, 0), .Dim = c(3L, 3L), .Dimnames = list(c("-1", 
        "0", "1"), c("A", "G", "T"))), N = 815), Majority = list(
            Freqs = structure(c(4, 880, 0, 0, 13, 1, 0, 0, 0), .Dim = c(3L, 
            3L), .Dimnames = list(c("-1", "0", "1"), c("A", "G", 
            "T"))), N = 898)), `2` = structure(c(1, 733, 0, 0, 
    0, 0, 0, 0, 0), .Dim = c(3L, 3L), .Dimnames = list(c("-1", 
    "0", "1"), c("A", "G", "T"))))))
