Results <-
list(`bwa.out//20220204//BlindCMMRD99_S58.sam` = list(LR36_SNP1 = list(
    All = list(Freqs = structure(c(2L, 34L, 1624L, 14L, 13L, 
    0L, 0L, 1L, 0L, 0L, 3L, 43L, 1403L, 22L, 11L, 0L, 2L, 94L, 
    0L, 0L), .Dim = 5:4, .Dimnames = structure(list(c("-2", "-1", 
    "0", "1", NA), c("A", "G", "T", NA)), .Names = c("", "")), class = "table"), 
        N = 3266L), Tag.Distribution = structure(c(`1` = 105L, 
    `2` = 46L, `3` = 48L, `4` = 46L, `5` = 25L, `6` = 21L, `7` = 21L, 
    `8` = 21L, `9` = 20L, `10` = 10L, `11` = 17L, `12` = 12L, 
    `13` = 11L, `14` = 13L, `15` = 8L, `16` = 4L, `17` = 2L, 
    `18` = 3L, `19` = 2L, `20` = 5L, `21` = 1L, `22` = 2L, `23` = 1L, 
    `24` = 1L, `25` = 1L, `27` = 3L, `28` = 5L, `29` = 1L, `31` = 1L, 
    `32` = 2L, `33` = 1L, `35` = 1L, `36` = 1L, `37` = 1L, `38` = 1L
    ), .Dim = 35L, .Dimnames = list(TagUsage = c("1", "2", "3", 
    "4", "5", "6", "7", "8", "9", "10", "11", "12", "13", "14", 
    "15", "16", "17", "18", "19", "20", "21", "22", "23", "24", 
    "25", "27", "28", "29", "31", "32", "33", "35", "36", "37", 
    "38")), class = "table"), No.Tag = structure(c(0L, 0L, 65L, 
    3L, 3L, 0L, 0L, 0L, 0L, 0L, 1L, 2L, 75L, 1L, 4L, 0L, 2L, 
    12L, 0L, 0L), .Dim = 5:4, .Dimnames = structure(list(c("-2", 
    "-1", "0", "1", NA), c("A", "G", "T", NA)), .Names = c("", 
    "")), class = "table"), All.Tags = list(Concordant = list(
        Freqs = structure(c(0, 3, 192, 1, 0, 0, 0, 0, 0, 1, 181, 
        1), .Dim = 4:3, .Dimnames = list(c("-2", "-1", "0", "1"
        ), c("A", "G", "T"))), N = 379), Majority = list(Freqs = structure(c(0, 
    3, 223, 2, 0, 0, 0, 0, 0, 2, 219, 2), .Dim = 4:3, .Dimnames = list(
        c("-2", "-1", "0", "1"), c("A", "G", "T"))), N = 451)), 
    `2` = structure(c(0, 2, 174, 1, 0, 0, 0, 0, 0, 2, 171, 1), .Dim = 4:3, .Dimnames = list(
        c("-2", "-1", "0", "1"), c("A", "G", "T"))))))
