Results <-
list(`bwa.out//20220204//BlindCMMRD84_S43.sam` = list(GM11_SNP1 = list(
    All = list(Freqs = structure(c(1L, 13L, 0L, 0L, 35L, 5876L, 
    25L, 4L, 0L, 1L, 0L, 0L, 0L, 37L, 0L, 0L), .Dim = c(4L, 4L
    ), .Dimnames = structure(list(c("-1", "0", "1", NA), c("A", 
    "G", "T", NA)), .Names = c("", "")), class = "table"), N = 5992L), 
    Tag.Distribution = structure(c(`1` = 107L, `2` = 55L, `3` = 49L, 
    `4` = 42L, `5` = 49L, `6` = 48L, `7` = 20L, `8` = 29L, `9` = 31L, 
    `10` = 21L, `11` = 20L, `12` = 20L, `13` = 24L, `14` = 15L, 
    `15` = 10L, `16` = 16L, `17` = 7L, `18` = 8L, `19` = 10L, 
    `20` = 3L, `21` = 7L, `22` = 4L, `23` = 7L, `24` = 7L, `25` = 4L, 
    `26` = 7L, `27` = 3L, `28` = 3L, `29` = 2L, `30` = 3L, `31` = 5L, 
    `32` = 1L, `33` = 3L, `34` = 2L, `36` = 2L, `37` = 1L, `39` = 4L, 
    `40` = 3L, `41` = 2L, `48` = 1L, `50` = 1L), .Dim = 41L, .Dimnames = list(
        TagUsage = c("1", "2", "3", "4", "5", "6", "7", "8", 
        "9", "10", "11", "12", "13", "14", "15", "16", "17", 
        "18", "19", "20", "21", "22", "23", "24", "25", "26", 
        "27", "28", "29", "30", "31", "32", "33", "34", "36", 
        "37", "39", "40", "41", "48", "50")), class = "table"), 
    No.Tag = structure(c(0L, 0L, 0L, 0L, 0L, 82L, 1L, 0L, 0L, 
    0L, 0L, 0L, 0L, 4L, 0L, 0L), .Dim = c(4L, 4L), .Dimnames = structure(list(
        c("-1", "0", "1", NA), c("A", "G", "T", NA)), .Names = c("", 
    "")), class = "table"), All.Tags = list(Concordant = list(
        Freqs = structure(c(1, 10, 0, 0, 587, 0, 0, 0, 0), .Dim = c(3L, 
        3L), .Dimnames = list(c("-1", "0", "1"), c("A", "G", 
        "T"))), N = 598), Majority = list(Freqs = structure(c(1, 
    10, 0, 0, 642, 0, 0, 0, 0), .Dim = c(3L, 3L), .Dimnames = list(
        c("-1", "0", "1"), c("A", "G", "T"))), N = 653)), `2` = structure(c(0, 
    1, 0, 0, 547, 0, 0, 0, 0), .Dim = c(3L, 3L), .Dimnames = list(
        c("-1", "0", "1"), c("A", "G", "T"))))))
