Results <-
list(`bwa.out//20220204//BlindCMMRD83_S42.sam` = list(GM17_SNP1 = list(
    All = list(Freqs = structure(c(1L, 39L, 2664L, 7L, 4L, 0L, 
    22L, 2579L, 5L, 1L, 0L, 1L, 31L, 1L, 0L), .Dim = c(5L, 3L
    ), .Dimnames = structure(list(c("-2", "-1", "0", "1", NA), 
        c("C", "T", NA)), .Names = c("", "")), class = "table"), 
        N = 5355L), Tag.Distribution = structure(c(`1` = 101L, 
    `2` = 48L, `3` = 40L, `4` = 26L, `5` = 42L, `6` = 34L, `7` = 21L, 
    `8` = 16L, `9` = 21L, `10` = 18L, `11` = 16L, `12` = 19L, 
    `13` = 19L, `14` = 13L, `15` = 13L, `16` = 7L, `17` = 11L, 
    `18` = 6L, `19` = 8L, `20` = 6L, `21` = 7L, `22` = 5L, `23` = 7L, 
    `24` = 5L, `25` = 8L, `26` = 3L, `27` = 5L, `28` = 2L, `29` = 3L, 
    `30` = 4L, `31` = 1L, `32` = 2L, `33` = 3L, `34` = 1L, `35` = 2L, 
    `36` = 1L, `38` = 3L, `40` = 4L, `43` = 1L, `47` = 1L, `50` = 1L, 
    `73` = 1L), .Dim = 42L, .Dimnames = list(TagUsage = c("1", 
    "2", "3", "4", "5", "6", "7", "8", "9", "10", "11", "12", 
    "13", "14", "15", "16", "17", "18", "19", "20", "21", "22", 
    "23", "24", "25", "26", "27", "28", "29", "30", "31", "32", 
    "33", "34", "35", "36", "38", "40", "43", "47", "50", "73"
    )), class = "table"), No.Tag = structure(c(0L, 1L, 55L, 0L, 
    1L, 0L, 2L, 69L, 0L, 0L, 0L, 0L, 6L, 0L, 0L), .Dim = c(5L, 
    3L), .Dimnames = structure(list(c("-2", "-1", "0", "1", NA
    ), c("C", "T", NA)), .Names = c("", "")), class = "table"), 
    All.Tags = list(Concordant = list(Freqs = structure(c(0, 
    2, 243, 1, 0, 1, 231, 0), .Dim = c(4L, 2L), .Dimnames = list(
        c("-2", "-1", "0", "1"), c("C", "T"))), N = 478), Majority = list(
        Freqs = structure(c(0, 2, 281, 1, 0, 1, 263, 0), .Dim = c(4L, 
        2L), .Dimnames = list(c("-2", "-1", "0", "1"), c("C", 
        "T"))), N = 548)), `2` = structure(c(0, 1, 227, 0, 0, 
    0, 224, 0), .Dim = c(4L, 2L), .Dimnames = list(c("-2", "-1", 
    "0", "1"), c("C", "T"))))))
