Results <-
list(`bwa.out//20220204//BlindCMMRD54_S13.sam` = list(IM16_SNP1 = list(
    All = list(Freqs = structure(c(0L, 38L, 2417L, 39L, 3L, 0L, 
    1L, 64L, 2731L, 43L, 1L, 1L, 0L, 0L, 1L, 0L, 0L, 0L, 0L, 
    3L, 51L, 6L, 0L, 0L), .Dim = c(6L, 4L), .Dimnames = structure(list(
        c("-2", "-1", "0", "1", "2", NA), c("A", "G", "T", NA
        )), .Names = c("", "")), class = "table"), N = 5399L), 
    Tag.Distribution = structure(c(`1` = 114L, `2` = 52L, `3` = 58L, 
    `4` = 48L, `5` = 37L, `6` = 31L, `7` = 33L, `8` = 26L, `9` = 22L, 
    `10` = 26L, `11` = 15L, `12` = 18L, `13` = 19L, `14` = 7L, 
    `15` = 8L, `16` = 12L, `17` = 12L, `18` = 8L, `19` = 7L, 
    `20` = 5L, `21` = 9L, `22` = 5L, `23` = 8L, `24` = 4L, `25` = 8L, 
    `26` = 5L, `27` = 6L, `28` = 3L, `29` = 3L, `30` = 1L, `31` = 2L, 
    `32` = 2L, `33` = 3L, `34` = 1L, `35` = 1L, `36` = 2L, `37` = 1L, 
    `39` = 1L, `47` = 1L, `67` = 1L), .Dim = 40L, .Dimnames = list(
        TagUsage = c("1", "2", "3", "4", "5", "6", "7", "8", 
        "9", "10", "11", "12", "13", "14", "15", "16", "17", 
        "18", "19", "20", "21", "22", "23", "24", "25", "26", 
        "27", "28", "29", "30", "31", "32", "33", "34", "35", 
        "36", "37", "39", "47", "67")), class = "table"), No.Tag = structure(c(0L, 
    0L, 51L, 1L, 0L, 0L, 0L, 1L, 37L, 1L, 0L, 0L, 0L, 0L, 0L, 
    0L, 0L, 0L, 0L, 0L, 8L, 1L, 0L, 0L), .Dim = c(6L, 4L), .Dimnames = structure(list(
        c("-2", "-1", "0", "1", "2", NA), c("A", "G", "T", NA
        )), .Names = c("", "")), class = "table"), All.Tags = list(
        Concordant = list(Freqs = structure(c(0, 1, 231, 1, 0, 
        0, 3, 262, 3, 0, 0, 0, 0, 0, 0), .Dim = c(5L, 3L), .Dimnames = list(
            c("-2", "-1", "0", "1", "2"), c("A", "G", "T"))), 
            N = 501), Majority = list(Freqs = structure(c(0, 
        1, 287, 2, 0, 0, 5, 312, 3, 0, 0, 0, 0, 0, 0), .Dim = c(5L, 
        3L), .Dimnames = list(c("-2", "-1", "0", "1", "2"), c("A", 
        "G", "T"))), N = 610)), `2` = structure(c(0, 1, 234, 
    2, 0, 0, 4, 260, 2, 0, 0, 0, 0, 0, 0), .Dim = c(5L, 3L), .Dimnames = list(
        c("-2", "-1", "0", "1", "2"), c("A", "G", "T"))))))
