Results <-
list(`bwa.out//20220204//BlindCMMRD83_S42.sam` = list(GM26_SNP1 = list(
    All = list(Freqs = structure(c(19L, 2417L, 4L, 6L, 33L, 2283L, 
    4L, 2L, 1L, 38L, 0L, 0L), .Dim = 4:3, .Dimnames = structure(list(
        c("-1", "0", "1", NA), c("A", "G", NA)), .Names = c("", 
    "")), class = "table"), N = 4807L), Tag.Distribution = structure(c(`1` = 84L, 
    `2` = 40L, `3` = 41L, `4` = 43L, `5` = 34L, `6` = 25L, `7` = 17L, 
    `8` = 17L, `9` = 21L, `10` = 17L, `11` = 20L, `12` = 12L, 
    `13` = 16L, `14` = 15L, `15` = 12L, `16` = 8L, `17` = 8L, 
    `18` = 6L, `19` = 5L, `20` = 9L, `21` = 3L, `22` = 4L, `23` = 7L, 
    `24` = 4L, `25` = 1L, `26` = 1L, `27` = 2L, `28` = 1L, `29` = 1L, 
    `30` = 6L, `31` = 3L, `32` = 3L, `34` = 2L, `35` = 2L, `36` = 1L, 
    `37` = 2L, `38` = 3L, `39` = 5L, `41` = 2L, `45` = 1L, `48` = 1L
    ), .Dim = 41L, .Dimnames = list(TagUsage = c("1", "2", "3", 
    "4", "5", "6", "7", "8", "9", "10", "11", "12", "13", "14", 
    "15", "16", "17", "18", "19", "20", "21", "22", "23", "24", 
    "25", "26", "27", "28", "29", "30", "31", "32", "34", "35", 
    "36", "37", "38", "39", "41", "45", "48")), class = "table"), 
    No.Tag = structure(c(0L, 51L, 0L, 3L, 1L, 76L, 0L, 0L, 0L, 
    3L, 0L, 0L), .Dim = 4:3, .Dimnames = structure(list(c("-1", 
    "0", "1", NA), c("A", "G", NA)), .Names = c("", "")), class = "table"), 
    All.Tags = list(Concordant = list(Freqs = structure(c(1, 
    222, 0, 2, 217, 0), .Dim = 3:2, .Dimnames = list(c("-1", 
    "0", "1"), c("A", "G"))), N = 442), Majority = list(Freqs = structure(c(1, 
    255, 0, 2, 243, 0), .Dim = 3:2, .Dimnames = list(c("-1", 
    "0", "1"), c("A", "G"))), N = 501)), `2` = structure(c(0, 
    209, 0, 1, 209, 0), .Dim = 3:2, .Dimnames = list(c("-1", 
    "0", "1"), c("A", "G"))))))
