Results <-
list(`bwa.out//20220204//BlindCMMRD47_S7.sam` = list(LR46_SNP1 = list(
    All = list(Freqs = structure(c(4L, 1444L, 2L, 4L, 3L, 1142L, 
    10L, 4L, 0L, 14L, 0L, 0L), .Dim = 4:3, .Dimnames = structure(list(
        c("-1", "0", "1", NA), c("G", "T", NA)), .Names = c("", 
    "")), class = "table"), N = 2627L), Tag.Distribution = structure(c(`1` = 79L, 
    `2` = 9L, `3` = 12L, `4` = 12L, `5` = 11L, `6` = 9L, `7` = 8L, 
    `8` = 5L, `9` = 4L, `10` = 7L, `11` = 2L, `12` = 9L, `13` = 13L, 
    `14` = 5L, `15` = 3L, `16` = 5L, `17` = 4L, `18` = 4L, `19` = 3L, 
    `20` = 2L, `21` = 4L, `22` = 1L, `23` = 3L, `24` = 2L, `25` = 3L, 
    `27` = 1L, `29` = 2L, `30` = 2L, `31` = 2L, `32` = 1L, `33` = 2L, 
    `34` = 1L, `37` = 1L, `38` = 1L, `39` = 1L, `43` = 2L, `45` = 1L, 
    `47` = 2L, `48` = 1L, `50` = 1L, `52` = 2L, `53` = 1L, `54` = 1L, 
    `55` = 1L), .Dim = 44L, .Dimnames = list(TagUsage = c("1", 
    "2", "3", "4", "5", "6", "7", "8", "9", "10", "11", "12", 
    "13", "14", "15", "16", "17", "18", "19", "20", "21", "22", 
    "23", "24", "25", "27", "29", "30", "31", "32", "33", "34", 
    "37", "38", "39", "43", "45", "47", "48", "50", "52", "53", 
    "54", "55")), class = "table"), No.Tag = structure(c(0L, 
    7L, 0L, 0L, 2L, 53L, 1L, 0L, 0L, 1L, 0L, 0L), .Dim = 4:3, .Dimnames = structure(list(
        c("-1", "0", "1", NA), c("G", "T", NA)), .Names = c("", 
    "")), class = "table"), All.Tags = list(Concordant = list(
        Freqs = structure(c(1, 125, 0, 0, 102, 0), .Dim = 3:2, .Dimnames = list(
            c("-1", "0", "1"), c("G", "T"))), N = 228), Majority = list(
        Freqs = structure(c(1, 133, 0, 0, 106, 0), .Dim = 3:2, .Dimnames = list(
            c("-1", "0", "1"), c("G", "T"))), N = 240)), `2` = structure(c(0, 
    82, 0, 0, 83, 0), .Dim = 3:2, .Dimnames = list(c("-1", "0", 
    "1"), c("G", "T"))))))
