Results <-
list(`bwa.out//20220204//BlindCMMRD68_S27.sam` = list(LR10_SNP1 = list(
    All = list(Freqs = structure(c(0L, 0L, 1L, 0L, 0L, 1L, 63L, 
    3371L, 32L, 10L, 0L, 0L, 6L, 0L, 0L, 0L, 0L, 23L, 0L, 0L), .Dim = 5:4, .Dimnames = structure(list(
        c("-3", "-1", "0", "1", NA), c("A", "C", "T", NA)), .Names = c("", 
    "")), class = "table"), N = 3507L), Tag.Distribution = structure(c(`1` = 85L, 
    `2` = 49L, `3` = 35L, `4` = 40L, `5` = 26L, `6` = 28L, `7` = 23L, 
    `8` = 18L, `9` = 24L, `10` = 14L, `11` = 14L, `12` = 14L, 
    `13` = 7L, `14` = 11L, `15` = 8L, `16` = 7L, `17` = 9L, `18` = 8L, 
    `19` = 9L, `20` = 3L, `21` = 2L, `22` = 1L, `23` = 4L, `24` = 2L, 
    `25` = 2L, `26` = 3L, `27` = 5L, `28` = 2L, `29` = 1L, `30` = 1L, 
    `34` = 1L, `39` = 1L, `47` = 1L), .Dim = 33L, .Dimnames = list(
        TagUsage = c("1", "2", "3", "4", "5", "6", "7", "8", 
        "9", "10", "11", "12", "13", "14", "15", "16", "17", 
        "18", "19", "20", "21", "22", "23", "24", "25", "26", 
        "27", "28", "29", "30", "34", "39", "47")), class = "table"), 
    No.Tag = structure(c(0L, 0L, 0L, 0L, 0L, 0L, 0L, 66L, 0L, 
    0L, 0L, 0L, 0L, 0L, 0L, 0L, 0L, 5L, 0L, 0L), .Dim = 5:4, .Dimnames = structure(list(
        c("-3", "-1", "0", "1", NA), c("A", "C", "T", NA)), .Names = c("", 
    "")), class = "table"), All.Tags = list(Concordant = list(
        Freqs = structure(c(0, 0, 0, 0, 0, 2, 377, 1, 0, 0, 5, 
        0), .Dim = 4:3, .Dimnames = list(c("-3", "-1", "0", "1"
        ), c("A", "C", "T"))), N = 385), Majority = list(Freqs = structure(c(0, 
    0, 0, 0, 0, 2, 444, 1, 0, 0, 5, 0), .Dim = 4:3, .Dimnames = list(
        c("-3", "-1", "0", "1"), c("A", "C", "T"))), N = 452)), 
    `2` = structure(c(0, 0, 0, 0, 0, 1, 369, 0, 0, 0, 0, 0), .Dim = 4:3, .Dimnames = list(
        c("-3", "-1", "0", "1"), c("A", "C", "T"))))))
