Results <-
list(`bwa.out//20220204//BlindCMMRD120_S46.sam` = list(LR52_SNP1 = list(
    All = list(Freqs = structure(c(0L, 0L, 1L, 1L, 0L, 0L, 0L, 
    2L, 14L, 294L, 3133L, 38L, 1L, 14L, 0L, 0L, 1L, 54L, 3L, 
    0L, 0L), .Dim = c(7L, 3L), .Dimnames = structure(list(c("-3", 
    "-2", "-1", "0", "1", "2", NA), c("C", "T", NA)), .Names = c("", 
    "")), class = "table"), N = 3556L), Tag.Distribution = structure(c(`1` = 147L, 
    `2` = 122L, `3` = 109L, `4` = 87L, `5` = 73L, `6` = 50L, 
    `7` = 44L, `8` = 30L, `9` = 26L, `10` = 21L, `11` = 13L, 
    `12` = 14L, `13` = 12L, `14` = 4L, `15` = 7L, `16` = 3L, 
    `17` = 3L, `19` = 3L, `23` = 1L), .Dim = 19L, .Dimnames = list(
        TagUsage = c("1", "2", "3", "4", "5", "6", "7", "8", 
        "9", "10", "11", "12", "13", "14", "15", "16", "17", 
        "19", "23")), class = "table"), No.Tag = structure(c(0L, 
    0L, 0L, 0L, 0L, 0L, 0L, 0L, 0L, 2L, 22L, 0L, 0L, 0L, 0L, 
    0L, 0L, 2L, 0L, 0L, 0L), .Dim = c(7L, 3L), .Dimnames = structure(list(
        c("-3", "-2", "-1", "0", "1", "2", NA), c("C", "T", NA
        )), .Names = c("", "")), class = "table"), All.Tags = list(
        Concordant = list(Freqs = structure(c(0, 0, 1, 1, 0, 
        0, 0, 0, 25, 535, 1, 0), .Dim = c(6L, 2L), .Dimnames = list(
            c("-3", "-2", "-1", "0", "1", "2"), c("C", "T"))), 
            N = 563), Majority = list(Freqs = structure(c(0, 
        0, 1, 1, 0, 0, 0, 0, 36, 707, 2, 0), .Dim = c(6L, 2L), .Dimnames = list(
            c("-3", "-2", "-1", "0", "1", "2"), c("C", "T"))), 
            N = 747)), `2` = structure(c(0, 0, 0, 0, 0, 0, 0, 
    0, 20, 585, 1, 0), .Dim = c(6L, 2L), .Dimnames = list(c("-3", 
    "-2", "-1", "0", "1", "2"), c("C", "T"))))))
