Results <-
list(`bwa.out//20220204//BlindCMMRD80_S39.sam` = list(GM01_SNP1 = list(
    All = list(Freqs = structure(c(79L, 7804L, 14L, 5L, 0L, 3L, 
    0L, 0L, 0L, 1L, 0L, 0L, 1L, 73L, 1L, 0L), .Dim = c(4L, 4L
    ), .Dimnames = structure(list(c("-1", "0", "1", NA), c("A", 
    "G", "T", NA)), .Names = c("", "")), class = "table"), N = 7981L), 
    Tag.Distribution = structure(c(`1` = 137L, `2` = 109L, `3` = 71L, 
    `4` = 67L, `5` = 61L, `6` = 55L, `7` = 40L, `8` = 51L, `9` = 36L, 
    `10` = 31L, `11` = 28L, `12` = 23L, `13` = 31L, `14` = 24L, 
    `15` = 32L, `16` = 19L, `17` = 18L, `18` = 8L, `19` = 18L, 
    `20` = 14L, `21` = 9L, `22` = 10L, `23` = 8L, `24` = 4L, 
    `25` = 13L, `26` = 5L, `27` = 1L, `28` = 3L, `29` = 4L, `30` = 3L, 
    `31` = 1L, `32` = 3L, `33` = 1L, `35` = 1L, `37` = 2L, `44` = 1L, 
    `53` = 1L, `65` = 1L), .Dim = 38L, .Dimnames = list(TagUsage = c("1", 
    "2", "3", "4", "5", "6", "7", "8", "9", "10", "11", "12", 
    "13", "14", "15", "16", "17", "18", "19", "20", "21", "22", 
    "23", "24", "25", "26", "27", "28", "29", "30", "31", "32", 
    "33", "35", "37", "44", "53", "65")), class = "table"), No.Tag = structure(c(0L, 
    114L, 1L, 0L, 0L, 0L, 0L, 0L, 0L, 0L, 0L, 0L, 0L, 2L, 0L, 
    0L), .Dim = c(4L, 4L), .Dimnames = structure(list(c("-1", 
    "0", "1", NA), c("A", "G", "T", NA)), .Names = c("", "")), class = "table"), 
    All.Tags = list(Concordant = list(Freqs = structure(c(3, 
    857, 0, 0, 0, 0, 0, 0, 0), .Dim = c(3L, 3L), .Dimnames = list(
        c("-1", "0", "1"), c("A", "G", "T"))), N = 860), Majority = list(
        Freqs = structure(c(4, 931, 0, 0, 0, 0, 0, 0, 0), .Dim = c(3L, 
        3L), .Dimnames = list(c("-1", "0", "1"), c("A", "G", 
        "T"))), N = 935)), `2` = structure(c(2, 801, 0, 0, 0, 
    0, 0, 0, 0), .Dim = c(3L, 3L), .Dimnames = list(c("-1", "0", 
    "1"), c("A", "G", "T"))))))
