Results <-
list(`bwa.out//20220204//Control18_S11.sam` = list(GM29_SNP1 = list(
    All = list(Freqs = structure(c(34L, 2464L, 4L, 5L, 0L, 2L, 
    0L, 0L, 0L, 12L, 1L, 0L), .Dim = 4:3, .Dimnames = structure(list(
        c("-1", "0", "1", NA), c("A", "G", NA)), .Names = c("", 
    "")), class = "table"), N = 2522L), Tag.Distribution = structure(c(`1` = 92L, 
    `2` = 41L, `3` = 27L, `4` = 29L, `5` = 18L, `6` = 23L, `7` = 22L, 
    `8` = 13L, `9` = 10L, `10` = 11L, `11` = 10L, `12` = 5L, 
    `13` = 5L, `14` = 7L, `15` = 8L, `16` = 11L, `17` = 6L, `18` = 4L, 
    `19` = 1L, `20` = 2L, `21` = 3L, `22` = 2L, `23` = 2L, `24` = 3L, 
    `25` = 1L, `26` = 1L, `27` = 3L, `29` = 1L, `30` = 1L, `34` = 1L, 
    `43` = 1L), .Dim = 31L, .Dimnames = list(TagUsage = c("1", 
    "2", "3", "4", "5", "6", "7", "8", "9", "10", "11", "12", 
    "13", "14", "15", "16", "17", "18", "19", "20", "21", "22", 
    "23", "24", "25", "26", "27", "29", "30", "34", "43")), class = "table"), 
    No.Tag = structure(c(1L, 104L, 0L, 0L, 0L, 1L, 0L, 0L, 0L, 
    4L, 0L, 0L), .Dim = 4:3, .Dimnames = structure(list(c("-1", 
    "0", "1", NA), c("A", "G", NA)), .Names = c("", "")), class = "table"), 
    All.Tags = list(Concordant = list(Freqs = structure(c(3, 
    327, 0, 0, 1, 0), .Dim = 3:2, .Dimnames = list(c("-1", "0", 
    "1"), c("A", "G"))), N = 331), Majority = list(Freqs = structure(c(3, 
    358, 0, 0, 1, 0), .Dim = 3:2, .Dimnames = list(c("-1", "0", 
    "1"), c("A", "G"))), N = 362)), `2` = structure(c(0, 272, 
    0, 0, 0, 0), .Dim = 3:2, .Dimnames = list(c("-1", "0", "1"
    ), c("A", "G"))))))
