Results <-
list(`bwa.out//20220204//BlindCMMRD82_S41.sam` = list(LR48_SNP1 = list(
    All = list(Freqs = structure(c(2L, 116L, 2401L, 49L, 2L, 
    12L, 4L, 64L, 2513L, 31L, 0L, 7L, 0L, 1L, 98L, 5L, 0L, 0L
    ), .Dim = c(6L, 3L), .Dimnames = structure(list(c("-2", "-1", 
    "0", "1", "2", NA), c("C", "T", NA)), .Names = c("", "")), class = "table"), 
        N = 5305L), Tag.Distribution = structure(c(`1` = 94L, 
    `2` = 40L, `3` = 41L, `4` = 31L, `5` = 34L, `6` = 32L, `7` = 28L, 
    `8` = 28L, `9` = 21L, `10` = 21L, `11` = 12L, `12` = 19L, 
    `13` = 7L, `14` = 20L, `15` = 9L, `16` = 14L, `17` = 9L, 
    `18` = 11L, `19` = 12L, `20` = 9L, `21` = 8L, `22` = 12L, 
    `23` = 6L, `24` = 8L, `25` = 5L, `26` = 4L, `27` = 5L, `28` = 4L, 
    `29` = 2L, `30` = 4L, `31` = 4L, `33` = 3L, `34` = 1L, `38` = 1L, 
    `40` = 1L), .Dim = 35L, .Dimnames = list(TagUsage = c("1", 
    "2", "3", "4", "5", "6", "7", "8", "9", "10", "11", "12", 
    "13", "14", "15", "16", "17", "18", "19", "20", "21", "22", 
    "23", "24", "25", "26", "27", "28", "29", "30", "31", "33", 
    "34", "38", "40")), class = "table"), No.Tag = structure(c(0L, 
    1L, 56L, 0L, 0L, 0L, 0L, 0L, 39L, 0L, 0L, 0L, 0L, 0L, 7L, 
    0L, 0L, 0L), .Dim = c(6L, 3L), .Dimnames = structure(list(
        c("-2", "-1", "0", "1", "2", NA), c("C", "T", NA)), .Names = c("", 
    "")), class = "table"), All.Tags = list(Concordant = list(
        Freqs = structure(c(0, 6, 211, 0, 0, 0, 1, 187, 0, 0), .Dim = c(5L, 
        2L), .Dimnames = list(c("-2", "-1", "0", "1", "2"), c("C", 
        "T"))), N = 405), Majority = list(Freqs = structure(c(0, 
    8, 273, 1, 0, 0, 1, 265, 0, 0), .Dim = c(5L, 2L), .Dimnames = list(
        c("-2", "-1", "0", "1", "2"), c("C", "T"))), N = 548)), 
    `2` = structure(c(0, 5, 225, 1, 0, 0, 0, 231, 0, 0), .Dim = c(5L, 
    2L), .Dimnames = list(c("-2", "-1", "0", "1", "2"), c("C", 
    "T"))))))
