Results <-
list(`bwa.out//20220204//BlindCMMRD134_S60.sam` = list(GM29_SNP1 = list(
    All = list(Freqs = structure(c(3L, 51L, 3804L, 7L, 15L, 0L, 
    0L, 5L, 0L, 0L, 0L, 2L, 13L, 0L, 0L), .Dim = c(5L, 3L), .Dimnames = structure(list(
        c("-2", "-1", "0", "1", NA), c("A", "G", NA)), .Names = c("", 
    "")), class = "table"), N = 3900L), Tag.Distribution = structure(c(`1` = 131L, 
    `2` = 84L, `3` = 75L, `4` = 82L, `5` = 70L, `6` = 44L, `7` = 38L, 
    `8` = 40L, `9` = 28L, `10` = 23L, `11` = 14L, `12` = 16L, 
    `13` = 10L, `14` = 5L, `15` = 10L, `16` = 7L, `17` = 4L, 
    `18` = 3L, `19` = 3L, `20` = 3L, `21` = 1L, `22` = 3L, `25` = 1L, 
    `26` = 2L, `31` = 1L), .Dim = 25L, .Dimnames = list(TagUsage = c("1", 
    "2", "3", "4", "5", "6", "7", "8", "9", "10", "11", "12", 
    "13", "14", "15", "16", "17", "18", "19", "20", "21", "22", 
    "25", "26", "31")), class = "table"), No.Tag = structure(c(0L, 
    2L, 119L, 0L, 2L, 0L, 0L, 1L, 0L, 0L, 0L, 0L, 0L, 0L, 0L), .Dim = c(5L, 
    3L), .Dimnames = structure(list(c("-2", "-1", "0", "1", NA
    ), c("A", "G", NA)), .Names = c("", "")), class = "table"), 
    All.Tags = list(Concordant = list(Freqs = structure(c(0, 
    3, 642, 0, 0, 0, 2, 0), .Dim = c(4L, 2L), .Dimnames = list(
        c("-2", "-1", "0", "1"), c("A", "G"))), N = 647), Majority = list(
        Freqs = structure(c(0, 3, 693, 0, 0, 0, 2, 0), .Dim = c(4L, 
        2L), .Dimnames = list(c("-2", "-1", "0", "1"), c("A", 
        "G"))), N = 698)), `2` = structure(c(0, 1, 566, 0, 0, 
    0, 0, 0), .Dim = c(4L, 2L), .Dimnames = list(c("-2", "-1", 
    "0", "1"), c("A", "G"))))))
