Results <-
list(`bwa.out//20220204//BlindCMMRD76_S35.sam` = list(DEPDC2_SNP1 = list(
    All = list(Freqs = structure(c(0L, 0L, 1L, 0L, 0L, 0L, 0L, 
    2L, 0L, 0L, 0L, 0L, 1L, 0L, 0L, 2L, 30L, 5899L, 44L, 26L, 
    0L, 0L, 34L, 0L, 0L), .Dim = c(5L, 5L), .Dimnames = structure(list(
        c("-2", "-1", "0", "1", NA), c("A", "C", "G", "T", NA
        )), .Names = c("", "")), class = "table"), N = 6039L), 
    Tag.Distribution = structure(c(`1` = 141L, `2` = 55L, `3` = 57L, 
    `4` = 44L, `5` = 53L, `6` = 50L, `7` = 51L, `8` = 33L, `9` = 24L, 
    `10` = 28L, `11` = 22L, `12` = 28L, `13` = 18L, `14` = 19L, 
    `15` = 21L, `16` = 17L, `17` = 20L, `18` = 11L, `19` = 14L, 
    `20` = 6L, `21` = 4L, `22` = 1L, `23` = 10L, `24` = 7L, `25` = 4L, 
    `26` = 2L, `27` = 3L, `28` = 4L, `29` = 2L, `32` = 1L, `33` = 1L, 
    `36` = 1L), .Dim = 32L, .Dimnames = list(TagUsage = c("1", 
    "2", "3", "4", "5", "6", "7", "8", "9", "10", "11", "12", 
    "13", "14", "15", "16", "17", "18", "19", "20", "21", "22", 
    "23", "24", "25", "26", "27", "28", "29", "32", "33", "36"
    )), class = "table"), No.Tag = structure(c(0L, 0L, 0L, 0L, 
    0L, 0L, 0L, 0L, 0L, 0L, 0L, 0L, 0L, 0L, 0L, 0L, 0L, 157L, 
    1L, 3L, 0L, 0L, 1L, 0L, 0L), .Dim = c(5L, 5L), .Dimnames = structure(list(
        c("-2", "-1", "0", "1", NA), c("A", "C", "G", "T", NA
        )), .Names = c("", "")), class = "table"), All.Tags = list(
        Concordant = list(Freqs = structure(c(0, 0, 0, 0, 0, 
        0, 1, 0, 0, 0, 0, 0, 0, 1, 682, 3), .Dim = c(4L, 4L), .Dimnames = list(
            c("-2", "-1", "0", "1"), c("A", "C", "G", "T"))), 
            N = 687), Majority = list(Freqs = structure(c(0, 
        0, 0, 0, 0, 0, 1, 0, 0, 0, 0, 0, 0, 1, 736, 3), .Dim = c(4L, 
        4L), .Dimnames = list(c("-2", "-1", "0", "1"), c("A", 
        "C", "G", "T"))), N = 741)), `2` = structure(c(0, 0, 
    0, 0, 0, 0, 0, 0, 0, 0, 0, 0, 0, 0, 607, 3), .Dim = c(4L, 
    4L), .Dimnames = list(c("-2", "-1", "0", "1"), c("A", "C", 
    "G", "T"))))))
