Results <-
list(`bwa.out//20220204//BlindCMMRD57_S16.sam` = list(LR24_SNP1 = list(
    All = list(Freqs = structure(c(0L, 1L, 0L, 11L, 1977L, 6L, 
    9L, 1858L, 1L, 0L, 17L, 1L), .Dim = 3:4, .Dimnames = structure(list(
        c("-1", "0", "1"), c("-", "A", "G", NA)), .Names = c("", 
    "")), class = "table"), N = 3881L), Tag.Distribution = structure(c(`1` = 189L, 
    `2` = 112L, `3` = 92L, `4` = 56L, `5` = 72L, `6` = 43L, `7` = 43L, 
    `8` = 32L, `9` = 25L, `10` = 20L, `11` = 24L, `12` = 16L, 
    `13` = 10L, `14` = 8L, `15` = 5L, `16` = 3L, `17` = 5L, `18` = 2L, 
    `19` = 2L, `20` = 2L, `21` = 3L, `22` = 2L, `23` = 1L, `24` = 4L, 
    `34` = 1L), .Dim = 25L, .Dimnames = list(TagUsage = c("1", 
    "2", "3", "4", "5", "6", "7", "8", "9", "10", "11", "12", 
    "13", "14", "15", "16", "17", "18", "19", "20", "21", "22", 
    "23", "24", "34")), class = "table"), No.Tag = structure(c(0L, 
    0L, 0L, 0L, 0L, 46L, 0L, 0L, 0L, 39L, 0L, 0L, 0L, 3L, 0L, 
    0L), .Dim = c(4L, 4L), .Dimnames = structure(list(c("-1", 
    "0", "1", NA), c("-", "A", "G", NA)), .Names = c("", "")), class = "table"), 
    All.Tags = list(Concordant = list(Freqs = structure(c(0, 
    0, 0, 1, 348, 0, 0, 348, 0), .Dim = c(3L, 3L), .Dimnames = list(
        c("-1", "0", "1"), c("-", "A", "G"))), N = 697), Majority = list(
        Freqs = structure(c(0, 0, 0, 1, 387, 0, 0, 375, 0), .Dim = c(3L, 
        3L), .Dimnames = list(c("-1", "0", "1"), c("-", "A", 
        "G"))), N = 763)), `2` = structure(c(0, 0, 0, 1, 288, 
    0, 0, 287, 0), .Dim = c(3L, 3L), .Dimnames = list(c("-1", 
    "0", "1"), c("-", "A", "G"))))))
