Results <-
list(`bwa.out//20220204//BlindCMMRD128_S54.sam` = list(GM01_SNP1 = list(
    All = list(Freqs = structure(c(105L, 7198L, 21L, 34L, 0L, 
    2L, 0L, 0L, 0L, 43L, 0L, 0L), .Dim = 4:3, .Dimnames = structure(list(
        c("-1", "0", "1", NA), c("A", "G", NA)), .Names = c("", 
    "")), class = "table"), N = 7403L), Tag.Distribution = structure(c(`1` = 504L, 
    `2` = 457L, `3` = 283L, `4` = 215L, `5` = 141L, `6` = 117L, 
    `7` = 67L, `8` = 74L, `9` = 32L, `10` = 28L, `11` = 25L, 
    `12` = 16L, `13` = 9L, `14` = 5L, `15` = 6L, `16` = 3L, `17` = 2L, 
    `18` = 2L, `19` = 2L, `20` = 3L, `21` = 1L, `24` = 2L, `25` = 1L, 
    `26` = 1L, `27` = 1L, `28` = 1L), .Dim = 26L, .Dimnames = list(
        TagUsage = c("1", "2", "3", "4", "5", "6", "7", "8", 
        "9", "10", "11", "12", "13", "14", "15", "16", "17", 
        "18", "19", "20", "21", "24", "25", "26", "27", "28")), class = "table"), 
    No.Tag = structure(c(0L, 98L, 0L, 2L, 0L, 0L, 0L, 0L, 0L, 
    5L, 0L, 0L), .Dim = 4:3, .Dimnames = structure(list(c("-1", 
    "0", "1", NA), c("A", "G", NA)), .Names = c("", "")), class = "table"), 
    All.Tags = list(Concordant = list(Freqs = structure(c(11, 
    1872, 2, 0, 0, 0), .Dim = 3:2, .Dimnames = list(c("-1", "0", 
    "1"), c("A", "G"))), N = 1885), Majority = list(Freqs = structure(c(12, 
    1960, 2, 0, 0, 0), .Dim = 3:2, .Dimnames = list(c("-1", "0", 
    "1"), c("A", "G"))), N = 1974)), `2` = structure(c(1, 1476, 
    0, 0, 0, 0), .Dim = 3:2, .Dimnames = list(c("-1", "0", "1"
    ), c("A", "G"))))))
