Results <-
list(`bwa.out//20220204//Control13_S6.sam` = list(GM07_SNP1 = list(
    All = list(Freqs = structure(c(0L, 2L, 0L, 0L, 133L, 2149L, 
    71L, 16L, 0L, 20L, 1L, 0L), .Dim = 4:3, .Dimnames = structure(list(
        c("-1", "0", "1", NA), c("A", "G", NA)), .Names = c("", 
    "")), class = "table"), N = 2392L), Tag.Distribution = structure(c(`1` = 81L, 
    `2` = 45L, `3` = 35L, `4` = 36L, `5` = 24L, `6` = 26L, `7` = 20L, 
    `8` = 17L, `9` = 15L, `10` = 5L, `11` = 11L, `12` = 8L, `13` = 5L, 
    `14` = 7L, `15` = 8L, `16` = 5L, `17` = 6L, `18` = 2L, `19` = 2L, 
    `20` = 1L, `22` = 2L, `23` = 2L, `27` = 2L, `31` = 1L), .Dim = 24L, .Dimnames = list(
        TagUsage = c("1", "2", "3", "4", "5", "6", "7", "8", 
        "9", "10", "11", "12", "13", "14", "15", "16", "17", 
        "18", "19", "20", "22", "23", "27", "31")), class = "table"), 
    No.Tag = structure(c(0L, 0L, 0L, 0L, 23L, 244L, 8L, 3L, 0L, 
    6L, 0L, 0L), .Dim = 4:3, .Dimnames = structure(list(c("-1", 
    "0", "1", NA), c("A", "G", NA)), .Names = c("", "")), class = "table"), 
    All.Tags = list(Concordant = list(Freqs = structure(c(0, 
    1, 0, 7, 257, 3), .Dim = 3:2, .Dimnames = list(c("-1", "0", 
    "1"), c("A", "G"))), N = 268), Majority = list(Freqs = structure(c(0, 
    1, 0, 10, 343, 5), .Dim = 3:2, .Dimnames = list(c("-1", "0", 
    "1"), c("A", "G"))), N = 359)), `2` = structure(c(0, 0, 0, 
    4, 274, 2), .Dim = 3:2, .Dimnames = list(c("-1", "0", "1"
    ), c("A", "G"))))))
