Results <-
list(`bwa.out//20220204//BlindCMMRD59_S18.sam` = list(LR11_SNP1 = list(
    All = list(Freqs = structure(c(4L, 104L, 5245L, 24L, 3L, 
    12L, 0L, 0L, 6L, 0L, 0L, 0L, 0L, 0L, 1L, 0L, 0L, 0L, 0L, 
    1L, 32L, 0L, 0L, 0L), .Dim = c(6L, 4L), .Dimnames = structure(list(
        c("-2", "-1", "0", "1", "2", NA), c("A", "C", "G", NA
        )), .Names = c("", "")), class = "table"), N = 5432L), 
    Tag.Distribution = structure(c(`1` = 92L, `2` = 61L, `3` = 38L, 
    `4` = 48L, `5` = 36L, `6` = 29L, `7` = 29L, `8` = 25L, `9` = 22L, 
    `10` = 29L, `11` = 17L, `12` = 17L, `13` = 21L, `14` = 18L, 
    `15` = 17L, `16` = 18L, `17` = 6L, `18` = 13L, `19` = 13L, 
    `20` = 7L, `21` = 10L, `22` = 4L, `23` = 3L, `24` = 6L, `25` = 5L, 
    `26` = 3L, `27` = 3L, `28` = 3L, `29` = 2L, `30` = 3L, `31` = 3L, 
    `32` = 1L, `33` = 2L, `35` = 1L, `36` = 1L, `41` = 1L, `45` = 1L, 
    `53` = 1L), .Dim = 38L, .Dimnames = list(TagUsage = c("1", 
    "2", "3", "4", "5", "6", "7", "8", "9", "10", "11", "12", 
    "13", "14", "15", "16", "17", "18", "19", "20", "21", "22", 
    "23", "24", "25", "26", "27", "28", "29", "30", "31", "32", 
    "33", "35", "36", "41", "45", "53")), class = "table"), No.Tag = structure(c(0L, 
    0L, 57L, 0L, 0L, 0L, 0L, 0L, 0L, 0L, 0L, 0L, 0L, 0L, 0L, 
    0L, 0L, 0L, 0L, 0L, 0L, 0L, 0L, 0L), .Dim = c(6L, 4L), .Dimnames = structure(list(
        c("-2", "-1", "0", "1", "2", NA), c("A", "C", "G", NA
        )), .Names = c("", "")), class = "table"), All.Tags = list(
        Concordant = list(Freqs = structure(c(0, 2, 497, 0, 0, 
        0, 0, 5, 0, 0, 0, 0, 0, 0, 0), .Dim = c(5L, 3L), .Dimnames = list(
            c("-2", "-1", "0", "1", "2"), c("A", "C", "G"))), 
            N = 504), Majority = list(Freqs = structure(c(0, 
        3, 592, 0, 0, 0, 0, 5, 0, 0, 0, 0, 0, 0, 0), .Dim = c(5L, 
        3L), .Dimnames = list(c("-2", "-1", "0", "1", "2"), c("A", 
        "C", "G"))), N = 600)), `2` = structure(c(0, 2, 512, 
    0, 0, 0, 0, 0, 0, 0, 0, 0, 0, 0, 0), .Dim = c(5L, 3L), .Dimnames = list(
        c("-2", "-1", "0", "1", "2"), c("A", "C", "G"))))))
