Results <-
list(`bwa.out//20220204//BlindCMMRD99_S58.sam` = list(GM07_SNP1 = list(
    All = list(Freqs = structure(c(1L, 3L, 0L, 0L, 1L, 186L, 
    3517L, 78L, 1L, 50L, 1L, 59L, 1L, 0L, 0L), .Dim = c(5L, 3L
    ), .Dimnames = structure(list(c("-1", "0", "1", "2", NA), 
        c("A", "G", NA)), .Names = c("", "")), class = "table"), 
        N = 3898L), Tag.Distribution = structure(c(`1` = 113L, 
    `2` = 84L, `3` = 50L, `4` = 54L, `5` = 33L, `6` = 28L, `7` = 23L, 
    `8` = 21L, `9` = 19L, `10` = 22L, `11` = 12L, `12` = 9L, 
    `13` = 6L, `14` = 6L, `15` = 11L, `16` = 4L, `17` = 5L, `18` = 4L, 
    `19` = 5L, `20` = 8L, `21` = 4L, `22` = 4L, `24` = 2L, `25` = 3L, 
    `26` = 1L, `27` = 3L, `28` = 2L, `29` = 1L, `30` = 2L, `31` = 2L, 
    `32` = 3L, `33` = 2L, `34` = 1L, `35` = 1L, `36` = 1L, `40` = 1L, 
    `51` = 1L), .Dim = 37L, .Dimnames = list(TagUsage = c("1", 
    "2", "3", "4", "5", "6", "7", "8", "9", "10", "11", "12", 
    "13", "14", "15", "16", "17", "18", "19", "20", "21", "22", 
    "24", "25", "26", "27", "28", "29", "30", "31", "32", "33", 
    "34", "35", "36", "40", "51")), class = "table"), No.Tag = structure(c(0L, 
    1L, 0L, 0L, 0L, 9L, 156L, 6L, 0L, 12L, 0L, 4L, 0L, 0L, 0L
    ), .Dim = c(5L, 3L), .Dimnames = structure(list(c("-1", "0", 
    "1", "2", NA), c("A", "G", NA)), .Names = c("", "")), class = "table"), 
    All.Tags = list(Concordant = list(Freqs = structure(c(1, 
    1, 0, 0, 7, 383, 5, 0), .Dim = c(4L, 2L), .Dimnames = list(
        c("-1", "0", "1", "2"), c("A", "G"))), N = 397), Majority = list(
        Freqs = structure(c(1, 1, 0, 0, 9, 510, 5, 0), .Dim = c(4L, 
        2L), .Dimnames = list(c("-1", "0", "1", "2"), c("A", 
        "G"))), N = 526)), `2` = structure(c(0, 0, 0, 0, 5, 417, 
    1, 0), .Dim = c(4L, 2L), .Dimnames = list(c("-1", "0", "1", 
    "2"), c("A", "G"))))))
