Results <-
list(`bwa.out//20220204//Control17_S10.sam` = list(LR44_SNP1 = list(
    All = list(Freqs = structure(c(3L, 4L, 207L, 3211L, 52L, 
    2L, 20L, 0L, 0L, 0L, 8L, 0L, 0L, 0L, 0L, 1L, 3L, 39L, 2L, 
    0L, 0L), .Dim = c(7L, 3L), .Dimnames = structure(list(c("-3", 
    "-2", "-1", "0", "1", "2", NA), c("C", "T", NA)), .Names = c("", 
    "")), class = "table"), N = 3552L), Tag.Distribution = structure(c(`1` = 147L, 
    `2` = 67L, `3` = 45L, `4` = 56L, `5` = 41L, `6` = 36L, `7` = 26L, 
    `8` = 20L, `9` = 24L, `10` = 17L, `11` = 19L, `12` = 13L, 
    `13` = 12L, `14` = 10L, `15` = 11L, `16` = 5L, `17` = 5L, 
    `18` = 5L, `19` = 8L, `20` = 2L, `21` = 1L, `22` = 3L, `23` = 2L, 
    `24` = 1L, `25` = 4L, `26` = 1L, `30` = 1L, `38` = 1L), .Dim = 28L, .Dimnames = list(
        TagUsage = c("1", "2", "3", "4", "5", "6", "7", "8", 
        "9", "10", "11", "12", "13", "14", "15", "16", "17", 
        "18", "19", "20", "21", "22", "23", "24", "25", "26", 
        "30", "38")), class = "table"), No.Tag = structure(c(0L, 
    0L, 14L, 119L, 1L, 0L, 1L, 0L, 0L, 0L, 0L, 0L, 0L, 0L, 0L, 
    0L, 0L, 4L, 0L, 0L, 0L), .Dim = c(7L, 3L), .Dimnames = structure(list(
        c("-3", "-2", "-1", "0", "1", "2", NA), c("C", "T", NA
        )), .Names = c("", "")), class = "table"), All.Tags = list(
        Concordant = list(Freqs = structure(c(0, 0, 7, 403, 0, 
        0, 0, 0, 0, 1, 0, 0), .Dim = c(6L, 2L), .Dimnames = list(
            c("-3", "-2", "-1", "0", "1", "2"), c("C", "T"))), 
            N = 411), Majority = list(Freqs = structure(c(0, 
        0, 9, 554, 0, 0, 0, 0, 0, 1, 0, 0), .Dim = c(6L, 2L), .Dimnames = list(
            c("-3", "-2", "-1", "0", "1", "2"), c("C", "T"))), 
            N = 564)), `2` = structure(c(0, 0, 3, 426, 0, 0, 
    0, 0, 0, 0, 0, 0), .Dim = c(6L, 2L), .Dimnames = list(c("-3", 
    "-2", "-1", "0", "1", "2"), c("C", "T"))))))
