Results <-
list(`bwa.out//20220204//Control11_S4.sam` = list(LR40_SNP1 = list(
    All = list(Freqs = structure(c(31L, 3663L, 7L, 8L, 0L, 12L, 
    0L, 0L), .Dim = c(4L, 2L), .Dimnames = structure(list(c("-1", 
    "0", "1", NA), c("C", NA)), .Names = c("", "")), class = "table"), 
        N = 3721L), Tag.Distribution = structure(c(`1` = 118L, 
    `2` = 68L, `3` = 63L, `4` = 37L, `5` = 57L, `6` = 38L, `7` = 31L, 
    `8` = 41L, `9` = 21L, `10` = 16L, `11` = 11L, `12` = 14L, 
    `13` = 9L, `14` = 11L, `15` = 7L, `16` = 13L, `17` = 1L, 
    `18` = 4L, `19` = 4L, `20` = 3L, `21` = 5L, `22` = 3L, `23` = 4L, 
    `24` = 3L, `26` = 2L, `27` = 1L, `30` = 1L, `31` = 1L, `34` = 1L
    ), .Dim = 29L, .Dimnames = list(TagUsage = c("1", "2", "3", 
    "4", "5", "6", "7", "8", "9", "10", "11", "12", "13", "14", 
    "15", "16", "17", "18", "19", "20", "21", "22", "23", "24", 
    "26", "27", "30", "31", "34")), class = "table"), No.Tag = structure(c(0L, 
    112L, 0L, 1L, 0L, 3L, 0L, 0L), .Dim = c(4L, 2L), .Dimnames = structure(list(
        c("-1", "0", "1", NA), c("C", NA)), .Names = c("", ""
    )), class = "table"), All.Tags = list(Concordant = list(Freqs = structure(c(1, 
    552, 0), .Dim = c(3L, 1L), .Dimnames = list(c("-1", "0", 
    "1"), "C")), N = 553), Majority = list(Freqs = structure(c(2, 
    583, 0), .Dim = c(3L, 1L), .Dimnames = list(c("-1", "0", 
    "1"), "C")), N = 585)), `2` = structure(c(1, 467, 0), .Dim = c(3L, 
    1L), .Dimnames = list(c("-1", "0", "1"), "C")))))
