Results <-
list(`bwa.out//20220204//Control16_S9.sam` = list(GM22_SNP1 = list(
    All = list(Freqs = structure(c(14L, 1420L, 9L, 7L, 25L, 1315L, 
    7L, 7L, 2L, 35L, 1L, 0L), .Dim = 4:3, .Dimnames = structure(list(
        c("-1", "0", "1", NA), c("A", "G", NA)), .Names = c("", 
    "")), class = "table"), N = 2842L), Tag.Distribution = structure(c(`1` = 124L, 
    `2` = 49L, `3` = 45L, `4` = 21L, `5` = 22L, `6` = 14L, `7` = 21L, 
    `8` = 18L, `9` = 31L, `10` = 9L, `11` = 10L, `12` = 9L, `13` = 10L, 
    `14` = 12L, `15` = 6L, `16` = 4L, `17` = 7L, `18` = 3L, `19` = 3L, 
    `20` = 1L, `21` = 4L, `22` = 5L, `23` = 2L, `24` = 3L, `25` = 2L, 
    `26` = 1L, `27` = 1L, `29` = 1L, `32` = 1L, `34` = 1L, `35` = 1L
    ), .Dim = 31L, .Dimnames = list(TagUsage = c("1", "2", "3", 
    "4", "5", "6", "7", "8", "9", "10", "11", "12", "13", "14", 
    "15", "16", "17", "18", "19", "20", "21", "22", "23", "24", 
    "25", "26", "27", "29", "32", "34", "35")), class = "table"), 
    No.Tag = structure(c(0L, 52L, 0L, 0L, 2L, 24L, 0L, 0L, 0L, 
    4L, 0L, 0L), .Dim = 4:3, .Dimnames = structure(list(c("-1", 
    "0", "1", NA), c("A", "G", NA)), .Names = c("", "")), class = "table"), 
    All.Tags = list(Concordant = list(Freqs = structure(c(0, 
    192, 4, 0, 180, 0), .Dim = 3:2, .Dimnames = list(c("-1", 
    "0", "1"), c("A", "G"))), N = 376), Majority = list(Freqs = structure(c(0, 
    216, 4, 0, 210, 0), .Dim = 3:2, .Dimnames = list(c("-1", 
    "0", "1"), c("A", "G"))), N = 430)), `2` = structure(c(0, 
    164, 1, 0, 149, 0), .Dim = 3:2, .Dimnames = list(c("-1", 
    "0", "1"), c("A", "G"))))))
