Results <-
list(`bwa.out//20220204//BlindCMMRD58_S17.sam` = list(GM17_SNP1 = list(
    All = list(Freqs = structure(c(0L, 0L, 10L, 0L, 0L, 1L, 73L, 
    6005L, 31L, 4L, 0L, 1L, 38L, 2L, 0L), .Dim = c(5L, 3L), .Dimnames = structure(list(
        c("-2", "-1", "0", "1", NA), c("C", "T", NA)), .Names = c("", 
    "")), class = "table"), N = 6165L), Tag.Distribution = structure(c(`1` = 94L, 
    `2` = 11L, `3` = 9L, `4` = 12L, `5` = 11L, `6` = 13L, `7` = 20L, 
    `8` = 7L, `9` = 11L, `10` = 7L, `11` = 6L, `12` = 8L, `13` = 6L, 
    `14` = 12L, `15` = 8L, `16` = 5L, `17` = 4L, `18` = 7L, `19` = 8L, 
    `20` = 3L, `21` = 6L, `22` = 2L, `23` = 9L, `24` = 4L, `25` = 2L, 
    `26` = 5L, `27` = 4L, `28` = 5L, `29` = 2L, `30` = 6L, `31` = 4L, 
    `32` = 3L, `33` = 1L, `35` = 2L, `36` = 3L, `37` = 1L, `38` = 1L, 
    `39` = 4L, `40` = 4L, `41` = 4L, `42` = 3L, `43` = 5L, `45` = 1L, 
    `46` = 4L, `47` = 1L, `50` = 2L, `51` = 1L, `54` = 3L, `56` = 2L, 
    `58` = 2L, `60` = 1L, `61` = 2L, `62` = 1L, `63` = 1L, `64` = 1L, 
    `66` = 1L, `67` = 1L, `68` = 1L, `70` = 1L, `71` = 1L, `73` = 1L, 
    `75` = 1L, `77` = 1L, `85` = 1L, `96` = 1L), .Dim = 65L, .Dimnames = list(
        TagUsage = c("1", "2", "3", "4", "5", "6", "7", "8", 
        "9", "10", "11", "12", "13", "14", "15", "16", "17", 
        "18", "19", "20", "21", "22", "23", "24", "25", "26", 
        "27", "28", "29", "30", "31", "32", "33", "35", "36", 
        "37", "38", "39", "40", "41", "42", "43", "45", "46", 
        "47", "50", "51", "54", "56", "58", "60", "61", "62", 
        "63", "64", "66", "67", "68", "70", "71", "73", "75", 
        "77", "85", "96")), class = "table"), No.Tag = structure(c(0L, 
    0L, 0L, 0L, 0L, 0L, 0L, 57L, 0L, 0L, 0L, 0L, 3L, 0L, 0L), .Dim = c(5L, 
    3L), .Dimnames = structure(list(c("-2", "-1", "0", "1", NA
    ), c("C", "T", NA)), .Names = c("", "")), class = "table"), 
    All.Tags = list(Concordant = list(Freqs = structure(c(0, 
    0, 9, 0, 0, 0, 289, 1), .Dim = c(4L, 2L), .Dimnames = list(
        c("-2", "-1", "0", "1"), c("C", "T"))), N = 299), Majority = list(
        Freqs = structure(c(0, 0, 9, 0, 0, 1, 353, 2), .Dim = c(4L, 
        2L), .Dimnames = list(c("-2", "-1", "0", "1"), c("C", 
        "T"))), N = 365)), `2` = structure(c(0, 0, 0, 0, 0, 1, 
    278, 1), .Dim = c(4L, 2L), .Dimnames = list(c("-2", "-1", 
    "0", "1"), c("C", "T"))))))
