Results <-
list(`bwa.out//20220204//BlindCMMRD73_S32.sam` = list(LR11_SNP1 = list(
    All = list(Freqs = structure(c(0L, 0L, 7L, 0L, 0L, 1L, 4L, 
    92L, 4160L, 42L, 3L, 15L, 0L, 0L, 1L, 0L, 0L, 0L, 0L, 5L, 
    131L, 3L, 0L, 0L), .Dim = c(6L, 4L), .Dimnames = structure(list(
        c("-2", "-1", "0", "1", "2", NA), c("A", "C", "T", NA
        )), .Names = c("", "")), class = "table"), N = 4464L), 
    Tag.Distribution = structure(c(`1` = 123L, `2` = 51L, `3` = 44L, 
    `4` = 42L, `5` = 45L, `6` = 25L, `7` = 29L, `8` = 24L, `9` = 28L, 
    `10` = 31L, `11` = 21L, `12` = 19L, `13` = 20L, `14` = 11L, 
    `15` = 17L, `16` = 25L, `17` = 11L, `18` = 4L, `19` = 8L, 
    `20` = 3L, `21` = 1L, `22` = 1L, `23` = 3L, `24` = 4L, `25` = 2L, 
    `27` = 4L, `28` = 2L, `29` = 1L, `31` = 1L, `32` = 1L, `34` = 1L
    ), .Dim = 31L, .Dimnames = list(TagUsage = c("1", "2", "3", 
    "4", "5", "6", "7", "8", "9", "10", "11", "12", "13", "14", 
    "15", "16", "17", "18", "19", "20", "21", "22", "23", "24", 
    "25", "27", "28", "29", "31", "32", "34")), class = "table"), 
    No.Tag = structure(c(0L, 0L, 1L, 0L, 0L, 0L, 0L, 0L, 55L, 
    0L, 0L, 1L, 0L, 0L, 0L, 0L, 0L, 0L, 0L, 0L, 3L, 0L, 0L, 0L
    ), .Dim = c(6L, 4L), .Dimnames = structure(list(c("-2", "-1", 
    "0", "1", "2", NA), c("A", "C", "T", NA)), .Names = c("", 
    "")), class = "table"), All.Tags = list(Concordant = list(
        Freqs = structure(c(0, 0, 6, 0, 0, 0, 6, 490, 0, 0, 0, 
        0, 0, 0, 0), .Dim = c(5L, 3L), .Dimnames = list(c("-2", 
        "-1", "0", "1", "2"), c("A", "C", "T"))), N = 502), Majority = list(
        Freqs = structure(c(0, 0, 6, 0, 0, 0, 6, 577, 1, 0, 0, 
        0, 0, 0, 0), .Dim = c(5L, 3L), .Dimnames = list(c("-2", 
        "-1", "0", "1", "2"), c("A", "C", "T"))), N = 590)), 
    `2` = structure(c(0, 0, 1, 0, 0, 0, 1, 472, 1, 0, 0, 0, 0, 
    0, 0), .Dim = c(5L, 3L), .Dimnames = list(c("-2", "-1", "0", 
    "1", "2"), c("A", "C", "T"))))))
