Results <-
list(`bwa.out//20220204//BlindCMMRD114_S40.sam` = list(GM26_SNP1 = list(
    All = list(Freqs = structure(c(19L, 2399L, 13L, 1L, 2L, 9L, 
    2475L, 9L, 0L, 4L, 0L, 52L, 0L, 0L, 0L), .Dim = c(5L, 3L), .Dimnames = structure(list(
        c("-1", "0", "1", "2", NA), c("A", "G", NA)), .Names = c("", 
    "")), class = "table"), N = 4983L), Tag.Distribution = structure(c(`1` = 95L, 
    `2` = 83L, `3` = 72L, `4` = 86L, `5` = 83L, `6` = 72L, `7` = 56L, 
    `8` = 52L, `9` = 32L, `10` = 43L, `11` = 27L, `12` = 21L, 
    `13` = 14L, `14` = 10L, `15` = 9L, `16` = 9L, `17` = 5L, 
    `18` = 5L, `19` = 1L, `20` = 2L, `21` = 2L, `22` = 3L, `23` = 1L, 
    `24` = 1L, `25` = 2L, `29` = 1L, `36` = 1L, `40` = 1L), .Dim = 28L, .Dimnames = list(
        TagUsage = c("1", "2", "3", "4", "5", "6", "7", "8", 
        "9", "10", "11", "12", "13", "14", "15", "16", "17", 
        "18", "19", "20", "21", "22", "23", "24", "25", "29", 
        "36", "40")), class = "table"), No.Tag = structure(c(1L, 
    43L, 0L, 0L, 0L, 0L, 43L, 0L, 0L, 1L, 0L, 7L, 0L, 0L, 0L), .Dim = c(5L, 
    3L), .Dimnames = structure(list(c("-1", "0", "1", "2", NA
    ), c("A", "G", NA)), .Names = c("", "")), class = "table"), 
    All.Tags = list(Concordant = list(Freqs = structure(c(0, 
    333, 0, 0, 0, 348, 0, 0), .Dim = c(4L, 2L), .Dimnames = list(
        c("-1", "0", "1", "2"), c("A", "G"))), N = 681), Majority = list(
        Freqs = structure(c(0, 390, 0, 0, 0, 387, 0, 0), .Dim = c(4L, 
        2L), .Dimnames = list(c("-1", "0", "1", "2"), c("A", 
        "G"))), N = 777)), `2` = structure(c(0, 337, 0, 0, 0, 
    350, 0, 0), .Dim = c(4L, 2L), .Dimnames = list(c("-1", "0", 
    "1", "2"), c("A", "G"))))))
