Results <-
list(`bwa.out//20220204//BlindCMMRD94_S53.sam` = list(GM11_SNP1 = list(
    All = list(Freqs = structure(c(11L, 2392L, 8L, 2L, 17L, 2691L, 
    14L, 1L, 0L, 1L, 0L, 0L, 1L, 28L, 1L, 0L), .Dim = c(4L, 4L
    ), .Dimnames = structure(list(c("-1", "0", "1", NA), c("A", 
    "G", "T", NA)), .Names = c("", "")), class = "table"), N = 5167L), 
    Tag.Distribution = structure(c(`1` = 126L, `2` = 71L, `3` = 50L, 
    `4` = 52L, `5` = 60L, `6` = 35L, `7` = 27L, `8` = 26L, `9` = 29L, 
    `10` = 13L, `11` = 21L, `12` = 22L, `13` = 16L, `14` = 11L, 
    `15` = 11L, `16` = 10L, `17` = 10L, `18` = 8L, `19` = 8L, 
    `20` = 6L, `21` = 9L, `22` = 7L, `23` = 3L, `24` = 4L, `25` = 4L, 
    `26` = 3L, `27` = 4L, `28` = 5L, `29` = 2L, `30` = 4L, `32` = 2L, 
    `33` = 1L, `35` = 1L, `37` = 1L, `38` = 2L, `41` = 1L), .Dim = 36L, .Dimnames = list(
        TagUsage = c("1", "2", "3", "4", "5", "6", "7", "8", 
        "9", "10", "11", "12", "13", "14", "15", "16", "17", 
        "18", "19", "20", "21", "22", "23", "24", "25", "26", 
        "27", "28", "29", "30", "32", "33", "35", "37", "38", 
        "41")), class = "table"), No.Tag = structure(c(0L, 56L, 
    0L, 0L, 0L, 16L, 1L, 0L, 0L, 0L, 0L, 0L, 0L, 4L, 0L, 0L), .Dim = c(4L, 
    4L), .Dimnames = structure(list(c("-1", "0", "1", NA), c("A", 
    "G", "T", NA)), .Names = c("", "")), class = "table"), All.Tags = list(
        Concordant = list(Freqs = structure(c(1, 281, 0, 3, 289, 
        2, 0, 0, 0), .Dim = c(3L, 3L), .Dimnames = list(c("-1", 
        "0", "1"), c("A", "G", "T"))), N = 576), Majority = list(
            Freqs = structure(c(1, 317, 0, 3, 333, 2, 0, 0, 0
            ), .Dim = c(3L, 3L), .Dimnames = list(c("-1", "0", 
            "1"), c("A", "G", "T"))), N = 656)), `2` = structure(c(0, 
    259, 0, 0, 272, 2, 0, 0, 0), .Dim = c(3L, 3L), .Dimnames = list(
        c("-1", "0", "1"), c("A", "G", "T"))))))
