Results <-
list(`bwa.out//20220204//BlindCMMRD74_S33.sam` = list(GM22_SNP1 = list(
    All = list(Freqs = structure(c(2L, 77L, 4486L, 16L, 8L, 0L, 
    0L, 1L, 0L, 0L, 0L, 2L, 47L, 0L, 0L), .Dim = c(5L, 3L), .Dimnames = structure(list(
        c("-2", "-1", "0", "1", NA), c("A", "G", NA)), .Names = c("", 
    "")), class = "table"), N = 4639L), Tag.Distribution = structure(c(`1` = 119L, 
    `2` = 54L, `3` = 50L, `4` = 37L, `5` = 44L, `6` = 33L, `7` = 26L, 
    `8` = 36L, `9` = 23L, `10` = 19L, `11` = 19L, `12` = 26L, 
    `13` = 22L, `14` = 12L, `15` = 3L, `16` = 8L, `17` = 8L, 
    `18` = 10L, `19` = 8L, `20` = 6L, `21` = 7L, `22` = 3L, `23` = 5L, 
    `24` = 6L, `25` = 3L, `26` = 2L, `27` = 2L, `28` = 2L, `29` = 1L, 
    `30` = 1L, `31` = 3L, `32` = 3L, `36` = 1L, `38` = 1L), .Dim = 34L, .Dimnames = list(
        TagUsage = c("1", "2", "3", "4", "5", "6", "7", "8", 
        "9", "10", "11", "12", "13", "14", "15", "16", "17", 
        "18", "19", "20", "21", "22", "23", "24", "25", "26", 
        "27", "28", "29", "30", "31", "32", "36", "38")), class = "table"), 
    No.Tag = structure(c(0L, 1L, 58L, 0L, 0L, 0L, 0L, 0L, 0L, 
    0L, 0L, 0L, 3L, 0L, 0L), .Dim = c(5L, 3L), .Dimnames = structure(list(
        c("-2", "-1", "0", "1", NA), c("A", "G", NA)), .Names = c("", 
    "")), class = "table"), All.Tags = list(Concordant = list(
        Freqs = structure(c(0, 3, 514, 0, 0, 0, 0, 0), .Dim = c(4L, 
        2L), .Dimnames = list(c("-2", "-1", "0", "1"), c("A", 
        "G"))), N = 517), Majority = list(Freqs = structure(c(0, 
    3, 594, 0, 0, 0, 0, 0), .Dim = c(4L, 2L), .Dimnames = list(
        c("-2", "-1", "0", "1"), c("A", "G"))), N = 597)), `2` = structure(c(0, 
    0, 481, 0, 0, 0, 0, 0), .Dim = c(4L, 2L), .Dimnames = list(
        c("-2", "-1", "0", "1"), c("A", "G"))))))
