Results <-
list(`bwa.out//20220204//BlindCMMRD75_S34.sam` = list(LR44_SNP1 = list(
    All = list(Freqs = structure(c(1L, 6L, 193L, 2397L, 24L, 
    1L, 12L, 0L, 0L, 0L, 1L, 0L, 0L, 0L, 0L, 5L, 210L, 2567L, 
    35L, 1L, 17L, 0L, 0L, 1L, 101L, 2L, 0L, 0L), .Dim = c(7L, 
    4L), .Dimnames = structure(list(c("-3", "-2", "-1", "0", 
    "1", "2", NA), c("C", "G", "T", NA)), .Names = c("", "")), class = "table"), 
        N = 5574L), Tag.Distribution = structure(c(`1` = 114L, 
    `2` = 66L, `3` = 52L, `4` = 61L, `5` = 45L, `6` = 43L, `7` = 52L, 
    `8` = 35L, `9` = 33L, `10` = 26L, `11` = 23L, `12` = 22L, 
    `13` = 17L, `14` = 17L, `15` = 16L, `16` = 14L, `17` = 10L, 
    `18` = 12L, `19` = 7L, `20` = 8L, `21` = 8L, `22` = 3L, `23` = 5L, 
    `24` = 3L, `25` = 5L, `26` = 3L, `28` = 2L, `29` = 2L, `30` = 3L, 
    `34` = 2L, `38` = 1L, `42` = 1L, `49` = 1L), .Dim = 33L, .Dimnames = list(
        TagUsage = c("1", "2", "3", "4", "5", "6", "7", "8", 
        "9", "10", "11", "12", "13", "14", "15", "16", "17", 
        "18", "19", "20", "21", "22", "23", "24", "25", "26", 
        "28", "29", "30", "34", "38", "42", "49")), class = "table"), 
    No.Tag = structure(c(0L, 0L, 7L, 56L, 1L, 0L, 0L, 0L, 0L, 
    0L, 0L, 0L, 0L, 0L, 0L, 0L, 0L, 33L, 0L, 0L, 0L, 0L, 0L, 
    0L, 3L, 0L, 0L, 0L), .Dim = c(7L, 4L), .Dimnames = structure(list(
        c("-3", "-2", "-1", "0", "1", "2", NA), c("C", "G", "T", 
        NA)), .Names = c("", "")), class = "table"), All.Tags = list(
        Concordant = list(Freqs = structure(c(0, 0, 8, 189, 0, 
        0, 0, 0, 0, 0, 0, 0, 0, 0, 6, 216, 1, 0), .Dim = c(6L, 
        3L), .Dimnames = list(c("-3", "-2", "-1", "0", "1", "2"
        ), c("C", "G", "T"))), N = 420), Majority = list(Freqs = structure(c(0, 
        0, 10, 320, 0, 0, 0, 0, 0, 0, 0, 0, 0, 0, 9, 348, 1, 
        0), .Dim = c(6L, 3L), .Dimnames = list(c("-3", "-2", 
        "-1", "0", "1", "2"), c("C", "G", "T"))), N = 688)), 
    `2` = structure(c(0, 0, 4, 272, 0, 0, 0, 0, 0, 0, 0, 0, 0, 
    0, 6, 300, 0, 0), .Dim = c(6L, 3L), .Dimnames = list(c("-3", 
    "-2", "-1", "0", "1", "2"), c("C", "G", "T"))))))
