Results <-
list(`bwa.out//20220204//BlindCMMRD85_S44.sam` = list(GM22_SNP1 = list(
    All = list(Freqs = structure(c(0L, 29L, 2350L, 6L, 3L, 0L, 
    30L, 1786L, 8L, 2L, 1L, 6L, 61L, 0L, 0L), .Dim = c(5L, 3L
    ), .Dimnames = structure(list(c("-2", "-1", "0", "1", NA), 
        c("A", "G", NA)), .Names = c("", "")), class = "table"), 
        N = 4282L), Tag.Distribution = structure(c(`1` = 123L, 
    `2` = 55L, `3` = 57L, `4` = 45L, `5` = 47L, `6` = 39L, `7` = 30L, 
    `8` = 22L, `9` = 33L, `10` = 20L, `11` = 20L, `12` = 16L, 
    `13` = 15L, `14` = 11L, `15` = 13L, `16` = 9L, `17` = 15L, 
    `18` = 8L, `19` = 6L, `20` = 11L, `21` = 2L, `22` = 1L, `23` = 2L, 
    `24` = 4L, `25` = 1L, `26` = 3L, `27` = 1L, `29` = 2L, `43` = 1L
    ), .Dim = 29L, .Dimnames = list(TagUsage = c("1", "2", "3", 
    "4", "5", "6", "7", "8", "9", "10", "11", "12", "13", "14", 
    "15", "16", "17", "18", "19", "20", "21", "22", "23", "24", 
    "25", "26", "27", "29", "43")), class = "table"), No.Tag = structure(c(0L, 
    0L, 42L, 1L, 1L, 0L, 0L, 27L, 0L, 0L, 0L, 1L, 4L, 0L, 0L), .Dim = c(5L, 
    3L), .Dimnames = structure(list(c("-2", "-1", "0", "1", NA
    ), c("A", "G", NA)), .Names = c("", "")), class = "table"), 
    All.Tags = list(Concordant = list(Freqs = structure(c(0, 
    1, 290, 0, 0, 0, 222, 0), .Dim = c(4L, 2L), .Dimnames = list(
        c("-2", "-1", "0", "1"), c("A", "G"))), N = 513), Majority = list(
        Freqs = structure(c(0, 1, 327, 0, 0, 2, 266, 0), .Dim = c(4L, 
        2L), .Dimnames = list(c("-2", "-1", "0", "1"), c("A", 
        "G"))), N = 596)), `2` = structure(c(0, 0, 255, 0, 0, 
    2, 225, 0), .Dim = c(4L, 2L), .Dimnames = list(c("-2", "-1", 
    "0", "1"), c("A", "G"))))))
