Results <-
list(`bwa.out//20220204//BlindCMMRD120_S46.sam` = list(GM26_SNP1 = list(
    All = list(Freqs = structure(c(1L, 25L, 4186L, 9L, 5L, 0L, 
    0L, 3L, 0L, 0L, 0L, 1L, 45L, 0L, 0L), .Dim = c(5L, 3L), .Dimnames = structure(list(
        c("-2", "-1", "0", "1", NA), c("A", "G", NA)), .Names = c("", 
    "")), class = "table"), N = 4275L), Tag.Distribution = structure(c(`1` = 214L, 
    `2` = 173L, `3` = 150L, `4` = 102L, `5` = 75L, `6` = 78L, 
    `7` = 42L, `8` = 36L, `9` = 27L, `10` = 19L, `11` = 18L, 
    `12` = 18L, `13` = 10L, `14` = 5L, `15` = 6L, `16` = 1L, 
    `17` = 1L, `18` = 2L, `20` = 1L, `22` = 1L, `24` = 1L, `27` = 1L, 
    `28` = 1L, `38` = 1L), .Dim = 24L, .Dimnames = list(TagUsage = c("1", 
    "2", "3", "4", "5", "6", "7", "8", "9", "10", "11", "12", 
    "13", "14", "15", "16", "17", "18", "20", "22", "24", "27", 
    "28", "38")), class = "table"), No.Tag = structure(c(0L, 
    1L, 64L, 0L, 1L, 0L, 0L, 0L, 0L, 0L, 0L, 0L, 1L, 0L, 0L), .Dim = c(5L, 
    3L), .Dimnames = structure(list(c("-2", "-1", "0", "1", NA
    ), c("A", "G", NA)), .Names = c("", "")), class = "table"), 
    All.Tags = list(Concordant = list(Freqs = structure(c(0, 
    2, 945, 1, 0, 0, 1, 0), .Dim = c(4L, 2L), .Dimnames = list(
        c("-2", "-1", "0", "1"), c("A", "G"))), N = 949), Majority = list(
        Freqs = structure(c(0, 2, 971, 1, 0, 0, 1, 0), .Dim = c(4L, 
        2L), .Dimnames = list(c("-2", "-1", "0", "1"), c("A", 
        "G"))), N = 975)), `2` = structure(c(0, 1, 766, 0, 0, 
    0, 0, 0), .Dim = c(4L, 2L), .Dimnames = list(c("-2", "-1", 
    "0", "1"), c("A", "G"))))))
