Results <-
list(`bwa.out//20220204//BlindCMMRD74_S33.sam` = list(LR36_SNP1 = list(
    All = list(Freqs = structure(c(1L, 1L, 43L, 1750L, 20L, 10L, 
    0L, 0L, 0L, 1L, 0L, 0L, 0L, 3L, 25L, 1583L, 21L, 8L, 0L, 
    0L, 5L, 105L, 1L, 0L), .Dim = c(6L, 4L), .Dimnames = structure(list(
        c("-3", "-2", "-1", "0", "1", NA), c("A", "C", "T", NA
        )), .Names = c("", "")), class = "table"), N = 3577L), 
    Tag.Distribution = structure(c(`1` = 102L, `2` = 56L, `3` = 42L, 
    `4` = 42L, `5` = 33L, `6` = 25L, `7` = 27L, `8` = 24L, `9` = 24L, 
    `10` = 16L, `11` = 15L, `12` = 10L, `13` = 6L, `14` = 6L, 
    `15` = 8L, `16` = 8L, `17` = 8L, `18` = 6L, `19` = 4L, `20` = 8L, 
    `21` = 3L, `22` = 2L, `23` = 5L, `24` = 3L, `25` = 3L, `26` = 1L, 
    `28` = 1L, `29` = 1L, `31` = 1L, `32` = 2L, `33` = 1L, `40` = 1L
    ), .Dim = 32L, .Dimnames = list(TagUsage = c("1", "2", "3", 
    "4", "5", "6", "7", "8", "9", "10", "11", "12", "13", "14", 
    "15", "16", "17", "18", "19", "20", "21", "22", "23", "24", 
    "25", "26", "28", "29", "31", "32", "33", "40")), class = "table"), 
    No.Tag = structure(c(0L, 0L, 3L, 107L, 2L, 0L, 0L, 0L, 0L, 
    0L, 0L, 0L, 0L, 0L, 0L, 72L, 1L, 1L, 0L, 0L, 1L, 15L, 0L, 
    0L), .Dim = c(6L, 4L), .Dimnames = structure(list(c("-3", 
    "-2", "-1", "0", "1", NA), c("A", "C", "T", NA)), .Names = c("", 
    "")), class = "table"), All.Tags = list(Concordant = list(
        Freqs = structure(c(0, 0, 2, 184, 0, 0, 0, 0, 0, 0, 0, 
        0, 1, 208, 2), .Dim = c(5L, 3L), .Dimnames = list(c("-3", 
        "-2", "-1", "0", "1"), c("A", "C", "T"))), N = 397), 
        Majority = list(Freqs = structure(c(0, 0, 2, 224, 1, 
        0, 0, 0, 0, 0, 0, 0, 1, 244, 2), .Dim = c(5L, 3L), .Dimnames = list(
            c("-3", "-2", "-1", "0", "1"), c("A", "C", "T"))), 
            N = 474)), `2` = structure(c(0, 0, 1, 185, 1, 0, 
    0, 0, 0, 0, 0, 0, 0, 195, 1), .Dim = c(5L, 3L), .Dimnames = list(
        c("-3", "-2", "-1", "0", "1"), c("A", "C", "T"))))))
