Results <-
list(`bwa.out//20220204//BlindCMMRD44_S4.sam` = list(LR46_SNP1 = list(
    All = list(Freqs = structure(c(0L, 0L, 1L, 0L, 0L, 0L, 0L, 
    2L, 0L, 0L, 1L, 9L, 1663L, 1L, 2L, 0L, 4L, 1726L, 3L, 3L, 
    0L, 0L, 22L, 0L, 0L), .Dim = c(5L, 5L), .Dimnames = structure(list(
        c("-2", "-1", "0", "1", NA), c("-", "A", "G", "T", NA
        )), .Names = c("", "")), class = "table"), N = 3437L), 
    Tag.Distribution = structure(c(`1` = 69L, `2` = 24L, `3` = 21L, 
    `4` = 15L, `5` = 23L, `6` = 12L, `7` = 16L, `8` = 7L, `9` = 8L, 
    `10` = 13L, `11` = 9L, `12` = 7L, `13` = 9L, `14` = 7L, `15` = 3L, 
    `16` = 8L, `17` = 9L, `18` = 8L, `19` = 6L, `20` = 8L, `21` = 2L, 
    `22` = 5L, `24` = 3L, `25` = 2L, `27` = 3L, `29` = 4L, `30` = 1L, 
    `31` = 1L, `32` = 2L, `34` = 3L, `36` = 4L, `38` = 2L, `39` = 1L, 
    `40` = 1L, `41` = 1L, `45` = 1L, `46` = 1L, `47` = 2L, `48` = 1L, 
    `49` = 1L, `57` = 1L, `61` = 1L), .Dim = 42L, .Dimnames = list(
        TagUsage = c("1", "2", "3", "4", "5", "6", "7", "8", 
        "9", "10", "11", "12", "13", "14", "15", "16", "17", 
        "18", "19", "20", "21", "22", "24", "25", "27", "29", 
        "30", "31", "32", "34", "36", "38", "39", "40", "41", 
        "45", "46", "47", "48", "49", "57", "61")), class = "table"), 
    No.Tag = structure(c(0L, 0L, 0L, 0L, 0L, 0L, 0L, 0L, 0L, 
    0L, 0L, 0L, 25L, 0L, 0L, 0L, 1L, 33L, 0L, 0L, 0L, 0L, 1L, 
    0L, 0L), .Dim = c(5L, 5L), .Dimnames = structure(list(c("-2", 
    "-1", "0", "1", NA), c("-", "A", "G", "T", NA)), .Names = c("", 
    "")), class = "table"), All.Tags = list(Concordant = list(
        Freqs = structure(c(0, 0, 0, 0, 0, 0, 0, 0, 0, 0, 154, 
        0, 0, 0, 139, 0), .Dim = c(4L, 4L), .Dimnames = list(
            c("-2", "-1", "0", "1"), c("-", "A", "G", "T"))), 
        N = 293), Majority = list(Freqs = structure(c(0, 0, 0, 
    0, 0, 0, 0, 0, 0, 0, 165, 0, 0, 0, 156, 0), .Dim = c(4L, 
    4L), .Dimnames = list(c("-2", "-1", "0", "1"), c("-", "A", 
    "G", "T"))), N = 321)), `2` = structure(c(0, 0, 0, 0, 0, 
    0, 0, 0, 0, 0, 127, 0, 0, 0, 128, 0), .Dim = c(4L, 4L), .Dimnames = list(
        c("-2", "-1", "0", "1"), c("-", "A", "G", "T"))))))
