Results <-
list(`bwa.out//20220204//BlindCMMRD121_S47.sam` = list(GM11_SNP1 = list(
    All = list(Freqs = structure(c(10L, 2348L, 5L, 2L, 24L, 2572L, 
    13L, 9L, 0L, 1L, 0L, 0L, 1L, 16L, 0L, 0L), .Dim = c(4L, 4L
    ), .Dimnames = structure(list(c("-1", "0", "1", NA), c("A", 
    "G", "T", NA)), .Names = c("", "")), class = "table"), N = 5001L), 
    Tag.Distribution = structure(c(`1` = 216L, `2` = 177L, `3` = 167L, 
    `4` = 136L, `5` = 109L, `6` = 77L, `7` = 60L, `8` = 38L, 
    `9` = 39L, `10` = 29L, `11` = 20L, `12` = 11L, `13` = 8L, 
    `14` = 6L, `15` = 8L, `16` = 3L, `17` = 3L, `18` = 3L, `20` = 4L, 
    `21` = 1L, `23` = 2L, `24` = 1L), .Dim = 22L, .Dimnames = list(
        TagUsage = c("1", "2", "3", "4", "5", "6", "7", "8", 
        "9", "10", "11", "12", "13", "14", "15", "16", "17", 
        "18", "20", "21", "23", "24")), class = "table"), No.Tag = structure(c(0L, 
    13L, 0L, 0L, 0L, 14L, 0L, 1L, 0L, 0L, 0L, 0L, 0L, 2L, 0L, 
    0L), .Dim = c(4L, 4L), .Dimnames = structure(list(c("-1", 
    "0", "1", NA), c("A", "G", "T", NA)), .Names = c("", "")), class = "table"), 
    All.Tags = list(Concordant = list(Freqs = structure(c(2, 
    457, 1, 1, 467, 1, 0, 0, 0), .Dim = c(3L, 3L), .Dimnames = list(
        c("-1", "0", "1"), c("A", "G", "T"))), N = 929), Majority = list(
        Freqs = structure(c(2, 532, 1, 2, 556, 1, 0, 0, 0), .Dim = c(3L, 
        3L), .Dimnames = list(c("-1", "0", "1"), c("A", "G", 
        "T"))), N = 1094)), `2` = structure(c(0, 427, 0, 2, 450, 
    1, 0, 0, 0), .Dim = c(3L, 3L), .Dimnames = list(c("-1", "0", 
    "1"), c("A", "G", "T"))))))
