Results <-
list(`bwa.out//20220204//BlindCMMRD48_S8.sam` = list(LR52_SNP1 = list(
    All = list(Freqs = structure(c(3L, 20L, 313L, 2447L, 17L, 
    44L, 0L, 0L, 1L, 5L, 0L, 0L, 0L, 0L, 18L, 889L, 5L, 0L), .Dim = c(6L, 
    3L), .Dimnames = structure(list(c("-3", "-2", "-1", "0", 
    "1", NA), c("C", "T", NA)), .Names = c("", "")), class = "table"), 
        N = 3762L), Tag.Distribution = structure(c(`1` = 56L, 
    `2` = 11L, `3` = 14L, `4` = 10L, `5` = 11L, `6` = 8L, `7` = 12L, 
    `8` = 8L, `9` = 8L, `10` = 14L, `11` = 7L, `12` = 7L, `13` = 7L, 
    `14` = 5L, `15` = 5L, `16` = 4L, `17` = 2L, `18` = 6L, `19` = 4L, 
    `20` = 1L, `21` = 3L, `22` = 6L, `23` = 2L, `24` = 1L, `25` = 5L, 
    `26` = 1L, `27` = 4L, `28` = 3L, `29` = 2L, `30` = 3L, `31` = 1L, 
    `32` = 1L, `33` = 6L, `34` = 3L, `35` = 2L, `36` = 5L, `37` = 3L, 
    `38` = 2L, `39` = 3L, `40` = 2L, `41` = 2L, `42` = 2L, `43` = 1L, 
    `44` = 2L, `45` = 2L, `48` = 1L, `51` = 1L, `55` = 1L, `59` = 1L, 
    `70` = 1L), .Dim = 50L, .Dimnames = list(TagUsage = c("1", 
    "2", "3", "4", "5", "6", "7", "8", "9", "10", "11", "12", 
    "13", "14", "15", "16", "17", "18", "19", "20", "21", "22", 
    "23", "24", "25", "26", "27", "28", "29", "30", "31", "32", 
    "33", "34", "35", "36", "37", "38", "39", "40", "41", "42", 
    "43", "44", "45", "48", "51", "55", "59", "70")), class = "table"), 
    No.Tag = structure(c(0L, 0L, 2L, 6L, 0L, 0L, 0L, 0L, 0L, 
    1L, 0L, 0L, 0L, 0L, 0L, 8L, 0L, 0L), .Dim = c(6L, 3L), .Dimnames = structure(list(
        c("-3", "-2", "-1", "0", "1", NA), c("C", "T", NA)), .Names = c("", 
    "")), class = "table"), All.Tags = list(Concordant = list(
        Freqs = structure(c(1, 1, 4, 100, 1, 0, 0, 1, 2, 0), .Dim = c(5L, 
        2L), .Dimnames = list(c("-3", "-2", "-1", "0", "1"), 
            c("C", "T"))), N = 110), Majority = list(Freqs = structure(c(1, 
    1, 7, 233, 1, 0, 0, 1, 2, 0), .Dim = c(5L, 2L), .Dimnames = list(
        c("-3", "-2", "-1", "0", "1"), c("C", "T"))), N = 246)), 
    `2` = structure(c(0, 0, 6, 207, 0, 0, 0, 0, 0, 0), .Dim = c(5L, 
    2L), .Dimnames = list(c("-3", "-2", "-1", "0", "1"), c("C", 
    "T"))))))
