Results <-
list(`bwa.out//20220204//BlindCMMRD77_S36.sam` = list(LR11_SNP1 = list(
    All = list(Freqs = structure(c(1L, 41L, 1881L, 16L, 1L, 1L, 
    27L, 1827L, 12L, 3L, 0L, 0L, 1L, 0L, 0L, 0L, 0L, 71L, 0L, 
    0L), .Dim = 5:4, .Dimnames = structure(list(c("-2", "-1", 
    "0", "1", NA), c("A", "C", "G", NA)), .Names = c("", "")), class = "table"), 
        N = 3882L), Tag.Distribution = structure(c(`1` = 124L, 
    `2` = 56L, `3` = 52L, `4` = 54L, `5` = 45L, `6` = 37L, `7` = 39L, 
    `8` = 27L, `9` = 24L, `10` = 31L, `11` = 14L, `12` = 16L, 
    `13` = 14L, `14` = 12L, `15` = 7L, `16` = 10L, `17` = 6L, 
    `18` = 8L, `19` = 7L, `20` = 2L, `21` = 2L, `22` = 3L, `23` = 1L, 
    `24` = 2L, `26` = 3L, `27` = 2L, `28` = 1L, `33` = 1L), .Dim = 28L, .Dimnames = list(
        TagUsage = c("1", "2", "3", "4", "5", "6", "7", "8", 
        "9", "10", "11", "12", "13", "14", "15", "16", "17", 
        "18", "19", "20", "21", "22", "23", "24", "26", "27", 
        "28", "33")), class = "table"), No.Tag = structure(c(0L, 
    0L, 15L, 0L, 0L, 0L, 0L, 42L, 0L, 0L, 0L, 0L, 0L, 0L, 0L, 
    0L, 0L, 3L, 0L, 0L), .Dim = 5:4, .Dimnames = structure(list(
        c("-2", "-1", "0", "1", NA), c("A", "C", "G", NA)), .Names = c("", 
    "")), class = "table"), All.Tags = list(Concordant = list(
        Freqs = structure(c(0, 4, 256, 1, 0, 0, 228, 0, 0, 0, 
        0, 0), .Dim = 4:3, .Dimnames = list(c("-2", "-1", "0", 
        "1"), c("A", "C", "G"))), N = 489), Majority = list(Freqs = structure(c(0, 
    4, 297, 2, 0, 0, 278, 0, 0, 0, 0, 0), .Dim = 4:3, .Dimnames = list(
        c("-2", "-1", "0", "1"), c("A", "C", "G"))), N = 581)), 
    `2` = structure(c(0, 0, 241, 2, 0, 0, 226, 0, 0, 0, 0, 0), .Dim = 4:3, .Dimnames = list(
        c("-2", "-1", "0", "1"), c("A", "C", "G"))))))
