Results <-
list(`bwa.out//20220204//BlindCMMRD45_S5.sam` = list(GM01_SNP1 = list(
    All = list(Freqs = structure(c(0L, 1L, 0L, 0L, 100L, 7483L, 
    27L, 6L, 0L, 9L, 0L, 0L, 0L, 1L, 0L, 0L, 0L, 86L, 1L, 0L), .Dim = 4:5, .Dimnames = structure(list(
        c("-1", "0", "1", NA), c("-", "A", "G", "T", NA)), .Names = c("", 
    "")), class = "table"), N = 7714L), Tag.Distribution = structure(c(`1` = 108L, 
    `2` = 30L, `3` = 26L, `4` = 19L, `5` = 20L, `6` = 18L, `7` = 22L, 
    `8` = 18L, `9` = 18L, `10` = 16L, `11` = 10L, `12` = 10L, 
    `13` = 10L, `14` = 6L, `15` = 14L, `16` = 19L, `17` = 7L, 
    `18` = 7L, `19` = 15L, `20` = 13L, `21` = 10L, `22` = 7L, 
    `23` = 4L, `24` = 4L, `25` = 12L, `26` = 2L, `27` = 6L, `28` = 5L, 
    `29` = 6L, `30` = 4L, `31` = 5L, `32` = 6L, `33` = 5L, `34` = 9L, 
    `35` = 3L, `36` = 3L, `37` = 4L, `38` = 4L, `39` = 5L, `40` = 3L, 
    `41` = 5L, `42` = 2L, `43` = 2L, `44` = 1L, `45` = 1L, `47` = 3L, 
    `48` = 1L, `49` = 1L, `50` = 2L, `51` = 1L, `55` = 1L, `59` = 1L, 
    `63` = 1L, `65` = 1L, `73` = 1L, `74` = 1L, `85` = 1L, `86` = 1L
    ), .Dim = 58L, .Dimnames = list(TagUsage = c("1", "2", "3", 
    "4", "5", "6", "7", "8", "9", "10", "11", "12", "13", "14", 
    "15", "16", "17", "18", "19", "20", "21", "22", "23", "24", 
    "25", "26", "27", "28", "29", "30", "31", "32", "33", "34", 
    "35", "36", "37", "38", "39", "40", "41", "42", "43", "44", 
    "45", "47", "48", "49", "50", "51", "55", "59", "63", "65", 
    "73", "74", "85", "86")), class = "table"), No.Tag = structure(c(0L, 
    0L, 0L, 0L, 1L, 253L, 0L, 0L, 0L, 0L, 0L, 0L, 0L, 0L, 0L, 
    0L, 0L, 3L, 0L, 0L), .Dim = 4:5, .Dimnames = structure(list(
        c("-1", "0", "1", NA), c("-", "A", "G", "T", NA)), .Names = c("", 
    "")), class = "table"), All.Tags = list(Concordant = list(
        Freqs = structure(c(0, 0, 0, 0, 422, 1, 0, 6, 0, 0, 0, 
        0), .Dim = 3:4, .Dimnames = list(c("-1", "0", "1"), c("-", 
        "A", "G", "T"))), N = 429), Majority = list(Freqs = structure(c(0, 
    0, 0, 0, 522, 1, 0, 6, 0, 0, 0, 0), .Dim = 3:4, .Dimnames = list(
        c("-1", "0", "1"), c("-", "A", "G", "T"))), N = 529)), 
    `2` = structure(c(0, 0, 0, 0, 432, 0, 0, 0, 0, 0, 0, 0), .Dim = 3:4, .Dimnames = list(
        c("-1", "0", "1"), c("-", "A", "G", "T"))))))
