Results <-
list(`bwa.out//20220204//BlindCMMRD66_S25.sam` = list(GM01_SNP1 = list(
    All = list(Freqs = structure(c(80L, 5990L, 14L, 8L, 0L, 9L, 
    0L, 1L, 0L, 1L, 0L, 0L, 2L, 68L, 1L, 0L), .Dim = c(4L, 4L
    ), .Dimnames = structure(list(c("-1", "0", "1", NA), c("A", 
    "G", "T", NA)), .Names = c("", "")), class = "table"), N = 6174L), 
    Tag.Distribution = structure(c(`1` = 132L, `2` = 78L, `3` = 65L, 
    `4` = 62L, `5` = 47L, `6` = 52L, `7` = 46L, `8` = 32L, `9` = 42L, 
    `10` = 20L, `11` = 29L, `12` = 26L, `13` = 16L, `14` = 23L, 
    `15` = 12L, `16` = 21L, `17` = 10L, `18` = 21L, `19` = 11L, 
    `20` = 7L, `21` = 6L, `22` = 10L, `23` = 4L, `24` = 2L, `25` = 4L, 
    `26` = 4L, `27` = 4L, `28` = 2L, `29` = 2L, `30` = 1L, `32` = 1L, 
    `35` = 1L, `37` = 2L), .Dim = 33L, .Dimnames = list(TagUsage = c("1", 
    "2", "3", "4", "5", "6", "7", "8", "9", "10", "11", "12", 
    "13", "14", "15", "16", "17", "18", "19", "20", "21", "22", 
    "23", "24", "25", "26", "27", "28", "29", "30", "32", "35", 
    "37")), class = "table"), No.Tag = structure(c(2L, 74L, 0L, 
    0L, 0L, 0L, 0L, 1L, 0L, 0L, 0L, 0L, 0L, 6L, 0L, 0L), .Dim = c(4L, 
    4L), .Dimnames = structure(list(c("-1", "0", "1", NA), c("A", 
    "G", "T", NA)), .Names = c("", "")), class = "table"), All.Tags = list(
        Concordant = list(Freqs = structure(c(2, 695, 1, 0, 5, 
        0, 0, 1, 0), .Dim = c(3L, 3L), .Dimnames = list(c("-1", 
        "0", "1"), c("A", "G", "T"))), N = 704), Majority = list(
            Freqs = structure(c(2, 778, 1, 0, 5, 0, 0, 1, 0), .Dim = c(3L, 
            3L), .Dimnames = list(c("-1", "0", "1"), c("A", "G", 
            "T"))), N = 787)), `2` = structure(c(0, 660, 0, 0, 
    0, 0, 0, 0, 0), .Dim = c(3L, 3L), .Dimnames = list(c("-1", 
    "0", "1"), c("A", "G", "T"))))))
