Results <-
list(`bwa.out//20220204//BlindCMMRD82_S41.sam` = list(GM26_SNP1 = list(
    All = list(Freqs = structure(c(1L, 16L, 2060L, 9L, 2L, 0L, 
    21L, 1994L, 5L, 1L, 0L, 0L, 32L, 0L, 0L), .Dim = c(5L, 3L
    ), .Dimnames = structure(list(c("-2", "-1", "0", "1", NA), 
        c("A", "G", NA)), .Names = c("", "")), class = "table"), 
        N = 4141L), Tag.Distribution = structure(c(`1` = 115L, 
    `2` = 57L, `3` = 65L, `4` = 50L, `5` = 49L, `6` = 31L, `7` = 33L, 
    `8` = 28L, `9` = 23L, `10` = 30L, `11` = 23L, `12` = 24L, 
    `13` = 11L, `14` = 18L, `15` = 11L, `16` = 10L, `17` = 4L, 
    `18` = 6L, `19` = 7L, `20` = 4L, `21` = 3L, `22` = 2L, `23` = 1L, 
    `24` = 4L, `25` = 1L, `26` = 1L, `27` = 1L, `32` = 1L, `41` = 1L
    ), .Dim = 29L, .Dimnames = list(TagUsage = c("1", "2", "3", 
    "4", "5", "6", "7", "8", "9", "10", "11", "12", "13", "14", 
    "15", "16", "17", "18", "19", "20", "21", "22", "23", "24", 
    "25", "26", "27", "32", "41")), class = "table"), No.Tag = structure(c(0L, 
    0L, 58L, 0L, 0L, 0L, 1L, 37L, 0L, 0L, 0L, 0L, 1L, 0L, 0L), .Dim = c(5L, 
    3L), .Dimnames = structure(list(c("-2", "-1", "0", "1", NA
    ), c("A", "G", NA)), .Names = c("", "")), class = "table"), 
    All.Tags = list(Concordant = list(Freqs = structure(c(0, 
    1, 255, 0, 0, 3, 289, 0), .Dim = c(4L, 2L), .Dimnames = list(
        c("-2", "-1", "0", "1"), c("A", "G"))), N = 548), Majority = list(
        Freqs = structure(c(0, 1, 282, 0, 0, 3, 320, 0), .Dim = c(4L, 
        2L), .Dimnames = list(c("-2", "-1", "0", "1"), c("A", 
        "G"))), N = 606)), `2` = structure(c(0, 1, 229, 0, 0, 
    1, 264, 0), .Dim = c(4L, 2L), .Dimnames = list(c("-2", "-1", 
    "0", "1"), c("A", "G"))))))
