Results <-
list(`bwa.out//20220204//BlindCMMRD74_S33.sam` = list(LR52_SNP1 = list(
    All = list(Freqs = structure(c(1L, 15L, 180L, 1426L, 10L, 
    21L, 2L, 7L, 168L, 1446L, 19L, 13L, 0L, 0L, 13L, 565L, 0L, 
    0L), .Dim = c(6L, 3L), .Dimnames = structure(list(c("-3", 
    "-2", "-1", "0", "1", NA), c("C", "T", NA)), .Names = c("", 
    "")), class = "table"), N = 3886L), Tag.Distribution = structure(c(`1` = 82L, 
    `2` = 37L, `3` = 44L, `4` = 31L, `5` = 21L, `6` = 20L, `7` = 25L, 
    `8` = 24L, `9` = 23L, `10` = 20L, `11` = 15L, `12` = 15L, 
    `13` = 11L, `14` = 15L, `15` = 11L, `16` = 9L, `17` = 5L, 
    `18` = 7L, `19` = 6L, `20` = 8L, `21` = 7L, `22` = 7L, `23` = 3L, 
    `24` = 2L, `25` = 3L, `26` = 3L, `28` = 1L, `29` = 2L, `30` = 3L, 
    `31` = 1L, `33` = 2L, `39` = 1L, `45` = 1L), .Dim = 33L, .Dimnames = list(
        TagUsage = c("1", "2", "3", "4", "5", "6", "7", "8", 
        "9", "10", "11", "12", "13", "14", "15", "16", "17", 
        "18", "19", "20", "21", "22", "23", "24", "25", "26", 
        "28", "29", "30", "31", "33", "39", "45")), class = "table"), 
    No.Tag = structure(c(0L, 0L, 3L, 21L, 0L, 0L, 0L, 0L, 1L, 
    19L, 1L, 0L, 0L, 0L, 1L, 9L, 0L, 0L), .Dim = c(6L, 3L), .Dimnames = structure(list(
        c("-3", "-2", "-1", "0", "1", NA), c("C", "T", NA)), .Names = c("", 
    "")), class = "table"), All.Tags = list(Concordant = list(
        Freqs = structure(c(0, 1, 6, 116, 0, 0, 0, 4, 108, 1), .Dim = c(5L, 
        2L), .Dimnames = list(c("-3", "-2", "-1", "0", "1"), 
            c("C", "T"))), N = 236), Majority = list(Freqs = structure(c(0, 
    1, 9, 211, 0, 0, 0, 7, 202, 1), .Dim = c(5L, 2L), .Dimnames = list(
        c("-3", "-2", "-1", "0", "1"), c("C", "T"))), N = 431)), 
    `2` = structure(c(0, 1, 4, 188, 0, 0, 0, 3, 170, 0), .Dim = c(5L, 
    2L), .Dimnames = list(c("-3", "-2", "-1", "0", "1"), c("C", 
    "T"))))))
