Results <-
list(`bwa.out//20220204//BlindCMMRD81_S40.sam` = list(IM16_SNP1 = list(
    All = list(Freqs = structure(c(0L, 5L, 0L, 0L, 0L, 0L, 1L, 
    0L, 0L, 0L, 41L, 4505L, 58L, 1L, 4L, 0L, 43L, 4L, 0L, 0L), .Dim = 5:4, .Dimnames = structure(list(
        c("-1", "0", "1", "2", NA), c("A", "C", "G", NA)), .Names = c("", 
    "")), class = "table"), N = 4662L), Tag.Distribution = structure(c(`1` = 116L, 
    `2` = 46L, `3` = 43L, `4` = 47L, `5` = 42L, `6` = 27L, `7` = 28L, 
    `8` = 20L, `9` = 25L, `10` = 22L, `11` = 27L, `12` = 15L, 
    `13` = 18L, `14` = 18L, `15` = 13L, `16` = 10L, `17` = 7L, 
    `18` = 7L, `19` = 12L, `20` = 4L, `21` = 7L, `22` = 9L, `23` = 5L, 
    `24` = 4L, `25` = 4L, `26` = 1L, `28` = 2L, `29` = 2L, `30` = 2L, 
    `31` = 2L, `39` = 1L, `43` = 1L), .Dim = 32L, .Dimnames = list(
        TagUsage = c("1", "2", "3", "4", "5", "6", "7", "8", 
        "9", "10", "11", "12", "13", "14", "15", "16", "17", 
        "18", "19", "20", "21", "22", "23", "24", "25", "26", 
        "28", "29", "30", "31", "39", "43")), class = "table"), 
    No.Tag = structure(c(0L, 2L, 0L, 0L, 0L, 0L, 0L, 0L, 0L, 
    0L, 0L, 82L, 4L, 0L, 1L, 0L, 3L, 1L, 0L, 0L), .Dim = 5:4, .Dimnames = structure(list(
        c("-1", "0", "1", "2", NA), c("A", "C", "G", NA)), .Names = c("", 
    "")), class = "table"), All.Tags = list(Concordant = list(
        Freqs = structure(c(0, 3, 0, 0, 0, 0, 0, 0, 1, 502, 3, 
        0), .Dim = 4:3, .Dimnames = list(c("-1", "0", "1", "2"
        ), c("A", "C", "G"))), N = 509), Majority = list(Freqs = structure(c(0, 
    3, 0, 0, 0, 0, 0, 0, 1, 572, 3, 0), .Dim = 4:3, .Dimnames = list(
        c("-1", "0", "1", "2"), c("A", "C", "G"))), N = 579)), 
    `2` = structure(c(0, 0, 0, 0, 0, 0, 0, 0, 1, 467, 0, 0), .Dim = 4:3, .Dimnames = list(
        c("-1", "0", "1", "2"), c("A", "C", "G"))))))
