Results <-
list(`bwa.out//20220204//BlindCMMRD132_S58.sam` = list(GM22_SNP1 = list(
    All = list(Freqs = structure(c(2L, 108L, 4855L, 15L, 1L, 
    12L, 0L, 0L, 4L, 0L, 0L, 0L, 0L, 1L, 32L, 0L, 0L, 0L), .Dim = c(6L, 
    3L), .Dimnames = structure(list(c("-2", "-1", "0", "1", "2", 
    NA), c("A", "G", NA)), .Names = c("", "")), class = "table"), 
        N = 5030L), Tag.Distribution = structure(c(`1` = 268L, 
    `2` = 202L, `3` = 176L, `4` = 154L, `5` = 112L, `6` = 98L, 
    `7` = 68L, `8` = 43L, `9` = 28L, `10` = 22L, `11` = 13L, 
    `12` = 11L, `13` = 7L, `14` = 8L, `15` = 1L, `16` = 1L, `17` = 2L, 
    `18` = 3L, `20` = 1L, `27` = 1L), .Dim = 20L, .Dimnames = list(
        TagUsage = c("1", "2", "3", "4", "5", "6", "7", "8", 
        "9", "10", "11", "12", "13", "14", "15", "16", "17", 
        "18", "20", "27")), class = "table"), No.Tag = structure(c(0L, 
    9L, 113L, 1L, 0L, 0L, 0L, 0L, 0L, 0L, 0L, 0L, 0L, 0L, 7L, 
    0L, 0L, 0L), .Dim = c(6L, 3L), .Dimnames = structure(list(
        c("-2", "-1", "0", "1", "2", NA), c("A", "G", NA)), .Names = c("", 
    "")), class = "table"), All.Tags = list(Concordant = list(
        Freqs = structure(c(0, 10, 1126, 1, 0, 0, 0, 0, 0, 0), .Dim = c(5L, 
        2L), .Dimnames = list(c("-2", "-1", "0", "1", "2"), c("A", 
        "G"))), N = 1137), Majority = list(Freqs = structure(c(0, 
    11, 1195, 1, 0, 0, 0, 0, 0, 0), .Dim = c(5L, 2L), .Dimnames = list(
        c("-2", "-1", "0", "1", "2"), c("A", "G"))), N = 1207)), 
    `2` = structure(c(0, 6, 937, 0, 0, 0, 0, 0, 0, 0), .Dim = c(5L, 
    2L), .Dimnames = list(c("-2", "-1", "0", "1", "2"), c("A", 
    "G"))))))
