Results <-
list(`bwa.out//20220204//Control13_S6.sam` = list(GM09_SNP1 = list(
    All = list(Freqs = structure(c(7L, 1233L, 0L, 1L, 11L, 1351L, 
    1L, 1L, 0L, 4L, 0L, 0L), .Dim = 4:3, .Dimnames = structure(list(
        c("-1", "0", "1", NA), c("A", "G", NA)), .Names = c("", 
    "")), class = "table"), N = 2609L), Tag.Distribution = structure(c(`1` = 113L, 
    `2` = 75L, `3` = 43L, `4` = 46L, `5` = 36L, `6` = 30L, `7` = 15L, 
    `8` = 23L, `9` = 13L, `10` = 12L, `11` = 11L, `12` = 13L, 
    `13` = 9L, `14` = 6L, `15` = 7L, `16` = 3L, `17` = 3L, `19` = 2L, 
    `20` = 4L, `21` = 2L, `22` = 5L, `23` = 3L, `26` = 1L, `27` = 2L
    ), .Dim = 24L, .Dimnames = list(TagUsage = c("1", "2", "3", 
    "4", "5", "6", "7", "8", "9", "10", "11", "12", "13", "14", 
    "15", "16", "17", "19", "20", "21", "22", "23", "26", "27"
    )), class = "table"), No.Tag = structure(c(0L, 23L, 0L, 0L, 
    0L, 23L, 0L, 0L, 0L, 0L, 0L, 0L), .Dim = 4:3, .Dimnames = structure(list(
        c("-1", "0", "1", NA), c("A", "G", NA)), .Names = c("", 
    "")), class = "table"), All.Tags = list(Concordant = list(
        Freqs = structure(c(0, 218, 0, 1, 218, 0), .Dim = 3:2, .Dimnames = list(
            c("-1", "0", "1"), c("A", "G"))), N = 437), Majority = list(
        Freqs = structure(c(0, 233, 0, 1, 237, 0), .Dim = 3:2, .Dimnames = list(
            c("-1", "0", "1"), c("A", "G"))), N = 471)), `2` = structure(c(0, 
    181, 0, 0, 178, 0), .Dim = 3:2, .Dimnames = list(c("-1", 
    "0", "1"), c("A", "G"))))))
