Results <-
list(`bwa.out//20220204//BlindCMMRD64_S23.sam` = list(IM16_SNP1 = list(
    All = list(Freqs = structure(c(1L, 22L, 2849L, 55L, 3L, 1L, 
    0L, 22L, 3048L, 36L, 1L, 6L, 0L, 0L, 1L, 0L, 0L, 0L, 0L, 
    0L, 52L, 7L, 1L, 0L), .Dim = c(6L, 4L), .Dimnames = structure(list(
        c("-2", "-1", "0", "1", "2", NA), c("A", "G", "T", NA
        )), .Names = c("", "")), class = "table"), N = 6105L), 
    Tag.Distribution = structure(c(`1` = 149L, `2` = 76L, `3` = 77L, 
    `4` = 54L, `5` = 41L, `6` = 41L, `7` = 33L, `8` = 32L, `9` = 26L, 
    `10` = 33L, `11` = 20L, `12` = 17L, `13` = 16L, `14` = 15L, 
    `15` = 17L, `16` = 16L, `17` = 11L, `18` = 13L, `19` = 5L, 
    `20` = 7L, `21` = 7L, `22` = 3L, `23` = 10L, `24` = 3L, `25` = 7L, 
    `26` = 2L, `27` = 2L, `28` = 7L, `29` = 4L, `30` = 2L, `31` = 2L, 
    `32` = 1L, `34` = 2L, `35` = 2L, `36` = 1L, `37` = 1L, `38` = 1L, 
    `39` = 1L, `48` = 2L, `58` = 1L), .Dim = 40L, .Dimnames = list(
        TagUsage = c("1", "2", "3", "4", "5", "6", "7", "8", 
        "9", "10", "11", "12", "13", "14", "15", "16", "17", 
        "18", "19", "20", "21", "22", "23", "24", "25", "26", 
        "27", "28", "29", "30", "31", "32", "34", "35", "36", 
        "37", "38", "39", "48", "58")), class = "table"), No.Tag = structure(c(0L, 
    0L, 51L, 2L, 1L, 0L, 0L, 1L, 70L, 4L, 0L, 1L, 0L, 0L, 0L, 
    0L, 0L, 0L, 0L, 0L, 9L, 3L, 0L, 0L), .Dim = c(6L, 4L), .Dimnames = structure(list(
        c("-2", "-1", "0", "1", "2", NA), c("A", "G", "T", NA
        )), .Names = c("", "")), class = "table"), All.Tags = list(
        Concordant = list(Freqs = structure(c(0, 0, 304, 0, 0, 
        0, 0, 318, 2, 0, 0, 0, 0, 0, 0), .Dim = c(5L, 3L), .Dimnames = list(
            c("-2", "-1", "0", "1", "2"), c("A", "G", "T"))), 
            N = 624), Majority = list(Freqs = structure(c(0, 
        0, 370, 2, 0, 0, 1, 369, 2, 0, 0, 0, 0, 0, 0), .Dim = c(5L, 
        3L), .Dimnames = list(c("-2", "-1", "0", "1", "2"), c("A", 
        "G", "T"))), N = 744)), `2` = structure(c(0, 0, 299, 
    2, 0, 0, 1, 295, 1, 0, 0, 0, 0, 0, 0), .Dim = c(5L, 3L), .Dimnames = list(
        c("-2", "-1", "0", "1", "2"), c("A", "G", "T"))))))
