Results <-
list(`bwa.out//20220204//Control20_S13.sam` = list(DEPDC2_SNP1 = list(
    All = list(Freqs = structure(c(0L, 1L, 0L, 0L, 7L, 1551L, 
    6L, 1L, 0L, 1L, 0L, 0L, 4L, 1656L, 12L, 5L, 1L, 53L, 0L, 
    0L), .Dim = 4:5, .Dimnames = structure(list(c("-1", "0", 
    "1", NA), c("A", "C", "G", "T", NA)), .Names = c("", "")), class = "table"), 
        N = 3298L), Tag.Distribution = structure(c(`1` = 159L, 
    `2` = 70L, `3` = 62L, `4` = 60L, `5` = 32L, `6` = 48L, `7` = 23L, 
    `8` = 24L, `9` = 20L, `10` = 7L, `11` = 11L, `12` = 11L, 
    `13` = 8L, `14` = 4L, `15` = 6L, `16` = 3L, `17` = 12L, `18` = 6L, 
    `19` = 6L, `20` = 3L, `22` = 5L, `23` = 4L, `24` = 3L, `26` = 2L, 
    `27` = 1L), .Dim = 25L, .Dimnames = list(TagUsage = c("1", 
    "2", "3", "4", "5", "6", "7", "8", "9", "10", "11", "12", 
    "13", "14", "15", "16", "17", "18", "19", "20", "22", "23", 
    "24", "26", "27")), class = "table"), No.Tag = structure(c(0L, 
    0L, 0L, 0L, 1L, 64L, 0L, 0L, 0L, 0L, 0L, 0L, 0L, 60L, 1L, 
    3L, 0L, 3L, 0L, 0L), .Dim = 4:5, .Dimnames = structure(list(
        c("-1", "0", "1", NA), c("A", "C", "G", "T", NA)), .Names = c("", 
    "")), class = "table"), All.Tags = list(Concordant = list(
        Freqs = structure(c(0, 1, 0, 0, 265, 0, 0, 0, 0, 1, 252, 
        0), .Dim = 3:4, .Dimnames = list(c("-1", "0", "1"), c("A", 
        "C", "G", "T"))), N = 519), Majority = list(Freqs = structure(c(0, 
    1, 0, 0, 293, 0, 0, 0, 0, 1, 273, 0), .Dim = 3:4, .Dimnames = list(
        c("-1", "0", "1"), c("A", "C", "G", "T"))), N = 568)), 
    `2` = structure(c(0, 0, 0, 0, 218, 0, 0, 0, 0, 0, 202, 0), .Dim = 3:4, .Dimnames = list(
        c("-1", "0", "1"), c("A", "C", "G", "T"))))))
