Results <-
list(`bwa.out//20220204//MLPA80_S12.sam` = list(GM29_SNP1 = list(
    All = list(Freqs = structure(c(55L, 3542L, 9L, 7L, 0L, 1L, 
    0L, 0L, 0L, 1L, 0L, 0L, 0L, 14L, 0L, 0L), .Dim = c(4L, 4L
    ), .Dimnames = structure(list(c("-1", "0", "1", NA), c("A", 
    "G", "T", NA)), .Names = c("", "")), class = "table"), N = 3629L), 
    Tag.Distribution = structure(c(`1` = 118L, `2` = 66L, `3` = 54L, 
    `4` = 47L, `5` = 37L, `6` = 35L, `7` = 28L, `8` = 21L, `9` = 17L, 
    `10` = 13L, `11` = 15L, `12` = 18L, `13` = 8L, `14` = 8L, 
    `15` = 8L, `16` = 6L, `17` = 5L, `18` = 5L, `19` = 5L, `20` = 6L, 
    `21` = 3L, `22` = 8L, `23` = 3L, `24` = 2L, `25` = 2L, `27` = 3L, 
    `29` = 2L, `30` = 2L, `32` = 1L, `38` = 1L), .Dim = 30L, .Dimnames = list(
        TagUsage = c("1", "2", "3", "4", "5", "6", "7", "8", 
        "9", "10", "11", "12", "13", "14", "15", "16", "17", 
        "18", "19", "20", "21", "22", "23", "24", "25", "27", 
        "29", "30", "32", "38")), class = "table"), No.Tag = structure(c(0L, 
    105L, 0L, 1L, 0L, 0L, 0L, 0L, 0L, 0L, 0L, 0L, 0L, 3L, 0L, 
    0L), .Dim = c(4L, 4L), .Dimnames = structure(list(c("-1", 
    "0", "1", NA), c("A", "G", "T", NA)), .Names = c("", "")), class = "table"), 
    All.Tags = list(Concordant = list(Freqs = structure(c(0, 
    491, 0, 0, 0, 0, 0, 0, 0), .Dim = c(3L, 3L), .Dimnames = list(
        c("-1", "0", "1"), c("A", "G", "T"))), N = 491), Majority = list(
        Freqs = structure(c(0, 540, 0, 0, 0, 0, 0, 0, 0), .Dim = c(3L, 
        3L), .Dimnames = list(c("-1", "0", "1"), c("A", "G", 
        "T"))), N = 540)), `2` = structure(c(0, 425, 0, 0, 0, 
    0, 0, 0, 0), .Dim = c(3L, 3L), .Dimnames = list(c("-1", "0", 
    "1"), c("A", "G", "T"))))))
