Results <-
list(`bwa.out//20220204//BlindCMMRD86_S45.sam` = list(LR11_SNP1 = list(
    All = list(Freqs = structure(c(0L, 0L, 5L, 0L, 0L, 0L, 1L, 
    66L, 3689L, 28L, 1L, 11L, 0L, 0L, 2L, 0L, 0L, 0L, 0L, 2L, 
    108L, 1L, 0L, 0L), .Dim = c(6L, 4L), .Dimnames = structure(list(
        c("-2", "-1", "0", "1", "2", NA), c("A", "C", "T", NA
        )), .Names = c("", "")), class = "table"), N = 3914L), 
    Tag.Distribution = structure(c(`1` = 125L, `2` = 77L, `3` = 69L, 
    `4` = 60L, `5` = 48L, `6` = 66L, `7` = 38L, `8` = 38L, `9` = 29L, 
    `10` = 25L, `11` = 23L, `12` = 17L, `13` = 18L, `14` = 15L, 
    `15` = 5L, `16` = 5L, `17` = 4L, `18` = 2L, `19` = 3L, `20` = 2L, 
    `21` = 1L, `22` = 1L, `23` = 2L, `28` = 1L, `29` = 1L), .Dim = 25L, .Dimnames = list(
        TagUsage = c("1", "2", "3", "4", "5", "6", "7", "8", 
        "9", "10", "11", "12", "13", "14", "15", "16", "17", 
        "18", "19", "20", "21", "22", "23", "28", "29")), class = "table"), 
    No.Tag = structure(c(0L, 0L, 0L, 0L, 0L, 0L, 0L, 0L, 65L, 
    0L, 0L, 2L, 0L, 0L, 0L, 0L, 0L, 0L, 0L, 0L, 1L, 0L, 0L, 0L
    ), .Dim = c(6L, 4L), .Dimnames = structure(list(c("-2", "-1", 
    "0", "1", "2", NA), c("A", "C", "T", NA)), .Names = c("", 
    "")), class = "table"), All.Tags = list(Concordant = list(
        Freqs = structure(c(0, 0, 3, 0, 0, 0, 2, 586, 1, 0, 0, 
        0, 0, 0, 0), .Dim = c(5L, 3L), .Dimnames = list(c("-2", 
        "-1", "0", "1", "2"), c("A", "C", "T"))), N = 592), Majority = list(
        Freqs = structure(c(0, 0, 3, 0, 0, 0, 4, 656, 1, 0, 0, 
        0, 0, 0, 0), .Dim = c(5L, 3L), .Dimnames = list(c("-2", 
        "-1", "0", "1", "2"), c("A", "C", "T"))), N = 664)), 
    `2` = structure(c(0, 0, 0, 0, 0, 0, 3, 541, 0, 0, 0, 0, 0, 
    0, 0), .Dim = c(5L, 3L), .Dimnames = list(c("-2", "-1", "0", 
    "1", "2"), c("A", "C", "T"))))))
