Results <-
list(`bwa.out//20220204//BlindCMMRD42_S2.sam` = list(LR40_SNP1 = list(
    All = list(Freqs = structure(c(0L, 0L, 2L, 0L, 0L, 1L, 56L, 
    6160L, 16L, 7L, 0L, 1L, 1L, 0L, 0L, 0L, 0L, 21L, 0L, 0L), .Dim = 5:4, .Dimnames = structure(list(
        c("-2", "-1", "0", "1", NA), c("A", "C", "T", NA)), .Names = c("", 
    "")), class = "table"), N = 6265L), Tag.Distribution = structure(c(`1` = 71L, 
    `2` = 16L, `3` = 15L, `4` = 17L, `5` = 12L, `6` = 17L, `7` = 12L, 
    `8` = 17L, `9` = 19L, `10` = 10L, `11` = 14L, `12` = 10L, 
    `13` = 17L, `14` = 13L, `15` = 22L, `16` = 4L, `17` = 7L, 
    `18` = 3L, `19` = 6L, `20` = 11L, `21` = 8L, `22` = 3L, `23` = 5L, 
    `24` = 6L, `25` = 2L, `26` = 2L, `27` = 4L, `28` = 4L, `29` = 5L, 
    `30` = 4L, `31` = 3L, `32` = 5L, `33` = 3L, `34` = 4L, `35` = 1L, 
    `36` = 1L, `37` = 2L, `38` = 3L, `39` = 5L, `40` = 2L, `41` = 2L, 
    `42` = 1L, `43` = 3L, `44` = 1L, `46` = 1L, `47` = 1L, `48` = 2L, 
    `50` = 1L, `51` = 1L, `52` = 2L, `54` = 1L, `55` = 1L, `56` = 2L, 
    `59` = 1L, `61` = 1L, `64` = 1L, `67` = 1L, `69` = 1L, `73` = 1L, 
    `74` = 1L, `75` = 1L, `79` = 1L), .Dim = 62L, .Dimnames = list(
        TagUsage = c("1", "2", "3", "4", "5", "6", "7", "8", 
        "9", "10", "11", "12", "13", "14", "15", "16", "17", 
        "18", "19", "20", "21", "22", "23", "24", "25", "26", 
        "27", "28", "29", "30", "31", "32", "33", "34", "35", 
        "36", "37", "38", "39", "40", "41", "42", "43", "44", 
        "46", "47", "48", "50", "51", "52", "54", "55", "56", 
        "59", "61", "64", "67", "69", "73", "74", "75", "79")), class = "table"), 
    No.Tag = structure(c(0L, 0L, 0L, 0L, 0L, 0L, 1L, 180L, 0L, 
    0L, 0L, 0L, 0L, 0L, 0L, 0L, 0L, 2L, 0L, 0L), .Dim = 5:4, .Dimnames = structure(list(
        c("-2", "-1", "0", "1", NA), c("A", "C", "T", NA)), .Names = c("", 
    "")), class = "table"), All.Tags = list(Concordant = list(
        Freqs = structure(c(0, 0, 1, 0, 0, 2, 348, 0, 0, 0, 0, 
        0), .Dim = 4:3, .Dimnames = list(c("-2", "-1", "0", "1"
        ), c("A", "C", "T"))), N = 351), Majority = list(Freqs = structure(c(0, 
    0, 1, 0, 0, 2, 407, 0, 0, 0, 0, 0), .Dim = 4:3, .Dimnames = list(
        c("-2", "-1", "0", "1"), c("A", "C", "T"))), N = 410)), 
    `2` = structure(c(0, 0, 0, 0, 0, 0, 342, 0, 0, 0, 0, 0), .Dim = 4:3, .Dimnames = list(
        c("-2", "-1", "0", "1"), c("A", "C", "T"))))))
