Results <-
list(`bwa.out//20220204//BlindCMMRD47_S7.sam` = list(GM07_SNP1 = list(
    All = list(Freqs = structure(c(0L, 1L, 8L, 0L, 0L, 0L, 1L, 
    139L, 2852L, 76L, 1L, 40L, 0L, 5L, 49L, 2L, 0L, 0L), .Dim = c(6L, 
    3L), .Dimnames = structure(list(c("-2", "-1", "0", "1", "2", 
    NA), c("A", "G", NA)), .Names = c("", "")), class = "table"), 
        N = 3174L), Tag.Distribution = structure(c(`1` = 83L, 
    `2` = 17L, `3` = 16L, `4` = 16L, `5` = 7L, `6` = 15L, `7` = 13L, 
    `8` = 11L, `9` = 5L, `10` = 12L, `11` = 7L, `12` = 4L, `13` = 9L, 
    `14` = 9L, `15` = 9L, `16` = 8L, `17` = 5L, `18` = 7L, `19` = 7L, 
    `20` = 2L, `21` = 3L, `22` = 3L, `23` = 5L, `24` = 1L, `25` = 1L, 
    `26` = 3L, `27` = 2L, `29` = 4L, `30` = 1L, `31` = 2L, `33` = 2L, 
    `34` = 1L, `35` = 1L, `36` = 1L, `37` = 1L, `38` = 1L, `40` = 2L, 
    `41` = 3L, `42` = 1L, `43` = 1L, `44` = 1L, `50` = 1L, `55` = 1L
    ), .Dim = 43L, .Dimnames = list(TagUsage = c("1", "2", "3", 
    "4", "5", "6", "7", "8", "9", "10", "11", "12", "13", "14", 
    "15", "16", "17", "18", "19", "20", "21", "22", "23", "24", 
    "25", "26", "27", "29", "30", "31", "33", "34", "35", "36", 
    "37", "38", "40", "41", "42", "43", "44", "50", "55")), class = "table"), 
    No.Tag = structure(c(0L, 0L, 0L, 0L, 0L, 0L, 0L, 3L, 126L, 
    0L, 0L, 10L, 0L, 1L, 5L, 0L, 0L, 0L), .Dim = c(6L, 3L), .Dimnames = structure(list(
        c("-2", "-1", "0", "1", "2", NA), c("A", "G", NA)), .Names = c("", 
    "")), class = "table"), All.Tags = list(Concordant = list(
        Freqs = structure(c(0, 0, 7, 0, 0, 0, 3, 169, 4, 0), .Dim = c(5L, 
        2L), .Dimnames = list(c("-2", "-1", "0", "1", "2"), c("A", 
        "G"))), N = 183), Majority = list(Freqs = structure(c(0, 
    0, 7, 0, 0, 0, 4, 277, 4, 0), .Dim = c(5L, 2L), .Dimnames = list(
        c("-2", "-1", "0", "1", "2"), c("A", "G"))), N = 292)), 
    `2` = structure(c(0, 0, 0, 0, 0, 0, 1, 218, 0, 0), .Dim = c(5L, 
    2L), .Dimnames = list(c("-2", "-1", "0", "1", "2"), c("A", 
    "G"))))))
