Results <-
list(`bwa.out//20220204//BlindCMMRD99_S58.sam` = list(LR52_SNP1 = list(
    All = list(Freqs = structure(c(0L, 0L, 1L, 0L, 0L, 0L, 0L, 
    1L, 10L, 150L, 1467L, 8L, 0L, 20L, 0L, 17L, 215L, 1523L, 
    10L, 0L, 25L, 0L, 0L, 20L, 533L, 0L, 1L, 0L), .Dim = c(7L, 
    4L), .Dimnames = structure(list(c("-3", "-2", "-1", "0", 
    "1", "2", NA), c("A", "C", "T", NA)), .Names = c("", "")), class = "table"), 
        N = 4001L), Tag.Distribution = structure(c(`1` = 99L, 
    `2` = 48L, `3` = 45L, `4` = 46L, `5` = 29L, `6` = 31L, `7` = 26L, 
    `8` = 23L, `9` = 24L, `10` = 13L, `11` = 13L, `12` = 11L, 
    `13` = 6L, `14` = 9L, `15` = 8L, `16` = 9L, `17` = 6L, `18` = 8L, 
    `19` = 4L, `20` = 3L, `21` = 6L, `22` = 3L, `23` = 1L, `24` = 5L, 
    `25` = 6L, `26` = 2L, `27` = 3L, `28` = 1L, `29` = 2L, `30` = 3L, 
    `32` = 2L, `33` = 2L, `34` = 1L, `35` = 1L, `36` = 1L, `37` = 2L, 
    `39` = 1L, `42` = 1L, `44` = 1L, `45` = 1L), .Dim = 40L, .Dimnames = list(
        TagUsage = c("1", "2", "3", "4", "5", "6", "7", "8", 
        "9", "10", "11", "12", "13", "14", "15", "16", "17", 
        "18", "19", "20", "21", "22", "23", "24", "25", "26", 
        "27", "28", "29", "30", "32", "33", "34", "35", "36", 
        "37", "39", "42", "44", "45")), class = "table"), No.Tag = structure(c(0L, 
    0L, 0L, 0L, 0L, 0L, 0L, 0L, 0L, 2L, 13L, 0L, 0L, 0L, 0L, 
    0L, 1L, 19L, 0L, 0L, 0L, 0L, 0L, 1L, 10L, 0L, 0L, 0L), .Dim = c(7L, 
    4L), .Dimnames = structure(list(c("-3", "-2", "-1", "0", 
    "1", "2", NA), c("A", "C", "T", NA)), .Names = c("", "")), class = "table"), 
    All.Tags = list(Concordant = list(Freqs = structure(c(0, 
    0, 0, 0, 0, 0, 0, 0, 5, 137, 1, 0, 0, 0, 12, 146, 2, 0), .Dim = c(6L, 
    3L), .Dimnames = list(c("-3", "-2", "-1", "0", "1", "2"), 
        c("A", "C", "T"))), N = 303), Majority = list(Freqs = structure(c(0, 
    0, 0, 0, 0, 0, 0, 0, 8, 225, 1, 0, 0, 0, 18, 218, 2, 0), .Dim = c(6L, 
    3L), .Dimnames = list(c("-3", "-2", "-1", "0", "1", "2"), 
        c("A", "C", "T"))), N = 472)), `2` = structure(c(0, 0, 
    0, 0, 0, 0, 0, 0, 5, 200, 1, 0, 0, 0, 10, 174, 0, 0), .Dim = c(6L, 
    3L), .Dimnames = list(c("-3", "-2", "-1", "0", "1", "2"), 
        c("A", "C", "T"))))))
