Results <-
list(`bwa.out//20220204//17D0939_S6.sam` = list(LR24_SNP1 = list(
    All = list(Freqs = structure(c(0L, 1L, 0L, 0L, 0L, 16L, 4059L, 
    16L, 1L, 3L, 0L, 17L, 0L, 0L, 0L), .Dim = c(5L, 3L), .Dimnames = structure(list(
        c("-1", "0", "1", "2", NA), c("A", "G", NA)), .Names = c("", 
    "")), class = "table"), N = 4113L), Tag.Distribution = structure(c(`1` = 159L, 
    `2` = 80L, `3` = 73L, `4` = 62L, `5` = 34L, `6` = 39L, `7` = 34L, 
    `8` = 19L, `9` = 21L, `10` = 14L, `11` = 18L, `12` = 5L, 
    `13` = 13L, `14` = 11L, `15` = 5L, `16` = 10L, `17` = 5L, 
    `18` = 8L, `19` = 3L, `20` = 4L, `21` = 7L, `22` = 4L, `23` = 2L, 
    `24` = 5L, `26` = 3L, `28` = 2L, `29` = 2L, `30` = 1L, `31` = 1L, 
    `33` = 1L, `34` = 1L, `35` = 1L, `36` = 2L, `37` = 1L, `39` = 1L, 
    `50` = 1L), .Dim = 36L, .Dimnames = list(TagUsage = c("1", 
    "2", "3", "4", "5", "6", "7", "8", "9", "10", "11", "12", 
    "13", "14", "15", "16", "17", "18", "19", "20", "21", "22", 
    "23", "24", "26", "28", "29", "30", "31", "33", "34", "35", 
    "36", "37", "39", "50")), class = "table"), No.Tag = structure(c(0L, 
    0L, 0L, 0L, 0L, 0L, 68L, 0L, 0L, 0L, 0L, 0L, 0L, 0L, 0L), .Dim = c(5L, 
    3L), .Dimnames = structure(list(c("-1", "0", "1", "2", NA
    ), c("A", "G", NA)), .Names = c("", "")), class = "table"), 
    All.Tags = list(Concordant = list(Freqs = structure(c(0, 
    1, 0, 0, 2, 620, 0, 0), .Dim = c(4L, 2L), .Dimnames = list(
        c("-1", "0", "1", "2"), c("A", "G"))), N = 623), Majority = list(
        Freqs = structure(c(0, 1, 0, 0, 2, 644, 0, 0), .Dim = c(4L, 
        2L), .Dimnames = list(c("-1", "0", "1", "2"), c("A", 
        "G"))), N = 647)), `2` = structure(c(0, 0, 0, 0, 0, 490, 
    0, 0), .Dim = c(4L, 2L), .Dimnames = list(c("-1", "0", "1", 
    "2"), c("A", "G"))))))
