Results <-
list(`bwa.out//20220204//Control25_S18.sam` = list(IM49_SNP1 = list(
    All = list(Freqs = structure(c(3L, 42L, 1214L, 30L, 12L, 
    1L, 25L, 1061L, 38L, 9L, 0L, 2L, 107L, 0L, 0L), .Dim = c(5L, 
    3L), .Dimnames = structure(list(c("-2", "-1", "0", "1", NA
    ), c("C", "G", NA)), .Names = c("", "")), class = "table"), 
        N = 2544L), Tag.Distribution = structure(c(`1` = 178L, 
    `2` = 40L, `3` = 31L, `4` = 27L, `5` = 26L, `6` = 28L, `7` = 19L, 
    `8` = 24L, `9` = 9L, `10` = 6L, `11` = 13L, `12` = 8L, `13` = 13L, 
    `14` = 5L, `15` = 6L, `16` = 2L, `17` = 5L, `18` = 6L, `19` = 2L, 
    `20` = 1L, `21` = 2L, `22` = 2L, `24` = 2L, `27` = 3L, `29` = 2L, 
    `32` = 1L, `34` = 1L, `36` = 1L), .Dim = 28L, .Dimnames = list(
        TagUsage = c("1", "2", "3", "4", "5", "6", "7", "8", 
        "9", "10", "11", "12", "13", "14", "15", "16", "17", 
        "18", "19", "20", "21", "22", "24", "27", "29", "32", 
        "34", "36")), class = "table"), No.Tag = structure(c(0L, 
    0L, 70L, 2L, 0L, 0L, 0L, 15L, 0L, 1L, 0L, 0L, 7L, 0L, 0L), .Dim = c(5L, 
    3L), .Dimnames = structure(list(c("-2", "-1", "0", "1", NA
    ), c("C", "G", NA)), .Names = c("", "")), class = "table"), 
    All.Tags = list(Concordant = list(Freqs = structure(c(0, 
    1, 190, 3, 0, 2, 152, 4), .Dim = c(4L, 2L), .Dimnames = list(
        c("-2", "-1", "0", "1"), c("C", "G"))), N = 352), Majority = list(
        Freqs = structure(c(0, 3, 231, 3, 0, 2, 187, 4), .Dim = c(4L, 
        2L), .Dimnames = list(c("-2", "-1", "0", "1"), c("C", 
        "G"))), N = 430)), `2` = structure(c(0, 2, 145, 0, 0, 
    0, 131, 1), .Dim = c(4L, 2L), .Dimnames = list(c("-2", "-1", 
    "0", "1"), c("C", "G"))))))
