Results <-
list(`bwa.out//20220204//BlindCMMRD119_S45.sam` = list(LR52_SNP1 = list(
    All = list(Freqs = structure(c(0L, 0L, 0L, 1L, 0L, 0L, 0L, 
    0L, 0L, 0L, 1L, 0L, 0L, 0L, 0L, 38L, 454L, 3709L, 40L, 1L, 
    22L, 1L, 0L, 0L, 5L, 0L, 0L, 0L, 0L, 0L, 2L, 258L, 3L, 0L, 
    0L), .Dim = c(7L, 5L), .Dimnames = structure(list(c("-3", 
    "-2", "-1", "0", "1", "2", NA), c("-", "A", "C", "T", NA)), .Names = c("", 
    "")), class = "table"), N = 4535L), Tag.Distribution = structure(c(`1` = 174L, 
    `2` = 137L, `3` = 112L, `4` = 89L, `5` = 59L, `6` = 68L, 
    `7` = 52L, `8` = 53L, `9` = 36L, `10` = 27L, `11` = 18L, 
    `12` = 14L, `13` = 14L, `14` = 8L, `15` = 7L, `16` = 7L, 
    `17` = 4L, `18` = 2L, `19` = 3L, `20` = 1L, `21` = 2L, `22` = 2L, 
    `23` = 2L, `24` = 1L, `31` = 1L), .Dim = 25L, .Dimnames = list(
        TagUsage = c("1", "2", "3", "4", "5", "6", "7", "8", 
        "9", "10", "11", "12", "13", "14", "15", "16", "17", 
        "18", "19", "20", "21", "22", "23", "24", "31")), class = "table"), 
    No.Tag = structure(c(0L, 0L, 0L, 0L, 0L, 0L, 0L, 0L, 0L, 
    0L, 0L, 0L, 0L, 0L, 0L, 0L, 6L, 49L, 0L, 0L, 0L, 0L, 0L, 
    0L, 0L, 0L, 0L, 0L, 0L, 0L, 0L, 10L, 0L, 0L, 0L), .Dim = c(7L, 
    5L), .Dimnames = structure(list(c("-3", "-2", "-1", "0", 
    "1", "2", NA), c("-", "A", "C", "T", NA)), .Names = c("", 
    "")), class = "table"), All.Tags = list(Concordant = list(
        Freqs = structure(c(0, 0, 0, 0, 0, 0, 0, 0, 0, 0, 0, 
        0, 0, 0, 22, 544, 4, 0, 1, 0, 0, 2, 0, 0), .Dim = c(6L, 
        4L), .Dimnames = list(c("-3", "-2", "-1", "0", "1", "2"
        ), c("-", "A", "C", "T"))), N = 573), Majority = list(
        Freqs = structure(c(0, 0, 0, 0, 0, 0, 0, 0, 0, 0, 0, 
        0, 0, 0, 31, 803, 5, 0, 1, 0, 0, 2, 0, 0), .Dim = c(6L, 
        4L), .Dimnames = list(c("-3", "-2", "-1", "0", "1", "2"
        ), c("-", "A", "C", "T"))), N = 842)), `2` = structure(c(0, 
    0, 0, 0, 0, 0, 0, 0, 0, 0, 0, 0, 0, 0, 16, 665, 1, 0, 0, 
    0, 0, 0, 0, 0), .Dim = c(6L, 4L), .Dimnames = list(c("-3", 
    "-2", "-1", "0", "1", "2"), c("-", "A", "C", "T"))))))
