Results <-
list(`bwa.out//20220204//BlindCMMRD88_S47.sam` = list(DEPDC2_SNP1 = list(
    All = list(Freqs = structure(c(1L, 2L, 0L, 0L, 25L, 2663L, 
    3L, 9L, 17L, 2474L, 7L, 12L, 0L, 62L, 0L, 0L), .Dim = c(4L, 
    4L), .Dimnames = structure(list(c("-1", "0", "1", NA), c("A", 
    "C", "T", NA)), .Names = c("", "")), class = "table"), N = 5275L), 
    Tag.Distribution = structure(c(`1` = 185L, `2` = 94L, `3` = 70L, 
    `4` = 61L, `5` = 56L, `6` = 36L, `7` = 42L, `8` = 32L, `9` = 30L, 
    `10` = 26L, `11` = 25L, `12` = 16L, `13` = 16L, `14` = 12L, 
    `15` = 10L, `16` = 7L, `17` = 9L, `18` = 6L, `19` = 7L, `20` = 8L, 
    `21` = 5L, `22` = 5L, `23` = 4L, `24` = 6L, `25` = 2L, `26` = 3L, 
    `28` = 3L, `29` = 6L, `30` = 1L, `31` = 2L, `32` = 1L, `33` = 1L, 
    `37` = 1L, `38` = 1L, `41` = 2L), .Dim = 35L, .Dimnames = list(
        TagUsage = c("1", "2", "3", "4", "5", "6", "7", "8", 
        "9", "10", "11", "12", "13", "14", "15", "16", "17", 
        "18", "19", "20", "21", "22", "23", "24", "25", "26", 
        "28", "29", "30", "31", "32", "33", "37", "38", "41")), class = "table"), 
    No.Tag = structure(c(0L, 0L, 0L, 0L, 0L, 37L, 0L, 0L, 0L, 
    21L, 0L, 1L, 0L, 3L, 0L, 0L), .Dim = c(4L, 4L), .Dimnames = structure(list(
        c("-1", "0", "1", NA), c("A", "C", "T", NA)), .Names = c("", 
    "")), class = "table"), All.Tags = list(Concordant = list(
        Freqs = structure(c(0, 0, 0, 1, 342, 0, 1, 334, 0), .Dim = c(3L, 
        3L), .Dimnames = list(c("-1", "0", "1"), c("A", "C", 
        "T"))), N = 678), Majority = list(Freqs = structure(c(0, 
    0, 0, 1, 391, 0, 1, 380, 0), .Dim = c(3L, 3L), .Dimnames = list(
        c("-1", "0", "1"), c("A", "C", "T"))), N = 773)), `2` = structure(c(0, 
    0, 0, 1, 312, 0, 0, 287, 0), .Dim = c(3L, 3L), .Dimnames = list(
        c("-1", "0", "1"), c("A", "C", "T"))))))
