Results <-
list(`bwa.out//20220204//BlindCMMRD121_S47.sam` = list(DEPDC2_SNP1 = list(
    All = list(Freqs = structure(c(0L, 1L, 0L, 0L, 34L, 5561L, 
    25L, 10L, 1L, 87L, 0L, 0L), .Dim = 4:3, .Dimnames = structure(list(
        c("-1", "0", "1", NA), c("C", "T", NA)), .Names = c("", 
    "")), class = "table"), N = 5719L), Tag.Distribution = structure(c(`1` = 257L, 
    `2` = 260L, `3` = 185L, `4` = 163L, `5` = 115L, `6` = 77L, 
    `7` = 68L, `8` = 60L, `9` = 40L, `10` = 23L, `11` = 24L, 
    `12` = 15L, `13` = 8L, `14` = 8L, `15` = 6L, `16` = 3L, `17` = 2L, 
    `18` = 2L, `20` = 2L, `21` = 1L, `22` = 3L, `23` = 1L), .Dim = 22L, .Dimnames = list(
        TagUsage = c("1", "2", "3", "4", "5", "6", "7", "8", 
        "9", "10", "11", "12", "13", "14", "15", "16", "17", 
        "18", "20", "21", "22", "23")), class = "table"), No.Tag = structure(c(0L, 
    0L, 0L, 0L, 1L, 116L, 0L, 5L, 0L, 12L, 0L, 0L), .Dim = 4:3, .Dimnames = structure(list(
        c("-1", "0", "1", NA), c("C", "T", NA)), .Names = c("", 
    "")), class = "table"), All.Tags = list(Concordant = list(
        Freqs = structure(c(0, 1, 0, 4, 1251, 1), .Dim = 3:2, .Dimnames = list(
            c("-1", "0", "1"), c("C", "T"))), N = 1257), Majority = list(
        Freqs = structure(c(0, 1, 0, 4, 1301, 1), .Dim = 3:2, .Dimnames = list(
            c("-1", "0", "1"), c("C", "T"))), N = 1307)), `2` = structure(c(0, 
    0, 0, 0, 1063, 0), .Dim = 3:2, .Dimnames = list(c("-1", "0", 
    "1"), c("C", "T"))))))
