Results <-
list(`bwa.out//20220204//17D1098_S3.sam` = list(LR44_SNP1 = list(
    All = list(Freqs = structure(c(0L, 0L, 0L, 1L, 0L, 0L, 0L, 
    1L, 17L, 326L, 3315L, 64L, 2L, 36L, 0L, 0L, 3L, 64L, 0L, 
    0L, 0L), .Dim = c(7L, 3L), .Dimnames = structure(list(c("-3", 
    "-2", "-1", "0", "1", "2", NA), c("C", "T", NA)), .Names = c("", 
    "")), class = "table"), N = 3829L), Tag.Distribution = structure(c(`1` = 212L, 
    `2` = 113L, `3` = 112L, `4` = 88L, `5` = 61L, `6` = 45L, 
    `7` = 40L, `8` = 27L, `9` = 24L, `10` = 18L, `11` = 17L, 
    `12` = 8L, `13` = 14L, `14` = 13L, `15` = 7L, `16` = 6L, 
    `17` = 6L, `18` = 3L, `19` = 1L, `20` = 1L, `21` = 1L, `22` = 2L, 
    `34` = 1L), .Dim = 23L, .Dimnames = list(TagUsage = c("1", 
    "2", "3", "4", "5", "6", "7", "8", "9", "10", "11", "12", 
    "13", "14", "15", "16", "17", "18", "19", "20", "21", "22", 
    "34")), class = "table"), No.Tag = structure(c(0L, 0L, 0L, 
    0L, 0L, 0L, 0L, 0L, 0L, 6L, 83L, 1L, 0L, 2L, 0L, 0L, 0L, 
    2L, 0L, 0L, 0L), .Dim = c(7L, 3L), .Dimnames = structure(list(
        c("-3", "-2", "-1", "0", "1", "2", NA), c("C", "T", NA
        )), .Names = c("", "")), class = "table"), All.Tags = list(
        Concordant = list(Freqs = structure(c(0, 0, 0, 1, 0, 
        0, 0, 1, 25, 561, 3, 0), .Dim = c(6L, 2L), .Dimnames = list(
            c("-3", "-2", "-1", "0", "1", "2"), c("C", "T"))), 
            N = 591), Majority = list(Freqs = structure(c(0, 
        0, 0, 1, 0, 0, 0, 1, 35, 736, 4, 0), .Dim = c(6L, 2L), .Dimnames = list(
            c("-3", "-2", "-1", "0", "1", "2"), c("C", "T"))), 
            N = 777)), `2` = structure(c(0, 0, 0, 0, 0, 0, 0, 
    0, 19, 559, 2, 0), .Dim = c(6L, 2L), .Dimnames = list(c("-3", 
    "-2", "-1", "0", "1", "2"), c("C", "T"))))))
