Results <-
list(`bwa.out//20220204//BlindCMMRD96_S55.sam` = list(GM11_SNP1 = list(
    All = list(Freqs = structure(c(0L, 8L, 1603L, 2L, 1L, 0L, 
    0L, 1L, 0L, 0L, 1L, 13L, 2323L, 16L, 1L, 0L, 0L, 1L, 0L, 
    0L, 0L, 0L, 25L, 1L, 0L), .Dim = c(5L, 5L), .Dimnames = structure(list(
        c("-2", "-1", "0", "1", NA), c("A", "C", "G", "T", NA
        )), .Names = c("", "")), class = "table"), N = 3996L), 
    Tag.Distribution = structure(c(`1` = 145L, `2` = 93L, `3` = 67L, 
    `4` = 50L, `5` = 38L, `6` = 36L, `7` = 29L, `8` = 30L, `9` = 12L, 
    `10` = 23L, `11` = 12L, `12` = 21L, `13` = 16L, `14` = 9L, 
    `15` = 9L, `16` = 6L, `17` = 11L, `18` = 6L, `19` = 6L, `20` = 5L, 
    `21` = 3L, `22` = 3L, `23` = 1L, `24` = 3L, `25` = 4L, `29` = 1L, 
    `32` = 1L, `35` = 3L, `41` = 1L, `43` = 1L), .Dim = 30L, .Dimnames = list(
        TagUsage = c("1", "2", "3", "4", "5", "6", "7", "8", 
        "9", "10", "11", "12", "13", "14", "15", "16", "17", 
        "18", "19", "20", "21", "22", "23", "24", "25", "29", 
        "32", "35", "41", "43")), class = "table"), No.Tag = structure(c(0L, 
    0L, 23L, 0L, 0L, 0L, 0L, 0L, 0L, 0L, 0L, 0L, 20L, 0L, 0L, 
    0L, 0L, 0L, 0L, 0L, 0L, 0L, 2L, 0L, 0L), .Dim = c(5L, 5L), .Dimnames = structure(list(
        c("-2", "-1", "0", "1", NA), c("A", "C", "G", "T", NA
        )), .Names = c("", "")), class = "table"), All.Tags = list(
        Concordant = list(Freqs = structure(c(0, 1, 250, 0, 0, 
        0, 0, 0, 0, 1, 307, 2, 0, 0, 0, 0), .Dim = c(4L, 4L), .Dimnames = list(
            c("-2", "-1", "0", "1"), c("A", "C", "G", "T"))), 
            N = 561), Majority = list(Freqs = structure(c(0, 
        1, 275, 0, 0, 0, 0, 0, 0, 1, 355, 2, 0, 0, 0, 0), .Dim = c(4L, 
        4L), .Dimnames = list(c("-2", "-1", "0", "1"), c("A", 
        "C", "G", "T"))), N = 634)), `2` = structure(c(0, 0, 
    217, 0, 0, 0, 0, 0, 0, 0, 276, 1, 0, 0, 0, 0), .Dim = c(4L, 
    4L), .Dimnames = list(c("-2", "-1", "0", "1"), c("A", "C", 
    "G", "T"))))))
