Results <-
list(`bwa.out//20220204//BlindCMMRD121_S47.sam` = list(LR44_SNP1 = list(
    All = list(Freqs = structure(c(5L, 192L, 2947L, 33L, 14L, 
    6L, 213L, 2674L, 38L, 19L, 0L, 1L, 74L, 2L, 0L), .Dim = c(5L, 
    3L), .Dimnames = structure(list(c("-2", "-1", "0", "1", NA
    ), c("C", "T", NA)), .Names = c("", "")), class = "table"), 
        N = 6218L), Tag.Distribution = structure(c(`1` = 268L, 
    `2` = 258L, `3` = 224L, `4` = 156L, `5` = 119L, `6` = 92L, 
    `7` = 57L, `8` = 49L, `9` = 43L, `10` = 42L, `11` = 30L, 
    `12` = 14L, `13` = 8L, `14` = 11L, `15` = 5L, `16` = 10L, 
    `17` = 4L, `18` = 2L, `19` = 4L, `21` = 1L, `22` = 1L, `29` = 1L
    ), .Dim = 22L, .Dimnames = list(TagUsage = c("1", "2", "3", 
    "4", "5", "6", "7", "8", "9", "10", "11", "12", "13", "14", 
    "15", "16", "17", "18", "19", "21", "22", "29")), class = "table"), 
    No.Tag = structure(c(0L, 5L, 76L, 1L, 0L, 0L, 2L, 57L, 0L, 
    0L, 0L, 1L, 8L, 0L, 0L), .Dim = c(5L, 3L), .Dimnames = structure(list(
        c("-2", "-1", "0", "1", NA), c("C", "T", NA)), .Names = c("", 
    "")), class = "table"), All.Tags = list(Concordant = list(
        Freqs = structure(c(0, 11, 449, 2, 1, 16, 472, 1), .Dim = c(4L, 
        2L), .Dimnames = list(c("-2", "-1", "0", "1"), c("C", 
        "T"))), N = 952), Majority = list(Freqs = structure(c(0, 
    14, 638, 2, 1, 18, 648, 1), .Dim = c(4L, 2L), .Dimnames = list(
        c("-2", "-1", "0", "1"), c("C", "T"))), N = 1322)), `2` = structure(c(0, 
    5, 531, 0, 0, 9, 515, 1), .Dim = c(4L, 2L), .Dimnames = list(
        c("-2", "-1", "0", "1"), c("C", "T"))))))
