Results <-
list(`bwa.out//20220204//17D1097_S1.sam` = list(DEPDC2_SNP1 = list(
    All = list(Freqs = structure(c(0L, 16L, 2132L, 12L, 0L, 11L, 
    1L, 14L, 2559L, 27L, 0L, 22L, 0L, 1L, 125L, 4L, 1L, 0L), .Dim = c(6L, 
    3L), .Dimnames = structure(list(c("-2", "-1", "0", "1", "2", 
    NA), c("C", "T", NA)), .Names = c("", "")), class = "table"), 
        N = 4925L), Tag.Distribution = structure(c(`1` = 358L, 
    `2` = 187L, `3` = 147L, `4` = 117L, `5` = 82L, `6` = 74L, 
    `7` = 57L, `8` = 35L, `9` = 38L, `10` = 27L, `11` = 12L, 
    `12` = 12L, `13` = 12L, `14` = 9L, `15` = 6L, `16` = 2L, 
    `17` = 7L, `18` = 2L, `20` = 1L, `21` = 1L, `22` = 2L, `24` = 1L, 
    `25` = 1L), .Dim = 23L, .Dimnames = list(TagUsage = c("1", 
    "2", "3", "4", "5", "6", "7", "8", "9", "10", "11", "12", 
    "13", "14", "15", "16", "17", "18", "20", "21", "22", "24", 
    "25")), class = "table"), No.Tag = structure(c(0L, 1L, 66L, 
    0L, 0L, 1L, 0L, 0L, 83L, 2L, 0L, 4L, 0L, 0L, 12L, 1L, 0L, 
    0L), .Dim = c(6L, 3L), .Dimnames = structure(list(c("-2", 
    "-1", "0", "1", "2", NA), c("C", "T", NA)), .Names = c("", 
    "")), class = "table"), All.Tags = list(Concordant = list(
        Freqs = structure(c(0, 0, 453, 3, 0, 0, 3, 524, 3, 0), .Dim = c(5L, 
        2L), .Dimnames = list(c("-2", "-1", "0", "1", "2"), c("C", 
        "T"))), N = 986), Majority = list(Freqs = structure(c(0, 
    0, 517, 3, 0, 0, 3, 609, 5, 0), .Dim = c(5L, 2L), .Dimnames = list(
        c("-2", "-1", "0", "1", "2"), c("C", "T"))), N = 1137)), 
    `2` = structure(c(0, 0, 358, 2, 0, 0, 1, 442, 2, 0), .Dim = c(5L, 
    2L), .Dimnames = list(c("-2", "-1", "0", "1", "2"), c("C", 
    "T"))))))
