Results <-
list(`bwa.out//20220204//BlindCMMRD77_S36.sam` = list(LR40_SNP1 = list(
    All = list(Freqs = structure(c(18L, 1895L, 10L, 14L, 1872L, 
    5L, 0L, 1L, 0L, 0L, 16L, 1L), .Dim = 3:4, .Dimnames = structure(list(
        c("-1", "0", "1"), c("A", "C", "G", NA)), .Names = c("", 
    "")), class = "table"), N = 3832L), Tag.Distribution = structure(c(`1` = 144L, 
    `2` = 80L, `3` = 63L, `4` = 58L, `5` = 39L, `6` = 35L, `7` = 24L, 
    `8` = 18L, `9` = 19L, `10` = 22L, `11` = 11L, `12` = 12L, 
    `13` = 6L, `14` = 10L, `15` = 11L, `16` = 12L, `17` = 10L, 
    `18` = 5L, `19` = 6L, `20` = 2L, `21` = 1L, `22` = 4L, `23` = 4L, 
    `24` = 2L, `25` = 3L, `26` = 1L, `27` = 2L, `28` = 2L, `29` = 1L, 
    `34` = 1L, `37` = 1L, `38` = 1L, `54` = 1L), .Dim = 33L, .Dimnames = list(
        TagUsage = c("1", "2", "3", "4", "5", "6", "7", "8", 
        "9", "10", "11", "12", "13", "14", "15", "16", "17", 
        "18", "19", "20", "21", "22", "23", "24", "25", "26", 
        "27", "28", "29", "34", "37", "38", "54")), class = "table"), 
    No.Tag = structure(c(0L, 20L, 0L, 0L, 0L, 73L, 0L, 0L, 0L, 
    0L, 0L, 0L, 0L, 0L, 0L, 0L), .Dim = c(4L, 4L), .Dimnames = structure(list(
        c("-1", "0", "1", NA), c("A", "C", "G", NA)), .Names = c("", 
    "")), class = "table"), All.Tags = list(Concordant = list(
        Freqs = structure(c(1, 262, 0, 1, 264, 0, 0, 0, 0), .Dim = c(3L, 
        3L), .Dimnames = list(c("-1", "0", "1"), c("A", "C", 
        "G"))), N = 528), Majority = list(Freqs = structure(c(1, 
    300, 0, 1, 298, 0, 0, 0, 0), .Dim = c(3L, 3L), .Dimnames = list(
        c("-1", "0", "1"), c("A", "C", "G"))), N = 600)), `2` = structure(c(0, 
    233, 0, 0, 228, 0, 0, 0, 0), .Dim = c(3L, 3L), .Dimnames = list(
        c("-1", "0", "1"), c("A", "C", "G"))))))
