Results <-
list(`bwa.out//20220204//BlindCMMRD41_S1.sam` = list(GM26_SNP1 = list(
    All = list(Freqs = structure(c(2L, 25L, 4322L, 17L, 5L, 0L, 
    0L, 8L, 0L, 0L, 0L, 0L, 26L, 0L, 0L), .Dim = c(5L, 3L), .Dimnames = structure(list(
        c("-2", "-1", "0", "1", NA), c("A", "G", NA)), .Names = c("", 
    "")), class = "table"), N = 4405L), Tag.Distribution = structure(c(`1` = 81L, 
    `2` = 12L, `3` = 15L, `4` = 10L, `5` = 7L, `6` = 7L, `7` = 13L, 
    `8` = 9L, `9` = 12L, `10` = 7L, `11` = 10L, `12` = 13L, `13` = 8L, 
    `14` = 6L, `15` = 5L, `16` = 9L, `17` = 3L, `18` = 5L, `19` = 4L, 
    `20` = 8L, `21` = 3L, `22` = 4L, `23` = 5L, `24` = 1L, `25` = 5L, 
    `26` = 6L, `27` = 4L, `28` = 3L, `29` = 5L, `30` = 8L, `31` = 2L, 
    `32` = 1L, `33` = 3L, `34` = 1L, `35` = 2L, `36` = 4L, `37` = 1L, 
    `38` = 1L, `39` = 1L, `40` = 3L, `41` = 1L, `42` = 5L, `43` = 3L, 
    `44` = 2L, `47` = 1L, `48` = 1L, `50` = 1L, `51` = 1L, `59` = 2L, 
    `70` = 1L), .Dim = 50L, .Dimnames = list(TagUsage = c("1", 
    "2", "3", "4", "5", "6", "7", "8", "9", "10", "11", "12", 
    "13", "14", "15", "16", "17", "18", "19", "20", "21", "22", 
    "23", "24", "25", "26", "27", "28", "29", "30", "31", "32", 
    "33", "34", "35", "36", "37", "38", "39", "40", "41", "42", 
    "43", "44", "47", "48", "50", "51", "59", "70")), class = "table"), 
    No.Tag = structure(c(0L, 0L, 66L, 2L, 2L, 0L, 0L, 0L, 0L, 
    0L, 0L, 0L, 2L, 0L, 0L), .Dim = c(5L, 3L), .Dimnames = structure(list(
        c("-2", "-1", "0", "1", NA), c("A", "G", NA)), .Names = c("", 
    "")), class = "table"), All.Tags = list(Concordant = list(
        Freqs = structure(c(0, 0, 280, 0, 0, 0, 7, 0), .Dim = c(4L, 
        2L), .Dimnames = list(c("-2", "-1", "0", "1"), c("A", 
        "G"))), N = 287), Majority = list(Freqs = structure(c(0, 
    0, 315, 0, 0, 0, 7, 0), .Dim = c(4L, 2L), .Dimnames = list(
        c("-2", "-1", "0", "1"), c("A", "G"))), N = 322)), `2` = structure(c(0, 
    0, 243, 0, 0, 0, 1, 0), .Dim = c(4L, 2L), .Dimnames = list(
        c("-2", "-1", "0", "1"), c("A", "G"))))))
