Results <-
list(`bwa.out//20220204//BlindCMMRD97_S56.sam` = list(LR52_SNP1 = list(
    All = list(Freqs = structure(c(0L, 0L, 0L, 1L, 0L, 0L, 0L, 
    1L, 26L, 317L, 3736L, 27L, 1L, 36L, 0L, 0L, 5L, 169L, 5L, 
    0L, 0L), .Dim = c(7L, 3L), .Dimnames = structure(list(c("-3", 
    "-2", "-1", "0", "1", "2", NA), c("C", "T", NA)), .Names = c("", 
    "")), class = "table"), N = 4324L), Tag.Distribution = structure(c(`1` = 81L, 
    `2` = 49L, `3` = 43L, `4` = 46L, `5` = 25L, `6` = 22L, `7` = 33L, 
    `8` = 19L, `9` = 33L, `10` = 17L, `11` = 11L, `12` = 13L, 
    `13` = 9L, `14` = 12L, `15` = 15L, `16` = 10L, `17` = 6L, 
    `18` = 6L, `19` = 9L, `20` = 3L, `21` = 8L, `22` = 2L, `23` = 6L, 
    `24` = 5L, `25` = 3L, `26` = 5L, `27` = 2L, `28` = 1L, `30` = 2L, 
    `32` = 2L, `33` = 5L, `34` = 1L, `38` = 1L, `40` = 1L, `41` = 1L, 
    `46` = 1L, `49` = 1L), .Dim = 37L, .Dimnames = list(TagUsage = c("1", 
    "2", "3", "4", "5", "6", "7", "8", "9", "10", "11", "12", 
    "13", "14", "15", "16", "17", "18", "19", "20", "21", "22", 
    "23", "24", "25", "26", "27", "28", "30", "32", "33", "34", 
    "38", "40", "41", "46", "49")), class = "table"), No.Tag = structure(c(0L, 
    0L, 0L, 0L, 0L, 0L, 0L, 0L, 0L, 6L, 36L, 0L, 0L, 0L, 0L, 
    0L, 0L, 1L, 0L, 0L, 0L), .Dim = c(7L, 3L), .Dimnames = structure(list(
        c("-3", "-2", "-1", "0", "1", "2", NA), c("C", "T", NA
        )), .Names = c("", "")), class = "table"), All.Tags = list(
        Concordant = list(Freqs = structure(c(0, 0, 0, 0, 0, 
        0, 1, 0, 7, 301, 3, 0), .Dim = c(6L, 2L), .Dimnames = list(
            c("-3", "-2", "-1", "0", "1", "2"), c("C", "T"))), 
            N = 312), Majority = list(Freqs = structure(c(0, 
        0, 0, 0, 0, 0, 1, 0, 14, 477, 3, 0), .Dim = c(6L, 2L), .Dimnames = list(
            c("-3", "-2", "-1", "0", "1", "2"), c("C", "T"))), 
            N = 495)), `2` = structure(c(0, 0, 0, 0, 0, 0, 0, 
    0, 9, 411, 0, 0), .Dim = c(6L, 2L), .Dimnames = list(c("-3", 
    "-2", "-1", "0", "1", "2"), c("C", "T"))))))
