Results <-
list(`bwa.out//20220204//BlindCMMRD116_S42.sam` = list(GM22_SNP1 = list(
    All = list(Freqs = structure(c(2L, 121L, 5124L, 19L, 1L, 
    11L, 0L, 0L, 3L, 0L, 0L, 0L, 0L, 0L, 1L, 0L, 0L, 0L, 0L, 
    0L, 34L, 1L, 0L, 0L), .Dim = c(6L, 4L), .Dimnames = structure(list(
        c("-2", "-1", "0", "1", "2", NA), c("A", "G", "T", NA
        )), .Names = c("", "")), class = "table"), N = 5317L), 
    Tag.Distribution = structure(c(`1` = 126L, `2` = 74L, `3` = 89L, 
    `4` = 104L, `5` = 74L, `6` = 68L, `7` = 61L, `8` = 67L, `9` = 41L, 
    `10` = 48L, `11` = 33L, `12` = 18L, `13` = 15L, `14` = 13L, 
    `15` = 11L, `16` = 8L, `17` = 4L, `18` = 3L, `19` = 3L, `20` = 2L, 
    `21` = 2L, `22` = 1L, `23` = 1L, `24` = 1L, `27` = 2L, `28` = 1L, 
    `30` = 1L), .Dim = 27L, .Dimnames = list(TagUsage = c("1", 
    "2", "3", "4", "5", "6", "7", "8", "9", "10", "11", "12", 
    "13", "14", "15", "16", "17", "18", "19", "20", "21", "22", 
    "23", "24", "27", "28", "30")), class = "table"), No.Tag = structure(c(0L, 
    0L, 76L, 1L, 0L, 0L, 0L, 0L, 0L, 0L, 0L, 0L, 0L, 0L, 0L, 
    0L, 0L, 0L, 0L, 0L, 2L, 0L, 0L, 0L), .Dim = c(6L, 4L), .Dimnames = structure(list(
        c("-2", "-1", "0", "1", "2", NA), c("A", "G", "T", NA
        )), .Names = c("", "")), class = "table"), All.Tags = list(
        Concordant = list(Freqs = structure(c(0, 7, 772, 1, 0, 
        0, 0, 1, 0, 0, 0, 0, 0, 0, 0), .Dim = c(5L, 3L), .Dimnames = list(
            c("-2", "-1", "0", "1", "2"), c("A", "G", "T"))), 
            N = 781), Majority = list(Freqs = structure(c(0, 
        9, 852, 1, 0, 0, 0, 1, 0, 0, 0, 0, 0, 0, 0), .Dim = c(5L, 
        3L), .Dimnames = list(c("-2", "-1", "0", "1", "2"), c("A", 
        "G", "T"))), N = 863)), `2` = structure(c(0, 6, 736, 
    0, 0, 0, 0, 0, 0, 0, 0, 0, 0, 0, 0), .Dim = c(5L, 3L), .Dimnames = list(
        c("-2", "-1", "0", "1", "2"), c("A", "G", "T"))))))
