Results <-
list(`bwa.out//20220204//BlindCMMRD127_S53.sam` = list(DEPDC2_SNP1 = list(
    All = list(Freqs = structure(c(25L, 2631L, 11L, 8L, 23L, 
    2977L, 20L, 12L, 0L, 75L, 1L, 0L), .Dim = 4:3, .Dimnames = structure(list(
        c("-1", "0", "1", NA), c("C", "T", NA)), .Names = c("", 
    "")), class = "table"), N = 5783L), Tag.Distribution = structure(c(`1` = 224L, 
    `2` = 163L, `3` = 150L, `4` = 117L, `5` = 97L, `6` = 70L, 
    `7` = 52L, `8` = 54L, `9` = 37L, `10` = 29L, `11` = 21L, 
    `12` = 25L, `13` = 17L, `14` = 15L, `15` = 5L, `16` = 6L, 
    `17` = 11L, `18` = 7L, `19` = 7L, `20` = 2L, `21` = 1L, `22` = 2L, 
    `23` = 2L, `24` = 2L, `27` = 1L, `28` = 1L, `33` = 1L), .Dim = 27L, .Dimnames = list(
        TagUsage = c("1", "2", "3", "4", "5", "6", "7", "8", 
        "9", "10", "11", "12", "13", "14", "15", "16", "17", 
        "18", "19", "20", "21", "22", "23", "24", "27", "28", 
        "33")), class = "table"), No.Tag = structure(c(0L, 49L, 
    0L, 0L, 2L, 64L, 1L, 3L, 0L, 6L, 0L, 0L), .Dim = 4:3, .Dimnames = structure(list(
        c("-1", "0", "1", NA), c("C", "T", NA)), .Names = c("", 
    "")), class = "table"), All.Tags = list(Concordant = list(
        Freqs = structure(c(2, 466, 0, 0, 444, 0), .Dim = 3:2, .Dimnames = list(
            c("-1", "0", "1"), c("C", "T"))), N = 912), Majority = list(
        Freqs = structure(c(3, 546, 0, 0, 538, 0), .Dim = 3:2, .Dimnames = list(
            c("-1", "0", "1"), c("C", "T"))), N = 1087)), `2` = structure(c(1, 
    427, 0, 0, 443, 0), .Dim = 3:2, .Dimnames = list(c("-1", 
    "0", "1"), c("C", "T"))))))
