Results <-
list(`bwa.out//20220204//BlindCMMRD70_S29.sam` = list(GM09_SNP1 = list(
    All = list(Freqs = structure(c(1L, 16L, 3249L, 9L, 0L, 0L, 
    10L, 2954L, 0L, 2L, 0L, 0L, 36L, 0L, 0L), .Dim = c(5L, 3L
    ), .Dimnames = structure(list(c("-2", "-1", "0", "1", NA), 
        c("A", "G", NA)), .Names = c("", "")), class = "table"), 
        N = 6277L), Tag.Distribution = structure(c(`1` = 138L, 
    `2` = 67L, `3` = 47L, `4` = 43L, `5` = 33L, `6` = 44L, `7` = 30L, 
    `8` = 36L, `9` = 19L, `10` = 16L, `11` = 16L, `12` = 15L, 
    `13` = 13L, `14` = 16L, `15` = 10L, `16` = 4L, `17` = 9L, 
    `18` = 8L, `19` = 12L, `20` = 7L, `21` = 7L, `22` = 9L, `23` = 7L, 
    `24` = 8L, `25` = 5L, `26` = 2L, `27` = 2L, `28` = 9L, `29` = 7L, 
    `30` = 6L, `31` = 2L, `32` = 3L, `33` = 4L, `34` = 9L, `35` = 1L, 
    `36` = 2L, `37` = 1L, `38` = 1L, `39` = 2L, `40` = 2L, `41` = 1L, 
    `43` = 1L, `45` = 1L, `51` = 1L), .Dim = 44L, .Dimnames = list(
        TagUsage = c("1", "2", "3", "4", "5", "6", "7", "8", 
        "9", "10", "11", "12", "13", "14", "15", "16", "17", 
        "18", "19", "20", "21", "22", "23", "24", "25", "26", 
        "27", "28", "29", "30", "31", "32", "33", "34", "35", 
        "36", "37", "38", "39", "40", "41", "43", "45", "51")), class = "table"), 
    No.Tag = structure(c(0L, 0L, 108L, 1L, 0L, 0L, 0L, 14L, 0L, 
    0L, 0L, 0L, 3L, 0L, 0L), .Dim = c(5L, 3L), .Dimnames = structure(list(
        c("-2", "-1", "0", "1", NA), c("A", "G", NA)), .Names = c("", 
    "")), class = "table"), All.Tags = list(Concordant = list(
        Freqs = structure(c(0, 0, 309, 0, 0, 0, 291, 0), .Dim = c(4L, 
        2L), .Dimnames = list(c("-2", "-1", "0", "1"), c("A", 
        "G"))), N = 600), Majority = list(Freqs = structure(c(0, 
    0, 350, 0, 0, 0, 317, 0), .Dim = c(4L, 2L), .Dimnames = list(
        c("-2", "-1", "0", "1"), c("A", "G"))), N = 667)), `2` = structure(c(0, 
    0, 277, 0, 0, 0, 259, 0), .Dim = c(4L, 2L), .Dimnames = list(
        c("-2", "-1", "0", "1"), c("A", "G"))))))
