Results <-
list(`bwa.out//20220204//BlindCMMRD92_S51.sam` = list(GM07_SNP1 = list(
    All = list(Freqs = structure(c(4L, 93L, 1823L, 57L, 3L, 1L, 
    28L, 3L, 100L, 1931L, 42L, 0L, 0L, 27L, 0L, 4L, 59L, 0L, 
    0L, 0L, 0L), .Dim = c(7L, 3L), .Dimnames = structure(list(
        c("-2", "-1", "0", "1", "2", "3", NA), c("A", "G", NA
        )), .Names = c("", "")), class = "table"), N = 4175L), 
    Tag.Distribution = structure(c(`1` = 87L, `2` = 37L, `3` = 33L, 
    `4` = 31L, `5` = 30L, `6` = 27L, `7` = 24L, `8` = 23L, `9` = 22L, 
    `10` = 17L, `11` = 21L, `12` = 13L, `13` = 12L, `14` = 12L, 
    `15` = 7L, `16` = 9L, `17` = 11L, `18` = 6L, `19` = 6L, `20` = 5L, 
    `21` = 5L, `22` = 9L, `23` = 3L, `24` = 3L, `26` = 3L, `27` = 3L, 
    `28` = 3L, `29` = 5L, `30` = 2L, `35` = 2L, `39` = 1L, `42` = 1L
    ), .Dim = 32L, .Dimnames = list(TagUsage = c("1", "2", "3", 
    "4", "5", "6", "7", "8", "9", "10", "11", "12", "13", "14", 
    "15", "16", "17", "18", "19", "20", "21", "22", "23", "24", 
    "26", "27", "28", "29", "30", "35", "39", "42")), class = "table"), 
    No.Tag = structure(c(3L, 21L, 98L, 0L, 0L, 0L, 4L, 0L, 3L, 
    102L, 3L, 0L, 0L, 3L, 0L, 0L, 10L, 0L, 0L, 0L, 0L), .Dim = c(7L, 
    3L), .Dimnames = structure(list(c("-2", "-1", "0", "1", "2", 
    "3", NA), c("A", "G", NA)), .Names = c("", "")), class = "table"), 
    All.Tags = list(Concordant = list(Freqs = structure(c(0, 
    1, 140, 1, 0, 0, 0, 2, 142, 2, 0, 0), .Dim = c(6L, 2L), .Dimnames = list(
        c("-2", "-1", "0", "1", "2", "3"), c("A", "G"))), N = 288), 
        Majority = list(Freqs = structure(c(0, 1, 222, 2, 0, 
        0, 0, 2, 227, 2, 0, 0), .Dim = c(6L, 2L), .Dimnames = list(
            c("-2", "-1", "0", "1", "2", "3"), c("A", "G"))), 
            N = 456)), `2` = structure(c(0, 0, 180, 1, 0, 0, 
    0, 0, 199, 0, 0, 0), .Dim = c(6L, 2L), .Dimnames = list(c("-2", 
    "-1", "0", "1", "2", "3"), c("A", "G"))))))
