Results <-
list(`bwa.out//20220204//BlindCMMRD74_S33.sam` = list(IM49_SNP1 = list(
    All = list(Freqs = structure(c(0L, 0L, 1L, 0L, 0L, 0L, 2L, 
    118L, 3412L, 74L, 2L, 41L, 0L, 0L, 2L, 0L, 0L, 0L, 0L, 0L, 
    1L, 0L, 0L, 0L, 0L, 1L, 162L, 4L, 0L, 0L), .Dim = 6:5, .Dimnames = structure(list(
        c("-2", "-1", "0", "1", "2", NA), c("A", "C", "G", "T", 
        NA)), .Names = c("", "")), class = "table"), N = 3820L), 
    Tag.Distribution = structure(c(`1` = 200L, `2` = 71L, `3` = 47L, 
    `4` = 44L, `5` = 55L, `6` = 43L, `7` = 28L, `8` = 27L, `9` = 14L, 
    `10` = 18L, `11` = 17L, `12` = 11L, `13` = 6L, `14` = 5L, 
    `15` = 9L, `16` = 6L, `17` = 4L, `18` = 13L, `19` = 3L, `20` = 7L, 
    `21` = 1L, `22` = 1L, `23` = 1L, `24` = 6L, `25` = 1L, `26` = 2L, 
    `28` = 1L, `29` = 3L, `30` = 2L, `32` = 1L, `33` = 1L, `35` = 1L, 
    `38` = 1L), .Dim = 33L, .Dimnames = list(TagUsage = c("1", 
    "2", "3", "4", "5", "6", "7", "8", "9", "10", "11", "12", 
    "13", "14", "15", "16", "17", "18", "19", "20", "21", "22", 
    "23", "24", "25", "26", "28", "29", "30", "32", "33", "35", 
    "38")), class = "table"), No.Tag = structure(c(0L, 0L, 0L, 
    0L, 0L, 0L, 0L, 3L, 100L, 1L, 0L, 4L, 0L, 0L, 0L, 0L, 0L, 
    0L, 0L, 0L, 0L, 0L, 0L, 0L, 0L, 0L, 5L, 0L, 0L, 0L), .Dim = 6:5, .Dimnames = structure(list(
        c("-2", "-1", "0", "1", "2", NA), c("A", "C", "G", "T", 
        NA)), .Names = c("", "")), class = "table"), All.Tags = list(
        Concordant = list(Freqs = structure(c(0, 0, 0, 0, 0, 
        0, 2, 476, 5, 0, 0, 0, 1, 0, 0, 0, 0, 1, 0, 0), .Dim = 5:4, .Dimnames = list(
            c("-2", "-1", "0", "1", "2"), c("A", "C", "G", "T"
            ))), N = 485), Majority = list(Freqs = structure(c(0, 
        0, 0, 0, 0, 0, 5, 584, 7, 0, 0, 0, 1, 0, 0, 0, 0, 1, 
        0, 0), .Dim = 5:4, .Dimnames = list(c("-2", "-1", "0", 
        "1", "2"), c("A", "C", "G", "T"))), N = 598)), `2` = structure(c(0, 
    0, 0, 0, 0, 0, 3, 436, 3, 0, 0, 0, 0, 0, 0, 0, 0, 0, 0, 0
    ), .Dim = 5:4, .Dimnames = list(c("-2", "-1", "0", "1", "2"
    ), c("A", "C", "G", "T"))))))
