Results <-
list(`bwa.out//20220204//MLPA01_S9.sam` = list(GM26_SNP1 = list(
    All = list(Freqs = structure(c(2L, 25L, 3311L, 5L, 1L, 0L, 
    0L, 5L, 0L, 0L, 0L, 1L, 45L, 0L, 0L), .Dim = c(5L, 3L), .Dimnames = structure(list(
        c("-2", "-1", "0", "1", NA), c("A", "G", NA)), .Names = c("", 
    "")), class = "table"), N = 3395L), Tag.Distribution = structure(c(`1` = 147L, 
    `2` = 72L, `3` = 60L, `4` = 49L, `5` = 47L, `6` = 30L, `7` = 32L, 
    `8` = 15L, `9` = 22L, `10` = 17L, `11` = 15L, `12` = 15L, 
    `13` = 13L, `14` = 9L, `15` = 9L, `16` = 4L, `17` = 5L, `18` = 4L, 
    `19` = 4L, `20` = 5L, `21` = 2L, `22` = 1L, `23` = 1L, `25` = 1L, 
    `26` = 2L, `27` = 1L, `28` = 1L, `29` = 2L, `31` = 1L, `41` = 1L
    ), .Dim = 30L, .Dimnames = list(TagUsage = c("1", "2", "3", 
    "4", "5", "6", "7", "8", "9", "10", "11", "12", "13", "14", 
    "15", "16", "17", "18", "19", "20", "21", "22", "23", "25", 
    "26", "27", "28", "29", "31", "41")), class = "table"), No.Tag = structure(c(0L, 
    2L, 74L, 0L, 0L, 0L, 0L, 0L, 0L, 0L, 0L, 0L, 4L, 0L, 0L), .Dim = c(5L, 
    3L), .Dimnames = structure(list(c("-2", "-1", "0", "1", NA
    ), c("A", "G", NA)), .Names = c("", "")), class = "table"), 
    All.Tags = list(Concordant = list(Freqs = structure(c(0, 
    1, 548, 0, 0, 0, 5, 0), .Dim = c(4L, 2L), .Dimnames = list(
        c("-2", "-1", "0", "1"), c("A", "G"))), N = 554), Majority = list(
        Freqs = structure(c(0, 1, 575, 0, 0, 0, 5, 0), .Dim = c(4L, 
        2L), .Dimnames = list(c("-2", "-1", "0", "1"), c("A", 
        "G"))), N = 581)), `2` = structure(c(0, 0, 439, 0, 0, 
    0, 0, 0), .Dim = c(4L, 2L), .Dimnames = list(c("-2", "-1", 
    "0", "1"), c("A", "G"))))))
