Results <-
list(`bwa.out//20220204//BlindCMMRD67_S26.sam` = list(DEPDC2_SNP1 = list(
    All = list(Freqs = structure(c(0L, 13L, 2296L, 10L, 5L, 1L, 
    27L, 2952L, 16L, 9L, 0L, 1L, 54L, 0L, 0L), .Dim = c(5L, 3L
    ), .Dimnames = structure(list(c("-2", "-1", "0", "1", NA), 
        c("C", "T", NA)), .Names = c("", "")), class = "table"), 
        N = 5384L), Tag.Distribution = structure(c(`1` = 203L, 
    `2` = 89L, `3` = 70L, `4` = 77L, `5` = 63L, `6` = 63L, `7` = 38L, 
    `8` = 40L, `9` = 30L, `10` = 21L, `11` = 16L, `12` = 22L, 
    `13` = 17L, `14` = 17L, `15` = 9L, `16` = 14L, `17` = 8L, 
    `18` = 9L, `19` = 7L, `20` = 8L, `21` = 5L, `22` = 6L, `23` = 3L, 
    `24` = 2L, `25` = 2L, `26` = 3L, `28` = 1L, `29` = 1L, `31` = 4L, 
    `33` = 1L, `36` = 1L, `39` = 1L, `42` = 1L), .Dim = 33L, .Dimnames = list(
        TagUsage = c("1", "2", "3", "4", "5", "6", "7", "8", 
        "9", "10", "11", "12", "13", "14", "15", "16", "17", 
        "18", "19", "20", "21", "22", "23", "24", "25", "26", 
        "28", "29", "31", "33", "36", "39", "42")), class = "table"), 
    No.Tag = structure(c(0L, 0L, 21L, 0L, 1L, 0L, 0L, 37L, 0L, 
    0L, 0L, 0L, 5L, 0L, 0L), .Dim = c(5L, 3L), .Dimnames = structure(list(
        c("-2", "-1", "0", "1", NA), c("C", "T", NA)), .Names = c("", 
    "")), class = "table"), All.Tags = list(Concordant = list(
        Freqs = structure(c(0, 0, 362, 1, 0, 0, 377, 1), .Dim = c(4L, 
        2L), .Dimnames = list(c("-2", "-1", "0", "1"), c("C", 
        "T"))), N = 741), Majority = list(Freqs = structure(c(0, 
    0, 400, 1, 0, 0, 428, 1), .Dim = c(4L, 2L), .Dimnames = list(
        c("-2", "-1", "0", "1"), c("C", "T"))), N = 830)), `2` = structure(c(0, 
    0, 303, 0, 0, 0, 338, 1), .Dim = c(4L, 2L), .Dimnames = list(
        c("-2", "-1", "0", "1"), c("C", "T"))))))
