Results <-
list(`bwa.out//20220204//17D1520_S5.sam` = list(GM11_SNP1 = list(
    All = list(Freqs = structure(c(68L, 4057L, 12L, 2L, 0L, 2L, 
    0L, 0L, 1L, 35L, 0L, 0L), .Dim = 4:3, .Dimnames = structure(list(
        c("-1", "0", "1", NA), c("A", "G", NA)), .Names = c("", 
    "")), class = "table"), N = 4177L), Tag.Distribution = structure(c(`1` = 113L, 
    `2` = 70L, `3` = 52L, `4` = 43L, `5` = 35L, `6` = 41L, `7` = 36L, 
    `8` = 22L, `9` = 23L, `10` = 17L, `11` = 18L, `12` = 9L, 
    `13` = 11L, `14` = 7L, `15` = 8L, `16` = 11L, `17` = 6L, 
    `18` = 10L, `19` = 6L, `20` = 6L, `21` = 4L, `22` = 2L, `23` = 3L, 
    `24` = 3L, `25` = 2L, `26` = 3L, `27` = 5L, `28` = 2L, `30` = 3L, 
    `32` = 4L, `33` = 1L, `35` = 4L), .Dim = 32L, .Dimnames = list(
        TagUsage = c("1", "2", "3", "4", "5", "6", "7", "8", 
        "9", "10", "11", "12", "13", "14", "15", "16", "17", 
        "18", "19", "20", "21", "22", "23", "24", "25", "26", 
        "27", "28", "30", "32", "33", "35")), class = "table"), 
    No.Tag = structure(c(0L, 32L, 0L, 0L, 0L, 0L, 0L, 0L, 0L, 
    0L, 0L, 0L), .Dim = 4:3, .Dimnames = structure(list(c("-1", 
    "0", "1", NA), c("A", "G", NA)), .Names = c("", "")), class = "table"), 
    All.Tags = list(Concordant = list(Freqs = structure(c(9, 
    539, 0, 0, 1, 0), .Dim = 3:2, .Dimnames = list(c("-1", "0", 
    "1"), c("A", "G"))), N = 549), Majority = list(Freqs = structure(c(10, 
    565, 0, 0, 1, 0), .Dim = 3:2, .Dimnames = list(c("-1", "0", 
    "1"), c("A", "G"))), N = 576)), `2` = structure(c(8, 459, 
    0, 0, 0, 0), .Dim = 3:2, .Dimnames = list(c("-1", "0", "1"
    ), c("A", "G"))))))
