Results <-
list(`bwa.out//20220204//BlindCMMRD108_S10.sam` = list(DEPDC2_SNP1 = list(
    All = list(Freqs = structure(c(0L, 0L, 0L, 1L, 10L, 1294L, 
    4L, 9L, 5L, 1246L, 5L, 7L, 0L, 39L, 0L, 0L), .Dim = c(4L, 
    4L), .Dimnames = structure(list(c("-1", "0", "1", NA), c("A", 
    "C", "T", NA)), .Names = c("", "")), class = "table"), N = 2620L), 
    Tag.Distribution = structure(c(`1` = 64L, `2` = 37L, `3` = 24L, 
    `4` = 34L, `5` = 17L, `6` = 32L, `7` = 13L, `8` = 19L, `9` = 12L, 
    `10` = 19L, `11` = 16L, `12` = 13L, `13` = 5L, `14` = 9L, 
    `15` = 6L, `16` = 8L, `17` = 5L, `18` = 5L, `19` = 3L, `20` = 1L, 
    `21` = 5L, `22` = 1L, `23` = 1L, `24` = 2L, `25` = 1L, `27` = 3L, 
    `29` = 1L, `30` = 1L, `32` = 1L), .Dim = 29L, .Dimnames = list(
        TagUsage = c("1", "2", "3", "4", "5", "6", "7", "8", 
        "9", "10", "11", "12", "13", "14", "15", "16", "17", 
        "18", "19", "20", "21", "22", "23", "24", "25", "27", 
        "29", "30", "32")), class = "table"), No.Tag = structure(c(0L, 
    0L, 0L, 1L, 0L, 39L, 0L, 1L, 0L, 23L, 0L, 0L, 0L, 4L, 0L, 
    0L), .Dim = c(4L, 4L), .Dimnames = structure(list(c("-1", 
    "0", "1", NA), c("A", "C", "T", NA)), .Names = c("", "")), class = "table"), 
    All.Tags = list(Concordant = list(Freqs = structure(c(0, 
    0, 0, 0, 164, 0, 1, 161, 0), .Dim = c(3L, 3L), .Dimnames = list(
        c("-1", "0", "1"), c("A", "C", "T"))), N = 326), Majority = list(
        Freqs = structure(c(0, 0, 0, 0, 179, 0, 1, 170, 0), .Dim = c(3L, 
        3L), .Dimnames = list(c("-1", "0", "1"), c("A", "C", 
        "T"))), N = 350)), `2` = structure(c(0, 0, 0, 0, 150, 
    0, 0, 143, 0), .Dim = c(3L, 3L), .Dimnames = list(c("-1", 
    "0", "1"), c("A", "C", "T"))))))
