Results <-
list(`bwa.out//20220204//BlindCMMRD62_S21.sam` = list(GM01_SNP1 = list(
    All = list(Freqs = structure(c(63L, 6729L, 19L, 8L, 0L, 5L, 
    0L, 0L, 2L, 74L, 0L, 0L), .Dim = 4:3, .Dimnames = structure(list(
        c("-1", "0", "1", NA), c("A", "G", NA)), .Names = c("", 
    "")), class = "table"), N = 6900L), Tag.Distribution = structure(c(`1` = 153L, 
    `2` = 62L, `3` = 71L, `4` = 63L, `5` = 59L, `6` = 67L, `7` = 48L, 
    `8` = 34L, `9` = 35L, `10` = 32L, `11` = 42L, `12` = 27L, 
    `13` = 21L, `14` = 27L, `15` = 12L, `16` = 15L, `17` = 21L, 
    `18` = 15L, `19` = 7L, `20` = 9L, `21` = 9L, `22` = 8L, `23` = 5L, 
    `24` = 2L, `25` = 6L, `26` = 3L, `27` = 2L, `28` = 3L, `29` = 2L, 
    `31` = 1L, `32` = 2L, `33` = 1L, `34` = 1L, `35` = 3L, `36` = 1L, 
    `37` = 1L), .Dim = 36L, .Dimnames = list(TagUsage = c("1", 
    "2", "3", "4", "5", "6", "7", "8", "9", "10", "11", "12", 
    "13", "14", "15", "16", "17", "18", "19", "20", "21", "22", 
    "23", "24", "25", "26", "27", "28", "29", "31", "32", "33", 
    "34", "35", "36", "37")), class = "table"), No.Tag = structure(c(0L, 
    125L, 0L, 0L, 0L, 1L, 0L, 0L, 0L, 3L, 0L, 0L), .Dim = 4:3, .Dimnames = structure(list(
        c("-1", "0", "1", NA), c("A", "G", NA)), .Names = c("", 
    "")), class = "table"), All.Tags = list(Concordant = list(
        Freqs = structure(c(0, 783, 0, 0, 3, 0), .Dim = 3:2, .Dimnames = list(
            c("-1", "0", "1"), c("A", "G"))), N = 786), Majority = list(
        Freqs = structure(c(0, 857, 0, 0, 3, 0), .Dim = 3:2, .Dimnames = list(
            c("-1", "0", "1"), c("A", "G"))), N = 860)), `2` = structure(c(0, 
    714, 0, 0, 0, 0), .Dim = 3:2, .Dimnames = list(c("-1", "0", 
    "1"), c("A", "G"))))))
