Results <-
list(`bwa.out//20220204//BlindCMMRD95_S54.sam` = list(LR10_SNP1 = list(
    All = list(Freqs = structure(c(0L, 1L, 23L, 0L, 0L, 0L, 25L, 
    1854L, 12L, 5L, 1L, 31L, 2224L, 12L, 2L, 0L, 1L, 38L, 1L, 
    0L), .Dim = 5:4, .Dimnames = structure(list(c("-2", "-1", 
    "0", "1", NA), c("A", "C", "T", NA)), .Names = c("", "")), class = "table"), 
        N = 4230L), Tag.Distribution = structure(c(`1` = 103L, 
    `2` = 41L, `3` = 17L, `4` = 29L, `5` = 25L, `6` = 19L, `7` = 21L, 
    `8` = 15L, `9` = 16L, `10` = 15L, `11` = 16L, `12` = 11L, 
    `13` = 5L, `14` = 11L, `15` = 4L, `16` = 4L, `17` = 6L, `18` = 14L, 
    `19` = 7L, `20` = 8L, `21` = 9L, `22` = 4L, `23` = 1L, `24` = 7L, 
    `25` = 6L, `26` = 1L, `27` = 3L, `28` = 3L, `29` = 2L, `30` = 1L, 
    `31` = 4L, `32` = 3L, `33` = 5L, `34` = 2L, `35` = 1L, `37` = 1L, 
    `38` = 2L, `39` = 1L, `42` = 1L, `59` = 1L), .Dim = 40L, .Dimnames = list(
        TagUsage = c("1", "2", "3", "4", "5", "6", "7", "8", 
        "9", "10", "11", "12", "13", "14", "15", "16", "17", 
        "18", "19", "20", "21", "22", "23", "24", "25", "26", 
        "27", "28", "29", "30", "31", "32", "33", "34", "35", 
        "37", "38", "39", "42", "59")), class = "table"), No.Tag = structure(c(0L, 
    0L, 0L, 0L, 0L, 0L, 1L, 96L, 0L, 1L, 0L, 0L, 40L, 0L, 0L, 
    0L, 0L, 4L, 0L, 0L), .Dim = 5:4, .Dimnames = structure(list(
        c("-2", "-1", "0", "1", NA), c("A", "C", "T", NA)), .Names = c("", 
    "")), class = "table"), All.Tags = list(Concordant = list(
        Freqs = structure(c(0, 0, 1, 0, 0, 1, 179, 0, 0, 0, 186, 
        0), .Dim = 4:3, .Dimnames = list(c("-2", "-1", "0", "1"
        ), c("A", "C", "T"))), N = 367), Majority = list(Freqs = structure(c(0, 
    0, 1, 0, 0, 1, 214, 0, 0, 0, 223, 0), .Dim = 4:3, .Dimnames = list(
        c("-2", "-1", "0", "1"), c("A", "C", "T"))), N = 439)), 
    `2` = structure(c(0, 0, 1, 0, 0, 0, 157, 0, 0, 0, 182, 0), .Dim = 4:3, .Dimnames = list(
        c("-2", "-1", "0", "1"), c("A", "C", "T"))))))
