Results <-
list(`bwa.out//20220204//BlindCMMRD87_S46.sam` = list(IM49_SNP1 = list(
    All = list(Freqs = structure(c(0L, 0L, 0L, 1L, 0L, 0L, 0L, 
    0L, 3L, 119L, 2025L, 39L, 1L, 26L, 1L, 2L, 102L, 2178L, 44L, 
    1L, 23L, 0L, 0L, 3L, 305L, 1L, 0L, 0L), .Dim = c(7L, 4L), .Dimnames = structure(list(
        c("-3", "-2", "-1", "0", "1", "2", NA), c("-", "C", "G", 
        NA)), .Names = c("", "")), class = "table"), N = 4874L), 
    Tag.Distribution = structure(c(`1` = 223L, `2` = 42L, `3` = 48L, 
    `4` = 25L, `5` = 34L, `6` = 18L, `7` = 22L, `8` = 21L, `9` = 26L, 
    `10` = 11L, `11` = 17L, `12` = 20L, `13` = 7L, `14` = 10L, 
    `15` = 9L, `16` = 5L, `17` = 3L, `18` = 9L, `19` = 6L, `20` = 6L, 
    `21` = 4L, `22` = 5L, `23` = 3L, `24` = 4L, `25` = 1L, `26` = 3L, 
    `27` = 3L, `28` = 3L, `29` = 3L, `30` = 2L, `31` = 2L, `32` = 3L, 
    `33` = 4L, `34` = 3L, `35` = 2L, `36` = 4L, `37` = 1L, `39` = 1L, 
    `40` = 5L, `41` = 1L, `42` = 1L, `44` = 1L, `45` = 1L, `46` = 1L, 
    `47` = 1L), .Dim = 45L, .Dimnames = list(TagUsage = c("1", 
    "2", "3", "4", "5", "6", "7", "8", "9", "10", "11", "12", 
    "13", "14", "15", "16", "17", "18", "19", "20", "21", "22", 
    "23", "24", "25", "26", "27", "28", "29", "30", "31", "32", 
    "33", "34", "35", "36", "37", "39", "40", "41", "42", "44", 
    "45", "46", "47")), class = "table"), No.Tag = structure(c(0L, 
    0L, 0L, 0L, 0L, 0L, 0L, 0L, 0L, 2L, 31L, 1L, 0L, 1L, 0L, 
    0L, 6L, 80L, 0L, 0L, 2L, 0L, 0L, 1L, 14L, 0L, 0L, 0L), .Dim = c(7L, 
    4L), .Dimnames = structure(list(c("-3", "-2", "-1", "0", 
    "1", "2", NA), c("-", "C", "G", NA)), .Names = c("", "")), class = "table"), 
    All.Tags = list(Concordant = list(Freqs = structure(c(0, 
    0, 0, 0, 0, 0, 0, 0, 7, 197, 0, 0, 0, 0, 8, 180, 2, 0), .Dim = c(6L, 
    3L), .Dimnames = list(c("-3", "-2", "-1", "0", "1", "2"), 
        c("-", "C", "G"))), N = 394), Majority = list(Freqs = structure(c(0, 
    0, 0, 0, 0, 0, 0, 0, 8, 270, 0, 0, 0, 0, 10, 249, 2, 0), .Dim = c(6L, 
    3L), .Dimnames = list(c("-3", "-2", "-1", "0", "1", "2"), 
        c("-", "C", "G"))), N = 539)), `2` = structure(c(0, 0, 
    0, 0, 0, 0, 0, 0, 4, 195, 0, 0, 0, 0, 6, 186, 0, 0), .Dim = c(6L, 
    3L), .Dimnames = list(c("-3", "-2", "-1", "0", "1", "2"), 
        c("-", "C", "G"))))))
