Results <-
list(`bwa.out//20220204//Control15_S8.sam` = list(GM09_SNP1 = list(
    All = list(Freqs = structure(c(19L, 3120L, 6L, 2L, 0L, 12L, 
    0L, 0L), .Dim = c(4L, 2L), .Dimnames = structure(list(c("-1", 
    "0", "1", NA), c("G", NA)), .Names = c("", "")), class = "table"), 
        N = 3159L), Tag.Distribution = structure(c(`1` = 106L, 
    `2` = 56L, `3` = 35L, `4` = 32L, `5` = 19L, `6` = 30L, `7` = 19L, 
    `8` = 11L, `9` = 16L, `10` = 12L, `11` = 17L, `12` = 7L, 
    `13` = 12L, `14` = 8L, `15` = 8L, `16` = 5L, `17` = 3L, `18` = 5L, 
    `19` = 3L, `20` = 2L, `21` = 5L, `22` = 4L, `23` = 6L, `24` = 5L, 
    `25` = 3L, `26` = 1L, `27` = 3L, `28` = 1L, `29` = 3L, `32` = 1L, 
    `33` = 1L, `34` = 1L, `37` = 1L, `52` = 1L), .Dim = 34L, .Dimnames = list(
        TagUsage = c("1", "2", "3", "4", "5", "6", "7", "8", 
        "9", "10", "11", "12", "13", "14", "15", "16", "17", 
        "18", "19", "20", "21", "22", "23", "24", "25", "26", 
        "27", "28", "29", "32", "33", "34", "37", "52")), class = "table"), 
    No.Tag = structure(c(1L, 33L, 0L, 0L, 0L, 1L, 0L, 0L), .Dim = c(4L, 
    2L), .Dimnames = structure(list(c("-1", "0", "1", NA), c("G", 
    NA)), .Names = c("", "")), class = "table"), All.Tags = list(
        Concordant = list(Freqs = structure(c(0, 418, 0), .Dim = c(3L, 
        1L), .Dimnames = list(c("-1", "0", "1"), "G")), N = 418), 
        Majority = list(Freqs = structure(c(0, 439, 0), .Dim = c(3L, 
        1L), .Dimnames = list(c("-1", "0", "1"), "G")), N = 439)), 
    `2` = structure(c(0, 335, 0), .Dim = c(3L, 1L), .Dimnames = list(
        c("-1", "0", "1"), "G")))))
