Results <-
list(`bwa.out//20220204//BlindCMMRD51_S11.sam` = list(LR40_SNP1 = list(
    All = list(Freqs = structure(c(1L, 35L, 2531L, 7L, 2L, 1L, 
    30L, 2365L, 5L, 2L, 0L, 0L, 1L, 0L, 0L, 0L, 0L, 1L, 0L, 0L, 
    0L, 0L, 32L, 0L, 0L), .Dim = c(5L, 5L), .Dimnames = structure(list(
        c("-2", "-1", "0", "1", NA), c("A", "C", "G", "T", NA
        )), .Names = c("", "")), class = "table"), N = 5013L), 
    Tag.Distribution = structure(c(`1` = 96L, `2` = 31L, `3` = 24L, 
    `4` = 18L, `5` = 26L, `6` = 26L, `7` = 12L, `8` = 13L, `9` = 17L, 
    `10` = 13L, `11` = 17L, `12` = 8L, `13` = 17L, `14` = 8L, 
    `15` = 4L, `16` = 11L, `17` = 11L, `18` = 15L, `19` = 4L, 
    `20` = 2L, `21` = 5L, `22` = 3L, `23` = 5L, `24` = 2L, `25` = 2L, 
    `26` = 6L, `27` = 5L, `28` = 3L, `29` = 6L, `30` = 2L, `31` = 6L, 
    `32` = 3L, `33` = 4L, `34` = 3L, `37` = 1L, `38` = 3L, `39` = 3L, 
    `40` = 3L, `42` = 1L, `44` = 1L, `45` = 1L, `47` = 2L, `48` = 1L, 
    `50` = 1L, `54` = 2L, `59` = 1L, `61` = 1L), .Dim = 47L, .Dimnames = list(
        TagUsage = c("1", "2", "3", "4", "5", "6", "7", "8", 
        "9", "10", "11", "12", "13", "14", "15", "16", "17", 
        "18", "19", "20", "21", "22", "23", "24", "25", "26", 
        "27", "28", "29", "30", "31", "32", "33", "34", "37", 
        "38", "39", "40", "42", "44", "45", "47", "48", "50", 
        "54", "59", "61")), class = "table"), No.Tag = structure(c(0L, 
    0L, 54L, 0L, 0L, 0L, 1L, 23L, 0L, 0L, 0L, 0L, 0L, 0L, 0L, 
    0L, 0L, 0L, 0L, 0L, 0L, 0L, 3L, 0L, 0L), .Dim = c(5L, 5L), .Dimnames = structure(list(
        c("-2", "-1", "0", "1", NA), c("A", "C", "G", "T", NA
        )), .Names = c("", "")), class = "table"), All.Tags = list(
        Concordant = list(Freqs = structure(c(0, 0, 171, 0, 0, 
        1, 194, 1, 0, 0, 0, 0, 0, 0, 0, 0), .Dim = c(4L, 4L), .Dimnames = list(
            c("-2", "-1", "0", "1"), c("A", "C", "G", "T"))), 
            N = 367), Majority = list(Freqs = structure(c(0, 
        0, 211, 0, 0, 1, 224, 1, 0, 0, 0, 0, 0, 0, 0, 0), .Dim = c(4L, 
        4L), .Dimnames = list(c("-2", "-1", "0", "1"), c("A", 
        "C", "G", "T"))), N = 437)), `2` = structure(c(0, 0, 
    179, 0, 0, 0, 170, 0, 0, 0, 0, 0, 0, 0, 0, 0), .Dim = c(4L, 
    4L), .Dimnames = list(c("-2", "-1", "0", "1"), c("A", "C", 
    "G", "T"))))))
