Results <-
list(`bwa.out//20220204//BlindCMMRD135_S61.sam` = list(GM09_SNP1 = list(
    All = list(Freqs = structure(c(29L, 6384L, 8L, 1L, 0L, 9L, 
    0L, 0L, 0L, 16L, 0L, 0L), .Dim = 4:3, .Dimnames = structure(list(
        c("-1", "0", "1", NA), c("A", "G", NA)), .Names = c("", 
    "")), class = "table"), N = 6447L), Tag.Distribution = structure(c(`1` = 163L, 
    `2` = 135L, `3` = 115L, `4` = 122L, `5` = 86L, `6` = 70L, 
    `7` = 62L, `8` = 55L, `9` = 51L, `10` = 48L, `11` = 29L, 
    `12` = 19L, `13` = 22L, `14` = 21L, `15` = 16L, `16` = 12L, 
    `17` = 6L, `18` = 3L, `19` = 7L, `20` = 7L, `21` = 3L, `22` = 6L, 
    `23` = 3L, `24` = 1L, `26` = 1L, `28` = 1L, `29` = 1L, `31` = 1L, 
    `54` = 1L), .Dim = 29L, .Dimnames = list(TagUsage = c("1", 
    "2", "3", "4", "5", "6", "7", "8", "9", "10", "11", "12", 
    "13", "14", "15", "16", "17", "18", "19", "20", "21", "22", 
    "23", "24", "26", "28", "29", "31", "54")), class = "table"), 
    No.Tag = structure(c(0L, 70L, 0L, 0L, 0L, 2L, 0L, 0L, 0L, 
    2L, 0L, 0L), .Dim = 4:3, .Dimnames = structure(list(c("-1", 
    "0", "1", NA), c("A", "G", NA)), .Names = c("", "")), class = "table"), 
    All.Tags = list(Concordant = list(Freqs = structure(c(2, 
    1027, 0, 0, 4, 0), .Dim = 3:2, .Dimnames = list(c("-1", "0", 
    "1"), c("A", "G"))), N = 1033), Majority = list(Freqs = structure(c(2, 
    1059, 0, 0, 4, 0), .Dim = 3:2, .Dimnames = list(c("-1", "0", 
    "1"), c("A", "G"))), N = 1065)), `2` = structure(c(0, 903, 
    0, 0, 0, 0), .Dim = 3:2, .Dimnames = list(c("-1", "0", "1"
    ), c("A", "G"))))))
