Results <-
list(`bwa.out//20220204//BlindCMMRD85_S44.sam` = list(LR46_SNP1 = list(
    All = list(Freqs = structure(c(6L, 3063L, 3L, 8L, 0L, 4L, 
    0L, 0L, 0L, 22L, 0L, 0L), .Dim = 4:3, .Dimnames = structure(list(
        c("-1", "0", "1", NA), c("G", "T", NA)), .Names = c("", 
    "")), class = "table"), N = 3106L), Tag.Distribution = structure(c(`1` = 110L, 
    `2` = 55L, `3` = 41L, `4` = 42L, `5` = 31L, `6` = 43L, `7` = 26L, 
    `8` = 26L, `9` = 21L, `10` = 12L, `11` = 10L, `12` = 11L, 
    `13` = 9L, `14` = 5L, `15` = 7L, `16` = 6L, `17` = 5L, `18` = 5L, 
    `19` = 2L, `20` = 1L, `21` = 2L, `22` = 3L, `23` = 2L, `24` = 3L, 
    `25` = 2L, `26` = 2L, `27` = 1L, `29` = 3L, `30` = 3L, `33` = 1L
    ), .Dim = 30L, .Dimnames = list(TagUsage = c("1", "2", "3", 
    "4", "5", "6", "7", "8", "9", "10", "11", "12", "13", "14", 
    "15", "16", "17", "18", "19", "20", "21", "22", "23", "24", 
    "25", "26", "27", "29", "30", "33")), class = "table"), No.Tag = structure(c(0L, 
    52L, 0L, 1L, 0L, 0L, 0L, 0L, 0L, 2L, 0L, 0L), .Dim = 4:3, .Dimnames = structure(list(
        c("-1", "0", "1", NA), c("G", "T", NA)), .Names = c("", 
    "")), class = "table"), All.Tags = list(Concordant = list(
        Freqs = structure(c(0, 470, 0, 0, 4, 0), .Dim = 3:2, .Dimnames = list(
            c("-1", "0", "1"), c("G", "T"))), N = 474), Majority = list(
        Freqs = structure(c(0, 479, 0, 0, 4, 0), .Dim = 3:2, .Dimnames = list(
            c("-1", "0", "1"), c("G", "T"))), N = 483)), `2` = structure(c(0, 
    380, 0, 0, 0, 0), .Dim = 3:2, .Dimnames = list(c("-1", "0", 
    "1"), c("G", "T"))))))
