Results <-
list(`bwa.out//20220204//BlindCMMRD42_S2.sam` = list(LR48_SNP1 = list(
    All = list(Freqs = structure(c(0L, 0L, 4L, 0L, 0L, 0L, 7L, 
    136L, 4682L, 65L, 1L, 27L, 0L, 0L, 2L, 0L, 0L, 0L, 0L, 1L, 
    74L, 0L, 0L, 0L), .Dim = c(6L, 4L), .Dimnames = structure(list(
        c("-2", "-1", "0", "1", "2", NA), c("A", "C", "T", NA
        )), .Names = c("", "")), class = "table"), N = 4999L), 
    Tag.Distribution = structure(c(`1` = 57L, `2` = 10L, `3` = 11L, 
    `4` = 5L, `5` = 7L, `6` = 5L, `8` = 4L, `9` = 8L, `10` = 13L, 
    `11` = 4L, `12` = 5L, `13` = 8L, `14` = 5L, `15` = 4L, `16` = 10L, 
    `17` = 8L, `18` = 4L, `19` = 6L, `20` = 2L, `21` = 2L, `22` = 2L, 
    `23` = 5L, `24` = 8L, `25` = 5L, `26` = 2L, `27` = 4L, `28` = 3L, 
    `29` = 8L, `30` = 3L, `31` = 4L, `32` = 4L, `33` = 1L, `34` = 2L, 
    `35` = 3L, `36` = 3L, `37` = 3L, `39` = 1L, `40` = 1L, `41` = 2L, 
    `42` = 1L, `43` = 1L, `46` = 1L, `47` = 1L, `48` = 1L, `49` = 3L, 
    `51` = 1L, `52` = 1L, `53` = 2L, `54` = 2L, `55` = 1L, `56` = 1L, 
    `58` = 1L, `59` = 1L, `62` = 1L, `65` = 1L, `67` = 2L, `74` = 1L, 
    `79` = 1L, `80` = 2L, `93` = 1L), .Dim = 60L, .Dimnames = list(
        TagUsage = c("1", "2", "3", "4", "5", "6", "8", "9", 
        "10", "11", "12", "13", "14", "15", "16", "17", "18", 
        "19", "20", "21", "22", "23", "24", "25", "26", "27", 
        "28", "29", "30", "31", "32", "33", "34", "35", "36", 
        "37", "39", "40", "41", "42", "43", "46", "47", "48", 
        "49", "51", "52", "53", "54", "55", "56", "58", "59", 
        "62", "65", "67", "74", "79", "80", "93")), class = "table"), 
    No.Tag = structure(c(0L, 0L, 0L, 0L, 0L, 0L, 1L, 1L, 189L, 
    2L, 0L, 1L, 0L, 0L, 0L, 0L, 0L, 0L, 0L, 0L, 9L, 0L, 0L, 0L
    ), .Dim = c(6L, 4L), .Dimnames = structure(list(c("-2", "-1", 
    "0", "1", "2", NA), c("A", "C", "T", NA)), .Names = c("", 
    "")), class = "table"), All.Tags = list(Concordant = list(
        Freqs = structure(c(0, 0, 0, 0, 0, 0, 1, 153, 1, 0, 0, 
        0, 1, 0, 0), .Dim = c(5L, 3L), .Dimnames = list(c("-2", 
        "-1", "0", "1", "2"), c("A", "C", "T"))), N = 156), Majority = list(
        Freqs = structure(c(0, 0, 0, 0, 0, 0, 1, 262, 1, 0, 0, 
        0, 1, 0, 0), .Dim = c(5L, 3L), .Dimnames = list(c("-2", 
        "-1", "0", "1", "2"), c("A", "C", "T"))), N = 265)), 
    `2` = structure(c(0, 0, 0, 0, 0, 0, 0, 209, 0, 0, 0, 0, 1, 
    0, 0), .Dim = c(5L, 3L), .Dimnames = list(c("-2", "-1", "0", 
    "1", "2"), c("A", "C", "T"))))))
