Results <-
list(`bwa.out//20220204//Control29_S22.sam` = list(LR36_SNP1 = list(
    All = list(Freqs = structure(c(5L, 41L, 2221L, 16L, 1L, 7L, 
    0L, 0L, 2L, 0L, 0L, 0L, 0L, 0L, 35L, 0L, 0L, 0L), .Dim = c(6L, 
    3L), .Dimnames = structure(list(c("-2", "-1", "0", "1", "2", 
    NA), c("A", "T", NA)), .Names = c("", "")), class = "table"), 
        N = 2328L), Tag.Distribution = structure(c(`1` = 88L, 
    `2` = 53L, `3` = 40L, `4` = 34L, `5` = 20L, `6` = 31L, `7` = 21L, 
    `8` = 18L, `9` = 11L, `10` = 17L, `11` = 8L, `12` = 3L, `13` = 4L, 
    `14` = 7L, `15` = 7L, `16` = 2L, `17` = 1L, `18` = 4L, `19` = 1L, 
    `20` = 5L, `21` = 3L, `22` = 3L, `24` = 2L, `27` = 1L, `34` = 1L, 
    `35` = 1L), .Dim = 26L, .Dimnames = list(TagUsage = c("1", 
    "2", "3", "4", "5", "6", "7", "8", "9", "10", "11", "12", 
    "13", "14", "15", "16", "17", "18", "19", "20", "21", "22", 
    "24", "27", "34", "35")), class = "table"), No.Tag = structure(c(1L, 
    3L, 128L, 2L, 0L, 1L, 0L, 0L, 0L, 0L, 0L, 0L, 0L, 0L, 5L, 
    0L, 0L, 0L), .Dim = c(6L, 3L), .Dimnames = structure(list(
        c("-2", "-1", "0", "1", "2", NA), c("A", "T", NA)), .Names = c("", 
    "")), class = "table"), All.Tags = list(Concordant = list(
        Freqs = structure(c(0, 3, 334, 0, 0, 0, 0, 2, 0, 0), .Dim = c(5L, 
        2L), .Dimnames = list(c("-2", "-1", "0", "1", "2"), c("A", 
        "T"))), N = 339), Majority = list(Freqs = structure(c(0, 
    3, 379, 0, 0, 0, 0, 2, 0, 0), .Dim = c(5L, 2L), .Dimnames = list(
        c("-2", "-1", "0", "1", "2"), c("A", "T"))), N = 384)), 
    `2` = structure(c(0, 0, 297, 0, 0, 0, 0, 0, 0, 0), .Dim = c(5L, 
    2L), .Dimnames = list(c("-2", "-1", "0", "1", "2"), c("A", 
    "T"))))))
