Results <-
list(`bwa.out//20220204//Control18_S11.sam` = list(GM22_SNP1 = list(
    All = list(Freqs = structure(c(1L, 53L, 3155L, 20L, 14L, 
    0L, 0L, 1L, 0L, 0L, 0L, 0L, 28L, 0L, 0L), .Dim = c(5L, 3L
    ), .Dimnames = structure(list(c("-2", "-1", "0", "1", NA), 
        c("A", "G", NA)), .Names = c("", "")), class = "table"), 
        N = 3272L), Tag.Distribution = structure(c(`1` = 111L, 
    `2` = 43L, `3` = 36L, `4` = 29L, `5` = 22L, `6` = 16L, `7` = 25L, 
    `8` = 16L, `9` = 18L, `10` = 11L, `11` = 20L, `12` = 16L, 
    `13` = 9L, `14` = 4L, `15` = 8L, `16` = 6L, `17` = 8L, `18` = 5L, 
    `19` = 3L, `20` = 9L, `21` = 4L, `22` = 1L, `23` = 6L, `25` = 1L, 
    `26` = 2L, `28` = 2L, `29` = 2L, `30` = 1L, `31` = 3L, `32` = 1L, 
    `34` = 1L, `39` = 1L), .Dim = 32L, .Dimnames = list(TagUsage = c("1", 
    "2", "3", "4", "5", "6", "7", "8", "9", "10", "11", "12", 
    "13", "14", "15", "16", "17", "18", "19", "20", "21", "22", 
    "23", "25", "26", "28", "29", "30", "31", "32", "34", "39"
    )), class = "table"), No.Tag = structure(c(0L, 2L, 139L, 
    0L, 1L, 0L, 0L, 0L, 0L, 0L, 0L, 0L, 1L, 0L, 0L), .Dim = c(5L, 
    3L), .Dimnames = structure(list(c("-2", "-1", "0", "1", NA
    ), c("A", "G", NA)), .Names = c("", "")), class = "table"), 
    All.Tags = list(Concordant = list(Freqs = structure(c(0, 
    2, 383, 0, 0, 0, 1, 0), .Dim = c(4L, 2L), .Dimnames = list(
        c("-2", "-1", "0", "1"), c("A", "G"))), N = 386), Majority = list(
        Freqs = structure(c(0, 3, 429, 0, 0, 0, 1, 0), .Dim = c(4L, 
        2L), .Dimnames = list(c("-2", "-1", "0", "1"), c("A", 
        "G"))), N = 433)), `2` = structure(c(0, 1, 326, 0, 0, 
    0, 0, 0), .Dim = c(4L, 2L), .Dimnames = list(c("-2", "-1", 
    "0", "1"), c("A", "G"))))))
