Results <-
list(`bwa.out//20220204//BlindCMMRD62_S21.sam` = list(GM09_SNP1 = list(
    All = list(Freqs = structure(c(21L, 5924L, 6L, 3L, 0L, 6L, 
    0L, 0L, 0L, 24L, 0L, 0L), .Dim = 4:3, .Dimnames = structure(list(
        c("-1", "0", "1", NA), c("A", "G", NA)), .Names = c("", 
    "")), class = "table"), N = 5984L), Tag.Distribution = structure(c(`1` = 128L, 
    `2` = 87L, `3` = 61L, `4` = 57L, `5` = 45L, `6` = 43L, `7` = 33L, 
    `8` = 25L, `9` = 34L, `10` = 27L, `11` = 27L, `12` = 26L, 
    `13` = 12L, `14` = 15L, `15` = 12L, `16` = 18L, `17` = 18L, 
    `18` = 14L, `19` = 7L, `20` = 4L, `21` = 14L, `22` = 8L, 
    `23` = 6L, `24` = 5L, `25` = 9L, `26` = 3L, `27` = 1L, `28` = 2L, 
    `29` = 2L, `30` = 2L, `31` = 1L, `33` = 1L, `34` = 2L, `35` = 2L, 
    `38` = 1L), .Dim = 35L, .Dimnames = list(TagUsage = c("1", 
    "2", "3", "4", "5", "6", "7", "8", "9", "10", "11", "12", 
    "13", "14", "15", "16", "17", "18", "19", "20", "21", "22", 
    "23", "24", "25", "26", "27", "28", "29", "30", "31", "33", 
    "34", "35", "38")), class = "table"), No.Tag = structure(c(0L, 
    90L, 0L, 0L, 0L, 0L, 0L, 0L, 0L, 5L, 0L, 0L), .Dim = 4:3, .Dimnames = structure(list(
        c("-1", "0", "1", NA), c("A", "G", NA)), .Names = c("", 
    "")), class = "table"), All.Tags = list(Concordant = list(
        Freqs = structure(c(2, 719, 0, 0, 4, 0), .Dim = 3:2, .Dimnames = list(
            c("-1", "0", "1"), c("A", "G"))), N = 725), Majority = list(
        Freqs = structure(c(2, 739, 0, 0, 4, 0), .Dim = 3:2, .Dimnames = list(
            c("-1", "0", "1"), c("A", "G"))), N = 745)), `2` = structure(c(1, 
    621, 0, 0, 0, 0), .Dim = 3:2, .Dimnames = list(c("-1", "0", 
    "1"), c("A", "G"))))))
