Results <-
list(`bwa.out//20220204//Control30_S23.sam` = list(IM16_SNP1 = list(
    All = list(Freqs = structure(c(0L, 4L, 0L, 0L, 0L, 27L, 3226L, 
    47L, 1L, 4L, 0L, 51L, 3L, 0L, 0L), .Dim = c(5L, 3L), .Dimnames = structure(list(
        c("-1", "0", "1", "2", NA), c("A", "G", NA)), .Names = c("", 
    "")), class = "table"), N = 3363L), Tag.Distribution = structure(c(`1` = 140L, 
    `2` = 47L, `3` = 38L, `4` = 49L, `5` = 35L, `6` = 21L, `7` = 18L, 
    `8` = 24L, `9` = 19L, `10` = 20L, `11` = 13L, `12` = 11L, 
    `13` = 9L, `14` = 13L, `15` = 6L, `16` = 5L, `17` = 4L, `18` = 5L, 
    `19` = 7L, `20` = 4L, `21` = 5L, `22` = 3L, `23` = 4L, `24` = 2L, 
    `25` = 2L, `26` = 1L, `27` = 1L, `28` = 1L, `29` = 1L, `30` = 1L, 
    `31` = 1L, `37` = 1L), .Dim = 32L, .Dimnames = list(TagUsage = c("1", 
    "2", "3", "4", "5", "6", "7", "8", "9", "10", "11", "12", 
    "13", "14", "15", "16", "17", "18", "19", "20", "21", "22", 
    "23", "24", "25", "26", "27", "28", "29", "30", "31", "37"
    )), class = "table"), No.Tag = structure(c(0L, 1L, 0L, 0L, 
    0L, 1L, 134L, 2L, 0L, 1L, 0L, 6L, 0L, 0L, 0L), .Dim = c(5L, 
    3L), .Dimnames = structure(list(c("-1", "0", "1", "2", NA
    ), c("A", "G", NA)), .Names = c("", "")), class = "table"), 
    All.Tags = list(Concordant = list(Freqs = structure(c(0, 
    3, 0, 0, 2, 444, 2, 0), .Dim = c(4L, 2L), .Dimnames = list(
        c("-1", "0", "1", "2"), c("A", "G"))), N = 451), Majority = list(
        Freqs = structure(c(0, 3, 0, 0, 2, 488, 2, 0), .Dim = c(4L, 
        2L), .Dimnames = list(c("-1", "0", "1", "2"), c("A", 
        "G"))), N = 495)), `2` = structure(c(0, 0, 0, 0, 1, 365, 
    1, 0), .Dim = c(4L, 2L), .Dimnames = list(c("-1", "0", "1", 
    "2"), c("A", "G"))))))
