Results <-
list(`bwa.out//20220204//BlindCMMRD122_S48.sam` = list(LR46_SNP1 = list(
    All = list(Freqs = structure(c(0L, 1L, 0L, 0L, 0L, 11L, 3393L, 
    11L, 1L, 8L, 0L, 2L, 0L, 0L, 0L, 0L, 11L, 0L, 0L, 0L), .Dim = 5:4, .Dimnames = structure(list(
        c("-1", "0", "1", "2", NA), c("A", "G", "T", NA)), .Names = c("", 
    "")), class = "table"), N = 3438L), Tag.Distribution = structure(c(`1` = 170L, 
    `2` = 112L, `3` = 88L, `4` = 76L, `5` = 55L, `6` = 29L, `7` = 36L, 
    `8` = 23L, `9` = 23L, `10` = 21L, `11` = 15L, `12` = 11L, 
    `13` = 8L, `14` = 12L, `15` = 2L, `16` = 7L, `17` = 7L, `19` = 2L, 
    `21` = 4L, `22` = 2L, `25` = 1L, `34` = 1L, `36` = 1L), .Dim = 23L, .Dimnames = list(
        TagUsage = c("1", "2", "3", "4", "5", "6", "7", "8", 
        "9", "10", "11", "12", "13", "14", "15", "16", "17", 
        "19", "21", "22", "25", "34", "36")), class = "table"), 
    No.Tag = structure(c(0L, 0L, 0L, 0L, 0L, 0L, 78L, 0L, 0L, 
    0L, 0L, 1L, 0L, 0L, 0L, 0L, 4L, 0L, 0L, 0L), .Dim = 5:4, .Dimnames = structure(list(
        c("-1", "0", "1", "2", NA), c("A", "G", "T", NA)), .Names = c("", 
    "")), class = "table"), All.Tags = list(Concordant = list(
        Freqs = structure(c(0, 0, 0, 0, 1, 678, 1, 0, 0, 1, 0, 
        0), .Dim = 4:3, .Dimnames = list(c("-1", "0", "1", "2"
        ), c("A", "G", "T"))), N = 681), Majority = list(Freqs = structure(c(0, 
    0, 0, 0, 1, 699, 1, 0, 0, 1, 0, 0), .Dim = 4:3, .Dimnames = list(
        c("-1", "0", "1", "2"), c("A", "G", "T"))), N = 702)), 
    `2` = structure(c(0, 0, 0, 0, 0, 535, 0, 0, 0, 0, 0, 0), .Dim = 4:3, .Dimnames = list(
        c("-1", "0", "1", "2"), c("A", "G", "T"))))))
