Results <-
list(`bwa.out//20220204//BlindCMMRD65_S24.sam` = list(LR10_SNP1 = list(
    All = list(Freqs = structure(c(0L, 0L, 1L, 0L, 0L, 0L, 0L, 
    0L, 7L, 0L, 0L, 0L, 1L, 54L, 3441L, 10L, 2L, 3L, 0L, 1L, 
    41L, 0L, 0L, 0L), .Dim = c(6L, 4L), .Dimnames = structure(list(
        c("-2", "-1", "0", "1", "2", NA), c("A", "C", "T", NA
        )), .Names = c("", "")), class = "table"), N = 3561L), 
    Tag.Distribution = structure(c(`1` = 103L, `2` = 50L, `3` = 52L, 
    `4` = 39L, `5` = 36L, `6` = 54L, `7` = 29L, `8` = 22L, `9` = 23L, 
    `10` = 9L, `11` = 23L, `12` = 11L, `13` = 12L, `14` = 6L, 
    `15` = 7L, `16` = 8L, `17` = 8L, `18` = 14L, `19` = 6L, `20` = 2L, 
    `21` = 2L, `22` = 3L, `24` = 2L, `25` = 2L, `27` = 2L, `28` = 1L, 
    `29` = 1L, `31` = 1L, `34` = 1L), .Dim = 29L, .Dimnames = list(
        TagUsage = c("1", "2", "3", "4", "5", "6", "7", "8", 
        "9", "10", "11", "12", "13", "14", "15", "16", "17", 
        "18", "19", "20", "21", "22", "24", "25", "27", "28", 
        "29", "31", "34")), class = "table"), No.Tag = structure(c(0L, 
    0L, 0L, 0L, 0L, 0L, 0L, 0L, 0L, 0L, 0L, 0L, 0L, 0L, 81L, 
    0L, 0L, 0L, 0L, 0L, 3L, 0L, 0L, 0L), .Dim = c(6L, 4L), .Dimnames = structure(list(
        c("-2", "-1", "0", "1", "2", NA), c("A", "C", "T", NA
        )), .Names = c("", "")), class = "table"), All.Tags = list(
        Concordant = list(Freqs = structure(c(0, 0, 0, 0, 0, 
        0, 0, 4, 0, 0, 0, 1, 473, 0, 0), .Dim = c(5L, 3L), .Dimnames = list(
            c("-2", "-1", "0", "1", "2"), c("A", "C", "T"))), 
            N = 478), Majority = list(Freqs = structure(c(0, 
        0, 0, 0, 0, 0, 0, 4, 0, 0, 0, 2, 515, 1, 0), .Dim = c(5L, 
        3L), .Dimnames = list(c("-2", "-1", "0", "1", "2"), c("A", 
        "C", "T"))), N = 522)), `2` = structure(c(0, 0, 0, 0, 
    0, 0, 0, 0, 0, 0, 0, 2, 419, 1, 0), .Dim = c(5L, 3L), .Dimnames = list(
        c("-2", "-1", "0", "1", "2"), c("A", "C", "T"))))))
