Results <-
list(`bwa.out//20220204//BlindCMMRD92_S51.sam` = list(GM26_SNP1 = list(
    All = list(Freqs = structure(c(1L, 12L, 1735L, 10L, 2L, 0L, 
    9L, 1871L, 5L, 2L, 0L, 0L, 2L, 0L, 0L, 0L, 0L, 38L, 0L, 0L
    ), .Dim = 5:4, .Dimnames = structure(list(c("-2", "-1", "0", 
    "1", NA), c("A", "G", "T", NA)), .Names = c("", "")), class = "table"), 
        N = 3687L), Tag.Distribution = structure(c(`1` = 98L, 
    `2` = 33L, `3` = 33L, `4` = 32L, `5` = 24L, `6` = 24L, `7` = 26L, 
    `8` = 19L, `9` = 18L, `10` = 15L, `11` = 18L, `12` = 14L, 
    `13` = 11L, `14` = 12L, `15` = 8L, `16` = 9L, `17` = 8L, 
    `18` = 8L, `19` = 7L, `20` = 2L, `21` = 7L, `22` = 3L, `23` = 4L, 
    `24` = 4L, `25` = 2L, `26` = 1L, `27` = 2L, `28` = 4L, `31` = 2L, 
    `32` = 1L, `37` = 2L, `38` = 1L, `39` = 1L, `45` = 1L), .Dim = 34L, .Dimnames = list(
        TagUsage = c("1", "2", "3", "4", "5", "6", "7", "8", 
        "9", "10", "11", "12", "13", "14", "15", "16", "17", 
        "18", "19", "20", "21", "22", "23", "24", "25", "26", 
        "27", "28", "31", "32", "37", "38", "39", "45")), class = "table"), 
    No.Tag = structure(c(0L, 0L, 40L, 0L, 1L, 0L, 0L, 16L, 0L, 
    0L, 0L, 0L, 0L, 0L, 0L, 0L, 0L, 2L, 0L, 0L), .Dim = 5:4, .Dimnames = structure(list(
        c("-2", "-1", "0", "1", NA), c("A", "G", "T", NA)), .Names = c("", 
    "")), class = "table"), All.Tags = list(Concordant = list(
        Freqs = structure(c(0, 0, 180, 0, 0, 1, 216, 0, 0, 0, 
        0, 0), .Dim = 4:3, .Dimnames = list(c("-2", "-1", "0", 
        "1"), c("A", "G", "T"))), N = 397), Majority = list(Freqs = structure(c(0, 
    0, 210, 0, 0, 1, 234, 0, 0, 0, 0, 0), .Dim = 4:3, .Dimnames = list(
        c("-2", "-1", "0", "1"), c("A", "G", "T"))), N = 445)), 
    `2` = structure(c(0, 0, 168, 0, 0, 0, 186, 0, 0, 0, 0, 0), .Dim = 4:3, .Dimnames = list(
        c("-2", "-1", "0", "1"), c("A", "G", "T"))))))
