Results <-
list(`bwa.out//20220204//BlindCMMRD125_S51.sam` = list(GM09_SNP1 = list(
    All = list(Freqs = structure(c(0L, 11L, 0L, 0L, 0L, 30L, 
    4743L, 10L, 1L, 1L, 0L, 19L, 0L, 0L, 0L), .Dim = c(5L, 3L
    ), .Dimnames = structure(list(c("-1", "0", "1", "2", NA), 
        c("A", "G", NA)), .Names = c("", "")), class = "table"), 
        N = 4815L), Tag.Distribution = structure(c(`1` = 274L, 
    `2` = 166L, `3` = 176L, `4` = 137L, `5` = 101L, `6` = 59L, 
    `7` = 57L, `8` = 47L, `9` = 30L, `10` = 23L, `11` = 19L, 
    `12` = 10L, `13` = 16L, `14` = 7L, `15` = 5L, `16` = 2L, 
    `17` = 2L, `18` = 1L, `19` = 2L, `20` = 2L, `21` = 1L, `22` = 1L, 
    `26` = 1L), .Dim = 23L, .Dimnames = list(TagUsage = c("1", 
    "2", "3", "4", "5", "6", "7", "8", "9", "10", "11", "12", 
    "13", "14", "15", "16", "17", "18", "19", "20", "21", "22", 
    "26")), class = "table"), No.Tag = structure(c(0L, 2L, 0L, 
    0L, 0L, 0L, 54L, 0L, 0L, 0L, 0L, 2L, 0L, 0L, 0L), .Dim = c(5L, 
    3L), .Dimnames = structure(list(c("-1", "0", "1", "2", NA
    ), c("A", "G", NA)), .Names = c("", "")), class = "table"), 
    All.Tags = list(Concordant = list(Freqs = structure(c(0, 
    5, 0, 0, 6, 1096, 1, 1), .Dim = c(4L, 2L), .Dimnames = list(
        c("-1", "0", "1", "2"), c("A", "G"))), N = 1109), Majority = list(
        Freqs = structure(c(0, 5, 0, 0, 7, 1116, 1, 1), .Dim = c(4L, 
        2L), .Dimnames = list(c("-1", "0", "1", "2"), c("A", 
        "G"))), N = 1130)), `2` = structure(c(0, 0, 0, 0, 3, 
    857, 0, 0), .Dim = c(4L, 2L), .Dimnames = list(c("-1", "0", 
    "1", "2"), c("A", "G"))))))
