Results <-
list(`bwa.out//20220204//Control13_S6.sam` = list(LR40_SNP1 = list(
    All = list(Freqs = structure(c(0L, 1L, 0L, 0L, 29L, 2904L, 
    11L, 5L, 0L, 14L, 0L, 0L), .Dim = 4:3, .Dimnames = structure(list(
        c("-1", "0", "1", NA), c("A", "C", NA)), .Names = c("", 
    "")), class = "table"), N = 2964L), Tag.Distribution = structure(c(`1` = 106L, 
    `2` = 57L, `3` = 53L, `4` = 32L, `5` = 31L, `6` = 27L, `7` = 27L, 
    `8` = 23L, `9` = 23L, `10` = 17L, `11` = 14L, `12` = 12L, 
    `13` = 10L, `14` = 10L, `15` = 3L, `16` = 3L, `17` = 4L, 
    `18` = 1L, `19` = 5L, `20` = 4L, `21` = 3L, `22` = 1L, `23` = 2L, 
    `26` = 3L, `27` = 1L, `28` = 1L, `29` = 1L, `32` = 1L, `40` = 1L
    ), .Dim = 29L, .Dimnames = list(TagUsage = c("1", "2", "3", 
    "4", "5", "6", "7", "8", "9", "10", "11", "12", "13", "14", 
    "15", "16", "17", "18", "19", "20", "21", "22", "23", "26", 
    "27", "28", "29", "32", "40")), class = "table"), No.Tag = structure(c(0L, 
    0L, 0L, 0L, 0L, 102L, 0L, 1L, 0L, 0L, 0L, 0L), .Dim = 4:3, .Dimnames = structure(list(
        c("-1", "0", "1", NA), c("A", "C", NA)), .Names = c("", 
    "")), class = "table"), All.Tags = list(Concordant = list(
        Freqs = structure(c(0, 1, 0, 1, 437, 1), .Dim = 3:2, .Dimnames = list(
            c("-1", "0", "1"), c("A", "C"))), N = 440), Majority = list(
        Freqs = structure(c(0, 1, 0, 1, 471, 1), .Dim = 3:2, .Dimnames = list(
            c("-1", "0", "1"), c("A", "C"))), N = 474)), `2` = structure(c(0, 
    0, 0, 0, 370, 0), .Dim = 3:2, .Dimnames = list(c("-1", "0", 
    "1"), c("A", "C"))))))
