Results <-
list(`bwa.out//20220204//Control18_S11.sam` = list(IM49_SNP1 = list(
    All = list(Freqs = structure(c(0L, 0L, 5L, 0L, 0L, 0L, 2L, 
    55L, 2585L, 42L, 2L, 32L, 0L, 0L, 5L, 0L, 0L, 0L, 0L, 0L, 
    1L, 0L, 0L, 0L, 0L, 1L, 125L, 2L, 0L, 0L), .Dim = 6:5, .Dimnames = structure(list(
        c("-2", "-1", "0", "1", "2", NA), c("A", "C", "G", "T", 
        NA)), .Names = c("", "")), class = "table"), N = 2857L), 
    Tag.Distribution = structure(c(`1` = 197L, `2` = 65L, `3` = 45L, 
    `4` = 42L, `5` = 26L, `6` = 31L, `7` = 32L, `8` = 16L, `9` = 12L, 
    `10` = 16L, `11` = 13L, `12` = 10L, `13` = 5L, `14` = 12L, 
    `15` = 7L, `16` = 3L, `17` = 2L, `18` = 6L, `19` = 3L, `20` = 3L, 
    `21` = 1L, `22` = 3L, `23` = 1L, `25` = 2L, `26` = 2L, `28` = 1L, 
    `32` = 1L), .Dim = 27L, .Dimnames = list(TagUsage = c("1", 
    "2", "3", "4", "5", "6", "7", "8", "9", "10", "11", "12", 
    "13", "14", "15", "16", "17", "18", "19", "20", "21", "22", 
    "23", "25", "26", "28", "32")), class = "table"), No.Tag = structure(c(0L, 
    0L, 0L, 0L, 0L, 0L, 0L, 2L, 99L, 1L, 0L, 3L, 0L, 0L, 0L, 
    0L, 0L, 0L, 0L, 0L, 0L, 0L, 0L, 0L, 0L, 0L, 6L, 0L, 0L, 0L
    ), .Dim = 6:5, .Dimnames = structure(list(c("-2", "-1", "0", 
    "1", "2", NA), c("A", "C", "G", "T", NA)), .Names = c("", 
    "")), class = "table"), All.Tags = list(Concordant = list(
        Freqs = structure(c(0, 0, 1, 0, 0, 0, 2, 430, 1, 0, 0, 
        0, 5, 0, 0, 0, 0, 0, 0, 0), .Dim = 5:4, .Dimnames = list(
            c("-2", "-1", "0", "1", "2"), c("A", "C", "G", "T"
            ))), N = 439), Majority = list(Freqs = structure(c(0, 
    0, 1, 0, 0, 0, 2, 505, 1, 0, 0, 0, 5, 0, 0, 0, 0, 0, 0, 0
    ), .Dim = 5:4, .Dimnames = list(c("-2", "-1", "0", "1", "2"
    ), c("A", "C", "G", "T"))), N = 514)), `2` = structure(c(0, 
    0, 1, 0, 0, 0, 0, 353, 0, 0, 0, 0, 0, 0, 0, 0, 0, 0, 0, 0
    ), .Dim = 5:4, .Dimnames = list(c("-2", "-1", "0", "1", "2"
    ), c("A", "C", "G", "T"))))))
