Results <-
list(`bwa.out//20220204//BlindCMMRD134_S60.sam` = list(LR44_SNP1 = list(
    All = list(Freqs = structure(c(12L, 357L, 5302L, 76L, 1L, 
    1L, 37L, 0L, 0L, 8L, 1L, 0L, 0L, 1L, 0L, 0L, 62L, 2L, 0L, 
    0L, 0L), .Dim = c(7L, 3L), .Dimnames = structure(list(c("-2", 
    "-1", "0", "1", "2", "3", NA), c("C", "T", NA)), .Names = c("", 
    "")), class = "table"), N = 5860L), Tag.Distribution = structure(c(`1` = 167L, 
    `2` = 142L, `3` = 134L, `4` = 133L, `5` = 116L, `6` = 79L, 
    `7` = 65L, `8` = 68L, `9` = 33L, `10` = 47L, `11` = 27L, 
    `12` = 22L, `13` = 17L, `14` = 9L, `15` = 10L, `16` = 6L, 
    `17` = 3L, `18` = 4L, `19` = 1L, `20` = 4L, `21` = 2L, `22` = 1L, 
    `23` = 2L, `24` = 2L), .Dim = 24L, .Dimnames = list(TagUsage = c("1", 
    "2", "3", "4", "5", "6", "7", "8", "9", "10", "11", "12", 
    "13", "14", "15", "16", "17", "18", "19", "20", "21", "22", 
    "23", "24")), class = "table"), No.Tag = structure(c(0L, 
    3L, 101L, 5L, 0L, 1L, 2L, 0L, 0L, 0L, 0L, 0L, 0L, 1L, 0L, 
    0L, 7L, 1L, 0L, 0L, 0L), .Dim = c(7L, 3L), .Dimnames = structure(list(
        c("-2", "-1", "0", "1", "2", "3", NA), c("C", "T", NA
        )), .Names = c("", "")), class = "table"), All.Tags = list(
        Concordant = list(Freqs = structure(c(0, 10, 776, 1, 
        0, 0, 0, 0, 1, 1, 0, 0), .Dim = c(6L, 2L), .Dimnames = list(
            c("-2", "-1", "0", "1", "2", "3"), c("C", "T"))), 
            N = 789), Majority = list(Freqs = structure(c(0, 
        14, 1039, 1, 0, 0, 0, 0, 1, 1, 0, 0), .Dim = c(6L, 2L
        ), .Dimnames = list(c("-2", "-1", "0", "1", "2", "3"), 
            c("C", "T"))), N = 1056)), `2` = structure(c(0, 7, 
    885, 1, 0, 0, 0, 0, 1, 0, 0, 0), .Dim = c(6L, 2L), .Dimnames = list(
        c("-2", "-1", "0", "1", "2", "3"), c("C", "T"))))))
