Results <-
list(`bwa.out//20220204//BlindCMMRD116_S42.sam` = list(GM01_SNP1 = list(
    All = list(Freqs = structure(c(68L, 2654L, 20L, 18L, 39L, 
    2805L, 6L, 15L, 1L, 40L, 0L, 0L), .Dim = 4:3, .Dimnames = structure(list(
        c("-1", "0", "1", NA), c("A", "G", NA)), .Names = c("", 
    "")), class = "table"), N = 5666L), Tag.Distribution = structure(c(`1` = 154L, 
    `2` = 122L, `3` = 124L, `4` = 123L, `5` = 106L, `6` = 90L, 
    `7` = 78L, `8` = 63L, `9` = 50L, `10` = 33L, `11` = 21L, 
    `12` = 17L, `13` = 6L, `14` = 14L, `15` = 11L, `16` = 7L, 
    `17` = 6L, `18` = 4L, `19` = 3L, `20` = 2L, `21` = 1L, `22` = 1L, 
    `23` = 1L, `24` = 1L, `26` = 1L, `28` = 1L), .Dim = 26L, .Dimnames = list(
        TagUsage = c("1", "2", "3", "4", "5", "6", "7", "8", 
        "9", "10", "11", "12", "13", "14", "15", "16", "17", 
        "18", "19", "20", "21", "22", "23", "24", "26", "28")), class = "table"), 
    No.Tag = structure(c(1L, 36L, 0L, 1L, 0L, 61L, 0L, 2L, 0L, 
    2L, 0L, 0L), .Dim = 4:3, .Dimnames = structure(list(c("-1", 
    "0", "1", NA), c("A", "G", NA)), .Names = c("", "")), class = "table"), 
    All.Tags = list(Concordant = list(Freqs = structure(c(5, 
    392, 2, 1, 446, 0), .Dim = 3:2, .Dimnames = list(c("-1", 
    "0", "1"), c("A", "G"))), N = 846), Majority = list(Freqs = structure(c(5, 
    487, 2, 2, 526, 0), .Dim = 3:2, .Dimnames = list(c("-1", 
    "0", "1"), c("A", "G"))), N = 1022)), `2` = structure(c(1, 
    410, 2, 2, 459, 0), .Dim = 3:2, .Dimnames = list(c("-1", 
    "0", "1"), c("A", "G"))))))
