Results <-
list(`bwa.out//20220204//Control24_S17.sam` = list(GM29_SNP1 = list(
    All = list(Freqs = structure(c(0L, 0L, 7L, 0L, 0L, 0L, 15L, 
    2253L, 11L, 1L, 0L, 0L, 1L, 0L, 0L, 1L, 0L, 8L, 0L, 0L), .Dim = 5:4, .Dimnames = structure(list(
        c("-2", "-1", "0", "1", NA), c("A", "G", "T", NA)), .Names = c("", 
    "")), class = "table"), N = 2297L), Tag.Distribution = structure(c(`1` = 81L, 
    `2` = 34L, `3` = 34L, `4` = 26L, `5` = 18L, `6` = 15L, `7` = 17L, 
    `8` = 10L, `9` = 14L, `10` = 10L, `11` = 12L, `12` = 8L, 
    `13` = 3L, `14` = 9L, `15` = 6L, `16` = 1L, `17` = 3L, `18` = 4L, 
    `19` = 4L, `21` = 7L, `22` = 2L, `23` = 2L, `25` = 3L, `27` = 1L, 
    `30` = 1L, `32` = 1L, `35` = 1L, `38` = 1L, `39` = 1L, `41` = 1L
    ), .Dim = 30L, .Dimnames = list(TagUsage = c("1", "2", "3", 
    "4", "5", "6", "7", "8", "9", "10", "11", "12", "13", "14", 
    "15", "16", "17", "18", "19", "21", "22", "23", "25", "27", 
    "30", "32", "35", "38", "39", "41")), class = "table"), No.Tag = structure(c(0L, 
    0L, 2L, 0L, 0L, 0L, 1L, 80L, 0L, 0L, 0L, 0L, 0L, 0L, 0L, 
    0L, 0L, 2L, 0L, 0L), .Dim = 5:4, .Dimnames = structure(list(
        c("-2", "-1", "0", "1", NA), c("A", "G", "T", NA)), .Names = c("", 
    "")), class = "table"), All.Tags = list(Concordant = list(
        Freqs = structure(c(0, 0, 3, 0, 0, 1, 303, 1, 0, 0, 0, 
        0), .Dim = 4:3, .Dimnames = list(c("-2", "-1", "0", "1"
        ), c("A", "G", "T"))), N = 308), Majority = list(Freqs = structure(c(0, 
    0, 3, 0, 0, 1, 324, 1, 0, 0, 0, 0), .Dim = 4:3, .Dimnames = list(
        c("-2", "-1", "0", "1"), c("A", "G", "T"))), N = 329)), 
    `2` = structure(c(0, 0, 0, 0, 0, 0, 248, 1, 0, 0, 0, 0), .Dim = 4:3, .Dimnames = list(
        c("-2", "-1", "0", "1"), c("A", "G", "T"))))))
