Results <-
list(`bwa.out//20220204//Control12_S5.sam` = list(LR46_SNP1 = list(
    All = list(Freqs = structure(c(0L, 1L, 0L, 0L, 0L, 3L, 0L, 
    0L, 6L, 2014L, 9L, 4L, 0L, 6L, 0L, 0L), .Dim = c(4L, 4L), .Dimnames = structure(list(
        c("-1", "0", "1", NA), c("-", "G", "T", NA)), .Names = c("", 
    "")), class = "table"), N = 2043L), Tag.Distribution = structure(c(`1` = 76L, 
    `2` = 30L, `3` = 23L, `4` = 21L, `5` = 16L, `6` = 14L, `7` = 15L, 
    `8` = 9L, `9` = 13L, `10` = 16L, `11` = 11L, `12` = 11L, 
    `13` = 3L, `14` = 6L, `15` = 3L, `16` = 6L, `17` = 2L, `18` = 4L, 
    `19` = 1L, `21` = 2L, `22` = 1L, `24` = 1L, `25` = 4L, `29` = 1L, 
    `33` = 2L, `38` = 1L, `39` = 1L, `43` = 1L), .Dim = 28L, .Dimnames = list(
        TagUsage = c("1", "2", "3", "4", "5", "6", "7", "8", 
        "9", "10", "11", "12", "13", "14", "15", "16", "17", 
        "18", "19", "21", "22", "24", "25", "29", "33", "38", 
        "39", "43")), class = "table"), No.Tag = structure(c(0L, 
    0L, 0L, 0L, 0L, 1L, 0L, 0L, 0L, 87L, 0L, 0L, 0L, 3L, 0L, 
    0L), .Dim = c(4L, 4L), .Dimnames = structure(list(c("-1", 
    "0", "1", NA), c("-", "G", "T", NA)), .Names = c("", "")), class = "table"), 
    All.Tags = list(Concordant = list(Freqs = structure(c(0, 
    0, 0, 0, 1, 0, 0, 279, 0), .Dim = c(3L, 3L), .Dimnames = list(
        c("-1", "0", "1"), c("-", "G", "T"))), N = 280), Majority = list(
        Freqs = structure(c(0, 0, 0, 0, 1, 0, 0, 292, 0), .Dim = c(3L, 
        3L), .Dimnames = list(c("-1", "0", "1"), c("-", "G", 
        "T"))), N = 293)), `2` = structure(c(0, 0, 0, 0, 0, 0, 
    0, 218, 0), .Dim = c(3L, 3L), .Dimnames = list(c("-1", "0", 
    "1"), c("-", "G", "T"))))))
