Results <-
list(`bwa.out//20220204//BlindCMMRD83_S42.sam` = list(LR46_SNP1 = list(
    All = list(Freqs = structure(c(0L, 1L, 0L, 0L, 0L, 6L, 0L, 
    0L, 18L, 3922L, 9L, 4L, 1L, 10L, 0L, 0L), .Dim = c(4L, 4L
    ), .Dimnames = structure(list(c("-1", "0", "1", NA), c("A", 
    "G", "T", NA)), .Names = c("", "")), class = "table"), N = 3971L), 
    Tag.Distribution = structure(c(`1` = 87L, `2` = 41L, `3` = 33L, 
    `4` = 32L, `5` = 39L, `6` = 31L, `7` = 25L, `8` = 13L, `9` = 20L, 
    `10` = 14L, `11` = 16L, `12` = 14L, `13` = 8L, `14` = 8L, 
    `15` = 11L, `16` = 5L, `17` = 6L, `18` = 4L, `19` = 4L, `20` = 9L, 
    `21` = 2L, `22` = 2L, `23` = 1L, `24` = 4L, `25` = 2L, `26` = 2L, 
    `27` = 4L, `28` = 5L, `29` = 4L, `30` = 2L, `32` = 1L, `33` = 1L, 
    `36` = 1L, `37` = 1L, `38` = 2L, `40` = 1L, `41` = 2L, `42` = 1L, 
    `44` = 1L, `57` = 1L), .Dim = 40L, .Dimnames = list(TagUsage = c("1", 
    "2", "3", "4", "5", "6", "7", "8", "9", "10", "11", "12", 
    "13", "14", "15", "16", "17", "18", "19", "20", "21", "22", 
    "23", "24", "25", "26", "27", "28", "29", "30", "32", "33", 
    "36", "37", "38", "40", "41", "42", "44", "57")), class = "table"), 
    No.Tag = structure(c(0L, 0L, 0L, 0L, 0L, 0L, 0L, 0L, 1L, 
    144L, 2L, 1L, 0L, 2L, 0L, 0L), .Dim = c(4L, 4L), .Dimnames = structure(list(
        c("-1", "0", "1", NA), c("A", "G", "T", NA)), .Names = c("", 
    "")), class = "table"), All.Tags = list(Concordant = list(
        Freqs = structure(c(0, 0, 0, 0, 6, 0, 1, 434, 0), .Dim = c(3L, 
        3L), .Dimnames = list(c("-1", "0", "1"), c("A", "G", 
        "T"))), N = 441), Majority = list(Freqs = structure(c(0, 
    0, 0, 0, 6, 0, 2, 451, 0), .Dim = c(3L, 3L), .Dimnames = list(
        c("-1", "0", "1"), c("A", "G", "T"))), N = 459)), `2` = structure(c(0, 
    0, 0, 0, 0, 0, 2, 370, 0), .Dim = c(3L, 3L), .Dimnames = list(
        c("-1", "0", "1"), c("A", "G", "T"))))))
