Results <-
list(`bwa.out//20220204//BlindCMMRD72_S31.sam` = list(LR40_SNP1 = list(
    All = list(Freqs = structure(c(1L, 61L, 5049L, 17L, 10L, 
    0L, 0L, 26L, 0L, 0L), .Dim = c(5L, 2L), .Dimnames = structure(list(
        c("-2", "-1", "0", "1", NA), c("C", NA)), .Names = c("", 
    "")), class = "table"), N = 5164L), Tag.Distribution = structure(c(`1` = 129L, 
    `2` = 77L, `3` = 70L, `4` = 60L, `5` = 51L, `6` = 32L, `7` = 42L, 
    `8` = 40L, `9` = 27L, `10` = 24L, `11` = 33L, `12` = 8L, 
    `13` = 16L, `14` = 14L, `15` = 10L, `16` = 8L, `17` = 7L, 
    `18` = 5L, `19` = 5L, `20` = 5L, `21` = 8L, `22` = 7L, `23` = 2L, 
    `24` = 5L, `25` = 3L, `26` = 4L, `27` = 5L, `28` = 3L, `29` = 1L, 
    `30` = 1L, `32` = 1L, `35` = 1L, `37` = 1L, `40` = 1L, `41` = 1L, 
    `46` = 1L), .Dim = 36L, .Dimnames = list(TagUsage = c("1", 
    "2", "3", "4", "5", "6", "7", "8", "9", "10", "11", "12", 
    "13", "14", "15", "16", "17", "18", "19", "20", "21", "22", 
    "23", "24", "25", "26", "27", "28", "29", "30", "32", "35", 
    "37", "40", "41", "46")), class = "table"), No.Tag = structure(c(0L, 
    2L, 154L, 1L, 4L, 0L, 0L, 5L, 0L, 0L), .Dim = c(5L, 2L), .Dimnames = structure(list(
        c("-2", "-1", "0", "1", NA), c("C", NA)), .Names = c("", 
    "")), class = "table"), All.Tags = list(Concordant = list(
        Freqs = structure(c(0, 0, 643, 1), .Dim = c(4L, 1L), .Dimnames = list(
            c("-2", "-1", "0", "1"), "C")), N = 644), Majority = list(
        Freqs = structure(c(0, 1, 703, 1), .Dim = c(4L, 1L), .Dimnames = list(
            c("-2", "-1", "0", "1"), "C")), N = 705)), `2` = structure(c(0, 
    1, 577, 0), .Dim = c(4L, 1L), .Dimnames = list(c("-2", "-1", 
    "0", "1"), "C")))))
