Results <-
list(`bwa.out//20220204//BlindCMMRD91_S50.sam` = list(LR10_SNP1 = list(
    All = list(Freqs = structure(c(0L, 0L, 7L, 0L, 0L, 1L, 103L, 
    3631L, 19L, 5L, 0L, 0L, 7L, 0L, 0L, 0L, 2L, 28L, 0L, 0L), .Dim = 5:4, .Dimnames = structure(list(
        c("-2", "-1", "0", "1", NA), c("A", "C", "T", NA)), .Names = c("", 
    "")), class = "table"), N = 3803L), Tag.Distribution = structure(c(`1` = 76L, 
    `2` = 48L, `3` = 41L, `4` = 27L, `5` = 36L, `6` = 24L, `7` = 27L, 
    `8` = 21L, `9` = 13L, `10` = 24L, `11` = 16L, `12` = 17L, 
    `13` = 7L, `14` = 8L, `15` = 15L, `16` = 5L, `17` = 9L, `18` = 8L, 
    `19` = 4L, `20` = 4L, `21` = 2L, `22` = 2L, `23` = 3L, `24` = 6L, 
    `25` = 6L, `26` = 4L, `28` = 2L, `29` = 4L, `31` = 1L, `33` = 2L, 
    `35` = 1L, `49` = 1L), .Dim = 32L, .Dimnames = list(TagUsage = c("1", 
    "2", "3", "4", "5", "6", "7", "8", "9", "10", "11", "12", 
    "13", "14", "15", "16", "17", "18", "19", "20", "21", "22", 
    "23", "24", "25", "26", "28", "29", "31", "33", "35", "49"
    )), class = "table"), No.Tag = structure(c(0L, 0L, 0L, 0L, 
    0L, 0L, 8L, 106L, 0L, 1L, 0L, 0L, 0L, 0L, 0L, 0L, 0L, 0L, 
    0L, 0L), .Dim = 5:4, .Dimnames = structure(list(c("-2", "-1", 
    "0", "1", NA), c("A", "C", "T", NA)), .Names = c("", "")), class = "table"), 
    All.Tags = list(Concordant = list(Freqs = structure(c(0, 
    0, 2, 0, 0, 6, 378, 1, 0, 0, 4, 0), .Dim = 4:3, .Dimnames = list(
        c("-2", "-1", "0", "1"), c("A", "C", "T"))), N = 391), 
        Majority = list(Freqs = structure(c(0, 0, 2, 0, 0, 6, 
        444, 1, 0, 0, 4, 0), .Dim = 4:3, .Dimnames = list(c("-2", 
        "-1", "0", "1"), c("A", "C", "T"))), N = 457)), `2` = structure(c(0, 
    0, 2, 0, 0, 4, 377, 0, 0, 0, 0, 0), .Dim = 4:3, .Dimnames = list(
        c("-2", "-1", "0", "1"), c("A", "C", "T"))))))
