Results <-
list(`bwa.out//20220204//16D2889_S4.sam` = list(IM16_SNP1 = list(
    All = list(Freqs = structure(c(16L, 1772L, 34L, 2L, 7L, 31L, 
    1925L, 24L, 1L, 3L, 0L, 52L, 1L, 0L, 0L), .Dim = c(5L, 3L
    ), .Dimnames = structure(list(c("-1", "0", "1", "2", NA), 
        c("A", "G", NA)), .Names = c("", "")), class = "table"), 
        N = 3868L), Tag.Distribution = structure(c(`1` = 189L, 
    `2` = 115L, `3` = 92L, `4` = 79L, `5` = 57L, `6` = 43L, `7` = 32L, 
    `8` = 23L, `9` = 36L, `10` = 15L, `11` = 10L, `12` = 11L, 
    `13` = 9L, `14` = 11L, `15` = 8L, `16` = 12L, `17` = 10L, 
    `18` = 1L, `19` = 3L, `20` = 5L, `21` = 2L, `23` = 2L, `26` = 1L, 
    `43` = 1L), .Dim = 24L, .Dimnames = list(TagUsage = c("1", 
    "2", "3", "4", "5", "6", "7", "8", "9", "10", "11", "12", 
    "13", "14", "15", "16", "17", "18", "19", "20", "21", "23", 
    "26", "43")), class = "table"), No.Tag = structure(c(0L, 
    47L, 3L, 0L, 2L, 0L, 50L, 1L, 0L, 0L, 0L, 2L, 0L, 0L, 0L), .Dim = c(5L, 
    3L), .Dimnames = structure(list(c("-1", "0", "1", "2", NA
    ), c("A", "G", NA)), .Names = c("", "")), class = "table"), 
    All.Tags = list(Concordant = list(Freqs = structure(c(1, 
    323, 4, 0, 2, 319, 1, 0), .Dim = c(4L, 2L), .Dimnames = list(
        c("-1", "0", "1", "2"), c("A", "G"))), N = 650), Majority = list(
        Freqs = structure(c(2, 368, 5, 0, 2, 374, 1, 0), .Dim = c(4L, 
        2L), .Dimnames = list(c("-1", "0", "1", "2"), c("A", 
        "G"))), N = 752)), `2` = structure(c(1, 287, 2, 0, 1, 
    278, 0, 0), .Dim = c(4L, 2L), .Dimnames = list(c("-1", "0", 
    "1", "2"), c("A", "G"))))))
