Results <-
list(`bwa.out//20220204//BlindCMMRD86_S45.sam` = list(LR44_SNP1 = list(
    All = list(Freqs = structure(c(1L, 6L, 161L, 2113L, 24L, 
    1L, 9L, 0L, 6L, 174L, 2219L, 40L, 0L, 13L, 0L, 0L, 7L, 100L, 
    2L, 0L, 0L), .Dim = c(7L, 3L), .Dimnames = structure(list(
        c("-3", "-2", "-1", "0", "1", "2", NA), c("C", "T", NA
        )), .Names = c("", "")), class = "table"), N = 4876L), 
    Tag.Distribution = structure(c(`1` = 188L, `2` = 110L, `3` = 101L, 
    `4` = 71L, `5` = 69L, `6` = 55L, `7` = 52L, `8` = 49L, `9` = 35L, 
    `10` = 21L, `11` = 25L, `12` = 31L, `13` = 18L, `14` = 11L, 
    `15` = 9L, `16` = 5L, `17` = 12L, `18` = 4L, `19` = 2L, `20` = 2L, 
    `21` = 1L, `22` = 3L, `23` = 2L, `25` = 2L, `27` = 1L), .Dim = 25L, .Dimnames = list(
        TagUsage = c("1", "2", "3", "4", "5", "6", "7", "8", 
        "9", "10", "11", "12", "13", "14", "15", "16", "17", 
        "18", "19", "20", "21", "22", "23", "25", "27")), class = "table"), 
    No.Tag = structure(c(0L, 0L, 3L, 45L, 0L, 0L, 0L, 0L, 0L, 
    5L, 51L, 1L, 0L, 0L, 0L, 0L, 0L, 6L, 0L, 0L, 0L), .Dim = c(7L, 
    3L), .Dimnames = structure(list(c("-3", "-2", "-1", "0", 
    "1", "2", NA), c("C", "T", NA)), .Names = c("", "")), class = "table"), 
    All.Tags = list(Concordant = list(Freqs = structure(c(1, 
    1, 11, 263, 2, 0, 0, 1, 4, 305, 3, 0), .Dim = c(6L, 2L), .Dimnames = list(
        c("-3", "-2", "-1", "0", "1", "2"), c("C", "T"))), N = 591), 
        Majority = list(Freqs = structure(c(1, 1, 12, 386, 2, 
        0, 0, 1, 6, 425, 4, 0), .Dim = c(6L, 2L), .Dimnames = list(
            c("-3", "-2", "-1", "0", "1", "2"), c("C", "T"))), 
            N = 838)), `2` = structure(c(0, 1, 5, 323, 1, 0, 
    0, 0, 3, 333, 1, 0), .Dim = c(6L, 2L), .Dimnames = list(c("-3", 
    "-2", "-1", "0", "1", "2"), c("C", "T"))))))
