Results <-
list(`bwa.out//20220204//Control15_S8.sam` = list(LR40_SNP1 = list(
    All = list(Freqs = structure(c(0L, 16L, 1621L, 2L, 1L, 1L, 
    9L, 1292L, 3L, 3L, 0L, 0L, 11L, 0L, 0L), .Dim = c(5L, 3L), .Dimnames = structure(list(
        c("-2", "-1", "0", "1", NA), c("A", "C", NA)), .Names = c("", 
    "")), class = "table"), N = 2959L), Tag.Distribution = structure(c(`1` = 90L, 
    `2` = 48L, `3` = 36L, `4` = 34L, `5` = 33L, `6` = 29L, `7` = 15L, 
    `8` = 26L, `9` = 21L, `10` = 11L, `11` = 13L, `12` = 12L, 
    `13` = 5L, `14` = 8L, `15` = 5L, `16` = 4L, `17` = 2L, `18` = 6L, 
    `19` = 2L, `20` = 2L, `21` = 7L, `22` = 2L, `23` = 2L, `24` = 2L, 
    `25` = 1L, `26` = 1L, `27` = 1L, `28` = 3L, `29` = 2L, `30` = 1L, 
    `32` = 1L, `36` = 1L, `41` = 1L), .Dim = 33L, .Dimnames = list(
        TagUsage = c("1", "2", "3", "4", "5", "6", "7", "8", 
        "9", "10", "11", "12", "13", "14", "15", "16", "17", 
        "18", "19", "20", "21", "22", "23", "24", "25", "26", 
        "27", "28", "29", "30", "32", "36", "41")), class = "table"), 
    No.Tag = structure(c(0L, 0L, 57L, 0L, 0L, 0L, 0L, 53L, 0L, 
    1L, 0L, 0L, 0L, 0L, 0L), .Dim = c(5L, 3L), .Dimnames = structure(list(
        c("-2", "-1", "0", "1", NA), c("A", "C", NA)), .Names = c("", 
    "")), class = "table"), All.Tags = list(Concordant = list(
        Freqs = structure(c(0, 0, 205, 1, 0, 0, 172, 1), .Dim = c(4L, 
        2L), .Dimnames = list(c("-2", "-1", "0", "1"), c("A", 
        "C"))), N = 379), Majority = list(Freqs = structure(c(0, 
    0, 231, 1, 0, 0, 187, 1), .Dim = c(4L, 2L), .Dimnames = list(
        c("-2", "-1", "0", "1"), c("A", "C"))), N = 420)), `2` = structure(c(0, 
    0, 180, 0, 0, 0, 152, 0), .Dim = c(4L, 2L), .Dimnames = list(
        c("-2", "-1", "0", "1"), c("A", "C"))))))
