Results <-
list(`bwa.out//20220204//BlindCMMRD128_S54.sam` = list(GM07_SNP1 = list(
    All = list(Freqs = structure(c(2L, 59L, 1486L, 34L, 1L, 13L, 
    2L, 85L, 1416L, 42L, 1L, 18L, 0L, 0L, 1L, 0L, 0L, 0L, 0L, 
    2L, 12L, 1L, 0L, 0L), .Dim = c(6L, 4L), .Dimnames = structure(list(
        c("-2", "-1", "0", "1", "2", NA), c("A", "G", "T", NA
        )), .Names = c("", "")), class = "table"), N = 3175L), 
    Tag.Distribution = structure(c(`1` = 403L, `2` = 288L, `3` = 161L, 
    `4` = 110L, `5` = 71L, `6` = 32L, `7` = 30L, `8` = 15L, `9` = 8L, 
    `10` = 8L, `11` = 3L, `12` = 2L, `13` = 2L, `14` = 1L), .Dim = 14L, .Dimnames = list(
        TagUsage = c("1", "2", "3", "4", "5", "6", "7", "8", 
        "9", "10", "11", "12", "13", "14")), class = "table"), 
    No.Tag = structure(c(0L, 3L, 61L, 3L, 0L, 3L, 0L, 2L, 69L, 
    0L, 0L, 2L, 0L, 0L, 0L, 0L, 0L, 0L, 0L, 0L, 3L, 1L, 0L, 0L
    ), .Dim = c(6L, 4L), .Dimnames = structure(list(c("-2", "-1", 
    "0", "1", "2", NA), c("A", "G", "T", NA)), .Names = c("", 
    "")), class = "table"), All.Tags = list(Concordant = list(
        Freqs = structure(c(0, 10, 453, 11, 0, 0, 13, 427, 7, 
        0, 0, 0, 0, 0, 0), .Dim = c(5L, 3L), .Dimnames = list(
            c("-2", "-1", "0", "1", "2"), c("A", "G", "T"))), 
        N = 921), Majority = list(Freqs = structure(c(0, 10, 
    526, 11, 0, 0, 17, 506, 8, 0, 0, 0, 0, 0, 0), .Dim = c(5L, 
    3L), .Dimnames = list(c("-2", "-1", "0", "1", "2"), c("A", 
    "G", "T"))), N = 1078)), `2` = structure(c(0, 4, 342, 1, 
    0, 0, 10, 318, 2, 0, 0, 0, 0, 0, 0), .Dim = c(5L, 3L), .Dimnames = list(
        c("-2", "-1", "0", "1", "2"), c("A", "G", "T"))))))
