Results <-
list(`bwa.out//20220204//Control13_S6.sam` = list(LR17_SNP1 = list(
    All = list(Freqs = structure(c(2L, 67L, 2054L, 34L, 8L, 0L, 
    0L, 51L, 0L, 0L), .Dim = c(5L, 2L), .Dimnames = structure(list(
        c("-2", "-1", "0", "1", NA), c("A", NA)), .Names = c("", 
    "")), class = "table"), N = 2216L), Tag.Distribution = structure(c(`1` = 75L, 
    `2` = 33L, `3` = 24L, `4` = 26L, `5` = 26L, `6` = 14L, `7` = 20L, 
    `8` = 17L, `9` = 9L, `10` = 9L, `11` = 14L, `12` = 10L, `13` = 8L, 
    `14` = 6L, `15` = 5L, `16` = 4L, `17` = 4L, `18` = 3L, `19` = 3L, 
    `20` = 2L, `21` = 2L, `22` = 1L, `23` = 2L, `24` = 1L, `25` = 3L, 
    `27` = 1L, `29` = 1L, `32` = 1L), .Dim = 28L, .Dimnames = list(
        TagUsage = c("1", "2", "3", "4", "5", "6", "7", "8", 
        "9", "10", "11", "12", "13", "14", "15", "16", "17", 
        "18", "19", "20", "21", "22", "23", "24", "25", "27", 
        "29", "32")), class = "table"), No.Tag = structure(c(1L, 
    3L, 111L, 1L, 0L, 0L, 0L, 5L, 0L, 0L), .Dim = c(5L, 2L), .Dimnames = structure(list(
        c("-2", "-1", "0", "1", NA), c("A", NA)), .Names = c("", 
    "")), class = "table"), All.Tags = list(Concordant = list(
        Freqs = structure(c(0, 3, 248, 1), .Dim = c(4L, 1L), .Dimnames = list(
            c("-2", "-1", "0", "1"), "A")), N = 252), Majority = list(
        Freqs = structure(c(0, 4, 313, 1), .Dim = c(4L, 1L), .Dimnames = list(
            c("-2", "-1", "0", "1"), "A")), N = 318)), `2` = structure(c(0, 
    1, 247, 0), .Dim = c(4L, 1L), .Dimnames = list(c("-2", "-1", 
    "0", "1"), "A")))))
