Results <-
list(`bwa.out//20220204//BlindCMMRD48_S8.sam` = list(LR49_SNP1 = list(
    All = list(Freqs = structure(c(5L, 1315L, 1L, 2L, 1463L, 
    1L, 0L, 20L, 0L), .Dim = c(3L, 3L), .Dimnames = structure(list(
        c("-1", "0", NA), c("A", "G", NA)), .Names = c("", ""
    )), class = "table"), N = 2807L), Tag.Distribution = structure(c(`1` = 60L, 
    `2` = 11L, `3` = 15L, `4` = 16L, `5` = 17L, `6` = 9L, `7` = 8L, 
    `8` = 12L, `9` = 11L, `10` = 11L, `11` = 7L, `12` = 5L, `13` = 9L, 
    `14` = 10L, `15` = 6L, `16` = 9L, `17` = 2L, `18` = 7L, `19` = 5L, 
    `20` = 3L, `21` = 1L, `22` = 1L, `23` = 1L, `24` = 2L, `25` = 1L, 
    `26` = 2L, `27` = 1L, `28` = 3L, `29` = 2L, `30` = 5L, `31` = 1L, 
    `32` = 2L, `33` = 1L, `34` = 1L, `35` = 2L, `36` = 1L, `37` = 1L, 
    `38` = 1L, `40` = 2L, `41` = 1L, `46` = 1L, `52` = 1L, `56` = 1L
    ), .Dim = 43L, .Dimnames = list(TagUsage = c("1", "2", "3", 
    "4", "5", "6", "7", "8", "9", "10", "11", "12", "13", "14", 
    "15", "16", "17", "18", "19", "20", "21", "22", "23", "24", 
    "25", "26", "27", "28", "29", "30", "31", "32", "33", "34", 
    "35", "36", "37", "38", "40", "41", "46", "52", "56")), class = "table"), 
    No.Tag = structure(c(0L, 17L, 0L, 0L, 23L, 0L, 0L, 5L, 0L
    ), .Dim = c(3L, 3L), .Dimnames = structure(list(c("-1", "0", 
    NA), c("A", "G", NA)), .Names = c("", "")), class = "table"), 
    All.Tags = list(Concordant = list(Freqs = structure(c(0, 
    123, 0, 131), .Dim = c(2L, 2L), .Dimnames = list(c("-1", 
    "0"), c("A", "G"))), N = 254), Majority = list(Freqs = structure(c(0, 
    132, 0, 135), .Dim = c(2L, 2L), .Dimnames = list(c("-1", 
    "0"), c("A", "G"))), N = 267)), `2` = structure(c(0, 100, 
    0, 108), .Dim = c(2L, 2L), .Dimnames = list(c("-1", "0"), 
        c("A", "G"))))))
