Results <-
list(`bwa.out//20220204//BlindCMMRD58_S17.sam` = list(LR48_SNP1 = list(
    All = list(Freqs = structure(c(3L, 136L, 4516L, 62L, 21L, 
    0L, 1L, 2L, 0L, 0L, 0L, 0L, 83L, 3L, 0L), .Dim = c(5L, 3L
    ), .Dimnames = structure(list(c("-2", "-1", "0", "1", NA), 
        c("C", "T", NA)), .Names = c("", "")), class = "table"), 
        N = 4827L), Tag.Distribution = structure(c(`1` = 60L, 
    `2` = 10L, `3` = 9L, `4` = 16L, `5` = 9L, `6` = 8L, `7` = 8L, 
    `8` = 4L, `9` = 6L, `10` = 5L, `11` = 3L, `12` = 3L, `13` = 4L, 
    `14` = 6L, `15` = 10L, `16` = 3L, `17` = 3L, `18` = 2L, `19` = 7L, 
    `20` = 4L, `21` = 5L, `22` = 3L, `23` = 2L, `24` = 5L, `25` = 3L, 
    `26` = 7L, `28` = 2L, `30` = 4L, `31` = 4L, `32` = 2L, `33` = 3L, 
    `34` = 4L, `35` = 2L, `37` = 2L, `38` = 2L, `39` = 1L, `40` = 2L, 
    `43` = 3L, `45` = 1L, `47` = 1L, `48` = 1L, `50` = 1L, `51` = 2L, 
    `56` = 2L, `58` = 1L, `61` = 2L, `63` = 1L, `68` = 1L, `70` = 2L, 
    `71` = 1L, `73` = 1L, `75` = 1L, `77` = 2L, `78` = 1L, `80` = 1L, 
    `83` = 1L, `85` = 1L, `87` = 1L, `88` = 1L, `90` = 1L, `98` = 1L
    ), .Dim = 61L, .Dimnames = list(TagUsage = c("1", "2", "3", 
    "4", "5", "6", "7", "8", "9", "10", "11", "12", "13", "14", 
    "15", "16", "17", "18", "19", "20", "21", "22", "23", "24", 
    "25", "26", "28", "30", "31", "32", "33", "34", "35", "37", 
    "38", "39", "40", "43", "45", "47", "48", "50", "51", "56", 
    "58", "61", "63", "68", "70", "71", "73", "75", "77", "78", 
    "80", "83", "85", "87", "88", "90", "98")), class = "table"), 
    No.Tag = structure(c(0L, 2L, 79L, 2L, 0L, 0L, 0L, 1L, 0L, 
    0L, 0L, 0L, 6L, 0L, 0L), .Dim = c(5L, 3L), .Dimnames = structure(list(
        c("-2", "-1", "0", "1", NA), c("C", "T", NA)), .Names = c("", 
    "")), class = "table"), All.Tags = list(Concordant = list(
        Freqs = structure(c(0, 5, 167, 0, 0, 1, 0, 0), .Dim = c(4L, 
        2L), .Dimnames = list(c("-2", "-1", "0", "1"), c("C", 
        "T"))), N = 173), Majority = list(Freqs = structure(c(0, 
    5, 252, 0, 0, 1, 0, 0), .Dim = c(4L, 2L), .Dimnames = list(
        c("-2", "-1", "0", "1"), c("C", "T"))), N = 258)), `2` = structure(c(0, 
    1, 203, 0, 0, 0, 0, 0), .Dim = c(4L, 2L), .Dimnames = list(
        c("-2", "-1", "0", "1"), c("C", "T"))))))
