Results <-
list(`bwa.out//20220204//BlindCMMRD85_S44.sam` = list(LR17_SNP1 = list(
    All = list(Freqs = structure(c(1L, 4L, 114L, 2858L, 29L, 
    11L, 0L, 0L, 2L, 96L, 1L, 0L), .Dim = c(6L, 2L), .Dimnames = structure(list(
        c("-3", "-2", "-1", "0", "1", NA), c("A", NA)), .Names = c("", 
    "")), class = "table"), N = 3116L), Tag.Distribution = structure(c(`1` = 86L, 
    `2` = 39L, `3` = 31L, `4` = 36L, `5` = 21L, `6` = 27L, `7` = 29L, 
    `8` = 16L, `9` = 16L, `10` = 14L, `11` = 18L, `12` = 19L, 
    `13` = 11L, `14` = 10L, `15` = 4L, `16` = 2L, `17` = 12L, 
    `18` = 6L, `19` = 6L, `20` = 6L, `21` = 2L, `22` = 5L, `24` = 2L, 
    `25` = 4L, `26` = 1L, `28` = 2L, `29` = 1L, `32` = 1L), .Dim = 28L, .Dimnames = list(
        TagUsage = c("1", "2", "3", "4", "5", "6", "7", "8", 
        "9", "10", "11", "12", "13", "14", "15", "16", "17", 
        "18", "19", "20", "21", "22", "24", "25", "26", "28", 
        "29", "32")), class = "table"), No.Tag = structure(c(0L, 
    0L, 1L, 36L, 3L, 0L, 0L, 0L, 0L, 3L, 0L, 0L), .Dim = c(6L, 
    2L), .Dimnames = structure(list(c("-3", "-2", "-1", "0", 
    "1", NA), c("A", NA)), .Names = c("", "")), class = "table"), 
    All.Tags = list(Concordant = list(Freqs = structure(c(0, 
    0, 5, 334, 2), .Dim = c(5L, 1L), .Dimnames = list(c("-3", 
    "-2", "-1", "0", "1"), "A")), N = 341), Majority = list(Freqs = structure(c(0, 
    0, 7, 413, 2), .Dim = c(5L, 1L), .Dimnames = list(c("-3", 
    "-2", "-1", "0", "1"), "A")), N = 422)), `2` = structure(c(0, 
    0, 4, 334, 0), .Dim = c(5L, 1L), .Dimnames = list(c("-3", 
    "-2", "-1", "0", "1"), "A")))))
