Results <-
list(`bwa.out//20220204//BlindCMMRD135_S61.sam` = list(LR17_SNP1 = list(
    All = list(Freqs = structure(c(5L, 140L, 3780L, 49L, 1L, 
    16L, 0L, 0L, 1L, 0L, 0L, 0L, 0L, 1L, 86L, 0L, 0L, 0L), .Dim = c(6L, 
    3L), .Dimnames = structure(list(c("-2", "-1", "0", "1", "2", 
    NA), c("A", "G", NA)), .Names = c("", "")), class = "table"), 
        N = 4079L), Tag.Distribution = structure(c(`1` = 85L, 
    `2` = 79L, `3` = 64L, `4` = 69L, `5` = 57L, `6` = 62L, `7` = 56L, 
    `8` = 31L, `9` = 44L, `10` = 27L, `11` = 29L, `12` = 12L, 
    `13` = 8L, `14` = 14L, `15` = 7L, `16` = 4L, `17` = 3L, `18` = 4L, 
    `19` = 2L, `20` = 1L, `21` = 1L, `22` = 2L, `24` = 2L, `26` = 1L, 
    `27` = 1L, `28` = 1L, `35` = 1L), .Dim = 27L, .Dimnames = list(
        TagUsage = c("1", "2", "3", "4", "5", "6", "7", "8", 
        "9", "10", "11", "12", "13", "14", "15", "16", "17", 
        "18", "19", "20", "21", "22", "24", "26", "27", "28", 
        "35")), class = "table"), No.Tag = structure(c(0L, 5L, 
    56L, 1L, 0L, 0L, 0L, 0L, 0L, 0L, 0L, 0L, 0L, 0L, 1L, 0L, 
    0L, 0L), .Dim = c(6L, 3L), .Dimnames = structure(list(c("-2", 
    "-1", "0", "1", "2", NA), c("A", "G", NA)), .Names = c("", 
    "")), class = "table"), All.Tags = list(Concordant = list(
        Freqs = structure(c(0, 4, 531, 1, 0, 0, 0, 0, 0, 0), .Dim = c(5L, 
        2L), .Dimnames = list(c("-2", "-1", "0", "1", "2"), c("A", 
        "G"))), N = 536), Majority = list(Freqs = structure(c(0, 
    4, 651, 4, 0, 0, 0, 0, 0, 0), .Dim = c(5L, 2L), .Dimnames = list(
        c("-2", "-1", "0", "1", "2"), c("A", "G"))), N = 659)), 
    `2` = structure(c(0, 1, 572, 4, 0, 0, 0, 0, 0, 0), .Dim = c(5L, 
    2L), .Dimnames = list(c("-2", "-1", "0", "1", "2"), c("A", 
    "G"))))))
