Results <-
list(`bwa.out//20220204//BlindCMMRD82_S41.sam` = list(GM17_SNP1 = list(
    All = list(Freqs = structure(c(1L, 83L, 5276L, 9L, 5L, 0L, 
    1L, 60L, 0L, 0L, 0L, 0L, 40L, 0L, 0L), .Dim = c(5L, 3L), .Dimnames = structure(list(
        c("-2", "-1", "0", "1", NA), c("C", "T", NA)), .Names = c("", 
    "")), class = "table"), N = 5475L), Tag.Distribution = structure(c(`1` = 115L, 
    `2` = 62L, `3` = 59L, `4` = 56L, `5` = 51L, `6` = 33L, `7` = 34L, 
    `8` = 30L, `9` = 26L, `10` = 17L, `11` = 26L, `12` = 21L, 
    `13` = 17L, `14` = 14L, `15` = 13L, `16` = 17L, `17` = 16L, 
    `18` = 6L, `19` = 14L, `20` = 7L, `21` = 6L, `22` = 7L, `23` = 5L, 
    `24` = 5L, `25` = 4L, `26` = 3L, `27` = 4L, `29` = 2L, `30` = 2L, 
    `31` = 1L, `32` = 2L, `37` = 2L, `40` = 1L, `43` = 1L), .Dim = 34L, .Dimnames = list(
        TagUsage = c("1", "2", "3", "4", "5", "6", "7", "8", 
        "9", "10", "11", "12", "13", "14", "15", "16", "17", 
        "18", "19", "20", "21", "22", "23", "24", "25", "26", 
        "27", "29", "30", "31", "32", "37", "40", "43")), class = "table"), 
    No.Tag = structure(c(0L, 3L, 114L, 0L, 0L, 0L, 0L, 2L, 0L, 
    0L, 0L, 0L, 2L, 0L, 0L), .Dim = c(5L, 3L), .Dimnames = structure(list(
        c("-2", "-1", "0", "1", NA), c("C", "T", NA)), .Names = c("", 
    "")), class = "table"), All.Tags = list(Concordant = list(
        Freqs = structure(c(0, 4, 594, 0, 0, 0, 9, 0), .Dim = c(4L, 
        2L), .Dimnames = list(c("-2", "-1", "0", "1"), c("C", 
        "T"))), N = 607), Majority = list(Freqs = structure(c(0, 
    4, 656, 0, 0, 0, 10, 0), .Dim = c(4L, 2L), .Dimnames = list(
        c("-2", "-1", "0", "1"), c("C", "T"))), N = 670)), `2` = structure(c(0, 
    2, 555, 0, 0, 0, 4, 0), .Dim = c(4L, 2L), .Dimnames = list(
        c("-2", "-1", "0", "1"), c("C", "T"))))))
