Results <-
list(`bwa.out//20220204//BlindCMMRD83_S42.sam` = list(LR52_SNP1 = list(
    All = list(Freqs = structure(c(0L, 0L, 0L, 1L, 0L, 0L, 3L, 
    46L, 521L, 3021L, 16L, 55L, 0L, 0L, 0L, 1L, 0L, 0L, 0L, 0L, 
    30L, 986L, 8L, 0L), .Dim = c(6L, 4L), .Dimnames = structure(list(
        c("-3", "-2", "-1", "0", "1", NA), c("A", "C", "T", NA
        )), .Names = c("", "")), class = "table"), N = 4688L), 
    Tag.Distribution = structure(c(`1` = 73L, `2` = 42L, `3` = 25L, 
    `4` = 30L, `5` = 32L, `6` = 21L, `7` = 24L, `8` = 15L, `9` = 12L, 
    `10` = 12L, `11` = 10L, `12` = 15L, `13` = 16L, `14` = 9L, 
    `15` = 13L, `16` = 7L, `17` = 15L, `18` = 5L, `19` = 15L, 
    `20` = 10L, `21` = 6L, `22` = 7L, `23` = 4L, `24` = 4L, `25` = 3L, 
    `26` = 3L, `27` = 7L, `28` = 3L, `29` = 2L, `30` = 2L, `31` = 3L, 
    `32` = 1L, `33` = 1L, `34` = 1L, `35` = 2L, `36` = 2L, `37` = 2L, 
    `38` = 1L, `39` = 1L, `40` = 1L, `43` = 1L, `44` = 1L, `47` = 1L, 
    `52` = 1L), .Dim = 44L, .Dimnames = list(TagUsage = c("1", 
    "2", "3", "4", "5", "6", "7", "8", "9", "10", "11", "12", 
    "13", "14", "15", "16", "17", "18", "19", "20", "21", "22", 
    "23", "24", "25", "26", "27", "28", "29", "30", "31", "32", 
    "33", "34", "35", "36", "37", "38", "39", "40", "43", "44", 
    "47", "52")), class = "table"), No.Tag = structure(c(0L, 
    0L, 0L, 0L, 0L, 0L, 0L, 0L, 3L, 35L, 0L, 1L, 0L, 0L, 0L, 
    0L, 0L, 0L, 0L, 0L, 1L, 10L, 0L, 0L), .Dim = c(6L, 4L), .Dimnames = structure(list(
        c("-3", "-2", "-1", "0", "1", NA), c("A", "C", "T", NA
        )), .Names = c("", "")), class = "table"), All.Tags = list(
        Concordant = list(Freqs = structure(c(0, 0, 0, 0, 0, 
        0, 1, 16, 222, 2, 0, 0, 0, 1, 0), .Dim = c(5L, 3L), .Dimnames = list(
            c("-3", "-2", "-1", "0", "1"), c("A", "C", "T"))), 
            N = 242), Majority = list(Freqs = structure(c(0, 
        0, 0, 0, 0, 0, 1, 23, 398, 2, 0, 0, 0, 1, 0), .Dim = c(5L, 
        3L), .Dimnames = list(c("-3", "-2", "-1", "0", "1"), 
            c("A", "C", "T"))), N = 425)), `2` = structure(c(0, 
    0, 0, 0, 0, 0, 0, 17, 356, 0, 0, 0, 0, 0, 0), .Dim = c(5L, 
    3L), .Dimnames = list(c("-3", "-2", "-1", "0", "1"), c("A", 
    "C", "T"))))))
