Results <-
list(`bwa.out//20220204//BlindCMMRD94_S53.sam` = list(GM29_SNP1 = list(
    All = list(Freqs = structure(c(2L, 41L, 3785L, 8L, 1L, 4L, 
    0L, 0L, 1L, 0L, 0L, 0L, 0L, 0L, 26L, 0L, 0L, 0L), .Dim = c(6L, 
    3L), .Dimnames = structure(list(c("-2", "-1", "0", "1", "2", 
    NA), c("A", "G", NA)), .Names = c("", "")), class = "table"), 
        N = 3868L), Tag.Distribution = structure(c(`1` = 88L, 
    `2` = 65L, `3` = 48L, `4` = 42L, `5` = 22L, `6` = 25L, `7` = 27L, 
    `8` = 25L, `9` = 24L, `10` = 14L, `11` = 15L, `12` = 16L, 
    `13` = 9L, `14` = 11L, `15` = 10L, `16` = 3L, `17` = 9L, 
    `18` = 11L, `19` = 8L, `20` = 7L, `21` = 2L, `22` = 3L, `23` = 3L, 
    `24` = 2L, `25` = 1L, `26` = 3L, `27` = 2L, `28` = 2L, `30` = 1L, 
    `31` = 2L, `32` = 2L, `36` = 1L, `40` = 1L, `41` = 1L, `51` = 1L, 
    `55` = 1L), .Dim = 36L, .Dimnames = list(TagUsage = c("1", 
    "2", "3", "4", "5", "6", "7", "8", "9", "10", "11", "12", 
    "13", "14", "15", "16", "17", "18", "19", "20", "21", "22", 
    "23", "24", "25", "26", "27", "28", "30", "31", "32", "36", 
    "40", "41", "51", "55")), class = "table"), No.Tag = structure(c(0L, 
    2L, 42L, 0L, 0L, 1L, 0L, 0L, 0L, 0L, 0L, 0L, 0L, 0L, 2L, 
    0L, 0L, 0L), .Dim = c(6L, 3L), .Dimnames = structure(list(
        c("-2", "-1", "0", "1", "2", NA), c("A", "G", NA)), .Names = c("", 
    "")), class = "table"), All.Tags = list(Concordant = list(
        Freqs = structure(c(0, 1, 458, 0, 0, 0, 0, 1, 0, 0), .Dim = c(5L, 
        2L), .Dimnames = list(c("-2", "-1", "0", "1", "2"), c("A", 
        "G"))), N = 460), Majority = list(Freqs = structure(c(0, 
    1, 501, 0, 0, 0, 0, 1, 0, 0), .Dim = c(5L, 2L), .Dimnames = list(
        c("-2", "-1", "0", "1", "2"), c("A", "G"))), N = 503)), 
    `2` = structure(c(0, 0, 419, 0, 0, 0, 0, 0, 0, 0), .Dim = c(5L, 
    2L), .Dimnames = list(c("-2", "-1", "0", "1", "2"), c("A", 
    "G"))))))
