Results <-
list(`bwa.out//20220204//BlindCMMRD88_S47.sam` = list(LR40_SNP1 = list(
    All = list(Freqs = structure(c(0L, 2L, 0L, 0L, 0L, 72L, 5928L, 
    10L, 1L, 7L, 1L, 25L, 0L, 0L, 0L), .Dim = c(5L, 3L), .Dimnames = structure(list(
        c("-1", "0", "1", "2", NA), c("A", "C", NA)), .Names = c("", 
    "")), class = "table"), N = 6046L), Tag.Distribution = structure(c(`1` = 109L, 
    `2` = 68L, `3` = 66L, `4` = 54L, `5` = 35L, `6` = 48L, `7` = 42L, 
    `8` = 23L, `9` = 26L, `10` = 28L, `11` = 20L, `12` = 24L, 
    `13` = 23L, `14` = 10L, `15` = 17L, `16` = 10L, `17` = 11L, 
    `18` = 10L, `19` = 7L, `20` = 3L, `21` = 6L, `22` = 6L, `23` = 2L, 
    `24` = 5L, `25` = 8L, `26` = 3L, `27` = 6L, `29` = 5L, `30` = 2L, 
    `31` = 2L, `32` = 2L, `33` = 7L, `34` = 2L, `35` = 2L, `37` = 1L, 
    `38` = 1L, `39` = 1L, `42` = 1L, `43` = 1L, `54` = 1L, `61` = 1L
    ), .Dim = 41L, .Dimnames = list(TagUsage = c("1", "2", "3", 
    "4", "5", "6", "7", "8", "9", "10", "11", "12", "13", "14", 
    "15", "16", "17", "18", "19", "20", "21", "22", "23", "24", 
    "25", "26", "27", "29", "30", "31", "32", "33", "34", "35", 
    "37", "38", "39", "42", "43", "54", "61")), class = "table"), 
    No.Tag = structure(c(0L, 0L, 0L, 0L, 0L, 4L, 128L, 0L, 0L, 
    0L, 0L, 0L, 0L, 0L, 0L), .Dim = c(5L, 3L), .Dimnames = structure(list(
        c("-1", "0", "1", "2", NA), c("A", "C", NA)), .Names = c("", 
    "")), class = "table"), All.Tags = list(Concordant = list(
        Freqs = structure(c(0, 1, 0, 0, 1, 635, 0, 0), .Dim = c(4L, 
        2L), .Dimnames = list(c("-1", "0", "1", "2"), c("A", 
        "C"))), N = 637), Majority = list(Freqs = structure(c(0, 
    1, 0, 0, 1, 693, 0, 0), .Dim = c(4L, 2L), .Dimnames = list(
        c("-1", "0", "1", "2"), c("A", "C"))), N = 695)), `2` = structure(c(0, 
    0, 0, 0, 1, 587, 0, 0), .Dim = c(4L, 2L), .Dimnames = list(
        c("-1", "0", "1", "2"), c("A", "C"))))))
