Results <-
list(`bwa.out//20220204//BlindCMMRD71_S30.sam` = list(DEPDC2_SNP1 = list(
    All = list(Freqs = structure(c(0L, 0L, 4L, 0L, 0L, 1L, 33L, 
    4900L, 56L, 34L, 0L, 0L, 1L, 0L, 0L, 1L, 47L, 7358L, 49L, 
    42L, 0L, 0L, 109L, 0L, 0L), .Dim = c(5L, 5L), .Dimnames = structure(list(
        c("-2", "-1", "0", "1", NA), c("A", "C", "G", "T", NA
        )), .Names = c("", "")), class = "table"), N = 12635L), 
    Tag.Distribution = structure(c(`1` = 223L, `2` = 50L, `3` = 46L, 
    `4` = 47L, `5` = 47L, `6` = 38L, `7` = 47L, `8` = 42L, `9` = 34L, 
    `10` = 41L, `11` = 39L, `12` = 34L, `13` = 39L, `14` = 29L, 
    `15` = 31L, `16` = 29L, `17` = 17L, `18` = 24L, `19` = 21L, 
    `20` = 16L, `21` = 14L, `22` = 9L, `23` = 17L, `24` = 4L, 
    `25` = 9L, `26` = 9L, `27` = 11L, `28` = 6L, `29` = 6L, `30` = 16L, 
    `31` = 10L, `32` = 7L, `33` = 7L, `34` = 8L, `35` = 6L, `36` = 6L, 
    `37` = 2L, `38` = 4L, `39` = 3L, `40` = 1L, `41` = 6L, `42` = 2L, 
    `43` = 2L, `44` = 1L, `45` = 3L, `46` = 1L, `47` = 1L, `50` = 1L, 
    `51` = 2L, `52` = 3L, `53` = 1L, `54` = 1L, `55` = 2L, `57` = 2L, 
    `70` = 1L), .Dim = 55L, .Dimnames = list(TagUsage = c("1", 
    "2", "3", "4", "5", "6", "7", "8", "9", "10", "11", "12", 
    "13", "14", "15", "16", "17", "18", "19", "20", "21", "22", 
    "23", "24", "25", "26", "27", "28", "29", "30", "31", "32", 
    "33", "34", "35", "36", "37", "38", "39", "40", "41", "42", 
    "43", "44", "45", "46", "47", "50", "51", "52", "53", "54", 
    "55", "57", "70")), class = "table"), No.Tag = structure(c(0L, 
    0L, 0L, 0L, 0L, 0L, 1L, 84L, 0L, 1L, 0L, 0L, 0L, 0L, 0L, 
    0L, 0L, 124L, 1L, 5L, 0L, 0L, 7L, 0L, 0L), .Dim = c(5L, 5L
    ), .Dimnames = structure(list(c("-2", "-1", "0", "1", NA), 
        c("A", "C", "G", "T", NA)), .Names = c("", "")), class = "table"), 
    All.Tags = list(Concordant = list(Freqs = structure(c(0, 
    0, 0, 0, 0, 0, 383, 4, 0, 0, 0, 0, 0, 0, 469, 2), .Dim = c(4L, 
    4L), .Dimnames = list(c("-2", "-1", "0", "1"), c("A", "C", 
    "G", "T"))), N = 858), Majority = list(Freqs = structure(c(0, 
    0, 0, 0, 0, 0, 460, 5, 0, 0, 0, 0, 0, 0, 583, 2), .Dim = c(4L, 
    4L), .Dimnames = list(c("-2", "-1", "0", "1"), c("A", "C", 
    "G", "T"))), N = 1050)), `2` = structure(c(0, 0, 0, 0, 0, 
    0, 373, 3, 0, 0, 0, 0, 0, 0, 463, 1), .Dim = c(4L, 4L), .Dimnames = list(
        c("-2", "-1", "0", "1"), c("A", "C", "G", "T"))))))
