Results <-
list(`bwa.out//20220204//Control18_S11.sam` = list(LR17_SNP1 = list(
    All = list(Freqs = structure(c(1L, 1L, 104L, 2804L, 40L, 
    2L, 14L, 0L, 0L, 0L, 1L, 0L, 0L, 0L, 0L, 0L, 0L, 52L, 1L, 
    0L, 0L), .Dim = c(7L, 3L), .Dimnames = structure(list(c("-3", 
    "-2", "-1", "0", "1", "2", NA), c("A", "G", NA)), .Names = c("", 
    "")), class = "table"), N = 3020L), Tag.Distribution = structure(c(`1` = 80L, 
    `2` = 27L, `3` = 33L, `4` = 23L, `5` = 21L, `6` = 14L, `7` = 14L, 
    `8` = 16L, `9` = 9L, `10` = 13L, `11` = 9L, `12` = 7L, `13` = 13L, 
    `14` = 16L, `15` = 8L, `16` = 6L, `17` = 5L, `18` = 5L, `19` = 7L, 
    `20` = 3L, `21` = 4L, `22` = 4L, `23` = 2L, `24` = 2L, `25` = 3L, 
    `26` = 2L, `27` = 2L, `28` = 2L, `32` = 1L, `33` = 1L, `34` = 3L, 
    `38` = 1L, `43` = 1L, `50` = 1L), .Dim = 34L, .Dimnames = list(
        TagUsage = c("1", "2", "3", "4", "5", "6", "7", "8", 
        "9", "10", "11", "12", "13", "14", "15", "16", "17", 
        "18", "19", "20", "21", "22", "23", "24", "25", "26", 
        "27", "28", "32", "33", "34", "38", "43", "50")), class = "table"), 
    No.Tag = structure(c(0L, 0L, 12L, 91L, 0L, 0L, 0L, 0L, 0L, 
    0L, 0L, 0L, 0L, 0L, 0L, 0L, 0L, 4L, 1L, 0L, 0L), .Dim = c(7L, 
    3L), .Dimnames = structure(list(c("-3", "-2", "-1", "0", 
    "1", "2", NA), c("A", "G", NA)), .Names = c("", "")), class = "table"), 
    All.Tags = list(Concordant = list(Freqs = structure(c(0, 
    0, 2, 273, 0, 0, 0, 0, 0, 0, 0, 0), .Dim = c(6L, 2L), .Dimnames = list(
        c("-3", "-2", "-1", "0", "1", "2"), c("A", "G"))), N = 275), 
        Majority = list(Freqs = structure(c(0, 0, 3, 354, 0, 
        0, 0, 0, 0, 0, 0, 0), .Dim = c(6L, 2L), .Dimnames = list(
            c("-3", "-2", "-1", "0", "1", "2"), c("A", "G"))), 
            N = 357)), `2` = structure(c(0, 0, 1, 277, 0, 0, 
    0, 0, 0, 0, 0, 0), .Dim = c(6L, 2L), .Dimnames = list(c("-3", 
    "-2", "-1", "0", "1", "2"), c("A", "G"))))))
