Results <-
list(`bwa.out//20220204//BlindCMMRD95_S54.sam` = list(GM09_SNP1 = list(
    All = list(Freqs = structure(c(23L, 3190L, 3L, 1L, 19L, 2580L, 
    4L, 0L, 0L, 43L, 0L, 0L), .Dim = 4:3, .Dimnames = structure(list(
        c("-1", "0", "1", NA), c("A", "G", NA)), .Names = c("", 
    "")), class = "table"), N = 5863L), Tag.Distribution = structure(c(`1` = 107L, 
    `2` = 55L, `3` = 43L, `4` = 31L, `5` = 31L, `6` = 28L, `7` = 30L, 
    `8` = 18L, `9` = 17L, `10` = 21L, `11` = 17L, `12` = 16L, 
    `13` = 13L, `14` = 8L, `15` = 11L, `16` = 13L, `17` = 3L, 
    `18` = 8L, `19` = 4L, `20` = 3L, `21` = 7L, `22` = 8L, `23` = 5L, 
    `24` = 10L, `25` = 13L, `26` = 6L, `27` = 9L, `28` = 6L, 
    `29` = 3L, `30` = 8L, `31` = 1L, `32` = 3L, `33` = 4L, `34` = 3L, 
    `35` = 4L, `37` = 2L, `38` = 1L, `39` = 1L, `41` = 2L, `42` = 1L, 
    `43` = 1L, `45` = 1L, `46` = 1L, `109` = 1L), .Dim = 44L, .Dimnames = list(
        TagUsage = c("1", "2", "3", "4", "5", "6", "7", "8", 
        "9", "10", "11", "12", "13", "14", "15", "16", "17", 
        "18", "19", "20", "21", "22", "23", "24", "25", "26", 
        "27", "28", "29", "30", "31", "32", "33", "34", "35", 
        "37", "38", "39", "41", "42", "43", "45", "46", "109"
        )), class = "table"), No.Tag = structure(c(0L, 46L, 0L, 
    0L, 0L, 23L, 0L, 0L, 0L, 4L, 0L, 0L), .Dim = 4:3, .Dimnames = structure(list(
        c("-1", "0", "1", NA), c("A", "G", NA)), .Names = c("", 
    "")), class = "table"), All.Tags = list(Concordant = list(
        Freqs = structure(c(0, 271, 0, 0, 233, 0), .Dim = 3:2, .Dimnames = list(
            c("-1", "0", "1"), c("A", "G"))), N = 504), Majority = list(
        Freqs = structure(c(0, 310, 0, 0, 256, 0), .Dim = 3:2, .Dimnames = list(
            c("-1", "0", "1"), c("A", "G"))), N = 566)), `2` = structure(c(0, 
    261, 0, 0, 204, 0), .Dim = 3:2, .Dimnames = list(c("-1", 
    "0", "1"), c("A", "G"))))))
