Results <-
list(`bwa.out//20220204//BlindCMMRD121_S47.sam` = list(LR17_SNP1 = list(
    All = list(Freqs = structure(c(4L, 144L, 3855L, 35L, 19L, 
    0L, 0L, 1L, 0L, 0L, 0L, 0L, 70L, 0L, 0L), .Dim = c(5L, 3L
    ), .Dimnames = structure(list(c("-2", "-1", "0", "1", NA), 
        c("A", "G", NA)), .Names = c("", "")), class = "table"), 
        N = 4128L), Tag.Distribution = structure(c(`1` = 150L, 
    `2` = 132L, `3` = 137L, `4` = 93L, `5` = 94L, `6` = 64L, 
    `7` = 53L, `8` = 34L, `9` = 28L, `10` = 21L, `11` = 17L, 
    `12` = 16L, `13` = 12L, `14` = 4L, `15` = 2L, `16` = 3L, 
    `17` = 3L, `18` = 2L, `20` = 2L, `22` = 1L, `23` = 1L), .Dim = 21L, .Dimnames = list(
        TagUsage = c("1", "2", "3", "4", "5", "6", "7", "8", 
        "9", "10", "11", "12", "13", "14", "15", "16", "17", 
        "18", "20", "22", "23")), class = "table"), No.Tag = structure(c(1L, 
    3L, 123L, 2L, 0L, 0L, 0L, 0L, 0L, 0L, 0L, 0L, 2L, 0L, 0L), .Dim = c(5L, 
    3L), .Dimnames = structure(list(c("-2", "-1", "0", "1", NA
    ), c("A", "G", NA)), .Names = c("", "")), class = "table"), 
    All.Tags = list(Concordant = list(Freqs = structure(c(0, 
    12, 720, 2, 0, 0, 0, 0), .Dim = c(4L, 2L), .Dimnames = list(
        c("-2", "-1", "0", "1"), c("A", "G"))), N = 734), Majority = list(
        Freqs = structure(c(0, 13, 840, 3, 0, 0, 0, 0), .Dim = c(4L, 
        2L), .Dimnames = list(c("-2", "-1", "0", "1"), c("A", 
        "G"))), N = 856)), `2` = structure(c(0, 5, 704, 2, 0, 
    0, 0, 0), .Dim = c(4L, 2L), .Dimnames = list(c("-2", "-1", 
    "0", "1"), c("A", "G"))))))
