Results <-
list(`bwa.out//20220204//BlindCMMRD63_S22.sam` = list(LR11_SNP1 = list(
    All = list(Freqs = structure(c(0L, 0L, 0L, 2L, 0L, 0L, 1L, 
    4L, 42L, 2108L, 11L, 5L, 0L, 0L, 25L, 1360L, 6L, 2L, 0L, 
    0L, 0L, 54L, 1L, 0L), .Dim = c(6L, 4L), .Dimnames = structure(list(
        c("-3", "-2", "-1", "0", "1", NA), c("-", "A", "C", NA
        )), .Names = c("", "")), class = "table"), N = 3621L), 
    Tag.Distribution = structure(c(`1` = 88L, `2` = 53L, `3` = 46L, 
    `4` = 31L, `5` = 41L, `6` = 30L, `7` = 21L, `8` = 17L, `9` = 19L, 
    `10` = 12L, `11` = 15L, `12` = 19L, `13` = 9L, `14` = 8L, 
    `15` = 11L, `16` = 13L, `17` = 10L, `18` = 8L, `19` = 9L, 
    `20` = 8L, `21` = 7L, `22` = 3L, `23` = 4L, `24` = 4L, `25` = 2L, 
    `26` = 1L, `27` = 1L), .Dim = 27L, .Dimnames = list(TagUsage = c("1", 
    "2", "3", "4", "5", "6", "7", "8", "9", "10", "11", "12", 
    "13", "14", "15", "16", "17", "18", "19", "20", "21", "22", 
    "23", "24", "25", "26", "27")), class = "table"), No.Tag = structure(c(0L, 
    0L, 0L, 0L, 0L, 0L, 0L, 0L, 0L, 31L, 0L, 1L, 0L, 0L, 1L, 
    27L, 1L, 0L, 0L, 0L, 0L, 1L, 0L, 0L), .Dim = c(6L, 4L), .Dimnames = structure(list(
        c("-3", "-2", "-1", "0", "1", NA), c("-", "A", "C", NA
        )), .Names = c("", "")), class = "table"), All.Tags = list(
        Concordant = list(Freqs = structure(c(0, 0, 0, 0, 0, 
        0, 1, 2, 223, 0, 0, 0, 3, 174, 1), .Dim = c(5L, 3L), .Dimnames = list(
            c("-3", "-2", "-1", "0", "1"), c("-", "A", "C"))), 
            N = 404), Majority = list(Freqs = structure(c(0, 
        0, 0, 0, 0, 0, 1, 2, 275, 0, 0, 0, 3, 199, 1), .Dim = c(5L, 
        3L), .Dimnames = list(c("-3", "-2", "-1", "0", "1"), 
            c("-", "A", "C"))), N = 481)), `2` = structure(c(0, 
    0, 0, 0, 0, 0, 0, 0, 232, 0, 0, 0, 1, 164, 0), .Dim = c(5L, 
    3L), .Dimnames = list(c("-3", "-2", "-1", "0", "1"), c("-", 
    "A", "C"))))))
