Results <-
list(`bwa.out//20220204//BlindCMMRD87_S46.sam` = list(LR36_SNP1 = list(
    All = list(Freqs = structure(c(3L, 26L, 1212L, 17L, 7L, 3L, 
    39L, 773L, 9L, 3L, 0L, 2L, 62L, 0L, 0L), .Dim = c(5L, 3L), .Dimnames = structure(list(
        c("-2", "-1", "0", "1", NA), c("A", "T", NA)), .Names = c("", 
    "")), class = "table"), N = 2156L), Tag.Distribution = structure(c(`1` = 51L, 
    `2` = 14L, `3` = 8L, `4` = 14L, `5` = 12L, `6` = 9L, `7` = 8L, 
    `8` = 8L, `9` = 7L, `10` = 8L, `11` = 6L, `12` = 7L, `13` = 5L, 
    `14` = 8L, `15` = 3L, `16` = 3L, `17` = 4L, `18` = 4L, `19` = 3L, 
    `20` = 4L, `21` = 5L, `22` = 3L, `23` = 2L, `25` = 1L, `26` = 2L, 
    `27` = 2L, `28` = 2L, `29` = 2L, `30` = 1L, `32` = 1L, `34` = 1L, 
    `38` = 1L, `41` = 1L, `42` = 1L, `48` = 1L, `53` = 1L, `63` = 1L
    ), .Dim = 37L, .Dimnames = list(TagUsage = c("1", "2", "3", 
    "4", "5", "6", "7", "8", "9", "10", "11", "12", "13", "14", 
    "15", "16", "17", "18", "19", "20", "21", "22", "23", "25", 
    "26", "27", "28", "29", "30", "32", "34", "38", "41", "42", 
    "48", "53", "63")), class = "table"), No.Tag = structure(c(0L, 
    0L, 27L, 2L, 1L, 0L, 0L, 38L, 0L, 1L, 0L, 0L, 11L, 0L, 0L
    ), .Dim = c(5L, 3L), .Dimnames = structure(list(c("-2", "-1", 
    "0", "1", NA), c("A", "T", NA)), .Names = c("", "")), class = "table"), 
    All.Tags = list(Concordant = list(Freqs = structure(c(0, 
    1, 89, 1, 0, 0, 69, 0), .Dim = c(4L, 2L), .Dimnames = list(
        c("-2", "-1", "0", "1"), c("A", "T"))), N = 160), Majority = list(
        Freqs = structure(c(0, 1, 112, 1, 0, 1, 93, 0), .Dim = c(4L, 
        2L), .Dimnames = list(c("-2", "-1", "0", "1"), c("A", 
        "T"))), N = 208)), `2` = structure(c(0, 1, 91, 0, 0, 
    1, 68, 0), .Dim = c(4L, 2L), .Dimnames = list(c("-2", "-1", 
    "0", "1"), c("A", "T"))))))
