Results <-
list(`bwa.out//20220204//Control12_S5.sam` = list(LR10_SNP1 = list(
    All = list(Freqs = structure(c(48L, 1996L, 20L, 4L, 0L, 2L, 
    0L, 0L, 0L, 16L, 0L, 0L), .Dim = 4:3, .Dimnames = structure(list(
        c("-1", "0", "1", NA), c("C", "T", NA)), .Names = c("", 
    "")), class = "table"), N = 2086L), Tag.Distribution = structure(c(`1` = 70L, 
    `2` = 30L, `3` = 27L, `4` = 23L, `5` = 20L, `6` = 14L, `7` = 20L, 
    `8` = 16L, `9` = 11L, `10` = 8L, `11` = 11L, `12` = 6L, `13` = 7L, 
    `14` = 3L, `15` = 7L, `16` = 9L, `17` = 3L, `18` = 5L, `19` = 4L, 
    `20` = 2L, `21` = 2L, `22` = 2L, `23` = 3L, `24` = 1L, `34` = 1L, 
    `36` = 1L), .Dim = 26L, .Dimnames = list(TagUsage = c("1", 
    "2", "3", "4", "5", "6", "7", "8", "9", "10", "11", "12", 
    "13", "14", "15", "16", "17", "18", "19", "20", "21", "22", 
    "23", "24", "34", "36")), class = "table"), No.Tag = structure(c(1L, 
    68L, 1L, 0L, 0L, 0L, 0L, 0L, 0L, 1L, 0L, 0L), .Dim = 4:3, .Dimnames = structure(list(
        c("-1", "0", "1", NA), c("C", "T", NA)), .Names = c("", 
    "")), class = "table"), All.Tags = list(Concordant = list(
        Freqs = structure(c(3, 253, 2, 0, 1, 0), .Dim = 3:2, .Dimnames = list(
            c("-1", "0", "1"), c("C", "T"))), N = 259), Majority = list(
        Freqs = structure(c(3, 294, 2, 0, 1, 0), .Dim = 3:2, .Dimnames = list(
            c("-1", "0", "1"), c("C", "T"))), N = 300)), `2` = structure(c(0, 
    234, 0, 0, 0, 0), .Dim = 3:2, .Dimnames = list(c("-1", "0", 
    "1"), c("C", "T"))))))
