Results <-
list(`bwa.out//20220204//MLPA100_S14.sam` = list(LR17_SNP1 = list(
    All = list(Freqs = structure(c(1L, 126L, 2715L, 40L, 3L, 
    21L, 0L, 0L, 1L, 0L, 0L, 0L, 0L, 2L, 178L, 0L, 0L, 0L), .Dim = c(6L, 
    3L), .Dimnames = structure(list(c("-2", "-1", "0", "1", "2", 
    NA), c("A", "T", NA)), .Names = c("", "")), class = "table"), 
        N = 3087L), Tag.Distribution = structure(c(`1` = 156L, 
    `2` = 81L, `3` = 51L, `4` = 52L, `5` = 37L, `6` = 36L, `7` = 29L, 
    `8` = 25L, `9` = 23L, `10` = 14L, `11` = 16L, `12` = 10L, 
    `13` = 11L, `14` = 5L, `15` = 10L, `16` = 7L, `17` = 6L, 
    `18` = 4L, `19` = 3L, `20` = 1L, `21` = 1L, `23` = 1L, `27` = 1L, 
    `28` = 1L, `30` = 1L), .Dim = 25L, .Dimnames = list(TagUsage = c("1", 
    "2", "3", "4", "5", "6", "7", "8", "9", "10", "11", "12", 
    "13", "14", "15", "16", "17", "18", "19", "20", "21", "23", 
    "27", "28", "30")), class = "table"), No.Tag = structure(c(0L, 
    2L, 91L, 1L, 0L, 0L, 0L, 0L, 0L, 0L, 0L, 0L, 0L, 0L, 12L, 
    0L, 0L, 0L), .Dim = c(6L, 3L), .Dimnames = structure(list(
        c("-2", "-1", "0", "1", "2", NA), c("A", "T", NA)), .Names = c("", 
    "")), class = "table"), All.Tags = list(Concordant = list(
        Freqs = structure(c(0, 6, 461, 4, 0, 0, 0, 0, 0, 0), .Dim = c(5L, 
        2L), .Dimnames = list(c("-2", "-1", "0", "1", "2"), c("A", 
        "T"))), N = 471), Majority = list(Freqs = structure(c(0, 
    6, 550, 5, 1, 0, 0, 0, 0, 0), .Dim = c(5L, 2L), .Dimnames = list(
        c("-2", "-1", "0", "1", "2"), c("A", "T"))), N = 562)), 
    `2` = structure(c(0, 4, 411, 2, 1, 0, 0, 0, 0, 0), .Dim = c(5L, 
    2L), .Dimnames = list(c("-2", "-1", "0", "1", "2"), c("A", 
    "T"))))))
