Results <-
list(`bwa.out//20220204//BlindCMMRD131_S57.sam` = list(IM16_SNP1 = list(
    All = list(Freqs = structure(c(4L, 52L, 4893L, 55L, 4L, 0L, 
    1L, 4L, 0L, 0L, 0L, 2L, 43L, 0L, 0L), .Dim = c(5L, 3L), .Dimnames = structure(list(
        c("-2", "-1", "0", "1", NA), c("A", "G", NA)), .Names = c("", 
    "")), class = "table"), N = 5058L), Tag.Distribution = structure(c(`1` = 171L, 
    `2` = 147L, `3` = 140L, `4` = 97L, `5` = 87L, `6` = 72L, 
    `7` = 66L, `8` = 56L, `9` = 46L, `10` = 31L, `11` = 22L, 
    `12` = 23L, `13` = 10L, `14` = 7L, `15` = 2L, `16` = 8L, 
    `17` = 2L, `18` = 3L, `19` = 2L, `20` = 1L, `21` = 1L, `22` = 1L, 
    `24` = 1L), .Dim = 23L, .Dimnames = list(TagUsage = c("1", 
    "2", "3", "4", "5", "6", "7", "8", "9", "10", "11", "12", 
    "13", "14", "15", "16", "17", "18", "19", "20", "21", "22", 
    "24")), class = "table"), No.Tag = structure(c(0L, 0L, 161L, 
    3L, 0L, 0L, 0L, 1L, 0L, 0L, 0L, 0L, 2L, 0L, 0L), .Dim = c(5L, 
    3L), .Dimnames = structure(list(c("-2", "-1", "0", "1", NA
    ), c("A", "G", NA)), .Names = c("", "")), class = "table"), 
    All.Tags = list(Concordant = list(Freqs = structure(c(0, 
    5, 897, 0, 0, 1, 3, 0), .Dim = c(4L, 2L), .Dimnames = list(
        c("-2", "-1", "0", "1"), c("A", "G"))), N = 906), Majority = list(
        Freqs = structure(c(0, 6, 975, 0, 0, 1, 3, 0), .Dim = c(4L, 
        2L), .Dimnames = list(c("-2", "-1", "0", "1"), c("A", 
        "G"))), N = 985)), `2` = structure(c(0, 1, 816, 0, 0, 
    0, 0, 0), .Dim = c(4L, 2L), .Dimnames = list(c("-2", "-1", 
    "0", "1"), c("A", "G"))))))
