Results <-
list(`bwa.out//20220204//BlindCMMRD80_S39.sam` = list(LR20_SNP1 = list(
    All = list(Freqs = structure(c(0L, 1L, 0L, 10L, 4690L, 5L, 
    0L, 1L, 0L, 0L, 13L, 0L), .Dim = 3:4, .Dimnames = structure(list(
        c("-1", "0", "1"), c("-", "A", "G", NA)), .Names = c("", 
    "")), class = "table"), N = 4720L), Tag.Distribution = structure(c(`1` = 144L, 
    `2` = 106L, `3` = 72L, `4` = 80L, `5` = 54L, `6` = 42L, `7` = 47L, 
    `8` = 43L, `9` = 26L, `10` = 20L, `11` = 23L, `12` = 25L, 
    `13` = 13L, `14` = 12L, `15` = 11L, `16` = 10L, `17` = 10L, 
    `18` = 2L, `19` = 5L, `20` = 1L, `21` = 2L, `22` = 4L, `23` = 2L, 
    `24` = 2L, `25` = 1L, `26` = 2L, `27` = 2L, `28` = 2L, `29` = 1L, 
    `32` = 1L, `33` = 1L, `40` = 1L, `51` = 1L), .Dim = 33L, .Dimnames = list(
        TagUsage = c("1", "2", "3", "4", "5", "6", "7", "8", 
        "9", "10", "11", "12", "13", "14", "15", "16", "17", 
        "18", "19", "20", "21", "22", "23", "24", "25", "26", 
        "27", "28", "29", "32", "33", "40", "51")), class = "table"), 
    No.Tag = structure(c(0L, 0L, 0L, 0L, 0L, 66L, 0L, 0L, 0L, 
    0L, 0L, 0L, 0L, 1L, 0L, 0L), .Dim = c(4L, 4L), .Dimnames = structure(list(
        c("-1", "0", "1", NA), c("-", "A", "G", NA)), .Names = c("", 
    "")), class = "table"), All.Tags = list(Concordant = list(
        Freqs = structure(c(0, 0, 0, 0, 751, 0, 0, 0, 0), .Dim = c(3L, 
        3L), .Dimnames = list(c("-1", "0", "1"), c("-", "A", 
        "G"))), N = 751), Majority = list(Freqs = structure(c(0, 
    0, 0, 0, 765, 0, 0, 0, 0), .Dim = c(3L, 3L), .Dimnames = list(
        c("-1", "0", "1"), c("-", "A", "G"))), N = 765)), `2` = structure(c(0, 
    0, 0, 0, 624, 0, 0, 0, 0), .Dim = c(3L, 3L), .Dimnames = list(
        c("-1", "0", "1"), c("-", "A", "G"))))))
