Results <-
list(`bwa.out//20220204//Control12_S5.sam` = list(LR48_SNP1 = list(
    All = list(Freqs = structure(c(3L, 56L, 2243L, 31L, 10L, 
    0L, 0L, 40L, 0L, 0L), .Dim = c(5L, 2L), .Dimnames = structure(list(
        c("-2", "-1", "0", "1", NA), c("C", NA)), .Names = c("", 
    "")), class = "table"), N = 2383L), Tag.Distribution = structure(c(`1` = 77L, 
    `2` = 28L, `3` = 34L, `4` = 16L, `5` = 15L, `6` = 21L, `7` = 12L, 
    `8` = 18L, `9` = 9L, `10` = 13L, `11` = 10L, `12` = 15L, 
    `13` = 7L, `14` = 4L, `15` = 6L, `16` = 3L, `17` = 3L, `18` = 1L, 
    `19` = 2L, `20` = 5L, `21` = 1L, `22` = 3L, `23` = 3L, `24` = 2L, 
    `25` = 2L, `26` = 3L, `27` = 2L, `28` = 1L, `29` = 1L, `33` = 1L, 
    `37` = 1L, `41` = 1L), .Dim = 32L, .Dimnames = list(TagUsage = c("1", 
    "2", "3", "4", "5", "6", "7", "8", "9", "10", "11", "12", 
    "13", "14", "15", "16", "17", "18", "19", "20", "21", "22", 
    "23", "24", "25", "26", "27", "28", "29", "33", "37", "41"
    )), class = "table"), No.Tag = structure(c(0L, 3L, 98L, 2L, 
    0L, 0L, 0L, 5L, 0L, 0L), .Dim = c(5L, 2L), .Dimnames = structure(list(
        c("-2", "-1", "0", "1", NA), c("C", NA)), .Names = c("", 
    "")), class = "table"), All.Tags = list(Concordant = list(
        Freqs = structure(c(0, 2, 250, 2), .Dim = c(4L, 1L), .Dimnames = list(
            c("-2", "-1", "0", "1"), "C")), N = 254), Majority = list(
        Freqs = structure(c(0, 2, 311, 2), .Dim = c(4L, 1L), .Dimnames = list(
            c("-2", "-1", "0", "1"), "C")), N = 315)), `2` = structure(c(0, 
    0, 243, 0), .Dim = c(4L, 1L), .Dimnames = list(c("-2", "-1", 
    "0", "1"), "C")))))
