Results <-
list(`bwa.out//20220204//BlindCMMRD74_S33.sam` = list(DEPDC2_SNP1 = list(
    All = list(Freqs = structure(c(0L, 0L, 0L, 1L, 0L, 0L, 0L, 
    0L, 0L, 7L, 0L, 0L, 1L, 1L, 37L, 5396L, 33L, 22L, 0L, 0L, 
    0L, 36L, 0L, 0L), .Dim = c(6L, 4L), .Dimnames = structure(list(
        c("-4", "-3", "-1", "0", "1", NA), c("A", "C", "T", NA
        )), .Names = c("", "")), class = "table"), N = 5534L), 
    Tag.Distribution = structure(c(`1` = 182L, `2` = 94L, `3` = 78L, 
    `4` = 75L, `5` = 75L, `6` = 50L, `7` = 45L, `8` = 47L, `9` = 24L, 
    `10` = 28L, `11` = 23L, `12` = 25L, `13` = 17L, `14` = 11L, 
    `15` = 9L, `16` = 10L, `17` = 10L, `18` = 5L, `19` = 10L, 
    `20` = 12L, `21` = 4L, `22` = 5L, `23` = 2L, `24` = 8L, `25` = 2L, 
    `26` = 1L, `27` = 3L, `28` = 1L, `30` = 1L, `34` = 1L, `39` = 1L, 
    `40` = 1L), .Dim = 32L, .Dimnames = list(TagUsage = c("1", 
    "2", "3", "4", "5", "6", "7", "8", "9", "10", "11", "12", 
    "13", "14", "15", "16", "17", "18", "19", "20", "21", "22", 
    "23", "24", "25", "26", "27", "28", "30", "34", "39", "40"
    )), class = "table"), No.Tag = structure(c(0L, 0L, 0L, 0L, 
    0L, 0L, 0L, 0L, 0L, 1L, 0L, 0L, 0L, 0L, 0L, 84L, 1L, 5L, 
    0L, 0L, 0L, 4L, 0L, 0L), .Dim = c(6L, 4L), .Dimnames = structure(list(
        c("-4", "-3", "-1", "0", "1", NA), c("A", "C", "T", NA
        )), .Names = c("", "")), class = "table"), All.Tags = list(
        Concordant = list(Freqs = structure(c(0, 0, 0, 0, 0, 
        0, 0, 0, 4, 0, 0, 0, 1, 785, 2), .Dim = c(5L, 3L), .Dimnames = list(
            c("-4", "-3", "-1", "0", "1"), c("A", "C", "T"))), 
            N = 792), Majority = list(Freqs = structure(c(0, 
        0, 0, 0, 0, 0, 0, 0, 4, 0, 0, 0, 2, 840, 3), .Dim = c(5L, 
        3L), .Dimnames = list(c("-4", "-3", "-1", "0", "1"), 
            c("A", "C", "T"))), N = 849)), `2` = structure(c(0, 
    0, 0, 0, 0, 0, 0, 0, 0, 0, 0, 0, 1, 673, 2), .Dim = c(5L, 
    3L), .Dimnames = list(c("-4", "-3", "-1", "0", "1"), c("A", 
    "C", "T"))))))
