Results <-
list(`bwa.out//20220204//BlindCMMRD54_S13.sam` = list(GM14_SNP1 = list(
    All = list(Freqs = structure(c(2L, 110L, 2995L, 15L, 2L, 
    11L, 0L, 0L, 2L, 0L, 0L, 0L, 0L, 1L, 23L, 0L, 0L, 0L), .Dim = c(6L, 
    3L), .Dimnames = structure(list(c("-2", "-1", "0", "1", "2", 
    NA), c("C", "T", NA)), .Names = c("", "")), class = "table"), 
        N = 3161L), Tag.Distribution = structure(c(`1` = 67L, 
    `2` = 28L, `3` = 38L, `4` = 24L, `5` = 16L, `6` = 18L, `7` = 21L, 
    `8` = 24L, `9` = 20L, `10` = 14L, `11` = 7L, `12` = 7L, `13` = 8L, 
    `14` = 6L, `15` = 8L, `16` = 6L, `17` = 5L, `18` = 6L, `19` = 7L, 
    `20` = 3L, `21` = 4L, `22` = 5L, `23` = 3L, `24` = 3L, `25` = 4L, 
    `26` = 2L, `27` = 3L, `28` = 1L, `29` = 2L, `31` = 1L, `32` = 1L, 
    `33` = 2L, `38` = 1L, `43` = 1L, `49` = 1L), .Dim = 35L, .Dimnames = list(
        TagUsage = c("1", "2", "3", "4", "5", "6", "7", "8", 
        "9", "10", "11", "12", "13", "14", "15", "16", "17", 
        "18", "19", "20", "21", "22", "23", "24", "25", "26", 
        "27", "28", "29", "31", "32", "33", "38", "43", "49")), class = "table"), 
    No.Tag = structure(c(0L, 6L, 108L, 1L, 1L, 0L, 0L, 0L, 0L, 
    0L, 0L, 0L, 0L, 0L, 1L, 0L, 0L, 0L), .Dim = c(6L, 3L), .Dimnames = structure(list(
        c("-2", "-1", "0", "1", "2", NA), c("C", "T", NA)), .Names = c("", 
    "")), class = "table"), All.Tags = list(Concordant = list(
        Freqs = structure(c(0, 3, 281, 0, 0, 0, 0, 2, 0, 0), .Dim = c(5L, 
        2L), .Dimnames = list(c("-2", "-1", "0", "1", "2"), c("C", 
        "T"))), N = 286), Majority = list(Freqs = structure(c(0, 
    4, 354, 0, 0, 0, 0, 2, 0, 0), .Dim = c(5L, 2L), .Dimnames = list(
        c("-2", "-1", "0", "1", "2"), c("C", "T"))), N = 360)), 
    `2` = structure(c(0, 4, 294, 0, 0, 0, 0, 0, 0, 0), .Dim = c(5L, 
    2L), .Dimnames = list(c("-2", "-1", "0", "1", "2"), c("C", 
    "T"))))))
