Results <-
list(`bwa.out//20220204//BlindCMMRD68_S27.sam` = list(LR44_SNP1 = list(
    All = list(Freqs = structure(c(0L, 12L, 148L, 2207L, 35L, 
    1L, 5L, 1L, 10L, 180L, 1963L, 46L, 2L, 6L, 0L, 0L, 7L, 76L, 
    3L, 0L, 0L), .Dim = c(7L, 3L), .Dimnames = structure(list(
        c("-3", "-2", "-1", "0", "1", "2", NA), c("C", "T", NA
        )), .Names = c("", "")), class = "table"), N = 4702L), 
    Tag.Distribution = structure(c(`1` = 115L, `2` = 57L, `3` = 60L, 
    `4` = 50L, `5` = 32L, `6` = 33L, `7` = 35L, `8` = 36L, `9` = 26L, 
    `10` = 25L, `11` = 22L, `12` = 22L, `13` = 18L, `14` = 17L, 
    `15` = 10L, `16` = 7L, `17` = 11L, `18` = 8L, `19` = 10L, 
    `20` = 6L, `21` = 3L, `22` = 7L, `23` = 4L, `24` = 5L, `25` = 2L, 
    `26` = 2L, `27` = 1L, `28` = 2L, `29` = 1L, `34` = 1L, `35` = 1L
    ), .Dim = 31L, .Dimnames = list(TagUsage = c("1", "2", "3", 
    "4", "5", "6", "7", "8", "9", "10", "11", "12", "13", "14", 
    "15", "16", "17", "18", "19", "20", "21", "22", "23", "24", 
    "25", "26", "27", "28", "29", "34", "35")), class = "table"), 
    No.Tag = structure(c(0L, 0L, 7L, 70L, 2L, 0L, 0L, 0L, 0L, 
    3L, 33L, 2L, 0L, 0L, 0L, 0L, 0L, 8L, 0L, 0L, 0L), .Dim = c(7L, 
    3L), .Dimnames = structure(list(c("-3", "-2", "-1", "0", 
    "1", "2", NA), c("C", "T", NA)), .Names = c("", "")), class = "table"), 
    All.Tags = list(Concordant = list(Freqs = structure(c(0, 
    0, 1, 191, 3, 0, 1, 0, 9, 158, 1, 0), .Dim = c(6L, 2L), .Dimnames = list(
        c("-3", "-2", "-1", "0", "1", "2"), c("C", "T"))), N = 364), 
        Majority = list(Freqs = structure(c(0, 0, 4, 312, 3, 
        0, 1, 0, 11, 280, 2, 0), .Dim = c(6L, 2L), .Dimnames = list(
            c("-3", "-2", "-1", "0", "1", "2"), c("C", "T"))), 
            N = 613)), `2` = structure(c(0, 0, 3, 257, 0, 0, 
    0, 0, 4, 238, 1, 0), .Dim = c(6L, 2L), .Dimnames = list(c("-3", 
    "-2", "-1", "0", "1", "2"), c("C", "T"))))))
