Results <-
list(`bwa.out//20220204//MLPA100_S14.sam` = list(GM17_SNP1 = list(
    All = list(Freqs = structure(c(0L, 18L, 1824L, 8L, 1L, 1L, 
    14L, 1560L, 3L, 2L, 0L, 0L, 20L, 0L, 0L), .Dim = c(5L, 3L
    ), .Dimnames = structure(list(c("-2", "-1", "0", "1", NA), 
        c("C", "T", NA)), .Names = c("", "")), class = "table"), 
        N = 3451L), Tag.Distribution = structure(c(`1` = 174L, 
    `2` = 115L, `3` = 94L, `4` = 57L, `5` = 40L, `6` = 35L, `7` = 41L, 
    `8` = 31L, `9` = 17L, `10` = 19L, `11` = 15L, `12` = 12L, 
    `13` = 11L, `14` = 7L, `15` = 5L, `16` = 4L, `17` = 1L, `18` = 6L, 
    `19` = 2L, `20` = 2L, `21` = 4L, `22` = 5L, `23` = 3L, `24` = 1L, 
    `25` = 1L), .Dim = 25L, .Dimnames = list(TagUsage = c("1", 
    "2", "3", "4", "5", "6", "7", "8", "9", "10", "11", "12", 
    "13", "14", "15", "16", "17", "18", "19", "20", "21", "22", 
    "23", "24", "25")), class = "table"), No.Tag = structure(c(0L, 
    0L, 25L, 0L, 0L, 0L, 0L, 20L, 0L, 0L, 0L, 0L, 0L, 0L, 0L), .Dim = c(5L, 
    3L), .Dimnames = structure(list(c("-2", "-1", "0", "1", NA
    ), c("C", "T", NA)), .Names = c("", "")), class = "table"), 
    All.Tags = list(Concordant = list(Freqs = structure(c(0, 
    2, 307, 0, 0, 0, 314, 0), .Dim = c(4L, 2L), .Dimnames = list(
        c("-2", "-1", "0", "1"), c("C", "T"))), N = 623), Majority = list(
        Freqs = structure(c(0, 2, 336, 0, 0, 0, 348, 0), .Dim = c(4L, 
        2L), .Dimnames = list(c("-2", "-1", "0", "1"), c("C", 
        "T"))), N = 686)), `2` = structure(c(0, 1, 267, 0, 0, 
    0, 252, 0), .Dim = c(4L, 2L), .Dimnames = list(c("-2", "-1", 
    "0", "1"), c("C", "T"))))))
