Results <-
list(`bwa.out//20220204//BlindCMMRD119_S45.sam` = list(GM07_SNP1 = list(
    All = list(Freqs = structure(c(0L, 0L, 1L, 0L, 0L, 1L, 2L, 
    205L, 3718L, 99L, 1L, 28L, 0L, 0L, 28L, 0L, 0L, 0L), .Dim = c(6L, 
    3L), .Dimnames = structure(list(c("-2", "-1", "0", "1", "2", 
    NA), c("A", "G", NA)), .Names = c("", "")), class = "table"), 
        N = 4083L), Tag.Distribution = structure(c(`1` = 188L, 
    `2` = 140L, `3` = 124L, `4` = 80L, `5` = 75L, `6` = 49L, 
    `7` = 41L, `8` = 31L, `9` = 19L, `10` = 28L, `11` = 12L, 
    `12` = 10L, `13` = 15L, `14` = 10L, `15` = 12L, `16` = 6L, 
    `17` = 2L, `18` = 2L, `19` = 1L, `20` = 1L, `21` = 2L, `22` = 2L, 
    `26` = 1L, `28` = 1L), .Dim = 24L, .Dimnames = list(TagUsage = c("1", 
    "2", "3", "4", "5", "6", "7", "8", "9", "10", "11", "12", 
    "13", "14", "15", "16", "17", "18", "19", "20", "21", "22", 
    "26", "28")), class = "table"), No.Tag = structure(c(0L, 
    0L, 0L, 0L, 0L, 0L, 0L, 6L, 141L, 2L, 0L, 5L, 0L, 0L, 2L, 
    0L, 0L, 0L), .Dim = c(6L, 3L), .Dimnames = structure(list(
        c("-2", "-1", "0", "1", "2", NA), c("A", "G", NA)), .Names = c("", 
    "")), class = "table"), All.Tags = list(Concordant = list(
        Freqs = structure(c(0, 0, 1, 0, 0, 0, 12, 628, 8, 0), .Dim = c(5L, 
        2L), .Dimnames = list(c("-2", "-1", "0", "1", "2"), c("A", 
        "G"))), N = 649), Majority = list(Freqs = structure(c(0, 
    0, 1, 0, 0, 0, 13, 807, 9, 0), .Dim = c(5L, 2L), .Dimnames = list(
        c("-2", "-1", "0", "1", "2"), c("A", "G"))), N = 830)), 
    `2` = structure(c(0, 0, 0, 0, 0, 0, 4, 638, 2, 0), .Dim = c(5L, 
    2L), .Dimnames = list(c("-2", "-1", "0", "1", "2"), c("A", 
    "G"))))))
