Results <-
list(`bwa.out//20220204//Control12_S5.sam` = list(LR36_SNP1 = list(
    All = list(Freqs = structure(c(1L, 10L, 892L, 10L, 5L, 2L, 
    11L, 958L, 4L, 3L, 0L, 1L, 53L, 0L, 0L), .Dim = c(5L, 3L), .Dimnames = structure(list(
        c("-2", "-1", "0", "1", NA), c("A", "T", NA)), .Names = c("", 
    "")), class = "table"), N = 1950L), Tag.Distribution = structure(c(`1` = 57L, 
    `2` = 35L, `3` = 29L, `4` = 27L, `5` = 26L, `6` = 14L, `7` = 9L, 
    `8` = 14L, `9` = 9L, `10` = 6L, `11` = 7L, `12` = 7L, `13` = 6L, 
    `14` = 5L, `15` = 8L, `16` = 2L, `17` = 5L, `18` = 2L, `19` = 2L, 
    `20` = 3L, `21` = 1L, `22` = 1L, `23` = 3L, `24` = 2L, `26` = 1L, 
    `31` = 1L, `32` = 1L), .Dim = 27L, .Dimnames = list(TagUsage = c("1", 
    "2", "3", "4", "5", "6", "7", "8", "9", "10", "11", "12", 
    "13", "14", "15", "16", "17", "18", "19", "20", "21", "22", 
    "23", "24", "26", "31", "32")), class = "table"), No.Tag = structure(c(0L, 
    0L, 73L, 0L, 1L, 0L, 0L, 86L, 0L, 1L, 0L, 0L, 8L, 0L, 0L), .Dim = c(5L, 
    3L), .Dimnames = structure(list(c("-2", "-1", "0", "1", NA
    ), c("A", "T", NA)), .Names = c("", "")), class = "table"), 
    All.Tags = list(Concordant = list(Freqs = structure(c(0, 
    0, 102, 0, 0, 0, 134, 0), .Dim = c(4L, 2L), .Dimnames = list(
        c("-2", "-1", "0", "1"), c("A", "T"))), N = 236), Majority = list(
        Freqs = structure(c(0, 0, 123, 0, 0, 0, 151, 0), .Dim = c(4L, 
        2L), .Dimnames = list(c("-2", "-1", "0", "1"), c("A", 
        "T"))), N = 274)), `2` = structure(c(0, 0, 104, 0, 0, 
    0, 120, 0), .Dim = c(4L, 2L), .Dimnames = list(c("-2", "-1", 
    "0", "1"), c("A", "T"))))))
