Results <-
list(`bwa.out//20220204//BlindCMMRD74_S33.sam` = list(LR10_SNP1 = list(
    All = list(Freqs = structure(c(37L, 2000L, 15L, 2L, 18L, 
    2280L, 9L, 2L, 0L, 32L, 1L, 0L), .Dim = 4:3, .Dimnames = structure(list(
        c("-1", "0", "1", NA), c("C", "T", NA)), .Names = c("", 
    "")), class = "table"), N = 4396L), Tag.Distribution = structure(c(`1` = 95L, 
    `2` = 54L, `3` = 33L, `4` = 36L, `5` = 29L, `6` = 34L, `7` = 32L, 
    `8` = 26L, `9` = 17L, `10` = 27L, `11` = 21L, `12` = 14L, 
    `13` = 14L, `14` = 8L, `15` = 17L, `16` = 8L, `17` = 13L, 
    `18` = 6L, `19` = 1L, `20` = 4L, `21` = 4L, `22` = 5L, `23` = 2L, 
    `24` = 5L, `25` = 4L, `27` = 3L, `28` = 3L, `29` = 3L, `30` = 1L, 
    `31` = 3L, `32` = 2L, `33` = 2L, `41` = 1L, `45` = 1L, `46` = 1L
    ), .Dim = 35L, .Dimnames = list(TagUsage = c("1", "2", "3", 
    "4", "5", "6", "7", "8", "9", "10", "11", "12", "13", "14", 
    "15", "16", "17", "18", "19", "20", "21", "22", "23", "24", 
    "25", "27", "28", "29", "30", "31", "32", "33", "41", "45", 
    "46")), class = "table"), No.Tag = structure(c(0L, 45L, 1L, 
    0L, 2L, 92L, 0L, 0L, 0L, 5L, 0L, 0L), .Dim = 4:3, .Dimnames = structure(list(
        c("-1", "0", "1", NA), c("C", "T", NA)), .Names = c("", 
    "")), class = "table"), All.Tags = list(Concordant = list(
        Freqs = structure(c(1, 193, 0, 0, 246, 1), .Dim = 3:2, .Dimnames = list(
            c("-1", "0", "1"), c("C", "T"))), N = 441), Majority = list(
        Freqs = structure(c(1, 240, 0, 0, 281, 1), .Dim = 3:2, .Dimnames = list(
            c("-1", "0", "1"), c("C", "T"))), N = 523)), `2` = structure(c(1, 
    202, 0, 0, 225, 0), .Dim = 3:2, .Dimnames = list(c("-1", 
    "0", "1"), c("C", "T"))))))
