Results <-
list(`bwa.out//20220204//Control27_S20.sam` = list(IM16_SNP1 = list(
    All = list(Freqs = structure(c(13L, 1402L, 23L, 1L, 0L, 19L, 
    1596L, 35L, 0L, 2L, 2L, 40L, 1L, 0L, 0L), .Dim = c(5L, 3L
    ), .Dimnames = structure(list(c("-1", "0", "1", "2", NA), 
        c("A", "G", NA)), .Names = c("", "")), class = "table"), 
        N = 3134L), Tag.Distribution = structure(c(`1` = 116L, 
    `2` = 62L, `3` = 45L, `4` = 37L, `5` = 30L, `6` = 19L, `7` = 24L, 
    `8` = 20L, `9` = 14L, `10` = 21L, `11` = 18L, `12` = 11L, 
    `13` = 7L, `14` = 8L, `15` = 3L, `16` = 8L, `17` = 2L, `18` = 6L, 
    `19` = 7L, `20` = 1L, `21` = 3L, `22` = 3L, `23` = 1L, `24` = 1L, 
    `25` = 3L, `26` = 5L, `27` = 1L, `29` = 2L, `31` = 1L, `33` = 1L, 
    `35` = 1L, `36` = 1L), .Dim = 32L, .Dimnames = list(TagUsage = c("1", 
    "2", "3", "4", "5", "6", "7", "8", "9", "10", "11", "12", 
    "13", "14", "15", "16", "17", "18", "19", "20", "21", "22", 
    "23", "24", "25", "26", "27", "29", "31", "33", "35", "36"
    )), class = "table"), No.Tag = structure(c(0L, 20L, 1L, 0L, 
    0L, 2L, 55L, 0L, 0L, 0L, 0L, 3L, 0L, 0L, 0L), .Dim = c(5L, 
    3L), .Dimnames = structure(list(c("-1", "0", "1", "2", NA
    ), c("A", "G", NA)), .Names = c("", "")), class = "table"), 
    All.Tags = list(Concordant = list(Freqs = structure(c(1, 
    194, 1, 0, 0, 201, 1, 0), .Dim = c(4L, 2L), .Dimnames = list(
        c("-1", "0", "1", "2"), c("A", "G"))), N = 398), Majority = list(
        Freqs = structure(c(1, 226, 1, 0, 0, 243, 1, 0), .Dim = c(4L, 
        2L), .Dimnames = list(c("-1", "0", "1", "2"), c("A", 
        "G"))), N = 472)), `2` = structure(c(0, 174, 0, 0, 0, 
    184, 0, 0), .Dim = c(4L, 2L), .Dimnames = list(c("-1", "0", 
    "1", "2"), c("A", "G"))))))
