Results <-
list(`bwa.out//20220204//BlindCMMRD99_S58.sam` = list(LR40_SNP1 = list(
    All = list(Freqs = structure(c(0L, 1L, 0L, 0L, 43L, 4476L, 
    16L, 5L, 0L, 1L, 0L, 0L, 0L, 24L, 0L, 0L), .Dim = c(4L, 4L
    ), .Dimnames = structure(list(c("-1", "0", "1", NA), c("A", 
    "C", "T", NA)), .Names = c("", "")), class = "table"), N = 4566L), 
    Tag.Distribution = structure(c(`1` = 132L, `2` = 69L, `3` = 65L, 
    `4` = 55L, `5` = 36L, `6` = 37L, `7` = 30L, `8` = 28L, `9` = 24L, 
    `10` = 23L, `11` = 12L, `12` = 15L, `13` = 18L, `14` = 8L, 
    `15` = 10L, `16` = 6L, `17` = 11L, `18` = 6L, `19` = 6L, 
    `20` = 4L, `21` = 8L, `22` = 7L, `23` = 2L, `24` = 4L, `25` = 4L, 
    `26` = 4L, `27` = 3L, `28` = 2L, `29` = 1L, `31` = 3L, `35` = 2L, 
    `43` = 1L), .Dim = 32L, .Dimnames = list(TagUsage = c("1", 
    "2", "3", "4", "5", "6", "7", "8", "9", "10", "11", "12", 
    "13", "14", "15", "16", "17", "18", "19", "20", "21", "22", 
    "23", "24", "25", "26", "27", "28", "29", "31", "35", "43"
    )), class = "table"), No.Tag = structure(c(0L, 0L, 0L, 0L, 
    1L, 155L, 1L, 2L, 0L, 0L, 0L, 0L, 0L, 7L, 0L, 0L), .Dim = c(4L, 
    4L), .Dimnames = structure(list(c("-1", "0", "1", NA), c("A", 
    "C", "T", NA)), .Names = c("", "")), class = "table"), All.Tags = list(
        Concordant = list(Freqs = structure(c(0, 0, 0, 1, 582, 
        0, 0, 0, 0), .Dim = c(3L, 3L), .Dimnames = list(c("-1", 
        "0", "1"), c("A", "C", "T"))), N = 583), Majority = list(
            Freqs = structure(c(0, 0, 0, 2, 631, 0, 0, 0, 0), .Dim = c(3L, 
            3L), .Dimnames = list(c("-1", "0", "1"), c("A", "C", 
            "T"))), N = 633)), `2` = structure(c(0, 0, 0, 1, 
    502, 0, 0, 0, 0), .Dim = c(3L, 3L), .Dimnames = list(c("-1", 
    "0", "1"), c("A", "C", "T"))))))
