Results <-
list(`bwa.out//20220204//MLPA80_S12.sam` = list(LR44_SNP1 = list(
    All = list(Freqs = structure(c(2L, 14L, 243L, 3930L, 66L, 
    2L, 27L, 0L, 0L, 0L, 4L, 0L, 0L, 0L, 0L, 0L, 4L, 56L, 0L, 
    0L, 0L), .Dim = c(7L, 3L), .Dimnames = structure(list(c("-3", 
    "-2", "-1", "0", "1", "2", NA), c("C", "T", NA)), .Names = c("", 
    "")), class = "table"), N = 4348L), Tag.Distribution = structure(c(`1` = 168L, 
    `2` = 98L, `3` = 70L, `4` = 65L, `5` = 44L, `6` = 38L, `7` = 37L, 
    `8` = 35L, `9` = 30L, `10` = 22L, `11` = 15L, `12` = 18L, 
    `13` = 9L, `14` = 13L, `15` = 13L, `16` = 12L, `17` = 3L, 
    `18` = 2L, `19` = 10L, `20` = 4L, `21` = 4L, `22` = 1L, `23` = 1L, 
    `24` = 3L, `25` = 2L, `28` = 3L, `29` = 2L, `31` = 3L, `36` = 1L
    ), .Dim = 29L, .Dimnames = list(TagUsage = c("1", "2", "3", 
    "4", "5", "6", "7", "8", "9", "10", "11", "12", "13", "14", 
    "15", "16", "17", "18", "19", "20", "21", "22", "23", "24", 
    "25", "28", "29", "31", "36")), class = "table"), No.Tag = structure(c(0L, 
    2L, 7L, 76L, 3L, 0L, 0L, 0L, 0L, 0L, 0L, 0L, 0L, 0L, 0L, 
    0L, 0L, 3L, 0L, 0L, 0L), .Dim = c(7L, 3L), .Dimnames = structure(list(
        c("-3", "-2", "-1", "0", "1", "2", NA), c("C", "T", NA
        )), .Names = c("", "")), class = "table"), All.Tags = list(
        Concordant = list(Freqs = structure(c(0, 1, 6, 501, 2, 
        0, 0, 0, 0, 1, 0, 0), .Dim = c(6L, 2L), .Dimnames = list(
            c("-3", "-2", "-1", "0", "1", "2"), c("C", "T"))), 
            N = 511), Majority = list(Freqs = structure(c(0, 
        1, 9, 690, 2, 0, 0, 0, 0, 1, 0, 0), .Dim = c(6L, 2L), .Dimnames = list(
            c("-3", "-2", "-1", "0", "1", "2"), c("C", "T"))), 
            N = 703)), `2` = structure(c(0, 0, 5, 537, 1, 0, 
    0, 0, 0, 1, 0, 0), .Dim = c(6L, 2L), .Dimnames = list(c("-3", 
    "-2", "-1", "0", "1", "2"), c("C", "T"))))))
