Results <-
list(`bwa.out//20220204//MLPA100_S14.sam` = list(GM01_SNP1 = list(
    All = list(Freqs = structure(c(17L, 2124L, 12L, 1L, 2L, 0L, 
    1L, 0L, 0L, 0L, 27L, 2202L, 9L, 0L, 7L, 0L, 63L, 0L, 0L, 
    0L), .Dim = 5:4, .Dimnames = structure(list(c("-1", "0", 
    "1", "2", NA), c("A", "C", "G", NA)), .Names = c("", "")), class = "table"), 
        N = 4465L), Tag.Distribution = structure(c(`1` = 254L, 
    `2` = 158L, `3` = 100L, `4` = 83L, `5` = 62L, `6` = 53L, 
    `7` = 35L, `8` = 42L, `9` = 27L, `10` = 23L, `11` = 18L, 
    `12` = 24L, `13` = 11L, `14` = 10L, `15` = 10L, `16` = 7L, 
    `17` = 8L, `18` = 5L, `19` = 2L, `20` = 3L, `21` = 1L, `23` = 1L, 
    `28` = 1L, `30` = 1L, `33` = 1L), .Dim = 25L, .Dimnames = list(
        TagUsage = c("1", "2", "3", "4", "5", "6", "7", "8", 
        "9", "10", "11", "12", "13", "14", "15", "16", "17", 
        "18", "19", "20", "21", "23", "28", "30", "33")), class = "table"), 
    No.Tag = structure(c(0L, 51L, 0L, 0L, 0L, 0L, 0L, 0L, 0L, 
    0L, 1L, 37L, 0L, 0L, 0L, 0L, 2L, 0L, 0L, 0L), .Dim = 5:4, .Dimnames = structure(list(
        c("-1", "0", "1", "2", NA), c("A", "C", "G", NA)), .Names = c("", 
    "")), class = "table"), All.Tags = list(Concordant = list(
        Freqs = structure(c(1, 386, 0, 0, 0, 0, 0, 0, 2, 392, 
        2, 0), .Dim = 4:3, .Dimnames = list(c("-1", "0", "1", 
        "2"), c("A", "C", "G"))), N = 783), Majority = list(Freqs = structure(c(1, 
    442, 1, 0, 0, 0, 0, 0, 2, 461, 2, 0), .Dim = 4:3, .Dimnames = list(
        c("-1", "0", "1", "2"), c("A", "C", "G"))), N = 909)), 
    `2` = structure(c(0, 320, 1, 0, 0, 0, 0, 0, 0, 343, 0, 0), .Dim = 4:3, .Dimnames = list(
        c("-1", "0", "1", "2"), c("A", "C", "G"))))))
