Results <-
list(`bwa.out//20220204//BlindCMMRD83_S42.sam` = list(GM11_SNP1 = list(
    All = list(Freqs = structure(c(0L, 13L, 2783L, 8L, 1L, 1L, 
    13L, 2973L, 16L, 4L, 0L, 0L, 41L, 0L, 0L), .Dim = c(5L, 3L
    ), .Dimnames = structure(list(c("-2", "-1", "0", "1", NA), 
        c("A", "G", NA)), .Names = c("", "")), class = "table"), 
        N = 5853L), Tag.Distribution = structure(c(`1` = 96L, 
    `2` = 61L, `3` = 39L, `4` = 51L, `5` = 52L, `6` = 30L, `7` = 29L, 
    `8` = 23L, `9` = 32L, `10` = 26L, `11` = 20L, `12` = 24L, 
    `13` = 17L, `14` = 12L, `15` = 11L, `16` = 11L, `17` = 8L, 
    `18` = 14L, `19` = 11L, `20` = 7L, `21` = 7L, `22` = 1L, 
    `23` = 8L, `24` = 6L, `25` = 4L, `26` = 5L, `27` = 6L, `28` = 3L, 
    `29` = 2L, `30` = 1L, `31` = 2L, `32` = 3L, `33` = 2L, `34` = 4L, 
    `35` = 2L, `36` = 1L, `37` = 4L, `39` = 1L, `43` = 1L, `44` = 1L, 
    `47` = 1L), .Dim = 41L, .Dimnames = list(TagUsage = c("1", 
    "2", "3", "4", "5", "6", "7", "8", "9", "10", "11", "12", 
    "13", "14", "15", "16", "17", "18", "19", "20", "21", "22", 
    "23", "24", "25", "26", "27", "28", "29", "30", "31", "32", 
    "33", "34", "35", "36", "37", "39", "43", "44", "47")), class = "table"), 
    No.Tag = structure(c(0L, 1L, 45L, 0L, 0L, 0L, 0L, 67L, 0L, 
    0L, 0L, 0L, 3L, 0L, 0L), .Dim = c(5L, 3L), .Dimnames = structure(list(
        c("-2", "-1", "0", "1", NA), c("A", "G", NA)), .Names = c("", 
    "")), class = "table"), All.Tags = list(Concordant = list(
        Freqs = structure(c(0, 0, 297, 0, 0, 0, 252, 1), .Dim = c(4L, 
        2L), .Dimnames = list(c("-2", "-1", "0", "1"), c("A", 
        "G"))), N = 550), Majority = list(Freqs = structure(c(0, 
    0, 330, 0, 0, 0, 301, 1), .Dim = c(4L, 2L), .Dimnames = list(
        c("-2", "-1", "0", "1"), c("A", "G"))), N = 632)), `2` = structure(c(0, 
    0, 280, 0, 0, 0, 259, 0), .Dim = c(4L, 2L), .Dimnames = list(
        c("-2", "-1", "0", "1"), c("A", "G"))))))
