Results <-
list(`bwa.out//20220204//Control15_S8.sam` = list(GM29_SNP1 = list(
    All = list(Freqs = structure(c(59L, 2642L, 10L, 4L, 1L, 13L, 
    1L, 0L), .Dim = c(4L, 2L), .Dimnames = structure(list(c("-1", 
    "0", "1", NA), c("A", NA)), .Names = c("", "")), class = "table"), 
        N = 2730L), Tag.Distribution = structure(c(`1` = 77L, 
    `2` = 37L, `3` = 32L, `4` = 26L, `5` = 18L, `6` = 24L, `7` = 20L, 
    `8` = 15L, `9` = 12L, `10` = 10L, `11` = 16L, `12` = 7L, 
    `13` = 16L, `14` = 10L, `15` = 5L, `16` = 11L, `17` = 6L, 
    `18` = 6L, `19` = 1L, `20` = 3L, `21` = 2L, `22` = 1L, `25` = 1L, 
    `26` = 4L, `29` = 2L, `32` = 1L, `34` = 1L, `35` = 1L, `40` = 1L, 
    `48` = 1L), .Dim = 30L, .Dimnames = list(TagUsage = c("1", 
    "2", "3", "4", "5", "6", "7", "8", "9", "10", "11", "12", 
    "13", "14", "15", "16", "17", "18", "19", "20", "21", "22", 
    "25", "26", "29", "32", "34", "35", "40", "48")), class = "table"), 
    No.Tag = structure(c(0L, 89L, 0L, 0L, 0L, 0L, 0L, 0L), .Dim = c(4L, 
    2L), .Dimnames = structure(list(c("-1", "0", "1", NA), c("A", 
    NA)), .Names = c("", "")), class = "table"), All.Tags = list(
        Concordant = list(Freqs = structure(c(2, 320, 0), .Dim = c(3L, 
        1L), .Dimnames = list(c("-1", "0", "1"), "A")), N = 322), 
        Majority = list(Freqs = structure(c(2, 364, 0), .Dim = c(3L, 
        1L), .Dimnames = list(c("-1", "0", "1"), "A")), N = 366)), 
    `2` = structure(c(0, 290, 0), .Dim = c(3L, 1L), .Dimnames = list(
        c("-1", "0", "1"), "A")))))
