Results <-
list(`bwa.out//20220204//Control12_S5.sam` = list(LR49_SNP1 = list(
    All = list(Freqs = structure(c(2L, 994L, 1L, 3L, 1228L, 0L, 
    0L, 17L, 0L), .Dim = c(3L, 3L), .Dimnames = structure(list(
        c("-1", "0", "1"), c("A", "G", NA)), .Names = c("", ""
    )), class = "table"), N = 2245L), Tag.Distribution = structure(c(`1` = 108L, 
    `2` = 44L, `3` = 52L, `4` = 43L, `5` = 30L, `6` = 18L, `7` = 22L, 
    `8` = 17L, `9` = 13L, `10` = 10L, `11` = 9L, `12` = 11L, 
    `13` = 7L, `14` = 3L, `15` = 1L, `16` = 4L, `17` = 2L, `18` = 1L, 
    `19` = 5L, `20` = 2L, `21` = 2L, `22` = 1L, `23` = 2L, `24` = 1L, 
    `27` = 1L, `29` = 1L), .Dim = 26L, .Dimnames = list(TagUsage = c("1", 
    "2", "3", "4", "5", "6", "7", "8", "9", "10", "11", "12", 
    "13", "14", "15", "16", "17", "18", "19", "20", "21", "22", 
    "23", "24", "27", "29")), class = "table"), No.Tag = structure(c(0L, 
    66L, 0L, 0L, 0L, 66L, 0L, 0L, 0L, 4L, 0L, 0L), .Dim = 4:3, .Dimnames = structure(list(
        c("-1", "0", "1", NA), c("A", "G", NA)), .Names = c("", 
    "")), class = "table"), All.Tags = list(Concordant = list(
        Freqs = structure(c(0, 185, 1, 0, 203, 0), .Dim = 3:2, .Dimnames = list(
            c("-1", "0", "1"), c("A", "G"))), N = 389), Majority = list(
        Freqs = structure(c(0, 196, 1, 0, 211, 0), .Dim = 3:2, .Dimnames = list(
            c("-1", "0", "1"), c("A", "G"))), N = 408)), `2` = structure(c(0, 
    142, 0, 0, 159, 0), .Dim = 3:2, .Dimnames = list(c("-1", 
    "0", "1"), c("A", "G"))))))
