Results <-
list(`bwa.out//20220204//BlindCMMRD41_S1.sam` = list(GM01_SNP1 = list(
    All = list(Freqs = structure(c(1L, 84L, 6890L, 28L, 9L, 0L, 
    0L, 24L, 0L, 0L, 0L, 4L, 71L, 1L, 0L), .Dim = c(5L, 3L), .Dimnames = structure(list(
        c("-2", "-1", "0", "1", NA), c("A", "G", NA)), .Names = c("", 
    "")), class = "table"), N = 7112L), Tag.Distribution = structure(c(`1` = 152L, 
    `2` = 32L, `3` = 23L, `4` = 26L, `5` = 23L, `6` = 19L, `7` = 17L, 
    `8` = 18L, `9` = 15L, `10` = 16L, `11` = 15L, `12` = 15L, 
    `13` = 18L, `14` = 11L, `15` = 9L, `16` = 11L, `17` = 11L, 
    `18` = 6L, `19` = 7L, `20` = 9L, `21` = 9L, `22` = 10L, `23` = 7L, 
    `24` = 6L, `25` = 8L, `26` = 8L, `27` = 2L, `28` = 8L, `29` = 3L, 
    `30` = 2L, `31` = 9L, `32` = 7L, `33` = 4L, `34` = 9L, `35` = 8L, 
    `36` = 3L, `37` = 3L, `38` = 5L, `39` = 3L, `40` = 2L, `41` = 3L, 
    `42` = 1L, `43` = 1L, `44` = 2L, `45` = 4L, `47` = 2L, `48` = 1L, 
    `51` = 1L, `52` = 1L, `56` = 1L), .Dim = 50L, .Dimnames = list(
        TagUsage = c("1", "2", "3", "4", "5", "6", "7", "8", 
        "9", "10", "11", "12", "13", "14", "15", "16", "17", 
        "18", "19", "20", "21", "22", "23", "24", "25", "26", 
        "27", "28", "29", "30", "31", "32", "33", "34", "35", 
        "36", "37", "38", "39", "40", "41", "42", "43", "44", 
        "45", "47", "48", "51", "52", "56")), class = "table"), 
    No.Tag = structure(c(0L, 0L, 125L, 0L, 0L, 0L, 0L, 3L, 0L, 
    0L, 0L, 0L, 5L, 0L, 0L), .Dim = c(5L, 3L), .Dimnames = structure(list(
        c("-2", "-1", "0", "1", NA), c("A", "G", NA)), .Names = c("", 
    "")), class = "table"), All.Tags = list(Concordant = list(
        Freqs = structure(c(0, 3, 465, 2, 0, 0, 15, 0), .Dim = c(4L, 
        2L), .Dimnames = list(c("-2", "-1", "0", "1"), c("A", 
        "G"))), N = 485), Majority = list(Freqs = structure(c(0, 
    4, 554, 2, 0, 0, 15, 0), .Dim = c(4L, 2L), .Dimnames = list(
        c("-2", "-1", "0", "1"), c("A", "G"))), N = 575)), `2` = structure(c(0, 
    2, 427, 0, 0, 0, 1, 0), .Dim = c(4L, 2L), .Dimnames = list(
        c("-2", "-1", "0", "1"), c("A", "G"))))))
