Results <-
list(`bwa.out//20220204//BlindCMMRD89_S48.sam` = list(DEPDC2_SNP1 = list(
    All = list(Freqs = structure(c(0L, 2L, 0L, 0L, 0L, 4L, 0L, 
    0L, 38L, 5689L, 31L, 20L, 0L, 39L, 0L, 0L), .Dim = c(4L, 
    4L), .Dimnames = structure(list(c("-1", "0", "1", NA), c("A", 
    "C", "T", NA)), .Names = c("", "")), class = "table"), N = 5823L), 
    Tag.Distribution = structure(c(`1` = 217L, `2` = 91L, `3` = 75L, 
    `4` = 58L, `5` = 70L, `6` = 56L, `7` = 54L, `8` = 46L, `9` = 37L, 
    `10` = 32L, `11` = 27L, `12` = 22L, `13` = 16L, `14` = 19L, 
    `15` = 11L, `16` = 6L, `17` = 9L, `18` = 12L, `19` = 9L, 
    `20` = 5L, `21` = 3L, `22` = 6L, `23` = 10L, `24` = 5L, `25` = 4L, 
    `26` = 1L, `28` = 2L, `29` = 1L, `31` = 1L, `32` = 1L, `34` = 1L
    ), .Dim = 31L, .Dimnames = list(TagUsage = c("1", "2", "3", 
    "4", "5", "6", "7", "8", "9", "10", "11", "12", "13", "14", 
    "15", "16", "17", "18", "19", "20", "21", "22", "23", "24", 
    "25", "26", "28", "29", "31", "32", "34")), class = "table"), 
    No.Tag = structure(c(0L, 0L, 0L, 0L, 0L, 0L, 0L, 0L, 0L, 
    88L, 0L, 1L, 0L, 4L, 0L, 0L), .Dim = c(4L, 4L), .Dimnames = structure(list(
        c("-1", "0", "1", NA), c("A", "C", "T", NA)), .Names = c("", 
    "")), class = "table"), All.Tags = list(Concordant = list(
        Freqs = structure(c(0, 0, 0, 0, 2, 0, 2, 831, 0), .Dim = c(3L, 
        3L), .Dimnames = list(c("-1", "0", "1"), c("A", "C", 
        "T"))), N = 835), Majority = list(Freqs = structure(c(0, 
    0, 0, 0, 2, 0, 2, 893, 0), .Dim = c(3L, 3L), .Dimnames = list(
        c("-1", "0", "1"), c("A", "C", "T"))), N = 897)), `2` = structure(c(0, 
    0, 0, 0, 0, 0, 1, 689, 0), .Dim = c(3L, 3L), .Dimnames = list(
        c("-1", "0", "1"), c("A", "C", "T"))))))
