Results <-
list(`bwa.out//20220204//BlindCMMRD108_S10.sam` = list(LR46_SNP1 = list(
    All = list(Freqs = structure(c(1L, 9L, 1730L, 5L, 4L, 0L, 
    0L, 2L, 0L, 0L, 0L, 0L, 5L, 0L, 0L), .Dim = c(5L, 3L), .Dimnames = structure(list(
        c("-2", "-1", "0", "1", NA), c("G", "T", NA)), .Names = c("", 
    "")), class = "table"), N = 1756L), Tag.Distribution = structure(c(`1` = 38L, 
    `2` = 13L, `3` = 15L, `4` = 9L, `5` = 11L, `6` = 12L, `7` = 7L, 
    `8` = 15L, `9` = 6L, `10` = 8L, `11` = 7L, `12` = 7L, `13` = 1L, 
    `14` = 6L, `15` = 5L, `16` = 6L, `17` = 1L, `18` = 5L, `19` = 2L, 
    `20` = 2L, `21` = 3L, `22` = 1L, `23` = 1L, `24` = 2L, `26` = 1L, 
    `27` = 1L, `29` = 1L, `32` = 1L, `34` = 1L, `37` = 1L, `40` = 1L, 
    `45` = 1L, `50` = 1L), .Dim = 33L, .Dimnames = list(TagUsage = c("1", 
    "2", "3", "4", "5", "6", "7", "8", "9", "10", "11", "12", 
    "13", "14", "15", "16", "17", "18", "19", "20", "21", "22", 
    "23", "24", "26", "27", "29", "32", "34", "37", "40", "45", 
    "50")), class = "table"), No.Tag = structure(c(0L, 2L, 87L, 
    0L, 1L, 0L, 0L, 1L, 0L, 0L, 0L, 0L, 0L, 0L, 0L), .Dim = c(5L, 
    3L), .Dimnames = structure(list(c("-2", "-1", "0", "1", NA
    ), c("G", "T", NA)), .Names = c("", "")), class = "table"), 
    All.Tags = list(Concordant = list(Freqs = structure(c(0, 
    0, 178, 0, 0, 0, 1, 0), .Dim = c(4L, 2L), .Dimnames = list(
        c("-2", "-1", "0", "1"), c("G", "T"))), N = 179), Majority = list(
        Freqs = structure(c(0, 0, 191, 0, 0, 0, 1, 0), .Dim = c(4L, 
        2L), .Dimnames = list(c("-2", "-1", "0", "1"), c("G", 
        "T"))), N = 192)), `2` = structure(c(0, 0, 154, 0, 0, 
    0, 0, 0), .Dim = c(4L, 2L), .Dimnames = list(c("-2", "-1", 
    "0", "1"), c("G", "T"))))))
