Results <-
list(`bwa.out//20220204//BlindCMMRD87_S46.sam` = list(GM01_SNP1 = list(
    All = list(Freqs = structure(c(151L, 7993L, 30L, 1L, 14L, 
    0L, 10L, 0L, 0L, 0L, 4L, 78L, 1L, 0L, 0L), .Dim = c(5L, 3L
    ), .Dimnames = structure(list(c("-1", "0", "1", "2", NA), 
        c("A", "G", NA)), .Names = c("", "")), class = "table"), 
        N = 8282L), Tag.Distribution = structure(c(`1` = 125L, 
    `2` = 38L, `3` = 25L, `4` = 28L, `5` = 21L, `6` = 28L, `7` = 28L, 
    `8` = 20L, `9` = 18L, `10` = 16L, `11` = 17L, `12` = 19L, 
    `13` = 11L, `14` = 15L, `15` = 13L, `16` = 12L, `17` = 5L, 
    `18` = 8L, `19` = 8L, `20` = 5L, `21` = 16L, `22` = 12L, 
    `23` = 5L, `24` = 9L, `25` = 8L, `26` = 3L, `27` = 6L, `28` = 6L, 
    `29` = 9L, `30` = 5L, `31` = 4L, `32` = 2L, `33` = 7L, `34` = 6L, 
    `35` = 4L, `36` = 2L, `37` = 3L, `38` = 3L, `39` = 4L, `40` = 1L, 
    `41` = 2L, `42` = 6L, `43` = 2L, `44` = 5L, `46` = 3L, `47` = 3L, 
    `48` = 1L, `49` = 1L, `50` = 3L, `51` = 1L, `52` = 1L, `54` = 1L, 
    `55` = 1L, `57` = 1L, `58` = 1L, `59` = 1L, `64` = 1L, `72` = 1L, 
    `78` = 1L, `93` = 1L), .Dim = 60L, .Dimnames = list(TagUsage = c("1", 
    "2", "3", "4", "5", "6", "7", "8", "9", "10", "11", "12", 
    "13", "14", "15", "16", "17", "18", "19", "20", "21", "22", 
    "23", "24", "25", "26", "27", "28", "29", "30", "31", "32", 
    "33", "34", "35", "36", "37", "38", "39", "40", "41", "42", 
    "43", "44", "46", "47", "48", "49", "50", "51", "52", "54", 
    "55", "57", "58", "59", "64", "72", "78", "93")), class = "table"), 
    No.Tag = structure(c(3L, 231L, 0L, 0L, 0L, 0L, 0L, 0L, 0L, 
    0L, 0L, 8L, 0L, 0L, 0L), .Dim = c(5L, 3L), .Dimnames = structure(list(
        c("-1", "0", "1", "2", NA), c("A", "G", NA)), .Names = c("", 
    "")), class = "table"), All.Tags = list(Concordant = list(
        Freqs = structure(c(7, 474, 1, 0, 0, 5, 0, 0), .Dim = c(4L, 
        2L), .Dimnames = list(c("-1", "0", "1", "2"), c("A", 
        "G"))), N = 487), Majority = list(Freqs = structure(c(8, 
    585, 1, 0, 0, 5, 0, 0), .Dim = c(4L, 2L), .Dimnames = list(
        c("-1", "0", "1", "2"), c("A", "G"))), N = 599)), `2` = structure(c(6, 
    477, 0, 0, 0, 0, 0, 0), .Dim = c(4L, 2L), .Dimnames = list(
        c("-1", "0", "1", "2"), c("A", "G"))))))
