Results <-
list(`bwa.out//20220204//13D0575_S2.sam` = list(LR20_SNP1 = list(
    All = list(Freqs = structure(c(0L, 0L, 1L, 0L, 0L, 1L, 3L, 
    3485L, 7L, 4L, 0L, 0L, 3L, 0L, 0L, 0L, 0L, 18L, 0L, 0L), .Dim = 5:4, .Dimnames = structure(list(
        c("-2", "-1", "0", "1", NA), c("-", "A", "G", NA)), .Names = c("", 
    "")), class = "table"), N = 3522L), Tag.Distribution = structure(c(`1` = 178L, 
    `2` = 102L, `3` = 80L, `4` = 65L, `5` = 52L, `6` = 40L, `7` = 25L, 
    `8` = 22L, `9` = 21L, `10` = 9L, `11` = 16L, `12` = 7L, `13` = 7L, 
    `14` = 11L, `15` = 7L, `16` = 8L, `17` = 3L, `18` = 6L, `19` = 3L, 
    `20` = 4L, `22` = 4L, `24` = 2L, `25` = 1L, `26` = 3L, `28` = 2L, 
    `30` = 1L, `31` = 1L, `34` = 1L), .Dim = 28L, .Dimnames = list(
        TagUsage = c("1", "2", "3", "4", "5", "6", "7", "8", 
        "9", "10", "11", "12", "13", "14", "15", "16", "17", 
        "18", "19", "20", "22", "24", "25", "26", "28", "30", 
        "31", "34")), class = "table"), No.Tag = structure(c(0L, 
    0L, 0L, 0L, 0L, 0L, 0L, 84L, 0L, 0L, 0L, 0L, 0L, 0L, 0L, 
    0L, 0L, 2L, 0L, 0L), .Dim = 5:4, .Dimnames = structure(list(
        c("-2", "-1", "0", "1", NA), c("-", "A", "G", NA)), .Names = c("", 
    "")), class = "table"), All.Tags = list(Concordant = list(
        Freqs = structure(c(0, 0, 0, 0, 1, 1, 663, 0, 0, 0, 2, 
        0), .Dim = 4:3, .Dimnames = list(c("-2", "-1", "0", "1"
        ), c("-", "A", "G"))), N = 667), Majority = list(Freqs = structure(c(0, 
    0, 0, 0, 1, 1, 673, 0, 0, 0, 2, 0), .Dim = 4:3, .Dimnames = list(
        c("-2", "-1", "0", "1"), c("-", "A", "G"))), N = 677)), 
    `2` = structure(c(0, 0, 0, 0, 0, 0, 502, 0, 0, 0, 0, 0), .Dim = 4:3, .Dimnames = list(
        c("-2", "-1", "0", "1"), c("-", "A", "G"))))))
