Results <-
list(`bwa.out//20220204//BlindCMMRD135_S61.sam` = list(IM16_SNP1 = list(
    All = list(Freqs = structure(c(0L, 2L, 0L, 0L, 0L, 1L, 0L, 
    0L, 43L, 3805L, 55L, 3L, 0L, 1L, 0L, 0L, 0L, 39L, 4L, 0L), .Dim = 4:5, .Dimnames = structure(list(
        c("-1", "0", "1", NA), c("A", "C", "G", "T", NA)), .Names = c("", 
    "")), class = "table"), N = 3953L), Tag.Distribution = structure(c(`1` = 130L, 
    `2` = 106L, `3` = 92L, `4` = 75L, `5` = 73L, `6` = 52L, `7` = 42L, 
    `8` = 39L, `9` = 33L, `10` = 25L, `11` = 20L, `12` = 7L, 
    `13` = 10L, `14` = 11L, `15` = 8L, `16` = 3L, `17` = 2L, 
    `18` = 8L, `19` = 1L, `20` = 3L, `21` = 1L, `22` = 1L, `23` = 2L, 
    `29` = 1L), .Dim = 24L, .Dimnames = list(TagUsage = c("1", 
    "2", "3", "4", "5", "6", "7", "8", "9", "10", "11", "12", 
    "13", "14", "15", "16", "17", "18", "19", "20", "21", "22", 
    "23", "29")), class = "table"), No.Tag = structure(c(0L, 
    0L, 0L, 0L, 0L, 0L, 0L, 0L, 0L, 70L, 1L, 0L, 0L, 0L, 0L, 
    0L, 0L, 3L, 0L, 0L), .Dim = 4:5, .Dimnames = structure(list(
        c("-1", "0", "1", NA), c("A", "C", "G", "T", NA)), .Names = c("", 
    "")), class = "table"), All.Tags = list(Concordant = list(
        Freqs = structure(c(0, 2, 0, 0, 1, 0, 0, 662, 3, 0, 0, 
        0), .Dim = 3:4, .Dimnames = list(c("-1", "0", "1"), c("A", 
        "C", "G", "T"))), N = 668), Majority = list(Freqs = structure(c(0, 
    2, 0, 0, 1, 0, 2, 727, 5, 0, 0, 0), .Dim = 3:4, .Dimnames = list(
        c("-1", "0", "1"), c("A", "C", "G", "T"))), N = 737)), 
    `2` = structure(c(0, 0, 0, 0, 0, 0, 2, 607, 2, 0, 0, 0), .Dim = 3:4, .Dimnames = list(
        c("-1", "0", "1"), c("A", "C", "G", "T"))))))
