Results <-
list(`bwa.out//20220204//BlindCMMRD96_S55.sam` = list(IM16_SNP1 = list(
    All = list(Freqs = structure(c(0L, 9L, 0L, 0L, 33L, 3374L, 
    42L, 4L, 0L, 43L, 4L, 0L), .Dim = 4:3, .Dimnames = structure(list(
        c("-1", "0", "1", NA), c("A", "G", NA)), .Names = c("", 
    "")), class = "table"), N = 3509L), Tag.Distribution = structure(c(`1` = 153L, 
    `2` = 60L, `3` = 72L, `4` = 45L, `5` = 46L, `6` = 41L, `7` = 18L, 
    `8` = 26L, `9` = 12L, `10` = 20L, `11` = 16L, `12` = 16L, 
    `13` = 15L, `14` = 12L, `15` = 5L, `16` = 10L, `17` = 11L, 
    `18` = 3L, `19` = 4L, `20` = 2L, `21` = 3L, `22` = 4L, `23` = 1L, 
    `24` = 1L, `25` = 2L, `28` = 1L, `32` = 1L), .Dim = 27L, .Dimnames = list(
        TagUsage = c("1", "2", "3", "4", "5", "6", "7", "8", 
        "9", "10", "11", "12", "13", "14", "15", "16", "17", 
        "18", "19", "20", "21", "22", "23", "24", "25", "28", 
        "32")), class = "table"), No.Tag = structure(c(0L, 0L, 
    0L, 0L, 3L, 76L, 3L, 0L, 0L, 9L, 0L, 0L), .Dim = 4:3, .Dimnames = structure(list(
        c("-1", "0", "1", NA), c("A", "G", NA)), .Names = c("", 
    "")), class = "table"), All.Tags = list(Concordant = list(
        Freqs = structure(c(0, 6, 0, 1, 519, 1), .Dim = 3:2, .Dimnames = list(
            c("-1", "0", "1"), c("A", "G"))), N = 527), Majority = list(
        Freqs = structure(c(0, 6, 0, 1, 580, 1), .Dim = 3:2, .Dimnames = list(
            c("-1", "0", "1"), c("A", "G"))), N = 588)), `2` = structure(c(0, 
    0, 0, 0, 445, 0), .Dim = 3:2, .Dimnames = list(c("-1", "0", 
    "1"), c("A", "G"))))))
