Results <-
list(`bwa.out//20220204//17D0939_S6.sam` = list(LR17_SNP1 = list(
    All = list(Freqs = structure(c(75L, 2016L, 28L, 10L, 2L, 
    129L, 1L, 0L), .Dim = c(4L, 2L), .Dimnames = structure(list(
        c("-1", "0", "1", NA), c("A", NA)), .Names = c("", ""
    )), class = "table"), N = 2261L), Tag.Distribution = structure(c(`1` = 59L, 
    `2` = 21L, `3` = 14L, `4` = 13L, `5` = 15L, `6` = 13L, `7` = 9L, 
    `8` = 5L, `9` = 9L, `10` = 11L, `11` = 6L, `12` = 5L, `13` = 6L, 
    `14` = 3L, `15` = 2L, `16` = 5L, `17` = 3L, `18` = 5L, `19` = 3L, 
    `20` = 4L, `21` = 3L, `22` = 2L, `23` = 4L, `25` = 4L, `26` = 1L, 
    `28` = 1L, `29` = 1L, `30` = 1L, `31` = 3L, `33` = 2L, `35` = 1L, 
    `37` = 1L, `38` = 2L, `39` = 1L, `40` = 1L, `42` = 2L, `45` = 1L
    ), .Dim = 37L, .Dimnames = list(TagUsage = c("1", "2", "3", 
    "4", "5", "6", "7", "8", "9", "10", "11", "12", "13", "14", 
    "15", "16", "17", "18", "19", "20", "21", "22", "23", "25", 
    "26", "28", "29", "30", "31", "33", "35", "37", "38", "39", 
    "40", "42", "45")), class = "table"), No.Tag = structure(c(3L, 
    47L, 1L, 1L, 0L, 6L, 0L, 0L), .Dim = c(4L, 2L), .Dimnames = structure(list(
        c("-1", "0", "1", NA), c("A", NA)), .Names = c("", ""
    )), class = "table"), All.Tags = list(Concordant = list(Freqs = structure(c(0, 
    169, 0), .Dim = c(3L, 1L), .Dimnames = list(c("-1", "0", 
    "1"), "A")), N = 169), Majority = list(Freqs = structure(c(0, 
    229, 1), .Dim = c(3L, 1L), .Dimnames = list(c("-1", "0", 
    "1"), "A")), N = 230)), `2` = structure(c(0, 180, 1), .Dim = c(3L, 
    1L), .Dimnames = list(c("-1", "0", "1"), "A")))))
