Results <-
list(`bwa.out//20220204//BlindCMMRD53_S12.sam` = list(GM11_SNP1 = list(
    All = list(Freqs = structure(c(9L, 2298L, 4L, 5L, 19L, 2743L, 
    4L, 4L, 0L, 29L, 1L, 0L), .Dim = 4:3, .Dimnames = structure(list(
        c("-1", "0", "1", NA), c("A", "G", NA)), .Names = c("", 
    "")), class = "table"), N = 5116L), Tag.Distribution = structure(c(`1` = 120L, 
    `2` = 61L, `3` = 60L, `4` = 39L, `5` = 35L, `6` = 45L, `7` = 30L, 
    `8` = 34L, `9` = 31L, `10` = 22L, `11` = 26L, `12` = 12L, 
    `13` = 19L, `14` = 11L, `15` = 9L, `16` = 8L, `17` = 10L, 
    `18` = 14L, `19` = 7L, `20` = 7L, `21` = 9L, `22` = 5L, `23` = 7L, 
    `24` = 8L, `25` = 2L, `27` = 3L, `29` = 3L, `30` = 2L, `31` = 1L, 
    `33` = 1L, `36` = 1L, `38` = 2L, `39` = 1L), .Dim = 33L, .Dimnames = list(
        TagUsage = c("1", "2", "3", "4", "5", "6", "7", "8", 
        "9", "10", "11", "12", "13", "14", "15", "16", "17", 
        "18", "19", "20", "21", "22", "23", "24", "25", "27", 
        "29", "30", "31", "33", "36", "38", "39")), class = "table"), 
    No.Tag = structure(c(1L, 100L, 0L, 1L, 1L, 72L, 1L, 0L, 0L, 
    2L, 0L, 0L), .Dim = 4:3, .Dimnames = structure(list(c("-1", 
    "0", "1", NA), c("A", "G", NA)), .Names = c("", "")), class = "table"), 
    All.Tags = list(Concordant = list(Freqs = structure(c(0, 
    277, 0, 0, 294, 0), .Dim = 3:2, .Dimnames = list(c("-1", 
    "0", "1"), c("A", "G"))), N = 571), Majority = list(Freqs = structure(c(0, 
    309, 0, 0, 330, 0), .Dim = 3:2, .Dimnames = list(c("-1", 
    "0", "1"), c("A", "G"))), N = 639)), `2` = structure(c(0, 
    250, 0, 0, 272, 0), .Dim = 3:2, .Dimnames = list(c("-1", 
    "0", "1"), c("A", "G"))))))
