Results <-
list(`bwa.out//20220204//MLPA01_S9.sam` = list(LR36_SNP1 = list(
    All = list(Freqs = structure(c(0L, 0L, 6L, 0L, 0L, 4L, 52L, 
    2948L, 32L, 33L, 0L, 5L, 169L, 1L, 0L), .Dim = c(5L, 3L), .Dimnames = structure(list(
        c("-2", "-1", "0", "1", NA), c("A", "T", NA)), .Names = c("", 
    "")), class = "table"), N = 3250L), Tag.Distribution = structure(c(`1` = 132L, 
    `2` = 65L, `3` = 54L, `4` = 38L, `5` = 62L, `6` = 33L, `7` = 25L, 
    `8` = 22L, `9` = 26L, `10` = 11L, `11` = 9L, `12` = 12L, 
    `13` = 6L, `14` = 9L, `15` = 8L, `16` = 5L, `17` = 3L, `18` = 4L, 
    `19` = 3L, `20` = 6L, `21` = 3L, `22` = 2L, `23` = 1L, `24` = 3L, 
    `25` = 3L, `26` = 2L, `28` = 1L, `39` = 1L), .Dim = 28L, .Dimnames = list(
        TagUsage = c("1", "2", "3", "4", "5", "6", "7", "8", 
        "9", "10", "11", "12", "13", "14", "15", "16", "17", 
        "18", "19", "20", "21", "22", "23", "24", "25", "26", 
        "28", "39")), class = "table"), No.Tag = structure(c(0L, 
    0L, 1L, 0L, 0L, 0L, 1L, 110L, 1L, 2L, 0L, 0L, 13L, 0L, 0L
    ), .Dim = c(5L, 3L), .Dimnames = structure(list(c("-2", "-1", 
    "0", "1", NA), c("A", "T", NA)), .Names = c("", "")), class = "table"), 
    All.Tags = list(Concordant = list(Freqs = structure(c(0, 
    0, 3, 0, 0, 6, 462, 0), .Dim = c(4L, 2L), .Dimnames = list(
        c("-2", "-1", "0", "1"), c("A", "T"))), N = 471), Majority = list(
        Freqs = structure(c(0, 0, 3, 0, 0, 6, 524, 1), .Dim = c(4L, 
        2L), .Dimnames = list(c("-2", "-1", "0", "1"), c("A", 
        "T"))), N = 534)), `2` = structure(c(0, 0, 0, 0, 0, 0, 
    413, 1), .Dim = c(4L, 2L), .Dimnames = list(c("-2", "-1", 
    "0", "1"), c("A", "T"))))))
