Results <-
list(`bwa.out//20220204//Control25_S18.sam` = list(GM11_SNP1 = list(
    All = list(Freqs = structure(c(4L, 1169L, 16L, 3L, 13L, 1272L, 
    11L, 0L, 0L, 17L, 0L, 0L), .Dim = 4:3, .Dimnames = structure(list(
        c("-1", "0", "1", NA), c("A", "G", NA)), .Names = c("", 
    "")), class = "table"), N = 2505L), Tag.Distribution = structure(c(`1` = 72L, 
    `2` = 21L, `3` = 33L, `4` = 18L, `5` = 16L, `6` = 23L, `7` = 18L, 
    `8` = 18L, `9` = 11L, `10` = 15L, `11` = 16L, `12` = 8L, 
    `13` = 7L, `14` = 6L, `15` = 4L, `16` = 2L, `17` = 7L, `18` = 2L, 
    `19` = 3L, `20` = 2L, `21` = 4L, `22` = 5L, `23` = 4L, `24` = 2L, 
    `25` = 1L, `26` = 4L, `27` = 1L, `28` = 1L, `29` = 1L, `30` = 1L, 
    `36` = 1L, `44` = 1L), .Dim = 32L, .Dimnames = list(TagUsage = c("1", 
    "2", "3", "4", "5", "6", "7", "8", "9", "10", "11", "12", 
    "13", "14", "15", "16", "17", "18", "19", "20", "21", "22", 
    "23", "24", "25", "26", "27", "28", "29", "30", "36", "44"
    )), class = "table"), No.Tag = structure(c(0L, 15L, 0L, 0L, 
    0L, 19L, 0L, 0L, 0L, 1L, 0L, 0L), .Dim = 4:3, .Dimnames = structure(list(
        c("-1", "0", "1", NA), c("A", "G", NA)), .Names = c("", 
    "")), class = "table"), All.Tags = list(Concordant = list(
        Freqs = structure(c(0, 154, 1, 1, 137, 0), .Dim = 3:2, .Dimnames = list(
            c("-1", "0", "1"), c("A", "G"))), N = 293), Majority = list(
        Freqs = structure(c(0, 164, 2, 1, 155, 0), .Dim = 3:2, .Dimnames = list(
            c("-1", "0", "1"), c("A", "G"))), N = 322)), `2` = structure(c(0, 
    120, 2, 1, 131, 0), .Dim = 3:2, .Dimnames = list(c("-1", 
    "0", "1"), c("A", "G"))))))
