Results <-
list(`bwa.out//20220204//BlindCMMRD55_S14.sam` = list(LR48_SNP1 = list(
    All = list(Freqs = structure(c(0L, 0L, 1L, 0L, 0L, 0L, 3L, 
    120L, 4334L, 50L, 1L, 19L, 0L, 0L, 1L, 0L, 0L, 0L, 0L, 1L, 
    68L, 0L, 0L, 0L), .Dim = c(6L, 4L), .Dimnames = structure(list(
        c("-2", "-1", "0", "1", "2", NA), c("-", "C", "T", NA
        )), .Names = c("", "")), class = "table"), N = 4598L), 
    Tag.Distribution = structure(c(`1` = 76L, `2` = 25L, `3` = 14L, 
    `4` = 25L, `5` = 24L, `6` = 24L, `7` = 9L, `8` = 27L, `9` = 17L, 
    `10` = 18L, `11` = 15L, `12` = 14L, `13` = 16L, `14` = 13L, 
    `15` = 7L, `16` = 8L, `17` = 9L, `18` = 7L, `19` = 10L, `20` = 5L, 
    `21` = 8L, `22` = 5L, `23` = 7L, `24` = 7L, `25` = 4L, `26` = 4L, 
    `27` = 3L, `28` = 2L, `29` = 5L, `30` = 3L, `31` = 1L, `32` = 4L, 
    `33` = 1L, `34` = 3L, `35` = 1L, `36` = 1L, `39` = 2L, `41` = 1L, 
    `45` = 1L, `46` = 1L, `47` = 1L, `56` = 1L), .Dim = 42L, .Dimnames = list(
        TagUsage = c("1", "2", "3", "4", "5", "6", "7", "8", 
        "9", "10", "11", "12", "13", "14", "15", "16", "17", 
        "18", "19", "20", "21", "22", "23", "24", "25", "26", 
        "27", "28", "29", "30", "31", "32", "33", "34", "35", 
        "36", "39", "41", "45", "46", "47", "56")), class = "table"), 
    No.Tag = structure(c(0L, 0L, 0L, 0L, 0L, 0L, 1L, 5L, 58L, 
    0L, 0L, 0L, 0L, 0L, 0L, 0L, 0L, 0L, 0L, 0L, 4L, 0L, 0L, 0L
    ), .Dim = c(6L, 4L), .Dimnames = structure(list(c("-2", "-1", 
    "0", "1", "2", NA), c("-", "C", "T", NA)), .Names = c("", 
    "")), class = "table"), All.Tags = list(Concordant = list(
        Freqs = structure(c(0, 0, 0, 0, 0, 0, 4, 297, 1, 0, 0, 
        0, 1, 0, 0), .Dim = c(5L, 3L), .Dimnames = list(c("-2", 
        "-1", "0", "1", "2"), c("-", "C", "T"))), N = 303), Majority = list(
        Freqs = structure(c(0, 0, 0, 0, 0, 0, 4, 418, 1, 0, 0, 
        0, 1, 0, 0), .Dim = c(5L, 3L), .Dimnames = list(c("-2", 
        "-1", "0", "1", "2"), c("-", "C", "T"))), N = 424)), 
    `2` = structure(c(0, 0, 0, 0, 0, 0, 1, 351, 0, 0, 0, 0, 0, 
    0, 0), .Dim = c(5L, 3L), .Dimnames = list(c("-2", "-1", "0", 
    "1", "2"), c("-", "C", "T"))))))
