Results <-
list(`bwa.out//20220204//BlindCMMRD48_S8.sam` = list(GM11_SNP1 = list(
    All = list(Freqs = structure(c(19L, 4365L, 12L, 1L, 0L, 10L, 
    0L, 0L, 0L, 25L, 0L, 0L), .Dim = 4:3, .Dimnames = structure(list(
        c("-1", "0", "1", NA), c("A", "G", NA)), .Names = c("", 
    "")), class = "table"), N = 4432L), Tag.Distribution = structure(c(`1` = 77L, 
    `2` = 27L, `3` = 17L, `4` = 25L, `5` = 14L, `6` = 26L, `7` = 15L, 
    `8` = 11L, `9` = 13L, `10` = 9L, `11` = 16L, `12` = 11L, 
    `13` = 5L, `14` = 9L, `15` = 12L, `16` = 9L, `17` = 6L, `18` = 5L, 
    `19` = 6L, `20` = 3L, `21` = 5L, `22` = 3L, `23` = 1L, `24` = 5L, 
    `25` = 5L, `26` = 2L, `27` = 4L, `28` = 2L, `29` = 2L, `31` = 2L, 
    `32` = 2L, `33` = 1L, `34` = 1L, `35` = 3L, `36` = 3L, `37` = 2L, 
    `38` = 1L, `39` = 3L, `40` = 3L, `41` = 1L, `42` = 2L, `43` = 1L, 
    `44` = 3L, `45` = 2L, `47` = 1L, `48` = 1L, `49` = 2L, `56` = 1L, 
    `61` = 1L, `64` = 1L, `71` = 1L), .Dim = 51L, .Dimnames = list(
        TagUsage = c("1", "2", "3", "4", "5", "6", "7", "8", 
        "9", "10", "11", "12", "13", "14", "15", "16", "17", 
        "18", "19", "20", "21", "22", "23", "24", "25", "26", 
        "27", "28", "29", "31", "32", "33", "34", "35", "36", 
        "37", "38", "39", "40", "41", "42", "43", "44", "45", 
        "47", "48", "49", "56", "61", "64", "71")), class = "table"), 
    No.Tag = structure(c(0L, 30L, 0L, 0L, 0L, 1L, 0L, 0L, 0L, 
    1L, 0L, 0L), .Dim = 4:3, .Dimnames = structure(list(c("-1", 
    "0", "1", NA), c("A", "G", NA)), .Names = c("", "")), class = "table"), 
    All.Tags = list(Concordant = list(Freqs = structure(c(0, 
    347, 0, 0, 7, 0), .Dim = 3:2, .Dimnames = list(c("-1", "0", 
    "1"), c("A", "G"))), N = 354), Majority = list(Freqs = structure(c(0, 
    372, 0, 0, 7, 0), .Dim = 3:2, .Dimnames = list(c("-1", "0", 
    "1"), c("A", "G"))), N = 379)), `2` = structure(c(0, 305, 
    0, 0, 1, 0), .Dim = 3:2, .Dimnames = list(c("-1", "0", "1"
    ), c("A", "G"))))))
