Results <-
list(`bwa.out//20220204//Control13_S6.sam` = list(GM01_SNP1 = list(
    All = list(Freqs = structure(c(55L, 3107L, 10L, 4L, 0L, 1L, 
    0L, 0L, 0L, 1L, 0L, 0L, 0L, 38L, 2L, 0L), .Dim = c(4L, 4L
    ), .Dimnames = structure(list(c("-1", "0", "1", NA), c("A", 
    "G", "T", NA)), .Names = c("", "")), class = "table"), N = 3218L), 
    Tag.Distribution = structure(c(`1` = 113L, `2` = 54L, `3` = 62L, 
    `4` = 39L, `5` = 34L, `6` = 40L, `7` = 33L, `8` = 31L, `9` = 19L, 
    `10` = 15L, `11` = 18L, `12` = 12L, `13` = 12L, `14` = 5L, 
    `15` = 8L, `16` = 6L, `17` = 7L, `18` = 4L, `19` = 3L, `20` = 1L, 
    `21` = 3L, `22` = 1L, `23` = 3L, `24` = 2L, `26` = 1L, `27` = 1L, 
    `29` = 1L, `38` = 1L), .Dim = 28L, .Dimnames = list(TagUsage = c("1", 
    "2", "3", "4", "5", "6", "7", "8", "9", "10", "11", "12", 
    "13", "14", "15", "16", "17", "18", "19", "20", "21", "22", 
    "23", "24", "26", "27", "29", "38")), class = "table"), No.Tag = structure(c(0L, 
    62L, 0L, 0L, 0L, 0L, 0L, 0L, 0L, 0L, 0L, 0L, 0L, 9L, 0L, 
    0L), .Dim = c(4L, 4L), .Dimnames = structure(list(c("-1", 
    "0", "1", NA), c("A", "G", "T", NA)), .Names = c("", "")), class = "table"), 
    All.Tags = list(Concordant = list(Freqs = structure(c(0, 
    476, 1, 0, 0, 0, 0, 0, 0), .Dim = c(3L, 3L), .Dimnames = list(
        c("-1", "0", "1"), c("A", "G", "T"))), N = 477), Majority = list(
        Freqs = structure(c(1, 524, 1, 0, 0, 0, 0, 0, 0), .Dim = c(3L, 
        3L), .Dimnames = list(c("-1", "0", "1"), c("A", "G", 
        "T"))), N = 526)), `2` = structure(c(1, 413, 0, 0, 0, 
    0, 0, 0, 0), .Dim = c(3L, 3L), .Dimnames = list(c("-1", "0", 
    "1"), c("A", "G", "T"))))))
