Results <-
list(`bwa.out//20220204//BlindCMMRD77_S36.sam` = list(IM16_SNP1 = list(
    All = list(Freqs = structure(c(0L, 2L, 0L, 0L, 34L, 4345L, 
    75L, 2L, 0L, 52L, 2L, 0L), .Dim = 4:3, .Dimnames = structure(list(
        c("-1", "0", "1", NA), c("A", "G", NA)), .Names = c("", 
    "")), class = "table"), N = 4512L), Tag.Distribution = structure(c(`1` = 126L, 
    `2` = 65L, `3` = 44L, `4` = 38L, `5` = 54L, `6` = 41L, `7` = 23L, 
    `8` = 27L, `9` = 24L, `10` = 15L, `11` = 14L, `12` = 26L, 
    `13` = 13L, `14` = 13L, `15` = 21L, `16` = 15L, `17` = 5L, 
    `18` = 9L, `19` = 7L, `20` = 8L, `21` = 5L, `22` = 6L, `23` = 3L, 
    `24` = 1L, `25` = 2L, `26` = 3L, `27` = 4L, `29` = 1L, `31` = 2L
    ), .Dim = 29L, .Dimnames = list(TagUsage = c("1", "2", "3", 
    "4", "5", "6", "7", "8", "9", "10", "11", "12", "13", "14", 
    "15", "16", "17", "18", "19", "20", "21", "22", "23", "24", 
    "25", "26", "27", "29", "31")), class = "table"), No.Tag = structure(c(0L, 
    0L, 0L, 0L, 1L, 130L, 6L, 0L, 0L, 7L, 0L, 0L), .Dim = 4:3, .Dimnames = structure(list(
        c("-1", "0", "1", NA), c("A", "G", NA)), .Names = c("", 
    "")), class = "table"), All.Tags = list(Concordant = list(
        Freqs = structure(c(0, 1, 0, 0, 532, 0), .Dim = 3:2, .Dimnames = list(
            c("-1", "0", "1"), c("A", "G"))), N = 533), Majority = list(
        Freqs = structure(c(0, 1, 0, 0, 596, 2), .Dim = 3:2, .Dimnames = list(
            c("-1", "0", "1"), c("A", "G"))), N = 599)), `2` = structure(c(0, 
    0, 0, 0, 482, 2), .Dim = 3:2, .Dimnames = list(c("-1", "0", 
    "1"), c("A", "G"))))))
