Results <-
list(`bwa.out//20220204//Control26_S19.sam` = list(GM29_SNP1 = list(
    All = list(Freqs = structure(c(39L, 3008L, 12L, 4L, 0L, 3L, 
    0L, 0L, 0L, 20L, 0L, 0L), .Dim = 4:3, .Dimnames = structure(list(
        c("-1", "0", "1", NA), c("A", "G", NA)), .Names = c("", 
    "")), class = "table"), N = 3086L), Tag.Distribution = structure(c(`1` = 85L, 
    `2` = 56L, `3` = 40L, `4` = 46L, `5` = 34L, `6` = 33L, `7` = 18L, 
    `8` = 16L, `9` = 16L, `10` = 19L, `11` = 16L, `12` = 10L, 
    `13` = 6L, `14` = 12L, `15` = 10L, `16` = 6L, `17` = 1L, 
    `18` = 3L, `19` = 3L, `21` = 4L, `22` = 3L, `23` = 4L, `24` = 2L, 
    `25` = 3L, `26` = 1L, `27` = 3L, `28` = 1L, `29` = 1L, `31` = 1L, 
    `39` = 1L), .Dim = 30L, .Dimnames = list(TagUsage = c("1", 
    "2", "3", "4", "5", "6", "7", "8", "9", "10", "11", "12", 
    "13", "14", "15", "16", "17", "18", "19", "21", "22", "23", 
    "24", "25", "26", "27", "28", "29", "31", "39")), class = "table"), 
    No.Tag = structure(c(3L, 109L, 1L, 0L, 0L, 0L, 0L, 0L, 0L, 
    1L, 0L, 0L), .Dim = 4:3, .Dimnames = structure(list(c("-1", 
    "0", "1", NA), c("A", "G", NA)), .Names = c("", "")), class = "table"), 
    All.Tags = list(Concordant = list(Freqs = structure(c(3, 
    410, 0, 0, 1, 0), .Dim = 3:2, .Dimnames = list(c("-1", "0", 
    "1"), c("A", "G"))), N = 414), Majority = list(Freqs = structure(c(3, 
    447, 0, 0, 1, 0), .Dim = 3:2, .Dimnames = list(c("-1", "0", 
    "1"), c("A", "G"))), N = 451)), `2` = structure(c(0, 367, 
    0, 0, 0, 0), .Dim = 3:2, .Dimnames = list(c("-1", "0", "1"
    ), c("A", "G"))))))
