Results <-
list(`bwa.out//20220204//BlindCMMRD48_S8.sam` = list(LR20_SNP1 = list(
    All = list(Freqs = structure(c(5L, 2243L, 2L, 0L, 1L, 2L, 
    1884L, 2L, 1L, 0L, 1L, 17L, 0L, 0L, 0L), .Dim = c(5L, 3L), .Dimnames = structure(list(
        c("-1", "0", "1", "2", NA), c("A", "G", NA)), .Names = c("", 
    "")), class = "table"), N = 4158L), Tag.Distribution = structure(c(`1` = 83L, 
    `2` = 29L, `3` = 19L, `4` = 22L, `5` = 20L, `6` = 23L, `7` = 18L, 
    `8` = 19L, `9` = 15L, `10` = 9L, `11` = 9L, `12` = 12L, `13` = 4L, 
    `14` = 12L, `15` = 8L, `16` = 9L, `17` = 4L, `18` = 5L, `19` = 6L, 
    `20` = 5L, `21` = 6L, `22` = 3L, `23` = 2L, `24` = 4L, `25` = 6L, 
    `26` = 2L, `27` = 2L, `28` = 3L, `29` = 3L, `30` = 6L, `31` = 1L, 
    `32` = 3L, `33` = 1L, `34` = 5L, `35` = 1L, `36` = 1L, `37` = 4L, 
    `39` = 1L, `41` = 3L, `42` = 1L, `43` = 1L, `45` = 1L, `46` = 1L, 
    `48` = 1L, `50` = 1L), .Dim = 45L, .Dimnames = list(TagUsage = c("1", 
    "2", "3", "4", "5", "6", "7", "8", "9", "10", "11", "12", 
    "13", "14", "15", "16", "17", "18", "19", "20", "21", "22", 
    "23", "24", "25", "26", "27", "28", "29", "30", "31", "32", 
    "33", "34", "35", "36", "37", "39", "41", "42", "43", "45", 
    "46", "48", "50")), class = "table"), No.Tag = structure(c(0L, 
    74L, 0L, 0L, 0L, 0L, 31L, 0L, 0L, 0L, 0L, 1L, 0L, 0L, 0L), .Dim = c(5L, 
    3L), .Dimnames = structure(list(c("-1", "0", "1", "2", NA
    ), c("A", "G", NA)), .Names = c("", "")), class = "table"), 
    All.Tags = list(Concordant = list(Freqs = structure(c(0, 
    194, 0, 0, 1, 173, 0, 0), .Dim = c(4L, 2L), .Dimnames = list(
        c("-1", "0", "1", "2"), c("A", "G"))), N = 368), Majority = list(
        Freqs = structure(c(0, 206, 0, 0, 1, 181, 0, 0), .Dim = c(4L, 
        2L), .Dimnames = list(c("-1", "0", "1", "2"), c("A", 
        "G"))), N = 388)), `2` = structure(c(0, 167, 0, 0, 0, 
    143, 0, 0), .Dim = c(4L, 2L), .Dimnames = list(c("-1", "0", 
    "1", "2"), c("A", "G"))))))
