Results <-
list(`bwa.out//20220204//Control19_S12.sam` = list(IM49_SNP1 = list(
    All = list(Freqs = structure(c(42L, 1452L, 44L, 1L, 15L, 
    38L, 1134L, 16L, 0L, 6L, 3L, 123L, 0L, 0L, 0L), .Dim = c(5L, 
    3L), .Dimnames = structure(list(c("-1", "0", "1", "2", NA
    ), c("C", "G", NA)), .Names = c("", "")), class = "table"), 
        N = 2874L), Tag.Distribution = structure(c(`1` = 206L, 
    `2` = 67L, `3` = 38L, `4` = 34L, `5` = 38L, `6` = 36L, `7` = 25L, 
    `8` = 27L, `9` = 17L, `10` = 9L, `11` = 10L, `12` = 14L, 
    `13` = 13L, `14` = 11L, `15` = 4L, `16` = 4L, `17` = 4L, 
    `18` = 3L, `19` = 6L, `20` = 2L, `21` = 2L, `22` = 2L, `23` = 1L, 
    `30` = 1L, `33` = 1L), .Dim = 25L, .Dimnames = list(TagUsage = c("1", 
    "2", "3", "4", "5", "6", "7", "8", "9", "10", "11", "12", 
    "13", "14", "15", "16", "17", "18", "19", "20", "21", "22", 
    "23", "30", "33")), class = "table"), No.Tag = structure(c(1L, 
    52L, 1L, 0L, 0L, 0L, 11L, 0L, 0L, 1L, 0L, 5L, 0L, 0L, 0L), .Dim = c(5L, 
    3L), .Dimnames = structure(list(c("-1", "0", "1", "2", NA
    ), c("C", "G", NA)), .Names = c("", "")), class = "table"), 
    All.Tags = list(Concordant = list(Freqs = structure(c(0, 
    219, 7, 0, 7, 202, 0, 0), .Dim = c(4L, 2L), .Dimnames = list(
        c("-1", "0", "1", "2"), c("C", "G"))), N = 435), Majority = list(
        Freqs = structure(c(0, 265, 8, 0, 7, 247, 1, 0), .Dim = c(4L, 
        2L), .Dimnames = list(c("-1", "0", "1", "2"), c("C", 
        "G"))), N = 528)), `2` = structure(c(0, 188, 2, 0, 2, 
    170, 1, 0), .Dim = c(4L, 2L), .Dimnames = list(c("-1", "0", 
    "1", "2"), c("C", "G"))))))
