Results <-
list(`bwa.out//20220204//BlindCMMRD97_S56.sam` = list(LR44_SNP1 = list(
    All = list(Freqs = structure(c(0L, 0L, 1L, 6L, 1L, 0L, 2L, 
    21L, 431L, 5748L, 107L, 27L, 0L, 0L, 8L, 96L, 3L, 0L), .Dim = c(6L, 
    3L), .Dimnames = structure(list(c("-3", "-2", "-1", "0", 
    "1", NA), c("C", "T", NA)), .Names = c("", "")), class = "table"), 
        N = 6451L), Tag.Distribution = structure(c(`1` = 155L, 
    `2` = 78L, `3` = 70L, `4` = 61L, `5` = 45L, `6` = 41L, `7` = 36L, 
    `8` = 36L, `9` = 27L, `10` = 41L, `11` = 22L, `12` = 23L, 
    `13` = 17L, `14` = 16L, `15` = 17L, `16` = 12L, `17` = 10L, 
    `18` = 14L, `19` = 9L, `20` = 5L, `21` = 5L, `22` = 1L, `23` = 4L, 
    `24` = 9L, `25` = 7L, `26` = 7L, `27` = 5L, `28` = 2L, `29` = 1L, 
    `30` = 2L, `31` = 5L, `32` = 3L, `33` = 2L, `34` = 1L, `35` = 2L, 
    `38` = 1L, `40` = 1L, `41` = 1L, `45` = 1L, `47` = 1L, `56` = 1L
    ), .Dim = 41L, .Dimnames = list(TagUsage = c("1", "2", "3", 
    "4", "5", "6", "7", "8", "9", "10", "11", "12", "13", "14", 
    "15", "16", "17", "18", "19", "20", "21", "22", "23", "24", 
    "25", "26", "27", "28", "29", "30", "31", "32", "33", "34", 
    "35", "38", "40", "41", "45", "47", "56")), class = "table"), 
    No.Tag = structure(c(0L, 0L, 0L, 0L, 0L, 0L, 0L, 0L, 18L, 
    133L, 0L, 2L, 0L, 0L, 0L, 6L, 0L, 0L), .Dim = c(6L, 3L), .Dimnames = structure(list(
        c("-3", "-2", "-1", "0", "1", NA), c("C", "T", NA)), .Names = c("", 
    "")), class = "table"), All.Tags = list(Concordant = list(
        Freqs = structure(c(0, 0, 1, 3, 0, 0, 2, 9, 471, 3), .Dim = c(5L, 
        2L), .Dimnames = list(c("-3", "-2", "-1", "0", "1"), 
            c("C", "T"))), N = 489), Majority = list(Freqs = structure(c(0, 
    0, 1, 3, 0, 0, 2, 17, 744, 4), .Dim = c(5L, 2L), .Dimnames = list(
        c("-3", "-2", "-1", "0", "1"), c("C", "T"))), N = 771)), 
    `2` = structure(c(0, 0, 0, 0, 0, 0, 0, 10, 615, 1), .Dim = c(5L, 
    2L), .Dimnames = list(c("-3", "-2", "-1", "0", "1"), c("C", 
    "T"))))))
