Results <-
list(`bwa.out//20220204//BlindCMMRD48_S8.sam` = list(LR11_SNP1 = list(
    All = list(Freqs = structure(c(0L, 0L, 0L, 0L, 1L, 1L, 51L, 
    3015L, 14L, 6L, 0L, 0L, 1L, 0L, 0L, 0L, 5L, 105L, 0L, 0L), .Dim = 5:4, .Dimnames = structure(list(
        c("-2", "-1", "0", "1", NA), c("A", "C", "T", NA)), .Names = c("", 
    "")), class = "table"), N = 3199L), Tag.Distribution = structure(c(`1` = 55L, 
    `2` = 12L, `3` = 15L, `4` = 11L, `5` = 9L, `6` = 10L, `7` = 9L, 
    `8` = 11L, `9` = 11L, `10` = 7L, `11` = 6L, `12` = 6L, `13` = 10L, 
    `14` = 9L, `15` = 7L, `16` = 8L, `17` = 6L, `18` = 2L, `19` = 5L, 
    `20` = 4L, `21` = 2L, `22` = 6L, `23` = 3L, `24` = 8L, `25` = 3L, 
    `26` = 5L, `27` = 3L, `28` = 8L, `29` = 3L, `30` = 5L, `31` = 1L, 
    `32` = 2L, `33` = 2L, `34` = 2L, `35` = 3L, `37` = 1L, `46` = 1L, 
    `54` = 1L), .Dim = 38L, .Dimnames = list(TagUsage = c("1", 
    "2", "3", "4", "5", "6", "7", "8", "9", "10", "11", "12", 
    "13", "14", "15", "16", "17", "18", "19", "20", "21", "22", 
    "23", "24", "25", "26", "27", "28", "29", "30", "31", "32", 
    "33", "34", "35", "37", "46", "54")), class = "table"), No.Tag = structure(c(0L, 
    0L, 0L, 0L, 1L, 0L, 0L, 12L, 0L, 0L, 0L, 0L, 0L, 0L, 0L, 
    0L, 0L, 0L, 0L, 0L), .Dim = 5:4, .Dimnames = structure(list(
        c("-2", "-1", "0", "1", NA), c("A", "C", "T", NA)), .Names = c("", 
    "")), class = "table"), All.Tags = list(Concordant = list(
        Freqs = structure(c(0, 0, 0, 0, 0, 0, 219, 1, 0, 0, 0, 
        0), .Dim = 4:3, .Dimnames = list(c("-2", "-1", "0", "1"
        ), c("A", "C", "T"))), N = 220), Majority = list(Freqs = structure(c(0, 
    0, 0, 0, 0, 1, 265, 1, 0, 0, 0, 0), .Dim = 4:3, .Dimnames = list(
        c("-2", "-1", "0", "1"), c("A", "C", "T"))), N = 267)), 
    `2` = structure(c(0, 0, 0, 0, 0, 1, 216, 0, 0, 0, 0, 0), .Dim = 4:3, .Dimnames = list(
        c("-2", "-1", "0", "1"), c("A", "C", "T"))))))
