Results <-
list(`bwa.out//20220204//BlindCMMRD80_S39.sam` = list(LR44_SNP1 = list(
    All = list(Freqs = structure(c(0L, 0L, 1L, 0L, 0L, 0L, 3L, 
    131L, 1734L, 18L, 0L, 5L, 0L, 15L, 0L, 0L, 0L, 0L, 7L, 188L, 
    2213L, 43L, 2L, 10L, 0L, 4L, 72L, 0L, 0L, 0L), .Dim = 6:5, .Dimnames = structure(list(
        c("-2", "-1", "0", "1", "2", NA), c("A", "C", "G", "T", 
        NA)), .Names = c("", "")), class = "table"), N = 4446L), 
    Tag.Distribution = structure(c(`1` = 148L, `2` = 92L, `3` = 74L, 
    `4` = 68L, `5` = 59L, `6` = 43L, `7` = 34L, `8` = 37L, `9` = 25L, 
    `10` = 32L, `11` = 28L, `12` = 14L, `13` = 16L, `14` = 22L, 
    `15` = 9L, `16` = 7L, `17` = 7L, `18` = 7L, `19` = 4L, `20` = 5L, 
    `22` = 3L, `23` = 2L, `24` = 2L, `27` = 1L, `30` = 1L, `39` = 1L
    ), .Dim = 26L, .Dimnames = list(TagUsage = c("1", "2", "3", 
    "4", "5", "6", "7", "8", "9", "10", "11", "12", "13", "14", 
    "15", "16", "17", "18", "19", "20", "22", "23", "24", "27", 
    "30", "39")), class = "table"), No.Tag = structure(c(0L, 
    0L, 0L, 0L, 0L, 0L, 0L, 4L, 27L, 1L, 0L, 1L, 0L, 0L, 0L, 
    0L, 0L, 0L, 0L, 4L, 32L, 1L, 0L, 0L, 0L, 0L, 2L, 0L, 0L, 
    0L), .Dim = 6:5, .Dimnames = structure(list(c("-2", "-1", 
    "0", "1", "2", NA), c("A", "C", "G", "T", NA)), .Names = c("", 
    "")), class = "table"), All.Tags = list(Concordant = list(
        Freqs = structure(c(0, 0, 0, 0, 0, 0, 2, 230, 2, 0, 0, 
        1, 0, 0, 0, 0, 13, 242, 1, 0), .Dim = 5:4, .Dimnames = list(
            c("-2", "-1", "0", "1", "2"), c("A", "C", "G", "T"
            ))), N = 491), Majority = list(Freqs = structure(c(0, 
    0, 0, 0, 0, 0, 3, 329, 2, 0, 0, 1, 0, 0, 0, 0, 16, 366, 2, 
    0), .Dim = 5:4, .Dimnames = list(c("-2", "-1", "0", "1", 
    "2"), c("A", "C", "G", "T"))), N = 719)), `2` = structure(c(0, 
    0, 0, 0, 0, 0, 3, 260, 0, 0, 0, 1, 0, 0, 0, 0, 4, 306, 1, 
    0), .Dim = 5:4, .Dimnames = list(c("-2", "-1", "0", "1", 
    "2"), c("A", "C", "G", "T"))))))
