Results <-
list(`bwa.out//20220204//BlindCMMRD51_S11.sam` = list(IM16_SNP1 = list(
    All = list(Freqs = structure(c(0L, 0L, 6L, 0L, 0L, 0L, 1L, 
    55L, 4788L, 83L, 3L, 3L, 0L, 0L, 57L, 6L, 0L, 0L), .Dim = c(6L, 
    3L), .Dimnames = structure(list(c("-2", "-1", "0", "1", "2", 
    NA), c("A", "G", NA)), .Names = c("", "")), class = "table"), 
        N = 5002L), Tag.Distribution = structure(c(`1` = 84L, 
    `2` = 27L, `3` = 19L, `4` = 18L, `5` = 16L, `6` = 11L, `7` = 18L, 
    `8` = 17L, `9` = 18L, `10` = 11L, `11` = 21L, `12` = 13L, 
    `13` = 10L, `14` = 9L, `15` = 9L, `16` = 12L, `17` = 10L, 
    `18` = 4L, `19` = 4L, `20` = 4L, `21` = 5L, `22` = 7L, `23` = 4L, 
    `24` = 6L, `25` = 2L, `26` = 2L, `27` = 3L, `28` = 5L, `29` = 2L, 
    `30` = 5L, `31` = 5L, `32` = 2L, `33` = 4L, `35` = 1L, `36` = 1L, 
    `37` = 2L, `38` = 2L, `39` = 1L, `41` = 3L, `42` = 4L, `43` = 1L, 
    `44` = 1L, `45` = 2L, `46` = 1L, `47` = 2L, `49` = 3L, `50` = 1L, 
    `51` = 1L, `53` = 1L, `57` = 1L), .Dim = 50L, .Dimnames = list(
        TagUsage = c("1", "2", "3", "4", "5", "6", "7", "8", 
        "9", "10", "11", "12", "13", "14", "15", "16", "17", 
        "18", "19", "20", "21", "22", "23", "24", "25", "26", 
        "27", "28", "29", "30", "31", "32", "33", "35", "36", 
        "37", "38", "39", "41", "42", "43", "44", "45", "46", 
        "47", "49", "50", "51", "53", "57")), class = "table"), 
    No.Tag = structure(c(0L, 0L, 0L, 0L, 0L, 0L, 0L, 0L, 72L, 
    1L, 0L, 1L, 0L, 0L, 10L, 0L, 0L, 0L), .Dim = c(6L, 3L), .Dimnames = structure(list(
        c("-2", "-1", "0", "1", "2", NA), c("A", "G", NA)), .Names = c("", 
    "")), class = "table"), All.Tags = list(Concordant = list(
        Freqs = structure(c(0, 0, 3, 0, 0, 0, 1, 325, 2, 0), .Dim = c(5L, 
        2L), .Dimnames = list(c("-2", "-1", "0", "1", "2"), c("A", 
        "G"))), N = 331), Majority = list(Freqs = structure(c(0, 
    0, 3, 0, 0, 0, 3, 395, 3, 0), .Dim = c(5L, 2L), .Dimnames = list(
        c("-2", "-1", "0", "1", "2"), c("A", "G"))), N = 404)), 
    `2` = structure(c(0, 0, 0, 0, 0, 0, 2, 324, 2, 0), .Dim = c(5L, 
    2L), .Dimnames = list(c("-2", "-1", "0", "1", "2"), c("A", 
    "G"))))))
