Results <-
list(`bwa.out//20220204//BlindCMMRD95_S54.sam` = list(DEPDC2_SNP1 = list(
    All = list(Freqs = structure(c(0L, 0L, 1L, 0L, 0L, 0L, 16L, 
    2357L, 22L, 9L, 1L, 7L, 1940L, 10L, 9L, 0L, 0L, 45L, 0L, 
    0L), .Dim = 5:4, .Dimnames = structure(list(c("-2", "-1", 
    "0", "1", NA), c("A", "C", "T", NA)), .Names = c("", "")), class = "table"), 
        N = 4417L), Tag.Distribution = structure(c(`1` = 165L, 
    `2` = 69L, `3` = 58L, `4` = 38L, `5` = 39L, `6` = 39L, `7` = 23L, 
    `8` = 22L, `9` = 17L, `10` = 15L, `11` = 17L, `12` = 12L, 
    `13` = 14L, `14` = 14L, `15` = 4L, `16` = 11L, `17` = 13L, 
    `18` = 6L, `19` = 9L, `20` = 5L, `21` = 5L, `22` = 8L, `23` = 4L, 
    `24` = 6L, `25` = 3L, `26` = 3L, `27` = 2L, `28` = 1L, `29` = 1L, 
    `30` = 2L, `32` = 1L, `33` = 4L, `34` = 1L, `37` = 1L, `39` = 1L
    ), .Dim = 35L, .Dimnames = list(TagUsage = c("1", "2", "3", 
    "4", "5", "6", "7", "8", "9", "10", "11", "12", "13", "14", 
    "15", "16", "17", "18", "19", "20", "21", "22", "23", "24", 
    "25", "26", "27", "28", "29", "30", "32", "33", "34", "37", 
    "39")), class = "table"), No.Tag = structure(c(0L, 0L, 0L, 
    0L, 0L, 0L, 0L, 22L, 1L, 1L, 0L, 0L, 33L, 0L, 1L, 0L, 0L, 
    1L, 0L, 0L), .Dim = 5:4, .Dimnames = structure(list(c("-2", 
    "-1", "0", "1", NA), c("A", "C", "T", NA)), .Names = c("", 
    "")), class = "table"), All.Tags = list(Concordant = list(
        Freqs = structure(c(0, 0, 0, 0, 0, 0, 290, 1, 0, 0, 256, 
        0), .Dim = 4:3, .Dimnames = list(c("-2", "-1", "0", "1"
        ), c("A", "C", "T"))), N = 547), Majority = list(Freqs = structure(c(0, 
    0, 0, 0, 0, 0, 327, 1, 0, 0, 287, 0), .Dim = 4:3, .Dimnames = list(
        c("-2", "-1", "0", "1"), c("A", "C", "T"))), N = 615)), 
    `2` = structure(c(0, 0, 0, 0, 0, 0, 247, 0, 0, 0, 218, 0), .Dim = 4:3, .Dimnames = list(
        c("-2", "-1", "0", "1"), c("A", "C", "T"))))))
