Results <-
list(`bwa.out//20220204//BlindCMMRD70_S29.sam` = list(LR17_SNP1 = list(
    All = list(Freqs = structure(c(4L, 90L, 2562L, 32L, 14L, 
    0L, 0L, 92L, 2L, 0L), .Dim = c(5L, 2L), .Dimnames = structure(list(
        c("-2", "-1", "0", "1", NA), c("A", NA)), .Names = c("", 
    "")), class = "table"), N = 2796L), Tag.Distribution = structure(c(`1` = 54L, 
    `2` = 21L, `3` = 17L, `4` = 23L, `5` = 14L, `6` = 19L, `7` = 13L, 
    `8` = 14L, `9` = 12L, `10` = 4L, `11` = 10L, `12` = 9L, `13` = 3L, 
    `14` = 4L, `15` = 6L, `16` = 6L, `17` = 8L, `18` = 3L, `19` = 3L, 
    `20` = 3L, `21` = 1L, `22` = 3L, `23` = 3L, `24` = 1L, `25` = 2L, 
    `26` = 4L, `27` = 4L, `28` = 3L, `29` = 1L, `30` = 3L, `32` = 2L, 
    `36` = 1L, `38` = 1L, `39` = 3L, `40` = 1L, `42` = 1L, `44` = 2L, 
    `50` = 1L), .Dim = 38L, .Dimnames = list(TagUsage = c("1", 
    "2", "3", "4", "5", "6", "7", "8", "9", "10", "11", "12", 
    "13", "14", "15", "16", "17", "18", "19", "20", "21", "22", 
    "23", "24", "25", "26", "27", "28", "29", "30", "32", "36", 
    "38", "39", "40", "42", "44", "50")), class = "table"), No.Tag = structure(c(0L, 
    2L, 89L, 2L, 0L, 0L, 0L, 3L, 0L, 0L), .Dim = c(5L, 2L), .Dimnames = structure(list(
        c("-2", "-1", "0", "1", NA), c("A", NA)), .Names = c("", 
    "")), class = "table"), All.Tags = list(Concordant = list(
        Freqs = structure(c(0, 3, 201, 0), .Dim = c(4L, 1L), .Dimnames = list(
            c("-2", "-1", "0", "1"), "A")), N = 204), Majority = list(
        Freqs = structure(c(0, 3, 270, 1), .Dim = c(4L, 1L), .Dimnames = list(
            c("-2", "-1", "0", "1"), "A")), N = 274)), `2` = structure(c(0, 
    1, 226, 1), .Dim = c(4L, 1L), .Dimnames = list(c("-2", "-1", 
    "0", "1"), "A")))))
