Results <-
list(`bwa.out//20220204//Control29_S22.sam` = list(GM26_SNP1 = list(
    All = list(Freqs = structure(c(1L, 31L, 3015L, 10L, 2L, 0L, 
    2L, 18L, 1L, 0L), .Dim = c(5L, 2L), .Dimnames = structure(list(
        c("-2", "-1", "0", "1", NA), c("A", NA)), .Names = c("", 
    "")), class = "table"), N = 3080L), Tag.Distribution = structure(c(`1` = 116L, 
    `2` = 46L, `3` = 41L, `4` = 44L, `5` = 29L, `6` = 33L, `7` = 35L, 
    `8` = 19L, `9` = 19L, `10` = 15L, `11` = 14L, `12` = 9L, 
    `13` = 9L, `14` = 5L, `15` = 8L, `16` = 5L, `17` = 2L, `18` = 5L, 
    `19` = 1L, `20` = 4L, `21` = 3L, `22` = 3L, `23` = 2L, `24` = 2L, 
    `25` = 1L, `26` = 1L, `28` = 1L, `29` = 2L, `30` = 4L, `31` = 1L, 
    `32` = 1L, `33` = 1L, `34` = 1L), .Dim = 33L, .Dimnames = list(
        TagUsage = c("1", "2", "3", "4", "5", "6", "7", "8", 
        "9", "10", "11", "12", "13", "14", "15", "16", "17", 
        "18", "19", "20", "21", "22", "23", "24", "25", "26", 
        "28", "29", "30", "31", "32", "33", "34")), class = "table"), 
    No.Tag = structure(c(0L, 0L, 28L, 0L, 0L, 0L, 0L, 2L, 0L, 
    0L), .Dim = c(5L, 2L), .Dimnames = structure(list(c("-2", 
    "-1", "0", "1", NA), c("A", NA)), .Names = c("", "")), class = "table"), 
    All.Tags = list(Concordant = list(Freqs = structure(c(0, 
    1, 443, 1), .Dim = c(4L, 1L), .Dimnames = list(c("-2", "-1", 
    "0", "1"), "A")), N = 445), Majority = list(Freqs = structure(c(0, 
    1, 477, 1), .Dim = c(4L, 1L), .Dimnames = list(c("-2", "-1", 
    "0", "1"), "A")), N = 479)), `2` = structure(c(0, 0, 365, 
    0), .Dim = c(4L, 1L), .Dimnames = list(c("-2", "-1", "0", 
    "1"), "A")))))
