Results <-
list(`bwa.out//20220204//MLPA03_S10.sam` = list(LR17_SNP1 = list(
    All = list(Freqs = structure(c(4L, 113L, 2819L, 43L, 1L, 
    19L, 0L, 0L, 1L, 0L, 0L, 0L, 0L, 0L, 1L, 0L, 0L, 0L, 0L, 
    2L, 278L, 1L, 0L, 0L), .Dim = c(6L, 4L), .Dimnames = structure(list(
        c("-2", "-1", "0", "1", "2", NA), c("A", "C", "T", NA
        )), .Names = c("", "")), class = "table"), N = 3282L), 
    Tag.Distribution = structure(c(`1` = 82L, `2` = 19L, `3` = 17L, 
    `4` = 20L, `5` = 18L, `6` = 9L, `7` = 14L, `8` = 13L, `9` = 11L, 
    `10` = 8L, `11` = 3L, `12` = 15L, `13` = 8L, `14` = 6L, `15` = 6L, 
    `16` = 7L, `17` = 10L, `18` = 7L, `19` = 3L, `20` = 5L, `21` = 4L, 
    `22` = 3L, `23` = 1L, `25` = 2L, `26` = 3L, `27` = 1L, `29` = 2L, 
    `33` = 2L, `34` = 3L, `35` = 1L, `36` = 2L, `37` = 4L, `38` = 3L, 
    `41` = 2L, `43` = 1L, `45` = 1L, `50` = 2L, `56` = 1L, `58` = 1L, 
    `63` = 1L), .Dim = 40L, .Dimnames = list(TagUsage = c("1", 
    "2", "3", "4", "5", "6", "7", "8", "9", "10", "11", "12", 
    "13", "14", "15", "16", "17", "18", "19", "20", "21", "22", 
    "23", "25", "26", "27", "29", "33", "34", "35", "36", "37", 
    "38", "41", "43", "45", "50", "56", "58", "63")), class = "table"), 
    No.Tag = structure(c(0L, 8L, 58L, 0L, 1L, 1L, 0L, 0L, 1L, 
    0L, 0L, 0L, 0L, 0L, 0L, 0L, 0L, 0L, 0L, 0L, 11L, 0L, 0L, 
    0L), .Dim = c(6L, 4L), .Dimnames = structure(list(c("-2", 
    "-1", "0", "1", "2", NA), c("A", "C", "T", NA)), .Names = c("", 
    "")), class = "table"), All.Tags = list(Concordant = list(
        Freqs = structure(c(0, 2, 212, 0, 0, 0, 0, 0, 0, 0, 0, 
        0, 0, 0, 0), .Dim = c(5L, 3L), .Dimnames = list(c("-2", 
        "-1", "0", "1", "2"), c("A", "C", "T"))), N = 214), Majority = list(
        Freqs = structure(c(0, 2, 304, 0, 0, 0, 0, 0, 0, 0, 0, 
        0, 0, 0, 0), .Dim = c(5L, 3L), .Dimnames = list(c("-2", 
        "-1", "0", "1", "2"), c("A", "C", "T"))), N = 306)), 
    `2` = structure(c(0, 1, 236, 0, 0, 0, 0, 0, 0, 0, 0, 0, 0, 
    0, 0), .Dim = c(5L, 3L), .Dimnames = list(c("-2", "-1", "0", 
    "1", "2"), c("A", "C", "T"))))))
