Results <-
list(`bwa.out//20220204//BlindCMMRD42_S2.sam` = list(LR46_SNP1 = list(
    All = list(Freqs = structure(c(20L, 4419L, 11L, 12L, 0L, 
    4L, 0L, 0L, 0L, 31L, 0L, 0L), .Dim = 4:3, .Dimnames = structure(list(
        c("-1", "0", "1", NA), c("G", "T", NA)), .Names = c("", 
    "")), class = "table"), N = 4497L), Tag.Distribution = structure(c(`1` = 80L, 
    `2` = 17L, `3` = 9L, `4` = 11L, `5` = 15L, `6` = 12L, `7` = 8L, 
    `8` = 11L, `9` = 8L, `10` = 7L, `11` = 7L, `12` = 12L, `13` = 3L, 
    `14` = 8L, `15` = 6L, `16` = 6L, `17` = 7L, `18` = 3L, `19` = 7L, 
    `21` = 6L, `22` = 5L, `23` = 2L, `24` = 3L, `25` = 7L, `26` = 3L, 
    `27` = 4L, `29` = 4L, `30` = 3L, `31` = 2L, `32` = 1L, `33` = 1L, 
    `34` = 2L, `35` = 3L, `36` = 2L, `37` = 1L, `38` = 2L, `39` = 1L, 
    `40` = 3L, `41` = 2L, `42` = 2L, `43` = 1L, `44` = 1L, `45` = 1L, 
    `47` = 3L, `48` = 3L, `50` = 1L, `51` = 1L, `52` = 1L, `54` = 2L, 
    `55` = 1L, `56` = 1L, `57` = 1L, `58` = 2L, `59` = 2L, `60` = 1L, 
    `66` = 1L), .Dim = 56L, .Dimnames = list(TagUsage = c("1", 
    "2", "3", "4", "5", "6", "7", "8", "9", "10", "11", "12", 
    "13", "14", "15", "16", "17", "18", "19", "21", "22", "23", 
    "24", "25", "26", "27", "29", "30", "31", "32", "33", "34", 
    "35", "36", "37", "38", "39", "40", "41", "42", "43", "44", 
    "45", "47", "48", "50", "51", "52", "54", "55", "56", "57", 
    "58", "59", "60", "66")), class = "table"), No.Tag = structure(c(0L, 
    73L, 0L, 0L, 0L, 0L, 0L, 0L, 0L, 5L, 0L, 0L), .Dim = 4:3, .Dimnames = structure(list(
        c("-1", "0", "1", NA), c("G", "T", NA)), .Names = c("", 
    "")), class = "table"), All.Tags = list(Concordant = list(
        Freqs = structure(c(0, 281, 0, 0, 2, 0), .Dim = 3:2, .Dimnames = list(
            c("-1", "0", "1"), c("G", "T"))), N = 283), Majority = list(
        Freqs = structure(c(0, 311, 0, 0, 2, 0), .Dim = 3:2, .Dimnames = list(
            c("-1", "0", "1"), c("G", "T"))), N = 313)), `2` = structure(c(0, 
    239, 0, 0, 0, 0), .Dim = 3:2, .Dimnames = list(c("-1", "0", 
    "1"), c("G", "T"))))))
