Results <-
list(`bwa.out//20220204//BlindCMMRD47_S7.sam` = list(GM17_SNP1 = list(
    All = list(Freqs = structure(c(0L, 23L, 1924L, 10L, 2L, 2L, 
    20L, 1947L, 4L, 2L, 0L, 0L, 20L, 1L, 0L), .Dim = c(5L, 3L
    ), .Dimnames = structure(list(c("-2", "-1", "0", "1", NA), 
        c("C", "T", NA)), .Names = c("", "")), class = "table"), 
        N = 3955L), Tag.Distribution = structure(c(`1` = 84L, 
    `2` = 24L, `3` = 12L, `4` = 14L, `5` = 15L, `6` = 22L, `7` = 15L, 
    `8` = 12L, `9` = 7L, `10` = 6L, `11` = 8L, `12` = 7L, `13` = 10L, 
    `14` = 5L, `15` = 11L, `16` = 4L, `17` = 6L, `18` = 4L, `19` = 3L, 
    `20` = 2L, `21` = 3L, `22` = 3L, `23` = 2L, `24` = 3L, `25` = 3L, 
    `26` = 1L, `27` = 2L, `28` = 1L, `29` = 4L, `30` = 3L, `32` = 1L, 
    `34` = 2L, `35` = 5L, `36` = 4L, `37` = 1L, `38` = 4L, `39` = 1L, 
    `40` = 3L, `41` = 3L, `43` = 1L, `45` = 2L, `46` = 1L, `47` = 1L, 
    `48` = 2L, `50` = 1L, `52` = 3L, `94` = 1L, `96` = 1L), .Dim = 48L, .Dimnames = list(
        TagUsage = c("1", "2", "3", "4", "5", "6", "7", "8", 
        "9", "10", "11", "12", "13", "14", "15", "16", "17", 
        "18", "19", "20", "21", "22", "23", "24", "25", "26", 
        "27", "28", "29", "30", "32", "34", "35", "36", "37", 
        "38", "39", "40", "41", "43", "45", "46", "47", "48", 
        "50", "52", "94", "96")), class = "table"), No.Tag = structure(c(0L, 
    0L, 15L, 0L, 1L, 0L, 0L, 64L, 0L, 1L, 0L, 0L, 3L, 0L, 0L), .Dim = c(5L, 
    3L), .Dimnames = structure(list(c("-2", "-1", "0", "1", NA
    ), c("C", "T", NA)), .Names = c("", "")), class = "table"), 
    All.Tags = list(Concordant = list(Freqs = structure(c(0, 
    1, 143, 0, 0, 0, 121, 0), .Dim = c(4L, 2L), .Dimnames = list(
        c("-2", "-1", "0", "1"), c("C", "T"))), N = 265), Majority = list(
        Freqs = structure(c(0, 1, 174, 0, 0, 0, 149, 0), .Dim = c(4L, 
        2L), .Dimnames = list(c("-2", "-1", "0", "1"), c("C", 
        "T"))), N = 324)), `2` = structure(c(0, 0, 130, 0, 0, 
    0, 115, 0), .Dim = c(4L, 2L), .Dimnames = list(c("-2", "-1", 
    "0", "1"), c("C", "T"))))))
