Results <-
list(`bwa.out//20220204//MLPA99_S13.sam` = list(LR52_SNP1 = list(
    All = list(Freqs = structure(c(0L, 0L, 0L, 1L, 0L, 0L, 0L, 
    0L, 0L, 1L, 0L, 0L, 1L, 23L, 301L, 3301L, 32L, 19L, 0L, 0L, 
    2L, 172L, 3L, 0L), .Dim = c(6L, 4L), .Dimnames = structure(list(
        c("-3", "-2", "-1", "0", "1", NA), c("A", "C", "T", NA
        )), .Names = c("", "")), class = "table"), N = 3856L), 
    Tag.Distribution = structure(c(`1` = 61L, `2` = 10L, `3` = 16L, 
    `4` = 10L, `5` = 6L, `6` = 11L, `7` = 10L, `8` = 11L, `9` = 8L, 
    `10` = 10L, `11` = 9L, `12` = 10L, `13` = 11L, `14` = 7L, 
    `15` = 9L, `16` = 5L, `17` = 13L, `18` = 10L, `19` = 6L, 
    `20` = 8L, `21` = 7L, `22` = 4L, `23` = 2L, `24` = 3L, `25` = 2L, 
    `26` = 4L, `27` = 1L, `28` = 1L, `29` = 1L, `31` = 3L, `32` = 3L, 
    `33` = 4L, `34` = 2L, `35` = 1L, `36` = 1L, `38` = 1L, `39` = 2L, 
    `40` = 1L, `41` = 2L, `42` = 1L, `44` = 2L, `45` = 2L, `47` = 1L, 
    `48` = 1L, `49` = 1L, `52` = 1L, `57` = 1L, `59` = 1L, `68` = 1L
    ), .Dim = 49L, .Dimnames = list(TagUsage = c("1", "2", "3", 
    "4", "5", "6", "7", "8", "9", "10", "11", "12", "13", "14", 
    "15", "16", "17", "18", "19", "20", "21", "22", "23", "24", 
    "25", "26", "27", "28", "29", "31", "32", "33", "34", "35", 
    "36", "38", "39", "40", "41", "42", "44", "45", "47", "48", 
    "49", "52", "57", "59", "68")), class = "table"), No.Tag = structure(c(0L, 
    0L, 0L, 0L, 0L, 0L, 0L, 0L, 0L, 0L, 0L, 0L, 0L, 0L, 3L, 17L, 
    0L, 0L, 0L, 0L, 0L, 2L, 0L, 0L), .Dim = c(6L, 4L), .Dimnames = structure(list(
        c("-3", "-2", "-1", "0", "1", NA), c("A", "C", "T", NA
        )), .Names = c("", "")), class = "table"), All.Tags = list(
        Concordant = list(Freqs = structure(c(0, 0, 0, 0, 0, 
        0, 0, 0, 1, 0, 0, 1, 5, 126, 3), .Dim = c(5L, 3L), .Dimnames = list(
            c("-3", "-2", "-1", "0", "1"), c("A", "C", "T"))), 
            N = 136), Majority = list(Freqs = structure(c(0, 
        0, 0, 0, 0, 0, 0, 0, 1, 0, 0, 1, 7, 278, 3), .Dim = c(5L, 
        3L), .Dimnames = list(c("-3", "-2", "-1", "0", "1"), 
            c("A", "C", "T"))), N = 290)), `2` = structure(c(0, 
    0, 0, 0, 0, 0, 0, 0, 0, 0, 0, 0, 2, 234, 0), .Dim = c(5L, 
    3L), .Dimnames = list(c("-3", "-2", "-1", "0", "1"), c("A", 
    "C", "T"))))))
