Results <-
list(`bwa.out//20220204//Control16_S9.sam` = list(LR40_SNP1 = list(
    All = list(Freqs = structure(c(0L, 0L, 2L, 0L, 0L, 1L, 36L, 
    2781L, 10L, 4L, 0L, 0L, 11L, 0L, 0L), .Dim = c(5L, 3L), .Dimnames = structure(list(
        c("-2", "-1", "0", "1", NA), c("A", "C", NA)), .Names = c("", 
    "")), class = "table"), N = 2845L), Tag.Distribution = structure(c(`1` = 132L, 
    `2` = 60L, `3` = 37L, `4` = 39L, `5` = 32L, `6` = 30L, `7` = 27L, 
    `8` = 25L, `9` = 10L, `10` = 21L, `11` = 13L, `12` = 8L, 
    `13` = 9L, `14` = 9L, `15` = 5L, `16` = 4L, `17` = 6L, `18` = 2L, 
    `19` = 2L, `20` = 4L, `21` = 3L, `22` = 3L, `23` = 3L, `24` = 1L, 
    `25` = 1L, `26` = 2L, `34` = 1L), .Dim = 27L, .Dimnames = list(
        TagUsage = c("1", "2", "3", "4", "5", "6", "7", "8", 
        "9", "10", "11", "12", "13", "14", "15", "16", "17", 
        "18", "19", "20", "21", "22", "23", "24", "25", "26", 
        "34")), class = "table"), No.Tag = structure(c(0L, 0L, 
    0L, 0L, 0L, 0L, 0L, 84L, 1L, 0L, 0L, 0L, 2L, 0L, 0L), .Dim = c(5L, 
    3L), .Dimnames = structure(list(c("-2", "-1", "0", "1", NA
    ), c("A", "C", NA)), .Names = c("", "")), class = "table"), 
    All.Tags = list(Concordant = list(Freqs = structure(c(0, 
    0, 1, 0, 0, 3, 447, 1), .Dim = c(4L, 2L), .Dimnames = list(
        c("-2", "-1", "0", "1"), c("A", "C"))), N = 452), Majority = list(
        Freqs = structure(c(0, 0, 1, 0, 0, 3, 481, 1), .Dim = c(4L, 
        2L), .Dimnames = list(c("-2", "-1", "0", "1"), c("A", 
        "C"))), N = 486)), `2` = structure(c(0, 0, 0, 0, 0, 1, 
    355, 0), .Dim = c(4L, 2L), .Dimnames = list(c("-2", "-1", 
    "0", "1"), c("A", "C"))))))
