Results <-
list(`bwa.out//20220204//BlindCMMRD61_S20.sam` = list(LR11_SNP1 = list(
    All = list(Freqs = structure(c(0L, 0L, 0L, 2L, 0L, 0L, 1L, 
    1L, 84L, 3966L, 22L, 10L, 0L, 0L, 0L, 1L, 0L, 0L, 0L, 0L, 
    4L, 99L, 2L, 0L), .Dim = c(6L, 4L), .Dimnames = structure(list(
        c("-3", "-2", "-1", "0", "1", NA), c("A", "C", "G", NA
        )), .Names = c("", "")), class = "table"), N = 4192L), 
    Tag.Distribution = structure(c(`1` = 86L, `2` = 40L, `3` = 29L, 
    `4` = 28L, `5` = 23L, `6` = 24L, `7` = 16L, `8` = 18L, `9` = 8L, 
    `10` = 9L, `11` = 14L, `12` = 14L, `13` = 14L, `14` = 14L, 
    `15` = 8L, `16` = 12L, `17` = 7L, `18` = 5L, `19` = 9L, `20` = 12L, 
    `21` = 3L, `22` = 3L, `23` = 8L, `24` = 3L, `25` = 6L, `26` = 1L, 
    `27` = 4L, `28` = 3L, `29` = 3L, `30` = 1L, `31` = 3L, `32` = 3L, 
    `33` = 2L, `35` = 1L, `36` = 1L, `37` = 1L, `38` = 1L, `40` = 1L, 
    `42` = 1L, `48` = 1L, `49` = 1L), .Dim = 41L, .Dimnames = list(
        TagUsage = c("1", "2", "3", "4", "5", "6", "7", "8", 
        "9", "10", "11", "12", "13", "14", "15", "16", "17", 
        "18", "19", "20", "21", "22", "23", "24", "25", "26", 
        "27", "28", "29", "30", "31", "32", "33", "35", "36", 
        "37", "38", "40", "42", "48", "49")), class = "table"), 
    No.Tag = structure(c(0L, 0L, 0L, 0L, 0L, 0L, 0L, 0L, 1L, 
    66L, 0L, 0L, 0L, 0L, 0L, 0L, 0L, 0L, 0L, 0L, 0L, 1L, 0L, 
    0L), .Dim = c(6L, 4L), .Dimnames = structure(list(c("-3", 
    "-2", "-1", "0", "1", NA), c("A", "C", "G", NA)), .Names = c("", 
    "")), class = "table"), All.Tags = list(Concordant = list(
        Freqs = structure(c(0, 0, 0, 2, 0, 0, 0, 4, 354, 1, 0, 
        0, 0, 0, 0), .Dim = c(5L, 3L), .Dimnames = list(c("-3", 
        "-2", "-1", "0", "1"), c("A", "C", "G"))), N = 361), 
        Majority = list(Freqs = structure(c(0, 0, 0, 2, 0, 0, 
        0, 4, 426, 1, 0, 0, 0, 0, 0), .Dim = c(5L, 3L), .Dimnames = list(
            c("-3", "-2", "-1", "0", "1"), c("A", "C", "G"))), 
            N = 433)), `2` = structure(c(0, 0, 0, 0, 0, 0, 0, 
    2, 352, 0, 0, 0, 0, 0, 0), .Dim = c(5L, 3L), .Dimnames = list(
        c("-3", "-2", "-1", "0", "1"), c("A", "C", "G"))))))
