Results <-
list(`bwa.out//20220204//Control21_S14.sam` = list(LR49_SNP1 = list(
    All = list(Freqs = structure(c(2L, 1495L, 2L, 0L, 2L, 1379L, 
    0L, 2L, 1L, 26L, 0L, 0L), .Dim = 4:3, .Dimnames = structure(list(
        c("-1", "0", "1", NA), c("A", "G", NA)), .Names = c("", 
    "")), class = "table"), N = 2909L), Tag.Distribution = structure(c(`1` = 127L, 
    `2` = 85L, `3` = 51L, `4` = 48L, `5` = 31L, `6` = 33L, `7` = 26L, 
    `8` = 25L, `9` = 13L, `10` = 13L, `11` = 12L, `12` = 9L, 
    `13` = 6L, `14` = 3L, `15` = 4L, `16` = 8L, `17` = 7L, `18` = 4L, 
    `19` = 3L, `20` = 3L, `21` = 2L, `22` = 1L, `23` = 1L, `24` = 2L, 
    `25` = 1L, `27` = 1L, `28` = 2L, `30` = 1L), .Dim = 28L, .Dimnames = list(
        TagUsage = c("1", "2", "3", "4", "5", "6", "7", "8", 
        "9", "10", "11", "12", "13", "14", "15", "16", "17", 
        "18", "19", "20", "21", "22", "23", "24", "25", "27", 
        "28", "30")), class = "table"), No.Tag = structure(c(1L, 
    77L, 0L, 0L, 0L, 69L, 0L, 0L, 0L, 9L, 0L, 0L), .Dim = 4:3, .Dimnames = structure(list(
        c("-1", "0", "1", NA), c("A", "G", NA)), .Names = c("", 
    "")), class = "table"), All.Tags = list(Concordant = list(
        Freqs = structure(c(0, 245, 0, 0, 245, 0), .Dim = 3:2, .Dimnames = list(
            c("-1", "0", "1"), c("A", "G"))), N = 490), Majority = list(
        Freqs = structure(c(0, 261, 0, 0, 257, 0), .Dim = 3:2, .Dimnames = list(
            c("-1", "0", "1"), c("A", "G"))), N = 518)), `2` = structure(c(0, 
    202, 0, 0, 191, 0), .Dim = 3:2, .Dimnames = list(c("-1", 
    "0", "1"), c("A", "G"))))))
