Results <-
list(`bwa.out//20220204//BlindCMMRD87_S46.sam` = list(DEPDC2_SNP1 = list(
    All = list(Freqs = structure(c(14L, 2727L, 8L, 5L, 21L, 3541L, 
    55L, 28L, 0L, 56L, 0L, 0L), .Dim = 4:3, .Dimnames = structure(list(
        c("-1", "0", "1", NA), c("C", "T", NA)), .Names = c("", 
    "")), class = "table"), N = 6455L), Tag.Distribution = structure(c(`1` = 162L, 
    `2` = 50L, `3` = 34L, `4` = 29L, `5` = 30L, `6` = 34L, `7` = 20L, 
    `8` = 25L, `9` = 22L, `10` = 17L, `11` = 16L, `12` = 18L, 
    `13` = 21L, `14` = 14L, `15` = 10L, `16` = 16L, `17` = 9L, 
    `18` = 8L, `19` = 11L, `20` = 12L, `21` = 8L, `22` = 5L, 
    `23` = 9L, `24` = 3L, `25` = 2L, `26` = 6L, `27` = 6L, `28` = 5L, 
    `29` = 4L, `30` = 4L, `31` = 3L, `32` = 2L, `33` = 4L, `36` = 3L, 
    `37` = 3L, `38` = 1L, `39` = 2L, `40` = 3L, `42` = 1L, `43` = 3L, 
    `47` = 2L, `48` = 2L, `50` = 2L, `51` = 1L, `58` = 1L, `66` = 1L, 
    `75` = 1L), .Dim = 47L, .Dimnames = list(TagUsage = c("1", 
    "2", "3", "4", "5", "6", "7", "8", "9", "10", "11", "12", 
    "13", "14", "15", "16", "17", "18", "19", "20", "21", "22", 
    "23", "24", "25", "26", "27", "28", "29", "30", "31", "32", 
    "33", "36", "37", "38", "39", "40", "42", "43", "47", "48", 
    "50", "51", "58", "66", "75")), class = "table"), No.Tag = structure(c(0L, 
    44L, 0L, 0L, 0L, 94L, 3L, 0L, 0L, 3L, 0L, 0L), .Dim = 4:3, .Dimnames = structure(list(
        c("-1", "0", "1", NA), c("C", "T", NA)), .Names = c("", 
    "")), class = "table"), All.Tags = list(Concordant = list(
        Freqs = structure(c(2, 258, 0, 0, 298, 1), .Dim = 3:2, .Dimnames = list(
            c("-1", "0", "1"), c("C", "T"))), N = 559), Majority = list(
        Freqs = structure(c(2, 291, 0, 0, 341, 2), .Dim = 3:2, .Dimnames = list(
            c("-1", "0", "1"), c("C", "T"))), N = 636)), `2` = structure(c(0, 
    225, 0, 0, 255, 2), .Dim = 3:2, .Dimnames = list(c("-1", 
    "0", "1"), c("C", "T"))))))
