Results <-
list(`bwa.out//20220204//BlindCMMRD85_S44.sam` = list(LR48_SNP1 = list(
    All = list(Freqs = structure(c(0L, 0L, 1L, 0L, 0L, 0L, 1L, 
    42L, 1826L, 28L, 0L, 13L, 5L, 49L, 2214L, 24L, 1L, 9L, 0L, 
    1L, 77L, 3L, 0L, 0L), .Dim = c(6L, 4L), .Dimnames = structure(list(
        c("-2", "-1", "0", "1", "2", NA), c("A", "C", "T", NA
        )), .Names = c("", "")), class = "table"), N = 4294L), 
    Tag.Distribution = structure(c(`1` = 83L, `2` = 36L, `3` = 46L, 
    `4` = 31L, `5` = 32L, `6` = 20L, `7` = 23L, `8` = 15L, `9` = 21L, 
    `10` = 16L, `11` = 13L, `12` = 10L, `13` = 13L, `14` = 5L, 
    `15` = 13L, `16` = 5L, `17` = 5L, `18` = 8L, `19` = 13L, 
    `20` = 6L, `21` = 2L, `22` = 3L, `23` = 7L, `24` = 3L, `25` = 5L, 
    `26` = 4L, `27` = 8L, `28` = 3L, `29` = 2L, `30` = 2L, `31` = 1L, 
    `32` = 5L, `33` = 1L, `34` = 2L, `35` = 1L, `41` = 1L, `42` = 1L, 
    `48` = 1L, `57` = 1L), .Dim = 39L, .Dimnames = list(TagUsage = c("1", 
    "2", "3", "4", "5", "6", "7", "8", "9", "10", "11", "12", 
    "13", "14", "15", "16", "17", "18", "19", "20", "21", "22", 
    "23", "24", "25", "26", "27", "28", "29", "30", "31", "32", 
    "33", "34", "35", "41", "42", "48", "57")), class = "table"), 
    No.Tag = structure(c(0L, 0L, 0L, 0L, 0L, 0L, 0L, 1L, 47L, 
    0L, 0L, 0L, 0L, 0L, 40L, 1L, 0L, 0L, 0L, 0L, 2L, 0L, 0L, 
    0L), .Dim = c(6L, 4L), .Dimnames = structure(list(c("-2", 
    "-1", "0", "1", "2", NA), c("A", "C", "T", NA)), .Names = c("", 
    "")), class = "table"), All.Tags = list(Concordant = list(
        Freqs = structure(c(0, 0, 0, 0, 0, 0, 1, 166, 0, 0, 0, 
        1, 171, 0, 0), .Dim = c(5L, 3L), .Dimnames = list(c("-2", 
        "-1", "0", "1", "2"), c("A", "C", "T"))), N = 339), Majority = list(
        Freqs = structure(c(0, 0, 0, 0, 0, 0, 1, 223, 0, 0, 0, 
        1, 233, 0, 0), .Dim = c(5L, 3L), .Dimnames = list(c("-2", 
        "-1", "0", "1", "2"), c("A", "C", "T"))), N = 458)), 
    `2` = structure(c(0, 0, 0, 0, 0, 0, 0, 185, 0, 0, 0, 1, 196, 
    0, 0), .Dim = c(5L, 3L), .Dimnames = list(c("-2", "-1", "0", 
    "1", "2"), c("A", "C", "T"))))))
