Results <-
list(`bwa.out//20220204//BlindCMMRD79_S38.sam` = list(LR11_SNP1 = list(
    All = list(Freqs = structure(c(0L, 0L, 1L, 0L, 0L, 2L, 44L, 
    2328L, 12L, 6L, 3L, 38L, 1712L, 10L, 2L, 0L, 4L, 69L, 1L, 
    0L), .Dim = 5:4, .Dimnames = structure(list(c("-2", "-1", 
    "0", "1", NA), c("-", "A", "C", NA)), .Names = c("", "")), class = "table"), 
        N = 4232L), Tag.Distribution = structure(c(`1` = 117L, 
    `2` = 70L, `3` = 61L, `4` = 43L, `5` = 53L, `6` = 39L, `7` = 38L, 
    `8` = 48L, `9` = 22L, `10` = 25L, `11` = 27L, `12` = 21L, 
    `13` = 14L, `14` = 14L, `15` = 9L, `16` = 12L, `17` = 8L, 
    `18` = 8L, `19` = 4L, `20` = 1L, `21` = 2L, `22` = 3L, `24` = 4L, 
    `25` = 1L, `26` = 1L, `31` = 2L, `56` = 1L), .Dim = 27L, .Dimnames = list(
        TagUsage = c("1", "2", "3", "4", "5", "6", "7", "8", 
        "9", "10", "11", "12", "13", "14", "15", "16", "17", 
        "18", "19", "20", "21", "22", "24", "25", "26", "31", 
        "56")), class = "table"), No.Tag = structure(c(0L, 0L, 
    0L, 0L, 0L, 0L, 0L, 13L, 0L, 0L, 0L, 0L, 6L, 0L, 0L, 0L, 
    0L, 1L, 0L, 0L), .Dim = 5:4, .Dimnames = structure(list(c("-2", 
    "-1", "0", "1", NA), c("-", "A", "C", NA)), .Names = c("", 
    "")), class = "table"), All.Tags = list(Concordant = list(
        Freqs = structure(c(0, 0, 0, 0, 0, 1, 292, 0, 0, 1, 242, 
        1), .Dim = 4:3, .Dimnames = list(c("-2", "-1", "0", "1"
        ), c("-", "A", "C"))), N = 537), Majority = list(Freqs = structure(c(0, 
    0, 0, 0, 0, 1, 353, 0, 0, 1, 281, 1), .Dim = 4:3, .Dimnames = list(
        c("-2", "-1", "0", "1"), c("-", "A", "C"))), N = 637)), 
    `2` = structure(c(0, 0, 0, 0, 0, 0, 297, 0, 0, 1, 228, 0), .Dim = 4:3, .Dimnames = list(
        c("-2", "-1", "0", "1"), c("-", "A", "C"))))))
