Results <-
list(`bwa.out//20220204//BlindCMMRD98_S57.sam` = list(GM22_SNP1 = list(
    All = list(Freqs = structure(c(0L, 0L, 1L, 0L, 0L, 0L, 4L, 
    49L, 3807L, 17L, 0L, 3L, 2L, 52L, 3284L, 16L, 1L, 4L, 0L, 
    0L, 1L, 0L, 0L, 0L, 0L, 4L, 85L, 4L, 0L, 0L), .Dim = 6:5, .Dimnames = structure(list(
        c("-2", "-1", "0", "1", "2", NA), c("-", "A", "G", "T", 
        NA)), .Names = c("", "")), class = "table"), N = 7334L), 
    Tag.Distribution = structure(c(`1` = 151L, `2` = 71L, `3` = 54L, 
    `4` = 47L, `5` = 39L, `6` = 27L, `7` = 36L, `8` = 28L, `9` = 19L, 
    `10` = 19L, `11` = 21L, `12` = 29L, `13` = 18L, `14` = 14L, 
    `15` = 15L, `16` = 16L, `17` = 13L, `18` = 9L, `19` = 9L, 
    `20` = 9L, `21` = 4L, `22` = 11L, `23` = 7L, `24` = 5L, `25` = 7L, 
    `26` = 6L, `27` = 6L, `28` = 3L, `29` = 6L, `30` = 5L, `31` = 5L, 
    `32` = 4L, `33` = 4L, `34` = 3L, `35` = 4L, `36` = 1L, `37` = 1L, 
    `39` = 1L, `40` = 3L, `41` = 3L, `42` = 2L, `43` = 3L, `44` = 2L, 
    `47` = 1L, `48` = 2L, `49` = 1L, `50` = 1L, `52` = 1L), .Dim = 48L, .Dimnames = list(
        TagUsage = c("1", "2", "3", "4", "5", "6", "7", "8", 
        "9", "10", "11", "12", "13", "14", "15", "16", "17", 
        "18", "19", "20", "21", "22", "23", "24", "25", "26", 
        "27", "28", "29", "30", "31", "32", "33", "34", "35", 
        "36", "37", "39", "40", "41", "42", "43", "44", "47", 
        "48", "49", "50", "52")), class = "table"), No.Tag = structure(c(0L, 
    0L, 0L, 0L, 0L, 0L, 1L, 0L, 77L, 0L, 0L, 1L, 0L, 1L, 76L, 
    0L, 0L, 0L, 0L, 0L, 0L, 0L, 0L, 0L, 0L, 0L, 2L, 0L, 0L, 0L
    ), .Dim = 6:5, .Dimnames = structure(list(c("-2", "-1", "0", 
    "1", "2", NA), c("-", "A", "G", "T", NA)), .Names = c("", 
    "")), class = "table"), All.Tags = list(Concordant = list(
        Freqs = structure(c(0, 0, 0, 0, 0, 0, 0, 305, 0, 0, 0, 
        2, 289, 0, 0, 0, 0, 0, 0, 0), .Dim = 5:4, .Dimnames = list(
            c("-2", "-1", "0", "1", "2"), c("-", "A", "G", "T"
            ))), N = 596), Majority = list(Freqs = structure(c(0, 
    0, 0, 0, 0, 0, 0, 372, 0, 0, 0, 3, 356, 0, 0, 0, 0, 0, 0, 
    0), .Dim = 5:4, .Dimnames = list(c("-2", "-1", "0", "1", 
    "2"), c("-", "A", "G", "T"))), N = 731)), `2` = structure(c(0, 
    0, 0, 0, 0, 0, 0, 298, 0, 0, 0, 1, 292, 0, 0, 0, 0, 0, 0, 
    0), .Dim = 5:4, .Dimnames = list(c("-2", "-1", "0", "1", 
    "2"), c("-", "A", "G", "T"))))))
