Results <-
list(`bwa.out//20220204//BlindCMMRD66_S25.sam` = list(IM49_SNP1 = list(
    All = list(Freqs = structure(c(1L, 73L, 3178L, 59L, 2L, 36L, 
    0L, 0L, 2L, 0L, 0L, 0L, 0L, 2L, 135L, 2L, 0L, 0L), .Dim = c(6L, 
    3L), .Dimnames = structure(list(c("-2", "-1", "0", "1", "2", 
    NA), c("C", "G", NA)), .Names = c("", "")), class = "table"), 
        N = 3490L), Tag.Distribution = structure(c(`1` = 177L, 
    `2` = 67L, `3` = 55L, `4` = 46L, `5` = 36L, `6` = 32L, `7` = 30L, 
    `8` = 23L, `9` = 24L, `10` = 19L, `11` = 15L, `12` = 11L, 
    `13` = 9L, `14` = 8L, `15` = 6L, `16` = 10L, `17` = 5L, `18` = 5L, 
    `19` = 10L, `20` = 3L, `21` = 1L, `22` = 3L, `23` = 2L, `24` = 2L, 
    `25` = 2L, `27` = 1L, `35` = 1L, `41` = 1L), .Dim = 28L, .Dimnames = list(
        TagUsage = c("1", "2", "3", "4", "5", "6", "7", "8", 
        "9", "10", "11", "12", "13", "14", "15", "16", "17", 
        "18", "19", "20", "21", "22", "23", "24", "25", "27", 
        "35", "41")), class = "table"), No.Tag = structure(c(0L, 
    2L, 111L, 2L, 0L, 0L, 0L, 0L, 0L, 0L, 0L, 0L, 0L, 0L, 8L, 
    0L, 0L, 0L), .Dim = c(6L, 3L), .Dimnames = structure(list(
        c("-2", "-1", "0", "1", "2", NA), c("C", "G", NA)), .Names = c("", 
    "")), class = "table"), All.Tags = list(Concordant = list(
        Freqs = structure(c(0, 5, 462, 2, 0, 0, 0, 2, 0, 0), .Dim = c(5L, 
        2L), .Dimnames = list(c("-2", "-1", "0", "1", "2"), c("C", 
        "G"))), N = 471), Majority = list(Freqs = structure(c(0, 
    5, 554, 3, 0, 0, 0, 2, 0, 0), .Dim = c(5L, 2L), .Dimnames = list(
        c("-2", "-1", "0", "1", "2"), c("C", "G"))), N = 564)), 
    `2` = structure(c(0, 0, 422, 1, 0, 0, 0, 0, 0, 0), .Dim = c(5L, 
    2L), .Dimnames = list(c("-2", "-1", "0", "1", "2"), c("C", 
    "G"))))))
