Results <-
list(`bwa.out//20220204//BlindCMMRD73_S32.sam` = list(LR17_SNP1 = list(
    All = list(Freqs = structure(c(1L, 3L, 125L, 3665L, 40L, 
    13L, 0L, 0L, 0L, 1L, 0L, 0L, 0L, 0L, 2L, 158L, 0L, 0L), .Dim = c(6L, 
    3L), .Dimnames = structure(list(c("-3", "-2", "-1", "0", 
    "1", NA), c("A", "G", NA)), .Names = c("", "")), class = "table"), 
        N = 4008L), Tag.Distribution = structure(c(`1` = 97L, 
    `2` = 29L, `3` = 29L, `4` = 28L, `5` = 18L, `6` = 23L, `7` = 23L, 
    `8` = 21L, `9` = 13L, `10` = 15L, `11` = 19L, `12` = 16L, 
    `13` = 11L, `14` = 8L, `15` = 13L, `16` = 11L, `17` = 4L, 
    `18` = 14L, `19` = 8L, `20` = 9L, `21` = 6L, `22` = 8L, `23` = 5L, 
    `25` = 6L, `26` = 1L, `27` = 2L, `30` = 4L, `31` = 1L, `32` = 2L, 
    `34` = 1L, `41` = 1L, `45` = 1L, `47` = 1L), .Dim = 33L, .Dimnames = list(
        TagUsage = c("1", "2", "3", "4", "5", "6", "7", "8", 
        "9", "10", "11", "12", "13", "14", "15", "16", "17", 
        "18", "19", "20", "21", "22", "23", "25", "26", "27", 
        "30", "31", "32", "34", "41", "45", "47")), class = "table"), 
    No.Tag = structure(c(0L, 0L, 5L, 110L, 1L, 1L, 0L, 0L, 0L, 
    0L, 0L, 0L, 0L, 0L, 1L, 4L, 0L, 0L), .Dim = c(6L, 3L), .Dimnames = structure(list(
        c("-3", "-2", "-1", "0", "1", NA), c("A", "G", NA)), .Names = c("", 
    "")), class = "table"), All.Tags = list(Concordant = list(
        Freqs = structure(c(0, 0, 3, 322, 0, 0, 0, 0, 0, 0), .Dim = c(5L, 
        2L), .Dimnames = list(c("-3", "-2", "-1", "0", "1"), 
            c("A", "G"))), N = 325), Majority = list(Freqs = structure(c(0, 
    0, 3, 430, 0, 0, 0, 0, 0, 0), .Dim = c(5L, 2L), .Dimnames = list(
        c("-3", "-2", "-1", "0", "1"), c("A", "G"))), N = 433)), 
    `2` = structure(c(0, 0, 1, 344, 0, 0, 0, 0, 0, 0), .Dim = c(5L, 
    2L), .Dimnames = list(c("-3", "-2", "-1", "0", "1"), c("A", 
    "G"))))))
