Results <-
list(`bwa.out//20220204//17D0989_S8.sam` = list(GM07_SNP1 = list(
    All = list(Freqs = structure(c(0L, 0L, 2L, 0L, 0L, 0L, 4L, 
    103L, 2229L, 54L, 0L, 30L, 0L, 0L, 1L, 0L, 0L, 0L, 0L, 114L, 
    2121L, 61L, 1L, 23L, 0L, 0L, 47L, 0L, 0L, 0L), .Dim = 6:5, .Dimnames = structure(list(
        c("-2", "-1", "0", "1", "2", NA), c("-", "A", "C", "G", 
        NA)), .Names = c("", "")), class = "table"), N = 4790L), 
    Tag.Distribution = structure(c(`1` = 153L, `2` = 83L, `3` = 67L, 
    `4` = 47L, `5` = 46L, `6` = 28L, `7` = 31L, `8` = 20L, `9` = 22L, 
    `10` = 23L, `11` = 16L, `12` = 9L, `13` = 20L, `14` = 13L, 
    `15` = 8L, `16` = 8L, `17` = 8L, `18` = 11L, `19` = 7L, `20` = 4L, 
    `21` = 3L, `22` = 2L, `23` = 3L, `24` = 7L, `25` = 5L, `26` = 1L, 
    `27` = 1L, `28` = 1L, `29` = 2L, `30` = 2L, `32` = 2L, `33` = 2L, 
    `35` = 1L, `36` = 1L, `38` = 3L, `41` = 1L, `51` = 1L), .Dim = 37L, .Dimnames = list(
        TagUsage = c("1", "2", "3", "4", "5", "6", "7", "8", 
        "9", "10", "11", "12", "13", "14", "15", "16", "17", 
        "18", "19", "20", "21", "22", "23", "24", "25", "26", 
        "27", "28", "29", "30", "32", "33", "35", "36", "38", 
        "41", "51")), class = "table"), No.Tag = structure(c(0L, 
    0L, 0L, 0L, 0L, 0L, 0L, 5L, 102L, 5L, 0L, 6L, 0L, 0L, 0L, 
    0L, 0L, 0L, 0L, 5L, 136L, 7L, 0L, 7L, 0L, 0L, 10L, 0L, 0L, 
    0L), .Dim = 6:5, .Dimnames = structure(list(c("-2", "-1", 
    "0", "1", "2", NA), c("-", "A", "C", "G", NA)), .Names = c("", 
    "")), class = "table"), All.Tags = list(Concordant = list(
        Freqs = structure(c(0, 0, 0, 0, 0, 0, 4, 220, 0, 0, 0, 
        0, 0, 0, 0, 0, 7, 214, 0, 0), .Dim = 5:4, .Dimnames = list(
            c("-2", "-1", "0", "1", "2"), c("-", "A", "C", "G"
            ))), N = 445), Majority = list(Freqs = structure(c(0, 
    0, 0, 0, 0, 0, 7, 310, 0, 0, 0, 0, 0, 0, 0, 0, 10, 310, 0, 
    0), .Dim = 5:4, .Dimnames = list(c("-2", "-1", "0", "1", 
    "2"), c("-", "A", "C", "G"))), N = 637)), `2` = structure(c(0, 
    0, 0, 0, 0, 0, 3, 239, 0, 0, 0, 0, 0, 0, 0, 0, 4, 247, 0, 
    0), .Dim = 5:4, .Dimnames = list(c("-2", "-1", "0", "1", 
    "2"), c("-", "A", "C", "G"))))))
