Results <-
list(`bwa.out//20220204//BlindCMMRD82_S41.sam` = list(GM14_SNP1 = list(
    All = list(Freqs = structure(c(4L, 106L, 3320L, 24L, 1L, 
    9L, 0L, 1L, 3L, 0L, 0L, 0L, 0L, 1L, 24L, 0L, 0L, 0L), .Dim = c(6L, 
    3L), .Dimnames = structure(list(c("-2", "-1", "0", "1", "2", 
    NA), c("C", "T", NA)), .Names = c("", "")), class = "table"), 
        N = 3493L), Tag.Distribution = structure(c(`1` = 74L, 
    `2` = 60L, `3` = 36L, `4` = 39L, `5` = 36L, `6` = 30L, `7` = 26L, 
    `8` = 20L, `9` = 24L, `10` = 15L, `11` = 15L, `12` = 13L, 
    `13` = 11L, `14` = 15L, `15` = 13L, `16` = 11L, `17` = 5L, 
    `18` = 8L, `19` = 7L, `20` = 2L, `21` = 5L, `22` = 2L, `24` = 3L, 
    `25` = 1L, `26` = 3L, `30` = 1L, `32` = 1L, `45` = 1L), .Dim = 28L, .Dimnames = list(
        TagUsage = c("1", "2", "3", "4", "5", "6", "7", "8", 
        "9", "10", "11", "12", "13", "14", "15", "16", "17", 
        "18", "19", "20", "21", "22", "24", "25", "26", "30", 
        "32", "45")), class = "table"), No.Tag = structure(c(0L, 
    1L, 83L, 0L, 0L, 2L, 0L, 0L, 0L, 0L, 0L, 0L, 0L, 0L, 3L, 
    0L, 0L, 0L), .Dim = c(6L, 3L), .Dimnames = structure(list(
        c("-2", "-1", "0", "1", "2", NA), c("C", "T", NA)), .Names = c("", 
    "")), class = "table"), All.Tags = list(Concordant = list(
        Freqs = structure(c(0, 3, 379, 0, 0, 0, 1, 2, 0, 0), .Dim = c(5L, 
        2L), .Dimnames = list(c("-2", "-1", "0", "1", "2"), c("C", 
        "T"))), N = 385), Majority = list(Freqs = structure(c(0, 
    5, 462, 0, 0, 0, 1, 2, 0, 0), .Dim = c(5L, 2L), .Dimnames = list(
        c("-2", "-1", "0", "1", "2"), c("C", "T"))), N = 470)), 
    `2` = structure(c(0, 2, 394, 0, 0, 0, 0, 1, 0, 0), .Dim = c(5L, 
    2L), .Dimnames = list(c("-2", "-1", "0", "1", "2"), c("C", 
    "T"))))))
