Results <-
list(`bwa.out//20220204//BlindCMMRD63_S22.sam` = list(LR17_SNP1 = list(
    All = list(Freqs = structure(c(1L, 5L, 119L, 2887L, 38L, 
    16L, 0L, 0L, 2L, 105L, 0L, 0L), .Dim = c(6L, 2L), .Dimnames = structure(list(
        c("-3", "-2", "-1", "0", "1", NA), c("A", NA)), .Names = c("", 
    "")), class = "table"), N = 3173L), Tag.Distribution = structure(c(`1` = 52L, 
    `2` = 33L, `3` = 19L, `4` = 21L, `5` = 20L, `6` = 13L, `7` = 19L, 
    `8` = 20L, `9` = 17L, `10` = 9L, `11` = 8L, `12` = 13L, `13` = 15L, 
    `14` = 11L, `15` = 9L, `16` = 8L, `17` = 6L, `18` = 5L, `19` = 7L, 
    `20` = 7L, `21` = 2L, `22` = 4L, `23` = 5L, `24` = 5L, `25` = 3L, 
    `26` = 4L, `27` = 1L, `28` = 2L, `29` = 2L, `30` = 2L, `40` = 1L
    ), .Dim = 31L, .Dimnames = list(TagUsage = c("1", "2", "3", 
    "4", "5", "6", "7", "8", "9", "10", "11", "12", "13", "14", 
    "15", "16", "17", "18", "19", "20", "21", "22", "23", "24", 
    "25", "26", "27", "28", "29", "30", "40")), class = "table"), 
    No.Tag = structure(c(0L, 0L, 2L, 91L, 0L, 0L, 0L, 0L, 0L, 
    1L, 0L, 0L), .Dim = c(6L, 2L), .Dimnames = structure(list(
        c("-3", "-2", "-1", "0", "1", NA), c("A", NA)), .Names = c("", 
    "")), class = "table"), All.Tags = list(Concordant = list(
        Freqs = structure(c(0, 0, 1, 238, 1), .Dim = c(5L, 1L
        ), .Dimnames = list(c("-3", "-2", "-1", "0", "1"), "A")), 
        N = 240), Majority = list(Freqs = structure(c(0, 0, 3, 
    336, 1), .Dim = c(5L, 1L), .Dimnames = list(c("-3", "-2", 
    "-1", "0", "1"), "A")), N = 340)), `2` = structure(c(0, 0, 
    3, 286, 0), .Dim = c(5L, 1L), .Dimnames = list(c("-3", "-2", 
    "-1", "0", "1"), "A")))))
