Results <-
list(`bwa.out//20220204//BlindCMMRD72_S31.sam` = list(LR11_SNP1 = list(
    All = list(Freqs = structure(c(0L, 39L, 2291L, 17L, 1L, 4L, 
    1L, 54L, 1931L, 37L, 0L, 3L, 0L, 2L, 76L, 0L, 0L, 0L), .Dim = c(6L, 
    3L), .Dimnames = structure(list(c("-2", "-1", "0", "1", "2", 
    NA), c("A", "C", NA)), .Names = c("", "")), class = "table"), 
        N = 4456L), Tag.Distribution = structure(c(`1` = 122L, 
    `2` = 69L, `3` = 47L, `4` = 43L, `5` = 38L, `6` = 37L, `7` = 27L, 
    `8` = 35L, `9` = 22L, `10` = 27L, `11` = 23L, `12` = 9L, 
    `13` = 13L, `14` = 17L, `15` = 13L, `16` = 10L, `17` = 9L, 
    `18` = 8L, `19` = 7L, `20` = 10L, `21` = 5L, `22` = 6L, `23` = 4L, 
    `24` = 3L, `26` = 4L, `27` = 1L, `28` = 3L, `33` = 2L, `38` = 1L
    ), .Dim = 29L, .Dimnames = list(TagUsage = c("1", "2", "3", 
    "4", "5", "6", "7", "8", "9", "10", "11", "12", "13", "14", 
    "15", "16", "17", "18", "19", "20", "21", "22", "23", "24", 
    "26", "27", "28", "33", "38")), class = "table"), No.Tag = structure(c(0L, 
    1L, 46L, 1L, 0L, 2L, 0L, 0L, 11L, 0L, 0L, 0L, 0L, 0L, 0L, 
    0L, 0L, 0L), .Dim = c(6L, 3L), .Dimnames = structure(list(
        c("-2", "-1", "0", "1", "2", NA), c("A", "C", NA)), .Names = c("", 
    "")), class = "table"), All.Tags = list(Concordant = list(
        Freqs = structure(c(0, 1, 249, 0, 0, 0, 2, 221, 1, 0), .Dim = c(5L, 
        2L), .Dimnames = list(c("-2", "-1", "0", "1", "2"), c("A", 
        "C"))), N = 474), Majority = list(Freqs = structure(c(0, 
    1, 308, 0, 0, 0, 3, 286, 3, 0), .Dim = c(5L, 2L), .Dimnames = list(
        c("-2", "-1", "0", "1", "2"), c("A", "C"))), N = 601)), 
    `2` = structure(c(0, 0, 253, 0, 0, 0, 1, 227, 2, 0), .Dim = c(5L, 
    2L), .Dimnames = list(c("-2", "-1", "0", "1", "2"), c("A", 
    "C"))))))
