Results <-
list(`bwa.out//20220204//Control27_S20.sam` = list(LR17_SNP1 = list(
    All = list(Freqs = structure(c(2L, 97L, 2244L, 27L, 12L, 
    0L, 0L, 1L, 0L, 0L, 0L, 0L, 49L, 1L, 0L), .Dim = c(5L, 3L
    ), .Dimnames = structure(list(c("-2", "-1", "0", "1", NA), 
        c("A", "G", NA)), .Names = c("", "")), class = "table"), 
        N = 2433L), Tag.Distribution = structure(c(`1` = 82L, 
    `2` = 29L, `3` = 24L, `4` = 18L, `5` = 31L, `6` = 17L, `7` = 16L, 
    `8` = 18L, `9` = 10L, `10` = 14L, `11` = 7L, `12` = 11L, 
    `13` = 6L, `14` = 10L, `15` = 11L, `16` = 3L, `17` = 3L, 
    `18` = 1L, `19` = 2L, `20` = 3L, `21` = 1L, `22` = 2L, `23` = 1L, 
    `24` = 6L, `25` = 2L, `27` = 1L, `28` = 1L, `29` = 2L, `30` = 1L, 
    `32` = 1L, `33` = 1L), .Dim = 31L, .Dimnames = list(TagUsage = c("1", 
    "2", "3", "4", "5", "6", "7", "8", "9", "10", "11", "12", 
    "13", "14", "15", "16", "17", "18", "19", "20", "21", "22", 
    "23", "24", "25", "27", "28", "29", "30", "32", "33")), class = "table"), 
    No.Tag = structure(c(0L, 8L, 95L, 2L, 0L, 0L, 0L, 0L, 0L, 
    0L, 0L, 0L, 4L, 0L, 0L), .Dim = c(5L, 3L), .Dimnames = structure(list(
        c("-2", "-1", "0", "1", NA), c("A", "G", NA)), .Names = c("", 
    "")), class = "table"), All.Tags = list(Concordant = list(
        Freqs = structure(c(0, 3, 250, 0, 0, 0, 0, 0), .Dim = c(4L, 
        2L), .Dimnames = list(c("-2", "-1", "0", "1"), c("A", 
        "G"))), N = 253), Majority = list(Freqs = structure(c(0, 
    3, 325, 0, 0, 0, 0, 0), .Dim = c(4L, 2L), .Dimnames = list(
        c("-2", "-1", "0", "1"), c("A", "G"))), N = 328)), `2` = structure(c(0, 
    1, 250, 0, 0, 0, 0, 0), .Dim = c(4L, 2L), .Dimnames = list(
        c("-2", "-1", "0", "1"), c("A", "G"))))))
