Results <-
list(`bwa.out//20220204//Control24_S17.sam` = list(LR48_SNP1 = list(
    All = list(Freqs = structure(c(1L, 75L, 2241L, 44L, 14L, 
    0L, 0L, 19L, 0L, 0L), .Dim = c(5L, 2L), .Dimnames = structure(list(
        c("-2", "-1", "0", "1", NA), c("C", NA)), .Names = c("", 
    "")), class = "table"), N = 2394L), Tag.Distribution = structure(c(`1` = 56L, 
    `2` = 27L, `3` = 21L, `4` = 16L, `5` = 18L, `6` = 20L, `7` = 16L, 
    `8` = 15L, `9` = 11L, `10` = 8L, `11` = 6L, `12` = 6L, `13` = 7L, 
    `14` = 4L, `15` = 3L, `16` = 5L, `17` = 8L, `18` = 7L, `19` = 3L, 
    `20` = 3L, `21` = 4L, `22` = 6L, `24` = 3L, `25` = 2L, `26` = 3L, 
    `27` = 1L, `29` = 1L, `30` = 1L, `32` = 1L, `34` = 2L, `36` = 1L, 
    `39` = 1L), .Dim = 32L, .Dimnames = list(TagUsage = c("1", 
    "2", "3", "4", "5", "6", "7", "8", "9", "10", "11", "12", 
    "13", "14", "15", "16", "17", "18", "19", "20", "21", "22", 
    "24", "25", "26", "27", "29", "30", "32", "34", "36", "39"
    )), class = "table"), No.Tag = structure(c(0L, 0L, 68L, 0L, 
    0L, 0L, 0L, 2L, 0L, 0L), .Dim = c(5L, 2L), .Dimnames = structure(list(
        c("-2", "-1", "0", "1", NA), c("C", NA)), .Names = c("", 
    "")), class = "table"), All.Tags = list(Concordant = list(
        Freqs = structure(c(0, 4, 200, 1), .Dim = c(4L, 1L), .Dimnames = list(
            c("-2", "-1", "0", "1"), "C")), N = 205), Majority = list(
        Freqs = structure(c(0, 5, 273, 1), .Dim = c(4L, 1L), .Dimnames = list(
            c("-2", "-1", "0", "1"), "C")), N = 279)), `2` = structure(c(0, 
    2, 226, 0), .Dim = c(4L, 1L), .Dimnames = list(c("-2", "-1", 
    "0", "1"), "C")))))
