Results <-
list(`bwa.out//20220204//17D0944_S7.sam` = list(LR36_SNP1 = list(
    All = list(Freqs = structure(c(1L, 19L, 1477L, 15L, 12L, 
    2L, 30L, 1340L, 12L, 12L, 0L, 2L, 95L, 0L, 0L), .Dim = c(5L, 
    3L), .Dimnames = structure(list(c("-2", "-1", "0", "1", NA
    ), c("A", "T", NA)), .Names = c("", "")), class = "table"), 
        N = 3017L), Tag.Distribution = structure(c(`1` = 84L, 
    `2` = 27L, `3` = 25L, `4` = 19L, `5` = 16L, `6` = 13L, `7` = 17L, 
    `8` = 14L, `9` = 16L, `10` = 4L, `11` = 11L, `12` = 9L, `13` = 7L, 
    `14` = 6L, `15` = 6L, `16` = 7L, `17` = 1L, `18` = 1L, `19` = 7L, 
    `20` = 3L, `21` = 3L, `22` = 5L, `23` = 3L, `24` = 3L, `25` = 3L, 
    `26` = 5L, `27` = 2L, `28` = 1L, `29` = 3L, `32` = 3L, `33` = 1L, 
    `34` = 3L, `35` = 1L, `37` = 1L, `38` = 2L, `42` = 1L, `45` = 1L
    ), .Dim = 37L, .Dimnames = list(TagUsage = c("1", "2", "3", 
    "4", "5", "6", "7", "8", "9", "10", "11", "12", "13", "14", 
    "15", "16", "17", "18", "19", "20", "21", "22", "23", "24", 
    "25", "26", "27", "28", "29", "32", "33", "34", "35", "37", 
    "38", "42", "45")), class = "table"), No.Tag = structure(c(0L, 
    1L, 98L, 0L, 1L, 0L, 1L, 51L, 1L, 2L, 0L, 0L, 12L, 0L, 0L
    ), .Dim = c(5L, 3L), .Dimnames = structure(list(c("-2", "-1", 
    "0", "1", NA), c("A", "T", NA)), .Names = c("", "")), class = "table"), 
    All.Tags = list(Concordant = list(Freqs = structure(c(0, 
    2, 144, 1, 0, 1, 121, 2), .Dim = c(4L, 2L), .Dimnames = list(
        c("-2", "-1", "0", "1"), c("A", "T"))), N = 271), Majority = list(
        Freqs = structure(c(0, 2, 171, 1, 0, 3, 150, 2), .Dim = c(4L, 
        2L), .Dimnames = list(c("-2", "-1", "0", "1"), c("A", 
        "T"))), N = 329)), `2` = structure(c(0, 0, 131, 0, 0, 
    2, 116, 0), .Dim = c(4L, 2L), .Dimnames = list(c("-2", "-1", 
    "0", "1"), c("A", "T"))))))
