Results <-
list(`bwa.out//20220204//MLPA01_S9.sam` = list(GM07_SNP1 = list(
    All = list(Freqs = structure(c(177L, 3431L, 97L, 5L, 64L, 
    0L, 1L, 0L, 0L, 0L, 4L, 37L, 1L, 1L, 0L), .Dim = c(5L, 3L
    ), .Dimnames = structure(list(c("-1", "0", "1", "2", NA), 
        c("G", "T", NA)), .Names = c("", "")), class = "table"), 
        N = 3818L), Tag.Distribution = structure(c(`1` = 124L, 
    `2` = 73L, `3` = 60L, `4` = 46L, `5` = 48L, `6` = 41L, `7` = 30L, 
    `8` = 29L, `9` = 28L, `10` = 19L, `11` = 12L, `12` = 19L, 
    `13` = 9L, `14` = 6L, `15` = 11L, `16` = 8L, `17` = 3L, `18` = 4L, 
    `19` = 8L, `20` = 2L, `21` = 4L, `22` = 2L, `23` = 4L, `24` = 2L, 
    `26` = 1L, `27` = 2L, `32` = 1L), .Dim = 27L, .Dimnames = list(
        TagUsage = c("1", "2", "3", "4", "5", "6", "7", "8", 
        "9", "10", "11", "12", "13", "14", "15", "16", "17", 
        "18", "19", "20", "21", "22", "23", "24", "26", "27", 
        "32")), class = "table"), No.Tag = structure(c(6L, 230L, 
    6L, 1L, 11L, 0L, 0L, 0L, 0L, 0L, 0L, 11L, 0L, 0L, 0L), .Dim = c(5L, 
    3L), .Dimnames = structure(list(c("-1", "0", "1", "2", NA
    ), c("G", "T", NA)), .Names = c("", "")), class = "table"), 
    All.Tags = list(Concordant = list(Freqs = structure(c(7, 
    412, 8, 1, 0, 0, 0, 0), .Dim = c(4L, 2L), .Dimnames = list(
        c("-1", "0", "1", "2"), c("G", "T"))), N = 428), Majority = list(
        Freqs = structure(c(7, 558, 11, 1, 0, 0, 0, 0), .Dim = c(4L, 
        2L), .Dimnames = list(c("-1", "0", "1", "2"), c("G", 
        "T"))), N = 577)), `2` = structure(c(5, 452, 4, 0, 0, 
    0, 0, 0), .Dim = c(4L, 2L), .Dimnames = list(c("-1", "0", 
    "1", "2"), c("G", "T"))))))
