Results <-
list(`bwa.out//20220204//BlindCMMRD119_S45.sam` = list(LR11_SNP1 = list(
    All = list(Freqs = structure(c(0L, 56L, 3023L, 22L, 12L, 
    1L, 60L, 2399L, 12L, 12L, 0L, 0L, 37L, 0L, 0L), .Dim = c(5L, 
    3L), .Dimnames = structure(list(c("-2", "-1", "0", "1", NA
    ), c("A", "C", NA)), .Names = c("", "")), class = "table"), 
        N = 5634L), Tag.Distribution = structure(c(`1` = 249L, 
    `2` = 220L, `3` = 150L, `4` = 143L, `5` = 110L, `6` = 79L, 
    `7` = 60L, `8` = 61L, `9` = 34L, `10` = 26L, `11` = 20L, 
    `12` = 23L, `13` = 12L, `14` = 17L, `15` = 7L, `16` = 5L, 
    `17` = 2L, `18` = 1L, `19` = 2L, `20` = 1L, `21` = 1L, `22` = 3L, 
    `23` = 1L, `24` = 1L, `26` = 1L), .Dim = 25L, .Dimnames = list(
        TagUsage = c("1", "2", "3", "4", "5", "6", "7", "8", 
        "9", "10", "11", "12", "13", "14", "15", "16", "17", 
        "18", "19", "20", "21", "22", "23", "24", "26")), class = "table"), 
    No.Tag = structure(c(0L, 2L, 46L, 2L, 1L, 0L, 0L, 29L, 0L, 
    0L, 0L, 0L, 0L, 0L, 0L), .Dim = c(5L, 3L), .Dimnames = structure(list(
        c("-2", "-1", "0", "1", NA), c("A", "C", NA)), .Names = c("", 
    "")), class = "table"), All.Tags = list(Concordant = list(
        Freqs = structure(c(0, 3, 546, 0, 0, 7, 435, 2), .Dim = c(4L, 
        2L), .Dimnames = list(c("-2", "-1", "0", "1"), c("A", 
        "C"))), N = 993), Majority = list(Freqs = structure(c(0, 
    4, 653, 0, 0, 8, 527, 2), .Dim = c(4L, 2L), .Dimnames = list(
        c("-2", "-1", "0", "1"), c("A", "C"))), N = 1194)), `2` = structure(c(0, 
    1, 540, 0, 0, 1, 411, 0), .Dim = c(4L, 2L), .Dimnames = list(
        c("-2", "-1", "0", "1"), c("A", "C"))))))
