Results <-
list(`bwa.out//20220204//BlindCMMRD133_S59.sam` = list(LR20_SNP1 = list(
    All = list(Freqs = structure(c(8L, 5687L, 3L, 2L, 0L, 4L, 
    0L, 0L, 0L, 37L, 1L, 0L), .Dim = 4:3, .Dimnames = structure(list(
        c("-1", "0", "1", NA), c("A", "G", NA)), .Names = c("", 
    "")), class = "table"), N = 5742L), Tag.Distribution = structure(c(`1` = 252L, 
    `2` = 196L, `3` = 193L, `4` = 145L, `5` = 98L, `6` = 84L, 
    `7` = 59L, `8` = 55L, `9` = 34L, `10` = 26L, `11` = 26L, 
    `12` = 10L, `13` = 19L, `14` = 9L, `15` = 8L, `16` = 6L, 
    `17` = 3L, `18` = 3L, `19` = 4L, `20` = 3L, `21` = 4L, `22` = 1L, 
    `23` = 2L, `24` = 1L, `25` = 1L), .Dim = 25L, .Dimnames = list(
        TagUsage = c("1", "2", "3", "4", "5", "6", "7", "8", 
        "9", "10", "11", "12", "13", "14", "15", "16", "17", 
        "18", "19", "20", "21", "22", "23", "24", "25")), class = "table"), 
    No.Tag = structure(c(0L, 84L, 0L, 1L, 0L, 0L, 0L, 0L, 0L, 
    4L, 0L, 0L), .Dim = 4:3, .Dimnames = structure(list(c("-1", 
    "0", "1", NA), c("A", "G", NA)), .Names = c("", "")), class = "table"), 
    All.Tags = list(Concordant = list(Freqs = structure(c(2, 
    1223, 0, 0, 2, 0), .Dim = 3:2, .Dimnames = list(c("-1", "0", 
    "1"), c("A", "G"))), N = 1227), Majority = list(Freqs = structure(c(2, 
    1234, 0, 0, 2, 0), .Dim = 3:2, .Dimnames = list(c("-1", "0", 
    "1"), c("A", "G"))), N = 1238)), `2` = structure(c(0, 990, 
    0, 0, 0, 0), .Dim = 3:2, .Dimnames = list(c("-1", "0", "1"
    ), c("A", "G"))))))
