Results <-
list(`bwa.out//20220204//BlindCMMRD83_S42.sam` = list(DEPDC2_SNP1 = list(
    All = list(Freqs = structure(c(0L, 1L, 0L, 0L, 1L, 1L, 0L, 
    0L, 51L, 6532L, 33L, 22L, 0L, 37L, 0L, 0L), .Dim = c(4L, 
    4L), .Dimnames = structure(list(c("-1", "0", "1", NA), c("A", 
    "C", "T", NA)), .Names = c("", "")), class = "table"), N = 6678L), 
    Tag.Distribution = structure(c(`1` = 203L, `2` = 83L, `3` = 61L, 
    `4` = 45L, `5` = 57L, `6` = 34L, `7` = 44L, `8` = 33L, `9` = 31L, 
    `10` = 27L, `11` = 25L, `12` = 19L, `13` = 21L, `14` = 12L, 
    `15` = 12L, `16` = 17L, `17` = 14L, `18` = 12L, `19` = 12L, 
    `20` = 12L, `21` = 3L, `22` = 5L, `23` = 10L, `24` = 9L, 
    `25` = 9L, `26` = 4L, `27` = 5L, `28` = 4L, `29` = 6L, `30` = 3L, 
    `33` = 1L, `34` = 3L, `35` = 1L, `36` = 1L, `37` = 1L, `41` = 1L, 
    `42` = 1L, `53` = 1L, `67` = 1L), .Dim = 39L, .Dimnames = list(
        TagUsage = c("1", "2", "3", "4", "5", "6", "7", "8", 
        "9", "10", "11", "12", "13", "14", "15", "16", "17", 
        "18", "19", "20", "21", "22", "23", "24", "25", "26", 
        "27", "28", "29", "30", "33", "34", "35", "36", "37", 
        "41", "42", "53", "67")), class = "table"), No.Tag = structure(c(0L, 
    0L, 0L, 0L, 0L, 0L, 0L, 0L, 2L, 103L, 1L, 2L, 0L, 5L, 0L, 
    0L), .Dim = c(4L, 4L), .Dimnames = structure(list(c("-1", 
    "0", "1", NA), c("A", "C", "T", NA)), .Names = c("", "")), class = "table"), 
    All.Tags = list(Concordant = list(Freqs = structure(c(0, 
    0, 0, 1, 1, 0, 3, 769, 3), .Dim = c(3L, 3L), .Dimnames = list(
        c("-1", "0", "1"), c("A", "C", "T"))), N = 777), Majority = list(
        Freqs = structure(c(0, 0, 0, 1, 1, 0, 4, 826, 3), .Dim = c(3L, 
        3L), .Dimnames = list(c("-1", "0", "1"), c("A", "C", 
        "T"))), N = 835)), `2` = structure(c(0, 0, 0, 0, 0, 0, 
    2, 637, 0), .Dim = c(3L, 3L), .Dimnames = list(c("-1", "0", 
    "1"), c("A", "C", "T"))))))
