Results <-
list(`bwa.out//20220204//MLPA80_S12.sam` = list(LR48_SNP1 = list(
    All = list(Freqs = structure(c(0L, 0L, 1L, 0L, 0L, 0L, 2L, 
    108L, 3489L, 46L, 1L, 15L, 0L, 0L, 2L, 0L, 0L, 0L, 0L, 2L, 
    60L, 0L, 0L, 0L), .Dim = c(6L, 4L), .Dimnames = structure(list(
        c("-2", "-1", "0", "1", "2", NA), c("A", "C", "T", NA
        )), .Names = c("", "")), class = "table"), N = 3726L), 
    Tag.Distribution = structure(c(`1` = 100L, `2` = 34L, `3` = 33L, 
    `4` = 37L, `5` = 34L, `6` = 29L, `7` = 23L, `8` = 27L, `9` = 12L, 
    `10` = 16L, `11` = 16L, `12` = 6L, `13` = 9L, `14` = 5L, 
    `15` = 7L, `16` = 6L, `17` = 9L, `18` = 8L, `19` = 5L, `20` = 5L, 
    `21` = 7L, `22` = 6L, `23` = 2L, `24` = 9L, `25` = 4L, `26` = 5L, 
    `27` = 1L, `28` = 5L, `29` = 2L, `31` = 1L, `32` = 1L, `34` = 1L, 
    `37` = 1L), .Dim = 33L, .Dimnames = list(TagUsage = c("1", 
    "2", "3", "4", "5", "6", "7", "8", "9", "10", "11", "12", 
    "13", "14", "15", "16", "17", "18", "19", "20", "21", "22", 
    "23", "24", "25", "26", "27", "28", "29", "31", "32", "34", 
    "37")), class = "table"), No.Tag = structure(c(0L, 0L, 0L, 
    0L, 0L, 0L, 0L, 2L, 59L, 1L, 0L, 1L, 0L, 0L, 1L, 0L, 0L, 
    0L, 0L, 0L, 0L, 0L, 0L, 0L), .Dim = c(6L, 4L), .Dimnames = structure(list(
        c("-2", "-1", "0", "1", "2", NA), c("A", "C", "T", NA
        )), .Names = c("", "")), class = "table"), All.Tags = list(
        Concordant = list(Freqs = structure(c(0, 0, 0, 0, 0, 
        0, 3, 349, 2, 0, 0, 0, 0, 0, 0), .Dim = c(5L, 3L), .Dimnames = list(
            c("-2", "-1", "0", "1", "2"), c("A", "C", "T"))), 
            N = 354), Majority = list(Freqs = structure(c(0, 
        0, 0, 0, 0, 0, 4, 449, 2, 0, 0, 0, 0, 0, 0), .Dim = c(5L, 
        3L), .Dimnames = list(c("-2", "-1", "0", "1", "2"), c("A", 
        "C", "T"))), N = 455)), `2` = structure(c(0, 0, 0, 0, 
    0, 0, 1, 362, 0, 0, 0, 0, 0, 0, 0), .Dim = c(5L, 3L), .Dimnames = list(
        c("-2", "-1", "0", "1", "2"), c("A", "C", "T"))))))
