Results <-
list(`bwa.out//20220204//BlindCMMRD118_S44.sam` = list(GM22_SNP1 = list(
    All = list(Freqs = structure(c(2L, 34L, 2443L, 10L, 7L, 1L, 
    30L, 2087L, 6L, 6L, 0L, 0L, 1L, 0L, 0L, 0L, 0L, 51L, 0L, 
    0L), .Dim = 5:4, .Dimnames = structure(list(c("-2", "-1", 
    "0", "1", NA), c("A", "G", "T", NA)), .Names = c("", "")), class = "table"), 
        N = 4678L), Tag.Distribution = structure(c(`1` = 221L, 
    `2` = 163L, `3` = 158L, `4` = 116L, `5` = 107L, `6` = 83L, 
    `7` = 54L, `8` = 35L, `9` = 34L, `10` = 30L, `11` = 20L, 
    `12` = 10L, `13` = 10L, `14` = 5L, `15` = 5L, `16` = 2L, 
    `17` = 4L, `18` = 1L, `20` = 1L, `22` = 1L, `25` = 1L), .Dim = 21L, .Dimnames = list(
        TagUsage = c("1", "2", "3", "4", "5", "6", "7", "8", 
        "9", "10", "11", "12", "13", "14", "15", "16", "17", 
        "18", "20", "22", "25")), class = "table"), No.Tag = structure(c(0L, 
    0L, 58L, 1L, 0L, 0L, 2L, 33L, 0L, 1L, 0L, 0L, 0L, 0L, 0L, 
    0L, 0L, 1L, 0L, 0L), .Dim = 5:4, .Dimnames = structure(list(
        c("-2", "-1", "0", "1", NA), c("A", "G", "T", NA)), .Names = c("", 
    "")), class = "table"), All.Tags = list(Concordant = list(
        Freqs = structure(c(0, 2, 490, 0, 0, 1, 402, 0, 0, 0, 
        0, 0), .Dim = 4:3, .Dimnames = list(c("-2", "-1", "0", 
        "1"), c("A", "G", "T"))), N = 895), Majority = list(Freqs = structure(c(0, 
    3, 563, 0, 0, 2, 474, 0, 0, 0, 0, 0), .Dim = 4:3, .Dimnames = list(
        c("-2", "-1", "0", "1"), c("A", "G", "T"))), N = 1042)), 
    `2` = structure(c(0, 1, 442, 0, 0, 1, 383, 0, 0, 0, 0, 0), .Dim = 4:3, .Dimnames = list(
        c("-2", "-1", "0", "1"), c("A", "G", "T"))))))
