Results <-
list(`bwa.out//20220204//BlindCMMRD81_S40.sam` = list(LR48_SNP1 = list(
    All = list(Freqs = structure(c(0L, 49L, 2288L, 37L, 1L, 16L, 
    1L, 45L, 1930L, 13L, 0L, 4L, 0L, 3L, 90L, 0L, 0L, 0L), .Dim = c(6L, 
    3L), .Dimnames = structure(list(c("-2", "-1", "0", "1", "2", 
    NA), c("C", "T", NA)), .Names = c("", "")), class = "table"), 
        N = 4477L), Tag.Distribution = structure(c(`1` = 79L, 
    `2` = 20L, `3` = 33L, `4` = 31L, `5` = 17L, `6` = 32L, `7` = 29L, 
    `8` = 16L, `9` = 16L, `10` = 17L, `11` = 17L, `12` = 10L, 
    `13` = 9L, `14` = 7L, `15` = 9L, `16` = 7L, `17` = 7L, `18` = 11L, 
    `19` = 13L, `20` = 9L, `21` = 3L, `22` = 9L, `23` = 5L, `24` = 4L, 
    `25` = 3L, `26` = 2L, `27` = 3L, `28` = 4L, `29` = 4L, `30` = 3L, 
    `31` = 2L, `32` = 3L, `33` = 1L, `34` = 3L, `35` = 2L, `36` = 2L, 
    `37` = 1L, `38` = 1L, `39` = 1L), .Dim = 39L, .Dimnames = list(
        TagUsage = c("1", "2", "3", "4", "5", "6", "7", "8", 
        "9", "10", "11", "12", "13", "14", "15", "16", "17", 
        "18", "19", "20", "21", "22", "23", "24", "25", "26", 
        "27", "28", "29", "30", "31", "32", "33", "34", "35", 
        "36", "37", "38", "39")), class = "table"), No.Tag = structure(c(0L, 
    4L, 89L, 0L, 0L, 1L, 0L, 1L, 51L, 0L, 0L, 0L, 0L, 0L, 7L, 
    0L, 0L, 0L), .Dim = c(6L, 3L), .Dimnames = structure(list(
        c("-2", "-1", "0", "1", "2", NA), c("C", "T", NA)), .Names = c("", 
    "")), class = "table"), All.Tags = list(Concordant = list(
        Freqs = structure(c(0, 0, 180, 0, 0, 0, 2, 154, 0, 0), .Dim = c(5L, 
        2L), .Dimnames = list(c("-2", "-1", "0", "1", "2"), c("C", 
        "T"))), N = 336), Majority = list(Freqs = structure(c(0, 
    0, 235, 1, 0, 0, 2, 192, 0, 0), .Dim = c(5L, 2L), .Dimnames = list(
        c("-2", "-1", "0", "1", "2"), c("C", "T"))), N = 430)), 
    `2` = structure(c(0, 0, 196, 1, 0, 0, 0, 168, 0, 0), .Dim = c(5L, 
    2L), .Dimnames = list(c("-2", "-1", "0", "1", "2"), c("C", 
    "T"))))))
