Results <-
list(`bwa.out//20220204//Control13_S6.sam` = list(GM17_SNP1 = list(
    All = list(Freqs = structure(c(0L, 1L, 0L, 0L, 4L, 1130L, 
    3L, 3L, 13L, 1205L, 3L, 0L, 0L, 9L, 0L, 0L), .Dim = c(4L, 
    4L), .Dimnames = structure(list(c("-1", "0", "1", NA), c("A", 
    "C", "T", NA)), .Names = c("", "")), class = "table"), N = 2371L), 
    Tag.Distribution = structure(c(`1` = 95L, `2` = 44L, `3` = 33L, 
    `4` = 34L, `5` = 21L, `6` = 19L, `7` = 14L, `8` = 13L, `9` = 19L, 
    `10` = 11L, `11` = 17L, `12` = 8L, `13` = 6L, `14` = 6L, 
    `15` = 4L, `16` = 4L, `17` = 4L, `18` = 6L, `19` = 3L, `20` = 4L, 
    `21` = 2L, `22` = 2L, `23` = 2L, `25` = 1L, `27` = 1L, `28` = 3L, 
    `29` = 2L), .Dim = 27L, .Dimnames = list(TagUsage = c("1", 
    "2", "3", "4", "5", "6", "7", "8", "9", "10", "11", "12", 
    "13", "14", "15", "16", "17", "18", "19", "20", "21", "22", 
    "23", "25", "27", "28", "29")), class = "table"), No.Tag = structure(c(0L, 
    0L, 0L, 0L, 0L, 11L, 0L, 0L, 0L, 31L, 0L, 0L, 0L, 1L, 0L, 
    0L), .Dim = c(4L, 4L), .Dimnames = structure(list(c("-1", 
    "0", "1", NA), c("A", "C", "T", NA)), .Names = c("", "")), class = "table"), 
    All.Tags = list(Concordant = list(Freqs = structure(c(0, 
    0, 0, 0, 177, 1, 1, 160, 0), .Dim = c(3L, 3L), .Dimnames = list(
        c("-1", "0", "1"), c("A", "C", "T"))), N = 339), Majority = list(
        Freqs = structure(c(0, 0, 0, 0, 192, 1, 1, 181, 0), .Dim = c(3L, 
        3L), .Dimnames = list(c("-1", "0", "1"), c("A", "C", 
        "T"))), N = 375)), `2` = structure(c(0, 0, 0, 0, 142, 
    0, 0, 138, 0), .Dim = c(3L, 3L), .Dimnames = list(c("-1", 
    "0", "1"), c("A", "C", "T"))))))
