Results <-
list(`bwa.out//20220204//BlindCMMRD87_S46.sam` = list(GM09_SNP1 = list(
    All = list(Freqs = structure(c(0L, 1L, 0L, 0L, 61L, 7306L, 
    19L, 4L, 0L, 54L, 0L, 0L), .Dim = 4:3, .Dimnames = structure(list(
        c("-1", "0", "1", NA), c("A", "G", NA)), .Names = c("", 
    "")), class = "table"), N = 7445L), Tag.Distribution = structure(c(`1` = 115L, 
    `2` = 35L, `3` = 33L, `4` = 30L, `5` = 27L, `6` = 25L, `7` = 19L, 
    `8` = 19L, `9` = 17L, `10` = 18L, `11` = 22L, `12` = 18L, 
    `13` = 17L, `14` = 10L, `15` = 12L, `16` = 10L, `17` = 11L, 
    `18` = 5L, `19` = 8L, `20` = 8L, `21` = 11L, `22` = 8L, `23` = 4L, 
    `24` = 8L, `25` = 6L, `26` = 5L, `27` = 10L, `28` = 3L, `29` = 7L, 
    `30` = 2L, `31` = 8L, `32` = 5L, `33` = 7L, `34` = 5L, `35` = 4L, 
    `36` = 1L, `37` = 2L, `38` = 4L, `39` = 8L, `41` = 1L, `42` = 2L, 
    `43` = 2L, `46` = 2L, `48` = 2L, `49` = 3L, `50` = 1L, `52` = 4L, 
    `54` = 1L, `55` = 1L, `57` = 1L, `60` = 1L, `65` = 1L, `70` = 1L
    ), .Dim = 53L, .Dimnames = list(TagUsage = c("1", "2", "3", 
    "4", "5", "6", "7", "8", "9", "10", "11", "12", "13", "14", 
    "15", "16", "17", "18", "19", "20", "21", "22", "23", "24", 
    "25", "26", "27", "28", "29", "30", "31", "32", "33", "34", 
    "35", "36", "37", "38", "39", "41", "42", "43", "46", "48", 
    "49", "50", "52", "54", "55", "57", "60", "65", "70")), class = "table"), 
    No.Tag = structure(c(0L, 0L, 0L, 0L, 1L, 104L, 2L, 1L, 0L, 
    6L, 0L, 0L), .Dim = 4:3, .Dimnames = structure(list(c("-1", 
    "0", "1", NA), c("A", "G", NA)), .Names = c("", "")), class = "table"), 
    All.Tags = list(Concordant = list(Freqs = structure(c(0, 
    1, 0, 2, 533, 0), .Dim = 3:2, .Dimnames = list(c("-1", "0", 
    "1"), c("A", "G"))), N = 536), Majority = list(Freqs = structure(c(0, 
    1, 0, 2, 575, 0), .Dim = 3:2, .Dimnames = list(c("-1", "0", 
    "1"), c("A", "G"))), N = 578)), `2` = structure(c(0, 0, 0, 
    1, 474, 0), .Dim = 3:2, .Dimnames = list(c("-1", "0", "1"
    ), c("A", "G"))))))
