Results <-
list(`bwa.out//20220204//BlindCMMRD92_S51.sam` = list(LR36_SNP1 = list(
    All = list(Freqs = structure(c(3L, 33L, 1462L, 10L, 13L, 
    2L, 30L, 1508L, 14L, 4L, 0L, 0L, 113L, 0L, 0L), .Dim = c(5L, 
    3L), .Dimnames = structure(list(c("-2", "-1", "0", "1", NA
    ), c("A", "T", NA)), .Names = c("", "")), class = "table"), 
        N = 3192L), Tag.Distribution = structure(c(`1` = 86L, 
    `2` = 38L, `3` = 32L, `4` = 25L, `5` = 19L, `6` = 21L, `7` = 25L, 
    `8` = 20L, `9` = 26L, `10` = 12L, `11` = 10L, `12` = 13L, 
    `13` = 7L, `14` = 7L, `15` = 8L, `16` = 7L, `17` = 6L, `18` = 3L, 
    `19` = 2L, `20` = 2L, `21` = 10L, `22` = 5L, `23` = 3L, `24` = 2L, 
    `25` = 3L, `26` = 1L, `27` = 3L, `28` = 3L, `29` = 1L, `31` = 1L, 
    `41` = 2L), .Dim = 31L, .Dimnames = list(TagUsage = c("1", 
    "2", "3", "4", "5", "6", "7", "8", "9", "10", "11", "12", 
    "13", "14", "15", "16", "17", "18", "19", "20", "21", "22", 
    "23", "24", "25", "26", "27", "28", "29", "31", "41")), class = "table"), 
    No.Tag = structure(c(0L, 0L, 64L, 0L, 3L, 0L, 0L, 74L, 1L, 
    1L, 0L, 0L, 15L, 0L, 0L), .Dim = c(5L, 3L), .Dimnames = structure(list(
        c("-2", "-1", "0", "1", NA), c("A", "T", NA)), .Names = c("", 
    "")), class = "table"), All.Tags = list(Concordant = list(
        Freqs = structure(c(0, 3, 157, 0, 0, 0, 161, 1), .Dim = c(4L, 
        2L), .Dimnames = list(c("-2", "-1", "0", "1"), c("A", 
        "T"))), N = 322), Majority = list(Freqs = structure(c(0, 
    3, 196, 0, 0, 0, 196, 1), .Dim = c(4L, 2L), .Dimnames = list(
        c("-2", "-1", "0", "1"), c("A", "T"))), N = 396)), `2` = structure(c(0, 
    1, 160, 0, 0, 0, 152, 0), .Dim = c(4L, 2L), .Dimnames = list(
        c("-2", "-1", "0", "1"), c("A", "T"))))))
