Results <-
list(`bwa.out//20220204//BlindCMMRD47_S7.sam` = list(LR49_SNP1 = list(
    All = list(Freqs = structure(c(6L, 1420L, 0L, 0L, 1L, 0L, 
    1L, 1388L, 2L, 0L, 16L, 0L), .Dim = 3:4, .Dimnames = structure(list(
        c("-1", "0", NA), c("A", "C", "G", NA)), .Names = c("", 
    "")), class = "table"), N = 2834L), Tag.Distribution = structure(c(`1` = 78L, 
    `2` = 17L, `3` = 18L, `4` = 20L, `5` = 14L, `6` = 9L, `7` = 15L, 
    `8` = 10L, `9` = 9L, `10` = 9L, `11` = 10L, `12` = 4L, `13` = 6L, 
    `14` = 8L, `15` = 5L, `16` = 5L, `17` = 9L, `18` = 2L, `19` = 6L, 
    `20` = 4L, `21` = 4L, `23` = 4L, `24` = 1L, `25` = 4L, `26` = 1L, 
    `27` = 1L, `28` = 2L, `30` = 1L, `32` = 2L, `33` = 1L, `34` = 1L, 
    `35` = 1L, `37` = 2L, `38` = 2L, `44` = 1L, `45` = 2L, `46` = 1L, 
    `47` = 1L, `49` = 1L, `55` = 1L), .Dim = 40L, .Dimnames = list(
        TagUsage = c("1", "2", "3", "4", "5", "6", "7", "8", 
        "9", "10", "11", "12", "13", "14", "15", "16", "17", 
        "18", "19", "20", "21", "23", "24", "25", "26", "27", 
        "28", "30", "32", "33", "34", "35", "37", "38", "44", 
        "45", "46", "47", "49", "55")), class = "table"), No.Tag = structure(c(0L, 
    72L, 0L, 0L, 0L, 0L, 0L, 61L, 0L, 0L, 3L, 0L), .Dim = 3:4, .Dimnames = structure(list(
        c("-1", "0", NA), c("A", "C", "G", NA)), .Names = c("", 
    "")), class = "table"), All.Tags = list(Concordant = list(
        Freqs = structure(c(0, 131, 0, 0, 0, 139), .Dim = 2:3, .Dimnames = list(
            c("-1", "0"), c("A", "C", "G"))), N = 270), Majority = list(
        Freqs = structure(c(0, 141, 0, 0, 0, 148), .Dim = 2:3, .Dimnames = list(
            c("-1", "0"), c("A", "C", "G"))), N = 289)), `2` = structure(c(0, 
    108, 0, 0, 0, 106), .Dim = 2:3, .Dimnames = list(c("-1", 
    "0"), c("A", "C", "G"))))))
