Results <-
list(`bwa.out//20220204//BlindCMMRD89_S48.sam` = list(LR11_SNP1 = list(
    All = list(Freqs = structure(c(0L, 0L, 0L, 2L, 0L, 0L, 1L, 
    1L, 71L, 3995L, 35L, 7L, 0L, 0L, 3L, 130L, 3L, 0L), .Dim = c(6L, 
    3L), .Dimnames = structure(list(c("-3", "-2", "-1", "0", 
    "1", NA), c("A", "C", NA)), .Names = c("", "")), class = "table"), 
        N = 4248L), Tag.Distribution = structure(c(`1` = 106L, 
    `2` = 61L, `3` = 41L, `4` = 53L, `5` = 33L, `6` = 28L, `7` = 37L, 
    `8` = 23L, `9` = 27L, `10` = 22L, `11` = 20L, `12` = 16L, 
    `13` = 17L, `14` = 13L, `15` = 15L, `16` = 8L, `17` = 8L, 
    `18` = 8L, `19` = 4L, `20` = 8L, `21` = 8L, `22` = 5L, `23` = 2L, 
    `24` = 2L, `25` = 4L, `26` = 2L, `27` = 1L, `34` = 1L, `36` = 1L, 
    `45` = 2L), .Dim = 30L, .Dimnames = list(TagUsage = c("1", 
    "2", "3", "4", "5", "6", "7", "8", "9", "10", "11", "12", 
    "13", "14", "15", "16", "17", "18", "19", "20", "21", "22", 
    "23", "24", "25", "26", "27", "34", "36", "45")), class = "table"), 
    No.Tag = structure(c(0L, 0L, 0L, 0L, 0L, 0L, 0L, 0L, 2L, 
    44L, 1L, 0L, 0L, 0L, 0L, 4L, 0L, 0L), .Dim = c(6L, 3L), .Dimnames = structure(list(
        c("-3", "-2", "-1", "0", "1", NA), c("A", "C", NA)), .Names = c("", 
    "")), class = "table"), All.Tags = list(Concordant = list(
        Freqs = structure(c(0, 0, 0, 2, 0, 0, 1, 0, 494, 1), .Dim = c(5L, 
        2L), .Dimnames = list(c("-3", "-2", "-1", "0", "1"), 
            c("A", "C"))), N = 498), Majority = list(Freqs = structure(c(0, 
    0, 0, 2, 0, 0, 1, 0, 565, 1), .Dim = c(5L, 2L), .Dimnames = list(
        c("-3", "-2", "-1", "0", "1"), c("A", "C"))), N = 569)), 
    `2` = structure(c(0, 0, 0, 0, 0, 0, 0, 0, 467, 1), .Dim = c(5L, 
    2L), .Dimnames = list(c("-3", "-2", "-1", "0", "1"), c("A", 
    "C"))))))
