Results <-
list(`bwa.out//20220204//Control20_S13.sam` = list(LR36_SNP1 = list(
    All = list(Freqs = structure(c(0L, 0L, 4L, 0L, 0L, 1L, 57L, 
    2085L, 20L, 6L, 0L, 0L, 79L, 4L, 0L), .Dim = c(5L, 3L), .Dimnames = structure(list(
        c("-2", "-1", "0", "1", NA), c("A", "T", NA)), .Names = c("", 
    "")), class = "table"), N = 2256L), Tag.Distribution = structure(c(`1` = 62L, 
    `2` = 54L, `3` = 40L, `4` = 34L, `5` = 33L, `6` = 20L, `7` = 15L, 
    `8` = 16L, `9` = 9L, `10` = 12L, `11` = 11L, `12` = 5L, `13` = 4L, 
    `14` = 6L, `15` = 3L, `16` = 2L, `17` = 6L, `18` = 5L, `21` = 2L, 
    `22` = 1L, `23` = 1L, `24` = 3L, `25` = 1L, `27` = 1L, `29` = 1L, 
    `40` = 1L), .Dim = 26L, .Dimnames = list(TagUsage = c("1", 
    "2", "3", "4", "5", "6", "7", "8", "9", "10", "11", "12", 
    "13", "14", "15", "16", "17", "18", "21", "22", "23", "24", 
    "25", "27", "29", "40")), class = "table"), No.Tag = structure(c(0L, 
    0L, 0L, 0L, 0L, 0L, 5L, 214L, 5L, 2L, 0L, 0L, 19L, 0L, 0L
    ), .Dim = c(5L, 3L), .Dimnames = structure(list(c("-2", "-1", 
    "0", "1", NA), c("A", "T", NA)), .Names = c("", "")), class = "table"), 
    All.Tags = list(Concordant = list(Freqs = structure(c(0, 
    0, 2, 0, 0, 0, 289, 1), .Dim = c(4L, 2L), .Dimnames = list(
        c("-2", "-1", "0", "1"), c("A", "T"))), N = 292), Majority = list(
        Freqs = structure(c(0, 0, 2, 0, 0, 2, 335, 1), .Dim = c(4L, 
        2L), .Dimnames = list(c("-2", "-1", "0", "1"), c("A", 
        "T"))), N = 340)), `2` = structure(c(0, 0, 0, 0, 0, 2, 
    280, 0), .Dim = c(4L, 2L), .Dimnames = list(c("-2", "-1", 
    "0", "1"), c("A", "T"))))))
