Results <-
list(`bwa.out//20220204//BlindCMMRD96_S55.sam` = list(GM09_SNP1 = list(
    All = list(Freqs = structure(c(11L, 2389L, 0L, 1L, 13L, 2242L, 
    4L, 1L, 0L, 32L, 0L, 0L), .Dim = 4:3, .Dimnames = structure(list(
        c("-1", "0", "1", NA), c("A", "G", NA)), .Names = c("", 
    "")), class = "table"), N = 4693L), Tag.Distribution = structure(c(`1` = 182L, 
    `2` = 89L, `3` = 67L, `4` = 53L, `5` = 54L, `6` = 38L, `7` = 31L, 
    `8` = 29L, `9` = 36L, `10` = 23L, `11` = 22L, `12` = 12L, 
    `13` = 15L, `14` = 14L, `15` = 10L, `16` = 12L, `17` = 14L, 
    `18` = 7L, `19` = 7L, `20` = 6L, `21` = 2L, `22` = 3L, `23` = 6L, 
    `24` = 2L, `25` = 5L, `27` = 1L, `29` = 2L, `32` = 1L, `35` = 1L, 
    `37` = 1L), .Dim = 30L, .Dimnames = list(TagUsage = c("1", 
    "2", "3", "4", "5", "6", "7", "8", "9", "10", "11", "12", 
    "13", "14", "15", "16", "17", "18", "19", "20", "21", "22", 
    "23", "24", "25", "27", "29", "32", "35", "37")), class = "table"), 
    No.Tag = structure(c(0L, 31L, 0L, 0L, 0L, 38L, 0L, 1L, 0L, 
    5L, 0L, 0L), .Dim = 4:3, .Dimnames = structure(list(c("-1", 
    "0", "1", NA), c("A", "G", NA)), .Names = c("", "")), class = "table"), 
    All.Tags = list(Concordant = list(Freqs = structure(c(0, 
    344, 0, 0, 315, 1), .Dim = 3:2, .Dimnames = list(c("-1", 
    "0", "1"), c("A", "G"))), N = 660), Majority = list(Freqs = structure(c(0, 
    372, 0, 0, 353, 1), .Dim = 3:2, .Dimnames = list(c("-1", 
    "0", "1"), c("A", "G"))), N = 726)), `2` = structure(c(0, 
    282, 0, 0, 272, 0), .Dim = 3:2, .Dimnames = list(c("-1", 
    "0", "1"), c("A", "G"))))))
