Results <-
list(`bwa.out//20220204//BlindCMMRD93_S52.sam` = list(GM29_SNP1 = list(
    All = list(Freqs = structure(c(2L, 33L, 1427L, 8L, 2L, 0L, 
    19L, 1410L, 6L, 4L, 0L, 1L, 24L, 0L, 0L), .Dim = c(5L, 3L
    ), .Dimnames = structure(list(c("-2", "-1", "0", "1", NA), 
        c("A", "G", NA)), .Names = c("", "")), class = "table"), 
        N = 2936L), Tag.Distribution = structure(c(`1` = 103L, 
    `2` = 48L, `3` = 40L, `4` = 35L, `5` = 30L, `6` = 29L, `7` = 33L, 
    `8` = 20L, `9` = 12L, `10` = 16L, `11` = 20L, `12` = 10L, 
    `13` = 9L, `14` = 8L, `15` = 8L, `16` = 10L, `17` = 4L, `18` = 5L, 
    `19` = 6L, `21` = 2L, `22` = 2L, `24` = 1L, `25` = 1L, `27` = 1L, 
    `28` = 3L, `29` = 1L, `52` = 1L), .Dim = 27L, .Dimnames = list(
        TagUsage = c("1", "2", "3", "4", "5", "6", "7", "8", 
        "9", "10", "11", "12", "13", "14", "15", "16", "17", 
        "18", "19", "21", "22", "24", "25", "27", "28", "29", 
        "52")), class = "table"), No.Tag = structure(c(0L, 0L, 
    13L, 0L, 0L, 0L, 0L, 32L, 0L, 1L, 0L, 0L, 0L, 0L, 0L), .Dim = c(5L, 
    3L), .Dimnames = structure(list(c("-2", "-1", "0", "1", NA
    ), c("A", "G", NA)), .Names = c("", "")), class = "table"), 
    All.Tags = list(Concordant = list(Freqs = structure(c(0, 
    1, 186, 0, 0, 0, 181, 0), .Dim = c(4L, 2L), .Dimnames = list(
        c("-2", "-1", "0", "1"), c("A", "G"))), N = 368), Majority = list(
        Freqs = structure(c(0, 2, 229, 0, 0, 0, 216, 0), .Dim = c(4L, 
        2L), .Dimnames = list(c("-2", "-1", "0", "1"), c("A", 
        "G"))), N = 447)), `2` = structure(c(0, 2, 172, 0, 0, 
    0, 174, 0), .Dim = c(4L, 2L), .Dimnames = list(c("-2", "-1", 
    "0", "1"), c("A", "G"))))))
