Results <-
list(`bwa.out//20220204//BlindCMMRD77_S36.sam` = list(LR48_SNP1 = list(
    All = list(Freqs = structure(c(4L, 121L, 3959L, 39L, 1L, 
    27L, 0L, 0L, 1L, 0L, 0L, 0L, 0L, 2L, 77L, 1L, 0L, 0L), .Dim = c(6L, 
    3L), .Dimnames = structure(list(c("-2", "-1", "0", "1", "2", 
    NA), c("C", "T", NA)), .Names = c("", "")), class = "table"), 
        N = 4232L), Tag.Distribution = structure(c(`1` = 93L, 
    `2` = 21L, `3` = 25L, `4` = 25L, `5` = 26L, `6` = 19L, `7` = 18L, 
    `8` = 23L, `9` = 18L, `10` = 14L, `11` = 9L, `12` = 15L, 
    `13` = 12L, `14` = 5L, `15` = 11L, `16` = 10L, `17` = 3L, 
    `18` = 7L, `19` = 11L, `20` = 9L, `21` = 8L, `22` = 11L, 
    `23` = 6L, `24` = 4L, `25` = 5L, `26` = 5L, `27` = 2L, `28` = 2L, 
    `29` = 3L, `30` = 2L, `31` = 2L, `32` = 3L, `33` = 1L, `35` = 1L, 
    `37` = 3L, `39` = 1L, `42` = 1L, `45` = 1L), .Dim = 38L, .Dimnames = list(
        TagUsage = c("1", "2", "3", "4", "5", "6", "7", "8", 
        "9", "10", "11", "12", "13", "14", "15", "16", "17", 
        "18", "19", "20", "21", "22", "23", "24", "25", "26", 
        "27", "28", "29", "30", "31", "32", "33", "35", "37", 
        "39", "42", "45")), class = "table"), No.Tag = structure(c(0L, 
    1L, 42L, 0L, 0L, 0L, 0L, 0L, 0L, 0L, 0L, 0L, 0L, 0L, 8L, 
    0L, 0L, 0L), .Dim = c(6L, 3L), .Dimnames = structure(list(
        c("-2", "-1", "0", "1", "2", NA), c("C", "T", NA)), .Names = c("", 
    "")), class = "table"), All.Tags = list(Concordant = list(
        Freqs = structure(c(0, 3, 319, 1, 0, 0, 0, 1, 0, 0), .Dim = c(5L, 
        2L), .Dimnames = list(c("-2", "-1", "0", "1", "2"), c("C", 
        "T"))), N = 324), Majority = list(Freqs = structure(c(0, 
    4, 416, 1, 0, 0, 0, 1, 0, 0), .Dim = c(5L, 2L), .Dimnames = list(
        c("-2", "-1", "0", "1", "2"), c("C", "T"))), N = 422)), 
    `2` = structure(c(0, 1, 337, 0, 0, 0, 0, 0, 0, 0), .Dim = c(5L, 
    2L), .Dimnames = list(c("-2", "-1", "0", "1", "2"), c("C", 
    "T"))))))
