Results <-
list(`bwa.out//20220204//MLPA80_S12.sam` = list(LR17_SNP1 = list(
    All = list(Freqs = structure(c(4L, 118L, 2905L, 36L, 1L, 
    19L, 0L, 4L, 247L, 1L, 0L, 0L), .Dim = c(6L, 2L), .Dimnames = structure(list(
        c("-2", "-1", "0", "1", "2", NA), c("A", NA)), .Names = c("", 
    "")), class = "table"), N = 3335L), Tag.Distribution = structure(c(`1` = 111L, 
    `2` = 45L, `3` = 34L, `4` = 44L, `5` = 25L, `6` = 21L, `7` = 21L, 
    `8` = 24L, `9` = 18L, `10` = 11L, `11` = 17L, `12` = 7L, 
    `13` = 14L, `14` = 6L, `15` = 12L, `16` = 7L, `17` = 7L, 
    `18` = 6L, `19` = 3L, `20` = 9L, `21` = 5L, `22` = 2L, `23` = 3L, 
    `24` = 3L, `25` = 2L, `26` = 2L, `27` = 1L, `28` = 1L, `29` = 1L, 
    `30` = 1L, `31` = 2L, `51` = 1L), .Dim = 32L, .Dimnames = list(
        TagUsage = c("1", "2", "3", "4", "5", "6", "7", "8", 
        "9", "10", "11", "12", "13", "14", "15", "16", "17", 
        "18", "19", "20", "21", "22", "23", "24", "25", "26", 
        "27", "28", "29", "30", "31", "51")), class = "table"), 
    No.Tag = structure(c(0L, 2L, 67L, 1L, 0L, 2L, 0L, 0L, 10L, 
    0L, 0L, 0L), .Dim = c(6L, 2L), .Dimnames = structure(list(
        c("-2", "-1", "0", "1", "2", NA), c("A", NA)), .Names = c("", 
    "")), class = "table"), All.Tags = list(Concordant = list(
        Freqs = structure(c(1, 7, 355, 0, 0), .Dim = c(5L, 1L
        ), .Dimnames = list(c("-2", "-1", "0", "1", "2"), "A")), 
        N = 363), Majority = list(Freqs = structure(c(1, 8, 444, 
    0, 0), .Dim = c(5L, 1L), .Dimnames = list(c("-2", "-1", "0", 
    "1", "2"), "A")), N = 453)), `2` = structure(c(0, 2, 348, 
    0, 0), .Dim = c(5L, 1L), .Dimnames = list(c("-2", "-1", "0", 
    "1", "2"), "A")))))
