Results <-
list(`bwa.out//20220204//BlindCMMRD75_S34.sam` = list(GM07_SNP1 = list(
    All = list(Freqs = structure(c(0L, 1L, 0L, 0L, 0L, 0L, 0L, 
    3L, 221L, 4134L, 112L, 2L, 1L, 60L, 0L, 0L, 1L, 0L, 0L, 0L, 
    1L, 0L, 0L, 5L, 0L, 0L, 0L, 1L, 0L, 3L, 42L, 0L, 0L, 0L, 
    0L), .Dim = c(7L, 5L), .Dimnames = structure(list(c("-2", 
    "-1", "0", "1", "2", "3", NA), c("-", "A", "C", "G", NA)), .Names = c("", 
    "")), class = "table"), N = 4587L), Tag.Distribution = structure(c(`1` = 108L, 
    `2` = 50L, `3` = 52L, `4` = 42L, `5` = 51L, `6` = 38L, `7` = 27L, 
    `8` = 28L, `9` = 28L, `10` = 28L, `11` = 12L, `12` = 8L, 
    `13` = 11L, `14` = 16L, `15` = 6L, `16` = 9L, `17` = 6L, 
    `18` = 9L, `19` = 3L, `20` = 6L, `21` = 3L, `22` = 7L, `23` = 6L, 
    `24` = 1L, `25` = 8L, `26` = 5L, `27` = 1L, `28` = 4L, `29` = 1L, 
    `30` = 2L, `32` = 1L, `34` = 2L, `44` = 1L), .Dim = 33L, .Dimnames = list(
        TagUsage = c("1", "2", "3", "4", "5", "6", "7", "8", 
        "9", "10", "11", "12", "13", "14", "15", "16", "17", 
        "18", "19", "20", "21", "22", "23", "24", "25", "26", 
        "27", "28", "29", "30", "32", "34", "44")), class = "table"), 
    No.Tag = structure(c(0L, 1L, 0L, 0L, 0L, 0L, 0L, 0L, 5L, 
    251L, 2L, 0L, 0L, 9L, 0L, 0L, 1L, 0L, 0L, 0L, 1L, 0L, 0L, 
    0L, 0L, 0L, 0L, 0L, 0L, 0L, 6L, 0L, 0L, 0L, 0L), .Dim = c(7L, 
    5L), .Dimnames = structure(list(c("-2", "-1", "0", "1", "2", 
    "3", NA), c("-", "A", "C", "G", NA)), .Names = c("", "")), class = "table"), 
    All.Tags = list(Concordant = list(Freqs = structure(c(0, 
    0, 0, 0, 0, 0, 0, 6, 381, 2, 0, 0, 0, 0, 0, 0, 0, 0, 0, 0, 
    3, 0, 0, 0), .Dim = c(6L, 4L), .Dimnames = list(c("-2", "-1", 
    "0", "1", "2", "3"), c("-", "A", "C", "G"))), N = 392), Majority = list(
        Freqs = structure(c(0, 0, 0, 0, 0, 0, 0, 8, 548, 3, 0, 
        0, 0, 0, 0, 0, 0, 0, 0, 0, 3, 0, 0, 0), .Dim = c(6L, 
        4L), .Dimnames = list(c("-2", "-1", "0", "1", "2", "3"
        ), c("-", "A", "C", "G"))), N = 562)), `2` = structure(c(0, 
    0, 0, 0, 0, 0, 0, 2, 456, 2, 0, 0, 0, 0, 0, 0, 0, 0, 0, 0, 
    0, 0, 0, 0), .Dim = c(6L, 4L), .Dimnames = list(c("-2", "-1", 
    "0", "1", "2", "3"), c("-", "A", "C", "G"))))))
