Results <-
list(`bwa.out//20220204//BlindCMMRD62_S21.sam` = list(LR20_SNP1 = list(
    All = list(Freqs = structure(c(0L, 3L, 0L, 0L, 0L, 1L, 0L, 
    0L, 8L, 4422L, 8L, 3L, 0L, 31L, 0L, 0L), .Dim = c(4L, 4L), .Dimnames = structure(list(
        c("-1", "0", "1", NA), c("A", "C", "G", NA)), .Names = c("", 
    "")), class = "table"), N = 4476L), Tag.Distribution = structure(c(`1` = 136L, 
    `2` = 78L, `3` = 62L, `4` = 57L, `5` = 49L, `6` = 42L, `7` = 38L, 
    `8` = 25L, `9` = 31L, `10` = 24L, `11` = 21L, `12` = 11L, 
    `13` = 13L, `14` = 21L, `15` = 7L, `16` = 13L, `17` = 8L, 
    `18` = 4L, `19` = 4L, `20` = 5L, `21` = 2L, `22` = 7L, `23` = 3L, 
    `24` = 5L, `26` = 2L, `28` = 1L, `29` = 2L, `30` = 1L, `31` = 2L, 
    `36` = 1L), .Dim = 30L, .Dimnames = list(TagUsage = c("1", 
    "2", "3", "4", "5", "6", "7", "8", "9", "10", "11", "12", 
    "13", "14", "15", "16", "17", "18", "19", "20", "21", "22", 
    "23", "24", "26", "28", "29", "30", "31", "36")), class = "table"), 
    No.Tag = structure(c(0L, 1L, 0L, 0L, 0L, 0L, 0L, 0L, 0L, 
    111L, 0L, 0L, 0L, 2L, 0L, 0L), .Dim = c(4L, 4L), .Dimnames = structure(list(
        c("-1", "0", "1", NA), c("A", "C", "G", NA)), .Names = c("", 
    "")), class = "table"), All.Tags = list(Concordant = list(
        Freqs = structure(c(0, 1, 0, 0, 0, 0, 0, 650, 0), .Dim = c(3L, 
        3L), .Dimnames = list(c("-1", "0", "1"), c("A", "C", 
        "G"))), N = 651), Majority = list(Freqs = structure(c(0, 
    1, 0, 0, 0, 0, 1, 663, 0), .Dim = c(3L, 3L), .Dimnames = list(
        c("-1", "0", "1"), c("A", "C", "G"))), N = 665)), `2` = structure(c(0, 
    0, 0, 0, 0, 0, 1, 537, 0), .Dim = c(3L, 3L), .Dimnames = list(
        c("-1", "0", "1"), c("A", "C", "G"))))))
