Results <-
list(`bwa.out//20220204//BlindCMMRD53_S12.sam` = list(GM29_SNP1 = list(
    All = list(Freqs = structure(c(1L, 27L, 2246L, 2L, 1L, 1L, 
    36L, 2086L, 2L, 6L, 0L, 0L, 1L, 0L, 0L, 0L, 2L, 25L, 1L, 
    0L), .Dim = 5:4, .Dimnames = structure(list(c("-2", "-1", 
    "0", "1", NA), c("A", "G", "T", NA)), .Names = c("", "")), class = "table"), 
        N = 4437L), Tag.Distribution = structure(c(`1` = 94L, 
    `2` = 49L, `3` = 47L, `4` = 32L, `5` = 42L, `6` = 20L, `7` = 18L, 
    `8` = 21L, `9` = 11L, `10` = 21L, `11` = 20L, `12` = 14L, 
    `13` = 17L, `14` = 10L, `15` = 11L, `16` = 5L, `17` = 10L, 
    `18` = 7L, `19` = 5L, `20` = 4L, `21` = 9L, `22` = 8L, `23` = 3L, 
    `24` = 1L, `25` = 7L, `26` = 5L, `27` = 3L, `28` = 3L, `30` = 3L, 
    `31` = 2L, `32` = 5L, `33` = 1L, `34` = 1L, `36` = 1L, `38` = 1L, 
    `48` = 1L), .Dim = 36L, .Dimnames = list(TagUsage = c("1", 
    "2", "3", "4", "5", "6", "7", "8", "9", "10", "11", "12", 
    "13", "14", "15", "16", "17", "18", "19", "20", "21", "22", 
    "23", "24", "25", "26", "27", "28", "30", "31", "32", "33", 
    "34", "36", "38", "48")), class = "table"), No.Tag = structure(c(0L, 
    1L, 103L, 0L, 0L, 0L, 0L, 44L, 0L, 0L, 0L, 0L, 0L, 0L, 0L, 
    0L, 0L, 1L, 0L, 0L), .Dim = 5:4, .Dimnames = structure(list(
        c("-2", "-1", "0", "1", NA), c("A", "G", "T", NA)), .Names = c("", 
    "")), class = "table"), All.Tags = list(Concordant = list(
        Freqs = structure(c(0, 0, 212, 0, 0, 1, 203, 0, 0, 0, 
        0, 0), .Dim = 4:3, .Dimnames = list(c("-2", "-1", "0", 
        "1"), c("A", "G", "T"))), N = 416), Majority = list(Freqs = structure(c(0, 
    0, 260, 0, 0, 1, 248, 0, 0, 0, 0, 0), .Dim = 4:3, .Dimnames = list(
        c("-2", "-1", "0", "1"), c("A", "G", "T"))), N = 509)), 
    `2` = structure(c(0, 0, 214, 0, 0, 0, 204, 0, 0, 0, 0, 0), .Dim = 4:3, .Dimnames = list(
        c("-2", "-1", "0", "1"), c("A", "G", "T"))))))
