Results <-
list(`bwa.out//20220204//BlindCMMRD77_S36.sam` = list(GM01_SNP1 = list(
    All = list(Freqs = structure(c(57L, 6378L, 16L, 9L, 0L, 9L, 
    0L, 0L, 2L, 69L, 1L, 0L), .Dim = 4:3, .Dimnames = structure(list(
        c("-1", "0", "1", NA), c("A", "G", NA)), .Names = c("", 
    "")), class = "table"), N = 6541L), Tag.Distribution = structure(c(`1` = 151L, 
    `2` = 104L, `3` = 72L, `4` = 55L, `5` = 45L, `6` = 39L, `7` = 40L, 
    `8` = 43L, `9` = 30L, `10` = 34L, `11` = 18L, `12` = 29L, 
    `13` = 27L, `14` = 22L, `15` = 24L, `16` = 23L, `17` = 13L, 
    `18` = 13L, `19` = 7L, `20` = 10L, `21` = 7L, `22` = 13L, 
    `23` = 6L, `24` = 1L, `25` = 6L, `26` = 5L, `27` = 3L, `29` = 1L, 
    `30` = 1L, `31` = 1L, `32` = 1L, `35` = 1L, `41` = 1L, `51` = 2L
    ), .Dim = 34L, .Dimnames = list(TagUsage = c("1", "2", "3", 
    "4", "5", "6", "7", "8", "9", "10", "11", "12", "13", "14", 
    "15", "16", "17", "18", "19", "20", "21", "22", "23", "24", 
    "25", "26", "27", "29", "30", "31", "32", "35", "41", "51"
    )), class = "table"), No.Tag = structure(c(2L, 71L, 0L, 1L, 
    0L, 0L, 0L, 0L, 0L, 2L, 0L, 0L), .Dim = 4:3, .Dimnames = structure(list(
        c("-1", "0", "1", NA), c("A", "G", NA)), .Names = c("", 
    "")), class = "table"), All.Tags = list(Concordant = list(
        Freqs = structure(c(2, 773, 0, 0, 3, 0), .Dim = 3:2, .Dimnames = list(
            c("-1", "0", "1"), c("A", "G"))), N = 778), Majority = list(
        Freqs = structure(c(2, 834, 0, 0, 3, 0), .Dim = 3:2, .Dimnames = list(
            c("-1", "0", "1"), c("A", "G"))), N = 839)), `2` = structure(c(0, 
    692, 0, 0, 0, 0), .Dim = 3:2, .Dimnames = list(c("-1", "0", 
    "1"), c("A", "G"))))))
