Results <-
list(`bwa.out//20220204//BlindCMMRD53_S12.sam` = list(DEPDC2_SNP1 = list(
    All = list(Freqs = structure(c(0L, 1L, 0L, 0L, 0L, 3L, 0L, 
    0L, 36L, 4541L, 18L, 16L, 0L, 22L, 0L, 0L), .Dim = c(4L, 
    4L), .Dimnames = structure(list(c("-1", "0", "1", NA), c("A", 
    "C", "T", NA)), .Names = c("", "")), class = "table"), N = 4637L), 
    Tag.Distribution = structure(c(`1` = 185L, `2` = 92L, `3` = 43L, 
    `4` = 57L, `5` = 60L, `6` = 54L, `7` = 41L, `8` = 31L, `9` = 19L, 
    `10` = 20L, `11` = 25L, `12` = 14L, `13` = 15L, `14` = 10L, 
    `15` = 8L, `16` = 4L, `17` = 11L, `18` = 6L, `19` = 4L, `20` = 3L, 
    `21` = 3L, `22` = 7L, `23` = 5L, `24` = 2L, `25` = 3L, `26` = 1L, 
    `27` = 4L, `28` = 2L, `29` = 3L, `30` = 1L, `31` = 4L), .Dim = 31L, .Dimnames = list(
        TagUsage = c("1", "2", "3", "4", "5", "6", "7", "8", 
        "9", "10", "11", "12", "13", "14", "15", "16", "17", 
        "18", "19", "20", "21", "22", "23", "24", "25", "26", 
        "27", "28", "29", "30", "31")), class = "table"), No.Tag = structure(c(0L, 
    0L, 0L, 0L, 0L, 0L, 0L, 0L, 3L, 96L, 1L, 1L, 0L, 1L, 0L, 
    0L), .Dim = c(4L, 4L), .Dimnames = structure(list(c("-1", 
    "0", "1", NA), c("A", "C", "T", NA)), .Names = c("", "")), class = "table"), 
    All.Tags = list(Concordant = list(Freqs = structure(c(0, 
    0, 0, 0, 0, 0, 2, 677, 0), .Dim = c(3L, 3L), .Dimnames = list(
        c("-1", "0", "1"), c("A", "C", "T"))), N = 679), Majority = list(
        Freqs = structure(c(0, 0, 0, 0, 0, 0, 2, 725, 0), .Dim = c(3L, 
        3L), .Dimnames = list(c("-1", "0", "1"), c("A", "C", 
        "T"))), N = 727)), `2` = structure(c(0, 0, 0, 0, 0, 0, 
    0, 550, 0), .Dim = c(3L, 3L), .Dimnames = list(c("-1", "0", 
    "1"), c("A", "C", "T"))))))
