Results <-
list(`bwa.out//20220204//BlindCMMRD44_S4.sam` = list(LR24_SNP1 = list(
    All = list(Freqs = structure(c(0L, 6L, 0L, 0L, 30L, 5164L, 
    9L, 1L, 0L, 2L, 0L, 0L, 0L, 33L, 0L, 0L), .Dim = c(4L, 4L
    ), .Dimnames = structure(list(c("-1", "0", "1", NA), c("A", 
    "G", "T", NA)), .Names = c("", "")), class = "table"), N = 5245L), 
    Tag.Distribution = structure(c(`1` = 130L, `2` = 50L, `3` = 62L, 
    `4` = 46L, `5` = 36L, `6` = 46L, `7` = 27L, `8` = 28L, `9` = 34L, 
    `10` = 34L, `11` = 22L, `12` = 23L, `13` = 20L, `14` = 17L, 
    `15` = 11L, `16` = 4L, `17` = 9L, `18` = 9L, `19` = 4L, `20` = 7L, 
    `21` = 6L, `22` = 6L, `23` = 2L, `24` = 4L, `25` = 4L, `26` = 2L, 
    `27` = 1L, `28` = 4L, `29` = 1L, `30` = 2L, `31` = 1L, `32` = 2L, 
    `34` = 1L, `35` = 1L, `38` = 1L, `40` = 1L, `43` = 1L, `47` = 1L, 
    `74` = 1L), .Dim = 39L, .Dimnames = list(TagUsage = c("1", 
    "2", "3", "4", "5", "6", "7", "8", "9", "10", "11", "12", 
    "13", "14", "15", "16", "17", "18", "19", "20", "21", "22", 
    "23", "24", "25", "26", "27", "28", "29", "30", "31", "32", 
    "34", "35", "38", "40", "43", "47", "74")), class = "table"), 
    No.Tag = structure(c(0L, 0L, 0L, 0L, 3L, 158L, 0L, 0L, 0L, 
    0L, 0L, 0L, 0L, 7L, 0L, 0L), .Dim = c(4L, 4L), .Dimnames = structure(list(
        c("-1", "0", "1", NA), c("A", "G", "T", NA)), .Names = c("", 
    "")), class = "table"), All.Tags = list(Concordant = list(
        Freqs = structure(c(0, 5, 0, 0, 618, 0, 0, 0, 0), .Dim = c(3L, 
        3L), .Dimnames = list(c("-1", "0", "1"), c("A", "G", 
        "T"))), N = 623), Majority = list(Freqs = structure(c(0, 
    5, 0, 0, 651, 0, 0, 0, 0), .Dim = c(3L, 3L), .Dimnames = list(
        c("-1", "0", "1"), c("A", "G", "T"))), N = 656)), `2` = structure(c(0, 
    0, 0, 0, 529, 0, 0, 0, 0), .Dim = c(3L, 3L), .Dimnames = list(
        c("-1", "0", "1"), c("A", "G", "T"))))))
