Results <-
list(`bwa.out//20220204//BlindCMMRD59_S18.sam` = list(LR24_SNP1 = list(
    All = list(Freqs = structure(c(0L, 1L, 0L, 0L, 0L, 4L, 0L, 
    1L, 18L, 4606L, 8L, 4L, 0L, 16L, 0L, 0L), .Dim = c(4L, 4L
    ), .Dimnames = structure(list(c("-1", "0", "1", NA), c("-", 
    "A", "G", NA)), .Names = c("", "")), class = "table"), N = 4658L), 
    Tag.Distribution = structure(c(`1` = 193L, `2` = 121L, `3` = 86L, 
    `4` = 82L, `5` = 54L, `6` = 59L, `7` = 52L, `8` = 36L, `9` = 27L, 
    `10` = 22L, `11` = 24L, `12` = 15L, `13` = 8L, `14` = 14L, 
    `15` = 13L, `16` = 13L, `17` = 3L, `18` = 4L, `19` = 7L, 
    `20` = 3L, `21` = 4L, `22` = 1L, `23` = 1L, `24` = 2L, `25` = 1L, 
    `27` = 1L, `29` = 1L, `30` = 1L), .Dim = 28L, .Dimnames = list(
        TagUsage = c("1", "2", "3", "4", "5", "6", "7", "8", 
        "9", "10", "11", "12", "13", "14", "15", "16", "17", 
        "18", "19", "20", "21", "22", "23", "24", "25", "27", 
        "29", "30")), class = "table"), No.Tag = structure(c(0L, 
    0L, 0L, 0L, 0L, 0L, 0L, 0L, 0L, 144L, 0L, 0L, 0L, 3L, 0L, 
    0L), .Dim = c(4L, 4L), .Dimnames = structure(list(c("-1", 
    "0", "1", NA), c("-", "A", "G", NA)), .Names = c("", "")), class = "table"), 
    All.Tags = list(Concordant = list(Freqs = structure(c(0, 
    0, 0, 0, 2, 0, 1, 815, 1), .Dim = c(3L, 3L), .Dimnames = list(
        c("-1", "0", "1"), c("-", "A", "G"))), N = 819), Majority = list(
        Freqs = structure(c(0, 0, 0, 0, 2, 0, 1, 839, 1), .Dim = c(3L, 
        3L), .Dimnames = list(c("-1", "0", "1"), c("-", "A", 
        "G"))), N = 843)), `2` = structure(c(0, 0, 0, 0, 0, 0, 
    0, 652, 0), .Dim = c(3L, 3L), .Dimnames = list(c("-1", "0", 
    "1"), c("-", "A", "G"))))))
