Results <-
list(`bwa.out//20220204//17D0989_S8.sam` = list(DEPDC2_SNP1 = list(
    All = list(Freqs = structure(c(0L, 0L, 1L, 0L, 0L, 0L, 0L, 
    8L, 2365L, 8L, 0L, 11L, 0L, 0L, 1L, 0L, 0L, 0L, 1L, 17L, 
    2585L, 7L, 1L, 9L, 0L, 1L, 106L, 0L, 0L, 0L), .Dim = 6:5, .Dimnames = structure(list(
        c("-2", "-1", "0", "1", "2", NA), c("A", "C", "G", "T", 
        NA)), .Names = c("", "")), class = "table"), N = 5121L), 
    Tag.Distribution = structure(c(`1` = 242L, `2` = 99L, `3` = 82L, 
    `4` = 72L, `5` = 54L, `6` = 52L, `7` = 31L, `8` = 35L, `9` = 17L, 
    `10` = 23L, `11` = 19L, `12` = 13L, `13` = 11L, `14` = 19L, 
    `15` = 22L, `16` = 6L, `17` = 7L, `18` = 11L, `19` = 5L, 
    `20` = 1L, `21` = 5L, `22` = 9L, `24` = 5L, `25` = 3L, `26` = 2L, 
    `27` = 1L, `28` = 3L, `29` = 3L, `31` = 2L, `33` = 1L, `34` = 1L, 
    `37` = 1L), .Dim = 32L, .Dimnames = list(TagUsage = c("1", 
    "2", "3", "4", "5", "6", "7", "8", "9", "10", "11", "12", 
    "13", "14", "15", "16", "17", "18", "19", "20", "21", "22", 
    "24", "25", "26", "27", "28", "29", "31", "33", "34", "37"
    )), class = "table"), No.Tag = structure(c(0L, 0L, 0L, 0L, 
    0L, 0L, 0L, 0L, 46L, 0L, 0L, 0L, 0L, 0L, 0L, 0L, 0L, 0L, 
    0L, 1L, 85L, 0L, 0L, 3L, 0L, 0L, 4L, 0L, 0L, 0L), .Dim = 6:5, .Dimnames = structure(list(
        c("-2", "-1", "0", "1", "2", NA), c("A", "C", "G", "T", 
        NA)), .Names = c("", "")), class = "table"), All.Tags = list(
        Concordant = list(Freqs = structure(c(0, 0, 0, 0, 0, 
        0, 0, 357, 0, 0, 0, 0, 0, 0, 0, 0, 1, 376, 1, 0), .Dim = 5:4, .Dimnames = list(
            c("-2", "-1", "0", "1", "2"), c("A", "C", "G", "T"
            ))), N = 735), Majority = list(Freqs = structure(c(0, 
        0, 0, 0, 0, 0, 0, 405, 0, 0, 0, 0, 0, 0, 0, 0, 2, 422, 
        1, 0), .Dim = 5:4, .Dimnames = list(c("-2", "-1", "0", 
        "1", "2"), c("A", "C", "G", "T"))), N = 830)), `2` = structure(c(0, 
    0, 0, 0, 0, 0, 0, 297, 0, 0, 0, 0, 0, 0, 0, 0, 1, 306, 0, 
    0), .Dim = 5:4, .Dimnames = list(c("-2", "-1", "0", "1", 
    "2"), c("A", "C", "G", "T"))))))
