Results <-
list(`bwa.out//20220204//13D0575_S2.sam` = list(GM17_SNP1 = list(
    All = list(Freqs = structure(c(0L, 1L, 7L, 0L, 0L, 40L, 3116L, 
    15L, 1L, 1L, 19L, 0L), .Dim = 4:3, .Dimnames = structure(list(
        c("-2", "-1", "0", "1"), c("C", "T", NA)), .Names = c("", 
    "")), class = "table"), N = 3200L), Tag.Distribution = structure(c(`1` = 136L, 
    `2` = 67L, `3` = 55L, `4` = 42L, `5` = 37L, `6` = 24L, `7` = 20L, 
    `8` = 23L, `9` = 23L, `10` = 8L, `11` = 15L, `12` = 16L, 
    `13` = 10L, `14` = 6L, `15` = 4L, `16` = 2L, `17` = 2L, `18` = 8L, 
    `19` = 2L, `20` = 3L, `21` = 2L, `22` = 1L, `23` = 4L, `24` = 1L, 
    `26` = 3L, `27` = 4L, `28` = 3L, `29` = 2L, `30` = 1L, `33` = 1L, 
    `34` = 2L, `39` = 1L), .Dim = 32L, .Dimnames = list(TagUsage = c("1", 
    "2", "3", "4", "5", "6", "7", "8", "9", "10", "11", "12", 
    "13", "14", "15", "16", "17", "18", "19", "20", "21", "22", 
    "23", "24", "26", "27", "28", "29", "30", "33", "34", "39"
    )), class = "table"), No.Tag = structure(c(0L, 0L, 1L, 0L, 
    0L, 0L, 0L, 37L, 0L, 0L, 0L, 0L, 2L, 0L, 0L), .Dim = c(5L, 
    3L), .Dimnames = structure(list(c("-2", "-1", "0", "1", NA
    ), c("C", "T", NA)), .Names = c("", "")), class = "table"), 
    All.Tags = list(Concordant = list(Freqs = structure(c(0, 
    0, 5, 0, 0, 1, 476, 0), .Dim = c(4L, 2L), .Dimnames = list(
        c("-2", "-1", "0", "1"), c("C", "T"))), N = 482), Majority = list(
        Freqs = structure(c(0, 0, 5, 0, 0, 1, 515, 1), .Dim = c(4L, 
        2L), .Dimnames = list(c("-2", "-1", "0", "1"), c("C", 
        "T"))), N = 522)), `2` = structure(c(0, 0, 0, 0, 0, 0, 
    389, 1), .Dim = c(4L, 2L), .Dimnames = list(c("-2", "-1", 
    "0", "1"), c("C", "T"))))))
