Results <-
list(`bwa.out//20220204//BlindCMMRD110_S36.sam` = list(LR52_SNP1 = list(
    All = list(Freqs = structure(c(0L, 0L, 1L, 0L, 0L, 0L, 0L, 
    1L, 9L, 155L, 1545L, 17L, 0L, 6L, 0L, 10L, 143L, 1750L, 11L, 
    1L, 16L, 0L, 0L, 6L, 164L, 1L, 0L, 0L), .Dim = c(7L, 4L), .Dimnames = structure(list(
        c("-3", "-2", "-1", "0", "1", "2", NA), c("A", "C", "T", 
        NA)), .Names = c("", "")), class = "table"), N = 3836L), 
    Tag.Distribution = structure(c(`1` = 122L, `2` = 94L, `3` = 96L, 
    `4` = 89L, `5` = 68L, `6` = 61L, `7` = 52L, `8` = 32L, `9` = 41L, 
    `10` = 24L, `11` = 19L, `12` = 11L, `13` = 7L, `14` = 6L, 
    `15` = 9L, `16` = 3L, `17` = 3L, `18` = 2L, `19` = 1L, `20` = 2L, 
    `22` = 1L, `24` = 1L), .Dim = 22L, .Dimnames = list(TagUsage = c("1", 
    "2", "3", "4", "5", "6", "7", "8", "9", "10", "11", "12", 
    "13", "14", "15", "16", "17", "18", "19", "20", "22", "24"
    )), class = "table"), No.Tag = structure(c(0L, 0L, 0L, 0L, 
    0L, 0L, 0L, 0L, 0L, 1L, 31L, 0L, 0L, 1L, 0L, 0L, 2L, 13L, 
    1L, 0L, 0L, 0L, 0L, 1L, 6L, 0L, 0L, 0L), .Dim = c(7L, 4L), .Dimnames = structure(list(
        c("-3", "-2", "-1", "0", "1", "2", NA), c("A", "C", "T", 
        NA)), .Names = c("", "")), class = "table"), All.Tags = list(
        Concordant = list(Freqs = structure(c(0, 0, 0, 0, 0, 
        0, 1, 0, 8, 231, 0, 0, 0, 0, 1, 246, 1, 0), .Dim = c(6L, 
        3L), .Dimnames = list(c("-3", "-2", "-1", "0", "1", "2"
        ), c("A", "C", "T"))), N = 488), Majority = list(Freqs = structure(c(0, 
        0, 0, 0, 0, 0, 1, 0, 12, 344, 0, 0, 0, 0, 7, 353, 1, 
        0), .Dim = c(6L, 3L), .Dimnames = list(c("-3", "-2", 
        "-1", "0", "1", "2"), c("A", "C", "T"))), N = 718)), 
    `2` = structure(c(0, 0, 0, 0, 0, 0, 0, 0, 6, 284, 0, 0, 0, 
    0, 6, 306, 0, 0), .Dim = c(6L, 3L), .Dimnames = list(c("-3", 
    "-2", "-1", "0", "1", "2"), c("A", "C", "T"))))))
