Results <-
list(`bwa.out//20220204//BlindCMMRD97_S56.sam` = list(LR11_SNP1 = list(
    All = list(Freqs = structure(c(0L, 49L, 2631L, 22L, 7L, 2L, 
    32L, 2268L, 9L, 4L, 0L, 0L, 1L, 0L, 0L, 0L, 3L, 88L, 0L, 
    0L), .Dim = 5:4, .Dimnames = structure(list(c("-2", "-1", 
    "0", "1", NA), c("A", "C", "T", NA)), .Names = c("", "")), class = "table"), 
        N = 5116L), Tag.Distribution = structure(c(`1` = 115L, 
    `2` = 52L, `3` = 54L, `4` = 34L, `5` = 48L, `6` = 37L, `7` = 29L, 
    `8` = 27L, `9` = 23L, `10` = 17L, `11` = 17L, `12` = 22L, 
    `13` = 15L, `14` = 18L, `15` = 15L, `16` = 14L, `17` = 11L, 
    `18` = 10L, `19` = 6L, `20` = 10L, `21` = 8L, `22` = 7L, 
    `23` = 3L, `24` = 4L, `25` = 2L, `26` = 6L, `27` = 4L, `28` = 1L, 
    `29` = 3L, `30` = 3L, `31` = 2L, `32` = 2L, `33` = 1L, `35` = 2L, 
    `39` = 1L), .Dim = 35L, .Dimnames = list(TagUsage = c("1", 
    "2", "3", "4", "5", "6", "7", "8", "9", "10", "11", "12", 
    "13", "14", "15", "16", "17", "18", "19", "20", "21", "22", 
    "23", "24", "25", "26", "27", "28", "29", "30", "31", "32", 
    "33", "35", "39")), class = "table"), No.Tag = structure(c(0L, 
    1L, 25L, 0L, 0L, 0L, 0L, 11L, 0L, 0L, 0L, 0L, 0L, 0L, 0L, 
    0L, 0L, 2L, 0L, 0L), .Dim = 5:4, .Dimnames = structure(list(
        c("-2", "-1", "0", "1", NA), c("A", "C", "T", NA)), .Names = c("", 
    "")), class = "table"), All.Tags = list(Concordant = list(
        Freqs = structure(c(0, 0, 261, 0, 0, 2, 236, 0, 0, 0, 
        0, 0), .Dim = 4:3, .Dimnames = list(c("-2", "-1", "0", 
        "1"), c("A", "C", "T"))), N = 499), Majority = list(Freqs = structure(c(0, 
    0, 327, 0, 0, 2, 286, 0, 0, 0, 0, 0), .Dim = 4:3, .Dimnames = list(
        c("-2", "-1", "0", "1"), c("A", "C", "T"))), N = 615)), 
    `2` = structure(c(0, 0, 269, 0, 0, 0, 236, 0, 0, 0, 0, 0), .Dim = 4:3, .Dimnames = list(
        c("-2", "-1", "0", "1"), c("A", "C", "T"))))))
