Results <-
list(`bwa.out//20220204//BlindCMMRD42_S2.sam` = list(LR52_SNP1 = list(
    All = list(Freqs = structure(c(1L, 26L, 259L, 1822L, 9L, 
    1L, 40L, 1L, 12L, 186L, 1899L, 15L, 1L, 23L, 0L, 4L, 22L, 
    737L, 0L, 0L, 0L), .Dim = c(7L, 3L), .Dimnames = structure(list(
        c("-3", "-2", "-1", "0", "1", "2", NA), c("C", "T", NA
        )), .Names = c("", "")), class = "table"), N = 5058L), 
    Tag.Distribution = structure(c(`1` = 49L, `2` = 14L, `3` = 11L, 
    `4` = 9L, `5` = 8L, `6` = 4L, `7` = 12L, `8` = 9L, `9` = 10L, 
    `10` = 5L, `11` = 12L, `12` = 10L, `13` = 6L, `14` = 6L, 
    `15` = 6L, `16` = 6L, `17` = 5L, `18` = 2L, `19` = 6L, `20` = 5L, 
    `21` = 6L, `22` = 5L, `23` = 2L, `24` = 1L, `25` = 7L, `26` = 1L, 
    `27` = 8L, `28` = 1L, `29` = 2L, `30` = 3L, `31` = 4L, `32` = 1L, 
    `33` = 6L, `34` = 7L, `35` = 2L, `37` = 4L, `38` = 5L, `39` = 4L, 
    `40` = 1L, `41` = 5L, `43` = 1L, `44` = 2L, `45` = 1L, `46` = 2L, 
    `48` = 3L, `49` = 3L, `51` = 4L, `54` = 1L, `63` = 1L, `66` = 1L, 
    `68` = 1L, `74` = 1L, `87` = 1L), .Dim = 53L, .Dimnames = list(
        TagUsage = c("1", "2", "3", "4", "5", "6", "7", "8", 
        "9", "10", "11", "12", "13", "14", "15", "16", "17", 
        "18", "19", "20", "21", "22", "23", "24", "25", "26", 
        "27", "28", "29", "30", "31", "32", "33", "34", "35", 
        "37", "38", "39", "40", "41", "43", "44", "45", "46", 
        "48", "49", "51", "54", "63", "66", "68", "74", "87")), class = "table"), 
    No.Tag = structure(c(0L, 0L, 6L, 68L, 0L, 0L, 1L, 0L, 0L, 
    3L, 42L, 0L, 0L, 1L, 0L, 0L, 1L, 20L, 0L, 0L, 0L), .Dim = c(7L, 
    3L), .Dimnames = structure(list(c("-3", "-2", "-1", "0", 
    "1", "2", NA), c("C", "T", NA)), .Names = c("", "")), class = "table"), 
    All.Tags = list(Concordant = list(Freqs = structure(c(1, 
    0, 2, 47, 2, 0, 0, 0, 0, 50, 1, 1), .Dim = c(6L, 2L), .Dimnames = list(
        c("-3", "-2", "-1", "0", "1", "2"), c("C", "T"))), N = 104), 
        Majority = list(Freqs = structure(c(1, 0, 6, 135, 2, 
        0, 0, 0, 3, 123, 1, 1), .Dim = c(6L, 2L), .Dimnames = list(
            c("-3", "-2", "-1", "0", "1", "2"), c("C", "T"))), 
            N = 272)), `2` = structure(c(0, 0, 5, 122, 0, 0, 
    0, 0, 3, 107, 0, 0), .Dim = c(6L, 2L), .Dimnames = list(c("-3", 
    "-2", "-1", "0", "1", "2"), c("C", "T"))))))
