Results <-
list(`bwa.out//20220204//BlindCMMRD108_S10.sam` = list(GM14_SNP1 = list(
    All = list(Freqs = structure(c(1L, 2L, 38L, 1264L, 6L, 1L, 
    5L, 0L, 0L, 0L, 29L, 0L, 0L, 0L), .Dim = c(7L, 2L), .Dimnames = structure(list(
        c("-3", "-2", "-1", "0", "1", "2", NA), c("C", NA)), .Names = c("", 
    "")), class = "table"), N = 1346L), Tag.Distribution = structure(c(`1` = 28L, 
    `2` = 13L, `3` = 12L, `4` = 7L, `5` = 4L, `6` = 7L, `7` = 5L, 
    `8` = 8L, `9` = 7L, `10` = 9L, `11` = 3L, `12` = 2L, `13` = 4L, 
    `14` = 2L, `15` = 4L, `16` = 1L, `17` = 4L, `18` = 2L, `19` = 1L, 
    `20` = 3L, `21` = 2L, `23` = 1L, `24` = 1L, `25` = 2L, `26` = 1L, 
    `27` = 3L, `28` = 3L, `30` = 1L, `31` = 1L, `33` = 1L, `49` = 1L
    ), .Dim = 31L, .Dimnames = list(TagUsage = c("1", "2", "3", 
    "4", "5", "6", "7", "8", "9", "10", "11", "12", "13", "14", 
    "15", "16", "17", "18", "19", "20", "21", "23", "24", "25", 
    "26", "27", "28", "30", "31", "33", "49")), class = "table"), 
    No.Tag = structure(c(0L, 0L, 0L, 43L, 0L, 0L, 0L, 0L, 0L, 
    0L, 2L, 0L, 0L, 0L), .Dim = c(7L, 2L), .Dimnames = structure(list(
        c("-3", "-2", "-1", "0", "1", "2", NA), c("C", NA)), .Names = c("", 
    "")), class = "table"), All.Tags = list(Concordant = list(
        Freqs = structure(c(0, 0, 2, 107, 1, 0), .Dim = c(6L, 
        1L), .Dimnames = list(c("-3", "-2", "-1", "0", "1", "2"
        ), "C")), N = 110), Majority = list(Freqs = structure(c(0, 
    0, 2, 137, 1, 0), .Dim = c(6L, 1L), .Dimnames = list(c("-3", 
    "-2", "-1", "0", "1", "2"), "C")), N = 140)), `2` = structure(c(0, 
    0, 1, 113, 0, 0), .Dim = c(6L, 1L), .Dimnames = list(c("-3", 
    "-2", "-1", "0", "1", "2"), "C")))))
