Results <-
list(`bwa.out//20220204//Control17_S10.sam` = list(GM26_SNP1 = list(
    All = list(Freqs = structure(c(5L, 1204L, 3L, 2L, 7L, 1135L, 
    5L, 0L, 1L, 32L, 0L, 0L), .Dim = 4:3, .Dimnames = structure(list(
        c("-1", "0", "1", NA), c("A", "G", NA)), .Names = c("", 
    "")), class = "table"), N = 2394L), Tag.Distribution = structure(c(`1` = 99L, 
    `2` = 38L, `3` = 32L, `4` = 23L, `5` = 24L, `6` = 24L, `7` = 19L, 
    `8` = 20L, `9` = 20L, `10` = 12L, `11` = 11L, `12` = 11L, 
    `13` = 6L, `14` = 5L, `15` = 6L, `16` = 4L, `17` = 4L, `18` = 5L, 
    `19` = 5L, `20` = 1L, `21` = 1L, `22` = 3L, `24` = 2L, `25` = 2L, 
    `26` = 1L, `28` = 1L, `30` = 1L, `31` = 1L), .Dim = 28L, .Dimnames = list(
        TagUsage = c("1", "2", "3", "4", "5", "6", "7", "8", 
        "9", "10", "11", "12", "13", "14", "15", "16", "17", 
        "18", "19", "20", "21", "22", "24", "25", "26", "28", 
        "30", "31")), class = "table"), No.Tag = structure(c(0L, 
    37L, 0L, 0L, 0L, 7L, 0L, 0L, 0L, 2L, 0L, 0L), .Dim = 4:3, .Dimnames = structure(list(
        c("-1", "0", "1", NA), c("A", "G", NA)), .Names = c("", 
    "")), class = "table"), All.Tags = list(Concordant = list(
        Freqs = structure(c(1, 180, 0, 2, 164, 0), .Dim = 3:2, .Dimnames = list(
            c("-1", "0", "1"), c("A", "G"))), N = 347), Majority = list(
        Freqs = structure(c(1, 191, 0, 2, 177, 0), .Dim = 3:2, .Dimnames = list(
            c("-1", "0", "1"), c("A", "G"))), N = 371)), `2` = structure(c(0, 
    140, 0, 0, 137, 0), .Dim = 3:2, .Dimnames = list(c("-1", 
    "0", "1"), c("A", "G"))))))
