Results <-
list(`bwa.out//20220204//BlindCMMRD122_S48.sam` = list(GM09_SNP1 = list(
    All = list(Freqs = structure(c(0L, 7L, 0L, 0L, 38L, 7315L, 
    16L, 6L, 0L, 40L, 0L, 0L), .Dim = 4:3, .Dimnames = structure(list(
        c("-1", "0", "1", NA), c("A", "G", NA)), .Names = c("", 
    "")), class = "table"), N = 7422L), Tag.Distribution = structure(c(`1` = 233L, 
    `2` = 179L, `3` = 135L, `4` = 126L, `5` = 91L, `6` = 65L, 
    `7` = 64L, `8` = 45L, `9` = 44L, `10` = 33L, `11` = 31L, 
    `12` = 29L, `13` = 21L, `14` = 26L, `15` = 15L, `16` = 19L, 
    `17` = 10L, `18` = 13L, `19` = 15L, `20` = 6L, `21` = 5L, 
    `22` = 5L, `23` = 6L, `24` = 2L, `25` = 1L, `26` = 2L, `27` = 3L, 
    `29` = 2L, `30` = 1L, `36` = 1L, `40` = 1L), .Dim = 31L, .Dimnames = list(
        TagUsage = c("1", "2", "3", "4", "5", "6", "7", "8", 
        "9", "10", "11", "12", "13", "14", "15", "16", "17", 
        "18", "19", "20", "21", "22", "23", "24", "25", "26", 
        "27", "29", "30", "36", "40")), class = "table"), No.Tag = structure(c(0L, 
    0L, 0L, 0L, 0L, 149L, 0L, 3L, 0L, 4L, 0L, 0L), .Dim = 4:3, .Dimnames = structure(list(
        c("-1", "0", "1", NA), c("A", "G", NA)), .Names = c("", 
    "")), class = "table"), All.Tags = list(Concordant = list(
        Freqs = structure(c(0, 3, 0, 1, 1169, 0), .Dim = 3:2, .Dimnames = list(
            c("-1", "0", "1"), c("A", "G"))), N = 1173), Majority = list(
        Freqs = structure(c(0, 3, 0, 1, 1220, 1), .Dim = 3:2, .Dimnames = list(
            c("-1", "0", "1"), c("A", "G"))), N = 1225)), `2` = structure(c(0, 
    0, 0, 0, 995, 1), .Dim = 3:2, .Dimnames = list(c("-1", "0", 
    "1"), c("A", "G"))))))
