Results <-
list(`bwa.out//20220204//BlindCMMRD66_S25.sam` = list(LR44_SNP1 = list(
    All = list(Freqs = structure(c(1L, 9L, 152L, 2108L, 30L, 
    0L, 12L, 0L, 4L, 178L, 2481L, 37L, 4L, 18L, 0L, 1L, 7L, 89L, 
    2L, 0L, 0L), .Dim = c(7L, 3L), .Dimnames = structure(list(
        c("-3", "-2", "-1", "0", "1", "2", NA), c("C", "T", NA
        )), .Names = c("", "")), class = "table"), N = 5133L), 
    Tag.Distribution = structure(c(`1` = 123L, `2` = 71L, `3` = 63L, 
    `4` = 69L, `5` = 44L, `6` = 52L, `7` = 34L, `8` = 23L, `9` = 39L, 
    `10` = 25L, `11` = 31L, `12` = 19L, `13` = 16L, `14` = 17L, 
    `15` = 14L, `16` = 21L, `17` = 8L, `18` = 10L, `19` = 11L, 
    `20` = 7L, `21` = 9L, `22` = 1L, `23` = 3L, `24` = 1L, `25` = 3L, 
    `26` = 1L, `29` = 1L, `34` = 2L), .Dim = 28L, .Dimnames = list(
        TagUsage = c("1", "2", "3", "4", "5", "6", "7", "8", 
        "9", "10", "11", "12", "13", "14", "15", "16", "17", 
        "18", "19", "20", "21", "22", "23", "24", "25", "26", 
        "29", "34")), class = "table"), No.Tag = structure(c(0L, 
    1L, 8L, 42L, 0L, 0L, 1L, 0L, 0L, 2L, 60L, 0L, 0L, 1L, 0L, 
    0L, 0L, 5L, 0L, 0L, 0L), .Dim = c(7L, 3L), .Dimnames = structure(list(
        c("-3", "-2", "-1", "0", "1", "2", NA), c("C", "T", NA
        )), .Names = c("", "")), class = "table"), All.Tags = list(
        Concordant = list(Freqs = structure(c(0, 0, 5, 211, 0, 
        0, 0, 1, 3, 215, 2, 0), .Dim = c(6L, 2L), .Dimnames = list(
            c("-3", "-2", "-1", "0", "1", "2"), c("C", "T"))), 
            N = 437), Majority = list(Freqs = structure(c(0, 
        0, 7, 322, 1, 0, 0, 1, 6, 353, 2, 0), .Dim = c(6L, 2L
        ), .Dimnames = list(c("-3", "-2", "-1", "0", "1", "2"
        ), c("C", "T"))), N = 692)), `2` = structure(c(0, 0, 
    2, 264, 1, 0, 0, 0, 5, 306, 0, 0), .Dim = c(6L, 2L), .Dimnames = list(
        c("-3", "-2", "-1", "0", "1", "2"), c("C", "T"))))))
