Results <-
list(`bwa.out//20220204//17D0989_S8.sam` = list(LR36_SNP1 = list(
    All = list(Freqs = structure(c(0L, 1L, 20L, 1737L, 12L, 12L, 
    1L, 6L, 58L, 1920L, 27L, 18L, 0L, 0L, 1L, 136L, 0L, 0L), .Dim = c(6L, 
    3L), .Dimnames = structure(list(c("-3", "-2", "-1", "0", 
    "1", NA), c("A", "T", NA)), .Names = c("", "")), class = "table"), 
        N = 3949L), Tag.Distribution = structure(c(`1` = 132L, 
    `2` = 68L, `3` = 55L, `4` = 54L, `5` = 42L, `6` = 27L, `7` = 19L, 
    `8` = 22L, `9` = 24L, `10` = 12L, `11` = 23L, `12` = 10L, 
    `13` = 16L, `14` = 7L, `15` = 7L, `16` = 9L, `17` = 6L, `18` = 6L, 
    `19` = 3L, `20` = 5L, `21` = 3L, `22` = 2L, `23` = 3L, `24` = 1L, 
    `25` = 1L, `26` = 1L, `27` = 2L, `29` = 2L, `30` = 4L, `31` = 1L, 
    `32` = 2L, `33` = 3L, `34` = 1L, `35` = 1L, `36` = 2L, `41` = 2L
    ), .Dim = 36L, .Dimnames = list(TagUsage = c("1", "2", "3", 
    "4", "5", "6", "7", "8", "9", "10", "11", "12", "13", "14", 
    "15", "16", "17", "18", "19", "20", "21", "22", "23", "24", 
    "25", "26", "27", "29", "30", "31", "32", "33", "34", "35", 
    "36", "41")), class = "table"), No.Tag = structure(c(0L, 
    0L, 0L, 43L, 0L, 1L, 0L, 0L, 0L, 33L, 0L, 1L, 0L, 0L, 0L, 
    10L, 0L, 0L), .Dim = c(6L, 3L), .Dimnames = structure(list(
        c("-3", "-2", "-1", "0", "1", NA), c("A", "T", NA)), .Names = c("", 
    "")), class = "table"), All.Tags = list(Concordant = list(
        Freqs = structure(c(0, 0, 0, 216, 0, 0, 2, 2, 246, 0), .Dim = c(5L, 
        2L), .Dimnames = list(c("-3", "-2", "-1", "0", "1"), 
            c("A", "T"))), N = 466), Majority = list(Freqs = structure(c(0, 
    0, 0, 252, 0, 0, 2, 4, 295, 1), .Dim = c(5L, 2L), .Dimnames = list(
        c("-3", "-2", "-1", "0", "1"), c("A", "T"))), N = 554)), 
    `2` = structure(c(0, 0, 0, 204, 0, 0, 0, 2, 229, 1), .Dim = c(5L, 
    2L), .Dimnames = list(c("-3", "-2", "-1", "0", "1"), c("A", 
    "T"))))))
