Results <-
list(`bwa.out//20220204//BlindCMMRD50_S10.sam` = list(GM22_SNP1 = list(
    All = list(Freqs = structure(c(1L, 65L, 5480L, 20L, 14L, 
    0L, 0L, 1L, 0L, 0L, 0L, 1L, 38L, 0L, 0L), .Dim = c(5L, 3L
    ), .Dimnames = structure(list(c("-2", "-1", "0", "1", NA), 
        c("A", "G", NA)), .Names = c("", "")), class = "table"), 
        N = 5620L), Tag.Distribution = structure(c(`1` = 128L, 
    `2` = 34L, `3` = 20L, `4` = 23L, `5` = 18L, `6` = 9L, `7` = 9L, 
    `8` = 9L, `9` = 6L, `10` = 11L, `11` = 9L, `12` = 11L, `13` = 5L, 
    `14` = 11L, `15` = 8L, `16` = 4L, `17` = 3L, `18` = 2L, `19` = 5L, 
    `20` = 2L, `21` = 8L, `22` = 2L, `23` = 6L, `24` = 2L, `25` = 3L, 
    `26` = 4L, `27` = 4L, `28` = 1L, `29` = 6L, `30` = 2L, `31` = 5L, 
    `32` = 5L, `33` = 6L, `34` = 3L, `35` = 3L, `36` = 3L, `37` = 4L, 
    `38` = 2L, `39` = 1L, `40` = 3L, `41` = 5L, `42` = 2L, `43` = 2L, 
    `44` = 1L, `45` = 3L, `46` = 3L, `49` = 2L, `50` = 2L, `54` = 1L, 
    `55` = 3L, `56` = 3L, `57` = 1L, `58` = 1L, `59` = 1L, `60` = 2L, 
    `61` = 1L), .Dim = 56L, .Dimnames = list(TagUsage = c("1", 
    "2", "3", "4", "5", "6", "7", "8", "9", "10", "11", "12", 
    "13", "14", "15", "16", "17", "18", "19", "20", "21", "22", 
    "23", "24", "25", "26", "27", "28", "29", "30", "31", "32", 
    "33", "34", "35", "36", "37", "38", "39", "40", "41", "42", 
    "43", "44", "45", "46", "49", "50", "54", "55", "56", "57", 
    "58", "59", "60", "61")), class = "table"), No.Tag = structure(c(0L, 
    0L, 177L, 1L, 0L, 0L, 0L, 1L, 0L, 0L, 0L, 0L, 4L, 0L, 0L), .Dim = c(5L, 
    3L), .Dimnames = structure(list(c("-2", "-1", "0", "1", NA
    ), c("A", "G", NA)), .Names = c("", "")), class = "table"), 
    All.Tags = list(Concordant = list(Freqs = structure(c(0, 
    1, 352, 0, 0, 0, 0, 0), .Dim = c(4L, 2L), .Dimnames = list(
        c("-2", "-1", "0", "1"), c("A", "G"))), N = 353), Majority = list(
        Freqs = structure(c(0, 1, 425, 0, 0, 0, 0, 0), .Dim = c(4L, 
        2L), .Dimnames = list(c("-2", "-1", "0", "1"), c("A", 
        "G"))), N = 426)), `2` = structure(c(0, 0, 304, 0, 0, 
    0, 0, 0), .Dim = c(4L, 2L), .Dimnames = list(c("-2", "-1", 
    "0", "1"), c("A", "G"))))))
