Results <-
list(`bwa.out//20220204//BlindCMMRD109_S35.sam` = list(GM17_SNP1 = list(
    All = list(Freqs = structure(c(1L, 50L, 3340L, 11L, 14L, 
    1L, 56L, 3237L, 11L, 11L, 0L, 0L, 21L, 0L, 0L), .Dim = c(5L, 
    3L), .Dimnames = structure(list(c("-2", "-1", "0", "1", NA
    ), c("C", "T", NA)), .Names = c("", "")), class = "table"), 
        N = 6753L), Tag.Distribution = structure(c(`1` = 255L, 
    `2` = 192L, `3` = 165L, `4` = 152L, `5` = 134L, `6` = 100L, 
    `7` = 73L, `8` = 64L, `9` = 58L, `10` = 44L, `11` = 22L, 
    `12` = 24L, `13` = 11L, `14` = 15L, `15` = 15L, `16` = 11L, 
    `17` = 5L, `18` = 2L, `19` = 6L, `21` = 1L, `23` = 1L, `26` = 1L, 
    `28` = 1L, `29` = 1L), .Dim = 24L, .Dimnames = list(TagUsage = c("1", 
    "2", "3", "4", "5", "6", "7", "8", "9", "10", "11", "12", 
    "13", "14", "15", "16", "17", "18", "19", "21", "23", "26", 
    "28", "29")), class = "table"), No.Tag = structure(c(0L, 
    0L, 47L, 0L, 2L, 0L, 2L, 59L, 0L, 0L, 0L, 0L, 0L, 0L, 0L), .Dim = c(5L, 
    3L), .Dimnames = structure(list(c("-2", "-1", "0", "1", NA
    ), c("C", "T", NA)), .Names = c("", "")), class = "table"), 
    All.Tags = list(Concordant = list(Freqs = structure(c(0, 
    2, 564, 0, 0, 3, 523, 1), .Dim = c(4L, 2L), .Dimnames = list(
        c("-2", "-1", "0", "1"), c("C", "T"))), N = 1093), Majority = list(
        Freqs = structure(c(0, 3, 682, 0, 0, 4, 624, 1), .Dim = c(4L, 
        2L), .Dimnames = list(c("-2", "-1", "0", "1"), c("C", 
        "T"))), N = 1314)), `2` = structure(c(0, 2, 542, 0, 0, 
    1, 520, 0), .Dim = c(4L, 2L), .Dimnames = list(c("-2", "-1", 
    "0", "1"), c("C", "T"))))))
