Results <-
list(`bwa.out//20220204//BlindCMMRD55_S14.sam` = list(GM11_SNP1 = list(
    All = list(Freqs = structure(c(24L, 5879L, 19L, 5L, 0L, 2L, 
    0L, 0L, 0L, 31L, 1L, 0L), .Dim = 4:3, .Dimnames = structure(list(
        c("-1", "0", "1", NA), c("A", "G", NA)), .Names = c("", 
    "")), class = "table"), N = 5961L), Tag.Distribution = structure(c(`1` = 104L, 
    `2` = 67L, `3` = 57L, `4` = 45L, `5` = 53L, `6` = 35L, `7` = 37L, 
    `8` = 35L, `9` = 22L, `10` = 22L, `11` = 21L, `12` = 18L, 
    `13` = 13L, `14` = 19L, `15` = 21L, `16` = 23L, `17` = 10L, 
    `18` = 7L, `19` = 11L, `20` = 8L, `21` = 8L, `22` = 9L, `23` = 10L, 
    `24` = 13L, `25` = 3L, `26` = 3L, `27` = 2L, `28` = 1L, `29` = 2L, 
    `30` = 2L, `31` = 2L, `33` = 2L, `34` = 1L, `35` = 1L, `36` = 1L, 
    `37` = 1L, `40` = 1L, `46` = 1L, `47` = 1L), .Dim = 39L, .Dimnames = list(
        TagUsage = c("1", "2", "3", "4", "5", "6", "7", "8", 
        "9", "10", "11", "12", "13", "14", "15", "16", "17", 
        "18", "19", "20", "21", "22", "23", "24", "25", "26", 
        "27", "28", "29", "30", "31", "33", "34", "35", "36", 
        "37", "40", "46", "47")), class = "table"), No.Tag = structure(c(1L, 
    45L, 0L, 0L, 0L, 0L, 0L, 0L, 0L, 0L, 0L, 0L), .Dim = 4:3, .Dimnames = structure(list(
        c("-1", "0", "1", NA), c("A", "G", NA)), .Names = c("", 
    "")), class = "table"), All.Tags = list(Concordant = list(
        Freqs = structure(c(0, 648, 0, 0, 0, 0), .Dim = 3:2, .Dimnames = list(
            c("-1", "0", "1"), c("A", "G"))), N = 648), Majority = list(
        Freqs = structure(c(0, 688, 0, 0, 0, 0), .Dim = 3:2, .Dimnames = list(
            c("-1", "0", "1"), c("A", "G"))), N = 688)), `2` = structure(c(0, 
    586, 0, 0, 0, 0), .Dim = 3:2, .Dimnames = list(c("-1", "0", 
    "1"), c("A", "G"))))))
