Results <-
list(`bwa.out//20220204//BlindCMMRD82_S41.sam` = list(LR17_SNP1 = list(
    All = list(Freqs = structure(c(4L, 139L, 3655L, 38L, 1L, 
    15L, 0L, 0L, 1L, 0L, 0L, 0L, 0L, 3L, 130L, 0L, 0L, 0L), .Dim = c(6L, 
    3L), .Dimnames = structure(list(c("-2", "-1", "0", "1", "2", 
    NA), c("A", "G", NA)), .Names = c("", "")), class = "table"), 
        N = 3986L), Tag.Distribution = structure(c(`1` = 99L, 
    `2` = 30L, `3` = 28L, `4` = 36L, `5` = 24L, `6` = 34L, `7` = 29L, 
    `8` = 19L, `9` = 20L, `10` = 14L, `11` = 24L, `12` = 21L, 
    `13` = 9L, `14` = 14L, `15` = 14L, `16` = 11L, `17` = 7L, 
    `18` = 9L, `19` = 6L, `20` = 7L, `21` = 9L, `22` = 5L, `23` = 4L, 
    `24` = 3L, `25` = 6L, `26` = 2L, `27` = 1L, `31` = 1L, `32` = 1L, 
    `34` = 1L), .Dim = 30L, .Dimnames = list(TagUsage = c("1", 
    "2", "3", "4", "5", "6", "7", "8", "9", "10", "11", "12", 
    "13", "14", "15", "16", "17", "18", "19", "20", "21", "22", 
    "23", "24", "25", "26", "27", "31", "32", "34")), class = "table"), 
    No.Tag = structure(c(0L, 1L, 57L, 1L, 0L, 1L, 0L, 0L, 0L, 
    0L, 0L, 0L, 0L, 0L, 1L, 0L, 0L, 0L), .Dim = c(6L, 3L), .Dimnames = structure(list(
        c("-2", "-1", "0", "1", "2", NA), c("A", "G", NA)), .Names = c("", 
    "")), class = "table"), All.Tags = list(Concordant = list(
        Freqs = structure(c(0, 5, 355, 0, 0, 0, 0, 0, 0, 0), .Dim = c(5L, 
        2L), .Dimnames = list(c("-2", "-1", "0", "1", "2"), c("A", 
        "G"))), N = 360), Majority = list(Freqs = structure(c(0, 
    7, 470, 1, 0, 0, 0, 0, 0, 0), .Dim = c(5L, 2L), .Dimnames = list(
        c("-2", "-1", "0", "1", "2"), c("A", "G"))), N = 478)), 
    `2` = structure(c(0, 2, 381, 1, 0, 0, 0, 0, 0, 0), .Dim = c(5L, 
    2L), .Dimnames = list(c("-2", "-1", "0", "1", "2"), c("A", 
    "G"))))))
