Results <-
list(`bwa.out//20220204//BlindCMMRD90_S49.sam` = list(LR11_SNP1 = list(
    All = list(Freqs = structure(c(1L, 50L, 2642L, 21L, 7L, 1L, 
    38L, 2210L, 13L, 6L, 0L, 4L, 84L, 1L, 0L), .Dim = c(5L, 3L
    ), .Dimnames = structure(list(c("-2", "-1", "0", "1", NA), 
        c("A", "C", NA)), .Names = c("", "")), class = "table"), 
        N = 5078L), Tag.Distribution = structure(c(`1` = 112L, 
    `2` = 71L, `3` = 59L, `4` = 73L, `5` = 35L, `6` = 37L, `7` = 37L, 
    `8` = 32L, `9` = 25L, `10` = 17L, `11` = 13L, `12` = 18L, 
    `13` = 20L, `14` = 11L, `15` = 13L, `16` = 12L, `17` = 10L, 
    `18` = 8L, `19` = 14L, `20` = 9L, `21` = 5L, `22` = 4L, `23` = 3L, 
    `24` = 2L, `25` = 3L, `26` = 6L, `27` = 2L, `28` = 3L, `29` = 1L, 
    `32` = 2L, `33` = 1L, `34` = 1L, `35` = 1L, `42` = 1L, `44` = 1L, 
    `46` = 1L, `70` = 1L), .Dim = 37L, .Dimnames = list(TagUsage = c("1", 
    "2", "3", "4", "5", "6", "7", "8", "9", "10", "11", "12", 
    "13", "14", "15", "16", "17", "18", "19", "20", "21", "22", 
    "23", "24", "25", "26", "27", "28", "29", "32", "33", "34", 
    "35", "42", "44", "46", "70")), class = "table"), No.Tag = structure(c(0L, 
    1L, 27L, 0L, 0L, 0L, 0L, 20L, 0L, 1L, 0L, 0L, 3L, 0L, 0L), .Dim = c(5L, 
    3L), .Dimnames = structure(list(c("-2", "-1", "0", "1", NA
    ), c("A", "C", NA)), .Names = c("", "")), class = "table"), 
    All.Tags = list(Concordant = list(Freqs = structure(c(0, 
    0, 273, 0, 0, 2, 252, 0), .Dim = c(4L, 2L), .Dimnames = list(
        c("-2", "-1", "0", "1"), c("A", "C"))), N = 527), Majority = list(
        Freqs = structure(c(0, 0, 344, 0, 0, 2, 302, 0), .Dim = c(4L, 
        2L), .Dimnames = list(c("-2", "-1", "0", "1"), c("A", 
        "C"))), N = 648)), `2` = structure(c(0, 0, 294, 0, 0, 
    0, 251, 0), .Dim = c(4L, 2L), .Dimnames = list(c("-2", "-1", 
    "0", "1"), c("A", "C"))))))
