Results <-
list(`bwa.out//20220204//BlindCMMRD61_S20.sam` = list(GM09_SNP1 = list(
    All = list(Freqs = structure(c(0L, 5L, 0L, 0L, 37L, 5938L, 
    19L, 4L, 1L, 49L, 1L, 0L), .Dim = 4:3, .Dimnames = structure(list(
        c("-1", "0", "1", NA), c("A", "G", NA)), .Names = c("", 
    "")), class = "table"), N = 6054L), Tag.Distribution = structure(c(`1` = 121L, 
    `2` = 46L, `3` = 30L, `4` = 31L, `5` = 35L, `6` = 34L, `7` = 27L, 
    `8` = 30L, `9` = 17L, `10` = 19L, `11` = 18L, `12` = 15L, 
    `13` = 20L, `14` = 17L, `15` = 12L, `16` = 14L, `17` = 6L, 
    `18` = 3L, `19` = 13L, `20` = 13L, `21` = 6L, `22` = 7L, 
    `23` = 7L, `24` = 9L, `25` = 3L, `26` = 4L, `27` = 8L, `28` = 5L, 
    `29` = 4L, `30` = 7L, `31` = 3L, `32` = 2L, `33` = 3L, `34` = 3L, 
    `35` = 5L, `36` = 2L, `38` = 1L, `39` = 2L, `40` = 3L, `48` = 1L
    ), .Dim = 40L, .Dimnames = list(TagUsage = c("1", "2", "3", 
    "4", "5", "6", "7", "8", "9", "10", "11", "12", "13", "14", 
    "15", "16", "17", "18", "19", "20", "21", "22", "23", "24", 
    "25", "26", "27", "28", "29", "30", "31", "32", "33", "34", 
    "35", "36", "38", "39", "40", "48")), class = "table"), No.Tag = structure(c(0L, 
    0L, 0L, 0L, 0L, 120L, 0L, 0L, 0L, 6L, 0L, 0L), .Dim = 4:3, .Dimnames = structure(list(
        c("-1", "0", "1", NA), c("A", "G", NA)), .Names = c("", 
    "")), class = "table"), All.Tags = list(Concordant = list(
        Freqs = structure(c(0, 3, 0, 1, 559, 0), .Dim = 3:2, .Dimnames = list(
            c("-1", "0", "1"), c("A", "G"))), N = 563), Majority = list(
        Freqs = structure(c(0, 3, 0, 1, 597, 1), .Dim = 3:2, .Dimnames = list(
            c("-1", "0", "1"), c("A", "G"))), N = 602)), `2` = structure(c(0, 
    0, 0, 1, 483, 1), .Dim = 3:2, .Dimnames = list(c("-1", "0", 
    "1"), c("A", "G"))))))
