Results <-
list(`bwa.out//20220204//BlindCMMRD48_S8.sam` = list(LR24_SNP1 = list(
    All = list(Freqs = structure(c(29L, 3797L, 7L, 6L, 0L, 4L, 
    0L, 0L, 0L, 19L, 0L, 0L), .Dim = 4:3, .Dimnames = structure(list(
        c("-1", "0", "1", NA), c("A", "G", NA)), .Names = c("", 
    "")), class = "table"), N = 3862L), Tag.Distribution = structure(c(`1` = 96L, 
    `2` = 43L, `3` = 24L, `4` = 43L, `5` = 30L, `6` = 27L, `7` = 19L, 
    `8` = 22L, `9` = 20L, `10` = 13L, `11` = 13L, `12` = 17L, 
    `13` = 13L, `14` = 8L, `15` = 7L, `16` = 11L, `17` = 7L, 
    `18` = 9L, `19` = 4L, `20` = 7L, `21` = 2L, `22` = 2L, `23` = 3L, 
    `24` = 5L, `25` = 1L, `26` = 2L, `27` = 2L, `29` = 5L, `30` = 5L, 
    `31` = 2L, `33` = 1L, `34` = 1L, `35` = 1L, `37` = 1L, `42` = 1L, 
    `45` = 1L), .Dim = 36L, .Dimnames = list(TagUsage = c("1", 
    "2", "3", "4", "5", "6", "7", "8", "9", "10", "11", "12", 
    "13", "14", "15", "16", "17", "18", "19", "20", "21", "22", 
    "23", "24", "25", "26", "27", "29", "30", "31", "33", "34", 
    "35", "37", "42", "45")), class = "table"), No.Tag = structure(c(0L, 
    107L, 0L, 1L, 0L, 0L, 0L, 0L, 0L, 2L, 0L, 0L), .Dim = 4:3, .Dimnames = structure(list(
        c("-1", "0", "1", NA), c("A", "G", NA)), .Names = c("", 
    "")), class = "table"), All.Tags = list(Concordant = list(
        Freqs = structure(c(1, 434, 0, 0, 4, 0), .Dim = 3:2, .Dimnames = list(
            c("-1", "0", "1"), c("A", "G"))), N = 439), Majority = list(
        Freqs = structure(c(1, 459, 0, 0, 4, 0), .Dim = 3:2, .Dimnames = list(
            c("-1", "0", "1"), c("A", "G"))), N = 464)), `2` = structure(c(1, 
    370, 0, 0, 0, 0), .Dim = 3:2, .Dimnames = list(c("-1", "0", 
    "1"), c("A", "G"))))))
