Results <-
list(`bwa.out//20220204//BlindCMMRD88_S47.sam` = list(LR36_SNP1 = list(
    All = list(Freqs = structure(c(2L, 40L, 1871L, 11L, 11L, 
    0L, 0L, 0L, 0L, 1L, 4L, 30L, 1849L, 12L, 11L, 0L, 2L, 130L, 
    0L, 0L), .Dim = 5:4, .Dimnames = structure(list(c("-2", "-1", 
    "0", "1", NA), c("A", "G", "T", NA)), .Names = c("", "")), class = "table"), 
        N = 3974L), Tag.Distribution = structure(c(`1` = 112L, 
    `2` = 41L, `3` = 38L, `4` = 37L, `5` = 25L, `6` = 19L, `7` = 14L, 
    `8` = 27L, `9` = 16L, `10` = 18L, `11` = 13L, `12` = 16L, 
    `13` = 8L, `14` = 7L, `15` = 12L, `16` = 12L, `17` = 6L, 
    `18` = 7L, `19` = 7L, `20` = 2L, `21` = 8L, `22` = 2L, `23` = 5L, 
    `24` = 3L, `25` = 3L, `26` = 2L, `27` = 1L, `28` = 2L, `29` = 1L, 
    `30` = 1L, `31` = 1L, `34` = 1L, `36` = 2L, `38` = 4L, `43` = 1L, 
    `44` = 1L, `46` = 1L, `56` = 1L), .Dim = 38L, .Dimnames = list(
        TagUsage = c("1", "2", "3", "4", "5", "6", "7", "8", 
        "9", "10", "11", "12", "13", "14", "15", "16", "17", 
        "18", "19", "20", "21", "22", "23", "24", "25", "26", 
        "27", "28", "29", "30", "31", "34", "36", "38", "43", 
        "44", "46", "56")), class = "table"), No.Tag = structure(c(0L, 
    0L, 77L, 0L, 0L, 0L, 0L, 0L, 0L, 0L, 0L, 1L, 85L, 1L, 4L, 
    0L, 0L, 17L, 0L, 0L), .Dim = 5:4, .Dimnames = structure(list(
        c("-2", "-1", "0", "1", NA), c("A", "G", "T", NA)), .Names = c("", 
    "")), class = "table"), All.Tags = list(Concordant = list(
        Freqs = structure(c(0, 0, 175, 0, 0, 0, 0, 0, 0, 0, 204, 
        0), .Dim = 4:3, .Dimnames = list(c("-2", "-1", "0", "1"
        ), c("A", "G", "T"))), N = 379), Majority = list(Freqs = structure(c(0, 
    0, 222, 0, 0, 0, 0, 0, 0, 0, 247, 0), .Dim = 4:3, .Dimnames = list(
        c("-2", "-1", "0", "1"), c("A", "G", "T"))), N = 469)), 
    `2` = structure(c(0, 0, 174, 0, 0, 0, 0, 0, 0, 0, 187, 0), .Dim = 4:3, .Dimnames = list(
        c("-2", "-1", "0", "1"), c("A", "G", "T"))))))
