Results <-
list(`bwa.out//20220204//BlindCMMRD53_S12.sam` = list(GM26_SNP1 = list(
    All = list(Freqs = structure(c(1L, 36L, 3914L, 14L, 8L, 0L, 
    0L, 1L, 0L, 0L, 0L, 0L, 2L, 0L, 0L, 0L, 0L, 25L, 2L, 0L), .Dim = 5:4, .Dimnames = structure(list(
        c("-2", "-1", "0", "1", NA), c("A", "G", "T", NA)), .Names = c("", 
    "")), class = "table"), N = 4003L), Tag.Distribution = structure(c(`1` = 126L, 
    `2` = 42L, `3` = 36L, `4` = 37L, `5` = 30L, `6` = 35L, `7` = 19L, 
    `8` = 30L, `9` = 19L, `10` = 14L, `11` = 24L, `12` = 11L, 
    `13` = 6L, `14` = 11L, `15` = 9L, `16` = 8L, `17` = 11L, 
    `18` = 7L, `19` = 7L, `20` = 4L, `21` = 4L, `22` = 1L, `23` = 5L, 
    `24` = 1L, `25` = 4L, `26` = 4L, `27` = 4L, `29` = 2L, `30` = 1L, 
    `31` = 1L, `33` = 1L, `35` = 1L, `38` = 2L, `39` = 2L, `42` = 1L, 
    `44` = 1L, `50` = 1L), .Dim = 37L, .Dimnames = list(TagUsage = c("1", 
    "2", "3", "4", "5", "6", "7", "8", "9", "10", "11", "12", 
    "13", "14", "15", "16", "17", "18", "19", "20", "21", "22", 
    "23", "24", "25", "26", "27", "29", "30", "31", "33", "35", 
    "38", "39", "42", "44", "50")), class = "table"), No.Tag = structure(c(0L, 
    0L, 37L, 1L, 0L, 0L, 0L, 0L, 0L, 0L, 0L, 0L, 0L, 0L, 0L, 
    0L, 0L, 3L, 1L, 0L), .Dim = 5:4, .Dimnames = structure(list(
        c("-2", "-1", "0", "1", NA), c("A", "G", "T", NA)), .Names = c("", 
    "")), class = "table"), All.Tags = list(Concordant = list(
        Freqs = structure(c(0, 2, 467, 0, 0, 0, 1, 0, 0, 0, 1, 
        0), .Dim = 4:3, .Dimnames = list(c("-2", "-1", "0", "1"
        ), c("A", "G", "T"))), N = 471), Majority = list(Freqs = structure(c(0, 
    2, 507, 0, 0, 0, 1, 0, 0, 0, 1, 0), .Dim = 4:3, .Dimnames = list(
        c("-2", "-1", "0", "1"), c("A", "G", "T"))), N = 511)), 
    `2` = structure(c(0, 1, 392, 0, 0, 0, 0, 0, 0, 0, 0, 0), .Dim = 4:3, .Dimnames = list(
        c("-2", "-1", "0", "1"), c("A", "G", "T"))))))
