Results <-
list(`bwa.out//20220204//17D0939_S6.sam` = list(GM09_SNP1 = list(
    All = list(Freqs = structure(c(10L, 1476L, 1L, 1L, 8L, 1732L, 
    1L, 1L, 0L, 16L, 0L, 0L), .Dim = 4:3, .Dimnames = structure(list(
        c("-1", "0", "1", NA), c("A", "G", NA)), .Names = c("", 
    "")), class = "table"), N = 3246L), Tag.Distribution = structure(c(`1` = 103L, 
    `2` = 42L, `3` = 34L, `4` = 32L, `5` = 24L, `6` = 27L, `7` = 14L, 
    `8` = 12L, `9` = 13L, `10` = 8L, `11` = 11L, `12` = 4L, `13` = 4L, 
    `14` = 8L, `15` = 2L, `16` = 9L, `17` = 6L, `18` = 4L, `19` = 4L, 
    `20` = 4L, `21` = 4L, `22` = 3L, `23` = 1L, `24` = 2L, `25` = 4L, 
    `26` = 2L, `27` = 3L, `28` = 6L, `29` = 1L, `30` = 1L, `31` = 1L, 
    `32` = 2L, `33` = 1L, `34` = 2L, `35` = 1L, `37` = 1L, `38` = 1L, 
    `39` = 2L, `40` = 1L, `41` = 1L, `43` = 1L, `46` = 2L), .Dim = 42L, .Dimnames = list(
        TagUsage = c("1", "2", "3", "4", "5", "6", "7", "8", 
        "9", "10", "11", "12", "13", "14", "15", "16", "17", 
        "18", "19", "20", "21", "22", "23", "24", "25", "26", 
        "27", "28", "29", "30", "31", "32", "33", "34", "35", 
        "37", "38", "39", "40", "41", "43", "46")), class = "table"), 
    No.Tag = structure(c(0L, 13L, 0L, 0L, 0L, 22L, 0L, 1L, 0L, 
    2L, 0L, 0L), .Dim = 4:3, .Dimnames = structure(list(c("-1", 
    "0", "1", NA), c("A", "G", NA)), .Names = c("", "")), class = "table"), 
    All.Tags = list(Concordant = list(Freqs = structure(c(0, 
    178, 0, 0, 185, 0), .Dim = 3:2, .Dimnames = list(c("-1", 
    "0", "1"), c("A", "G"))), N = 363), Majority = list(Freqs = structure(c(0, 
    196, 0, 0, 204, 0), .Dim = 3:2, .Dimnames = list(c("-1", 
    "0", "1"), c("A", "G"))), N = 400)), `2` = structure(c(0, 
    149, 0, 0, 152, 0), .Dim = 3:2, .Dimnames = list(c("-1", 
    "0", "1"), c("A", "G"))))))
