Results <-
list(`bwa.out//20220204//BlindCMMRD132_S58.sam` = list(GM29_SNP1 = list(
    All = list(Freqs = structure(c(1L, 104L, 3580L, 10L, 11L, 
    0L, 0L, 29L, 0L, 0L, 0L, 0L, 12L, 0L, 0L), .Dim = c(5L, 3L
    ), .Dimnames = structure(list(c("-2", "-1", "0", "1", NA), 
        c("A", "G", NA)), .Names = c("", "")), class = "table"), 
        N = 3747L), Tag.Distribution = structure(c(`1` = 239L, 
    `2` = 174L, `3` = 148L, `4` = 88L, `5` = 60L, `6` = 63L, 
    `7` = 42L, `8` = 21L, `9` = 20L, `10` = 16L, `11` = 9L, `12` = 9L, 
    `13` = 2L, `14` = 7L, `15` = 3L, `16` = 4L, `17` = 3L, `18` = 3L, 
    `19` = 2L, `21` = 1L, `23` = 1L, `24` = 1L, `26` = 1L, `28` = 1L, 
    `31` = 1L), .Dim = 25L, .Dimnames = list(TagUsage = c("1", 
    "2", "3", "4", "5", "6", "7", "8", "9", "10", "11", "12", 
    "13", "14", "15", "16", "17", "18", "19", "21", "23", "24", 
    "26", "28", "31")), class = "table"), No.Tag = structure(c(0L, 
    3L, 142L, 0L, 0L, 0L, 0L, 2L, 0L, 0L, 0L, 0L, 1L, 0L, 0L), .Dim = c(5L, 
    3L), .Dimnames = structure(list(c("-2", "-1", "0", "1", NA
    ), c("A", "G", NA)), .Names = c("", "")), class = "table"), 
    All.Tags = list(Concordant = list(Freqs = structure(c(0, 
    10, 828, 0, 0, 0, 15, 0), .Dim = c(4L, 2L), .Dimnames = list(
        c("-2", "-1", "0", "1"), c("A", "G"))), N = 853), Majority = list(
        Freqs = structure(c(0, 12, 885, 0, 0, 0, 15, 0), .Dim = c(4L, 
        2L), .Dimnames = list(c("-2", "-1", "0", "1"), c("A", 
        "G"))), N = 912)), `2` = structure(c(0, 5, 670, 0, 0, 
    0, 0, 0), .Dim = c(4L, 2L), .Dimnames = list(c("-2", "-1", 
    "0", "1"), c("A", "G"))))))
