Results <-
list(`bwa.out//20220204//BlindCMMRD91_S50.sam` = list(LR52_SNP1 = list(
    All = list(Freqs = structure(c(0L, 0L, 0L, 1L, 0L, 0L, 2L, 
    16L, 145L, 1046L, 2L, 14L, 0L, 9L, 155L, 1517L, 27L, 29L, 
    0L, 0L, 9L, 453L, 3L, 0L), .Dim = c(6L, 4L), .Dimnames = structure(list(
        c("-3", "-2", "-1", "0", "1", NA), c("A", "C", "T", NA
        )), .Names = c("", "")), class = "table"), N = 3428L), 
    Tag.Distribution = structure(c(`1` = 72L, `2` = 34L, `3` = 37L, 
    `4` = 30L, `5` = 30L, `6` = 32L, `7` = 17L, `8` = 20L, `9` = 17L, 
    `10` = 14L, `11` = 14L, `12` = 12L, `13` = 12L, `14` = 16L, 
    `15` = 11L, `16` = 7L, `17` = 4L, `18` = 4L, `19` = 7L, `20` = 5L, 
    `21` = 4L, `22` = 2L, `23` = 4L, `24` = 4L, `25` = 3L, `26` = 2L, 
    `27` = 1L, `30` = 2L, `31` = 1L, `32` = 1L, `34` = 2L, `35` = 1L
    ), .Dim = 32L, .Dimnames = list(TagUsage = c("1", "2", "3", 
    "4", "5", "6", "7", "8", "9", "10", "11", "12", "13", "14", 
    "15", "16", "17", "18", "19", "20", "21", "22", "23", "24", 
    "25", "26", "27", "30", "31", "32", "34", "35")), class = "table"), 
    No.Tag = structure(c(0L, 0L, 0L, 0L, 0L, 0L, 0L, 0L, 3L, 
    50L, 0L, 2L, 0L, 0L, 1L, 34L, 1L, 1L, 0L, 0L, 0L, 27L, 0L, 
    0L), .Dim = c(6L, 4L), .Dimnames = structure(list(c("-3", 
    "-2", "-1", "0", "1", NA), c("A", "C", "T", NA)), .Names = c("", 
    "")), class = "table"), All.Tags = list(Concordant = list(
        Freqs = structure(c(0, 0, 0, 0, 0, 1, 0, 4, 100, 0, 0, 
        0, 4, 124, 1), .Dim = c(5L, 3L), .Dimnames = list(c("-3", 
        "-2", "-1", "0", "1"), c("A", "C", "T"))), N = 234), 
        Majority = list(Freqs = structure(c(0, 0, 0, 0, 0, 1, 
        0, 8, 162, 0, 0, 0, 7, 213, 2), .Dim = c(5L, 3L), .Dimnames = list(
            c("-3", "-2", "-1", "0", "1"), c("A", "C", "T"))), 
            N = 393)), `2` = structure(c(0, 0, 0, 0, 0, 0, 0, 
    7, 142, 0, 0, 0, 3, 183, 2), .Dim = c(5L, 3L), .Dimnames = list(
        c("-3", "-2", "-1", "0", "1"), c("A", "C", "T"))))))
