Results <-
list(`bwa.out//20220204//BlindCMMRD99_S58.sam` = list(GM11_SNP1 = list(
    All = list(Freqs = structure(c(36L, 4515L, 12L, 2L, 0L, 2L, 
    0L, 0L, 0L, 2L, 0L, 0L, 0L, 19L, 0L, 0L), .Dim = c(4L, 4L
    ), .Dimnames = structure(list(c("-1", "0", "1", NA), c("A", 
    "G", "T", NA)), .Names = c("", "")), class = "table"), N = 4588L), 
    Tag.Distribution = structure(c(`1` = 118L, `2` = 93L, `3` = 66L, 
    `4` = 50L, `5` = 52L, `6` = 33L, `7` = 27L, `8` = 26L, `9` = 23L, 
    `10` = 19L, `11` = 13L, `12` = 10L, `13` = 11L, `14` = 7L, 
    `15` = 8L, `16` = 7L, `17` = 9L, `18` = 12L, `19` = 8L, `20` = 9L, 
    `21` = 8L, `22` = 3L, `23` = 1L, `24` = 4L, `25` = 4L, `26` = 3L, 
    `27` = 3L, `28` = 1L, `29` = 1L, `30` = 3L, `31` = 2L, `32` = 2L, 
    `38` = 1L, `41` = 1L, `44` = 1L, `55` = 1L, `57` = 1L), .Dim = 37L, .Dimnames = list(
        TagUsage = c("1", "2", "3", "4", "5", "6", "7", "8", 
        "9", "10", "11", "12", "13", "14", "15", "16", "17", 
        "18", "19", "20", "21", "22", "23", "24", "25", "26", 
        "27", "28", "29", "30", "31", "32", "38", "41", "44", 
        "55", "57")), class = "table"), No.Tag = structure(c(0L, 
    74L, 0L, 0L, 0L, 0L, 0L, 0L, 0L, 0L, 0L, 0L, 0L, 3L, 0L, 
    0L), .Dim = c(4L, 4L), .Dimnames = structure(list(c("-1", 
    "0", "1", NA), c("A", "G", "T", NA)), .Names = c("", "")), class = "table"), 
    All.Tags = list(Concordant = list(Freqs = structure(c(3, 
    600, 0, 0, 1, 0, 0, 0, 0), .Dim = c(3L, 3L), .Dimnames = list(
        c("-1", "0", "1"), c("A", "G", "T"))), N = 604), Majority = list(
        Freqs = structure(c(3, 634, 0, 0, 1, 0, 0, 0, 0), .Dim = c(3L, 
        3L), .Dimnames = list(c("-1", "0", "1"), c("A", "G", 
        "T"))), N = 638)), `2` = structure(c(2, 518, 0, 0, 0, 
    0, 0, 0, 0), .Dim = c(3L, 3L), .Dimnames = list(c("-1", "0", 
    "1"), c("A", "G", "T"))))))
