Results <-
list(`bwa.out//20220204//Control26_S19.sam` = list(IM49_SNP1 = list(
    All = list(Freqs = structure(c(0L, 51L, 1429L, 22L, 1L, 7L, 
    2L, 39L, 1112L, 20L, 0L, 6L, 0L, 3L, 203L, 1L, 0L, 0L), .Dim = c(6L, 
    3L), .Dimnames = structure(list(c("-2", "-1", "0", "1", "3", 
    NA), c("C", "G", NA)), .Names = c("", "")), class = "table"), 
        N = 2896L), Tag.Distribution = structure(c(`1` = 250L, 
    `2` = 71L, `3` = 55L, `4` = 40L, `5` = 20L, `6` = 34L, `7` = 27L, 
    `8` = 26L, `9` = 12L, `10` = 14L, `11` = 14L, `12` = 14L, 
    `13` = 3L, `14` = 5L, `15` = 7L, `16` = 5L, `17` = 3L, `18` = 6L, 
    `19` = 2L, `20` = 3L, `21` = 4L, `24` = 1L, `25` = 1L, `27` = 1L, 
    `29` = 2L, `34` = 1L), .Dim = 26L, .Dimnames = list(TagUsage = c("1", 
    "2", "3", "4", "5", "6", "7", "8", "9", "10", "11", "12", 
    "13", "14", "15", "16", "17", "18", "19", "20", "21", "24", 
    "25", "27", "29", "34")), class = "table"), No.Tag = structure(c(0L, 
    3L, 64L, 2L, 0L, 0L, 0L, 4L, 22L, 0L, 0L, 0L, 0L, 0L, 10L, 
    0L, 0L, 0L), .Dim = c(6L, 3L), .Dimnames = structure(list(
        c("-2", "-1", "0", "1", "3", NA), c("C", "G", NA)), .Names = c("", 
    "")), class = "table"), All.Tags = list(Concordant = list(
        Freqs = structure(c(0, 5, 264, 2, 0, 0, 6, 182, 1, 0), .Dim = c(5L, 
        2L), .Dimnames = list(c("-2", "-1", "0", "1", "3"), c("C", 
        "G"))), N = 460), Majority = list(Freqs = structure(c(0, 
    6, 311, 2, 0, 0, 7, 217, 1, 0), .Dim = c(5L, 2L), .Dimnames = list(
        c("-2", "-1", "0", "1", "3"), c("C", "G"))), N = 544)), 
    `2` = structure(c(0, 1, 205, 0, 0, 0, 4, 151, 0, 0), .Dim = c(5L, 
    2L), .Dimnames = list(c("-2", "-1", "0", "1", "3"), c("C", 
    "G"))))))
