Results <-
list(`bwa.out//20220204//BlindCMMRD55_S14.sam` = list(LR17_SNP1 = list(
    All = list(Freqs = structure(c(1L, 4L, 131L, 3321L, 28L, 
    2L, 23L, 0L, 0L, 0L, 2L, 0L, 0L, 0L, 0L, 0L, 3L, 124L, 1L, 
    0L, 0L), .Dim = c(7L, 3L), .Dimnames = structure(list(c("-3", 
    "-2", "-1", "0", "1", "2", NA), c("A", "G", NA)), .Names = c("", 
    "")), class = "table"), N = 3640L), Tag.Distribution = structure(c(`1` = 80L, 
    `2` = 22L, `3` = 16L, `4` = 18L, `5` = 16L, `6` = 15L, `7` = 16L, 
    `8` = 18L, `9` = 16L, `10` = 15L, `11` = 13L, `12` = 6L, 
    `13` = 11L, `14` = 12L, `15` = 13L, `16` = 6L, `17` = 4L, 
    `18` = 12L, `19` = 7L, `20` = 3L, `21` = 5L, `22` = 10L, 
    `23` = 6L, `24` = 6L, `25` = 8L, `26` = 3L, `27` = 4L, `28` = 3L, 
    `29` = 2L, `30` = 3L, `31` = 1L, `32` = 2L), .Dim = 32L, .Dimnames = list(
        TagUsage = c("1", "2", "3", "4", "5", "6", "7", "8", 
        "9", "10", "11", "12", "13", "14", "15", "16", "17", 
        "18", "19", "20", "21", "22", "23", "24", "25", "26", 
        "27", "28", "29", "30", "31", "32")), class = "table"), 
    No.Tag = structure(c(0L, 0L, 2L, 56L, 1L, 0L, 0L, 0L, 0L, 
    0L, 0L, 0L, 0L, 0L, 0L, 0L, 0L, 3L, 0L, 0L, 0L), .Dim = c(7L, 
    3L), .Dimnames = structure(list(c("-3", "-2", "-1", "0", 
    "1", "2", NA), c("A", "G", NA)), .Names = c("", "")), class = "table"), 
    All.Tags = list(Concordant = list(Freqs = structure(c(0, 
    1, 3, 247, 1, 0, 0, 0, 0, 0, 0, 0), .Dim = c(6L, 2L), .Dimnames = list(
        c("-3", "-2", "-1", "0", "1", "2"), c("A", "G"))), N = 252), 
        Majority = list(Freqs = structure(c(0, 1, 4, 355, 1, 
        0, 0, 0, 0, 0, 0, 0), .Dim = c(6L, 2L), .Dimnames = list(
            c("-3", "-2", "-1", "0", "1", "2"), c("A", "G"))), 
            N = 361)), `2` = structure(c(0, 0, 1, 288, 0, 0, 
    0, 0, 0, 0, 0, 0), .Dim = c(6L, 2L), .Dimnames = list(c("-3", 
    "-2", "-1", "0", "1", "2"), c("A", "G"))))))
