Results <-
list(`bwa.out//20220204//BlindCMMRD62_S21.sam` = list(GM11_SNP1 = list(
    All = list(Freqs = structure(c(1L, 9L, 2974L, 9L, 1L, 0L, 
    25L, 3192L, 14L, 4L, 0L, 0L, 30L, 3L, 0L), .Dim = c(5L, 3L
    ), .Dimnames = structure(list(c("-2", "-1", "0", "1", NA), 
        c("A", "G", NA)), .Names = c("", "")), class = "table"), 
        N = 6262L), Tag.Distribution = structure(c(`1` = 114L, 
    `2` = 71L, `3` = 50L, `4` = 53L, `5` = 51L, `6` = 38L, `7` = 56L, 
    `8` = 40L, `9` = 42L, `10` = 29L, `11` = 34L, `12` = 13L, 
    `13` = 12L, `14` = 11L, `15` = 16L, `16` = 15L, `17` = 18L, 
    `18` = 12L, `19` = 12L, `20` = 4L, `21` = 12L, `22` = 3L, 
    `23` = 10L, `24` = 2L, `25` = 8L, `26` = 6L, `27` = 2L, `28` = 1L, 
    `29` = 3L, `31` = 3L, `32` = 2L, `33` = 1L, `34` = 1L, `35` = 1L, 
    `40` = 3L, `46` = 1L), .Dim = 36L, .Dimnames = list(TagUsage = c("1", 
    "2", "3", "4", "5", "6", "7", "8", "9", "10", "11", "12", 
    "13", "14", "15", "16", "17", "18", "19", "20", "21", "22", 
    "23", "24", "25", "26", "27", "28", "29", "31", "32", "33", 
    "34", "35", "40", "46")), class = "table"), No.Tag = structure(c(0L, 
    0L, 39L, 0L, 0L, 0L, 0L, 45L, 0L, 1L, 0L, 0L, 0L, 0L, 0L), .Dim = c(5L, 
    3L), .Dimnames = structure(list(c("-2", "-1", "0", "1", NA
    ), c("A", "G", NA)), .Names = c("", "")), class = "table"), 
    All.Tags = list(Concordant = list(Freqs = structure(c(0, 
    1, 335, 0, 0, 0, 304, 0), .Dim = c(4L, 2L), .Dimnames = list(
        c("-2", "-1", "0", "1"), c("A", "G"))), N = 640), Majority = list(
        Freqs = structure(c(0, 1, 375, 0, 0, 1, 363, 0), .Dim = c(4L, 
        2L), .Dimnames = list(c("-2", "-1", "0", "1"), c("A", 
        "G"))), N = 740)), `2` = structure(c(0, 0, 319, 0, 0, 
    1, 312, 0), .Dim = c(4L, 2L), .Dimnames = list(c("-2", "-1", 
    "0", "1"), c("A", "G"))))))
