Results <-
list(`bwa.out//20220204//BlindCMMRD126_S52.sam` = list(GM29_SNP1 = list(
    All = list(Freqs = structure(c(59L, 3566L, 9L, 8L, 0L, 2L, 
    0L, 0L, 0L, 26L, 0L, 0L), .Dim = 4:3, .Dimnames = structure(list(
        c("-1", "0", "1", NA), c("A", "G", NA)), .Names = c("", 
    "")), class = "table"), N = 3670L), Tag.Distribution = structure(c(`1` = 196L, 
    `2` = 193L, `3` = 128L, `4` = 90L, `5` = 74L, `6` = 50L, 
    `7` = 34L, `8` = 23L, `9` = 16L, `10` = 15L, `11` = 10L, 
    `12` = 9L, `13` = 6L, `14` = 3L, `15` = 4L, `16` = 5L, `17` = 2L, 
    `18` = 7L, `20` = 2L, `21` = 1L, `22` = 1L, `23` = 3L, `30` = 1L, 
    `33` = 1L), .Dim = 24L, .Dimnames = list(TagUsage = c("1", 
    "2", "3", "4", "5", "6", "7", "8", "9", "10", "11", "12", 
    "13", "14", "15", "16", "17", "18", "20", "21", "22", "23", 
    "30", "33")), class = "table"), No.Tag = structure(c(4L, 
    97L, 1L, 1L, 0L, 0L, 0L, 0L, 0L, 2L, 0L, 0L), .Dim = 4:3, .Dimnames = structure(list(
        c("-1", "0", "1", NA), c("A", "G", NA)), .Names = c("", 
    "")), class = "table"), All.Tags = list(Concordant = list(
        Freqs = structure(c(6, 809, 0, 0, 0, 0), .Dim = 3:2, .Dimnames = list(
            c("-1", "0", "1"), c("A", "G"))), N = 815), Majority = list(
        Freqs = structure(c(6, 853, 0, 0, 0, 0), .Dim = 3:2, .Dimnames = list(
            c("-1", "0", "1"), c("A", "G"))), N = 859)), `2` = structure(c(2, 
    669, 0, 0, 0, 0), .Dim = 3:2, .Dimnames = list(c("-1", "0", 
    "1"), c("A", "G"))))))
