Results <-
list(`bwa.out//20220204//BlindCMMRD72_S31.sam` = list(DEPDC2_SNP1 = list(
    All = list(Freqs = structure(c(23L, 2265L, 7L, 0L, 8L, 0L, 
    88L, 1999L, 8L, 611L, 0L, 37L, 7L, 0L, 0L), .Dim = c(5L, 
    3L), .Dimnames = structure(list(c("-1", "0", "1", "2", NA
    ), c("C", "T", NA)), .Names = c("", "")), class = "table"), 
        N = 5053L), Tag.Distribution = structure(c(`1` = 159L, 
    `2` = 100L, `3` = 85L, `4` = 75L, `5` = 65L, `6` = 44L, `7` = 73L, 
    `8` = 32L, `9` = 28L, `10` = 32L, `11` = 11L, `12` = 25L, 
    `13` = 14L, `14` = 8L, `15` = 17L, `16` = 5L, `17` = 9L, 
    `18` = 11L, `19` = 8L, `20` = 4L, `21` = 5L, `22` = 3L, `24` = 4L, 
    `25` = 3L, `26` = 1L, `27` = 2L, `28` = 1L, `30` = 2L), .Dim = 28L, .Dimnames = list(
        TagUsage = c("1", "2", "3", "4", "5", "6", "7", "8", 
        "9", "10", "11", "12", "13", "14", "15", "16", "17", 
        "18", "19", "20", "21", "22", "24", "25", "26", "27", 
        "28", "30")), class = "table"), No.Tag = structure(c(0L, 
    21L, 0L, 0L, 0L, 0L, 3L, 25L, 1L, 17L, 0L, 0L, 1L, 0L, 0L
    ), .Dim = c(5L, 3L), .Dimnames = structure(list(c("-1", "0", 
    "1", "2", NA), c("C", "T", NA)), .Names = c("", "")), class = "table"), 
    All.Tags = list(Concordant = list(Freqs = structure(c(0, 
    349, 1, 0, 0, 6, 309, 0), .Dim = c(4L, 2L), .Dimnames = list(
        c("-1", "0", "1", "2"), c("C", "T"))), N = 665), Majority = list(
        Freqs = structure(c(0, 385, 1, 0, 0, 7, 384, 0), .Dim = c(4L, 
        2L), .Dimnames = list(c("-1", "0", "1", "2"), c("C", 
        "T"))), N = 777)), `2` = structure(c(0, 314, 0, 0, 0, 
    1, 335, 0), .Dim = c(4L, 2L), .Dimnames = list(c("-1", "0", 
    "1", "2"), c("C", "T"))))))
