Results <-
list(`bwa.out//20220204//BlindCMMRD42_S2.sam` = list(LR44_SNP1 = list(
    All = list(Freqs = structure(c(1L, 11L, 414L, 6250L, 70L, 
    2L, 22L, 0L, 1L, 0L, 4L, 0L, 0L, 1L, 0L, 0L, 11L, 158L, 2L, 
    0L, 0L), .Dim = c(7L, 3L), .Dimnames = structure(list(c("-3", 
    "-2", "-1", "0", "1", "2", NA), c("C", "T", NA)), .Names = c("", 
    "")), class = "table"), N = 6947L), Tag.Distribution = structure(c(`1` = 95L, 
    `2` = 20L, `3` = 19L, `4` = 8L, `5` = 10L, `6` = 22L, `7` = 16L, 
    `8` = 12L, `9` = 18L, `10` = 15L, `11` = 10L, `12` = 16L, 
    `13` = 11L, `14` = 9L, `15` = 11L, `16` = 5L, `17` = 6L, 
    `18` = 7L, `19` = 8L, `20` = 10L, `21` = 13L, `22` = 9L, 
    `23` = 5L, `24` = 9L, `25` = 4L, `26` = 5L, `27` = 7L, `28` = 4L, 
    `29` = 3L, `30` = 4L, `31` = 3L, `32` = 2L, `33` = 5L, `34` = 6L, 
    `35` = 3L, `36` = 6L, `37` = 3L, `38` = 2L, `39` = 1L, `40` = 3L, 
    `41` = 4L, `42` = 1L, `43` = 4L, `44` = 1L, `45` = 1L, `46` = 1L, 
    `49` = 1L, `51` = 1L, `52` = 3L, `53` = 1L, `55` = 2L, `57` = 3L, 
    `58` = 3L, `59` = 1L, `60` = 1L, `62` = 1L, `63` = 1L, `66` = 1L, 
    `77` = 1L, `84` = 1L), .Dim = 60L, .Dimnames = list(TagUsage = c("1", 
    "2", "3", "4", "5", "6", "7", "8", "9", "10", "11", "12", 
    "13", "14", "15", "16", "17", "18", "19", "20", "21", "22", 
    "23", "24", "25", "26", "27", "28", "29", "30", "31", "32", 
    "33", "34", "35", "36", "37", "38", "39", "40", "41", "42", 
    "43", "44", "45", "46", "49", "51", "52", "53", "55", "57", 
    "58", "59", "60", "62", "63", "66", "77", "84")), class = "table"), 
    No.Tag = structure(c(0L, 0L, 4L, 132L, 1L, 0L, 0L, 0L, 0L, 
    0L, 0L, 0L, 0L, 1L, 0L, 0L, 1L, 5L, 0L, 0L, 0L), .Dim = c(7L, 
    3L), .Dimnames = structure(list(c("-3", "-2", "-1", "0", 
    "1", "2", NA), c("C", "T", NA)), .Names = c("", "")), class = "table"), 
    All.Tags = list(Concordant = list(Freqs = structure(c(1, 
    0, 6, 215, 0, 0, 0, 1, 0, 3, 0, 0), .Dim = c(6L, 2L), .Dimnames = list(
        c("-3", "-2", "-1", "0", "1", "2"), c("C", "T"))), N = 226), 
        Majority = list(Freqs = structure(c(1, 0, 8, 432, 0, 
        0, 0, 1, 0, 3, 0, 0), .Dim = c(6L, 2L), .Dimnames = list(
            c("-3", "-2", "-1", "0", "1", "2"), c("C", "T"))), 
            N = 445)), `2` = structure(c(0, 0, 2, 358, 0, 0, 
    0, 0, 0, 0, 0, 0), .Dim = c(6L, 2L), .Dimnames = list(c("-3", 
    "-2", "-1", "0", "1", "2"), c("C", "T"))))))
