Results <-
list(`bwa.out//20220204//16D2889_S4.sam` = list(LR24_SNP1 = list(
    All = list(Freqs = structure(c(103L, 5116L, 13L, 4L, 0L, 
    6L, 0L, 0L, 0L, 48L, 0L, 0L), .Dim = 4:3, .Dimnames = structure(list(
        c("-1", "0", "1", NA), c("A", "G", NA)), .Names = c("", 
    "")), class = "table"), N = 5290L), Tag.Distribution = structure(c(`1` = 346L, 
    `2` = 212L, `3` = 150L, `4` = 122L, `5` = 106L, `6` = 77L, 
    `7` = 59L, `8` = 46L, `9` = 29L, `10` = 20L, `11` = 25L, 
    `12` = 21L, `13` = 5L, `14` = 12L, `15` = 3L, `16` = 4L, 
    `17` = 3L, `18` = 4L, `19` = 3L, `20` = 1L, `23` = 2L, `24` = 2L, 
    `25` = 1L, `29` = 1L), .Dim = 24L, .Dimnames = list(TagUsage = c("1", 
    "2", "3", "4", "5", "6", "7", "8", "9", "10", "11", "12", 
    "13", "14", "15", "16", "17", "18", "19", "20", "23", "24", 
    "25", "29")), class = "table"), No.Tag = structure(c(14L, 
    111L, 0L, 0L, 0L, 1L, 0L, 0L, 0L, 5L, 0L, 0L), .Dim = 4:3, .Dimnames = structure(list(
        c("-1", "0", "1", NA), c("A", "G", NA)), .Names = c("", 
    "")), class = "table"), All.Tags = list(Concordant = list(
        Freqs = structure(c(16, 1182, 1, 0, 0, 0), .Dim = 3:2, .Dimnames = list(
            c("-1", "0", "1"), c("A", "G"))), N = 1199), Majority = list(
        Freqs = structure(c(19, 1227, 1, 0, 0, 0), .Dim = 3:2, .Dimnames = list(
            c("-1", "0", "1"), c("A", "G"))), N = 1247)), `2` = structure(c(12, 
    893, 1, 0, 0, 0), .Dim = 3:2, .Dimnames = list(c("-1", "0", 
    "1"), c("A", "G"))))))
