Results <-
list(`bwa.out//20220204//BlindCMMRD65_S24.sam` = list(GM26_SNP1 = list(
    All = list(Freqs = structure(c(0L, 15L, 1900L, 10L, 2L, 1L, 
    12L, 2093L, 7L, 0L, 0L, 0L, 1L, 0L, 0L, 0L, 1L, 40L, 0L, 
    0L), .Dim = 5:4, .Dimnames = structure(list(c("-2", "-1", 
    "0", "1", NA), c("A", "G", "T", NA)), .Names = c("", "")), class = "table"), 
        N = 4082L), Tag.Distribution = structure(c(`1` = 93L, 
    `2` = 68L, `3` = 51L, `4` = 44L, `5` = 44L, `6` = 40L, `7` = 28L, 
    `8` = 27L, `9` = 27L, `10` = 25L, `11` = 20L, `12` = 12L, 
    `13` = 23L, `14` = 12L, `15` = 11L, `16` = 7L, `17` = 10L, 
    `18` = 13L, `19` = 6L, `20` = 5L, `21` = 2L, `22` = 1L, `23` = 1L, 
    `24` = 1L, `25` = 4L, `27` = 1L, `29` = 2L, `30` = 1L, `41` = 1L
    ), .Dim = 29L, .Dimnames = list(TagUsage = c("1", "2", "3", 
    "4", "5", "6", "7", "8", "9", "10", "11", "12", "13", "14", 
    "15", "16", "17", "18", "19", "20", "21", "22", "23", "24", 
    "25", "27", "29", "30", "41")), class = "table"), No.Tag = structure(c(0L, 
    0L, 23L, 0L, 0L, 0L, 0L, 39L, 0L, 0L, 0L, 0L, 0L, 0L, 0L, 
    0L, 0L, 4L, 0L, 0L), .Dim = 5:4, .Dimnames = structure(list(
        c("-2", "-1", "0", "1", NA), c("A", "G", "T", NA)), .Names = c("", 
    "")), class = "table"), All.Tags = list(Concordant = list(
        Freqs = structure(c(0, 0, 233, 0, 0, 0, 273, 0, 0, 0, 
        0, 0), .Dim = 4:3, .Dimnames = list(c("-2", "-1", "0", 
        "1"), c("A", "G", "T"))), N = 506), Majority = list(Freqs = structure(c(0, 
    0, 270, 0, 0, 0, 301, 0, 0, 0, 0, 0), .Dim = 4:3, .Dimnames = list(
        c("-2", "-1", "0", "1"), c("A", "G", "T"))), N = 571)), 
    `2` = structure(c(0, 0, 227, 0, 0, 0, 257, 0, 0, 0, 0, 0), .Dim = 4:3, .Dimnames = list(
        c("-2", "-1", "0", "1"), c("A", "G", "T"))))))
