Results <-
list(`bwa.out//20220204//BlindCMMRD79_S38.sam` = list(LR48_SNP1 = list(
    All = list(Freqs = structure(c(1L, 44L, 2063L, 26L, 2L, 9L, 
    0L, 0L, 1L, 0L, 0L, 0L, 0L, 52L, 2126L, 35L, 1L, 5L, 0L, 
    2L, 77L, 1L, 0L, 0L), .Dim = c(6L, 4L), .Dimnames = structure(list(
        c("-2", "-1", "0", "1", "2", NA), c("C", "G", "T", NA
        )), .Names = c("", "")), class = "table"), N = 4445L), 
    Tag.Distribution = structure(c(`1` = 71L, `2` = 31L, `3` = 37L, 
    `4` = 31L, `5` = 33L, `6` = 26L, `7` = 28L, `8` = 25L, `9` = 18L, 
    `10` = 27L, `11` = 14L, `12` = 12L, `13` = 12L, `14` = 9L, 
    `15` = 15L, `16` = 15L, `17` = 11L, `18` = 6L, `19` = 10L, 
    `20` = 5L, `21` = 6L, `22` = 6L, `23` = 3L, `24` = 5L, `25` = 4L, 
    `26` = 2L, `27` = 5L, `28` = 3L, `29` = 3L, `30` = 2L, `32` = 1L, 
    `33` = 1L, `37` = 1L, `40` = 2L, `42` = 1L), .Dim = 35L, .Dimnames = list(
        TagUsage = c("1", "2", "3", "4", "5", "6", "7", "8", 
        "9", "10", "11", "12", "13", "14", "15", "16", "17", 
        "18", "19", "20", "21", "22", "23", "24", "25", "26", 
        "27", "28", "29", "30", "32", "33", "37", "40", "42")), class = "table"), 
    No.Tag = structure(c(0L, 1L, 10L, 0L, 0L, 1L, 0L, 0L, 0L, 
    0L, 0L, 0L, 0L, 3L, 90L, 0L, 0L, 0L, 0L, 0L, 4L, 0L, 0L, 
    0L), .Dim = c(6L, 4L), .Dimnames = structure(list(c("-2", 
    "-1", "0", "1", "2", NA), c("C", "G", "T", NA)), .Names = c("", 
    "")), class = "table"), All.Tags = list(Concordant = list(
        Freqs = structure(c(0, 0, 173, 0, 0, 0, 0, 0, 0, 0, 0, 
        1, 164, 1, 0), .Dim = c(5L, 3L), .Dimnames = list(c("-2", 
        "-1", "0", "1", "2"), c("C", "G", "T"))), N = 339), Majority = list(
        Freqs = structure(c(0, 0, 235, 0, 0, 0, 0, 0, 0, 0, 0, 
        1, 229, 2, 0), .Dim = c(5L, 3L), .Dimnames = list(c("-2", 
        "-1", "0", "1", "2"), c("C", "G", "T"))), N = 467)), 
    `2` = structure(c(0, 0, 200, 0, 0, 0, 0, 0, 0, 0, 0, 0, 205, 
    1, 0), .Dim = c(5L, 3L), .Dimnames = list(c("-2", "-1", "0", 
    "1", "2"), c("C", "G", "T"))))))
