Results <-
list(`bwa.out//20220204//BlindCMMRD56_S15.sam` = list(LR52_SNP1 = list(
    All = list(Freqs = structure(c(5L, 62L, 507L, 2348L, 37L, 
    1L, 68L, 0L, 0L, 0L, 3L, 0L, 0L, 0L, 1L, 2L, 29L, 923L, 9L, 
    0L, 0L), .Dim = c(7L, 3L), .Dimnames = structure(list(c("-3", 
    "-2", "-1", "0", "1", "2", NA), c("C", "T", NA)), .Names = c("", 
    "")), class = "table"), N = 3995L), Tag.Distribution = structure(c(`1` = 79L, 
    `2` = 48L, `3` = 35L, `4` = 44L, `5` = 30L, `6` = 26L, `7` = 33L, 
    `8` = 22L, `9` = 14L, `10` = 24L, `11` = 7L, `12` = 10L, 
    `13` = 16L, `14` = 16L, `15` = 16L, `16` = 12L, `17` = 9L, 
    `18` = 7L, `19` = 10L, `20` = 5L, `21` = 6L, `22` = 8L, `23` = 1L, 
    `24` = 4L, `26` = 3L, `28` = 1L, `30` = 1L, `31` = 2L, `32` = 1L, 
    `36` = 1L, `38` = 1L, `46` = 1L), .Dim = 32L, .Dimnames = list(
        TagUsage = c("1", "2", "3", "4", "5", "6", "7", "8", 
        "9", "10", "11", "12", "13", "14", "15", "16", "17", 
        "18", "19", "20", "21", "22", "23", "24", "26", "28", 
        "30", "31", "32", "36", "38", "46")), class = "table"), 
    No.Tag = structure(c(1L, 5L, 12L, 27L, 0L, 0L, 2L, 0L, 0L, 
    0L, 0L, 0L, 0L, 0L, 0L, 0L, 1L, 11L, 0L, 0L, 0L), .Dim = c(7L, 
    3L), .Dimnames = structure(list(c("-3", "-2", "-1", "0", 
    "1", "2", NA), c("C", "T", NA)), .Names = c("", "")), class = "table"), 
    All.Tags = list(Concordant = list(Freqs = structure(c(0, 
    4, 27, 229, 4, 0, 0, 0, 0, 3, 0, 0), .Dim = c(6L, 2L), .Dimnames = list(
        c("-3", "-2", "-1", "0", "1", "2"), c("C", "T"))), N = 267), 
        Majority = list(Freqs = structure(c(0, 5, 44, 390, 9, 
        0, 0, 0, 0, 3, 0, 0), .Dim = c(6L, 2L), .Dimnames = list(
            c("-3", "-2", "-1", "0", "1", "2"), c("C", "T"))), 
            N = 451)), `2` = structure(c(0, 3, 35, 350, 5, 0, 
    0, 0, 0, 0, 0, 0), .Dim = c(6L, 2L), .Dimnames = list(c("-3", 
    "-2", "-1", "0", "1", "2"), c("C", "T"))))))
