Results <-
list(`bwa.out//20220204//BlindCMMRD84_S43.sam` = list(LR46_SNP1 = list(
    All = list(Freqs = structure(c(11L, 2215L, 6L, 5L, 12L, 2084L, 
    4L, 1L, 0L, 18L, 0L, 0L), .Dim = 4:3, .Dimnames = structure(list(
        c("-1", "0", "1", NA), c("G", "T", NA)), .Names = c("", 
    "")), class = "table"), N = 4356L), Tag.Distribution = structure(c(`1` = 111L, 
    `2` = 44L, `3` = 35L, `4` = 32L, `5` = 37L, `6` = 36L, `7` = 25L, 
    `8` = 22L, `9` = 19L, `10` = 17L, `11` = 16L, `12` = 11L, 
    `13` = 17L, `14` = 15L, `15` = 8L, `16` = 7L, `17` = 7L, 
    `18` = 5L, `19` = 7L, `20` = 4L, `21` = 8L, `22` = 5L, `23` = 6L, 
    `24` = 4L, `25` = 5L, `27` = 4L, `28` = 4L, `29` = 4L, `30` = 1L, 
    `31` = 1L, `32` = 1L, `34` = 1L, `35` = 1L, `36` = 1L, `38` = 1L, 
    `39` = 1L, `40` = 1L, `44` = 1L), .Dim = 38L, .Dimnames = list(
        TagUsage = c("1", "2", "3", "4", "5", "6", "7", "8", 
        "9", "10", "11", "12", "13", "14", "15", "16", "17", 
        "18", "19", "20", "21", "22", "23", "24", "25", "27", 
        "28", "29", "30", "31", "32", "34", "35", "36", "38", 
        "39", "40", "44")), class = "table"), No.Tag = structure(c(0L, 
    35L, 0L, 1L, 0L, 68L, 0L, 0L, 0L, 2L, 0L, 0L), .Dim = 4:3, .Dimnames = structure(list(
        c("-1", "0", "1", NA), c("G", "T", NA)), .Names = c("", 
    "")), class = "table"), All.Tags = list(Concordant = list(
        Freqs = structure(c(1, 231, 0, 0, 247, 0), .Dim = 3:2, .Dimnames = list(
            c("-1", "0", "1"), c("G", "T"))), N = 479), Majority = list(
        Freqs = structure(c(1, 252, 0, 0, 269, 0), .Dim = 3:2, .Dimnames = list(
            c("-1", "0", "1"), c("G", "T"))), N = 522)), `2` = structure(c(0, 
    204, 0, 0, 209, 0), .Dim = 3:2, .Dimnames = list(c("-1", 
    "0", "1"), c("G", "T"))))))
