Results <-
list(`bwa.out//20220204//Control25_S18.sam` = list(LR49_SNP1 = list(
    All = list(Freqs = structure(c(1L, 896L, 1L, 0L, 2L, 892L, 
    0L, 1L, 0L, 12L, 0L, 0L), .Dim = 4:3, .Dimnames = structure(list(
        c("-1", "0", "1", NA), c("A", "G", NA)), .Names = c("", 
    "")), class = "table"), N = 1805L), Tag.Distribution = structure(c(`1` = 52L, 
    `2` = 28L, `3` = 28L, `4` = 20L, `5` = 22L, `6` = 13L, `7` = 16L, 
    `8` = 12L, `9` = 8L, `10` = 8L, `11` = 10L, `12` = 11L, `13` = 6L, 
    `14` = 4L, `15` = 3L, `16` = 3L, `17` = 3L, `18` = 4L, `20` = 2L, 
    `21` = 2L, `22` = 1L, `23` = 3L, `25` = 1L, `26` = 2L, `30` = 1L, 
    `38` = 1L), .Dim = 26L, .Dimnames = list(TagUsage = c("1", 
    "2", "3", "4", "5", "6", "7", "8", "9", "10", "11", "12", 
    "13", "14", "15", "16", "17", "18", "20", "21", "22", "23", 
    "25", "26", "30", "38")), class = "table"), No.Tag = structure(c(0L, 
    40L, 0L, 0L, 0L, 33L, 0L, 0L, 0L, 2L, 0L, 0L), .Dim = 4:3, .Dimnames = structure(list(
        c("-1", "0", "1", NA), c("A", "G", NA)), .Names = c("", 
    "")), class = "table"), All.Tags = list(Concordant = list(
        Freqs = structure(c(0, 123, 0, 1, 124, 0), .Dim = 3:2, .Dimnames = list(
            c("-1", "0", "1"), c("A", "G"))), N = 248), Majority = list(
        Freqs = structure(c(0, 133, 0, 1, 126, 0), .Dim = 3:2, .Dimnames = list(
            c("-1", "0", "1"), c("A", "G"))), N = 260)), `2` = structure(c(0, 
    101, 0, 0, 109, 0), .Dim = 3:2, .Dimnames = list(c("-1", 
    "0", "1"), c("A", "G"))))))
