Results <-
list(`bwa.out//20220204//BlindCMMRD50_S10.sam` = list(LR20_SNP1 = list(
    All = list(Freqs = structure(c(0L, 5L, 0L, 1L, 5L, 4350L, 
    8L, 3L, 0L, 1L, 0L, 0L, 0L, 44L, 0L, 0L), .Dim = c(4L, 4L
    ), .Dimnames = structure(list(c("-1", "0", "1", NA), c("A", 
    "G", "T", NA)), .Names = c("", "")), class = "table"), N = 4417L), 
    Tag.Distribution = structure(c(`1` = 93L, `2` = 36L, `3` = 29L, 
    `4` = 22L, `5` = 13L, `6` = 14L, `7` = 7L, `8` = 12L, `9` = 13L, 
    `10` = 13L, `11` = 7L, `12` = 6L, `13` = 12L, `14` = 7L, 
    `15` = 4L, `16` = 10L, `17` = 5L, `18` = 6L, `19` = 3L, `20` = 3L, 
    `21` = 7L, `23` = 4L, `24` = 5L, `25` = 7L, `26` = 2L, `27` = 3L, 
    `28` = 5L, `29` = 2L, `30` = 2L, `31` = 3L, `32` = 1L, `33` = 2L, 
    `34` = 4L, `35` = 3L, `36` = 1L, `37` = 2L, `39` = 3L, `40` = 2L, 
    `41` = 3L, `42` = 2L, `43` = 3L, `45` = 1L, `46` = 2L, `47` = 2L, 
    `48` = 1L, `49` = 1L, `51` = 2L, `52` = 1L, `58` = 1L), .Dim = 49L, .Dimnames = list(
        TagUsage = c("1", "2", "3", "4", "5", "6", "7", "8", 
        "9", "10", "11", "12", "13", "14", "15", "16", "17", 
        "18", "19", "20", "21", "23", "24", "25", "26", "27", 
        "28", "29", "30", "31", "32", "33", "34", "35", "36", 
        "37", "39", "40", "41", "42", "43", "45", "46", "47", 
        "48", "49", "51", "52", "58")), class = "table"), No.Tag = structure(c(0L, 
    1L, 0L, 0L, 0L, 58L, 0L, 2L, 0L, 0L, 0L, 0L, 0L, 2L, 0L, 
    0L), .Dim = c(4L, 4L), .Dimnames = structure(list(c("-1", 
    "0", "1", NA), c("A", "G", "T", NA)), .Names = c("", "")), class = "table"), 
    All.Tags = list(Concordant = list(Freqs = structure(c(0, 
    3, 0, 0, 365, 0, 0, 0, 0), .Dim = c(3L, 3L), .Dimnames = list(
        c("-1", "0", "1"), c("A", "G", "T"))), N = 368), Majority = list(
        Freqs = structure(c(0, 3, 0, 0, 379, 0, 0, 0, 0), .Dim = c(3L, 
        3L), .Dimnames = list(c("-1", "0", "1"), c("A", "G", 
        "T"))), N = 382)), `2` = structure(c(0, 0, 0, 0, 298, 
    0, 0, 0, 0), .Dim = c(3L, 3L), .Dimnames = list(c("-1", "0", 
    "1"), c("A", "G", "T"))))))
