Results <-
list(`bwa.out//20220204//BlindCMMRD46_S6.sam` = list(GM17_SNP1 = list(
    All = list(Freqs = structure(c(0L, 3L, 0L, 0L, 59L, 3876L, 
    9L, 1L, 0L, 25L, 0L, 0L), .Dim = 4:3, .Dimnames = structure(list(
        c("-1", "0", "1", NA), c("C", "T", NA)), .Names = c("", 
    "")), class = "table"), N = 3973L), Tag.Distribution = structure(c(`1` = 63L, 
    `2` = 10L, `3` = 17L, `4` = 20L, `5` = 22L, `6` = 16L, `7` = 14L, 
    `8` = 11L, `9` = 20L, `10` = 15L, `11` = 8L, `12` = 10L, 
    `13` = 13L, `14` = 11L, `15` = 8L, `16` = 5L, `17` = 9L, 
    `18` = 1L, `19` = 1L, `20` = 6L, `21` = 10L, `22` = 2L, `23` = 4L, 
    `24` = 6L, `25` = 3L, `26` = 2L, `27` = 3L, `28` = 4L, `29` = 3L, 
    `30` = 3L, `31` = 3L, `32` = 1L, `33` = 1L, `34` = 1L, `35` = 6L, 
    `37` = 1L, `38` = 1L, `39` = 1L, `42` = 2L, `43` = 2L, `44` = 2L, 
    `45` = 1L, `50` = 2L, `52` = 1L), .Dim = 44L, .Dimnames = list(
        TagUsage = c("1", "2", "3", "4", "5", "6", "7", "8", 
        "9", "10", "11", "12", "13", "14", "15", "16", "17", 
        "18", "19", "20", "21", "22", "23", "24", "25", "26", 
        "27", "28", "29", "30", "31", "32", "33", "34", "35", 
        "37", "38", "39", "42", "43", "44", "45", "50", "52")), class = "table"), 
    No.Tag = structure(c(0L, 1L, 0L, 0L, 0L, 33L, 0L, 0L, 0L, 
    4L, 0L, 0L), .Dim = 4:3, .Dimnames = structure(list(c("-1", 
    "0", "1", NA), c("C", "T", NA)), .Names = c("", "")), class = "table"), 
    All.Tags = list(Concordant = list(Freqs = structure(c(0, 
    1, 0, 0, 293, 0), .Dim = 3:2, .Dimnames = list(c("-1", "0", 
    "1"), c("C", "T"))), N = 294), Majority = list(Freqs = structure(c(0, 
    1, 0, 1, 339, 0), .Dim = 3:2, .Dimnames = list(c("-1", "0", 
    "1"), c("C", "T"))), N = 341)), `2` = structure(c(0, 0, 0, 
    1, 280, 0), .Dim = 3:2, .Dimnames = list(c("-1", "0", "1"
    ), c("C", "T"))))))
