Results <-
list(`bwa.out//20220204//BlindCMMRD120_S46.sam` = list(GM29_SNP1 = list(
    All = list(Freqs = structure(c(1L, 73L, 4471L, 4L, 19L, 0L, 
    0L, 3L, 0L, 0L, 0L, 1L, 28L, 0L, 0L), .Dim = c(5L, 3L), .Dimnames = structure(list(
        c("-3", "-1", "0", "1", NA), c("A", "G", NA)), .Names = c("", 
    "")), class = "table"), N = 4600L), Tag.Distribution = structure(c(`1` = 170L, 
    `2` = 113L, `3` = 108L, `4` = 90L, `5` = 76L, `6` = 67L, 
    `7` = 45L, `8` = 33L, `9` = 27L, `10` = 24L, `11` = 29L, 
    `12` = 16L, `13` = 13L, `14` = 8L, `15` = 4L, `16` = 10L, 
    `17` = 7L, `18` = 5L, `19` = 4L, `21` = 1L, `22` = 1L, `29` = 1L, 
    `30` = 2L, `35` = 1L, `40` = 1L, `43` = 1L), .Dim = 26L, .Dimnames = list(
        TagUsage = c("1", "2", "3", "4", "5", "6", "7", "8", 
        "9", "10", "11", "12", "13", "14", "15", "16", "17", 
        "18", "19", "21", "22", "29", "30", "35", "40", "43")), class = "table"), 
    No.Tag = structure(c(0L, 2L, 123L, 1L, 2L, 0L, 0L, 0L, 0L, 
    0L, 0L, 0L, 1L, 0L, 0L), .Dim = c(5L, 3L), .Dimnames = structure(list(
        c("-3", "-1", "0", "1", NA), c("A", "G", NA)), .Names = c("", 
    "")), class = "table"), All.Tags = list(Concordant = list(
        Freqs = structure(c(0, 2, 792, 0, 0, 0, 2, 0), .Dim = c(4L, 
        2L), .Dimnames = list(c("-3", "-1", "0", "1"), c("A", 
        "G"))), N = 796), Majority = list(Freqs = structure(c(0, 
    4, 842, 0, 0, 0, 2, 0), .Dim = c(4L, 2L), .Dimnames = list(
        c("-3", "-1", "0", "1"), c("A", "G"))), N = 848)), `2` = structure(c(0, 
    2, 679, 0, 0, 0, 0, 0), .Dim = c(4L, 2L), .Dimnames = list(
        c("-3", "-1", "0", "1"), c("A", "G"))))))
