Results <-
list(`bwa.out//20220204//BlindCMMRD121_S47.sam` = list(LR46_SNP1 = list(
    All = list(Freqs = structure(c(0L, 4L, 0L, 0L, 0L, 3L, 0L, 
    0L, 4L, 1773L, 5L, 4L, 1L, 1488L, 1L, 1L, 0L, 5L, 0L, 0L), .Dim = 4:5, .Dimnames = structure(list(
        c("-1", "0", "1", NA), c("A", "C", "G", "T", NA)), .Names = c("", 
    "")), class = "table"), N = 3289L), Tag.Distribution = structure(c(`1` = 170L, 
    `2` = 144L, `3` = 106L, `4` = 95L, `5` = 71L, `6` = 54L, 
    `7` = 36L, `8` = 28L, `9` = 25L, `10` = 19L, `11` = 14L, 
    `12` = 8L, `13` = 7L, `14` = 3L, `15` = 3L, `16` = 2L, `17` = 1L, 
    `21` = 1L), .Dim = 18L, .Dimnames = list(TagUsage = c("1", 
    "2", "3", "4", "5", "6", "7", "8", "9", "10", "11", "12", 
    "13", "14", "15", "16", "17", "21")), class = "table"), No.Tag = structure(c(0L, 
    0L, 0L, 0L, 0L, 0L, 0L, 0L, 0L, 42L, 0L, 0L, 0L, 22L, 0L, 
    0L, 0L, 1L, 0L, 0L), .Dim = 4:5, .Dimnames = structure(list(
        c("-1", "0", "1", NA), c("A", "C", "G", "T", NA)), .Names = c("", 
    "")), class = "table"), All.Tags = list(Concordant = list(
        Freqs = structure(c(0, 0, 0, 0, 0, 0, 0, 360, 0, 0, 345, 
        1), .Dim = 3:4, .Dimnames = list(c("-1", "0", "1"), c("A", 
        "C", "G", "T"))), N = 706), Majority = list(Freqs = structure(c(0, 
    0, 0, 0, 0, 0, 0, 405, 0, 0, 369, 1), .Dim = 3:4, .Dimnames = list(
        c("-1", "0", "1"), c("A", "C", "G", "T"))), N = 775)), 
    `2` = structure(c(0, 0, 0, 0, 0, 0, 0, 328, 0, 0, 277, 0), .Dim = 3:4, .Dimnames = list(
        c("-1", "0", "1"), c("A", "C", "G", "T"))))))
