Results <-
list(`bwa.out//20220204//BlindCMMRD45_S5.sam` = list(GM14_SNP1 = list(
    All = list(Freqs = structure(c(3L, 69L, 2213L, 12L, 4L, 0L, 
    0L, 3L, 0L, 0L, 0L, 0L, 17L, 0L, 0L), .Dim = c(5L, 3L), .Dimnames = structure(list(
        c("-2", "-1", "0", "1", NA), c("C", "T", NA)), .Names = c("", 
    "")), class = "table"), N = 2321L), Tag.Distribution = structure(c(`1` = 50L, 
    `2` = 13L, `3` = 16L, `4` = 11L, `5` = 9L, `6` = 16L, `7` = 10L, 
    `8` = 8L, `9` = 10L, `10` = 7L, `11` = 5L, `12` = 7L, `13` = 3L, 
    `14` = 4L, `15` = 4L, `16` = 2L, `17` = 3L, `18` = 2L, `19` = 3L, 
    `20` = 6L, `21` = 3L, `22` = 3L, `23` = 2L, `24` = 1L, `25` = 2L, 
    `26` = 4L, `27` = 2L, `28` = 1L, `30` = 3L, `31` = 1L, `35` = 1L, 
    `36` = 2L, `38` = 1L, `41` = 1L, `42` = 1L, `44` = 1L, `49` = 1L, 
    `51` = 1L, `57` = 1L, `58` = 1L, `61` = 1L), .Dim = 41L, .Dimnames = list(
        TagUsage = c("1", "2", "3", "4", "5", "6", "7", "8", 
        "9", "10", "11", "12", "13", "14", "15", "16", "17", 
        "18", "19", "20", "21", "22", "23", "24", "25", "26", 
        "27", "28", "30", "31", "35", "36", "38", "41", "42", 
        "44", "49", "51", "57", "58", "61")), class = "table"), 
    No.Tag = structure(c(0L, 1L, 22L, 0L, 0L, 0L, 0L, 1L, 0L, 
    0L, 0L, 0L, 0L, 0L, 0L), .Dim = c(5L, 3L), .Dimnames = structure(list(
        c("-2", "-1", "0", "1", NA), c("C", "T", NA)), .Names = c("", 
    "")), class = "table"), All.Tags = list(Concordant = list(
        Freqs = structure(c(0, 1, 166, 0, 0, 0, 1, 0), .Dim = c(4L, 
        2L), .Dimnames = list(c("-2", "-1", "0", "1"), c("C", 
        "T"))), N = 168), Majority = list(Freqs = structure(c(0, 
    1, 216, 0, 0, 0, 1, 0), .Dim = c(4L, 2L), .Dimnames = list(
        c("-2", "-1", "0", "1"), c("C", "T"))), N = 218)), `2` = structure(c(0, 
    1, 170, 0, 0, 0, 0, 0), .Dim = c(4L, 2L), .Dimnames = list(
        c("-2", "-1", "0", "1"), c("C", "T"))))))
