Results <-
list(`bwa.out//20220204//BlindCMMRD45_S5.sam` = list(LR11_SNP1 = list(
    All = list(Freqs = structure(c(0L, 1L, 45L, 0L, 0L, 3L, 67L, 
    3189L, 15L, 9L, 0L, 2L, 111L, 2L, 0L), .Dim = c(5L, 3L), .Dimnames = structure(list(
        c("-2", "-1", "0", "1", NA), c("A", "C", NA)), .Names = c("", 
    "")), class = "table"), N = 3444L), Tag.Distribution = structure(c(`1` = 51L, 
    `2` = 21L, `3` = 14L, `4` = 19L, `5` = 9L, `6` = 15L, `7` = 7L, 
    `8` = 6L, `9` = 12L, `10` = 4L, `11` = 8L, `12` = 8L, `13` = 9L, 
    `14` = 5L, `15` = 10L, `16` = 5L, `17` = 7L, `18` = 4L, `19` = 1L, 
    `20` = 5L, `21` = 2L, `22` = 5L, `23` = 3L, `24` = 2L, `25` = 3L, 
    `26` = 4L, `27` = 2L, `28` = 2L, `29` = 7L, `30` = 2L, `31` = 2L, 
    `32` = 1L, `33` = 2L, `34` = 3L, `36` = 1L, `37` = 1L, `38` = 1L, 
    `44` = 3L, `45` = 1L, `46` = 2L, `48` = 2L, `49` = 2L, `50` = 2L, 
    `74` = 2L), .Dim = 44L, .Dimnames = list(TagUsage = c("1", 
    "2", "3", "4", "5", "6", "7", "8", "9", "10", "11", "12", 
    "13", "14", "15", "16", "17", "18", "19", "20", "21", "22", 
    "23", "24", "25", "26", "27", "28", "29", "30", "31", "32", 
    "33", "34", "36", "37", "38", "44", "45", "46", "48", "49", 
    "50", "74")), class = "table"), No.Tag = structure(c(0L, 
    0L, 0L, 0L, 0L, 0L, 0L, 35L, 1L, 1L, 0L, 0L, 0L, 0L, 0L), .Dim = c(5L, 
    3L), .Dimnames = structure(list(c("-2", "-1", "0", "1", NA
    ), c("A", "C", NA)), .Names = c("", "")), class = "table"), 
    All.Tags = list(Concordant = list(Freqs = structure(c(0, 
    0, 2, 0, 0, 0, 212, 0), .Dim = c(4L, 2L), .Dimnames = list(
        c("-2", "-1", "0", "1"), c("A", "C"))), N = 214), Majority = list(
        Freqs = structure(c(0, 0, 3, 0, 0, 0, 271, 0), .Dim = c(4L, 
        2L), .Dimnames = list(c("-2", "-1", "0", "1"), c("A", 
        "C"))), N = 274)), `2` = structure(c(0, 0, 1, 0, 0, 0, 
    224, 0), .Dim = c(4L, 2L), .Dimnames = list(c("-2", "-1", 
    "0", "1"), c("A", "C"))))))
