Results <-
list(`bwa.out//20220204//Control15_S8.sam` = list(LR10_SNP1 = list(
    All = list(Freqs = structure(c(0L, 0L, 2L, 0L, 0L, 2L, 40L, 
    2531L, 9L, 2L, 0L, 1L, 29L, 0L, 0L), .Dim = c(5L, 3L), .Dimnames = structure(list(
        c("-2", "-1", "0", "1", NA), c("C", "T", NA)), .Names = c("", 
    "")), class = "table"), N = 2616L), Tag.Distribution = structure(c(`1` = 60L, 
    `2` = 43L, `3` = 20L, `4` = 20L, `5` = 30L, `6` = 21L, `7` = 20L, 
    `8` = 20L, `9` = 11L, `10` = 7L, `11` = 16L, `12` = 10L, 
    `13` = 8L, `14` = 6L, `15` = 6L, `16` = 6L, `17` = 5L, `18` = 5L, 
    `19` = 1L, `21` = 3L, `22` = 1L, `23` = 4L, `24` = 2L, `25` = 3L, 
    `26` = 2L, `27` = 1L, `28` = 1L, `29` = 1L, `30` = 2L, `31` = 1L, 
    `33` = 1L, `36` = 1L, `37` = 1L), .Dim = 33L, .Dimnames = list(
        TagUsage = c("1", "2", "3", "4", "5", "6", "7", "8", 
        "9", "10", "11", "12", "13", "14", "15", "16", "17", 
        "18", "19", "21", "22", "23", "24", "25", "26", "27", 
        "28", "29", "30", "31", "33", "36", "37")), class = "table"), 
    No.Tag = structure(c(0L, 0L, 0L, 0L, 0L, 0L, 1L, 81L, 1L, 
    0L, 0L, 0L, 5L, 0L, 0L), .Dim = c(5L, 3L), .Dimnames = structure(list(
        c("-2", "-1", "0", "1", NA), c("C", "T", NA)), .Names = c("", 
    "")), class = "table"), All.Tags = list(Concordant = list(
        Freqs = structure(c(0, 0, 2, 0, 0, 0, 296, 0), .Dim = c(4L, 
        2L), .Dimnames = list(c("-2", "-1", "0", "1"), c("C", 
        "T"))), N = 298), Majority = list(Freqs = structure(c(0, 
    0, 2, 0, 0, 1, 335, 0), .Dim = c(4L, 2L), .Dimnames = list(
        c("-2", "-1", "0", "1"), c("C", "T"))), N = 338)), `2` = structure(c(0, 
    0, 0, 0, 0, 1, 277, 0), .Dim = c(4L, 2L), .Dimnames = list(
        c("-2", "-1", "0", "1"), c("C", "T"))))))
