Results <-
list(`bwa.out//20220204//BlindCMMRD69_S28.sam` = list(GM29_SNP1 = list(
    All = list(Freqs = structure(c(19L, 1659L, 3L, 1L, 12L, 1542L, 
    2L, 4L, 1L, 35L, 0L, 0L), .Dim = 4:3, .Dimnames = structure(list(
        c("-1", "0", "1", NA), c("A", "G", NA)), .Names = c("", 
    "")), class = "table"), N = 3278L), Tag.Distribution = structure(c(`1` = 82L, 
    `2` = 49L, `3` = 44L, `4` = 40L, `5` = 39L, `6` = 32L, `7` = 20L, 
    `8` = 14L, `9` = 13L, `10` = 16L, `11` = 11L, `12` = 13L, 
    `13` = 10L, `14` = 7L, `15` = 9L, `16` = 5L, `17` = 5L, `18` = 7L, 
    `19` = 5L, `20` = 4L, `21` = 4L, `22` = 5L, `23` = 1L, `24` = 2L, 
    `26` = 1L, `27` = 4L, `29` = 2L, `31` = 1L, `35` = 1L, `37` = 1L, 
    `40` = 1L, `64` = 1L), .Dim = 32L, .Dimnames = list(TagUsage = c("1", 
    "2", "3", "4", "5", "6", "7", "8", "9", "10", "11", "12", 
    "13", "14", "15", "16", "17", "18", "19", "20", "21", "22", 
    "23", "24", "26", "27", "29", "31", "35", "37", "40", "64"
    )), class = "table"), No.Tag = structure(c(0L, 49L, 0L, 0L, 
    0L, 69L, 1L, 1L, 0L, 0L, 0L, 0L), .Dim = 4:3, .Dimnames = structure(list(
        c("-1", "0", "1", NA), c("A", "G", NA)), .Names = c("", 
    "")), class = "table"), All.Tags = list(Concordant = list(
        Freqs = structure(c(2, 197, 0, 0, 184, 0), .Dim = 3:2, .Dimnames = list(
            c("-1", "0", "1"), c("A", "G"))), N = 383), Majority = list(
        Freqs = structure(c(2, 228, 0, 0, 211, 0), .Dim = 3:2, .Dimnames = list(
            c("-1", "0", "1"), c("A", "G"))), N = 441)), `2` = structure(c(1, 
    184, 0, 0, 179, 0), .Dim = 3:2, .Dimnames = list(c("-1", 
    "0", "1"), c("A", "G"))))))
