Results <-
list(`bwa.out//20220204//BlindCMMRD58_S17.sam` = list(GM14_SNP1 = list(
    All = list(Freqs = structure(c(13L, 103L, 1452L, 10L, 1L, 
    1L, 87L, 1882L, 11L, 3L, 0L, 0L, 43L, 0L, 0L), .Dim = c(5L, 
    3L), .Dimnames = structure(list(c("-2", "-1", "0", "1", NA
    ), c("C", "T", NA)), .Names = c("", "")), class = "table"), 
        N = 3606L), Tag.Distribution = structure(c(`1` = 53L, 
    `2` = 12L, `3` = 12L, `4` = 10L, `5` = 7L, `6` = 9L, `7` = 5L, 
    `8` = 9L, `9` = 3L, `10` = 4L, `11` = 7L, `12` = 3L, `13` = 9L, 
    `14` = 8L, `15` = 3L, `16` = 6L, `17` = 7L, `18` = 3L, `19` = 3L, 
    `20` = 1L, `21` = 3L, `22` = 3L, `23` = 3L, `24` = 3L, `25` = 3L, 
    `28` = 1L, `29` = 4L, `31` = 2L, `32` = 5L, `33` = 2L, `35` = 1L, 
    `36` = 2L, `37` = 1L, `38` = 1L, `39` = 2L, `40` = 2L, `41` = 1L, 
    `42` = 3L, `43` = 1L, `44` = 1L, `45` = 1L, `47` = 2L, `48` = 1L, 
    `49` = 2L, `50` = 3L, `51` = 1L, `52` = 3L, `53` = 2L, `54` = 2L, 
    `56` = 1L, `61` = 2L), .Dim = 51L, .Dimnames = list(TagUsage = c("1", 
    "2", "3", "4", "5", "6", "7", "8", "9", "10", "11", "12", 
    "13", "14", "15", "16", "17", "18", "19", "20", "21", "22", 
    "23", "24", "25", "28", "29", "31", "32", "33", "35", "36", 
    "37", "38", "39", "40", "41", "42", "43", "44", "45", "47", 
    "48", "49", "50", "51", "52", "53", "54", "56", "61")), class = "table"), 
    No.Tag = structure(c(0L, 0L, 15L, 0L, 0L, 0L, 2L, 33L, 1L, 
    0L, 0L, 0L, 1L, 0L, 0L), .Dim = c(5L, 3L), .Dimnames = structure(list(
        c("-2", "-1", "0", "1", NA), c("C", "T", NA)), .Names = c("", 
    "")), class = "table"), All.Tags = list(Concordant = list(
        Freqs = structure(c(1, 3, 64, 0, 0, 3, 90, 0), .Dim = c(4L, 
        2L), .Dimnames = list(c("-2", "-1", "0", "1"), c("C", 
        "T"))), N = 161), Majority = list(Freqs = structure(c(1, 
    5, 98, 0, 0, 3, 129, 0), .Dim = c(4L, 2L), .Dimnames = list(
        c("-2", "-1", "0", "1"), c("C", "T"))), N = 236)), `2` = structure(c(1, 
    3, 76, 0, 0, 2, 103, 0), .Dim = c(4L, 2L), .Dimnames = list(
        c("-2", "-1", "0", "1"), c("C", "T"))))))
