Results <-
list(`bwa.out//20220204//BlindCMMRD113_S39.sam` = list(LR11_SNP1 = list(
    All = list(Freqs = structure(c(2L, 40L, 1466L, 5L, 0L, 9L, 
    1L, 43L, 1509L, 7L, 1L, 10L, 0L, 0L, 1L, 0L, 0L, 0L, 0L, 
    1L, 21L, 0L, 0L, 0L), .Dim = c(6L, 4L), .Dimnames = structure(list(
        c("-2", "-1", "0", "1", "2", NA), c("A", "C", "T", NA
        )), .Names = c("", "")), class = "table"), N = 3116L), 
    Tag.Distribution = structure(c(`1` = 211L, `2` = 160L, `3` = 115L, 
    `4` = 102L, `5` = 95L, `6` = 59L, `7` = 44L, `8` = 20L, `9` = 11L, 
    `10` = 12L, `11` = 7L, `12` = 5L, `13` = 1L, `14` = 1L, `15` = 2L, 
    `18` = 1L, `20` = 2L, `27` = 1L), .Dim = 18L, .Dimnames = list(
        TagUsage = c("1", "2", "3", "4", "5", "6", "7", "8", 
        "9", "10", "11", "12", "13", "14", "15", "18", "20", 
        "27")), class = "table"), No.Tag = structure(c(0L, 1L, 
    15L, 0L, 0L, 0L, 0L, 1L, 19L, 0L, 0L, 1L, 0L, 0L, 0L, 0L, 
    0L, 0L, 0L, 0L, 0L, 0L, 0L, 0L), .Dim = c(6L, 4L), .Dimnames = structure(list(
        c("-2", "-1", "0", "1", "2", NA), c("A", "C", "T", NA
        )), .Names = c("", "")), class = "table"), All.Tags = list(
        Concordant = list(Freqs = structure(c(0, 2, 359, 0, 0, 
        0, 5, 345, 1, 0, 0, 0, 0, 0, 0), .Dim = c(5L, 3L), .Dimnames = list(
            c("-2", "-1", "0", "1", "2"), c("A", "C", "T"))), 
            N = 712), Majority = list(Freqs = structure(c(0, 
        3, 411, 0, 0, 0, 6, 397, 1, 0, 0, 0, 0, 0, 0), .Dim = c(5L, 
        3L), .Dimnames = list(c("-2", "-1", "0", "1", "2"), c("A", 
        "C", "T"))), N = 818)), `2` = structure(c(0, 3, 306, 
    0, 0, 0, 1, 306, 0, 0, 0, 0, 0, 0, 0), .Dim = c(5L, 3L), .Dimnames = list(
        c("-2", "-1", "0", "1", "2"), c("A", "C", "T"))))))
