Results <-
list(`bwa.out//20220204//BlindCMMRD75_S34.sam` = list(LR24_SNP1 = list(
    All = list(Freqs = structure(c(0L, 0L, 0L, 6L, 0L, 0L, 1L, 
    1L, 23L, 4953L, 13L, 1L, 0L, 0L, 0L, 1L, 0L, 0L, 0L, 0L, 
    0L, 29L, 0L, 0L), .Dim = c(6L, 4L), .Dimnames = structure(list(
        c("-3", "-2", "-1", "0", "1", NA), c("A", "G", "T", NA
        )), .Names = c("", "")), class = "table"), N = 5028L), 
    Tag.Distribution = structure(c(`1` = 219L, `2` = 116L, `3` = 112L, 
    `4` = 78L, `5` = 62L, `6` = 70L, `7` = 48L, `8` = 51L, `9` = 41L, 
    `10` = 26L, `11` = 25L, `12` = 17L, `13` = 12L, `14` = 12L, 
    `15` = 9L, `16` = 5L, `17` = 6L, `18` = 5L, `19` = 2L, `20` = 2L, 
    `21` = 3L, `22` = 3L, `23` = 2L, `25` = 1L, `26` = 1L, `27` = 1L, 
    `28` = 1L, `33` = 1L, `39` = 1L), .Dim = 29L, .Dimnames = list(
        TagUsage = c("1", "2", "3", "4", "5", "6", "7", "8", 
        "9", "10", "11", "12", "13", "14", "15", "16", "17", 
        "18", "19", "20", "21", "22", "23", "25", "26", "27", 
        "28", "33", "39")), class = "table"), No.Tag = structure(c(0L, 
    0L, 0L, 0L, 0L, 0L, 0L, 0L, 2L, 176L, 0L, 0L, 0L, 0L, 0L, 
    0L, 0L, 0L, 0L, 0L, 0L, 7L, 0L, 0L), .Dim = c(6L, 4L), .Dimnames = structure(list(
        c("-3", "-2", "-1", "0", "1", NA), c("A", "G", "T", NA
        )), .Names = c("", "")), class = "table"), All.Tags = list(
        Concordant = list(Freqs = structure(c(0, 0, 0, 2, 0, 
        0, 0, 0, 890, 0, 0, 0, 0, 0, 0), .Dim = c(5L, 3L), .Dimnames = list(
            c("-3", "-2", "-1", "0", "1"), c("A", "G", "T"))), 
            N = 892), Majority = list(Freqs = structure(c(0, 
        0, 0, 2, 0, 0, 0, 0, 924, 0, 0, 0, 0, 0, 0), .Dim = c(5L, 
        3L), .Dimnames = list(c("-3", "-2", "-1", "0", "1"), 
            c("A", "G", "T"))), N = 926)), `2` = structure(c(0, 
    0, 0, 0, 0, 0, 0, 0, 712, 0, 0, 0, 0, 0, 0), .Dim = c(5L, 
    3L), .Dimnames = list(c("-3", "-2", "-1", "0", "1"), c("A", 
    "G", "T"))))))
