Results <-
list(`bwa.out//20220204//BlindCMMRD126_S52.sam` = list(GM09_SNP1 = list(
    All = list(Freqs = structure(c(24L, 5334L, 12L, 4L, 0L, 4L, 
    0L, 0L, 0L, 22L, 0L, 0L), .Dim = 4:3, .Dimnames = structure(list(
        c("-1", "0", "1", NA), c("A", "G", NA)), .Names = c("", 
    "")), class = "table"), N = 5400L), Tag.Distribution = structure(c(`1` = 312L, 
    `2` = 226L, `3` = 187L, `4` = 165L, `5` = 119L, `6` = 93L, 
    `7` = 55L, `8` = 49L, `9` = 30L, `10` = 23L, `11` = 16L, 
    `12` = 12L, `13` = 12L, `14` = 7L, `15` = 7L, `16` = 2L, 
    `17` = 2L, `18` = 1L, `19` = 2L, `20` = 1L, `23` = 1L, `28` = 1L
    ), .Dim = 22L, .Dimnames = list(TagUsage = c("1", "2", "3", 
    "4", "5", "6", "7", "8", "9", "10", "11", "12", "13", "14", 
    "15", "16", "17", "18", "19", "20", "23", "28")), class = "table"), 
    No.Tag = structure(c(0L, 111L, 0L, 0L, 0L, 1L, 0L, 0L, 0L, 
    1L, 0L, 0L), .Dim = 4:3, .Dimnames = structure(list(c("-1", 
    "0", "1", NA), c("A", "G", NA)), .Names = c("", "")), class = "table"), 
    All.Tags = list(Concordant = list(Freqs = structure(c(0, 
    1282, 1, 0, 2, 0), .Dim = 3:2, .Dimnames = list(c("-1", "0", 
    "1"), c("A", "G"))), N = 1285), Majority = list(Freqs = structure(c(0, 
    1315, 1, 0, 2, 0), .Dim = 3:2, .Dimnames = list(c("-1", "0", 
    "1"), c("A", "G"))), N = 1318)), `2` = structure(c(0, 1009, 
    0, 0, 0, 0), .Dim = 3:2, .Dimnames = list(c("-1", "0", "1"
    ), c("A", "G"))))))
