Results <-
list(`bwa.out//20220204//BlindCMMRD68_S27.sam` = list(GM26_SNP1 = list(
    All = list(Freqs = structure(c(2L, 15L, 1402L, 3L, 1L, 0L, 
    9L, 1633L, 5L, 3L, 0L, 0L, 1L, 0L, 0L, 0L, 0L, 31L, 0L, 0L
    ), .Dim = 5:4, .Dimnames = structure(list(c("-2", "-1", "0", 
    "1", NA), c("A", "G", "T", NA)), .Names = c("", "")), class = "table"), 
        N = 3105L), Tag.Distribution = structure(c(`1` = 95L, 
    `2` = 52L, `3` = 41L, `4` = 34L, `5` = 32L, `6` = 31L, `7` = 26L, 
    `8` = 19L, `9` = 14L, `10` = 11L, `11` = 11L, `12` = 11L, 
    `13` = 12L, `14` = 12L, `15` = 10L, `16` = 4L, `17` = 8L, 
    `18` = 6L, `19` = 5L, `20` = 5L, `21` = 3L, `22` = 2L, `23` = 3L, 
    `24` = 5L, `25` = 2L, `26` = 2L, `27` = 1L, `28` = 1L), .Dim = 28L, .Dimnames = list(
        TagUsage = c("1", "2", "3", "4", "5", "6", "7", "8", 
        "9", "10", "11", "12", "13", "14", "15", "16", "17", 
        "18", "19", "20", "21", "22", "23", "24", "25", "26", 
        "27", "28")), class = "table"), No.Tag = structure(c(0L, 
    0L, 18L, 0L, 1L, 0L, 1L, 23L, 1L, 1L, 0L, 0L, 0L, 0L, 0L, 
    0L, 0L, 3L, 0L, 0L), .Dim = 5:4, .Dimnames = structure(list(
        c("-2", "-1", "0", "1", NA), c("A", "G", "T", NA)), .Names = c("", 
    "")), class = "table"), All.Tags = list(Concordant = list(
        Freqs = structure(c(0, 0, 193, 0, 0, 0, 215, 0, 0, 0, 
        0, 0), .Dim = 4:3, .Dimnames = list(c("-2", "-1", "0", 
        "1"), c("A", "G", "T"))), N = 408), Majority = list(Freqs = structure(c(0, 
    0, 213, 0, 0, 0, 235, 0, 0, 0, 0, 0), .Dim = 4:3, .Dimnames = list(
        c("-2", "-1", "0", "1"), c("A", "G", "T"))), N = 448)), 
    `2` = structure(c(0, 0, 172, 0, 0, 0, 188, 0, 0, 0, 0, 0), .Dim = 4:3, .Dimnames = list(
        c("-2", "-1", "0", "1"), c("A", "G", "T"))))))
