Results <-
list(`bwa.out//20220204//BlindCMMRD43_S3.sam` = list(IM49_SNP1 = list(
    All = list(Freqs = structure(c(0L, 90L, 1398L, 23L, 0L, 15L, 
    1L, 53L, 1442L, 29L, 1L, 9L, 0L, 5L, 219L, 2L, 0L, 0L), .Dim = c(6L, 
    3L), .Dimnames = structure(list(c("-2", "-1", "0", "1", "2", 
    NA), c("C", "G", NA)), .Names = c("", "")), class = "table"), 
        N = 3287L), Tag.Distribution = structure(c(`1` = 146L, 
    `2` = 47L, `3` = 41L, `4` = 28L, `5` = 20L, `6` = 23L, `7` = 22L, 
    `8` = 9L, `9` = 17L, `10` = 8L, `11` = 10L, `12` = 10L, `13` = 13L, 
    `14` = 6L, `15` = 5L, `16` = 4L, `17` = 5L, `18` = 3L, `19` = 5L, 
    `20` = 6L, `21` = 4L, `22` = 3L, `23` = 5L, `24` = 3L, `25` = 3L, 
    `26` = 2L, `27` = 3L, `28` = 1L, `29` = 3L, `30` = 1L, `31` = 4L, 
    `32` = 1L, `34` = 2L, `38` = 1L, `42` = 1L, `57` = 1L), .Dim = 36L, .Dimnames = list(
        TagUsage = c("1", "2", "3", "4", "5", "6", "7", "8", 
        "9", "10", "11", "12", "13", "14", "15", "16", "17", 
        "18", "19", "20", "21", "22", "23", "24", "25", "26", 
        "27", "28", "29", "30", "31", "32", "34", "38", "42", 
        "57")), class = "table"), No.Tag = structure(c(0L, 1L, 
    36L, 1L, 0L, 0L, 0L, 0L, 42L, 0L, 0L, 1L, 0L, 0L, 7L, 0L, 
    0L, 0L), .Dim = c(6L, 3L), .Dimnames = structure(list(c("-2", 
    "-1", "0", "1", "2", NA), c("C", "G", NA)), .Names = c("", 
    "")), class = "table"), All.Tags = list(Concordant = list(
        Freqs = structure(c(0, 8, 170, 1, 0, 0, 2, 132, 3, 0), .Dim = c(5L, 
        2L), .Dimnames = list(c("-2", "-1", "0", "1", "2"), c("C", 
        "G"))), N = 316), Majority = list(Freqs = structure(c(0, 
    10, 212, 1, 0, 0, 4, 181, 3, 0), .Dim = c(5L, 2L), .Dimnames = list(
        c("-2", "-1", "0", "1", "2"), c("C", "G"))), N = 411)), 
    `2` = structure(c(0, 5, 159, 0, 0, 0, 3, 147, 1, 0), .Dim = c(5L, 
    2L), .Dimnames = list(c("-2", "-1", "0", "1", "2"), c("C", 
    "G"))))))
