Results <-
list(`bwa.out//20220204//BlindCMMRD109_S35.sam` = list(LR36_SNP1 = list(
    All = list(Freqs = structure(c(0L, 0L, 1L, 0L, 0L, 0L, 0L, 
    1L, 0L, 0L, 5L, 72L, 2692L, 16L, 11L, 0L, 4L, 71L, 1L, 0L
    ), .Dim = 5:4, .Dimnames = structure(list(c("-2", "-1", "0", 
    "1", NA), c("A", "G", "T", NA)), .Names = c("", "")), class = "table"), 
        N = 2874L), Tag.Distribution = structure(c(`1` = 139L, 
    `2` = 128L, `3` = 76L, `4` = 72L, `5` = 44L, `6` = 51L, `7` = 38L, 
    `8` = 20L, `9` = 21L, `10` = 21L, `11` = 13L, `12` = 8L, 
    `13` = 4L, `14` = 5L, `15` = 3L, `16` = 1L, `17` = 4L, `19` = 1L
    ), .Dim = 18L, .Dimnames = list(TagUsage = c("1", "2", "3", 
    "4", "5", "6", "7", "8", "9", "10", "11", "12", "13", "14", 
    "15", "16", "17", "19")), class = "table"), No.Tag = structure(c(0L, 
    0L, 0L, 0L, 0L, 0L, 0L, 0L, 0L, 0L, 0L, 2L, 95L, 0L, 1L, 
    0L, 0L, 5L, 0L, 0L), .Dim = 5:4, .Dimnames = structure(list(
        c("-2", "-1", "0", "1", NA), c("A", "G", "T", NA)), .Names = c("", 
    "")), class = "table"), All.Tags = list(Concordant = list(
        Freqs = structure(c(0, 0, 0, 0, 0, 0, 0, 0, 0, 10, 576, 
        2), .Dim = 4:3, .Dimnames = list(c("-2", "-1", "0", "1"
        ), c("A", "G", "T"))), N = 588), Majority = list(Freqs = structure(c(0, 
    0, 0, 0, 0, 0, 0, 0, 0, 10, 629, 2), .Dim = 4:3, .Dimnames = list(
        c("-2", "-1", "0", "1"), c("A", "G", "T"))), N = 641)), 
    `2` = structure(c(0, 0, 0, 0, 0, 0, 0, 0, 0, 8, 496, 0), .Dim = 4:3, .Dimnames = list(
        c("-2", "-1", "0", "1"), c("A", "G", "T"))))))
