Results <-
list(`bwa.out//20220204//BlindCMMRD68_S27.sam` = list(GM09_SNP1 = list(
    All = list(Freqs = structure(c(10L, 2372L, 3L, 0L, 0L, 1L, 
    0L, 0L, 13L, 2361L, 1L, 1L, 0L, 2L, 0L, 0L, 1L, 25L, 0L, 
    0L), .Dim = 4:5, .Dimnames = structure(list(c("-1", "0", 
    "1", NA), c("A", "C", "G", "T", NA)), .Names = c("", "")), class = "table"), 
        N = 4790L), Tag.Distribution = structure(c(`1` = 110L, 
    `2` = 62L, `3` = 43L, `4` = 45L, `5` = 43L, `6` = 45L, `7` = 55L, 
    `8` = 31L, `9` = 27L, `10` = 24L, `11` = 18L, `12` = 22L, 
    `13` = 12L, `14` = 13L, `15` = 12L, `16` = 7L, `17` = 4L, 
    `18` = 15L, `19` = 7L, `20` = 6L, `21` = 7L, `22` = 3L, `23` = 3L, 
    `24` = 6L, `25` = 2L, `27` = 2L, `28` = 2L, `29` = 1L, `31` = 1L, 
    `32` = 2L, `34` = 1L, `36` = 1L, `37` = 1L, `38` = 2L), .Dim = 34L, .Dimnames = list(
        TagUsage = c("1", "2", "3", "4", "5", "6", "7", "8", 
        "9", "10", "11", "12", "13", "14", "15", "16", "17", 
        "18", "19", "20", "21", "22", "23", "24", "25", "27", 
        "28", "29", "31", "32", "34", "36", "37", "38")), class = "table"), 
    No.Tag = structure(c(0L, 34L, 0L, 0L, 0L, 0L, 0L, 0L, 0L, 
    34L, 0L, 0L, 0L, 0L, 0L, 0L, 0L, 2L, 0L, 0L), .Dim = 4:5, .Dimnames = structure(list(
        c("-1", "0", "1", NA), c("A", "C", "G", "T", NA)), .Names = c("", 
    "")), class = "table"), All.Tags = list(Concordant = list(
        Freqs = structure(c(0, 276, 0, 0, 0, 0, 0, 283, 0, 0, 
        1, 0), .Dim = 3:4, .Dimnames = list(c("-1", "0", "1"), 
            c("A", "C", "G", "T"))), N = 560), Majority = list(
        Freqs = structure(c(0, 303, 0, 0, 0, 0, 0, 318, 0, 0, 
        1, 0), .Dim = 3:4, .Dimnames = list(c("-1", "0", "1"), 
            c("A", "C", "G", "T"))), N = 622)), `2` = structure(c(0, 
    255, 0, 0, 0, 0, 0, 265, 0, 0, 0, 0), .Dim = 3:4, .Dimnames = list(
        c("-1", "0", "1"), c("A", "C", "G", "T"))))))
