Results <-
list(`bwa.out//20220204//BlindCMMRD56_S15.sam` = list(GM26_SNP1 = list(
    All = list(Freqs = structure(c(1L, 3L, 42L, 3628L, 5L, 5L, 
    0L, 0L, 0L, 20L, 1L, 0L), .Dim = c(6L, 2L), .Dimnames = structure(list(
        c("-3", "-2", "-1", "0", "1", NA), c("A", NA)), .Names = c("", 
    "")), class = "table"), N = 3705L), Tag.Distribution = structure(c(`1` = 104L, 
    `2` = 65L, `3` = 50L, `4` = 32L, `5` = 33L, `6` = 22L, `7` = 25L, 
    `8` = 33L, `9` = 25L, `10` = 17L, `11` = 20L, `12` = 11L, 
    `13` = 16L, `14` = 4L, `15` = 10L, `16` = 3L, `17` = 9L, 
    `18` = 5L, `19` = 4L, `20` = 6L, `21` = 4L, `22` = 6L, `23` = 2L, 
    `24` = 3L, `25` = 1L, `26` = 3L, `27` = 2L, `30` = 3L, `31` = 2L, 
    `34` = 1L, `35` = 1L, `47` = 1L), .Dim = 32L, .Dimnames = list(
        TagUsage = c("1", "2", "3", "4", "5", "6", "7", "8", 
        "9", "10", "11", "12", "13", "14", "15", "16", "17", 
        "18", "19", "20", "21", "22", "23", "24", "25", "26", 
        "27", "30", "31", "34", "35", "47")), class = "table"), 
    No.Tag = structure(c(0L, 0L, 0L, 48L, 0L, 1L, 0L, 0L, 0L, 
    1L, 0L, 0L), .Dim = c(6L, 2L), .Dimnames = structure(list(
        c("-3", "-2", "-1", "0", "1", NA), c("A", NA)), .Names = c("", 
    "")), class = "table"), All.Tags = list(Concordant = list(
        Freqs = structure(c(0, 1, 2, 488, 0), .Dim = c(5L, 1L
        ), .Dimnames = list(c("-3", "-2", "-1", "0", "1"), "A")), 
        N = 491), Majority = list(Freqs = structure(c(0, 1, 3, 
    518, 0), .Dim = c(5L, 1L), .Dimnames = list(c("-3", "-2", 
    "-1", "0", "1"), "A")), N = 522)), `2` = structure(c(0, 0, 
    3, 416, 0), .Dim = c(5L, 1L), .Dimnames = list(c("-3", "-2", 
    "-1", "0", "1"), "A")))))
