Results <-
list(`bwa.out//20220204//BlindCMMRD116_S42.sam` = list(LR48_SNP1 = list(
    All = list(Freqs = structure(c(0L, 1L, 3L, 0L, 0L, 0L, 3L, 
    214L, 3626L, 47L, 1L, 12L, 0L, 2L, 28L, 0L, 0L, 0L), .Dim = c(6L, 
    3L), .Dimnames = structure(list(c("-2", "-1", "0", "1", "2", 
    NA), c("C", "T", NA)), .Names = c("", "")), class = "table"), 
        N = 3937L), Tag.Distribution = structure(c(`1` = 49L, 
    `2` = 38L, `3` = 50L, `4` = 47L, `5` = 50L, `6` = 35L, `7` = 35L, 
    `8` = 35L, `9` = 43L, `10` = 30L, `11` = 19L, `12` = 19L, 
    `13` = 16L, `14` = 15L, `15` = 9L, `16` = 8L, `17` = 9L, 
    `18` = 5L, `19` = 3L, `20` = 2L, `21` = 5L, `22` = 2L, `24` = 1L, 
    `26` = 2L, `27` = 1L), .Dim = 25L, .Dimnames = list(TagUsage = c("1", 
    "2", "3", "4", "5", "6", "7", "8", "9", "10", "11", "12", 
    "13", "14", "15", "16", "17", "18", "19", "20", "21", "22", 
    "24", "26", "27")), class = "table"), No.Tag = structure(c(0L, 
    0L, 0L, 0L, 0L, 0L, 0L, 13L, 70L, 4L, 0L, 2L, 0L, 1L, 2L, 
    0L, 0L, 0L), .Dim = c(6L, 3L), .Dimnames = structure(list(
        c("-2", "-1", "0", "1", "2", NA), c("C", "T", NA)), .Names = c("", 
    "")), class = "table"), All.Tags = list(Concordant = list(
        Freqs = structure(c(0, 1, 2, 0, 0, 0, 12, 383, 1, 0), .Dim = c(5L, 
        2L), .Dimnames = list(c("-2", "-1", "0", "1", "2"), c("C", 
        "T"))), N = 399), Majority = list(Freqs = structure(c(0, 
    1, 2, 0, 0, 0, 15, 502, 2, 0), .Dim = c(5L, 2L), .Dimnames = list(
        c("-2", "-1", "0", "1", "2"), c("C", "T"))), N = 522)), 
    `2` = structure(c(0, 0, 0, 0, 0, 0, 12, 461, 1, 0), .Dim = c(5L, 
    2L), .Dimnames = list(c("-2", "-1", "0", "1", "2"), c("C", 
    "T"))))))
