Results <-
list(`bwa.out//20220204//BlindCMMRD131_S57.sam` = list(GM29_SNP1 = list(
    All = list(Freqs = structure(c(1L, 50L, 2887L, 3L, 7L, 0L, 
    40L, 2893L, 8L, 17L, 0L, 0L, 13L, 0L, 0L), .Dim = c(5L, 3L
    ), .Dimnames = structure(list(c("-2", "-1", "0", "1", NA), 
        c("A", "G", NA)), .Names = c("", "")), class = "table"), 
        N = 5919L), Tag.Distribution = structure(c(`1` = 144L, 
    `2` = 142L, `3` = 140L, `4` = 96L, `5` = 90L, `6` = 68L, 
    `7` = 51L, `8` = 48L, `9` = 39L, `10` = 25L, `11` = 22L, 
    `12` = 22L, `13` = 17L, `14` = 17L, `15` = 13L, `16` = 8L, 
    `17` = 8L, `18` = 12L, `19` = 2L, `20` = 2L, `21` = 6L, `22` = 2L, 
    `23` = 1L, `24` = 3L, `25` = 1L, `28` = 1L, `30` = 1L, `31` = 1L, 
    `32` = 3L, `33` = 1L, `34` = 2L, `37` = 1L, `38` = 1L), .Dim = 33L, .Dimnames = list(
        TagUsage = c("1", "2", "3", "4", "5", "6", "7", "8", 
        "9", "10", "11", "12", "13", "14", "15", "16", "17", 
        "18", "19", "20", "21", "22", "23", "24", "25", "28", 
        "30", "31", "32", "33", "34", "37", "38")), class = "table"), 
    No.Tag = structure(c(0L, 1L, 66L, 0L, 0L, 0L, 2L, 47L, 0L, 
    1L, 0L, 0L, 1L, 0L, 0L), .Dim = c(5L, 3L), .Dimnames = structure(list(
        c("-2", "-1", "0", "1", NA), c("A", "G", NA)), .Names = c("", 
    "")), class = "table"), All.Tags = list(Concordant = list(
        Freqs = structure(c(0, 2, 378, 0, 0, 0, 357, 0), .Dim = c(4L, 
        2L), .Dimnames = list(c("-2", "-1", "0", "1"), c("A", 
        "G"))), N = 737), Majority = list(Freqs = structure(c(0, 
    2, 490, 0, 0, 0, 475, 0), .Dim = c(4L, 2L), .Dimnames = list(
        c("-2", "-1", "0", "1"), c("A", "G"))), N = 967)), `2` = structure(c(0, 
    0, 408, 0, 0, 0, 416, 0), .Dim = c(4L, 2L), .Dimnames = list(
        c("-2", "-1", "0", "1"), c("A", "G"))))))
