Results <-
list(`bwa.out//20220204//BlindCMMRD75_S34.sam` = list(DEPDC2_SNP1 = list(
    All = list(Freqs = structure(c(0L, 2L, 0L, 0L, 30L, 5015L, 
    33L, 13L, 0L, 1L, 0L, 0L, 0L, 7L, 0L, 1L, 0L, 77L, 0L, 0L
    ), .Dim = 4:5, .Dimnames = structure(list(c("-1", "0", "1", 
    NA), c("A", "C", "G", "T", NA)), .Names = c("", "")), class = "table"), 
        N = 5179L), Tag.Distribution = structure(c(`1` = 205L, 
    `2` = 91L, `3` = 80L, `4` = 63L, `5` = 46L, `6` = 59L, `7` = 44L, 
    `8` = 37L, `9` = 29L, `10` = 16L, `11` = 24L, `12` = 18L, 
    `13` = 16L, `14` = 19L, `15` = 13L, `16` = 8L, `17` = 15L, 
    `18` = 3L, `19` = 8L, `20` = 6L, `21` = 4L, `22` = 5L, `23` = 3L, 
    `24` = 4L, `25` = 2L, `26` = 3L, `27` = 1L, `28` = 1L, `29` = 2L, 
    `30` = 1L, `35` = 2L, `39` = 1L), .Dim = 32L, .Dimnames = list(
        TagUsage = c("1", "2", "3", "4", "5", "6", "7", "8", 
        "9", "10", "11", "12", "13", "14", "15", "16", "17", 
        "18", "19", "20", "21", "22", "23", "24", "25", "26", 
        "27", "28", "29", "30", "35", "39")), class = "table"), 
    No.Tag = structure(c(0L, 0L, 0L, 0L, 0L, 85L, 1L, 3L, 0L, 
    0L, 0L, 0L, 0L, 2L, 0L, 0L, 0L, 3L, 0L, 0L), .Dim = 4:5, .Dimnames = structure(list(
        c("-1", "0", "1", NA), c("A", "C", "G", "T", NA)), .Names = c("", 
    "")), class = "table"), All.Tags = list(Concordant = list(
        Freqs = structure(c(0, 0, 0, 3, 750, 1, 0, 0, 0, 0, 1, 
        0), .Dim = 3:4, .Dimnames = list(c("-1", "0", "1"), c("A", 
        "C", "G", "T"))), N = 755), Majority = list(Freqs = structure(c(0, 
    0, 0, 3, 807, 1, 0, 0, 0, 0, 1, 0), .Dim = 3:4, .Dimnames = list(
        c("-1", "0", "1"), c("A", "C", "G", "T"))), N = 812)), 
    `2` = structure(c(0, 0, 0, 1, 623, 0, 0, 0, 0, 0, 0, 0), .Dim = 3:4, .Dimnames = list(
        c("-1", "0", "1"), c("A", "C", "G", "T"))))))
