Results <-
list(`bwa.out//20220204//BlindCMMRD41_S1.sam` = list(GM14_SNP1 = list(
    All = list(Freqs = structure(c(0L, 13L, 0L, 1L, 77L, 3041L, 
    14L, 4L, 1L, 28L, 0L, 0L), .Dim = 4:3, .Dimnames = structure(list(
        c("-1", "0", "1", NA), c("C", "T", NA)), .Names = c("", 
    "")), class = "table"), N = 3179L), Tag.Distribution = structure(c(`1` = 65L, 
    `2` = 14L, `3` = 15L, `4` = 17L, `5` = 10L, `6` = 8L, `7` = 9L, 
    `8` = 9L, `9` = 5L, `10` = 5L, `11` = 10L, `12` = 10L, `13` = 9L, 
    `14` = 4L, `15` = 6L, `16` = 4L, `17` = 2L, `18` = 5L, `19` = 3L, 
    `20` = 5L, `21` = 6L, `22` = 6L, `23` = 6L, `24` = 5L, `25` = 2L, 
    `26` = 1L, `27` = 2L, `28` = 1L, `29` = 2L, `30` = 3L, `31` = 1L, 
    `32` = 2L, `33` = 1L, `35` = 2L, `36` = 1L, `37` = 1L, `38` = 1L, 
    `39` = 3L, `40` = 2L, `41` = 1L, `43` = 1L, `44` = 1L, `46` = 1L, 
    `49` = 1L, `54` = 1L, `66` = 1L, `75` = 1L), .Dim = 47L, .Dimnames = list(
        TagUsage = c("1", "2", "3", "4", "5", "6", "7", "8", 
        "9", "10", "11", "12", "13", "14", "15", "16", "17", 
        "18", "19", "20", "21", "22", "23", "24", "25", "26", 
        "27", "28", "29", "30", "31", "32", "33", "35", "36", 
        "37", "38", "39", "40", "41", "43", "44", "46", "49", 
        "54", "66", "75")), class = "table"), No.Tag = structure(c(0L, 
    1L, 0L, 0L, 1L, 59L, 0L, 0L, 0L, 0L, 0L, 0L), .Dim = 4:3, .Dimnames = structure(list(
        c("-1", "0", "1", NA), c("C", "T", NA)), .Names = c("", 
    "")), class = "table"), All.Tags = list(Concordant = list(
        Freqs = structure(c(0, 12, 0, 3, 193, 1), .Dim = 3:2, .Dimnames = list(
            c("-1", "0", "1"), c("C", "T"))), N = 209), Majority = list(
        Freqs = structure(c(0, 12, 0, 3, 248, 1), .Dim = 3:2, .Dimnames = list(
            c("-1", "0", "1"), c("C", "T"))), N = 264)), `2` = structure(c(0, 
    0, 0, 1, 203, 0), .Dim = 3:2, .Dimnames = list(c("-1", "0", 
    "1"), c("C", "T"))))))
