Results <-
list(`bwa.out//20220204//BlindCMMRD94_S53.sam` = list(DEPDC2_SNP1 = list(
    All = list(Freqs = structure(c(0L, 0L, 5L, 0L, 0L, 1L, 21L, 
    4902L, 24L, 16L, 0L, 0L, 16L, 0L, 0L), .Dim = c(5L, 3L), .Dimnames = structure(list(
        c("-3", "-1", "0", "1", NA), c("C", "T", NA)), .Names = c("", 
    "")), class = "table"), N = 4985L), Tag.Distribution = structure(c(`1` = 189L, 
    `2` = 78L, `3` = 87L, `4` = 68L, `5` = 54L, `6` = 39L, `7` = 52L, 
    `8` = 34L, `9` = 19L, `10` = 26L, `11` = 18L, `12` = 13L, 
    `13` = 11L, `14` = 19L, `15` = 4L, `16` = 16L, `17` = 10L, 
    `18` = 9L, `19` = 10L, `20` = 9L, `21` = 5L, `22` = 6L, `23` = 3L, 
    `24` = 3L, `25` = 4L, `26` = 1L, `27` = 3L, `28` = 1L, `30` = 1L, 
    `32` = 1L), .Dim = 30L, .Dimnames = list(TagUsage = c("1", 
    "2", "3", "4", "5", "6", "7", "8", "9", "10", "11", "12", 
    "13", "14", "15", "16", "17", "18", "19", "20", "21", "22", 
    "23", "24", "25", "26", "27", "28", "30", "32")), class = "table"), 
    No.Tag = structure(c(0L, 0L, 0L, 0L, 0L, 0L, 0L, 73L, 0L, 
    7L, 0L, 0L, 0L, 0L, 0L), .Dim = c(5L, 3L), .Dimnames = structure(list(
        c("-3", "-1", "0", "1", NA), c("C", "T", NA)), .Names = c("", 
    "")), class = "table"), All.Tags = list(Concordant = list(
        Freqs = structure(c(0, 0, 4, 0, 0, 2, 739, 1), .Dim = c(4L, 
        2L), .Dimnames = list(c("-3", "-1", "0", "1"), c("C", 
        "T"))), N = 746), Majority = list(Freqs = structure(c(0, 
    0, 4, 0, 0, 2, 776, 1), .Dim = c(4L, 2L), .Dimnames = list(
        c("-3", "-1", "0", "1"), c("C", "T"))), N = 783)), `2` = structure(c(0, 
    0, 0, 0, 0, 0, 600, 0), .Dim = c(4L, 2L), .Dimnames = list(
        c("-3", "-1", "0", "1"), c("C", "T"))))))
