Results <-
list(`bwa.out//20220204//Control24_S17.sam` = list(LR44_SNP1 = list(
    All = list(Freqs = structure(c(1L, 2L, 8L, 224L, 2886L, 35L, 
    16L, 0L, 0L, 0L, 0L, 2L, 0L, 0L, 0L, 0L, 0L, 0L, 48L, 1L, 
    0L), .Dim = c(7L, 3L), .Dimnames = structure(list(c("-4", 
    "-3", "-2", "-1", "0", "1", NA), c("C", "T", NA)), .Names = c("", 
    "")), class = "table"), N = 3223L), Tag.Distribution = structure(c(`1` = 104L, 
    `2` = 63L, `3` = 47L, `4` = 55L, `5` = 31L, `6` = 38L, `7` = 18L, 
    `8` = 25L, `9` = 23L, `10` = 22L, `11` = 15L, `12` = 13L, 
    `13` = 12L, `14` = 8L, `15` = 9L, `16` = 6L, `17` = 5L, `18` = 3L, 
    `19` = 7L, `20` = 3L, `21` = 4L, `24` = 3L, `27` = 1L, `31` = 1L
    ), .Dim = 24L, .Dimnames = list(TagUsage = c("1", "2", "3", 
    "4", "5", "6", "7", "8", "9", "10", "11", "12", "13", "14", 
    "15", "16", "17", "18", "19", "20", "21", "24", "27", "31"
    )), class = "table"), No.Tag = structure(c(0L, 0L, 1L, 4L, 
    117L, 1L, 2L, 0L, 0L, 0L, 0L, 0L, 0L, 0L, 0L, 0L, 0L, 0L, 
    5L, 0L, 0L), .Dim = c(7L, 3L), .Dimnames = structure(list(
        c("-4", "-3", "-2", "-1", "0", "1", NA), c("C", "T", 
        NA)), .Names = c("", "")), class = "table"), All.Tags = list(
        Concordant = list(Freqs = structure(c(0, 0, 1, 16, 344, 
        4, 0, 0, 0, 0, 1, 0), .Dim = c(6L, 2L), .Dimnames = list(
            c("-4", "-3", "-2", "-1", "0", "1"), c("C", "T"))), 
            N = 366), Majority = list(Freqs = structure(c(0, 
        0, 1, 17, 478, 4, 0, 0, 0, 0, 1, 0), .Dim = c(6L, 2L), .Dimnames = list(
            c("-4", "-3", "-2", "-1", "0", "1"), c("C", "T"))), 
            N = 501)), `2` = structure(c(0, 0, 0, 6, 399, 0, 
    0, 0, 0, 0, 0, 0), .Dim = c(6L, 2L), .Dimnames = list(c("-4", 
    "-3", "-2", "-1", "0", "1"), c("C", "T"))))))
