Results <-
list(`bwa.out//20220204//BlindCMMRD81_S40.sam` = list(LR40_SNP1 = list(
    All = list(Freqs = structure(c(25L, 2419L, 6L, 2L, 32L, 2439L, 
    5L, 7L, 1L, 26L, 2L, 0L), .Dim = 4:3, .Dimnames = structure(list(
        c("-1", "0", "1", NA), c("A", "C", NA)), .Names = c("", 
    "")), class = "table"), N = 4964L), Tag.Distribution = structure(c(`1` = 107L, 
    `2` = 61L, `3` = 55L, `4` = 55L, `5` = 43L, `6` = 56L, `7` = 40L, 
    `8` = 28L, `9` = 22L, `10` = 23L, `11` = 21L, `12` = 12L, 
    `13` = 21L, `14` = 17L, `15` = 20L, `16` = 11L, `17` = 10L, 
    `18` = 6L, `19` = 7L, `20` = 7L, `21` = 9L, `22` = 4L, `23` = 5L, 
    `24` = 5L, `25` = 3L, `26` = 3L, `27` = 1L, `28` = 1L, `29` = 1L, 
    `30` = 1L, `37` = 1L, `38` = 1L), .Dim = 32L, .Dimnames = list(
        TagUsage = c("1", "2", "3", "4", "5", "6", "7", "8", 
        "9", "10", "11", "12", "13", "14", "15", "16", "17", 
        "18", "19", "20", "21", "22", "23", "24", "25", "26", 
        "27", "28", "29", "30", "37", "38")), class = "table"), 
    No.Tag = structure(c(0L, 37L, 2L, 0L, 0L, 55L, 0L, 3L, 0L, 
    3L, 0L, 0L), .Dim = 4:3, .Dimnames = structure(list(c("-1", 
    "0", "1", NA), c("A", "C", NA)), .Names = c("", "")), class = "table"), 
    All.Tags = list(Concordant = list(Freqs = structure(c(0, 
    280, 0, 1, 275, 0), .Dim = 3:2, .Dimnames = list(c("-1", 
    "0", "1"), c("A", "C"))), N = 556), Majority = list(Freqs = structure(c(1, 
    329, 0, 2, 317, 0), .Dim = 3:2, .Dimnames = list(c("-1", 
    "0", "1"), c("A", "C"))), N = 649)), `2` = structure(c(1, 
    285, 0, 1, 259, 0), .Dim = 3:2, .Dimnames = list(c("-1", 
    "0", "1"), c("A", "C"))))))
