Results <-
list(`bwa.out//20220204//BlindCMMRD123_S49.sam` = list(LR44_SNP1 = list(
    All = list(Freqs = structure(c(0L, 0L, 0L, 1L, 0L, 0L, 0L, 
    1L, 6L, 166L, 2551L, 26L, 2L, 13L, 0L, 4L, 219L, 2556L, 36L, 
    0L, 21L, 0L, 1L, 1L, 51L, 0L, 1L, 0L), .Dim = c(7L, 4L), .Dimnames = structure(list(
        c("-3", "-2", "-1", "0", "1", "2", NA), c("A", "C", "T", 
        NA)), .Names = c("", "")), class = "table"), N = 5656L), 
    Tag.Distribution = structure(c(`1` = 287L, `2` = 226L, `3` = 174L, 
    `4` = 130L, `5` = 101L, `6` = 84L, `7` = 58L, `8` = 42L, 
    `9` = 46L, `10` = 30L, `11` = 21L, `12` = 22L, `13` = 7L, 
    `14` = 9L, `15` = 7L, `16` = 11L, `17` = 6L, `18` = 6L, `19` = 3L, 
    `21` = 1L, `23` = 1L, `24` = 1L), .Dim = 22L, .Dimnames = list(
        TagUsage = c("1", "2", "3", "4", "5", "6", "7", "8", 
        "9", "10", "11", "12", "13", "14", "15", "16", "17", 
        "18", "19", "21", "23", "24")), class = "table"), No.Tag = structure(c(0L, 
    0L, 0L, 0L, 0L, 0L, 0L, 0L, 0L, 1L, 46L, 0L, 0L, 0L, 0L, 
    0L, 3L, 28L, 0L, 0L, 0L, 0L, 0L, 0L, 3L, 0L, 1L, 0L), .Dim = c(7L, 
    4L), .Dimnames = structure(list(c("-3", "-2", "-1", "0", 
    "1", "2", NA), c("A", "C", "T", NA)), .Names = c("", "")), class = "table"), 
    All.Tags = list(Concordant = list(Freqs = structure(c(0, 
    0, 0, 0, 0, 0, 0, 0, 12, 418, 4, 1, 0, 0, 15, 436, 1, 0), .Dim = c(6L, 
    3L), .Dimnames = list(c("-3", "-2", "-1", "0", "1", "2"), 
        c("A", "C", "T"))), N = 887), Majority = list(Freqs = structure(c(0, 
    0, 0, 0, 0, 0, 0, 0, 14, 585, 4, 1, 0, 0, 20, 591, 1, 0), .Dim = c(6L, 
    3L), .Dimnames = list(c("-3", "-2", "-1", "0", "1", "2"), 
        c("A", "C", "T"))), N = 1216)), `2` = structure(c(0, 
    0, 0, 0, 0, 0, 0, 0, 2, 454, 0, 0, 0, 0, 10, 471, 0, 0), .Dim = c(6L, 
    3L), .Dimnames = list(c("-3", "-2", "-1", "0", "1", "2"), 
        c("A", "C", "T"))))))
