Results <-
list(`bwa.out//20220204//BlindCMMRD133_S59.sam` = list(GM09_SNP1 = list(
    All = list(Freqs = structure(c(23L, 3910L, 5L, 1L, 22L, 3569L, 
    4L, 7L, 0L, 43L, 0L, 0L), .Dim = 4:3, .Dimnames = structure(list(
        c("-1", "0", "1", NA), c("A", "G", NA)), .Names = c("", 
    "")), class = "table"), N = 7584L), Tag.Distribution = structure(c(`1` = 258L, 
    `2` = 210L, `3` = 211L, `4` = 167L, `5` = 131L, `6` = 103L, 
    `7` = 75L, `8` = 67L, `9` = 52L, `10` = 52L, `11` = 37L, 
    `12` = 18L, `13` = 23L, `14` = 19L, `15` = 12L, `16` = 5L, 
    `17` = 7L, `18` = 6L, `19` = 2L, `20` = 4L, `21` = 2L, `22` = 3L, 
    `23` = 1L, `24` = 2L, `26` = 2L, `28` = 1L, `29` = 2L, `32` = 1L
    ), .Dim = 28L, .Dimnames = list(TagUsage = c("1", "2", "3", 
    "4", "5", "6", "7", "8", "9", "10", "11", "12", "13", "14", 
    "15", "16", "17", "18", "19", "20", "21", "22", "23", "24", 
    "26", "28", "29", "32")), class = "table"), No.Tag = structure(c(1L, 
    75L, 0L, 1L, 0L, 48L, 0L, 6L, 0L, 10L, 0L, 0L), .Dim = 4:3, .Dimnames = structure(list(
        c("-1", "0", "1", NA), c("A", "G", NA)), .Names = c("", 
    "")), class = "table"), All.Tags = list(Concordant = list(
        Freqs = structure(c(0, 616, 0, 1, 575, 0), .Dim = 3:2, .Dimnames = list(
            c("-1", "0", "1"), c("A", "G"))), N = 1192), Majority = list(
        Freqs = structure(c(1, 730, 0, 1, 697, 0), .Dim = 3:2, .Dimnames = list(
            c("-1", "0", "1"), c("A", "G"))), N = 1429)), `2` = structure(c(1, 
    601, 0, 0, 574, 0), .Dim = 3:2, .Dimnames = list(c("-1", 
    "0", "1"), c("A", "G"))))))
