Results <-
list(`bwa.out//20220204//BlindCMMRD82_S41.sam` = list(GM07_SNP1 = list(
    All = list(Freqs = structure(c(0L, 0L, 1L, 0L, 0L, 0L, 3L, 
    136L, 2144L, 46L, 3L, 25L, 5L, 142L, 2173L, 76L, 3L, 18L, 
    0L, 1L, 61L, 0L, 0L, 0L), .Dim = c(6L, 4L), .Dimnames = structure(list(
        c("-2", "-1", "0", "1", "2", NA), c("-", "A", "G", NA
        )), .Names = c("", "")), class = "table"), N = 4837L), 
    Tag.Distribution = structure(c(`1` = 116L, `2` = 68L, `3` = 59L, 
    `4` = 53L, `5` = 46L, `6` = 52L, `7` = 37L, `8` = 28L, `9` = 28L, 
    `10` = 24L, `11` = 28L, `12` = 18L, `13` = 18L, `14` = 16L, 
    `15` = 13L, `16` = 8L, `17` = 17L, `18` = 10L, `19` = 7L, 
    `20` = 4L, `21` = 5L, `22` = 1L, `23` = 1L, `24` = 2L, `25` = 1L, 
    `26` = 1L, `27` = 3L, `31` = 1L, `36` = 1L, `37` = 1L), .Dim = 30L, .Dimnames = list(
        TagUsage = c("1", "2", "3", "4", "5", "6", "7", "8", 
        "9", "10", "11", "12", "13", "14", "15", "16", "17", 
        "18", "19", "20", "21", "22", "23", "24", "25", "26", 
        "27", "31", "36", "37")), class = "table"), No.Tag = structure(c(0L, 
    0L, 0L, 0L, 0L, 0L, 0L, 4L, 111L, 5L, 0L, 5L, 0L, 5L, 108L, 
    3L, 0L, 5L, 0L, 0L, 12L, 0L, 0L, 0L), .Dim = c(6L, 4L), .Dimnames = structure(list(
        c("-2", "-1", "0", "1", "2", NA), c("-", "A", "G", NA
        )), .Names = c("", "")), class = "table"), All.Tags = list(
        Concordant = list(Freqs = structure(c(0, 0, 0, 0, 0, 
        0, 7, 234, 1, 1, 0, 4, 198, 2, 0), .Dim = c(5L, 3L), .Dimnames = list(
            c("-2", "-1", "0", "1", "2"), c("-", "A", "G"))), 
            N = 447), Majority = list(Freqs = structure(c(0, 
        0, 0, 0, 0, 0, 9, 325, 1, 1, 0, 8, 304, 3, 0), .Dim = c(5L, 
        3L), .Dimnames = list(c("-2", "-1", "0", "1", "2"), c("-", 
        "A", "G"))), N = 651)), `2` = structure(c(0, 0, 0, 0, 
    0, 0, 7, 268, 0, 0, 0, 7, 258, 1, 0), .Dim = c(5L, 3L), .Dimnames = list(
        c("-2", "-1", "0", "1", "2"), c("-", "A", "G"))))))
