Results <-
list(`bwa.out//20220204//BlindCMMRD83_S42.sam` = list(LR49_SNP1 = list(
    All = list(Freqs = structure(c(23L, 2559L, 2L, 0L, 54L, 2314L, 
    1L, 2L, 0L, 23L, 0L, 0L), .Dim = 4:3, .Dimnames = structure(list(
        c("-1", "0", "1", NA), c("A", "G", NA)), .Names = c("", 
    "")), class = "table"), N = 4978L), Tag.Distribution = structure(c(`1` = 131L, 
    `2` = 61L, `3` = 60L, `4` = 42L, `5` = 39L, `6` = 50L, `7` = 28L, 
    `8` = 21L, `9` = 27L, `10` = 21L, `11` = 15L, `12` = 23L, 
    `13` = 17L, `14` = 9L, `15` = 12L, `16` = 12L, `17` = 13L, 
    `18` = 9L, `19` = 12L, `20` = 5L, `21` = 4L, `22` = 6L, `23` = 3L, 
    `24` = 3L, `26` = 3L, `27` = 2L, `28` = 3L, `29` = 3L, `30` = 3L, 
    `31` = 1L, `33` = 1L, `34` = 1L, `35` = 1L, `36` = 1L, `38` = 1L, 
    `39` = 1L, `42` = 1L, `53` = 1L), .Dim = 38L, .Dimnames = list(
        TagUsage = c("1", "2", "3", "4", "5", "6", "7", "8", 
        "9", "10", "11", "12", "13", "14", "15", "16", "17", 
        "18", "19", "20", "21", "22", "23", "24", "26", "27", 
        "28", "29", "30", "31", "33", "34", "35", "36", "38", 
        "39", "42", "53")), class = "table"), No.Tag = structure(c(1L, 
    55L, 0L, 0L, 0L, 44L, 0L, 1L, 0L, 2L, 0L, 0L), .Dim = 4:3, .Dimnames = structure(list(
        c("-1", "0", "1", NA), c("A", "G", NA)), .Names = c("", 
    "")), class = "table"), All.Tags = list(Concordant = list(
        Freqs = structure(c(2, 295, 0, 4, 288, 0), .Dim = 3:2, .Dimnames = list(
            c("-1", "0", "1"), c("A", "G"))), N = 589), Majority = list(
        Freqs = structure(c(3, 318, 0, 5, 315, 0), .Dim = 3:2, .Dimnames = list(
            c("-1", "0", "1"), c("A", "G"))), N = 641)), `2` = structure(c(2, 
    255, 0, 4, 253, 0), .Dim = 3:2, .Dimnames = list(c("-1", 
    "0", "1"), c("A", "G"))))))
