Results <-
list(`bwa.out//20220204//BlindCMMRD127_S53.sam` = list(GM26_SNP1 = list(
    All = list(Freqs = structure(c(43L, 6610L, 19L, 10L, 0L, 
    2L, 0L, 0L, 1L, 53L, 0L, 0L), .Dim = 4:3, .Dimnames = structure(list(
        c("-1", "0", "1", NA), c("A", "G", NA)), .Names = c("", 
    "")), class = "table"), N = 6738L), Tag.Distribution = structure(c(`1` = 196L, 
    `2` = 144L, `3` = 116L, `4` = 101L, `5` = 107L, `6` = 92L, 
    `7` = 69L, `8` = 62L, `9` = 53L, `10` = 35L, `11` = 31L, 
    `12` = 26L, `13` = 21L, `14` = 18L, `15` = 15L, `16` = 10L, 
    `17` = 16L, `18` = 10L, `19` = 5L, `20` = 4L, `21` = 3L, 
    `23` = 4L, `24` = 3L, `25` = 2L, `27` = 1L, `29` = 1L), .Dim = 26L, .Dimnames = list(
        TagUsage = c("1", "2", "3", "4", "5", "6", "7", "8", 
        "9", "10", "11", "12", "13", "14", "15", "16", "17", 
        "18", "19", "20", "21", "23", "24", "25", "27", "29")), class = "table"), 
    No.Tag = structure(c(0L, 79L, 1L, 2L, 0L, 0L, 0L, 0L, 0L, 
    4L, 0L, 0L), .Dim = 4:3, .Dimnames = structure(list(c("-1", 
    "0", "1", NA), c("A", "G", NA)), .Names = c("", "")), class = "table"), 
    All.Tags = list(Concordant = list(Freqs = structure(c(1, 
    1079, 0, 0, 1, 0), .Dim = 3:2, .Dimnames = list(c("-1", "0", 
    "1"), c("A", "G"))), N = 1081), Majority = list(Freqs = structure(c(1, 
    1135, 0, 0, 1, 0), .Dim = 3:2, .Dimnames = list(c("-1", "0", 
    "1"), c("A", "G"))), N = 1137)), `2` = structure(c(0, 947, 
    0, 0, 0, 0), .Dim = 3:2, .Dimnames = list(c("-1", "0", "1"
    ), c("A", "G"))))))
