Results <-
list(`bwa.out//20220204//Control15_S8.sam` = list(GM14_SNP1 = list(
    All = list(Freqs = structure(c(58L, 1657L, 8L, 8L, 1L, 21L, 
    0L, 0L), .Dim = c(4L, 2L), .Dimnames = structure(list(c("-1", 
    "0", "1", NA), c("C", NA)), .Names = c("", "")), class = "table"), 
        N = 1753L), Tag.Distribution = structure(c(`1` = 59L, 
    `2` = 22L, `3` = 26L, `4` = 25L, `5` = 19L, `6` = 14L, `7` = 10L, 
    `8` = 10L, `9` = 8L, `10` = 6L, `11` = 5L, `12` = 6L, `13` = 3L, 
    `14` = 8L, `15` = 9L, `16` = 1L, `17` = 2L, `18` = 1L, `19` = 1L, 
    `20` = 3L, `21` = 4L, `22` = 2L, `24` = 1L, `25` = 2L, `26` = 1L, 
    `27` = 1L, `28` = 1L, `29` = 1L, `32` = 1L, `35` = 1L), .Dim = 30L, .Dimnames = list(
        TagUsage = c("1", "2", "3", "4", "5", "6", "7", "8", 
        "9", "10", "11", "12", "13", "14", "15", "16", "17", 
        "18", "19", "20", "21", "22", "24", "25", "26", "27", 
        "28", "29", "32", "35")), class = "table"), No.Tag = structure(c(1L, 
    66L, 0L, 0L, 0L, 5L, 0L, 0L), .Dim = c(4L, 2L), .Dimnames = structure(list(
        c("-1", "0", "1", NA), c("C", NA)), .Names = c("", ""
    )), class = "table"), All.Tags = list(Concordant = list(Freqs = structure(c(2, 
    201, 0), .Dim = c(3L, 1L), .Dimnames = list(c("-1", "0", 
    "1"), "C")), N = 203), Majority = list(Freqs = structure(c(3, 
    246, 0), .Dim = c(3L, 1L), .Dimnames = list(c("-1", "0", 
    "1"), "C")), N = 249)), `2` = structure(c(2, 192, 0), .Dim = c(3L, 
    1L), .Dimnames = list(c("-1", "0", "1"), "C")))))
