Results <-
list(`bwa.out//20220204//BlindCMMRD90_S49.sam` = list(GM11_SNP1 = list(
    All = list(Freqs = structure(c(20L, 5587L, 14L, 3L, 0L, 4L, 
    0L, 0L, 0L, 29L, 0L, 0L), .Dim = 4:3, .Dimnames = structure(list(
        c("-1", "0", "1", NA), c("A", "G", NA)), .Names = c("", 
    "")), class = "table"), N = 5657L), Tag.Distribution = structure(c(`1` = 159L, 
    `2` = 72L, `3` = 60L, `4` = 64L, `5` = 61L, `6` = 48L, `7` = 48L, 
    `8` = 34L, `9` = 23L, `10` = 33L, `11` = 26L, `12` = 21L, 
    `13` = 16L, `14` = 13L, `15` = 7L, `16` = 8L, `17` = 10L, 
    `18` = 10L, `19` = 6L, `20` = 9L, `21` = 5L, `22` = 11L, 
    `23` = 4L, `24` = 4L, `25` = 3L, `26` = 3L, `27` = 1L, `28` = 2L, 
    `29` = 3L, `32` = 1L, `33` = 2L, `34` = 1L, `39` = 2L, `42` = 1L, 
    `48` = 1L, `49` = 1L, `84` = 1L), .Dim = 37L, .Dimnames = list(
        TagUsage = c("1", "2", "3", "4", "5", "6", "7", "8", 
        "9", "10", "11", "12", "13", "14", "15", "16", "17", 
        "18", "19", "20", "21", "22", "23", "24", "25", "26", 
        "27", "28", "29", "32", "33", "34", "39", "42", "48", 
        "49", "84")), class = "table"), No.Tag = structure(c(0L, 
    84L, 0L, 0L, 0L, 0L, 0L, 0L, 0L, 0L, 0L, 0L), .Dim = 4:3, .Dimnames = structure(list(
        c("-1", "0", "1", NA), c("A", "G", NA)), .Names = c("", 
    "")), class = "table"), All.Tags = list(Concordant = list(
        Freqs = structure(c(1, 732, 0, 0, 3, 0), .Dim = 3:2, .Dimnames = list(
            c("-1", "0", "1"), c("A", "G"))), N = 736), Majority = list(
        Freqs = structure(c(1, 763, 0, 0, 3, 0), .Dim = 3:2, .Dimnames = list(
            c("-1", "0", "1"), c("A", "G"))), N = 767)), `2` = structure(c(0, 
    614, 0, 0, 0, 0), .Dim = 3:2, .Dimnames = list(c("-1", "0", 
    "1"), c("A", "G"))))))
