Results <-
list(`bwa.out//20220204//BlindCMMRD99_S58.sam` = list(GM29_SNP1 = list(
    All = list(Freqs = structure(c(67L, 4166L, 4L, 6L, 0L, 2L, 
    0L, 0L, 1L, 30L, 0L, 0L), .Dim = 4:3, .Dimnames = structure(list(
        c("-1", "0", "1", NA), c("A", "G", NA)), .Names = c("", 
    "")), class = "table"), N = 4276L), Tag.Distribution = structure(c(`1` = 110L, 
    `2` = 61L, `3` = 56L, `4` = 42L, `5` = 35L, `6` = 24L, `7` = 25L, 
    `8` = 19L, `9` = 23L, `10` = 14L, `11` = 16L, `12` = 8L, 
    `13` = 11L, `14` = 7L, `15` = 8L, `16` = 5L, `17` = 3L, `18` = 3L, 
    `19` = 4L, `20` = 9L, `21` = 7L, `22` = 4L, `23` = 4L, `24` = 8L, 
    `25` = 1L, `26` = 2L, `27` = 3L, `28` = 1L, `29` = 3L, `30` = 1L, 
    `31` = 3L, `32` = 3L, `33` = 2L, `35` = 2L, `36` = 3L, `37` = 1L, 
    `38` = 1L, `39` = 1L, `40` = 1L, `45` = 1L, `54` = 1L), .Dim = 41L, .Dimnames = list(
        TagUsage = c("1", "2", "3", "4", "5", "6", "7", "8", 
        "9", "10", "11", "12", "13", "14", "15", "16", "17", 
        "18", "19", "20", "21", "22", "23", "24", "25", "26", 
        "27", "28", "29", "30", "31", "32", "33", "35", "36", 
        "37", "38", "39", "40", "45", "54")), class = "table"), 
    No.Tag = structure(c(2L, 127L, 0L, 0L, 0L, 0L, 0L, 0L, 0L, 
    4L, 0L, 0L), .Dim = 4:3, .Dimnames = structure(list(c("-1", 
    "0", "1", NA), c("A", "G", NA)), .Names = c("", "")), class = "table"), 
    All.Tags = list(Concordant = list(Freqs = structure(c(4, 
    479, 0, 0, 1, 0), .Dim = 3:2, .Dimnames = list(c("-1", "0", 
    "1"), c("A", "G"))), N = 484), Majority = list(Freqs = structure(c(5, 
    524, 0, 0, 1, 0), .Dim = 3:2, .Dimnames = list(c("-1", "0", 
    "1"), c("A", "G"))), N = 530)), `2` = structure(c(1, 422, 
    0, 0, 0, 0), .Dim = 3:2, .Dimnames = list(c("-1", "0", "1"
    ), c("A", "G"))))))
