Results <-
list(`bwa.out//20220204//BlindCMMRD127_S53.sam` = list(LR46_SNP1 = list(
    All = list(Freqs = structure(c(20L, 4713L, 15L, 10L, 0L, 
    3L, 0L, 0L, 0L, 8L, 0L, 0L), .Dim = 4:3, .Dimnames = structure(list(
        c("-1", "0", "1", NA), c("G", "T", NA)), .Names = c("", 
    "")), class = "table"), N = 4769L), Tag.Distribution = structure(c(`1` = 106L, 
    `2` = 78L, `3` = 83L, `4` = 69L, `5` = 77L, `6` = 58L, `7` = 52L, 
    `8` = 42L, `9` = 34L, `10` = 20L, `11` = 23L, `12` = 19L, 
    `13` = 17L, `14` = 23L, `15` = 11L, `16` = 7L, `17` = 7L, 
    `18` = 7L, `19` = 3L, `21` = 3L, `22` = 1L, `23` = 2L, `24` = 3L, 
    `25` = 1L, `27` = 1L, `29` = 1L, `30` = 1L, `31` = 1L), .Dim = 28L, .Dimnames = list(
        TagUsage = c("1", "2", "3", "4", "5", "6", "7", "8", 
        "9", "10", "11", "12", "13", "14", "15", "16", "17", 
        "18", "19", "21", "22", "23", "24", "25", "27", "29", 
        "30", "31")), class = "table"), No.Tag = structure(c(0L, 
    92L, 0L, 0L, 0L, 1L, 0L, 0L, 0L, 2L, 0L, 0L), .Dim = 4:3, .Dimnames = structure(list(
        c("-1", "0", "1", NA), c("G", "T", NA)), .Names = c("", 
    "")), class = "table"), All.Tags = list(Concordant = list(
        Freqs = structure(c(0, 716, 0, 0, 2, 0), .Dim = 3:2, .Dimnames = list(
            c("-1", "0", "1"), c("G", "T"))), N = 718), Majority = list(
        Freqs = structure(c(0, 746, 0, 0, 2, 0), .Dim = 3:2, .Dimnames = list(
            c("-1", "0", "1"), c("G", "T"))), N = 748)), `2` = structure(c(0, 
    642, 0, 0, 0, 0), .Dim = 3:2, .Dimnames = list(c("-1", "0", 
    "1"), c("G", "T"))))))
