Results <-
list(`bwa.out//20220204//Control23_S16.sam` = list(LR17_SNP1 = list(
    All = list(Freqs = structure(c(5L, 110L, 2706L, 35L, 13L, 
    0L, 0L, 1L, 0L, 0L, 0L, 0L, 58L, 0L, 0L), .Dim = c(5L, 3L
    ), .Dimnames = structure(list(c("-2", "-1", "0", "1", NA), 
        c("A", "G", NA)), .Names = c("", "")), class = "table"), 
        N = 2928L), Tag.Distribution = structure(c(`1` = 82L, 
    `2` = 37L, `3` = 34L, `4` = 31L, `5` = 21L, `6` = 15L, `7` = 31L, 
    `8` = 24L, `9` = 12L, `10` = 11L, `11` = 17L, `12` = 7L, 
    `13` = 7L, `14` = 6L, `15` = 8L, `16` = 9L, `17` = 4L, `18` = 5L, 
    `19` = 5L, `20` = 4L, `21` = 5L, `22` = 4L, `24` = 3L, `25` = 2L, 
    `26` = 4L, `29` = 1L, `30` = 3L, `31` = 1L, `36` = 1L), .Dim = 29L, .Dimnames = list(
        TagUsage = c("1", "2", "3", "4", "5", "6", "7", "8", 
        "9", "10", "11", "12", "13", "14", "15", "16", "17", 
        "18", "19", "20", "21", "22", "24", "25", "26", "29", 
        "30", "31", "36")), class = "table"), No.Tag = structure(c(0L, 
    2L, 73L, 0L, 0L, 0L, 0L, 0L, 0L, 0L, 0L, 0L, 1L, 0L, 0L), .Dim = c(5L, 
    3L), .Dimnames = structure(list(c("-2", "-1", "0", "1", NA
    ), c("A", "G", NA)), .Names = c("", "")), class = "table"), 
    All.Tags = list(Concordant = list(Freqs = structure(c(0, 
    3, 294, 2, 0, 0, 0, 0), .Dim = c(4L, 2L), .Dimnames = list(
        c("-2", "-1", "0", "1"), c("A", "G"))), N = 299), Majority = list(
        Freqs = structure(c(0, 4, 375, 2, 0, 0, 0, 0), .Dim = c(4L, 
        2L), .Dimnames = list(c("-2", "-1", "0", "1"), c("A", 
        "G"))), N = 381)), `2` = structure(c(0, 1, 304, 0, 0, 
    0, 0, 0), .Dim = c(4L, 2L), .Dimnames = list(c("-2", "-1", 
    "0", "1"), c("A", "G"))))))
