Results <-
list(`bwa.out//20220204//BlindCMMRD135_S61.sam` = list(GM11_SNP1 = list(
    All = list(Freqs = structure(c(22L, 5220L, 9L, 4L, 0L, 6L, 
    0L, 0L, 0L, 24L, 1L, 0L), .Dim = 4:3, .Dimnames = structure(list(
        c("-1", "0", "1", NA), c("A", "G", NA)), .Names = c("", 
    "")), class = "table"), N = 5286L), Tag.Distribution = structure(c(`1` = 112L, 
    `2` = 129L, `3` = 101L, `4` = 103L, `5` = 89L, `6` = 63L, 
    `7` = 59L, `8` = 41L, `9` = 46L, `10` = 26L, `11` = 22L, 
    `12` = 24L, `13` = 15L, `14` = 14L, `15` = 10L, `16` = 8L, 
    `17` = 9L, `18` = 9L, `19` = 2L, `20` = 3L, `21` = 1L, `22` = 2L, 
    `23` = 3L, `24` = 2L, `25` = 1L, `26` = 1L, `27` = 1L, `34` = 1L
    ), .Dim = 28L, .Dimnames = list(TagUsage = c("1", "2", "3", 
    "4", "5", "6", "7", "8", "9", "10", "11", "12", "13", "14", 
    "15", "16", "17", "18", "19", "20", "21", "22", "23", "24", 
    "25", "26", "27", "34")), class = "table"), No.Tag = structure(c(0L, 
    55L, 0L, 0L, 0L, 0L, 0L, 0L, 0L, 2L, 0L, 0L), .Dim = 4:3, .Dimnames = structure(list(
        c("-1", "0", "1", NA), c("A", "G", NA)), .Names = c("", 
    "")), class = "table"), All.Tags = list(Concordant = list(
        Freqs = structure(c(0, 860, 0, 0, 2, 0), .Dim = 3:2, .Dimnames = list(
            c("-1", "0", "1"), c("A", "G"))), N = 862), Majority = list(
        Freqs = structure(c(0, 892, 0, 0, 2, 0), .Dim = 3:2, .Dimnames = list(
            c("-1", "0", "1"), c("A", "G"))), N = 894)), `2` = structure(c(0, 
    784, 0, 0, 0, 0), .Dim = 3:2, .Dimnames = list(c("-1", "0", 
    "1"), c("A", "G"))))))
