Results <-
list(`bwa.out//20220204//BlindCMMRD49_S9.sam` = list(LR10_SNP1 = list(
    All = list(Freqs = structure(c(0L, 72L, 1798L, 8L, 2L, 3L, 
    26L, 2106L, 6L, 2L, 0L, 0L, 27L, 1L, 0L), .Dim = c(5L, 3L
    ), .Dimnames = structure(list(c("-2", "-1", "0", "1", NA), 
        c("C", "T", NA)), .Names = c("", "")), class = "table"), 
        N = 4051L), Tag.Distribution = structure(c(`1` = 58L, 
    `2` = 6L, `3` = 5L, `4` = 8L, `5` = 6L, `6` = 1L, `7` = 7L, 
    `8` = 5L, `9` = 1L, `10` = 6L, `11` = 5L, `12` = 5L, `13` = 2L, 
    `14` = 5L, `15` = 2L, `16` = 3L, `17` = 3L, `18` = 5L, `19` = 6L, 
    `20` = 2L, `21` = 2L, `22` = 2L, `23` = 4L, `24` = 4L, `25` = 4L, 
    `26` = 4L, `27` = 5L, `28` = 2L, `29` = 2L, `30` = 1L, `33` = 2L, 
    `34` = 1L, `35` = 1L, `36` = 1L, `38` = 1L, `40` = 2L, `41` = 1L, 
    `42` = 3L, `43` = 3L, `44` = 1L, `46` = 1L, `49` = 1L, `51` = 1L, 
    `52` = 1L, `60` = 1L, `62` = 2L, `64` = 1L, `66` = 1L, `67` = 2L, 
    `68` = 1L, `71` = 1L, `74` = 3L, `78` = 1L, `80` = 1L, `97` = 1L, 
    `100` = 1L, `136` = 1L, `138` = 1L), .Dim = 58L, .Dimnames = list(
        TagUsage = c("1", "2", "3", "4", "5", "6", "7", "8", 
        "9", "10", "11", "12", "13", "14", "15", "16", "17", 
        "18", "19", "20", "21", "22", "23", "24", "25", "26", 
        "27", "28", "29", "30", "33", "34", "35", "36", "38", 
        "40", "41", "42", "43", "44", "46", "49", "51", "52", 
        "60", "62", "64", "66", "67", "68", "71", "74", "78", 
        "80", "97", "100", "136", "138")), class = "table"), 
    No.Tag = structure(c(0L, 2L, 59L, 0L, 0L, 0L, 1L, 70L, 0L, 
    0L, 0L, 0L, 2L, 0L, 0L), .Dim = c(5L, 3L), .Dimnames = structure(list(
        c("-2", "-1", "0", "1", NA), c("C", "T", NA)), .Names = c("", 
    "")), class = "table"), All.Tags = list(Concordant = list(
        Freqs = structure(c(0, 0, 56, 0, 0, 0, 103, 0), .Dim = c(4L, 
        2L), .Dimnames = list(c("-2", "-1", "0", "1"), c("C", 
        "T"))), N = 159), Majority = list(Freqs = structure(c(0, 
    1, 79, 0, 0, 0, 127, 0), .Dim = c(4L, 2L), .Dimnames = list(
        c("-2", "-1", "0", "1"), c("C", "T"))), N = 207)), `2` = structure(c(0, 
    1, 59, 0, 0, 0, 91, 0), .Dim = c(4L, 2L), .Dimnames = list(
        c("-2", "-1", "0", "1"), c("C", "T"))))))
