Results <-
list(`bwa.out//20220204//MLPA100_S14.sam` = list(LR52_SNP1 = list(
    All = list(Freqs = structure(c(0L, 0L, 1L, 0L, 0L, 0L, 0L, 
    1L, 0L, 0L, 12L, 233L, 2745L, 29L, 17L, 1L, 6L, 157L, 3L, 
    0L), .Dim = 5:4, .Dimnames = structure(list(c("-2", "-1", 
    "0", "1", NA), c("A", "C", "T", NA)), .Names = c("", "")), class = "table"), 
        N = 3205L), Tag.Distribution = structure(c(`1` = 169L, 
    `2` = 98L, `3` = 82L, `4` = 64L, `5` = 53L, `6` = 37L, `7` = 26L, 
    `8` = 18L, `9` = 20L, `10` = 13L, `11` = 12L, `12` = 13L, 
    `13` = 9L, `14` = 12L, `15` = 2L, `16` = 4L, `17` = 4L, `18` = 3L, 
    `19` = 2L, `20` = 6L, `21` = 2L, `22` = 3L, `29` = 1L, `31` = 1L
    ), .Dim = 24L, .Dimnames = list(TagUsage = c("1", "2", "3", 
    "4", "5", "6", "7", "8", "9", "10", "11", "12", "13", "14", 
    "15", "16", "17", "18", "19", "20", "21", "22", "29", "31"
    )), class = "table"), No.Tag = structure(c(0L, 0L, 0L, 0L, 
    0L, 0L, 0L, 1L, 0L, 0L, 1L, 10L, 83L, 0L, 1L, 0L, 0L, 4L, 
    0L, 0L), .Dim = 5:4, .Dimnames = structure(list(c("-2", "-1", 
    "0", "1", NA), c("A", "C", "T", NA)), .Names = c("", "")), class = "table"), 
    All.Tags = list(Concordant = list(Freqs = structure(c(0, 
    0, 1, 0, 0, 0, 0, 0, 0, 15, 467, 3), .Dim = 4:3, .Dimnames = list(
        c("-2", "-1", "0", "1"), c("A", "C", "T"))), N = 486), 
        Majority = list(Freqs = structure(c(0, 0, 1, 0, 0, 0, 
        0, 0, 0, 19, 602, 4), .Dim = 4:3, .Dimnames = list(c("-2", 
        "-1", "0", "1"), c("A", "C", "T"))), N = 626)), `2` = structure(c(0, 
    0, 0, 0, 0, 0, 0, 0, 0, 8, 457, 2), .Dim = 4:3, .Dimnames = list(
        c("-2", "-1", "0", "1"), c("A", "C", "T"))))))
