Results <-
list(`bwa.out//20220204//MLPA99_S13.sam` = list(GM29_SNP1 = list(
    All = list(Freqs = structure(c(0L, 3L, 0L, 0L, 66L, 4273L, 
    8L, 12L, 1L, 21L, 0L, 0L), .Dim = 4:3, .Dimnames = structure(list(
        c("-1", "0", "1", NA), c("A", "G", NA)), .Names = c("", 
    "")), class = "table"), N = 4384L), Tag.Distribution = structure(c(`1` = 84L, 
    `2` = 28L, `3` = 24L, `4` = 21L, `5` = 16L, `6` = 20L, `7` = 18L, 
    `8` = 10L, `9` = 13L, `10` = 10L, `11` = 13L, `12` = 9L, 
    `13` = 15L, `14` = 12L, `15` = 10L, `16` = 9L, `17` = 7L, 
    `18` = 11L, `19` = 3L, `20` = 8L, `21` = 4L, `23` = 2L, `24` = 2L, 
    `25` = 4L, `26` = 5L, `27` = 1L, `28` = 1L, `29` = 1L, `30` = 2L, 
    `32` = 1L, `33` = 4L, `35` = 3L, `36` = 5L, `37` = 2L, `38` = 1L, 
    `39` = 1L, `40` = 1L, `42` = 1L, `43` = 2L, `44` = 1L, `45` = 1L, 
    `46` = 1L, `47` = 1L, `49` = 1L, `50` = 1L, `51` = 1L, `54` = 1L, 
    `55` = 1L, `56` = 1L, `59` = 1L, `63` = 1L), .Dim = 51L, .Dimnames = list(
        TagUsage = c("1", "2", "3", "4", "5", "6", "7", "8", 
        "9", "10", "11", "12", "13", "14", "15", "16", "17", 
        "18", "19", "20", "21", "23", "24", "25", "26", "27", 
        "28", "29", "30", "32", "33", "35", "36", "37", "38", 
        "39", "40", "42", "43", "44", "45", "46", "47", "49", 
        "50", "51", "54", "55", "56", "59", "63")), class = "table"), 
    No.Tag = structure(c(0L, 0L, 0L, 0L, 2L, 80L, 0L, 0L, 0L, 
    2L, 0L, 0L), .Dim = 4:3, .Dimnames = structure(list(c("-1", 
    "0", "1", NA), c("A", "G", NA)), .Names = c("", "")), class = "table"), 
    All.Tags = list(Concordant = list(Freqs = structure(c(0, 
    3, 0, 3, 333, 0), .Dim = 3:2, .Dimnames = list(c("-1", "0", 
    "1"), c("A", "G"))), N = 339), Majority = list(Freqs = structure(c(0, 
    3, 0, 3, 384, 0), .Dim = 3:2, .Dimnames = list(c("-1", "0", 
    "1"), c("A", "G"))), N = 390)), `2` = structure(c(0, 0, 0, 
    0, 311, 0), .Dim = 3:2, .Dimnames = list(c("-1", "0", "1"
    ), c("A", "G"))))))
