Results <-
list(`bwa.out//20220204//17D1098_S3.sam` = list(GM17_SNP1 = list(
    All = list(Freqs = structure(c(16L, 1770L, 13L, 0L, 28L, 
    1732L, 7L, 1L, 1L, 24L, 0L, 0L), .Dim = 4:3, .Dimnames = structure(list(
        c("-1", "0", "1", NA), c("C", "T", NA)), .Names = c("", 
    "")), class = "table"), N = 3592L), Tag.Distribution = structure(c(`1` = 159L, 
    `2` = 81L, `3` = 55L, `4` = 53L, `5` = 51L, `6` = 51L, `7` = 28L, 
    `8` = 33L, `9` = 24L, `10` = 21L, `11` = 17L, `12` = 18L, 
    `13` = 11L, `14` = 11L, `15` = 6L, `16` = 8L, `17` = 6L, 
    `18` = 5L, `19` = 5L, `20` = 2L, `23` = 2L, `24` = 1L, `37` = 1L, 
    `42` = 1L), .Dim = 24L, .Dimnames = list(TagUsage = c("1", 
    "2", "3", "4", "5", "6", "7", "8", "9", "10", "11", "12", 
    "13", "14", "15", "16", "17", "18", "19", "20", "23", "24", 
    "37", "42")), class = "table"), No.Tag = structure(c(0L, 
    19L, 0L, 0L, 0L, 30L, 0L, 0L, 0L, 4L, 0L, 0L), .Dim = 4:3, .Dimnames = structure(list(
        c("-1", "0", "1", NA), c("C", "T", NA)), .Names = c("", 
    "")), class = "table"), All.Tags = list(Concordant = list(
        Freqs = structure(c(2, 288, 1, 1, 267, 0), .Dim = 3:2, .Dimnames = list(
            c("-1", "0", "1"), c("C", "T"))), N = 559), Majority = list(
        Freqs = structure(c(2, 325, 1, 1, 315, 0), .Dim = 3:2, .Dimnames = list(
            c("-1", "0", "1"), c("C", "T"))), N = 644)), `2` = structure(c(0, 
    248, 1, 0, 240, 0), .Dim = 3:2, .Dimnames = list(c("-1", 
    "0", "1"), c("C", "T"))))))
