Results <-
list(`bwa.out//20220204//Control21_S14.sam` = list(GM29_SNP1 = list(
    All = list(Freqs = structure(c(35L, 2901L, 6L, 3L, 0L, 1L, 
    0L, 0L, 1L, 16L, 0L, 0L), .Dim = 4:3, .Dimnames = structure(list(
        c("-1", "0", "1", NA), c("A", "G", NA)), .Names = c("", 
    "")), class = "table"), N = 2963L), Tag.Distribution = structure(c(`1` = 109L, 
    `2` = 63L, `3` = 41L, `4` = 37L, `5` = 30L, `6` = 25L, `7` = 24L, 
    `8` = 17L, `9` = 19L, `10` = 19L, `11` = 11L, `12` = 4L, 
    `13` = 9L, `14` = 4L, `15` = 7L, `16` = 9L, `17` = 3L, `18` = 5L, 
    `19` = 6L, `20` = 4L, `21` = 6L, `22` = 3L, `23` = 2L, `24` = 1L, 
    `25` = 2L, `26` = 1L, `27` = 1L, `29` = 1L, `32` = 1L, `40` = 1L
    ), .Dim = 30L, .Dimnames = list(TagUsage = c("1", "2", "3", 
    "4", "5", "6", "7", "8", "9", "10", "11", "12", "13", "14", 
    "15", "16", "17", "18", "19", "20", "21", "22", "23", "24", 
    "25", "26", "27", "29", "32", "40")), class = "table"), No.Tag = structure(c(2L, 
    97L, 0L, 0L, 0L, 0L, 0L, 0L, 0L, 1L, 0L, 0L), .Dim = 4:3, .Dimnames = structure(list(
        c("-1", "0", "1", NA), c("A", "G", NA)), .Names = c("", 
    "")), class = "table"), All.Tags = list(Concordant = list(
        Freqs = structure(c(3, 424, 0, 0, 0, 0), .Dim = 3:2, .Dimnames = list(
            c("-1", "0", "1"), c("A", "G"))), N = 427), Majority = list(
        Freqs = structure(c(3, 456, 0, 0, 0, 0), .Dim = 3:2, .Dimnames = list(
            c("-1", "0", "1"), c("A", "G"))), N = 459)), `2` = structure(c(0, 
    354, 0, 0, 0, 0), .Dim = 3:2, .Dimnames = list(c("-1", "0", 
    "1"), c("A", "G"))))))
