Results <-
list(`bwa.out//20220204//BlindCMMRD64_S23.sam` = list(GM22_SNP1 = list(
    All = list(Freqs = structure(c(3L, 90L, 5918L, 31L, 17L, 
    0L, 0L, 2L, 0L, 0L, 0L, 0L, 2L, 0L, 0L, 0L, 1L, 62L, 0L, 
    0L), .Dim = 5:4, .Dimnames = structure(list(c("-2", "-1", 
    "0", "1", NA), c("A", "G", "T", NA)), .Names = c("", "")), class = "table"), 
        N = 6126L), Tag.Distribution = structure(c(`1` = 137L, 
    `2` = 56L, `3` = 66L, `4` = 50L, `5` = 48L, `6` = 33L, `7` = 44L, 
    `8` = 30L, `9` = 29L, `10` = 26L, `11` = 22L, `12` = 27L, 
    `13` = 13L, `14` = 17L, `15` = 6L, `16` = 15L, `17` = 13L, 
    `18` = 9L, `19` = 13L, `20` = 14L, `21` = 12L, `22` = 7L, 
    `23` = 14L, `24` = 8L, `25` = 7L, `26` = 1L, `27` = 4L, `28` = 1L, 
    `29` = 2L, `30` = 2L, `31` = 1L, `32` = 2L, `33` = 1L, `34` = 1L, 
    `35` = 1L, `38` = 1L), .Dim = 36L, .Dimnames = list(TagUsage = c("1", 
    "2", "3", "4", "5", "6", "7", "8", "9", "10", "11", "12", 
    "13", "14", "15", "16", "17", "18", "19", "20", "21", "22", 
    "23", "24", "25", "26", "27", "28", "29", "30", "31", "32", 
    "33", "34", "35", "38")), class = "table"), No.Tag = structure(c(0L, 
    2L, 133L, 0L, 3L, 0L, 0L, 0L, 0L, 0L, 0L, 0L, 0L, 0L, 0L, 
    0L, 0L, 11L, 0L, 0L), .Dim = 5:4, .Dimnames = structure(list(
        c("-2", "-1", "0", "1", NA), c("A", "G", "T", NA)), .Names = c("", 
    "")), class = "table"), All.Tags = list(Concordant = list(
        Freqs = structure(c(0, 5, 631, 0, 0, 0, 1, 0, 0, 0, 0, 
        0), .Dim = 4:3, .Dimnames = list(c("-2", "-1", "0", "1"
        ), c("A", "G", "T"))), N = 637), Majority = list(Freqs = structure(c(0, 
    5, 724, 0, 0, 0, 1, 0, 0, 0, 0, 0), .Dim = 4:3, .Dimnames = list(
        c("-2", "-1", "0", "1"), c("A", "G", "T"))), N = 730)), 
    `2` = structure(c(0, 2, 593, 0, 0, 0, 0, 0, 0, 0, 0, 0), .Dim = 4:3, .Dimnames = list(
        c("-2", "-1", "0", "1"), c("A", "G", "T"))))))
