Results <-
list(`bwa.out//20220204//BlindCMMRD88_S47.sam` = list(GM07_SNP1 = list(
    All = list(Freqs = structure(c(0L, 0L, 1L, 0L, 0L, 0L, 2L, 
    112L, 1885L, 52L, 3L, 34L, 3L, 103L, 1811L, 53L, 3L, 34L, 
    0L, 5L, 49L, 1L, 0L, 0L), .Dim = c(6L, 4L), .Dimnames = structure(list(
        c("-2", "-1", "0", "1", "2", NA), c("-", "A", "G", NA
        )), .Names = c("", "")), class = "table"), N = 4151L), 
    Tag.Distribution = structure(c(`1` = 121L, `2` = 62L, `3` = 50L, 
    `4` = 58L, `5` = 34L, `6` = 26L, `7` = 24L, `8` = 22L, `9` = 24L, 
    `10` = 15L, `11` = 13L, `12` = 17L, `13` = 8L, `14` = 13L, 
    `15` = 8L, `16` = 5L, `17` = 8L, `18` = 8L, `19` = 3L, `20` = 6L, 
    `21` = 3L, `22` = 6L, `24` = 3L, `25` = 1L, `26` = 4L, `27` = 3L, 
    `28` = 3L, `32` = 1L, `33` = 2L, `34` = 1L, `35` = 2L, `37` = 1L, 
    `38` = 1L, `40` = 1L, `53` = 1L), .Dim = 35L, .Dimnames = list(
        TagUsage = c("1", "2", "3", "4", "5", "6", "7", "8", 
        "9", "10", "11", "12", "13", "14", "15", "16", "17", 
        "18", "19", "20", "21", "22", "24", "25", "26", "27", 
        "28", "32", "33", "34", "35", "37", "38", "40", "53")), class = "table"), 
    No.Tag = structure(c(0L, 0L, 0L, 0L, 0L, 0L, 0L, 4L, 107L, 
    2L, 0L, 6L, 0L, 4L, 127L, 1L, 0L, 7L, 0L, 0L, 9L, 0L, 0L, 
    0L), .Dim = c(6L, 4L), .Dimnames = structure(list(c("-2", 
    "-1", "0", "1", "2", NA), c("-", "A", "G", NA)), .Names = c("", 
    "")), class = "table"), All.Tags = list(Concordant = list(
        Freqs = structure(c(0, 0, 0, 0, 0, 0, 5, 177, 1, 0, 1, 
        1, 177, 0, 0), .Dim = c(5L, 3L), .Dimnames = list(c("-2", 
        "-1", "0", "1", "2"), c("-", "A", "G"))), N = 362), Majority = list(
        Freqs = structure(c(0, 0, 0, 0, 0, 0, 5, 260, 3, 0, 1, 
        4, 248, 1, 0), .Dim = c(5L, 3L), .Dimnames = list(c("-2", 
        "-1", "0", "1", "2"), c("-", "A", "G"))), N = 522)), 
    `2` = structure(c(0, 0, 0, 0, 0, 0, 2, 207, 3, 0, 0, 3, 201, 
    1, 0), .Dim = c(5L, 3L), .Dimnames = list(c("-2", "-1", "0", 
    "1", "2"), c("-", "A", "G"))))))
