Results <-
list(`bwa.out//20220204//BlindCMMRD75_S34.sam` = list(GM11_SNP1 = list(
    All = list(Freqs = structure(c(6L, 2210L, 5L, 0L, 22L, 3263L, 
    17L, 3L, 0L, 1L, 0L, 0L, 0L, 30L, 0L, 0L), .Dim = c(4L, 4L
    ), .Dimnames = structure(list(c("-1", "0", "1", NA), c("A", 
    "G", "T", NA)), .Names = c("", "")), class = "table"), N = 5557L), 
    Tag.Distribution = structure(c(`1` = 129L, `2` = 49L, `3` = 51L, 
    `4` = 45L, `5` = 35L, `6` = 40L, `7` = 39L, `8` = 39L, `9` = 30L, 
    `10` = 23L, `11` = 28L, `12` = 16L, `13` = 11L, `14` = 15L, 
    `15` = 16L, `16` = 11L, `17` = 6L, `18` = 13L, `19` = 11L, 
    `20` = 7L, `21` = 5L, `22` = 6L, `23` = 7L, `24` = 6L, `25` = 2L, 
    `26` = 3L, `27` = 4L, `28` = 2L, `29` = 2L, `30` = 3L, `31` = 1L, 
    `32` = 2L, `33` = 4L, `34` = 1L, `36` = 1L, `39` = 1L, `40` = 1L, 
    `42` = 2L), .Dim = 38L, .Dimnames = list(TagUsage = c("1", 
    "2", "3", "4", "5", "6", "7", "8", "9", "10", "11", "12", 
    "13", "14", "15", "16", "17", "18", "19", "20", "21", "22", 
    "23", "24", "25", "26", "27", "28", "29", "30", "31", "32", 
    "33", "34", "36", "39", "40", "42")), class = "table"), No.Tag = structure(c(0L, 
    26L, 1L, 0L, 0L, 72L, 0L, 0L, 0L, 0L, 0L, 0L, 0L, 2L, 0L, 
    0L), .Dim = c(4L, 4L), .Dimnames = structure(list(c("-1", 
    "0", "1", NA), c("A", "G", "T", NA)), .Names = c("", "")), class = "table"), 
    All.Tags = list(Concordant = list(Freqs = structure(c(0, 
    258, 0, 1, 316, 0, 0, 0, 0), .Dim = c(3L, 3L), .Dimnames = list(
        c("-1", "0", "1"), c("A", "G", "T"))), N = 575), Majority = list(
        Freqs = structure(c(0, 289, 0, 1, 370, 0, 0, 0, 0), .Dim = c(3L, 
        3L), .Dimnames = list(c("-1", "0", "1"), c("A", "G", 
        "T"))), N = 660)), `2` = structure(c(0, 224, 0, 0, 311, 
    0, 0, 0, 0), .Dim = c(3L, 3L), .Dimnames = list(c("-1", "0", 
    "1"), c("A", "G", "T"))))))
