Results <-
list(`bwa.out//20220204//BlindCMMRD55_S14.sam` = list(GM01_SNP1 = list(
    All = list(Freqs = structure(c(0L, 0L, 1L, 0L, 0L, 1L, 104L, 
    6498L, 25L, 7L, 0L, 0L, 13L, 0L, 0L, 0L, 0L, 2L, 0L, 0L, 
    0L, 3L, 63L, 1L, 0L), .Dim = c(5L, 5L), .Dimnames = structure(list(
        c("-2", "-1", "0", "1", NA), c("-", "A", "G", "T", NA
        )), .Names = c("", "")), class = "table"), N = 6718L), 
    Tag.Distribution = structure(c(`1` = 127L, `2` = 64L, `3` = 47L, 
    `4` = 52L, `5` = 44L, `6` = 41L, `7` = 43L, `8` = 37L, `9` = 36L, 
    `10` = 30L, `11` = 24L, `12` = 26L, `13` = 15L, `14` = 25L, 
    `15` = 24L, `16` = 14L, `17` = 20L, `18` = 16L, `19` = 20L, 
    `20` = 11L, `21` = 10L, `22` = 11L, `23` = 8L, `24` = 4L, 
    `25` = 4L, `26` = 3L, `27` = 4L, `28` = 2L, `29` = 1L, `34` = 3L, 
    `35` = 1L, `36` = 2L, `55` = 1L), .Dim = 33L, .Dimnames = list(
        TagUsage = c("1", "2", "3", "4", "5", "6", "7", "8", 
        "9", "10", "11", "12", "13", "14", "15", "16", "17", 
        "18", "19", "20", "21", "22", "23", "24", "25", "26", 
        "27", "28", "29", "34", "35", "36", "55")), class = "table"), 
    No.Tag = structure(c(0L, 0L, 0L, 0L, 0L, 0L, 15L, 104L, 2L, 
    0L, 0L, 0L, 0L, 0L, 0L, 0L, 0L, 0L, 0L, 0L, 0L, 0L, 6L, 0L, 
    0L), .Dim = c(5L, 5L), .Dimnames = structure(list(c("-2", 
    "-1", "0", "1", NA), c("-", "A", "G", "T", NA)), .Names = c("", 
    "")), class = "table"), All.Tags = list(Concordant = list(
        Freqs = structure(c(0, 0, 0, 0, 0, 1, 651, 1, 0, 0, 10, 
        0, 0, 0, 0, 0), .Dim = c(4L, 4L), .Dimnames = list(c("-2", 
        "-1", "0", "1"), c("-", "A", "G", "T"))), N = 663), Majority = list(
        Freqs = structure(c(0, 0, 0, 0, 0, 1, 746, 1, 0, 0, 10, 
        0, 0, 0, 0, 0), .Dim = c(4L, 4L), .Dimnames = list(c("-2", 
        "-1", "0", "1"), c("-", "A", "G", "T"))), N = 758)), 
    `2` = structure(c(0, 0, 0, 0, 0, 0, 636, 0, 0, 0, 0, 0, 0, 
    0, 0, 0), .Dim = c(4L, 4L), .Dimnames = list(c("-2", "-1", 
    "0", "1"), c("-", "A", "G", "T"))))))
