Results <-
list(`bwa.out//20220204//BlindCMMRD90_S49.sam` = list(LR20_SNP1 = list(
    All = list(Freqs = structure(c(0L, 5L, 0L, 0L, 10L, 5500L, 
    10L, 4L, 0L, 2L, 0L, 0L, 0L, 12L, 0L, 0L), .Dim = c(4L, 4L
    ), .Dimnames = structure(list(c("-1", "0", "1", NA), c("-", 
    "A", "G", NA)), .Names = c("", "")), class = "table"), N = 5543L), 
    Tag.Distribution = structure(c(`1` = 145L, `2` = 83L, `3` = 65L, 
    `4` = 68L, `5` = 54L, `6` = 41L, `7` = 49L, `8` = 33L, `9` = 30L, 
    `10` = 27L, `11` = 18L, `12` = 22L, `13` = 13L, `14` = 20L, 
    `15` = 12L, `16` = 12L, `17` = 13L, `18` = 5L, `19` = 13L, 
    `20` = 8L, `21` = 5L, `22` = 4L, `23` = 7L, `24` = 2L, `25` = 6L, 
    `26` = 3L, `27` = 3L, `28` = 4L, `31` = 1L, `32` = 1L, `36` = 1L, 
    `37` = 1L), .Dim = 32L, .Dimnames = list(TagUsage = c("1", 
    "2", "3", "4", "5", "6", "7", "8", "9", "10", "11", "12", 
    "13", "14", "15", "16", "17", "18", "19", "20", "21", "22", 
    "23", "24", "25", "26", "27", "28", "31", "32", "36", "37"
    )), class = "table"), No.Tag = structure(c(0L, 0L, 0L, 0L, 
    1L, 137L, 1L, 2L, 0L, 1L, 0L, 0L, 0L, 0L, 0L, 0L), .Dim = c(4L, 
    4L), .Dimnames = structure(list(c("-1", "0", "1", NA), c("-", 
    "A", "G", NA)), .Names = c("", "")), class = "table"), All.Tags = list(
        Concordant = list(Freqs = structure(c(0, 1, 0, 0, 748, 
        0, 0, 0, 0), .Dim = c(3L, 3L), .Dimnames = list(c("-1", 
        "0", "1"), c("-", "A", "G"))), N = 749), Majority = list(
            Freqs = structure(c(0, 1, 0, 0, 766, 0, 0, 0, 0), .Dim = c(3L, 
            3L), .Dimnames = list(c("-1", "0", "1"), c("-", "A", 
            "G"))), N = 767)), `2` = structure(c(0, 0, 0, 0, 
    624, 0, 0, 0, 0), .Dim = c(3L, 3L), .Dimnames = list(c("-1", 
    "0", "1"), c("-", "A", "G"))))))
