Results <-
list(`bwa.out//20220204//BlindCMMRD135_S61.sam` = list(GM29_SNP1 = list(
    All = list(Freqs = structure(c(34L, 1846L, 6L, 3L, 14L, 1631L, 
    5L, 6L, 0L, 10L, 0L, 0L), .Dim = 4:3, .Dimnames = structure(list(
        c("-1", "0", "1", NA), c("A", "G", NA)), .Names = c("", 
    "")), class = "table"), N = 3555L), Tag.Distribution = structure(c(`1` = 112L, 
    `2` = 92L, `3` = 95L, `4` = 57L, `5` = 45L, `6` = 51L, `7` = 31L, 
    `8` = 39L, `9` = 24L, `10` = 22L, `11` = 10L, `12` = 12L, 
    `13` = 10L, `14` = 5L, `15` = 7L, `16` = 6L, `17` = 8L, `18` = 5L, 
    `20` = 1L, `22` = 1L, `23` = 2L, `24` = 1L, `26` = 1L, `27` = 1L, 
    `33` = 1L, `34` = 1L, `40` = 1L), .Dim = 27L, .Dimnames = list(
        TagUsage = c("1", "2", "3", "4", "5", "6", "7", "8", 
        "9", "10", "11", "12", "13", "14", "15", "16", "17", 
        "18", "20", "22", "23", "24", "26", "27", "33", "34", 
        "40")), class = "table"), No.Tag = structure(c(1L, 67L, 
    0L, 0L, 1L, 27L, 0L, 0L, 0L, 1L, 0L, 0L), .Dim = 4:3, .Dimnames = structure(list(
        c("-1", "0", "1", NA), c("A", "G", NA)), .Names = c("", 
    "")), class = "table"), All.Tags = list(Concordant = list(
        Freqs = structure(c(2, 263, 1, 0, 242, 0), .Dim = 3:2, .Dimnames = list(
            c("-1", "0", "1"), c("A", "G"))), N = 508), Majority = list(
        Freqs = structure(c(2, 335, 1, 0, 294, 0), .Dim = 3:2, .Dimnames = list(
            c("-1", "0", "1"), c("A", "G"))), N = 632)), `2` = structure(c(0, 
    279, 0, 0, 242, 0), .Dim = 3:2, .Dimnames = list(c("-1", 
    "0", "1"), c("A", "G"))))))
