Results <-
list(`bwa.out//20220204//BlindCMMRD76_S35.sam` = list(LR10_SNP1 = list(
    All = list(Freqs = structure(c(0L, 0L, 1L, 0L, 0L, 1L, 41L, 
    2399L, 11L, 3L, 0L, 0L, 1L, 0L, 0L, 0L, 21L, 2394L, 14L, 
    6L, 0L, 0L, 30L, 0L, 0L), .Dim = c(5L, 5L), .Dimnames = structure(list(
        c("-2", "-1", "0", "1", NA), c("A", "C", "G", "T", NA
        )), .Names = c("", "")), class = "table"), N = 4922L), 
    Tag.Distribution = structure(c(`1` = 75L, `2` = 38L, `3` = 28L, 
    `4` = 23L, `5` = 21L, `6` = 18L, `7` = 26L, `8` = 31L, `9` = 19L, 
    `10` = 18L, `11` = 16L, `12` = 13L, `13` = 15L, `14` = 8L, 
    `15` = 17L, `16` = 10L, `17` = 7L, `18` = 8L, `19` = 7L, 
    `20` = 6L, `21` = 7L, `22` = 9L, `23` = 6L, `24` = 7L, `25` = 3L, 
    `26` = 6L, `27` = 5L, `28` = 5L, `29` = 1L, `30` = 4L, `31` = 3L, 
    `32` = 2L, `33` = 2L, `34` = 1L, `35` = 3L, `36` = 1L, `37` = 1L, 
    `42` = 1L, `43` = 1L, `44` = 1L, `53` = 1L), .Dim = 41L, .Dimnames = list(
        TagUsage = c("1", "2", "3", "4", "5", "6", "7", "8", 
        "9", "10", "11", "12", "13", "14", "15", "16", "17", 
        "18", "19", "20", "21", "22", "23", "24", "25", "26", 
        "27", "28", "29", "30", "31", "32", "33", "34", "35", 
        "36", "37", "42", "43", "44", "53")), class = "table"), 
    No.Tag = structure(c(0L, 0L, 1L, 0L, 0L, 0L, 1L, 79L, 0L, 
    0L, 0L, 0L, 0L, 0L, 0L, 0L, 0L, 23L, 0L, 0L, 0L, 0L, 4L, 
    0L, 0L), .Dim = c(5L, 5L), .Dimnames = structure(list(c("-2", 
    "-1", "0", "1", NA), c("A", "C", "G", "T", NA)), .Names = c("", 
    "")), class = "table"), All.Tags = list(Concordant = list(
        Freqs = structure(c(0, 0, 0, 0, 0, 3, 180, 0, 0, 0, 0, 
        0, 0, 3, 213, 0), .Dim = c(4L, 4L), .Dimnames = list(
            c("-2", "-1", "0", "1"), c("A", "C", "G", "T"))), 
        N = 399), Majority = list(Freqs = structure(c(0, 0, 0, 
    0, 0, 3, 218, 0, 0, 0, 0, 0, 0, 3, 246, 0), .Dim = c(4L, 
    4L), .Dimnames = list(c("-2", "-1", "0", "1"), c("A", "C", 
    "G", "T"))), N = 470)), `2` = structure(c(0, 0, 0, 0, 0, 
    2, 189, 0, 0, 0, 0, 0, 0, 1, 205, 0), .Dim = c(4L, 4L), .Dimnames = list(
        c("-2", "-1", "0", "1"), c("A", "C", "G", "T"))))))
