Results <-
list(`bwa.out//20220204//BlindCMMRD79_S38.sam` = list(LR10_SNP1 = list(
    All = list(Freqs = structure(c(0L, 0L, 1L, 0L, 0L, 1L, 35L, 
    1938L, 8L, 1L, 0L, 27L, 1665L, 11L, 2L, 0L, 0L, 28L, 1L, 
    0L), .Dim = 5:4, .Dimnames = structure(list(c("-2", "-1", 
    "0", "1", NA), c("A", "C", "T", NA)), .Names = c("", "")), class = "table"), 
        N = 3718L), Tag.Distribution = structure(c(`1` = 98L, 
    `2` = 59L, `3` = 54L, `4` = 43L, `5` = 59L, `6` = 42L, `7` = 33L, 
    `8` = 33L, `9` = 27L, `10` = 17L, `11` = 10L, `12` = 14L, 
    `13` = 13L, `14` = 14L, `15` = 5L, `16` = 7L, `17` = 10L, 
    `18` = 2L, `19` = 3L, `20` = 7L, `21` = 5L, `22` = 2L, `23` = 4L, 
    `24` = 1L, `27` = 1L, `30` = 1L, `31` = 1L, `33` = 1L), .Dim = 28L, .Dimnames = list(
        TagUsage = c("1", "2", "3", "4", "5", "6", "7", "8", 
        "9", "10", "11", "12", "13", "14", "15", "16", "17", 
        "18", "19", "20", "21", "22", "23", "24", "27", "30", 
        "31", "33")), class = "table"), No.Tag = structure(c(0L, 
    0L, 0L, 0L, 0L, 0L, 0L, 49L, 0L, 0L, 0L, 4L, 35L, 0L, 0L, 
    0L, 0L, 6L, 0L, 0L), .Dim = 5:4, .Dimnames = structure(list(
        c("-2", "-1", "0", "1", NA), c("A", "C", "T", NA)), .Names = c("", 
    "")), class = "table"), All.Tags = list(Concordant = list(
        Freqs = structure(c(0, 0, 0, 0, 0, 2, 246, 0, 0, 1, 231, 
        1), .Dim = 4:3, .Dimnames = list(c("-2", "-1", "0", "1"
        ), c("A", "C", "T"))), N = 481), Majority = list(Freqs = structure(c(0, 
    0, 0, 0, 0, 2, 290, 0, 0, 1, 267, 2), .Dim = 4:3, .Dimnames = list(
        c("-2", "-1", "0", "1"), c("A", "C", "T"))), N = 562)), 
    `2` = structure(c(0, 0, 0, 0, 0, 1, 236, 0, 0, 0, 226, 1), .Dim = 4:3, .Dimnames = list(
        c("-2", "-1", "0", "1"), c("A", "C", "T"))))))
