Results <-
list(`bwa.out//20220204//BlindCMMRD114_S40.sam` = list(GM07_SNP1 = list(
    All = list(Freqs = structure(c(0L, 1L, 3L, 0L, 0L, 4L, 178L, 
    3091L, 104L, 22L, 0L, 0L, 1L, 0L, 0L, 0L, 0L, 10L, 0L, 0L
    ), .Dim = 5:4, .Dimnames = structure(list(c("-2", "-1", "0", 
    "1", NA), c("-", "A", "G", NA)), .Names = c("", "")), class = "table"), 
        N = 3414L), Tag.Distribution = structure(c(`1` = 72L, 
    `2` = 58L, `3` = 58L, `4` = 58L, `5` = 55L, `6` = 61L, `7` = 37L, 
    `8` = 56L, `9` = 20L, `10` = 20L, `11` = 22L, `12` = 15L, 
    `13` = 13L, `14` = 8L, `15` = 3L, `16` = 6L, `17` = 5L, `19` = 1L, 
    `21` = 2L), .Dim = 19L, .Dimnames = list(TagUsage = c("1", 
    "2", "3", "4", "5", "6", "7", "8", "9", "10", "11", "12", 
    "13", "14", "15", "16", "17", "19", "21")), class = "table"), 
    No.Tag = structure(c(0L, 0L, 0L, 0L, 0L, 0L, 3L, 91L, 3L, 
    4L, 0L, 0L, 1L, 0L, 0L, 0L, 0L, 0L, 0L, 0L), .Dim = 5:4, .Dimnames = structure(list(
        c("-2", "-1", "0", "1", NA), c("-", "A", "G", NA)), .Names = c("", 
    "")), class = "table"), All.Tags = list(Concordant = list(
        Freqs = structure(c(0, 0, 0, 0, 0, 9, 381, 2, 0, 0, 0, 
        0), .Dim = 4:3, .Dimnames = list(c("-2", "-1", "0", "1"
        ), c("-", "A", "G"))), N = 392), Majority = list(Freqs = structure(c(0, 
    0, 0, 0, 0, 10, 549, 4, 0, 0, 0, 0), .Dim = 4:3, .Dimnames = list(
        c("-2", "-1", "0", "1"), c("-", "A", "G"))), N = 563)), 
    `2` = structure(c(0, 0, 0, 0, 0, 5, 483, 3, 0, 0, 0, 0), .Dim = 4:3, .Dimnames = list(
        c("-2", "-1", "0", "1"), c("-", "A", "G"))))))
