Results <-
list(`bwa.out//20220204//Control29_S22.sam` = list(LR44_SNP1 = list(
    All = list(Freqs = structure(c(3L, 128L, 1796L, 24L, 1L, 
    9L, 1L, 137L, 1511L, 24L, 0L, 13L, 0L, 4L, 48L, 1L, 0L, 0L
    ), .Dim = c(6L, 3L), .Dimnames = structure(list(c("-2", "-1", 
    "0", "1", "2", NA), c("C", "T", NA)), .Names = c("", "")), class = "table"), 
        N = 3700L), Tag.Distribution = structure(c(`1` = 135L, 
    `2` = 73L, `3` = 65L, `4` = 52L, `5` = 57L, `6` = 38L, `7` = 19L, 
    `8` = 31L, `9` = 18L, `10` = 22L, `11` = 26L, `12` = 14L, 
    `13` = 11L, `14` = 8L, `15` = 10L, `16` = 6L, `17` = 13L, 
    `18` = 6L, `19` = 4L, `21` = 6L, `25` = 2L, `26` = 1L, `27` = 1L, 
    `30` = 2L), .Dim = 24L, .Dimnames = list(TagUsage = c("1", 
    "2", "3", "4", "5", "6", "7", "8", "9", "10", "11", "12", 
    "13", "14", "15", "16", "17", "18", "19", "21", "25", "26", 
    "27", "30")), class = "table"), No.Tag = structure(c(0L, 
    4L, 40L, 0L, 0L, 1L, 0L, 3L, 36L, 1L, 0L, 2L, 0L, 0L, 4L, 
    0L, 0L, 0L), .Dim = c(6L, 3L), .Dimnames = structure(list(
        c("-2", "-1", "0", "1", "2", NA), c("C", "T", NA)), .Names = c("", 
    "")), class = "table"), All.Tags = list(Concordant = list(
        Freqs = structure(c(0, 4, 227, 3, 0, 0, 9, 168, 0, 0), .Dim = c(5L, 
        2L), .Dimnames = list(c("-2", "-1", "0", "1", "2"), c("C", 
        "T"))), N = 411), Majority = list(Freqs = structure(c(0, 
    7, 316, 3, 0, 0, 9, 263, 0, 0), .Dim = c(5L, 2L), .Dimnames = list(
        c("-2", "-1", "0", "1", "2"), c("C", "T"))), N = 598)), 
    `2` = structure(c(0, 5, 257, 0, 0, 0, 4, 206, 0, 0), .Dim = c(5L, 
    2L), .Dimnames = list(c("-2", "-1", "0", "1", "2"), c("C", 
    "T"))))))
