Results <-
list(`bwa.out//20220204//BlindCMMRD111_S37.sam` = list(LR10_SNP1 = list(
    All = list(Freqs = structure(c(1L, 71L, 3992L, 23L, 1L, 4L, 
    0L, 0L, 19L, 0L, 0L, 0L, 0L, 0L, 11L, 0L, 0L, 0L), .Dim = c(6L, 
    3L), .Dimnames = structure(list(c("-2", "-1", "0", "1", "2", 
    NA), c("C", "T", NA)), .Names = c("", "")), class = "table"), 
        N = 4122L), Tag.Distribution = structure(c(`1` = 310L, 
    `2` = 213L, `3` = 180L, `4` = 116L, `5` = 97L, `6` = 67L, 
    `7` = 60L, `8` = 33L, `9` = 15L, `10` = 17L, `11` = 11L, 
    `12` = 8L, `13` = 2L, `14` = 5L, `15` = 2L, `16` = 1L, `17` = 1L, 
    `19` = 1L, `20` = 1L), .Dim = 19L, .Dimnames = list(TagUsage = c("1", 
    "2", "3", "4", "5", "6", "7", "8", "9", "10", "11", "12", 
    "13", "14", "15", "16", "17", "19", "20")), class = "table"), 
    No.Tag = structure(c(0L, 1L, 85L, 1L, 1L, 0L, 0L, 0L, 1L, 
    0L, 0L, 0L, 0L, 0L, 2L, 0L, 0L, 0L), .Dim = c(6L, 3L), .Dimnames = structure(list(
        c("-2", "-1", "0", "1", "2", NA), c("C", "T", NA)), .Names = c("", 
    "")), class = "table"), All.Tags = list(Concordant = list(
        Freqs = structure(c(0, 5, 1041, 2, 0, 0, 0, 7, 0, 0), .Dim = c(5L, 
        2L), .Dimnames = list(c("-2", "-1", "0", "1", "2"), c("C", 
        "T"))), N = 1055), Majority = list(Freqs = structure(c(0, 
    7, 1109, 2, 0, 0, 0, 7, 0, 0), .Dim = c(5L, 2L), .Dimnames = list(
        c("-2", "-1", "0", "1", "2"), c("C", "T"))), N = 1125)), 
    `2` = structure(c(0, 3, 814, 0, 0, 0, 0, 0, 0, 0), .Dim = c(5L, 
    2L), .Dimnames = list(c("-2", "-1", "0", "1", "2"), c("C", 
    "T"))))))
