Results <-
list(`bwa.out//20220204//Control24_S17.sam` = list(LR10_SNP1 = list(
    All = list(Freqs = structure(c(14L, 1041L, 12L, 5L, 9L, 883L, 
    5L, 0L, 0L, 20L, 0L, 0L), .Dim = 4:3, .Dimnames = structure(list(
        c("-1", "0", "1", NA), c("C", "T", NA)), .Names = c("", 
    "")), class = "table"), N = 1989L), Tag.Distribution = structure(c(`1` = 76L, 
    `2` = 30L, `3` = 23L, `4` = 22L, `5` = 30L, `6` = 14L, `7` = 12L, 
    `8` = 14L, `9` = 15L, `10` = 8L, `11` = 3L, `12` = 7L, `13` = 4L, 
    `14` = 3L, `15` = 3L, `16` = 5L, `17` = 3L, `18` = 2L, `19` = 1L, 
    `20` = 5L, `21` = 2L, `23` = 3L, `24` = 1L, `25` = 2L, `26` = 1L, 
    `28` = 1L, `29` = 2L, `31` = 3L, `34` = 2L), .Dim = 29L, .Dimnames = list(
        TagUsage = c("1", "2", "3", "4", "5", "6", "7", "8", 
        "9", "10", "11", "12", "13", "14", "15", "16", "17", 
        "18", "19", "20", "21", "23", "24", "25", "26", "28", 
        "29", "31", "34")), class = "table"), No.Tag = structure(c(2L, 
    24L, 1L, 1L, 1L, 20L, 0L, 0L, 0L, 2L, 0L, 0L), .Dim = 4:3, .Dimnames = structure(list(
        c("-1", "0", "1", NA), c("C", "T", NA)), .Names = c("", 
    "")), class = "table"), All.Tags = list(Concordant = list(
        Freqs = structure(c(0, 134, 0, 0, 130, 0), .Dim = 3:2, .Dimnames = list(
            c("-1", "0", "1"), c("C", "T"))), N = 264), Majority = list(
        Freqs = structure(c(0, 150, 0, 0, 143, 0), .Dim = 3:2, .Dimnames = list(
            c("-1", "0", "1"), c("C", "T"))), N = 293)), `2` = structure(c(0, 
    113, 0, 0, 106, 0), .Dim = 3:2, .Dimnames = list(c("-1", 
    "0", "1"), c("C", "T"))))))
