Results <-
list(`bwa.out//20220204//MLPA79_S11.sam` = list(LR20_SNP1 = list(
    All = list(Freqs = structure(c(8L, 4480L, 8L, 2L, 0L, 2L, 
    0L, 0L, 0L, 22L, 0L, 0L), .Dim = 4:3, .Dimnames = structure(list(
        c("-1", "0", "1", NA), c("A", "G", NA)), .Names = c("", 
    "")), class = "table"), N = 4522L), Tag.Distribution = structure(c(`1` = 169L, 
    `2` = 105L, `3` = 76L, `4` = 64L, `5` = 44L, `6` = 39L, `7` = 43L, 
    `8` = 30L, `9` = 29L, `10` = 19L, `11` = 20L, `12` = 14L, 
    `13` = 16L, `14` = 13L, `15` = 5L, `16` = 12L, `17` = 2L, 
    `18` = 2L, `19` = 3L, `20` = 1L, `21` = 5L, `22` = 4L, `23` = 1L, 
    `24` = 3L, `25` = 6L, `27` = 3L, `28` = 1L, `29` = 1L, `31` = 1L, 
    `32` = 1L, `35` = 1L, `36` = 1L, `37` = 1L, `38` = 2L, `42` = 2L
    ), .Dim = 35L, .Dimnames = list(TagUsage = c("1", "2", "3", 
    "4", "5", "6", "7", "8", "9", "10", "11", "12", "13", "14", 
    "15", "16", "17", "18", "19", "20", "21", "22", "23", "24", 
    "25", "27", "28", "29", "31", "32", "35", "36", "37", "38", 
    "42")), class = "table"), No.Tag = structure(c(0L, 108L, 
    0L, 0L, 0L, 0L, 0L, 0L, 0L, 6L, 0L, 0L), .Dim = 4:3, .Dimnames = structure(list(
        c("-1", "0", "1", NA), c("A", "G", NA)), .Names = c("", 
    "")), class = "table"), All.Tags = list(Concordant = list(
        Freqs = structure(c(0, 717, 1, 0, 2, 0), .Dim = 3:2, .Dimnames = list(
            c("-1", "0", "1"), c("A", "G"))), N = 720), Majority = list(
        Freqs = structure(c(0, 732, 1, 0, 2, 0), .Dim = 3:2, .Dimnames = list(
            c("-1", "0", "1"), c("A", "G"))), N = 735)), `2` = structure(c(0, 
    570, 0, 0, 0, 0), .Dim = 3:2, .Dimnames = list(c("-1", "0", 
    "1"), c("A", "G"))))))
