Results <-
list(`bwa.out//20220204//BlindCMMRD83_S42.sam` = list(LR48_SNP1 = list(
    All = list(Freqs = structure(c(5L, 171L, 5286L, 49L, 26L, 
    0L, 0L, 3L, 0L, 0L, 0L, 2L, 82L, 1L, 0L), .Dim = c(5L, 3L
    ), .Dimnames = structure(list(c("-2", "-1", "0", "1", NA), 
        c("C", "T", NA)), .Names = c("", "")), class = "table"), 
        N = 5625L), Tag.Distribution = structure(c(`1` = 88L, 
    `2` = 17L, `3` = 17L, `4` = 31L, `5` = 25L, `6` = 13L, `7` = 8L, 
    `8` = 16L, `9` = 22L, `10` = 6L, `11` = 17L, `12` = 14L, 
    `13` = 8L, `14` = 15L, `15` = 14L, `16` = 7L, `17` = 5L, 
    `18` = 9L, `19` = 6L, `20` = 3L, `21` = 1L, `22` = 9L, `23` = 2L, 
    `24` = 6L, `25` = 2L, `26` = 5L, `27` = 6L, `28` = 4L, `29` = 4L, 
    `30` = 4L, `31` = 7L, `32` = 2L, `33` = 2L, `34` = 6L, `35` = 5L, 
    `36` = 1L, `37` = 3L, `38` = 1L, `40` = 2L, `41` = 4L, `43` = 2L, 
    `44` = 1L, `45` = 1L, `46` = 3L, `47` = 1L, `48` = 2L, `49` = 1L, 
    `50` = 1L, `51` = 1L, `52` = 3L, `54` = 1L, `59` = 1L, `61` = 1L
    ), .Dim = 53L, .Dimnames = list(TagUsage = c("1", "2", "3", 
    "4", "5", "6", "7", "8", "9", "10", "11", "12", "13", "14", 
    "15", "16", "17", "18", "19", "20", "21", "22", "23", "24", 
    "25", "26", "27", "28", "29", "30", "31", "32", "33", "34", 
    "35", "36", "37", "38", "40", "41", "43", "44", "45", "46", 
    "47", "48", "49", "50", "51", "52", "54", "59", "61")), class = "table"), 
    No.Tag = structure(c(0L, 2L, 73L, 1L, 0L, 0L, 0L, 0L, 0L, 
    0L, 0L, 0L, 5L, 0L, 0L), .Dim = c(5L, 3L), .Dimnames = structure(list(
        c("-2", "-1", "0", "1", NA), c("C", "T", NA)), .Names = c("", 
    "")), class = "table"), All.Tags = list(Concordant = list(
        Freqs = structure(c(0, 7, 298, 0, 0, 0, 3, 0), .Dim = c(4L, 
        2L), .Dimnames = list(c("-2", "-1", "0", "1"), c("C", 
        "T"))), N = 308), Majority = list(Freqs = structure(c(0, 
    9, 415, 0, 0, 0, 3, 0), .Dim = c(4L, 2L), .Dimnames = list(
        c("-2", "-1", "0", "1"), c("C", "T"))), N = 427)), `2` = structure(c(0, 
    4, 344, 0, 0, 0, 0, 0), .Dim = c(4L, 2L), .Dimnames = list(
        c("-2", "-1", "0", "1"), c("C", "T"))))))
