Results <-
list(`bwa.out//20220204//BlindCMMRD108_S10.sam` = list(LR20_SNP1 = list(
    All = list(Freqs = structure(c(2L, 618L, 0L, 2L, 1L, 880L, 
    3L, 1L, 1L, 11L, 0L, 0L), .Dim = 4:3, .Dimnames = structure(list(
        c("-1", "0", "1", NA), c("A", "G", NA)), .Names = c("", 
    "")), class = "table"), N = 1519L), Tag.Distribution = structure(c(`1` = 49L, 
    `2` = 22L, `3` = 13L, `4` = 16L, `5` = 13L, `6` = 13L, `7` = 17L, 
    `8` = 12L, `9` = 11L, `10` = 7L, `11` = 9L, `12` = 3L, `13` = 5L, 
    `14` = 4L, `15` = 3L, `16` = 4L, `17` = 3L, `19` = 4L, `22` = 1L, 
    `23` = 1L, `24` = 1L, `25` = 1L, `26` = 1L, `27` = 1L, `28` = 1L, 
    `32` = 2L, `34` = 1L), .Dim = 27L, .Dimnames = list(TagUsage = c("1", 
    "2", "3", "4", "5", "6", "7", "8", "9", "10", "11", "12", 
    "13", "14", "15", "16", "17", "19", "22", "23", "24", "25", 
    "26", "27", "28", "32", "34")), class = "table"), No.Tag = structure(c(0L, 
    13L, 0L, 1L, 0L, 16L, 0L, 0L, 0L, 1L, 0L, 0L), .Dim = 4:3, .Dimnames = structure(list(
        c("-1", "0", "1", NA), c("A", "G", NA)), .Names = c("", 
    "")), class = "table"), All.Tags = list(Concordant = list(
        Freqs = structure(c(0, 98, 0, 0, 109, 0), .Dim = 3:2, .Dimnames = list(
            c("-1", "0", "1"), c("A", "G"))), N = 207), Majority = list(
        Freqs = structure(c(0, 100, 0, 0, 116, 0), .Dim = 3:2, .Dimnames = list(
            c("-1", "0", "1"), c("A", "G"))), N = 216)), `2` = structure(c(0, 
    76, 0, 0, 93, 0), .Dim = 3:2, .Dimnames = list(c("-1", "0", 
    "1"), c("A", "G"))))))
