Results <-
list(`bwa.out//20220204//BlindCMMRD131_S57.sam` = list(GM14_SNP1 = list(
    All = list(Freqs = structure(c(1L, 5L, 129L, 4209L, 25L, 
    12L, 0L, 0L, 0L, 1L, 0L, 0L, 0L, 0L, 0L, 16L, 0L, 0L), .Dim = c(6L, 
    3L), .Dimnames = structure(list(c("-3", "-2", "-1", "0", 
    "1", NA), c("C", "T", NA)), .Names = c("", "")), class = "table"), 
        N = 4398L), Tag.Distribution = structure(c(`1` = 152L, 
    `2` = 126L, `3` = 115L, `4` = 99L, `5` = 83L, `6` = 72L, 
    `7` = 58L, `8` = 49L, `9` = 37L, `10` = 23L, `11` = 21L, 
    `12` = 17L, `13` = 9L, `14` = 4L, `15` = 9L, `16` = 2L, `17` = 6L, 
    `18` = 3L, `19` = 1L, `20` = 1L, `22` = 1L), .Dim = 21L, .Dimnames = list(
        TagUsage = c("1", "2", "3", "4", "5", "6", "7", "8", 
        "9", "10", "11", "12", "13", "14", "15", "16", "17", 
        "18", "19", "20", "22")), class = "table"), No.Tag = structure(c(0L, 
    0L, 3L, 50L, 0L, 0L, 0L, 0L, 0L, 0L, 0L, 0L, 0L, 0L, 0L, 
    0L, 0L, 0L), .Dim = c(6L, 3L), .Dimnames = structure(list(
        c("-3", "-2", "-1", "0", "1", NA), c("C", "T", NA)), .Names = c("", 
    "")), class = "table"), All.Tags = list(Concordant = list(
        Freqs = structure(c(0, 0, 5, 744, 0, 0, 0, 0, 1, 0), .Dim = c(5L, 
        2L), .Dimnames = list(c("-3", "-2", "-1", "0", "1"), 
            c("C", "T"))), N = 750), Majority = list(Freqs = structure(c(0, 
    0, 6, 865, 0, 0, 0, 0, 1, 0), .Dim = c(5L, 2L), .Dimnames = list(
        c("-3", "-2", "-1", "0", "1"), c("C", "T"))), N = 872)), 
    `2` = structure(c(0, 0, 1, 724, 0, 0, 0, 0, 0, 0), .Dim = c(5L, 
    2L), .Dimnames = list(c("-3", "-2", "-1", "0", "1"), c("C", 
    "T"))))))
