Results <-
list(`bwa.out//20220204//BlindCMMRD72_S31.sam` = list(LR36_SNP1 = list(
    All = list(Freqs = structure(c(0L, 1L, 36L, 1533L, 8L, 11L, 
    1L, 2L, 36L, 1570L, 10L, 9L, 0L, 0L, 2L, 110L, 2L, 0L), .Dim = c(6L, 
    3L), .Dimnames = structure(list(c("-3", "-2", "-1", "0", 
    "1", NA), c("A", "T", NA)), .Names = c("", "")), class = "table"), 
        N = 3331L), Tag.Distribution = structure(c(`1` = 83L, 
    `2` = 34L, `3` = 37L, `4` = 30L, `5` = 24L, `6` = 19L, `7` = 24L, 
    `8` = 22L, `9` = 20L, `10` = 15L, `11` = 14L, `12` = 10L, 
    `13` = 10L, `14` = 18L, `15` = 9L, `16` = 2L, `17` = 7L, 
    `18` = 8L, `19` = 4L, `20` = 3L, `21` = 5L, `22` = 7L, `23` = 3L, 
    `24` = 2L, `25` = 2L, `26` = 2L, `27` = 2L, `31` = 1L, `32` = 1L, 
    `36` = 1L, `48` = 1L), .Dim = 31L, .Dimnames = list(TagUsage = c("1", 
    "2", "3", "4", "5", "6", "7", "8", "9", "10", "11", "12", 
    "13", "14", "15", "16", "17", "18", "19", "20", "21", "22", 
    "23", "24", "25", "26", "27", "31", "32", "36", "48")), class = "table"), 
    No.Tag = structure(c(0L, 0L, 0L, 55L, 0L, 2L, 0L, 0L, 1L, 
    71L, 1L, 1L, 0L, 0L, 0L, 9L, 0L, 0L), .Dim = c(6L, 3L), .Dimnames = structure(list(
        c("-3", "-2", "-1", "0", "1", NA), c("A", "T", NA)), .Names = c("", 
    "")), class = "table"), All.Tags = list(Concordant = list(
        Freqs = structure(c(0, 0, 1, 158, 0, 0, 0, 2, 164, 1), .Dim = c(5L, 
        2L), .Dimnames = list(c("-3", "-2", "-1", "0", "1"), 
            c("A", "T"))), N = 326), Majority = list(Freqs = structure(c(0, 
    0, 1, 199, 0, 0, 0, 2, 206, 1), .Dim = c(5L, 2L), .Dimnames = list(
        c("-3", "-2", "-1", "0", "1"), c("A", "T"))), N = 409)), 
    `2` = structure(c(0, 0, 0, 161, 0, 0, 0, 0, 170, 0), .Dim = c(5L, 
    2L), .Dimnames = list(c("-3", "-2", "-1", "0", "1"), c("A", 
    "T"))))))
