Results <-
list(`bwa.out//20220204//17D0944_S7.sam` = list(GM07_SNP1 = list(
    All = list(Freqs = structure(c(0L, 0L, 7L, 0L, 0L, 0L, 0L, 
    2L, 125L, 2990L, 90L, 1L, 2L, 41L, 0L, 1L, 42L, 1L, 0L, 0L, 
    0L), .Dim = c(7L, 3L), .Dimnames = structure(list(c("-2", 
    "-1", "0", "1", "2", "3", NA), c("A", "G", NA)), .Names = c("", 
    "")), class = "table"), N = 3302L), Tag.Distribution = structure(c(`1` = 86L, 
    `2` = 42L, `3` = 33L, `4` = 24L, `5` = 29L, `6` = 19L, `7` = 24L, 
    `8` = 19L, `9` = 22L, `10` = 9L, `11` = 12L, `12` = 11L, 
    `13` = 11L, `14` = 7L, `15` = 9L, `16` = 6L, `17` = 7L, `18` = 3L, 
    `19` = 8L, `20` = 3L, `21` = 6L, `22` = 2L, `23` = 3L, `24` = 5L, 
    `25` = 1L, `26` = 2L, `27` = 1L, `29` = 2L, `30` = 2L, `31` = 1L, 
    `34` = 1L, `35` = 1L, `36` = 1L, `38` = 1L), .Dim = 34L, .Dimnames = list(
        TagUsage = c("1", "2", "3", "4", "5", "6", "7", "8", 
        "9", "10", "11", "12", "13", "14", "15", "16", "17", 
        "18", "19", "20", "21", "22", "23", "24", "25", "26", 
        "27", "29", "30", "31", "34", "35", "36", "38")), class = "table"), 
    No.Tag = structure(c(0L, 0L, 0L, 0L, 0L, 0L, 0L, 0L, 9L, 
    169L, 3L, 0L, 0L, 8L, 0L, 0L, 5L, 0L, 0L, 0L, 0L), .Dim = c(7L, 
    3L), .Dimnames = structure(list(c("-2", "-1", "0", "1", "2", 
    "3", NA), c("A", "G", NA)), .Names = c("", "")), class = "table"), 
    All.Tags = list(Concordant = list(Freqs = structure(c(0, 
    0, 5, 0, 0, 0, 0, 4, 267, 0, 0, 0), .Dim = c(6L, 2L), .Dimnames = list(
        c("-2", "-1", "0", "1", "2", "3"), c("A", "G"))), N = 276), 
        Majority = list(Freqs = structure(c(0, 0, 5, 0, 0, 0, 
        0, 4, 388, 3, 0, 0), .Dim = c(6L, 2L), .Dimnames = list(
            c("-2", "-1", "0", "1", "2", "3"), c("A", "G"))), 
            N = 400)), `2` = structure(c(0, 0, 1, 0, 0, 0, 0, 
    2, 315, 3, 0, 0), .Dim = c(6L, 2L), .Dimnames = list(c("-2", 
    "-1", "0", "1", "2", "3"), c("A", "G"))))))
