Results <-
list(`bwa.out//20220204//BlindCMMRD45_S5.sam` = list(GM22_SNP1 = list(
    All = list(Freqs = structure(c(0L, 1L, 9L, 0L, 0L, 0L, 0L, 
    0L, 1L, 0L, 0L, 0L, 3L, 77L, 5090L, 33L, 1L, 8L, 0L, 0L, 
    2L, 0L, 0L, 0L, 0L, 6L, 105L, 3L, 0L, 0L), .Dim = 6:5, .Dimnames = structure(list(
        c("-2", "-1", "0", "1", "2", NA), c("A", "C", "G", "T", 
        NA)), .Names = c("", "")), class = "table"), N = 5339L), 
    Tag.Distribution = structure(c(`1` = 120L, `2` = 23L, `3` = 22L, 
    `4` = 21L, `5` = 24L, `6` = 13L, `7` = 16L, `8` = 7L, `9` = 15L, 
    `10` = 7L, `11` = 9L, `12` = 12L, `13` = 6L, `14` = 11L, 
    `15` = 13L, `16` = 8L, `17` = 8L, `18` = 10L, `19` = 9L, 
    `20` = 11L, `21` = 3L, `22` = 5L, `23` = 5L, `24` = 3L, `25` = 1L, 
    `26` = 8L, `27` = 5L, `28` = 2L, `29` = 3L, `30` = 5L, `31` = 6L, 
    `32` = 5L, `33` = 4L, `34` = 3L, `35` = 2L, `36` = 3L, `37` = 2L, 
    `38` = 3L, `39` = 1L, `40` = 1L, `42` = 1L, `43` = 1L, `45` = 1L, 
    `46` = 1L, `47` = 1L, `48` = 2L, `49` = 1L, `50` = 1L, `51` = 2L, 
    `56` = 2L, `60` = 1L, `61` = 1L, `72` = 1L), .Dim = 53L, .Dimnames = list(
        TagUsage = c("1", "2", "3", "4", "5", "6", "7", "8", 
        "9", "10", "11", "12", "13", "14", "15", "16", "17", 
        "18", "19", "20", "21", "22", "23", "24", "25", "26", 
        "27", "28", "29", "30", "31", "32", "33", "34", "35", 
        "36", "37", "38", "39", "40", "42", "43", "45", "46", 
        "47", "48", "49", "50", "51", "56", "60", "61", "72")), class = "table"), 
    No.Tag = structure(c(0L, 0L, 1L, 0L, 0L, 0L, 0L, 0L, 0L, 
    0L, 0L, 0L, 0L, 1L, 65L, 1L, 0L, 1L, 0L, 0L, 0L, 0L, 0L, 
    0L, 0L, 0L, 7L, 0L, 0L, 0L), .Dim = 6:5, .Dimnames = structure(list(
        c("-2", "-1", "0", "1", "2", NA), c("A", "C", "G", "T", 
        NA)), .Names = c("", "")), class = "table"), All.Tags = list(
        Concordant = list(Freqs = structure(c(0, 1, 7, 0, 0, 
        0, 0, 0, 0, 0, 0, 0, 356, 0, 0, 0, 0, 0, 0, 0), .Dim = 5:4, .Dimnames = list(
            c("-2", "-1", "0", "1", "2"), c("A", "C", "G", "T"
            ))), N = 364), Majority = list(Freqs = structure(c(0, 
        1, 7, 0, 0, 0, 0, 0, 0, 0, 0, 0, 426, 0, 0, 0, 0, 0, 
        0, 0), .Dim = 5:4, .Dimnames = list(c("-2", "-1", "0", 
        "1", "2"), c("A", "C", "G", "T"))), N = 434)), `2` = structure(c(0, 
    0, 0, 0, 0, 0, 0, 0, 0, 0, 0, 0, 331, 0, 0, 0, 0, 0, 0, 0
    ), .Dim = 5:4, .Dimnames = list(c("-2", "-1", "0", "1", "2"
    ), c("A", "C", "G", "T"))))))
