Results <-
list(`bwa.out//20220204//BlindCMMRD73_S32.sam` = list(GM01_SNP1 = list(
    All = list(Freqs = structure(c(0L, 0L, 1L, 0L, 0L, 1L, 37L, 
    3610L, 8L, 1L, 0L, 43L, 3866L, 14L, 9L, 0L, 2L, 94L, 0L, 
    0L), .Dim = 5:4, .Dimnames = structure(list(c("-2", "-1", 
    "0", "1", NA), c("-", "A", "G", NA)), .Names = c("", "")), class = "table"), 
        N = 7686L), Tag.Distribution = structure(c(`1` = 136L, 
    `2` = 74L, `3` = 57L, `4` = 59L, `5` = 55L, `6` = 65L, `7` = 47L, 
    `8` = 41L, `9` = 34L, `10` = 25L, `11` = 26L, `12` = 25L, 
    `13` = 22L, `14` = 28L, `15` = 27L, `16` = 15L, `17` = 20L, 
    `18` = 21L, `19` = 10L, `20` = 14L, `21` = 13L, `22` = 6L, 
    `23` = 7L, `24` = 4L, `25` = 2L, `26` = 5L, `27` = 6L, `28` = 6L, 
    `29` = 2L, `30` = 4L, `33` = 2L, `34` = 2L, `35` = 2L, `37` = 2L, 
    `38` = 2L, `39` = 1L, `40` = 1L, `42` = 1L, `50` = 1L), .Dim = 39L, .Dimnames = list(
        TagUsage = c("1", "2", "3", "4", "5", "6", "7", "8", 
        "9", "10", "11", "12", "13", "14", "15", "16", "17", 
        "18", "19", "20", "21", "22", "23", "24", "25", "26", 
        "27", "28", "29", "30", "33", "34", "35", "37", "38", 
        "39", "40", "42", "50")), class = "table"), No.Tag = structure(c(0L, 
    0L, 0L, 0L, 0L, 0L, 4L, 71L, 0L, 0L, 0L, 0L, 55L, 0L, 0L, 
    0L, 0L, 15L, 0L, 0L), .Dim = 5:4, .Dimnames = structure(list(
        c("-2", "-1", "0", "1", NA), c("-", "A", "G", NA)), .Names = c("", 
    "")), class = "table"), All.Tags = list(Concordant = list(
        Freqs = structure(c(0, 0, 0, 0, 0, 0, 363, 0, 0, 1, 355, 
        0), .Dim = 4:3, .Dimnames = list(c("-2", "-1", "0", "1"
        ), c("-", "A", "G"))), N = 719), Majority = list(Freqs = structure(c(0, 
    0, 0, 0, 0, 1, 425, 0, 0, 2, 424, 0), .Dim = 4:3, .Dimnames = list(
        c("-2", "-1", "0", "1"), c("-", "A", "G"))), N = 852)), 
    `2` = structure(c(0, 0, 0, 0, 0, 1, 360, 0, 0, 1, 361, 0), .Dim = 4:3, .Dimnames = list(
        c("-2", "-1", "0", "1"), c("-", "A", "G"))))))
