Results <-
list(`bwa.out//20220204//BlindCMMRD131_S57.sam` = list(GM01_SNP1 = list(
    All = list(Freqs = structure(c(0L, 54L, 4591L, 24L, 1L, 20L, 
    1L, 59L, 4856L, 16L, 0L, 23L, 0L, 1L, 63L, 1L, 0L, 0L), .Dim = c(6L, 
    3L), .Dimnames = structure(list(c("-2", "-1", "0", "1", "2", 
    NA), c("A", "G", NA)), .Names = c("", "")), class = "table"), 
        N = 9710L), Tag.Distribution = structure(c(`1` = 206L, 
    `2` = 199L, `3` = 202L, `4` = 176L, `5` = 160L, `6` = 131L, 
    `7` = 95L, `8` = 90L, `9` = 83L, `10` = 61L, `11` = 57L, 
    `12` = 33L, `13` = 32L, `14` = 17L, `15` = 14L, `16` = 8L, 
    `17` = 11L, `18` = 6L, `19` = 7L, `20` = 4L, `21` = 6L, `22` = 4L, 
    `23` = 6L, `25` = 4L, `26` = 2L, `27` = 1L, `30` = 1L, `34` = 1L, 
    `37` = 1L, `42` = 1L, `44` = 1L, `53` = 1L), .Dim = 32L, .Dimnames = list(
        TagUsage = c("1", "2", "3", "4", "5", "6", "7", "8", 
        "9", "10", "11", "12", "13", "14", "15", "16", "17", 
        "18", "19", "20", "21", "22", "23", "25", "26", "27", 
        "30", "34", "37", "42", "44", "53")), class = "table"), 
    No.Tag = structure(c(0L, 0L, 69L, 0L, 0L, 0L, 0L, 0L, 100L, 
    1L, 0L, 0L, 0L, 0L, 4L, 0L, 0L, 0L), .Dim = c(6L, 3L), .Dimnames = structure(list(
        c("-2", "-1", "0", "1", "2", NA), c("A", "G", NA)), .Names = c("", 
    "")), class = "table"), All.Tags = list(Concordant = list(
        Freqs = structure(c(0, 1, 610, 1, 0, 0, 1, 626, 0, 0), .Dim = c(5L, 
        2L), .Dimnames = list(c("-2", "-1", "0", "1", "2"), c("A", 
        "G"))), N = 1239), Majority = list(Freqs = structure(c(0, 
    1, 780, 1, 0, 0, 1, 800, 0, 0), .Dim = c(5L, 2L), .Dimnames = list(
        c("-2", "-1", "0", "1", "2"), c("A", "G"))), N = 1583)), 
    `2` = structure(c(0, 0, 677, 0, 0, 0, 0, 705, 0, 0), .Dim = c(5L, 
    2L), .Dimnames = list(c("-2", "-1", "0", "1", "2"), c("A", 
    "G"))))))
