Results <-
list(`bwa.out//20220204//MLPA01_S9.sam` = list(LR17_SNP1 = list(
    All = list(Freqs = structure(c(2L, 5L, 117L, 2594L, 39L, 
    15L, 0L, 0L, 0L, 1L, 0L, 0L, 0L, 0L, 0L, 1L, 0L, 0L, 0L, 
    0L, 3L, 197L, 3L, 0L), .Dim = c(6L, 4L), .Dimnames = structure(list(
        c("-3", "-2", "-1", "0", "1", NA), c("A", "C", "G", NA
        )), .Names = c("", "")), class = "table"), N = 2977L), 
    Tag.Distribution = structure(c(`1` = 106L, `2` = 47L, `3` = 53L, 
    `4` = 40L, `5` = 31L, `6` = 26L, `7` = 21L, `8` = 20L, `9` = 21L, 
    `10` = 18L, `11` = 10L, `12` = 7L, `13` = 5L, `14` = 10L, 
    `15` = 6L, `16` = 9L, `17` = 6L, `18` = 2L, `19` = 5L, `20` = 2L, 
    `21` = 6L, `22` = 1L, `23` = 1L, `24` = 2L, `25` = 3L, `27` = 1L, 
    `28` = 1L, `33` = 1L, `35` = 1L, `38` = 1L, `41` = 1L), .Dim = 31L, .Dimnames = list(
        TagUsage = c("1", "2", "3", "4", "5", "6", "7", "8", 
        "9", "10", "11", "12", "13", "14", "15", "16", "17", 
        "18", "19", "20", "21", "22", "23", "24", "25", "27", 
        "28", "33", "35", "38", "41")), class = "table"), No.Tag = structure(c(1L, 
    0L, 3L, 55L, 2L, 1L, 0L, 0L, 0L, 1L, 0L, 0L, 0L, 0L, 0L, 
    0L, 0L, 0L, 0L, 0L, 0L, 6L, 0L, 0L), .Dim = c(6L, 4L), .Dimnames = structure(list(
        c("-3", "-2", "-1", "0", "1", NA), c("A", "C", "G", NA
        )), .Names = c("", "")), class = "table"), All.Tags = list(
        Concordant = list(Freqs = structure(c(0, 1, 2, 353, 2, 
        0, 0, 0, 0, 0, 0, 0, 0, 0, 0), .Dim = c(5L, 3L), .Dimnames = list(
            c("-3", "-2", "-1", "0", "1"), c("A", "C", "G"))), 
            N = 358), Majority = list(Freqs = structure(c(0, 
        1, 2, 443, 3, 0, 0, 0, 0, 0, 0, 0, 0, 0, 0), .Dim = c(5L, 
        3L), .Dimnames = list(c("-3", "-2", "-1", "0", "1"), 
            c("A", "C", "G"))), N = 449)), `2` = structure(c(0, 
    0, 1, 351, 1, 0, 0, 0, 0, 0, 0, 0, 0, 0, 0), .Dim = c(5L, 
    3L), .Dimnames = list(c("-3", "-2", "-1", "0", "1"), c("A", 
    "C", "G"))))))
