Results <-
list(`bwa.out//20220204//BlindCMMRD87_S46.sam` = list(GM07_SNP1 = list(
    All = list(Freqs = structure(c(0L, 0L, 3L, 0L, 0L, 0L, 0L, 
    3L, 247L, 2612L, 64L, 2L, 1L, 32L, 20L, 171L, 2307L, 63L, 
    1L, 0L, 35L, 0L, 0L, 0L, 0L, 0L, 0L, 1L, 0L, 4L, 63L, 2L, 
    0L, 0L, 0L), .Dim = c(7L, 5L), .Dimnames = structure(list(
        c("-2", "-1", "0", "1", "2", "3", NA), c("-", "A", "G", 
        "T", NA)), .Names = c("", "")), class = "table"), N = 5631L), 
    Tag.Distribution = structure(c(`1` = 95L, `2` = 24L, `3` = 26L, 
    `4` = 15L, `5` = 18L, `6` = 13L, `7` = 23L, `8` = 13L, `9` = 6L, 
    `10` = 13L, `11` = 12L, `12` = 9L, `13` = 15L, `14` = 5L, 
    `15` = 8L, `16` = 13L, `17` = 6L, `18` = 4L, `19` = 7L, `20` = 10L, 
    `21` = 5L, `22` = 4L, `23` = 4L, `24` = 3L, `25` = 8L, `26` = 2L, 
    `27` = 3L, `28` = 1L, `29` = 1L, `30` = 1L, `31` = 4L, `32` = 7L, 
    `33` = 1L, `34` = 3L, `35` = 1L, `36` = 2L, `37` = 4L, `38` = 4L, 
    `39` = 1L, `40` = 2L, `42` = 1L, `43` = 2L, `44` = 4L, `46` = 1L, 
    `47` = 1L, `48` = 2L, `49` = 1L, `51` = 2L, `52` = 2L, `53` = 1L, 
    `55` = 1L, `57` = 3L, `58` = 1L, `65` = 1L, `68` = 2L, `88` = 1L
    ), .Dim = 56L, .Dimnames = list(TagUsage = c("1", "2", "3", 
    "4", "5", "6", "7", "8", "9", "10", "11", "12", "13", "14", 
    "15", "16", "17", "18", "19", "20", "21", "22", "23", "24", 
    "25", "26", "27", "28", "29", "30", "31", "32", "33", "34", 
    "35", "36", "37", "38", "39", "40", "42", "43", "44", "46", 
    "47", "48", "49", "51", "52", "53", "55", "57", "58", "65", 
    "68", "88")), class = "table"), No.Tag = structure(c(0L, 
    0L, 0L, 0L, 0L, 0L, 0L, 0L, 9L, 110L, 6L, 0L, 0L, 6L, 1L, 
    1L, 88L, 2L, 0L, 0L, 4L, 0L, 0L, 0L, 0L, 0L, 0L, 0L, 0L, 
    1L, 5L, 0L, 0L, 0L, 0L), .Dim = c(7L, 5L), .Dimnames = structure(list(
        c("-2", "-1", "0", "1", "2", "3", NA), c("-", "A", "G", 
        "T", NA)), .Names = c("", "")), class = "table"), All.Tags = list(
        Concordant = list(Freqs = structure(c(0, 0, 0, 0, 0, 
        0, 0, 10, 117, 1, 0, 0, 1, 3, 104, 0, 0, 0, 0, 0, 0, 
        0, 0, 0), .Dim = c(6L, 4L), .Dimnames = list(c("-2", 
        "-1", "0", "1", "2", "3"), c("-", "A", "G", "T"))), N = 236), 
        Majority = list(Freqs = structure(c(0, 0, 0, 0, 0, 0, 
        0, 13, 199, 1, 0, 0, 1, 5, 189, 0, 0, 0, 0, 0, 0, 0, 
        0, 0), .Dim = c(6L, 4L), .Dimnames = list(c("-2", "-1", 
        "0", "1", "2", "3"), c("-", "A", "G", "T"))), N = 408)), 
    `2` = structure(c(0, 0, 0, 0, 0, 0, 0, 9, 160, 0, 0, 0, 1, 
    4, 149, 0, 0, 0, 0, 0, 0, 0, 0, 0), .Dim = c(6L, 4L), .Dimnames = list(
        c("-2", "-1", "0", "1", "2", "3"), c("-", "A", "G", "T"
        ))))))
