Results <-
list(`bwa.out//20220204//BlindCMMRD66_S25.sam` = list(LR17_SNP1 = list(
    All = list(Freqs = structure(c(4L, 114L, 2610L, 30L, 15L, 
    0L, 0L, 2L, 0L, 0L, 0L, 2L, 104L, 0L, 0L), .Dim = c(5L, 3L
    ), .Dimnames = structure(list(c("-2", "-1", "0", "1", NA), 
        c("A", "G", NA)), .Names = c("", "")), class = "table"), 
        N = 2881L), Tag.Distribution = structure(c(`1` = 81L, 
    `2` = 34L, `3` = 24L, `4` = 21L, `5` = 29L, `6` = 12L, `7` = 20L, 
    `8` = 13L, `9` = 16L, `10` = 12L, `11` = 12L, `12` = 7L, 
    `13` = 12L, `14` = 7L, `15` = 13L, `16` = 5L, `17` = 9L, 
    `18` = 6L, `19` = 3L, `20` = 9L, `21` = 6L, `22` = 4L, `23` = 4L, 
    `26` = 1L, `28` = 4L, `29` = 1L, `39` = 1L, `41` = 1L), .Dim = 28L, .Dimnames = list(
        TagUsage = c("1", "2", "3", "4", "5", "6", "7", "8", 
        "9", "10", "11", "12", "13", "14", "15", "16", "17", 
        "18", "19", "20", "21", "22", "23", "26", "28", "29", 
        "39", "41")), class = "table"), No.Tag = structure(c(0L, 
    5L, 47L, 0L, 1L, 0L, 0L, 0L, 0L, 0L, 0L, 0L, 2L, 0L, 0L), .Dim = c(5L, 
    3L), .Dimnames = structure(list(c("-2", "-1", "0", "1", NA
    ), c("A", "G", NA)), .Names = c("", "")), class = "table"), 
    All.Tags = list(Concordant = list(Freqs = structure(c(0, 
    3, 267, 1, 0, 0, 0, 0), .Dim = c(4L, 2L), .Dimnames = list(
        c("-2", "-1", "0", "1"), c("A", "G"))), N = 271), Majority = list(
        Freqs = structure(c(0, 4, 354, 1, 0, 0, 0, 0), .Dim = c(4L, 
        2L), .Dimnames = list(c("-2", "-1", "0", "1"), c("A", 
        "G"))), N = 359)), `2` = structure(c(0, 2, 281, 0, 0, 
    0, 0, 0), .Dim = c(4L, 2L), .Dimnames = list(c("-2", "-1", 
    "0", "1"), c("A", "G"))))))
