Results <-
list(`bwa.out//20220204//MLPA01_S9.sam` = list(LR11_SNP1 = list(
    All = list(Freqs = structure(c(0L, 40L, 1670L, 12L, 7L, 1L, 
    33L, 1295L, 8L, 5L, 0L, 0L, 1L, 0L, 0L, 0L, 0L, 1L, 0L, 0L, 
    0L, 1L, 32L, 0L, 0L), .Dim = c(5L, 5L), .Dimnames = structure(list(
        c("-2", "-1", "0", "1", NA), c("A", "C", "G", "T", NA
        )), .Names = c("", "")), class = "table"), N = 3106L), 
    Tag.Distribution = structure(c(`1` = 148L, `2` = 69L, `3` = 63L, 
    `4` = 48L, `5` = 53L, `6` = 32L, `7` = 23L, `8` = 22L, `9` = 22L, 
    `10` = 18L, `11` = 16L, `12` = 14L, `13` = 12L, `14` = 10L, 
    `15` = 7L, `16` = 7L, `17` = 5L, `18` = 3L, `19` = 4L, `20` = 1L, 
    `21` = 1L, `22` = 1L, `23` = 2L, `25` = 1L, `28` = 1L), .Dim = 25L, .Dimnames = list(
        TagUsage = c("1", "2", "3", "4", "5", "6", "7", "8", 
        "9", "10", "11", "12", "13", "14", "15", "16", "17", 
        "18", "19", "20", "21", "22", "23", "25", "28")), class = "table"), 
    No.Tag = structure(c(0L, 1L, 14L, 0L, 0L, 0L, 0L, 17L, 0L, 
    0L, 0L, 0L, 0L, 0L, 0L, 0L, 0L, 0L, 0L, 0L, 0L, 0L, 1L, 0L, 
    0L), .Dim = c(5L, 5L), .Dimnames = structure(list(c("-2", 
    "-1", "0", "1", NA), c("A", "C", "G", "T", NA)), .Names = c("", 
    "")), class = "table"), All.Tags = list(Concordant = list(
        Freqs = structure(c(0, 2, 280, 0, 0, 4, 203, 0, 0, 0, 
        0, 0, 0, 0, 0, 0), .Dim = c(4L, 4L), .Dimnames = list(
            c("-2", "-1", "0", "1"), c("A", "C", "G", "T"))), 
        N = 489), Majority = list(Freqs = structure(c(0, 2, 321, 
    0, 0, 5, 242, 0, 0, 0, 0, 0, 0, 0, 0, 0), .Dim = c(4L, 4L
    ), .Dimnames = list(c("-2", "-1", "0", "1"), c("A", "C", 
    "G", "T"))), N = 570)), `2` = structure(c(0, 1, 243, 0, 0, 
    1, 183, 0, 0, 0, 0, 0, 0, 0, 0, 0), .Dim = c(4L, 4L), .Dimnames = list(
        c("-2", "-1", "0", "1"), c("A", "C", "G", "T"))))))
