Results <-
list(`bwa.out//20220204//MLPA101_S15.sam` = list(GM01_SNP1 = list(
    All = list(Freqs = structure(c(1L, 35L, 4284L, 17L, 15L, 
    0L, 0L, 2L, 0L, 0L, 0L, 0L, 56L, 2L, 0L), .Dim = c(5L, 3L
    ), .Dimnames = structure(list(c("-2", "-1", "0", "1", NA), 
        c("A", "G", NA)), .Names = c("", "")), class = "table"), 
        N = 4412L), Tag.Distribution = structure(c(`1` = 141L, 
    `2` = 61L, `3` = 58L, `4` = 36L, `5` = 41L, `6` = 30L, `7` = 33L, 
    `8` = 35L, `9` = 22L, `10` = 19L, `11` = 19L, `12` = 17L, 
    `13` = 14L, `14` = 13L, `15` = 12L, `16` = 9L, `17` = 8L, 
    `18` = 4L, `19` = 7L, `20` = 4L, `21` = 5L, `22` = 3L, `23` = 4L, 
    `24` = 6L, `25` = 5L, `26` = 1L, `27` = 2L, `28` = 2L, `29` = 1L, 
    `30` = 2L, `31` = 1L, `32` = 1L, `42` = 1L, `49` = 1L), .Dim = 34L, .Dimnames = list(
        TagUsage = c("1", "2", "3", "4", "5", "6", "7", "8", 
        "9", "10", "11", "12", "13", "14", "15", "16", "17", 
        "18", "19", "20", "21", "22", "23", "24", "25", "26", 
        "27", "28", "29", "30", "31", "32", "42", "49")), class = "table"), 
    No.Tag = structure(c(0L, 1L, 109L, 0L, 2L, 0L, 0L, 0L, 0L, 
    0L, 0L, 0L, 2L, 0L, 0L), .Dim = c(5L, 3L), .Dimnames = structure(list(
        c("-2", "-1", "0", "1", NA), c("A", "G", NA)), .Names = c("", 
    "")), class = "table"), All.Tags = list(Concordant = list(
        Freqs = structure(c(0, 1, 559, 1, 0, 0, 2, 0), .Dim = c(4L, 
        2L), .Dimnames = list(c("-2", "-1", "0", "1"), c("A", 
        "G"))), N = 563), Majority = list(Freqs = structure(c(0, 
    1, 606, 1, 0, 0, 2, 0), .Dim = c(4L, 2L), .Dimnames = list(
        c("-2", "-1", "0", "1"), c("A", "G"))), N = 610)), `2` = structure(c(0, 
    0, 477, 0, 0, 0, 0, 0), .Dim = c(4L, 2L), .Dimnames = list(
        c("-2", "-1", "0", "1"), c("A", "G"))))))
