Results <-
list(`bwa.out//20220204//BlindCMMRD71_S30.sam` = list(LR52_SNP1 = list(
    All = list(Freqs = structure(c(0L, 0L, 0L, 1L, 0L, 0L, 2L, 
    16L, 329L, 1951L, 21L, 37L, 0L, 24L, 357L, 2234L, 54L, 37L, 
    0L, 0L, 25L, 827L, 5L, 0L), .Dim = c(6L, 4L), .Dimnames = structure(list(
        c("-3", "-2", "-1", "0", "1", NA), c("A", "C", "T", NA
        )), .Names = c("", "")), class = "table"), N = 5920L), 
    Tag.Distribution = structure(c(`1` = 66L, `2` = 20L, `3` = 11L, 
    `4` = 24L, `5` = 20L, `6` = 16L, `7` = 20L, `8` = 22L, `9` = 19L, 
    `10` = 18L, `11` = 17L, `12` = 12L, `13` = 12L, `14` = 12L, 
    `15` = 13L, `16` = 12L, `17` = 10L, `18` = 6L, `19` = 4L, 
    `20` = 1L, `21` = 5L, `22` = 5L, `23` = 4L, `24` = 6L, `25` = 8L, 
    `26` = 8L, `27` = 3L, `28` = 1L, `29` = 2L, `30` = 4L, `31` = 3L, 
    `32` = 5L, `33` = 3L, `34` = 6L, `35` = 2L, `36` = 3L, `37` = 3L, 
    `38` = 2L, `39` = 2L, `40` = 1L, `41` = 2L, `42` = 1L, `43` = 3L, 
    `44` = 1L, `47` = 1L, `49` = 1L, `50` = 2L, `51` = 4L, `52` = 2L, 
    `53` = 1L, `54` = 1L, `55` = 1L, `57` = 1L, `60` = 1L), .Dim = 54L, .Dimnames = list(
        TagUsage = c("1", "2", "3", "4", "5", "6", "7", "8", 
        "9", "10", "11", "12", "13", "14", "15", "16", "17", 
        "18", "19", "20", "21", "22", "23", "24", "25", "26", 
        "27", "28", "29", "30", "31", "32", "33", "34", "35", 
        "36", "37", "38", "39", "40", "41", "42", "43", "44", 
        "47", "49", "50", "51", "52", "53", "54", "55", "57", 
        "60")), class = "table"), No.Tag = structure(c(0L, 0L, 
    0L, 0L, 0L, 0L, 1L, 0L, 3L, 37L, 0L, 0L, 0L, 2L, 4L, 65L, 
    1L, 4L, 0L, 0L, 3L, 21L, 0L, 0L), .Dim = c(6L, 4L), .Dimnames = structure(list(
        c("-3", "-2", "-1", "0", "1", NA), c("A", "C", "T", NA
        )), .Names = c("", "")), class = "table"), All.Tags = list(
        Concordant = list(Freqs = structure(c(0, 0, 0, 0, 0, 
        0, 0, 4, 81, 2, 0, 0, 4, 76, 3), .Dim = c(5L, 3L), .Dimnames = list(
            c("-3", "-2", "-1", "0", "1"), c("A", "C", "T"))), 
            N = 170), Majority = list(Freqs = structure(c(0, 
        0, 0, 0, 0, 0, 0, 9, 188, 3, 0, 0, 13, 183, 4), .Dim = c(5L, 
        3L), .Dimnames = list(c("-3", "-2", "-1", "0", "1"), 
            c("A", "C", "T"))), N = 400)), `2` = structure(c(0, 
    0, 0, 0, 0, 0, 0, 7, 166, 2, 0, 0, 10, 167, 3), .Dim = c(5L, 
    3L), .Dimnames = list(c("-3", "-2", "-1", "0", "1"), c("A", 
    "C", "T"))))))
