Results <-
list(`bwa.out//20220204//Control31_S4.sam` = list(GM14_SNP1 = list(
    All = list(Freqs = structure(c(0L, 1L, 0L, 0L, 0L, 11L, 0L, 
    0L, 26L, 685L, 3L, 5L, 17L, 683L, 8L, 1L, 0L, 18L, 1L, 0L
    ), .Dim = 4:5, .Dimnames = structure(list(c("-1", "0", "1", 
    NA), c("-", "A", "C", "T", NA)), .Names = c("", "")), class = "table"), 
        N = 1459L), Tag.Distribution = structure(c(`1` = 101L, 
    `2` = 60L, `3` = 49L, `4` = 28L, `5` = 23L, `6` = 19L, `7` = 12L, 
    `8` = 12L, `9` = 8L, `10` = 6L, `11` = 9L, `12` = 7L, `13` = 2L, 
    `14` = 3L, `15` = 3L, `16` = 1L, `17` = 2L, `18` = 1L, `19` = 1L
    ), .Dim = 19L, .Dimnames = list(TagUsage = c("1", "2", "3", 
    "4", "5", "6", "7", "8", "9", "10", "11", "12", "13", "14", 
    "15", "16", "17", "18", "19")), class = "table"), No.Tag = structure(c(0L, 
    1L, 0L, 0L, 0L, 0L, 0L, 0L, 1L, 26L, 0L, 0L, 0L, 25L, 0L, 
    0L, 0L, 2L, 0L, 0L), .Dim = 4:5, .Dimnames = structure(list(
        c("-1", "0", "1", NA), c("-", "A", "C", "T", NA)), .Names = c("", 
    "")), class = "table"), All.Tags = list(Concordant = list(
        Freqs = structure(c(0, 0, 0, 0, 1, 0, 1, 152, 0, 1, 146, 
        0), .Dim = 3:4, .Dimnames = list(c("-1", "0", "1"), c("-", 
        "A", "C", "T"))), N = 301), Majority = list(Freqs = structure(c(0, 
    0, 0, 0, 1, 0, 2, 171, 0, 1, 163, 1), .Dim = 3:4, .Dimnames = list(
        c("-1", "0", "1"), c("-", "A", "C", "T"))), N = 339)), 
    `2` = structure(c(0, 0, 0, 0, 1, 0, 1, 124, 0, 0, 113, 1), .Dim = 3:4, .Dimnames = list(
        c("-1", "0", "1"), c("-", "A", "C", "T"))))))
