Results <-
list(`bwa.out//20220204//BlindCMMRD43_S3.sam` = list(LR46_SNP1 = list(
    All = list(Freqs = structure(c(2L, 1147L, 3L, 2L, 2L, 1170L, 
    5L, 4L, 0L, 12L, 0L, 0L), .Dim = 4:3, .Dimnames = structure(list(
        c("-1", "0", "1", NA), c("G", "T", NA)), .Names = c("", 
    "")), class = "table"), N = 2347L), Tag.Distribution = structure(c(`1` = 68L, 
    `2` = 19L, `3` = 19L, `4` = 8L, `5` = 13L, `6` = 13L, `7` = 8L, 
    `8` = 17L, `9` = 8L, `10` = 5L, `11` = 7L, `12` = 9L, `13` = 13L, 
    `14` = 7L, `15` = 9L, `16` = 3L, `17` = 3L, `18` = 3L, `19` = 5L, 
    `20` = 2L, `21` = 2L, `22` = 3L, `24` = 1L, `26` = 2L, `27` = 3L, 
    `28` = 6L, `30` = 1L, `31` = 2L, `32` = 1L, `35` = 1L, `36` = 1L, 
    `41` = 1L, `44` = 1L, `56` = 1L), .Dim = 34L, .Dimnames = list(
        TagUsage = c("1", "2", "3", "4", "5", "6", "7", "8", 
        "9", "10", "11", "12", "13", "14", "15", "16", "17", 
        "18", "19", "20", "21", "22", "24", "26", "27", "28", 
        "30", "31", "32", "35", "36", "41", "44", "56")), class = "table"), 
    No.Tag = structure(c(0L, 23L, 0L, 1L, 0L, 25L, 0L, 0L, 0L, 
    2L, 0L, 0L), .Dim = 4:3, .Dimnames = structure(list(c("-1", 
    "0", "1", NA), c("G", "T", NA)), .Names = c("", "")), class = "table"), 
    All.Tags = list(Concordant = list(Freqs = structure(c(0, 
    127, 0, 0, 118, 0), .Dim = 3:2, .Dimnames = list(c("-1", 
    "0", "1"), c("G", "T"))), N = 245), Majority = list(Freqs = structure(c(0, 
    134, 0, 0, 126, 0), .Dim = 3:2, .Dimnames = list(c("-1", 
    "0", "1"), c("G", "T"))), N = 260)), `2` = structure(c(0, 
    100, 0, 0, 97, 0), .Dim = 3:2, .Dimnames = list(c("-1", "0", 
    "1"), c("G", "T"))))))
