Results <-
list(`bwa.out//20220204//BlindCMMRD73_S32.sam` = list(LR44_SNP1 = list(
    All = list(Freqs = structure(c(2L, 11L, 372L, 5488L, 68L, 
    22L, 0L, 0L, 2L, 6L, 0L, 0L, 0L, 1L, 6L, 138L, 2L, 0L), .Dim = c(6L, 
    3L), .Dimnames = structure(list(c("-3", "-2", "-1", "0", 
    "1", NA), c("C", "T", NA)), .Names = c("", "")), class = "table"), 
        N = 6118L), Tag.Distribution = structure(c(`1` = 152L, 
    `2` = 67L, `3` = 58L, `4` = 65L, `5` = 52L, `6` = 40L, `7` = 38L, 
    `8` = 38L, `9` = 26L, `10` = 26L, `11` = 24L, `12` = 25L, 
    `13` = 12L, `14` = 18L, `15` = 22L, `16` = 16L, `17` = 18L, 
    `18` = 10L, `19` = 7L, `20` = 6L, `21` = 5L, `22` = 9L, `23` = 7L, 
    `24` = 5L, `25` = 4L, `27` = 4L, `28` = 3L, `29` = 3L, `30` = 3L, 
    `31` = 2L, `35` = 2L, `36` = 1L, `37` = 1L, `44` = 1L, `46` = 1L, 
    `47` = 1L), .Dim = 36L, .Dimnames = list(TagUsage = c("1", 
    "2", "3", "4", "5", "6", "7", "8", "9", "10", "11", "12", 
    "13", "14", "15", "16", "17", "18", "19", "20", "21", "22", 
    "23", "24", "25", "27", "28", "29", "30", "31", "35", "36", 
    "37", "44", "46", "47")), class = "table"), No.Tag = structure(c(0L, 
    0L, 6L, 127L, 2L, 1L, 0L, 0L, 0L, 0L, 0L, 0L, 0L, 0L, 0L, 
    6L, 0L, 0L), .Dim = c(6L, 3L), .Dimnames = structure(list(
        c("-3", "-2", "-1", "0", "1", NA), c("C", "T", NA)), .Names = c("", 
    "")), class = "table"), All.Tags = list(Concordant = list(
        Freqs = structure(c(1, 0, 12, 514, 0, 0, 0, 0, 2, 0), .Dim = c(5L, 
        2L), .Dimnames = list(c("-3", "-2", "-1", "0", "1"), 
            c("C", "T"))), N = 529), Majority = list(Freqs = structure(c(1, 
    0, 16, 730, 0, 0, 0, 0, 2, 0), .Dim = c(5L, 2L), .Dimnames = list(
        c("-3", "-2", "-1", "0", "1"), c("C", "T"))), N = 749)), 
    `2` = structure(c(0, 0, 6, 602, 0, 0, 0, 0, 0, 0), .Dim = c(5L, 
    2L), .Dimnames = list(c("-3", "-2", "-1", "0", "1"), c("C", 
    "T"))))))
