Results <-
list(`bwa.out//20220204//BlindCMMRD122_S48.sam` = list(LR48_SNP1 = list(
    All = list(Freqs = structure(c(1L, 101L, 3782L, 63L, 3L, 
    16L, 0L, 0L, 1L, 0L, 0L, 0L, 0L, 0L, 39L, 0L, 0L, 0L), .Dim = c(6L, 
    3L), .Dimnames = structure(list(c("-2", "-1", "0", "1", "2", 
    NA), c("C", "T", NA)), .Names = c("", "")), class = "table"), 
        N = 4006L), Tag.Distribution = structure(c(`1` = 118L, 
    `2` = 77L, `3` = 72L, `4` = 53L, `5` = 48L, `6` = 41L, `7` = 30L, 
    `8` = 25L, `9` = 25L, `10` = 21L, `11` = 19L, `12` = 14L, 
    `13` = 13L, `14` = 5L, `15` = 13L, `16` = 9L, `17` = 9L, 
    `18` = 12L, `19` = 7L, `20` = 6L, `21` = 1L, `22` = 1L, `24` = 4L, 
    `27` = 1L, `29` = 2L, `32` = 1L, `46` = 1L), .Dim = 27L, .Dimnames = list(
        TagUsage = c("1", "2", "3", "4", "5", "6", "7", "8", 
        "9", "10", "11", "12", "13", "14", "15", "16", "17", 
        "18", "19", "20", "21", "22", "24", "27", "29", "32", 
        "46")), class = "table"), No.Tag = structure(c(0L, 2L, 
    92L, 0L, 0L, 0L, 0L, 0L, 0L, 0L, 0L, 0L, 0L, 0L, 2L, 0L, 
    0L, 0L), .Dim = c(6L, 3L), .Dimnames = structure(list(c("-2", 
    "-1", "0", "1", "2", NA), c("C", "T", NA)), .Names = c("", 
    "")), class = "table"), All.Tags = list(Concordant = list(
        Freqs = structure(c(0, 3, 481, 3, 0, 0, 0, 1, 0, 0), .Dim = c(5L, 
        2L), .Dimnames = list(c("-2", "-1", "0", "1", "2"), c("C", 
        "T"))), N = 488), Majority = list(Freqs = structure(c(0, 
    4, 598, 4, 0, 0, 0, 1, 0, 0), .Dim = c(5L, 2L), .Dimnames = list(
        c("-2", "-1", "0", "1", "2"), c("C", "T"))), N = 607)), 
    `2` = structure(c(0, 1, 495, 1, 0, 0, 0, 0, 0, 0), .Dim = c(5L, 
    2L), .Dimnames = list(c("-2", "-1", "0", "1", "2"), c("C", 
    "T"))))))
