Results <-
list(`bwa.out//20220204//Control21_S14.sam` = list(LR11_SNP1 = list(
    All = list(Freqs = structure(c(18L, 1203L, 7L, 6L, 9L, 969L, 
    8L, 3L, 0L, 1L, 0L, 0L, 0L, 1L, 0L, 0L, 0L, 23L, 0L, 0L), .Dim = 4:5, .Dimnames = structure(list(
        c("-1", "0", "1", NA), c("A", "C", "G", "T", NA)), .Names = c("", 
    "")), class = "table"), N = 2248L), Tag.Distribution = structure(c(`1` = 121L, 
    `2` = 77L, `3` = 47L, `4` = 38L, `5` = 40L, `6` = 28L, `7` = 27L, 
    `8` = 15L, `9` = 14L, `10` = 15L, `11` = 7L, `12` = 9L, `13` = 11L, 
    `14` = 4L, `15` = 4L, `16` = 3L, `17` = 3L, `18` = 3L, `19` = 1L, 
    `20` = 1L, `21` = 2L, `23` = 1L), .Dim = 22L, .Dimnames = list(
        TagUsage = c("1", "2", "3", "4", "5", "6", "7", "8", 
        "9", "10", "11", "12", "13", "14", "15", "16", "17", 
        "18", "19", "20", "21", "23")), class = "table"), No.Tag = structure(c(1L, 
    13L, 0L, 1L, 0L, 11L, 0L, 0L, 0L, 0L, 0L, 0L, 0L, 0L, 0L, 
    0L, 0L, 0L, 0L, 0L), .Dim = 4:5, .Dimnames = structure(list(
        c("-1", "0", "1", NA), c("A", "C", "G", "T", NA)), .Names = c("", 
    "")), class = "table"), All.Tags = list(Concordant = list(
        Freqs = structure(c(1, 230, 0, 1, 186, 0, 0, 0, 0, 0, 
        0, 0), .Dim = 3:4, .Dimnames = list(c("-1", "0", "1"), 
            c("A", "C", "G", "T"))), N = 418), Majority = list(
        Freqs = structure(c(1, 253, 0, 1, 208, 0, 0, 0, 0, 0, 
        0, 0), .Dim = 3:4, .Dimnames = list(c("-1", "0", "1"), 
            c("A", "C", "G", "T"))), N = 463)), `2` = structure(c(0, 
    191, 0, 0, 156, 0, 0, 0, 0, 0, 0, 0), .Dim = 3:4, .Dimnames = list(
        c("-1", "0", "1"), c("A", "C", "G", "T"))))))
