Results <-
list(`bwa.out//20220204//Control11_S4.sam` = list(LR10_SNP1 = list(
    All = list(Freqs = structure(c(0L, 4L, 0L, 0L, 27L, 2543L, 
    14L, 1L, 0L, 30L, 0L, 0L), .Dim = 4:3, .Dimnames = structure(list(
        c("-1", "0", "1", NA), c("C", "T", NA)), .Names = c("", 
    "")), class = "table"), N = 2619L), Tag.Distribution = structure(c(`1` = 95L, 
    `2` = 33L, `3` = 51L, `4` = 38L, `5` = 22L, `6` = 24L, `7` = 26L, 
    `8` = 18L, `9` = 13L, `10` = 14L, `11` = 12L, `12` = 10L, 
    `13` = 11L, `14` = 9L, `15` = 7L, `16` = 2L, `17` = 5L, `18` = 5L, 
    `19` = 6L, `20` = 3L, `21` = 2L, `23` = 1L, `25` = 1L, `27` = 1L, 
    `28` = 2L, `30` = 1L), .Dim = 26L, .Dimnames = list(TagUsage = c("1", 
    "2", "3", "4", "5", "6", "7", "8", "9", "10", "11", "12", 
    "13", "14", "15", "16", "17", "18", "19", "20", "21", "23", 
    "25", "27", "28", "30")), class = "table"), No.Tag = structure(c(0L, 
    2L, 0L, 0L, 1L, 99L, 1L, 0L, 0L, 3L, 0L, 0L), .Dim = 4:3, .Dimnames = structure(list(
        c("-1", "0", "1", NA), c("C", "T", NA)), .Names = c("", 
    "")), class = "table"), All.Tags = list(Concordant = list(
        Freqs = structure(c(0, 2, 0, 1, 374, 0), .Dim = 3:2, .Dimnames = list(
            c("-1", "0", "1"), c("C", "T"))), N = 377), Majority = list(
        Freqs = structure(c(0, 2, 0, 1, 406, 0), .Dim = 3:2, .Dimnames = list(
            c("-1", "0", "1"), c("C", "T"))), N = 409)), `2` = structure(c(0, 
    0, 0, 0, 317, 0), .Dim = 3:2, .Dimnames = list(c("-1", "0", 
    "1"), c("C", "T"))))))
