Results <-
list(`bwa.out//20220204//BlindCMMRD59_S18.sam` = list(GM09_SNP1 = list(
    All = list(Freqs = structure(c(18L, 2766L, 3L, 0L, 10L, 2315L, 
    8L, 1L, 0L, 1L, 0L, 0L, 0L, 31L, 0L, 0L), .Dim = c(4L, 4L
    ), .Dimnames = structure(list(c("-1", "0", "1", NA), c("A", 
    "G", "T", NA)), .Names = c("", "")), class = "table"), N = 5153L), 
    Tag.Distribution = structure(c(`1` = 109L, `2` = 57L, `3` = 43L, 
    `4` = 46L, `5` = 40L, `6` = 26L, `7` = 29L, `8` = 31L, `9` = 25L, 
    `10` = 22L, `11` = 18L, `12` = 16L, `13` = 16L, `14` = 17L, 
    `15` = 8L, `16` = 12L, `17` = 12L, `18` = 12L, `19` = 4L, 
    `20` = 8L, `21` = 6L, `22` = 9L, `23` = 5L, `24` = 4L, `25` = 4L, 
    `26` = 4L, `27` = 6L, `28` = 3L, `29` = 1L, `30` = 2L, `31` = 5L, 
    `33` = 1L, `35` = 1L, `39` = 1L, `43` = 1L, `44` = 2L), .Dim = 36L, .Dimnames = list(
        TagUsage = c("1", "2", "3", "4", "5", "6", "7", "8", 
        "9", "10", "11", "12", "13", "14", "15", "16", "17", 
        "18", "19", "20", "21", "22", "23", "24", "25", "26", 
        "27", "28", "29", "30", "31", "33", "35", "39", "43", 
        "44")), class = "table"), No.Tag = structure(c(0L, 73L, 
    0L, 0L, 0L, 18L, 0L, 0L, 0L, 0L, 0L, 0L, 0L, 3L, 0L, 0L), .Dim = c(4L, 
    4L), .Dimnames = structure(list(c("-1", "0", "1", NA), c("A", 
    "G", "T", NA)), .Names = c("", "")), class = "table"), All.Tags = list(
        Concordant = list(Freqs = structure(c(0, 288, 0, 0, 257, 
        0, 0, 0, 0), .Dim = c(3L, 3L), .Dimnames = list(c("-1", 
        "0", "1"), c("A", "G", "T"))), N = 545), Majority = list(
            Freqs = structure(c(0, 314, 0, 0, 282, 0, 0, 0, 0
            ), .Dim = c(3L, 3L), .Dimnames = list(c("-1", "0", 
            "1"), c("A", "G", "T"))), N = 596)), `2` = structure(c(0, 
    259, 0, 0, 235, 0, 0, 0, 0), .Dim = c(3L, 3L), .Dimnames = list(
        c("-1", "0", "1"), c("A", "G", "T"))))))
