Results <-
list(`bwa.out//20220204//BlindCMMRD69_S28.sam` = list(IM16_SNP1 = list(
    All = list(Freqs = structure(c(1L, 28L, 3854L, 59L, 5L, 0L, 
    0L, 4L, 0L, 0L, 0L, 0L, 2L, 0L, 0L, 0L, 1L, 32L, 0L, 0L), .Dim = 5:4, .Dimnames = structure(list(
        c("-2", "-1", "0", "1", NA), c("A", "G", "T", NA)), .Names = c("", 
    "")), class = "table"), N = 3986L), Tag.Distribution = structure(c(`1` = 106L, 
    `2` = 57L, `3` = 60L, `4` = 43L, `5` = 29L, `6` = 42L, `7` = 27L, 
    `8` = 26L, `9` = 25L, `10` = 18L, `11` = 20L, `12` = 20L, 
    `13` = 15L, `14` = 12L, `15` = 9L, `16` = 8L, `17` = 6L, 
    `18` = 10L, `19` = 7L, `20` = 5L, `21` = 1L, `22` = 5L, `23` = 1L, 
    `24` = 3L, `25` = 2L, `26` = 3L, `28` = 2L, `29` = 2L, `30` = 1L, 
    `42` = 1L), .Dim = 30L, .Dimnames = list(TagUsage = c("1", 
    "2", "3", "4", "5", "6", "7", "8", "9", "10", "11", "12", 
    "13", "14", "15", "16", "17", "18", "19", "20", "21", "22", 
    "23", "24", "25", "26", "28", "29", "30", "42")), class = "table"), 
    No.Tag = structure(c(0L, 0L, 64L, 3L, 0L, 0L, 0L, 1L, 0L, 
    0L, 0L, 0L, 0L, 0L, 0L, 0L, 0L, 6L, 0L, 0L), .Dim = 5:4, .Dimnames = structure(list(
        c("-2", "-1", "0", "1", NA), c("A", "G", "T", NA)), .Names = c("", 
    "")), class = "table"), All.Tags = list(Concordant = list(
        Freqs = structure(c(0, 1, 493, 0, 0, 0, 2, 0, 0, 0, 0, 
        0), .Dim = 4:3, .Dimnames = list(c("-2", "-1", "0", "1"
        ), c("A", "G", "T"))), N = 496), Majority = list(Freqs = structure(c(0, 
    1, 556, 1, 0, 0, 2, 0, 0, 0, 0, 0), .Dim = 4:3, .Dimnames = list(
        c("-2", "-1", "0", "1"), c("A", "G", "T"))), N = 560)), 
    `2` = structure(c(0, 0, 458, 1, 0, 0, 0, 0, 0, 0, 0, 0), .Dim = 4:3, .Dimnames = list(
        c("-2", "-1", "0", "1"), c("A", "G", "T"))))))
