Results <-
list(`bwa.out//20220204//BlindCMMRD109_S35.sam` = list(IM16_SNP1 = list(
    All = list(Freqs = structure(c(1L, 37L, 2994L, 30L, 0L, 2L, 
    0L, 32L, 3436L, 42L, 3L, 1L, 0L, 0L, 72L, 2L, 0L, 0L), .Dim = c(6L, 
    3L), .Dimnames = structure(list(c("-2", "-1", "0", "1", "2", 
    NA), c("A", "G", NA)), .Names = c("", "")), class = "table"), 
        N = 6652L), Tag.Distribution = structure(c(`1` = 230L, 
    `2` = 197L, `3` = 158L, `4` = 145L, `5` = 113L, `6` = 95L, 
    `7` = 79L, `8` = 68L, `9` = 58L, `10` = 40L, `11` = 24L, 
    `12` = 27L, `13` = 18L, `14` = 15L, `15` = 14L, `16` = 10L, 
    `17` = 4L, `18` = 3L, `19` = 4L, `20` = 3L, `26` = 1L, `28` = 1L
    ), .Dim = 22L, .Dimnames = list(TagUsage = c("1", "2", "3", 
    "4", "5", "6", "7", "8", "9", "10", "11", "12", "13", "14", 
    "15", "16", "17", "18", "19", "20", "26", "28")), class = "table"), 
    No.Tag = structure(c(0L, 0L, 44L, 0L, 0L, 0L, 0L, 0L, 54L, 
    1L, 0L, 0L, 0L, 0L, 7L, 0L, 0L, 0L), .Dim = c(6L, 3L), .Dimnames = structure(list(
        c("-2", "-1", "0", "1", "2", NA), c("A", "G", NA)), .Names = c("", 
    "")), class = "table"), All.Tags = list(Concordant = list(
        Freqs = structure(c(0, 1, 476, 0, 0, 0, 1, 556, 1, 0), .Dim = c(5L, 
        2L), .Dimnames = list(c("-2", "-1", "0", "1", "2"), c("A", 
        "G"))), N = 1035), Majority = list(Freqs = structure(c(0, 
    4, 582, 0, 0, 0, 2, 671, 2, 0), .Dim = c(5L, 2L), .Dimnames = list(
        c("-2", "-1", "0", "1", "2"), c("A", "G"))), N = 1261)), 
    `2` = structure(c(0, 4, 482, 0, 0, 0, 1, 552, 1, 0), .Dim = c(5L, 
    2L), .Dimnames = list(c("-2", "-1", "0", "1", "2"), c("A", 
    "G"))))))
