Results <-
list(`bwa.out//20220204//MLPA79_S11.sam` = list(LR24_SNP1 = list(
    All = list(Freqs = structure(c(11L, 2827L, 2L, 4L, 6L, 2859L, 
    12L, 2L, 0L, 44L, 0L, 0L), .Dim = 4:3, .Dimnames = structure(list(
        c("-1", "0", "1", NA), c("A", "G", NA)), .Names = c("", 
    "")), class = "table"), N = 5767L), Tag.Distribution = structure(c(`1` = 265L, 
    `2` = 143L, `3` = 106L, `4` = 107L, `5` = 90L, `6` = 67L, 
    `7` = 55L, `8` = 47L, `9` = 52L, `10` = 27L, `11` = 23L, 
    `12` = 18L, `13` = 9L, `14` = 19L, `15` = 13L, `16` = 14L, 
    `17` = 8L, `18` = 2L, `19` = 3L, `20` = 2L, `21` = 3L, `22` = 4L, 
    `24` = 1L, `25` = 2L, `26` = 2L, `27` = 3L, `28` = 1L, `39` = 1L
    ), .Dim = 28L, .Dimnames = list(TagUsage = c("1", "2", "3", 
    "4", "5", "6", "7", "8", "9", "10", "11", "12", "13", "14", 
    "15", "16", "17", "18", "19", "20", "21", "22", "24", "25", 
    "26", "27", "28", "39")), class = "table"), No.Tag = structure(c(0L, 
    88L, 0L, 1L, 0L, 58L, 0L, 0L, 0L, 7L, 0L, 0L), .Dim = 4:3, .Dimnames = structure(list(
        c("-1", "0", "1", NA), c("A", "G", NA)), .Names = c("", 
    "")), class = "table"), All.Tags = list(Concordant = list(
        Freqs = structure(c(0, 476, 0, 0, 481, 0), .Dim = 3:2, .Dimnames = list(
            c("-1", "0", "1"), c("A", "G"))), N = 957), Majority = list(
        Freqs = structure(c(0, 526, 0, 0, 537, 1), .Dim = 3:2, .Dimnames = list(
            c("-1", "0", "1"), c("A", "G"))), N = 1064)), `2` = structure(c(0, 
    407, 0, 0, 398, 1), .Dim = 3:2, .Dimnames = list(c("-1", 
    "0", "1"), c("A", "G"))))))
