Results <-
list(`bwa.out//20220204//Control14_S7.sam` = list(LR36_SNP1 = list(
    All = list(Freqs = structure(c(0L, 0L, 1L, 0L, 0L, 0L, 0L, 
    0L, 1L, 0L, 0L, 0L, 0L, 0L, 1L, 0L, 0L, 0L, 6L, 33L, 2331L, 
    29L, 1L, 10L, 0L, 0L, 75L, 1L, 0L, 0L), .Dim = 6:5, .Dimnames = structure(list(
        c("-2", "-1", "0", "1", "4", NA), c("A", "C", "G", "T", 
        NA)), .Names = c("", "")), class = "table"), N = 2489L), 
    Tag.Distribution = structure(c(`1` = 81L, `2` = 35L, `3` = 31L, 
    `4` = 17L, `5` = 17L, `6` = 16L, `7` = 22L, `8` = 14L, `9` = 12L, 
    `10` = 15L, `11` = 12L, `12` = 8L, `13` = 8L, `14` = 4L, 
    `15` = 4L, `16` = 5L, `17` = 4L, `18` = 5L, `20` = 2L, `21` = 5L, 
    `22` = 3L, `23` = 3L, `24` = 1L, `26` = 2L, `27` = 1L, `28` = 1L, 
    `29` = 1L, `31` = 1L, `35` = 1L, `38` = 2L, `41` = 1L), .Dim = 31L, .Dimnames = list(
        TagUsage = c("1", "2", "3", "4", "5", "6", "7", "8", 
        "9", "10", "11", "12", "13", "14", "15", "16", "17", 
        "18", "20", "21", "22", "23", "24", "26", "27", "28", 
        "29", "31", "35", "38", "41")), class = "table"), No.Tag = structure(c(0L, 
    0L, 0L, 0L, 0L, 0L, 0L, 0L, 0L, 0L, 0L, 0L, 0L, 0L, 1L, 0L, 
    0L, 0L, 0L, 2L, 144L, 0L, 0L, 0L, 0L, 0L, 16L, 0L, 0L, 0L
    ), .Dim = 6:5, .Dimnames = structure(list(c("-2", "-1", "0", 
    "1", "4", NA), c("A", "C", "G", "T", NA)), .Names = c("", 
    "")), class = "table"), All.Tags = list(Concordant = list(
        Freqs = structure(c(0, 0, 1, 0, 0, 0, 0, 0, 0, 0, 0, 
        0, 0, 0, 0, 0, 0, 275, 0, 0), .Dim = 5:4, .Dimnames = list(
            c("-2", "-1", "0", "1", "4"), c("A", "C", "G", "T"
            ))), N = 276), Majority = list(Freqs = structure(c(0, 
    0, 1, 0, 0, 0, 0, 0, 0, 0, 0, 0, 0, 0, 0, 0, 0, 321, 0, 0
    ), .Dim = 5:4, .Dimnames = list(c("-2", "-1", "0", "1", "4"
    ), c("A", "C", "G", "T"))), N = 322)), `2` = structure(c(0, 
    0, 0, 0, 0, 0, 0, 0, 0, 0, 0, 0, 0, 0, 0, 0, 0, 247, 0, 0
    ), .Dim = 5:4, .Dimnames = list(c("-2", "-1", "0", "1", "4"
    ), c("A", "C", "G", "T"))))))
