Results <-
list(`bwa.out//20220204//BlindCMMRD121_S47.sam` = list(LR11_SNP1 = list(
    All = list(Freqs = structure(c(0L, 0L, 4L, 0L, 0L, 0L, 2L, 
    78L, 4124L, 32L, 1L, 17L, 0L, 0L, 22L, 0L, 0L, 0L), .Dim = c(6L, 
    3L), .Dimnames = structure(list(c("-2", "-1", "0", "1", "2", 
    NA), c("A", "C", NA)), .Names = c("", "")), class = "table"), 
        N = 4280L), Tag.Distribution = structure(c(`1` = 256L, 
    `2` = 185L, `3` = 168L, `4` = 125L, `5` = 101L, `6` = 71L, 
    `7` = 45L, `8` = 51L, `9` = 18L, `10` = 21L, `11` = 8L, `12` = 11L, 
    `13` = 5L, `14` = 9L, `15` = 3L, `16` = 2L, `17` = 1L, `22` = 1L, 
    `24` = 1L), .Dim = 19L, .Dimnames = list(TagUsage = c("1", 
    "2", "3", "4", "5", "6", "7", "8", "9", "10", "11", "12", 
    "13", "14", "15", "16", "17", "22", "24")), class = "table"), 
    No.Tag = structure(c(0L, 0L, 0L, 0L, 0L, 0L, 0L, 3L, 68L, 
    0L, 0L, 0L, 0L, 0L, 2L, 0L, 0L, 0L), .Dim = c(6L, 3L), .Dimnames = structure(list(
        c("-2", "-1", "0", "1", "2", NA), c("A", "C", NA)), .Names = c("", 
    "")), class = "table"), All.Tags = list(Concordant = list(
        Freqs = structure(c(0, 0, 2, 0, 0, 0, 3, 974, 3, 0), .Dim = c(5L, 
        2L), .Dimnames = list(c("-2", "-1", "0", "1", "2"), c("A", 
        "C"))), N = 982), Majority = list(Freqs = structure(c(0, 
    0, 2, 0, 0, 0, 3, 1056, 3, 0), .Dim = c(5L, 2L), .Dimnames = list(
        c("-2", "-1", "0", "1", "2"), c("A", "C"))), N = 1064)), 
    `2` = structure(c(0, 0, 0, 0, 0, 0, 0, 812, 0, 0), .Dim = c(5L, 
    2L), .Dimnames = list(c("-2", "-1", "0", "1", "2"), c("A", 
    "C"))))))
