Results <-
list(`bwa.out//20220204//BlindCMMRD129_S55.sam` = list(GM01_SNP1 = list(
    All = list(Freqs = structure(c(42L, 3271L, 13L, 8L, 48L, 
    3438L, 18L, 25L, 3L, 53L, 1L, 0L), .Dim = 4:3, .Dimnames = structure(list(
        c("-1", "0", "1", NA), c("A", "G", NA)), .Names = c("", 
    "")), class = "table"), N = 6920L), Tag.Distribution = structure(c(`1` = 246L, 
    `2` = 229L, `3` = 200L, `4` = 153L, `5` = 123L, `6` = 120L, 
    `7` = 90L, `8` = 76L, `9` = 49L, `10` = 40L, `11` = 33L, 
    `12` = 20L, `13` = 12L, `14` = 11L, `15` = 10L, `16` = 4L, 
    `17` = 5L, `18` = 3L, `19` = 4L, `20` = 1L, `21` = 4L, `24` = 1L, 
    `26` = 1L), .Dim = 23L, .Dimnames = list(TagUsage = c("1", 
    "2", "3", "4", "5", "6", "7", "8", "9", "10", "11", "12", 
    "13", "14", "15", "16", "17", "18", "19", "20", "21", "24", 
    "26")), class = "table"), No.Tag = structure(c(3L, 52L, 0L, 
    0L, 1L, 25L, 2L, 2L, 0L, 9L, 0L, 0L), .Dim = 4:3, .Dimnames = structure(list(
        c("-1", "0", "1", NA), c("A", "G", NA)), .Names = c("", 
    "")), class = "table"), All.Tags = list(Concordant = list(
        Freqs = structure(c(1, 527, 1, 1, 556, 3), .Dim = 3:2, .Dimnames = list(
            c("-1", "0", "1"), c("A", "G"))), N = 1089), Majority = list(
        Freqs = structure(c(1, 656, 1, 1, 723, 3), .Dim = 3:2, .Dimnames = list(
            c("-1", "0", "1"), c("A", "G"))), N = 1385)), `2` = structure(c(0, 
    547, 0, 0, 600, 0), .Dim = 3:2, .Dimnames = list(c("-1", 
    "0", "1"), c("A", "G"))))))
