Results <-
list(`bwa.out//20220204//BlindCMMRD77_S36.sam` = list(GM11_SNP1 = list(
    All = list(Freqs = structure(c(10L, 4145L, 16L, 4L, 0L, 3L, 
    0L, 0L, 0L, 3L, 0L, 0L, 0L, 22L, 0L, 0L), .Dim = c(4L, 4L
    ), .Dimnames = structure(list(c("-1", "0", "1", NA), c("A", 
    "G", "T", NA)), .Names = c("", "")), class = "table"), N = 4203L), 
    Tag.Distribution = structure(c(`1` = 129L, `2` = 64L, `3` = 59L, 
    `4` = 55L, `5` = 42L, `6` = 31L, `7` = 41L, `8` = 30L, `9` = 17L, 
    `10` = 17L, `11` = 14L, `12` = 15L, `13` = 10L, `14` = 17L, 
    `15` = 12L, `16` = 13L, `17` = 7L, `18` = 7L, `19` = 10L, 
    `20` = 1L, `21` = 6L, `22` = 9L, `23` = 2L, `24` = 1L, `26` = 3L, 
    `28` = 3L, `29` = 2L, `32` = 1L, `35` = 1L, `38` = 1L), .Dim = 30L, .Dimnames = list(
        TagUsage = c("1", "2", "3", "4", "5", "6", "7", "8", 
        "9", "10", "11", "12", "13", "14", "15", "16", "17", 
        "18", "19", "20", "21", "22", "23", "24", "26", "28", 
        "29", "32", "35", "38")), class = "table"), No.Tag = structure(c(0L, 
    38L, 0L, 0L, 0L, 0L, 0L, 0L, 0L, 0L, 0L, 0L, 0L, 1L, 0L, 
    0L), .Dim = c(4L, 4L), .Dimnames = structure(list(c("-1", 
    "0", "1", NA), c("A", "G", "T", NA)), .Names = c("", "")), class = "table"), 
    All.Tags = list(Concordant = list(Freqs = structure(c(0, 
    586, 2, 0, 2, 0, 0, 0, 0), .Dim = c(3L, 3L), .Dimnames = list(
        c("-1", "0", "1"), c("A", "G", "T"))), N = 590), Majority = list(
        Freqs = structure(c(0, 613, 2, 0, 2, 0, 0, 0, 0), .Dim = c(3L, 
        3L), .Dimnames = list(c("-1", "0", "1"), c("A", "G", 
        "T"))), N = 617)), `2` = structure(c(0, 491, 0, 0, 0, 
    0, 0, 0, 0), .Dim = c(3L, 3L), .Dimnames = list(c("-1", "0", 
    "1"), c("A", "G", "T"))))))
