Results <-
list(`bwa.out//20220204//BlindCMMRD79_S38.sam` = list(LR20_SNP1 = list(
    All = list(Freqs = structure(c(0L, 2L, 0L, 0L, 10L, 2125L, 
    3L, 0L, 2L, 2233L, 2L, 2L, 0L, 17L, 0L, 0L), .Dim = c(4L, 
    4L), .Dimnames = structure(list(c("-1", "0", "1", NA), c("-", 
    "A", "G", NA)), .Names = c("", "")), class = "table"), N = 4396L), 
    Tag.Distribution = structure(c(`1` = 153L, `2` = 90L, `3` = 65L, 
    `4` = 70L, `5` = 69L, `6` = 44L, `7` = 28L, `8` = 38L, `9` = 30L, 
    `10` = 26L, `11` = 17L, `12` = 19L, `13` = 12L, `14` = 14L, 
    `15` = 14L, `16` = 13L, `17` = 5L, `18` = 4L, `19` = 4L, 
    `20` = 4L, `21` = 2L, `22` = 5L, `23` = 1L, `24` = 2L, `25` = 1L, 
    `27` = 1L, `28` = 2L, `36` = 1L), .Dim = 28L, .Dimnames = list(
        TagUsage = c("1", "2", "3", "4", "5", "6", "7", "8", 
        "9", "10", "11", "12", "13", "14", "15", "16", "17", 
        "18", "19", "20", "21", "22", "23", "24", "25", "27", 
        "28", "36")), class = "table"), No.Tag = structure(c(0L, 
    0L, 0L, 0L, 0L, 54L, 0L, 0L, 0L, 30L, 0L, 0L, 0L, 0L, 0L, 
    0L), .Dim = c(4L, 4L), .Dimnames = structure(list(c("-1", 
    "0", "1", NA), c("-", "A", "G", NA)), .Names = c("", "")), class = "table"), 
    All.Tags = list(Concordant = list(Freqs = structure(c(0, 
    0, 0, 1, 328, 0, 0, 330, 0), .Dim = c(3L, 3L), .Dimnames = list(
        c("-1", "0", "1"), c("-", "A", "G"))), N = 659), Majority = list(
        Freqs = structure(c(0, 0, 0, 1, 362, 0, 0, 358, 0), .Dim = c(3L, 
        3L), .Dimnames = list(c("-1", "0", "1"), c("-", "A", 
        "G"))), N = 721)), `2` = structure(c(0, 0, 0, 0, 280, 
    0, 0, 289, 0), .Dim = c(3L, 3L), .Dimnames = list(c("-1", 
    "0", "1"), c("-", "A", "G"))))))
