Results <-
list(`bwa.out//20220204//BlindCMMRD49_S9.sam` = list(GM01_SNP1 = list(
    All = list(Freqs = structure(c(2L, 158L, 9058L, 28L, 6L, 
    0L, 0L, 11L, 0L, 0L, 0L, 0L, 82L, 1L, 0L), .Dim = c(5L, 3L
    ), .Dimnames = structure(list(c("-2", "-1", "0", "1", NA), 
        c("A", "G", NA)), .Names = c("", "")), class = "table"), 
        N = 9346L), Tag.Distribution = structure(c(`1` = 100L, 
    `2` = 14L, `3` = 6L, `4` = 12L, `5` = 7L, `6` = 9L, `7` = 10L, 
    `8` = 11L, `9` = 12L, `10` = 9L, `11` = 10L, `12` = 10L, 
    `13` = 9L, `14` = 5L, `15` = 9L, `16` = 7L, `17` = 3L, `18` = 10L, 
    `19` = 4L, `20` = 5L, `21` = 7L, `22` = 6L, `23` = 8L, `24` = 5L, 
    `25` = 6L, `26` = 10L, `27` = 6L, `28` = 7L, `29` = 7L, `30` = 1L, 
    `31` = 2L, `32` = 3L, `33` = 4L, `34` = 3L, `35` = 3L, `36` = 2L, 
    `37` = 2L, `38` = 1L, `39` = 4L, `40` = 1L, `41` = 2L, `42` = 5L, 
    `43` = 1L, `44` = 3L, `45` = 4L, `46` = 2L, `47` = 4L, `48` = 3L, 
    `49` = 4L, `50` = 4L, `51` = 4L, `52` = 2L, `53` = 1L, `55` = 4L, 
    `56` = 2L, `57` = 2L, `58` = 1L, `59` = 1L, `60` = 3L, `61` = 1L, 
    `62` = 2L, `63` = 3L, `65` = 1L, `67` = 2L, `69` = 1L, `71` = 2L, 
    `72` = 1L, `75` = 1L, `76` = 3L, `77` = 1L, `80` = 1L, `81` = 1L, 
    `82` = 3L, `83` = 1L, `85` = 2L, `92` = 1L, `93` = 1L, `95` = 1L, 
    `99` = 1L, `100` = 1L, `145` = 1L), .Dim = 81L, .Dimnames = list(
        TagUsage = c("1", "2", "3", "4", "5", "6", "7", "8", 
        "9", "10", "11", "12", "13", "14", "15", "16", "17", 
        "18", "19", "20", "21", "22", "23", "24", "25", "26", 
        "27", "28", "29", "30", "31", "32", "33", "34", "35", 
        "36", "37", "38", "39", "40", "41", "42", "43", "44", 
        "45", "46", "47", "48", "49", "50", "51", "52", "53", 
        "55", "56", "57", "58", "59", "60", "61", "62", "63", 
        "65", "67", "69", "71", "72", "75", "76", "77", "80", 
        "81", "82", "83", "85", "92", "93", "95", "99", "100", 
        "145")), class = "table"), No.Tag = structure(c(0L, 0L, 
    78L, 1L, 0L, 0L, 0L, 0L, 0L, 0L, 0L, 0L, 5L, 0L, 0L), .Dim = c(5L, 
    3L), .Dimnames = structure(list(c("-2", "-1", "0", "1", NA
    ), c("A", "G", NA)), .Names = c("", "")), class = "table"), 
    All.Tags = list(Concordant = list(Freqs = structure(c(0, 
    2, 308, 0, 0, 0, 6, 0), .Dim = c(4L, 2L), .Dimnames = list(
        c("-2", "-1", "0", "1"), c("A", "G"))), N = 316), Majority = list(
        Freqs = structure(c(0, 3, 418, 0, 0, 0, 6, 0), .Dim = c(4L, 
        2L), .Dimnames = list(c("-2", "-1", "0", "1"), c("A", 
        "G"))), N = 427)), `2` = structure(c(0, 3, 330, 0, 0, 
    0, 0, 0), .Dim = c(4L, 2L), .Dimnames = list(c("-2", "-1", 
    "0", "1"), c("A", "G"))))))
