Results <-
list(`bwa.out//20220204//BlindCMMRD90_S49.sam` = list(DEPDC2_SNP1 = list(
    All = list(Freqs = structure(c(0L, 1L, 0L, 0L, 44L, 5968L, 
    26L, 20L, 1L, 46L, 1L, 0L), .Dim = 4:3, .Dimnames = structure(list(
        c("-1", "0", "1", NA), c("A", "T", NA)), .Names = c("", 
    "")), class = "table"), N = 6107L), Tag.Distribution = structure(c(`1` = 193L, 
    `2` = 94L, `3` = 94L, `4` = 73L, `5` = 70L, `6` = 73L, `7` = 53L, 
    `8` = 31L, `9` = 33L, `10` = 32L, `11` = 35L, `12` = 19L, 
    `13` = 25L, `14` = 14L, `15` = 11L, `16` = 14L, `17` = 7L, 
    `18` = 10L, `19` = 9L, `20` = 11L, `21` = 6L, `22` = 3L, 
    `23` = 4L, `24` = 3L, `25` = 2L, `26` = 3L, `27` = 2L, `28` = 1L, 
    `29` = 1L, `31` = 1L, `32` = 1L, `33` = 1L, `34` = 2L, `40` = 1L
    ), .Dim = 34L, .Dimnames = list(TagUsage = c("1", "2", "3", 
    "4", "5", "6", "7", "8", "9", "10", "11", "12", "13", "14", 
    "15", "16", "17", "18", "19", "20", "21", "22", "23", "24", 
    "25", "26", "27", "28", "29", "31", "32", "33", "34", "40"
    )), class = "table"), No.Tag = structure(c(0L, 0L, 0L, 0L, 
    1L, 112L, 0L, 1L, 0L, 2L, 0L, 0L), .Dim = 4:3, .Dimnames = structure(list(
        c("-1", "0", "1", NA), c("A", "T", NA)), .Names = c("", 
    "")), class = "table"), All.Tags = list(Concordant = list(
        Freqs = structure(c(0, 0, 0, 2, 863, 2), .Dim = 3:2, .Dimnames = list(
            c("-1", "0", "1"), c("A", "T"))), N = 867), Majority = list(
        Freqs = structure(c(0, 0, 0, 3, 912, 3), .Dim = 3:2, .Dimnames = list(
            c("-1", "0", "1"), c("A", "T"))), N = 918)), `2` = structure(c(0, 
    0, 0, 1, 731, 1), .Dim = 3:2, .Dimnames = list(c("-1", "0", 
    "1"), c("A", "T"))))))
