Results <-
list(`bwa.out//20220204//BlindCMMRD56_S15.sam` = list(GM17_SNP1 = list(
    All = list(Freqs = structure(c(213L, 4371L, 12L, 6L, 0L, 
    5L, 0L, 1L, 1L, 30L, 0L, 0L), .Dim = 4:3, .Dimnames = structure(list(
        c("-1", "0", "1", NA), c("C", "T", NA)), .Names = c("", 
    "")), class = "table"), N = 4639L), Tag.Distribution = structure(c(`1` = 142L, 
    `2` = 57L, `3` = 38L, `4` = 36L, `5` = 48L, `6` = 32L, `7` = 32L, 
    `8` = 29L, `9` = 20L, `10` = 22L, `11` = 25L, `12` = 17L, 
    `13` = 7L, `14` = 18L, `15` = 14L, `16` = 7L, `17` = 9L, 
    `18` = 7L, `19` = 6L, `20` = 9L, `21` = 9L, `22` = 5L, `23` = 2L, 
    `24` = 6L, `25` = 3L, `26` = 3L, `27` = 2L, `29` = 2L, `30` = 1L, 
    `33` = 1L, `36` = 1L, `37` = 1L, `39` = 1L, `40` = 1L, `45` = 1L, 
    `56` = 1L), .Dim = 36L, .Dimnames = list(TagUsage = c("1", 
    "2", "3", "4", "5", "6", "7", "8", "9", "10", "11", "12", 
    "13", "14", "15", "16", "17", "18", "19", "20", "21", "22", 
    "23", "24", "25", "26", "27", "29", "30", "33", "36", "37", 
    "39", "40", "45", "56")), class = "table"), No.Tag = structure(c(0L, 
    46L, 0L, 0L, 0L, 0L, 0L, 0L, 0L, 4L, 0L, 0L), .Dim = 4:3, .Dimnames = structure(list(
        c("-1", "0", "1", NA), c("C", "T", NA)), .Names = c("", 
    "")), class = "table"), All.Tags = list(Concordant = list(
        Freqs = structure(c(23, 527, 0, 0, 4, 0), .Dim = 3:2, .Dimnames = list(
            c("-1", "0", "1"), c("C", "T"))), N = 554), Majority = list(
        Freqs = structure(c(24, 577, 0, 0, 4, 0), .Dim = 3:2, .Dimnames = list(
            c("-1", "0", "1"), c("C", "T"))), N = 605)), `2` = structure(c(21, 
    451, 0, 0, 0, 0), .Dim = 3:2, .Dimnames = list(c("-1", "0", 
    "1"), c("C", "T"))))))
