Results <-
list(`bwa.out//20220204//BlindCMMRD113_S39.sam` = list(GM11_SNP1 = list(
    All = list(Freqs = structure(c(0L, 15L, 1928L, 16L, 0L, 2L, 
    2L, 17L, 2238L, 9L, 1L, 3L, 0L, 0L, 1L, 0L, 0L, 0L, 0L, 0L, 
    13L, 0L, 0L, 0L), .Dim = c(6L, 4L), .Dimnames = structure(list(
        c("-2", "-1", "0", "1", "2", NA), c("A", "G", "T", NA
        )), .Names = c("", "")), class = "table"), N = 4245L), 
    Tag.Distribution = structure(c(`1` = 219L, `2` = 151L, `3` = 139L, 
    `4` = 111L, `5` = 89L, `6` = 71L, `7` = 55L, `8` = 46L, `9` = 38L, 
    `10` = 21L, `11` = 17L, `12` = 7L, `13` = 9L, `14` = 2L, 
    `15` = 3L, `16` = 4L, `17` = 2L, `18` = 1L, `20` = 2L, `25` = 1L
    ), .Dim = 20L, .Dimnames = list(TagUsage = c("1", "2", "3", 
    "4", "5", "6", "7", "8", "9", "10", "11", "12", "13", "14", 
    "15", "16", "17", "18", "20", "25")), class = "table"), No.Tag = structure(c(0L, 
    0L, 3L, 0L, 0L, 0L, 0L, 0L, 40L, 1L, 0L, 1L, 0L, 0L, 0L, 
    0L, 0L, 0L, 0L, 0L, 0L, 0L, 0L, 0L), .Dim = c(6L, 4L), .Dimnames = structure(list(
        c("-2", "-1", "0", "1", "2", NA), c("A", "G", "T", NA
        )), .Names = c("", "")), class = "table"), All.Tags = list(
        Concordant = list(Freqs = structure(c(0, 1, 416, 1, 0, 
        0, 1, 425, 0, 0, 0, 0, 0, 0, 0), .Dim = c(5L, 3L), .Dimnames = list(
            c("-2", "-1", "0", "1", "2"), c("A", "G", "T"))), 
            N = 844), Majority = list(Freqs = structure(c(0, 
        1, 475, 1, 0, 0, 1, 490, 0, 0, 0, 0, 0, 0, 0), .Dim = c(5L, 
        3L), .Dimnames = list(c("-2", "-1", "0", "1", "2"), c("A", 
        "G", "T"))), N = 968)), `2` = structure(c(0, 1, 350, 
    1, 0, 0, 0, 398, 0, 0, 0, 0, 0, 0, 0), .Dim = c(5L, 3L), .Dimnames = list(
        c("-2", "-1", "0", "1", "2"), c("A", "G", "T"))))))
