Results <-
list(`bwa.out//20220204//BlindCMMRD134_S60.sam` = list(GM17_SNP1 = list(
    All = list(Freqs = structure(c(32L, 2406L, 6L, 8L, 24L, 2199L, 
    1L, 4L, 0L, 17L, 0L, 0L), .Dim = 4:3, .Dimnames = structure(list(
        c("-1", "0", "1", NA), c("C", "T", NA)), .Names = c("", 
    "")), class = "table"), N = 4697L), Tag.Distribution = structure(c(`1` = 164L, 
    `2` = 104L, `3` = 96L, `4` = 104L, `5` = 88L, `6` = 71L, 
    `7` = 59L, `8` = 56L, `9` = 35L, `10` = 24L, `11` = 23L, 
    `12` = 12L, `13` = 17L, `14` = 12L, `15` = 7L, `16` = 2L, 
    `17` = 3L, `18` = 3L, `19` = 7L, `26` = 1L, `28` = 1L, `33` = 1L
    ), .Dim = 22L, .Dimnames = list(TagUsage = c("1", "2", "3", 
    "4", "5", "6", "7", "8", "9", "10", "11", "12", "13", "14", 
    "15", "16", "17", "18", "19", "26", "28", "33")), class = "table"), 
    No.Tag = structure(c(0L, 57L, 1L, 0L, 0L, 32L, 0L, 0L, 0L, 
    1L, 0L, 0L), .Dim = 4:3, .Dimnames = structure(list(c("-1", 
    "0", "1", NA), c("C", "T", NA)), .Names = c("", "")), class = "table"), 
    All.Tags = list(Concordant = list(Freqs = structure(c(1, 
    381, 0, 1, 381, 0), .Dim = 3:2, .Dimnames = list(c("-1", 
    "0", "1"), c("C", "T"))), N = 764), Majority = list(Freqs = structure(c(1, 
    454, 0, 2, 421, 0), .Dim = 3:2, .Dimnames = list(c("-1", 
    "0", "1"), c("C", "T"))), N = 878)), `2` = structure(c(0, 
    375, 0, 1, 339, 0), .Dim = 3:2, .Dimnames = list(c("-1", 
    "0", "1"), c("C", "T"))))))
