Results <-
list(`bwa.out//20220204//13D0575_S2.sam` = list(IM16_SNP1 = list(
    All = list(Freqs = structure(c(10L, 1479L, 38L, 0L, 13L, 
    1795L, 28L, 4L, 1L, 29L, 1L, 0L), .Dim = 4:3, .Dimnames = structure(list(
        c("-1", "0", "1", NA), c("A", "G", NA)), .Names = c("", 
    "")), class = "table"), N = 3398L), Tag.Distribution = structure(c(`1` = 159L, 
    `2` = 84L, `3` = 66L, `4` = 51L, `5` = 38L, `6` = 35L, `7` = 27L, 
    `8` = 22L, `9` = 19L, `10` = 14L, `11` = 12L, `12` = 7L, 
    `13` = 13L, `14` = 11L, `15` = 8L, `16` = 3L, `17` = 5L, 
    `18` = 2L, `19` = 1L, `20` = 5L, `21` = 3L, `22` = 4L, `23` = 2L, 
    `24` = 5L, `26` = 1L, `29` = 1L, `31` = 1L, `32` = 1L, `33` = 1L, 
    `34` = 1L, `37` = 1L, `42` = 1L), .Dim = 32L, .Dimnames = list(
        TagUsage = c("1", "2", "3", "4", "5", "6", "7", "8", 
        "9", "10", "11", "12", "13", "14", "15", "16", "17", 
        "18", "19", "20", "21", "22", "23", "24", "26", "29", 
        "31", "32", "33", "34", "37", "42")), class = "table"), 
    No.Tag = structure(c(0L, 26L, 0L, 0L, 0L, 36L, 1L, 0L, 0L, 
    2L, 0L, 0L), .Dim = 4:3, .Dimnames = structure(list(c("-1", 
    "0", "1", NA), c("A", "G", NA)), .Names = c("", "")), class = "table"), 
    All.Tags = list(Concordant = list(Freqs = structure(c(1, 
    257, 0, 1, 255, 2), .Dim = 3:2, .Dimnames = list(c("-1", 
    "0", "1"), c("A", "G"))), N = 516), Majority = list(Freqs = structure(c(1, 
    289, 2, 1, 292, 2), .Dim = 3:2, .Dimnames = list(c("-1", 
    "0", "1"), c("A", "G"))), N = 587)), `2` = structure(c(0, 
    207, 2, 1, 222, 1), .Dim = 3:2, .Dimnames = list(c("-1", 
    "0", "1"), c("A", "G"))))))
