Results <-
list(`bwa.out//20220204//17D1097_S1.sam` = list(LR24_SNP1 = list(
    All = list(Freqs = structure(c(13L, 2173L, 16L, 2L, 13L, 
    2010L, 2L, 0L, 0L, 41L, 0L, 0L), .Dim = 4:3, .Dimnames = structure(list(
        c("-1", "0", "1", NA), c("A", "G", NA)), .Names = c("", 
    "")), class = "table"), N = 4270L), Tag.Distribution = structure(c(`1` = 446L, 
    `2` = 266L, `3` = 178L, `4` = 136L, `5` = 64L, `6` = 62L, 
    `7` = 52L, `8` = 26L, `9` = 22L, `10` = 15L, `11` = 10L, 
    `12` = 6L, `13` = 5L, `14` = 4L, `15` = 4L, `16` = 2L, `17` = 1L, 
    `18` = 2L, `20` = 1L, `22` = 1L), .Dim = 20L, .Dimnames = list(
        TagUsage = c("1", "2", "3", "4", "5", "6", "7", "8", 
        "9", "10", "11", "12", "13", "14", "15", "16", "17", 
        "18", "20", "22")), class = "table"), No.Tag = structure(c(0L, 
    64L, 0L, 0L, 0L, 46L, 0L, 0L, 0L, 2L, 0L, 0L), .Dim = 4:3, .Dimnames = structure(list(
        c("-1", "0", "1", NA), c("A", "G", NA)), .Names = c("", 
    "")), class = "table"), All.Tags = list(Concordant = list(
        Freqs = structure(c(2, 576, 1, 2, 545, 0), .Dim = 3:2, .Dimnames = list(
            c("-1", "0", "1"), c("A", "G"))), N = 1126), Majority = list(
        Freqs = structure(c(2, 644, 2, 3, 603, 0), .Dim = 3:2, .Dimnames = list(
            c("-1", "0", "1"), c("A", "G"))), N = 1254)), `2` = structure(c(1, 
    426, 1, 1, 394, 0), .Dim = 3:2, .Dimnames = list(c("-1", 
    "0", "1"), c("A", "G"))))))
