Results <-
list(`bwa.out//20220204//Control26_S19.sam` = list(LR36_SNP1 = list(
    All = list(Freqs = structure(c(0L, 0L, 3L, 0L, 0L, 1L, 51L, 
    2303L, 25L, 15L, 0L, 3L, 69L, 3L, 0L), .Dim = c(5L, 3L), .Dimnames = structure(list(
        c("-2", "-1", "0", "1", NA), c("A", "T", NA)), .Names = c("", 
    "")), class = "table"), N = 2473L), Tag.Distribution = structure(c(`1` = 79L, 
    `2` = 34L, `3` = 31L, `4` = 27L, `5` = 31L, `6` = 26L, `7` = 19L, 
    `8` = 16L, `9` = 12L, `10` = 17L, `11` = 11L, `12` = 11L, 
    `13` = 3L, `14` = 11L, `15` = 3L, `16` = 3L, `17` = 5L, `18` = 3L, 
    `19` = 3L, `20` = 3L, `21` = 3L, `22` = 3L, `25` = 1L, `26` = 1L, 
    `27` = 2L, `28` = 1L, `35` = 1L), .Dim = 27L, .Dimnames = list(
        TagUsage = c("1", "2", "3", "4", "5", "6", "7", "8", 
        "9", "10", "11", "12", "13", "14", "15", "16", "17", 
        "18", "19", "20", "21", "22", "25", "26", "27", "28", 
        "35")), class = "table"), No.Tag = structure(c(0L, 0L, 
    0L, 0L, 0L, 1L, 4L, 163L, 2L, 3L, 0L, 0L, 9L, 1L, 0L), .Dim = c(5L, 
    3L), .Dimnames = structure(list(c("-2", "-1", "0", "1", NA
    ), c("A", "T", NA)), .Names = c("", "")), class = "table"), 
    All.Tags = list(Concordant = list(Freqs = structure(c(0, 
    0, 1, 0, 0, 3, 299, 0), .Dim = c(4L, 2L), .Dimnames = list(
        c("-2", "-1", "0", "1"), c("A", "T"))), N = 303), Majority = list(
        Freqs = structure(c(0, 0, 1, 0, 0, 3, 349, 0), .Dim = c(4L, 
        2L), .Dimnames = list(c("-2", "-1", "0", "1"), c("A", 
        "T"))), N = 353)), `2` = structure(c(0, 0, 0, 0, 0, 2, 
    276, 0), .Dim = c(4L, 2L), .Dimnames = list(c("-2", "-1", 
    "0", "1"), c("A", "T"))))))
