Results <-
list(`bwa.out//20220204//BlindCMMRD111_S37.sam` = list(GM26_SNP1 = list(
    All = list(Freqs = structure(c(1L, 12L, 2293L, 7L, 1L, 4L, 
    0L, 11L, 2001L, 7L, 0L, 3L, 0L, 0L, 1L, 0L, 0L, 0L, 0L, 0L, 
    57L, 0L, 0L, 0L), .Dim = c(6L, 4L), .Dimnames = structure(list(
        c("-3", "-1", "0", "1", "2", NA), c("A", "G", "T", NA
        )), .Names = c("", "")), class = "table"), N = 4398L), 
    Tag.Distribution = structure(c(`1` = 269L, `2` = 207L, `3` = 164L, 
    `4` = 123L, `5` = 94L, `6` = 64L, `7` = 52L, `8` = 37L, `9` = 29L, 
    `10` = 15L, `11` = 15L, `12` = 8L, `13` = 8L, `14` = 3L, 
    `15` = 5L, `16` = 4L, `17` = 6L, `21` = 1L, `24` = 1L, `27` = 1L
    ), .Dim = 20L, .Dimnames = list(TagUsage = c("1", "2", "3", 
    "4", "5", "6", "7", "8", "9", "10", "11", "12", "13", "14", 
    "15", "16", "17", "21", "24", "27")), class = "table"), No.Tag = structure(c(0L, 
    1L, 50L, 0L, 0L, 0L, 0L, 0L, 28L, 0L, 0L, 0L, 0L, 0L, 0L, 
    0L, 0L, 0L, 0L, 0L, 7L, 0L, 0L, 0L), .Dim = c(6L, 4L), .Dimnames = structure(list(
        c("-3", "-1", "0", "1", "2", NA), c("A", "G", "T", NA
        )), .Names = c("", "")), class = "table"), All.Tags = list(
        Concordant = list(Freqs = structure(c(1, 1, 491, 2, 0, 
        0, 2, 462, 0, 0, 0, 0, 0, 0, 0), .Dim = c(5L, 3L), .Dimnames = list(
            c("-3", "-1", "0", "1", "2"), c("A", "G", "T"))), 
            N = 959), Majority = list(Freqs = structure(c(1, 
        1, 556, 2, 0, 0, 2, 517, 0, 0, 0, 0, 0, 0, 0), .Dim = c(5L, 
        3L), .Dimnames = list(c("-3", "-1", "0", "1", "2"), c("A", 
        "G", "T"))), N = 1079)), `2` = structure(c(1, 0, 429, 
    0, 0, 0, 0, 388, 0, 0, 0, 0, 0, 0, 0), .Dim = c(5L, 3L), .Dimnames = list(
        c("-3", "-1", "0", "1", "2"), c("A", "G", "T"))))))
