Results <-
list(`bwa.out//20220204//BlindCMMRD74_S33.sam` = list(LR11_SNP1 = list(
    All = list(Freqs = structure(c(0L, 0L, 3L, 0L, 0L, 3L, 54L, 
    3753L, 22L, 12L, 0L, 1L, 136L, 0L, 0L), .Dim = c(5L, 3L), .Dimnames = structure(list(
        c("-2", "-1", "0", "1", NA), c("A", "C", NA)), .Names = c("", 
    "")), class = "table"), N = 3984L), Tag.Distribution = structure(c(`1` = 95L, 
    `2` = 58L, `3` = 45L, `4` = 42L, `5` = 36L, `6` = 41L, `7` = 26L, 
    `8` = 31L, `9` = 22L, `10` = 22L, `11` = 12L, `12` = 21L, 
    `13` = 13L, `14` = 19L, `15` = 13L, `16` = 6L, `17` = 8L, 
    `18` = 6L, `19` = 4L, `20` = 6L, `21` = 6L, `22` = 5L, `23` = 3L, 
    `24` = 1L, `25` = 2L, `26` = 1L, `27` = 1L, `28` = 3L, `29` = 1L, 
    `30` = 1L, `32` = 1L, `34` = 1L), .Dim = 32L, .Dimnames = list(
        TagUsage = c("1", "2", "3", "4", "5", "6", "7", "8", 
        "9", "10", "11", "12", "13", "14", "15", "16", "17", 
        "18", "19", "20", "21", "22", "23", "24", "25", "26", 
        "27", "28", "29", "30", "32", "34")), class = "table"), 
    No.Tag = structure(c(0L, 0L, 0L, 0L, 0L, 0L, 0L, 3L, 0L, 
    0L, 0L, 0L, 2L, 0L, 0L), .Dim = c(5L, 3L), .Dimnames = structure(list(
        c("-2", "-1", "0", "1", NA), c("A", "C", NA)), .Names = c("", 
    "")), class = "table"), All.Tags = list(Concordant = list(
        Freqs = structure(c(0, 0, 1, 0, 0, 1, 460, 0), .Dim = c(4L, 
        2L), .Dimnames = list(c("-2", "-1", "0", "1"), c("A", 
        "C"))), N = 462), Majority = list(Freqs = structure(c(0, 
    0, 1, 0, 0, 1, 534, 0), .Dim = c(4L, 2L), .Dimnames = list(
        c("-2", "-1", "0", "1"), c("A", "C"))), N = 536)), `2` = structure(c(0, 
    0, 0, 0, 0, 0, 454, 0), .Dim = c(4L, 2L), .Dimnames = list(
        c("-2", "-1", "0", "1"), c("A", "C"))))))
