Results <-
list(`bwa.out//20220204//17D0944_S7.sam` = list(LR48_SNP1 = list(
    All = list(Freqs = structure(c(3L, 76L, 1576L, 22L, 3L, 9L, 
    4L, 33L, 1588L, 18L, 0L, 11L, 0L, 0L, 37L, 0L, 0L, 0L), .Dim = c(6L, 
    3L), .Dimnames = structure(list(c("-2", "-1", "0", "1", "2", 
    NA), c("C", "T", NA)), .Names = c("", "")), class = "table"), 
        N = 3380L), Tag.Distribution = structure(c(`1` = 60L, 
    `2` = 22L, `3` = 15L, `4` = 21L, `5` = 11L, `6` = 9L, `7` = 10L, 
    `8` = 9L, `9` = 9L, `10` = 12L, `11` = 7L, `12` = 11L, `13` = 4L, 
    `14` = 10L, `15` = 9L, `16` = 6L, `17` = 4L, `18` = 3L, `19` = 1L, 
    `21` = 3L, `22` = 2L, `23` = 5L, `24` = 1L, `25` = 2L, `26` = 2L, 
    `27` = 3L, `28` = 4L, `29` = 1L, `31` = 2L, `32` = 1L, `33` = 3L, 
    `34` = 1L, `35` = 1L, `37` = 4L, `38` = 3L, `39` = 1L, `40` = 2L, 
    `41` = 2L, `42` = 2L, `43` = 1L, `44` = 1L, `45` = 1L, `46` = 3L, 
    `49` = 1L, `57` = 1L, `64` = 1L), .Dim = 46L, .Dimnames = list(
        TagUsage = c("1", "2", "3", "4", "5", "6", "7", "8", 
        "9", "10", "11", "12", "13", "14", "15", "16", "17", 
        "18", "19", "21", "22", "23", "24", "25", "26", "27", 
        "28", "29", "31", "32", "33", "34", "35", "37", "38", 
        "39", "40", "41", "42", "43", "44", "45", "46", "49", 
        "57", "64")), class = "table"), No.Tag = structure(c(0L, 
    1L, 44L, 0L, 0L, 0L, 0L, 3L, 51L, 0L, 0L, 0L, 0L, 0L, 4L, 
    0L, 0L, 0L), .Dim = c(6L, 3L), .Dimnames = structure(list(
        c("-2", "-1", "0", "1", "2", NA), c("C", "T", NA)), .Names = c("", 
    "")), class = "table"), All.Tags = list(Concordant = list(
        Freqs = structure(c(0, 1, 93, 0, 0, 0, 1, 104, 0, 0), .Dim = c(5L, 
        2L), .Dimnames = list(c("-2", "-1", "0", "1", "2"), c("C", 
        "T"))), N = 199), Majority = list(Freqs = structure(c(0, 
    1, 134, 0, 0, 0, 1, 148, 0, 0), .Dim = c(5L, 2L), .Dimnames = list(
        c("-2", "-1", "0", "1", "2"), c("C", "T"))), N = 284)), 
    `2` = structure(c(0, 1, 109, 0, 0, 0, 0, 116, 0, 0), .Dim = c(5L, 
    2L), .Dimnames = list(c("-2", "-1", "0", "1", "2"), c("C", 
    "T"))))))
