Results <-
list(`bwa.out//20220204//BlindCMMRD132_S58.sam` = list(GM17_SNP1 = list(
    All = list(Freqs = structure(c(0L, 39L, 1930L, 6L, 8L, 1L, 
    39L, 2148L, 7L, 5L, 0L, 1L, 12L, 0L, 0L), .Dim = c(5L, 3L
    ), .Dimnames = structure(list(c("-2", "-1", "0", "1", NA), 
        c("C", "T", NA)), .Names = c("", "")), class = "table"), 
        N = 4196L), Tag.Distribution = structure(c(`1` = 254L, 
    `2` = 216L, `3` = 157L, `4` = 117L, `5` = 109L, `6` = 73L, 
    `7` = 49L, `8` = 31L, `9` = 30L, `10` = 16L, `11` = 14L, 
    `12` = 5L, `13` = 7L, `14` = 1L, `15` = 4L, `17` = 1L, `19` = 1L, 
    `20` = 1L, `22` = 2L), .Dim = 19L, .Dimnames = list(TagUsage = c("1", 
    "2", "3", "4", "5", "6", "7", "8", "9", "10", "11", "12", 
    "13", "14", "15", "17", "19", "20", "22")), class = "table"), 
    No.Tag = structure(c(0L, 0L, 45L, 1L, 1L, 0L, 0L, 40L, 0L, 
    0L, 0L, 0L, 1L, 0L, 0L), .Dim = c(5L, 3L), .Dimnames = structure(list(
        c("-2", "-1", "0", "1", NA), c("C", "T", NA)), .Names = c("", 
    "")), class = "table"), All.Tags = list(Concordant = list(
        Freqs = structure(c(0, 10, 443, 0, 0, 2, 475, 1), .Dim = c(4L, 
        2L), .Dimnames = list(c("-2", "-1", "0", "1"), c("C", 
        "T"))), N = 931), Majority = list(Freqs = structure(c(0, 
    11, 504, 0, 0, 4, 537, 1), .Dim = c(4L, 2L), .Dimnames = list(
        c("-2", "-1", "0", "1"), c("C", "T"))), N = 1057)), `2` = structure(c(0, 
    2, 378, 0, 0, 2, 423, 1), .Dim = c(4L, 2L), .Dimnames = list(
        c("-2", "-1", "0", "1"), c("C", "T"))))))
