Results <-
list(`bwa.out//20220204//BlindCMMRD111_S37.sam` = list(GM11_SNP1 = list(
    All = list(Freqs = structure(c(12L, 2131L, 3L, 2L, 21L, 2494L, 
    13L, 7L, 0L, 14L, 1L, 0L), .Dim = 4:3, .Dimnames = structure(list(
        c("-1", "0", "1", NA), c("A", "G", NA)), .Names = c("", 
    "")), class = "table"), N = 4698L), Tag.Distribution = structure(c(`1` = 268L, 
    `2` = 168L, `3` = 138L, `4` = 138L, `5` = 91L, `6` = 59L, 
    `7` = 46L, `8` = 50L, `9` = 36L, `10` = 32L, `11` = 19L, 
    `12` = 13L, `13` = 7L, `14` = 8L, `15` = 6L, `16` = 5L, `17` = 1L, 
    `19` = 1L, `20` = 2L, `21` = 1L, `22` = 2L, `27` = 1L), .Dim = 22L, .Dimnames = list(
        TagUsage = c("1", "2", "3", "4", "5", "6", "7", "8", 
        "9", "10", "11", "12", "13", "14", "15", "16", "17", 
        "19", "20", "21", "22", "27")), class = "table"), No.Tag = structure(c(0L, 
    33L, 0L, 0L, 0L, 11L, 0L, 1L, 0L, 2L, 0L, 0L), .Dim = 4:3, .Dimnames = structure(list(
        c("-1", "0", "1", NA), c("A", "G", NA)), .Names = c("", 
    "")), class = "table"), All.Tags = list(Concordant = list(
        Freqs = structure(c(0, 441, 0, 1, 471, 1), .Dim = 3:2, .Dimnames = list(
            c("-1", "0", "1"), c("A", "G"))), N = 914), Majority = list(
        Freqs = structure(c(0, 516, 0, 1, 558, 1), .Dim = 3:2, .Dimnames = list(
            c("-1", "0", "1"), c("A", "G"))), N = 1076)), `2` = structure(c(0, 
    376, 0, 0, 433, 1), .Dim = 3:2, .Dimnames = list(c("-1", 
    "0", "1"), c("A", "G"))))))
