Results <-
list(`bwa.out//20220204//BlindCMMRD81_S40.sam` = list(LR11_SNP1 = list(
    All = list(Freqs = structure(c(2L, 47L, 2500L, 15L, 0L, 6L, 
    2L, 42L, 2179L, 12L, 1L, 6L, 0L, 1L, 87L, 2L, 0L, 0L), .Dim = c(6L, 
    3L), .Dimnames = structure(list(c("-2", "-1", "0", "1", "2", 
    NA), c("A", "C", NA)), .Names = c("", "")), class = "table"), 
        N = 4902L), Tag.Distribution = structure(c(`1` = 114L, 
    `2` = 55L, `3` = 51L, `4` = 48L, `5` = 35L, `6` = 32L, `7` = 36L, 
    `8` = 41L, `9` = 29L, `10` = 24L, `11` = 17L, `12` = 17L, 
    `13` = 23L, `14` = 18L, `15` = 16L, `16` = 11L, `17` = 9L, 
    `18` = 9L, `19` = 10L, `20` = 4L, `21` = 3L, `22` = 6L, `23` = 9L, 
    `24` = 3L, `25` = 1L, `27` = 3L, `28` = 1L, `29` = 3L, `30` = 2L, 
    `31` = 2L, `32` = 1L, `33` = 1L), .Dim = 32L, .Dimnames = list(
        TagUsage = c("1", "2", "3", "4", "5", "6", "7", "8", 
        "9", "10", "11", "12", "13", "14", "15", "16", "17", 
        "18", "19", "20", "21", "22", "23", "24", "25", "27", 
        "28", "29", "30", "31", "32", "33")), class = "table"), 
    No.Tag = structure(c(0L, 0L, 21L, 0L, 0L, 1L, 0L, 1L, 34L, 
    1L, 0L, 0L, 0L, 0L, 2L, 0L, 0L, 0L), .Dim = c(6L, 3L), .Dimnames = structure(list(
        c("-2", "-1", "0", "1", "2", NA), c("A", "C", NA)), .Names = c("", 
    "")), class = "table"), All.Tags = list(Concordant = list(
        Freqs = structure(c(0, 1, 260, 0, 0, 0, 1, 241, 0, 0), .Dim = c(5L, 
        2L), .Dimnames = list(c("-2", "-1", "0", "1", "2"), c("A", 
        "C"))), N = 503), Majority = list(Freqs = structure(c(0, 
    1, 324, 0, 0, 0, 1, 292, 0, 0), .Dim = c(5L, 2L), .Dimnames = list(
        c("-2", "-1", "0", "1", "2"), c("A", "C"))), N = 618)), 
    `2` = structure(c(0, 0, 275, 0, 0, 0, 0, 235, 0, 0), .Dim = c(5L, 
    2L), .Dimnames = list(c("-2", "-1", "0", "1", "2"), c("A", 
    "C"))))))
