Results <-
list(`bwa.out//20220204//Control11_S4.sam` = list(LR49_SNP1 = list(
    All = list(Freqs = structure(c(0L, 2L, 0L, 0L, 11L, 3047L, 
    1L, 3L, 0L, 1L, 0L, 0L, 0L, 9L, 0L, 0L), .Dim = c(4L, 4L), .Dimnames = structure(list(
        c("-1", "0", "1", NA), c("A", "G", "T", NA)), .Names = c("", 
    "")), class = "table"), N = 3074L), Tag.Distribution = structure(c(`1` = 113L, 
    `2` = 62L, `3` = 62L, `4` = 61L, `5` = 40L, `6` = 36L, `7` = 28L, 
    `8` = 25L, `9` = 24L, `10` = 8L, `11` = 17L, `12` = 14L, 
    `13` = 8L, `14` = 9L, `15` = 4L, `16` = 3L, `17` = 2L, `18` = 4L, 
    `19` = 4L, `20` = 3L, `21` = 2L, `23` = 2L, `24` = 1L, `26` = 1L, 
    `29` = 1L, `43` = 1L), .Dim = 26L, .Dimnames = list(TagUsage = c("1", 
    "2", "3", "4", "5", "6", "7", "8", "9", "10", "11", "12", 
    "13", "14", "15", "16", "17", "18", "19", "20", "21", "23", 
    "24", "26", "29", "43")), class = "table"), No.Tag = structure(c(0L, 
    1L, 0L, 0L, 1L, 149L, 0L, 1L, 0L, 0L, 0L, 0L, 0L, 2L, 0L, 
    0L), .Dim = c(4L, 4L), .Dimnames = structure(list(c("-1", 
    "0", "1", NA), c("A", "G", "T", NA)), .Names = c("", "")), class = "table"), 
    All.Tags = list(Concordant = list(Freqs = structure(c(0, 
    0, 0, 0, 525, 0, 0, 0, 0), .Dim = c(3L, 3L), .Dimnames = list(
        c("-1", "0", "1"), c("A", "G", "T"))), N = 525), Majority = list(
        Freqs = structure(c(0, 0, 0, 1, 531, 0, 0, 0, 0), .Dim = c(3L, 
        3L), .Dimnames = list(c("-1", "0", "1"), c("A", "G", 
        "T"))), N = 532)), `2` = structure(c(0, 0, 0, 1, 421, 
    0, 0, 0, 0), .Dim = c(3L, 3L), .Dimnames = list(c("-1", "0", 
    "1"), c("A", "G", "T"))))))
