Results <-
list(`bwa.out//20220204//BlindCMMRD55_S14.sam` = list(LR46_SNP1 = list(
    All = list(Freqs = structure(c(0L, 2L, 0L, 0L, 0L, 6L, 0L, 
    0L, 29L, 3310L, 8L, 6L, 0L, 9L, 0L, 0L), .Dim = c(4L, 4L), .Dimnames = structure(list(
        c("-1", "0", "1", NA), c("C", "G", "T", NA)), .Names = c("", 
    "")), class = "table"), N = 3370L), Tag.Distribution = structure(c(`1` = 104L, 
    `2` = 33L, `3` = 31L, `4` = 27L, `5` = 23L, `6` = 19L, `7` = 33L, 
    `8` = 20L, `9` = 16L, `10` = 15L, `11` = 15L, `12` = 13L, 
    `13` = 12L, `14` = 9L, `15` = 6L, `16` = 8L, `17` = 4L, `18` = 4L, 
    `19` = 6L, `20` = 6L, `21` = 3L, `22` = 2L, `23` = 1L, `24` = 3L, 
    `25` = 1L, `26` = 3L, `27` = 4L, `28` = 2L, `29` = 2L, `30` = 3L, 
    `31` = 2L, `32` = 1L, `33` = 1L, `34` = 1L, `35` = 1L), .Dim = 35L, .Dimnames = list(
        TagUsage = c("1", "2", "3", "4", "5", "6", "7", "8", 
        "9", "10", "11", "12", "13", "14", "15", "16", "17", 
        "18", "19", "20", "21", "22", "23", "24", "25", "26", 
        "27", "28", "29", "30", "31", "32", "33", "34", "35")), class = "table"), 
    No.Tag = structure(c(0L, 0L, 0L, 0L, 0L, 2L, 0L, 0L, 0L, 
    72L, 0L, 1L, 0L, 2L, 0L, 0L), .Dim = c(4L, 4L), .Dimnames = structure(list(
        c("-1", "0", "1", NA), c("C", "G", "T", NA)), .Names = c("", 
    "")), class = "table"), All.Tags = list(Concordant = list(
        Freqs = structure(c(0, 0, 0, 0, 4, 0, 0, 406, 0), .Dim = c(3L, 
        3L), .Dimnames = list(c("-1", "0", "1"), c("C", "G", 
        "T"))), N = 410), Majority = list(Freqs = structure(c(0, 
    0, 0, 0, 4, 0, 0, 428, 0), .Dim = c(3L, 3L), .Dimnames = list(
        c("-1", "0", "1"), c("C", "G", "T"))), N = 432)), `2` = structure(c(0, 
    0, 0, 0, 0, 0, 0, 330, 0), .Dim = c(3L, 3L), .Dimnames = list(
        c("-1", "0", "1"), c("C", "G", "T"))))))
