Results <-
list(`bwa.out//20220204//BlindCMMRD96_S55.sam` = list(LR44_SNP1 = list(
    All = list(Freqs = structure(c(7L, 198L, 2061L, 26L, 1L, 
    10L, 7L, 129L, 1778L, 27L, 2L, 16L, 1L, 4L, 79L, 0L, 0L, 
    0L), .Dim = c(6L, 3L), .Dimnames = structure(list(c("-2", 
    "-1", "0", "1", "2", NA), c("C", "T", NA)), .Names = c("", 
    "")), class = "table"), N = 4346L), Tag.Distribution = structure(c(`1` = 184L, 
    `2` = 96L, `3` = 65L, `4` = 60L, `5` = 66L, `6` = 43L, `7` = 41L, 
    `8` = 30L, `9` = 28L, `10` = 18L, `11` = 18L, `12` = 13L, 
    `13` = 20L, `14` = 15L, `15` = 8L, `16` = 6L, `17` = 10L, 
    `18` = 10L, `19` = 3L, `20` = 2L, `21` = 5L, `22` = 1L, `23` = 2L, 
    `24` = 2L, `25` = 2L, `26` = 3L, `30` = 1L, `31` = 1L), .Dim = 28L, .Dimnames = list(
        TagUsage = c("1", "2", "3", "4", "5", "6", "7", "8", 
        "9", "10", "11", "12", "13", "14", "15", "16", "17", 
        "18", "19", "20", "21", "22", "23", "24", "25", "26", 
        "30", "31")), class = "table"), No.Tag = structure(c(0L, 
    2L, 26L, 0L, 0L, 1L, 0L, 3L, 52L, 1L, 0L, 2L, 0L, 0L, 4L, 
    0L, 0L, 0L), .Dim = c(6L, 3L), .Dimnames = structure(list(
        c("-2", "-1", "0", "1", "2", NA), c("C", "T", NA)), .Names = c("", 
    "")), class = "table"), All.Tags = list(Concordant = list(
        Freqs = structure(c(0, 13, 238, 1, 0, 1, 8, 232, 3, 1
        ), .Dim = c(5L, 2L), .Dimnames = list(c("-2", "-1", "0", 
        "1", "2"), c("C", "T"))), N = 497), Majority = list(Freqs = structure(c(0, 
    17, 355, 1, 0, 1, 10, 336, 4, 1), .Dim = c(5L, 2L), .Dimnames = list(
        c("-2", "-1", "0", "1", "2"), c("C", "T"))), N = 725)), 
    `2` = structure(c(0, 8, 283, 0, 0, 0, 2, 258, 1, 0), .Dim = c(5L, 
    2L), .Dimnames = list(c("-2", "-1", "0", "1", "2"), c("C", 
    "T"))))))
