Results <-
list(`bwa.out//20220204//BlindCMMRD92_S51.sam` = list(LR20_SNP1 = list(
    All = list(Freqs = structure(c(2L, 2347L, 3L, 1L, 7L, 2612L, 
    5L, 4L, 1L, 27L, 0L, 0L), .Dim = 4:3, .Dimnames = structure(list(
        c("-1", "0", "1", NA), c("A", "G", NA)), .Names = c("", 
    "")), class = "table"), N = 5009L), Tag.Distribution = structure(c(`1` = 141L, 
    `2` = 64L, `3` = 46L, `4` = 45L, `5` = 40L, `6` = 30L, `7` = 39L, 
    `8` = 36L, `9` = 24L, `10` = 22L, `11` = 14L, `12` = 26L, 
    `13` = 15L, `14` = 16L, `15` = 6L, `16` = 13L, `17` = 4L, 
    `18` = 15L, `19` = 7L, `20` = 10L, `21` = 7L, `22` = 6L, 
    `23` = 4L, `24` = 2L, `25` = 2L, `26` = 2L, `27` = 2L, `28` = 4L, 
    `29` = 2L, `30` = 1L, `31` = 2L, `32` = 2L, `33` = 1L, `34` = 1L, 
    `37` = 1L, `38` = 1L), .Dim = 36L, .Dimnames = list(TagUsage = c("1", 
    "2", "3", "4", "5", "6", "7", "8", "9", "10", "11", "12", 
    "13", "14", "15", "16", "17", "18", "19", "20", "21", "22", 
    "23", "24", "25", "26", "27", "28", "29", "30", "31", "32", 
    "33", "34", "37", "38")), class = "table"), No.Tag = structure(c(0L, 
    29L, 1L, 0L, 0L, 112L, 1L, 2L, 0L, 3L, 0L, 0L), .Dim = 4:3, .Dimnames = structure(list(
        c("-1", "0", "1", NA), c("A", "G", NA)), .Names = c("", 
    "")), class = "table"), All.Tags = list(Concordant = list(
        Freqs = structure(c(1, 309, 0, 0, 289, 0), .Dim = 3:2, .Dimnames = list(
            c("-1", "0", "1"), c("A", "G"))), N = 599), Majority = list(
        Freqs = structure(c(1, 326, 0, 0, 316, 0), .Dim = 3:2, .Dimnames = list(
            c("-1", "0", "1"), c("A", "G"))), N = 643)), `2` = structure(c(0, 
    252, 0, 0, 255, 0), .Dim = 3:2, .Dimnames = list(c("-1", 
    "0", "1"), c("A", "G"))))))
