Results <-
list(`bwa.out//20220204//BlindCMMRD119_S45.sam` = list(LR48_SNP1 = list(
    All = list(Freqs = structure(c(0L, 0L, 20L, 1L, 1L, 8L, 117L, 
    4278L, 60L, 19L, 0L, 1L, 41L, 1L, 0L), .Dim = c(5L, 3L), .Dimnames = structure(list(
        c("-2", "-1", "0", "1", NA), c("C", "T", NA)), .Names = c("", 
    "")), class = "table"), N = 4547L), Tag.Distribution = structure(c(`1` = 140L, 
    `2` = 91L, `3` = 80L, `4` = 79L, `5` = 69L, `6` = 40L, `7` = 45L, 
    `8` = 35L, `9` = 36L, `10` = 32L, `11` = 18L, `12` = 16L, 
    `13` = 10L, `14` = 14L, `15` = 13L, `16` = 8L, `17` = 5L, 
    `18` = 9L, `19` = 3L, `20` = 1L, `21` = 3L, `22` = 1L, `23` = 1L, 
    `25` = 2L, `26` = 3L, `27` = 1L, `29` = 1L, `30` = 1L, `33` = 1L
    ), .Dim = 29L, .Dimnames = list(TagUsage = c("1", "2", "3", 
    "4", "5", "6", "7", "8", "9", "10", "11", "12", "13", "14", 
    "15", "16", "17", "18", "19", "20", "21", "22", "23", "25", 
    "26", "27", "29", "30", "33")), class = "table"), No.Tag = structure(c(0L, 
    0L, 3L, 0L, 0L, 0L, 2L, 112L, 6L, 2L, 0L, 0L, 2L, 0L, 0L), .Dim = c(5L, 
    3L), .Dimnames = structure(list(c("-2", "-1", "0", "1", NA
    ), c("C", "T", NA)), .Names = c("", "")), class = "table"), 
    All.Tags = list(Concordant = list(Freqs = structure(c(0, 
    0, 14, 1, 0, 5, 592, 1), .Dim = c(4L, 2L), .Dimnames = list(
        c("-2", "-1", "0", "1"), c("C", "T"))), N = 613), Majority = list(
        Freqs = structure(c(0, 0, 14, 1, 1, 6, 720, 1), .Dim = c(4L, 
        2L), .Dimnames = list(c("-2", "-1", "0", "1"), c("C", 
        "T"))), N = 743)), `2` = structure(c(0, 0, 0, 0, 1, 1, 
    610, 0), .Dim = c(4L, 2L), .Dimnames = list(c("-2", "-1", 
    "0", "1"), c("C", "T"))))))
