Results <-
list(`bwa.out//20220204//Control26_S19.sam` = list(GM14_SNP1 = list(
    All = list(Freqs = structure(c(1L, 19L, 779L, 5L, 1L, 0L, 
    15L, 1001L, 15L, 2L, 0L, 0L, 33L, 0L, 0L), .Dim = c(5L, 3L
    ), .Dimnames = structure(list(c("-2", "-1", "0", "1", NA), 
        c("C", "T", NA)), .Names = c("", "")), class = "table"), 
        N = 1871L), Tag.Distribution = structure(c(`1` = 63L, 
    `2` = 38L, `3` = 23L, `4` = 26L, `5` = 28L, `6` = 12L, `7` = 10L, 
    `8` = 13L, `9` = 7L, `10` = 15L, `11` = 14L, `12` = 5L, `13` = 1L, 
    `14` = 8L, `15` = 3L, `16` = 5L, `17` = 3L, `18` = 4L, `19` = 2L, 
    `20` = 2L, `21` = 3L, `22` = 2L, `25` = 1L, `27` = 1L, `33` = 1L, 
    `36` = 1L), .Dim = 26L, .Dimnames = list(TagUsage = c("1", 
    "2", "3", "4", "5", "6", "7", "8", "9", "10", "11", "12", 
    "13", "14", "15", "16", "17", "18", "19", "20", "21", "22", 
    "25", "27", "33", "36")), class = "table"), No.Tag = structure(c(0L, 
    0L, 36L, 0L, 0L, 0L, 0L, 27L, 0L, 0L, 0L, 0L, 4L, 0L, 0L), .Dim = c(5L, 
    3L), .Dimnames = structure(list(c("-2", "-1", "0", "1", NA
    ), c("C", "T", NA)), .Names = c("", "")), class = "table"), 
    All.Tags = list(Concordant = list(Freqs = structure(c(0, 
    1, 107, 1, 0, 0, 139, 1), .Dim = c(4L, 2L), .Dimnames = list(
        c("-2", "-1", "0", "1"), c("C", "T"))), N = 249), Majority = list(
        Freqs = structure(c(0, 1, 121, 1, 0, 0, 162, 1), .Dim = c(4L, 
        2L), .Dimnames = list(c("-2", "-1", "0", "1"), c("C", 
        "T"))), N = 286)), `2` = structure(c(0, 0, 98, 0, 0, 
    0, 125, 1), .Dim = c(4L, 2L), .Dimnames = list(c("-2", "-1", 
    "0", "1"), c("C", "T"))))))
