Results <-
list(`bwa.out//20220204//Control12_S5.sam` = list(LR52_SNP1 = list(
    All = list(Freqs = structure(c(19L, 252L, 1819L, 40L, 6L, 
    0L, 0L, 2L, 0L, 0L, 0L, 2L, 95L, 3L, 0L), .Dim = c(5L, 3L
    ), .Dimnames = structure(list(c("-2", "-1", "0", "1", NA), 
        c("C", "T", NA)), .Names = c("", "")), class = "table"), 
        N = 2238L), Tag.Distribution = structure(c(`1` = 70L, 
    `2` = 48L, `3` = 41L, `4` = 30L, `5` = 28L, `6` = 25L, `7` = 21L, 
    `8` = 13L, `9` = 11L, `10` = 12L, `11` = 10L, `12` = 8L, 
    `13` = 7L, `14` = 4L, `15` = 3L, `16` = 4L, `17` = 5L, `18` = 3L, 
    `19` = 4L, `21` = 2L, `22` = 3L, `24` = 2L, `25` = 1L, `27` = 2L, 
    `32` = 1L, `33` = 1L, `34` = 1L), .Dim = 27L, .Dimnames = list(
        TagUsage = c("1", "2", "3", "4", "5", "6", "7", "8", 
        "9", "10", "11", "12", "13", "14", "15", "16", "17", 
        "18", "19", "21", "22", "24", "25", "27", "32", "33", 
        "34")), class = "table"), No.Tag = structure(c(2L, 8L, 
    45L, 0L, 0L, 0L, 0L, 0L, 0L, 0L, 0L, 0L, 3L, 0L, 0L), .Dim = c(5L, 
    3L), .Dimnames = structure(list(c("-2", "-1", "0", "1", NA
    ), c("C", "T", NA)), .Names = c("", "")), class = "table"), 
    All.Tags = list(Concordant = list(Freqs = structure(c(2, 
    8, 189, 4, 0, 0, 1, 0), .Dim = c(4L, 2L), .Dimnames = list(
        c("-2", "-1", "0", "1"), c("C", "T"))), N = 204), Majority = list(
        Freqs = structure(c(2, 16, 312, 5, 0, 0, 1, 0), .Dim = c(4L, 
        2L), .Dimnames = list(c("-2", "-1", "0", "1"), c("C", 
        "T"))), N = 336)), `2` = structure(c(0, 9, 264, 1, 0, 
    0, 1, 0), .Dim = c(4L, 2L), .Dimnames = list(c("-2", "-1", 
    "0", "1"), c("C", "T"))))))
