Results <-
list(`bwa.out//20220204//BlindCMMRD94_S53.sam` = list(GM17_SNP1 = list(
    All = list(Freqs = structure(c(0L, 1L, 0L, 0L, 56L, 4327L, 
    21L, 5L, 0L, 5L, 0L, 0L, 0L, 36L, 0L, 0L), .Dim = c(4L, 4L
    ), .Dimnames = structure(list(c("-1", "0", "1", NA), c("-", 
    "C", "T", NA)), .Names = c("", "")), class = "table"), N = 4451L), 
    Tag.Distribution = structure(c(`1` = 105L, `2` = 46L, `3` = 39L, 
    `4` = 40L, `5` = 34L, `6` = 39L, `7` = 29L, `8` = 24L, `9` = 24L, 
    `10` = 15L, `11` = 11L, `12` = 6L, `13` = 12L, `14` = 13L, 
    `15` = 16L, `16` = 10L, `17` = 12L, `18` = 10L, `19` = 6L, 
    `20` = 11L, `21` = 8L, `22` = 6L, `23` = 5L, `24` = 6L, `25` = 2L, 
    `26` = 1L, `27` = 4L, `28` = 3L, `30` = 1L, `31` = 1L, `32` = 1L, 
    `33` = 2L, `35` = 1L, `41` = 1L), .Dim = 34L, .Dimnames = list(
        TagUsage = c("1", "2", "3", "4", "5", "6", "7", "8", 
        "9", "10", "11", "12", "13", "14", "15", "16", "17", 
        "18", "19", "20", "21", "22", "23", "24", "25", "26", 
        "27", "28", "30", "31", "32", "33", "35", "41")), class = "table"), 
    No.Tag = structure(c(0L, 0L, 0L, 0L, 2L, 95L, 1L, 0L, 0L, 
    1L, 0L, 0L, 0L, 2L, 0L, 0L), .Dim = c(4L, 4L), .Dimnames = structure(list(
        c("-1", "0", "1", NA), c("-", "C", "T", NA)), .Names = c("", 
    "")), class = "table"), All.Tags = list(Concordant = list(
        Freqs = structure(c(0, 0, 0, 2, 467, 1, 0, 4, 0), .Dim = c(3L, 
        3L), .Dimnames = list(c("-1", "0", "1"), c("-", "C", 
        "T"))), N = 474), Majority = list(Freqs = structure(c(0, 
    0, 0, 2, 527, 1, 0, 4, 0), .Dim = c(3L, 3L), .Dimnames = list(
        c("-1", "0", "1"), c("-", "C", "T"))), N = 534)), `2` = structure(c(0, 
    0, 0, 0, 435, 0, 0, 0, 0), .Dim = c(3L, 3L), .Dimnames = list(
        c("-1", "0", "1"), c("-", "C", "T"))))))
