Results <-
list(`bwa.out//20220204//13D0575_S2.sam` = list(LR46_SNP1 = list(
    All = list(Freqs = structure(c(1L, 25L, 1395L, 8L, 1L, 5L, 
    0L, 3L, 1176L, 7L, 0L, 2L, 0L, 0L, 10L, 0L, 0L, 0L), .Dim = c(6L, 
    3L), .Dimnames = structure(list(c("-2", "-1", "0", "1", "2", 
    NA), c("G", "T", NA)), .Names = c("", "")), class = "table"), 
        N = 2633L), Tag.Distribution = structure(c(`1` = 105L, 
    `2` = 54L, `3` = 51L, `4` = 40L, `5` = 34L, `6` = 19L, `7` = 23L, 
    `8` = 17L, `9` = 18L, `10` = 19L, `11` = 11L, `12` = 8L, 
    `13` = 11L, `14` = 8L, `15` = 5L, `16` = 6L, `17` = 4L, `18` = 2L, 
    `19` = 4L, `20` = 2L, `21` = 2L, `22` = 1L, `23` = 1L, `25` = 1L, 
    `26` = 1L, `30` = 1L, `32` = 1L, `34` = 1L), .Dim = 28L, .Dimnames = list(
        TagUsage = c("1", "2", "3", "4", "5", "6", "7", "8", 
        "9", "10", "11", "12", "13", "14", "15", "16", "17", 
        "18", "19", "20", "21", "22", "23", "25", "26", "30", 
        "32", "34")), class = "table"), No.Tag = structure(c(0L, 
    0L, 52L, 0L, 0L, 1L, 0L, 0L, 24L, 0L, 0L, 0L, 0L, 0L, 0L, 
    0L, 0L, 0L), .Dim = c(6L, 3L), .Dimnames = structure(list(
        c("-2", "-1", "0", "1", "2", NA), c("G", "T", NA)), .Names = c("", 
    "")), class = "table"), All.Tags = list(Concordant = list(
        Freqs = structure(c(0, 3, 213, 0, 0, 0, 0, 199, 0, 0), .Dim = c(5L, 
        2L), .Dimnames = list(c("-2", "-1", "0", "1", "2"), c("G", 
        "T"))), N = 415), Majority = list(Freqs = structure(c(0, 
    4, 234, 0, 0, 0, 0, 209, 0, 0), .Dim = c(5L, 2L), .Dimnames = list(
        c("-2", "-1", "0", "1", "2"), c("G", "T"))), N = 447)), 
    `2` = structure(c(0, 3, 185, 0, 0, 0, 0, 156, 0, 0), .Dim = c(5L, 
    2L), .Dimnames = list(c("-2", "-1", "0", "1", "2"), c("G", 
    "T"))))))
