Results <-
list(`bwa.out//20220204//BlindCMMRD93_S52.sam` = list(LR48_SNP1 = list(
    All = list(Freqs = structure(c(0L, 0L, 1L, 0L, 0L, 0L, 0L, 
    0L, 1L, 0L, 0L, 0L, 4L, 369L, 3257L, 38L, 1L, 27L, 0L, 0L, 
    1L, 0L, 0L, 0L, 0L, 4L, 58L, 0L, 0L, 0L), .Dim = 6:5, .Dimnames = structure(list(
        c("-2", "-1", "0", "1", "2", NA), c("-", "A", "C", "T", 
        NA)), .Names = c("", "")), class = "table"), N = 3761L), 
    Tag.Distribution = structure(c(`1` = 94L, `2` = 42L, `3` = 29L, 
    `4` = 26L, `5` = 25L, `6` = 19L, `7` = 21L, `8` = 12L, `9` = 22L, 
    `10` = 14L, `11` = 13L, `12` = 10L, `13` = 7L, `14` = 14L, 
    `15` = 8L, `16` = 5L, `17` = 12L, `18` = 9L, `19` = 11L, 
    `20` = 13L, `21` = 5L, `22` = 6L, `23` = 3L, `24` = 3L, `25` = 3L, 
    `26` = 2L, `27` = 5L, `28` = 1L, `30` = 1L, `31` = 4L, `32` = 2L, 
    `34` = 1L), .Dim = 32L, .Dimnames = list(TagUsage = c("1", 
    "2", "3", "4", "5", "6", "7", "8", "9", "10", "11", "12", 
    "13", "14", "15", "16", "17", "18", "19", "20", "21", "22", 
    "23", "24", "25", "26", "27", "28", "30", "31", "32", "34"
    )), class = "table"), No.Tag = structure(c(0L, 0L, 0L, 0L, 
    0L, 0L, 0L, 0L, 0L, 0L, 0L, 0L, 0L, 9L, 43L, 1L, 0L, 2L, 
    0L, 0L, 0L, 0L, 0L, 0L, 0L, 1L, 11L, 0L, 0L, 0L), .Dim = 6:5, .Dimnames = structure(list(
        c("-2", "-1", "0", "1", "2", NA), c("-", "A", "C", "T", 
        NA)), .Names = c("", "")), class = "table"), All.Tags = list(
        Concordant = list(Freqs = structure(c(0, 0, 0, 0, 0, 
        0, 0, 0, 0, 0, 0, 32, 292, 0, 0, 0, 0, 0, 0, 0), .Dim = 5:4, .Dimnames = list(
            c("-2", "-1", "0", "1", "2"), c("-", "A", "C", "T"
            ))), N = 324), Majority = list(Freqs = structure(c(0, 
        0, 0, 0, 0, 0, 0, 0, 0, 0, 0, 37, 397, 0, 0, 0, 0, 0, 
        0, 0), .Dim = 5:4, .Dimnames = list(c("-2", "-1", "0", 
        "1", "2"), c("-", "A", "C", "T"))), N = 434)), `2` = structure(c(0, 
    0, 0, 0, 0, 0, 0, 0, 0, 0, 0, 26, 318, 0, 0, 0, 0, 0, 0, 
    0), .Dim = 5:4, .Dimnames = list(c("-2", "-1", "0", "1", 
    "2"), c("-", "A", "C", "T"))))))
