Results <-
list(`bwa.out//20220204//BlindCMMRD120_S46.sam` = list(GM17_SNP1 = list(
    All = list(Freqs = structure(c(1L, 79L, 4529L, 30L, 1L, 16L, 
    0L, 0L, 3L, 0L, 0L, 0L, 0L, 1L, 20L, 1L, 0L, 0L), .Dim = c(6L, 
    3L), .Dimnames = structure(list(c("-2", "-1", "0", "1", "2", 
    NA), c("C", "T", NA)), .Names = c("", "")), class = "table"), 
        N = 4681L), Tag.Distribution = structure(c(`1` = 184L, 
    `2` = 161L, `3` = 141L, `4` = 115L, `5` = 96L, `6` = 63L, 
    `7` = 57L, `8` = 40L, `9` = 28L, `10` = 27L, `11` = 23L, 
    `12` = 13L, `13` = 12L, `14` = 9L, `15` = 7L, `16` = 4L, 
    `17` = 6L, `18` = 2L, `20` = 1L, `21` = 1L, `23` = 1L, `26` = 2L
    ), .Dim = 22L, .Dimnames = list(TagUsage = c("1", "2", "3", 
    "4", "5", "6", "7", "8", "9", "10", "11", "12", "13", "14", 
    "15", "16", "17", "18", "20", "21", "23", "26")), class = "table"), 
    No.Tag = structure(c(0L, 0L, 71L, 0L, 0L, 3L, 0L, 0L, 1L, 
    0L, 0L, 0L, 0L, 0L, 4L, 0L, 0L, 0L), .Dim = c(6L, 3L), .Dimnames = structure(list(
        c("-2", "-1", "0", "1", "2", NA), c("C", "T", NA)), .Names = c("", 
    "")), class = "table"), All.Tags = list(Concordant = list(
        Freqs = structure(c(0, 6, 913, 4, 0, 0, 0, 2, 0, 0), .Dim = c(5L, 
        2L), .Dimnames = list(c("-2", "-1", "0", "1", "2"), c("C", 
        "T"))), N = 925), Majority = list(Freqs = structure(c(0, 
    6, 974, 4, 0, 0, 0, 2, 0, 0), .Dim = c(5L, 2L), .Dimnames = list(
        c("-2", "-1", "0", "1", "2"), c("C", "T"))), N = 986)), 
    `2` = structure(c(0, 2, 799, 4, 0, 0, 0, 0, 0, 0), .Dim = c(5L, 
    2L), .Dimnames = list(c("-2", "-1", "0", "1", "2"), c("C", 
    "T"))))))
