Results <-
list(`bwa.out//20220204//13D0575_S2.sam` = list(IM49_SNP1 = list(
    All = list(Freqs = structure(c(1L, 87L, 1373L, 25L, 8L, 0L, 
    42L, 911L, 35L, 2L, 0L, 5L, 102L, 1L, 0L), .Dim = c(5L, 3L
    ), .Dimnames = structure(list(c("-2", "-1", "0", "1", NA), 
        c("C", "G", NA)), .Names = c("", "")), class = "table"), 
        N = 2592L), Tag.Distribution = structure(c(`1` = 251L, 
    `2` = 101L, `3` = 86L, `4` = 73L, `5` = 38L, `6` = 25L, `7` = 26L, 
    `8` = 11L, `9` = 13L, `10` = 11L, `11` = 6L, `12` = 6L, `13` = 5L, 
    `14` = 5L, `15` = 8L, `16` = 2L, `17` = 4L, `18` = 2L, `21` = 3L, 
    `22` = 1L, `28` = 1L, `31` = 1L), .Dim = 22L, .Dimnames = list(
        TagUsage = c("1", "2", "3", "4", "5", "6", "7", "8", 
        "9", "10", "11", "12", "13", "14", "15", "16", "17", 
        "18", "21", "22", "28", "31")), class = "table"), No.Tag = structure(c(1L, 
    4L, 22L, 0L, 0L, 0L, 5L, 44L, 0L, 0L, 0L, 1L, 2L, 0L, 0L), .Dim = c(5L, 
    3L), .Dimnames = structure(list(c("-2", "-1", "0", "1", NA
    ), c("C", "G", NA)), .Names = c("", "")), class = "table"), 
    All.Tags = list(Concordant = list(Freqs = structure(c(0, 
    22, 284, 2, 0, 4, 214, 7), .Dim = c(4L, 2L), .Dimnames = list(
        c("-2", "-1", "0", "1"), c("C", "G"))), N = 533), Majority = list(
        Freqs = structure(c(0, 24, 338, 2, 0, 5, 259, 8), .Dim = c(4L, 
        2L), .Dimnames = list(c("-2", "-1", "0", "1"), c("C", 
        "G"))), N = 636)), `2` = structure(c(0, 11, 219, 0, 0, 
    2, 173, 2), .Dim = c(4L, 2L), .Dimnames = list(c("-2", "-1", 
    "0", "1"), c("C", "G"))))))
