Results <-
list(`bwa.out//20220204//BlindCMMRD96_S55.sam` = list(LR46_SNP1 = list(
    All = list(Freqs = structure(c(0L, 0L, 13L, 0L, 0L, 1L, 12L, 
    2959L, 16L, 4L, 0L, 0L, 17L, 0L, 0L), .Dim = c(5L, 3L), .Dimnames = structure(list(
        c("-2", "-1", "0", "1", NA), c("G", "T", NA)), .Names = c("", 
    "")), class = "table"), N = 3022L), Tag.Distribution = structure(c(`1` = 137L, 
    `2` = 54L, `3` = 47L, `4` = 33L, `5` = 39L, `6` = 31L, `7` = 31L, 
    `8` = 20L, `9` = 18L, `10` = 12L, `11` = 17L, `12` = 9L, 
    `13` = 6L, `14` = 9L, `15` = 5L, `16` = 5L, `17` = 9L, `18` = 4L, 
    `19` = 6L, `20` = 3L, `21` = 4L, `22` = 2L, `25` = 1L, `26` = 3L, 
    `27` = 2L, `29` = 1L), .Dim = 26L, .Dimnames = list(TagUsage = c("1", 
    "2", "3", "4", "5", "6", "7", "8", "9", "10", "11", "12", 
    "13", "14", "15", "16", "17", "18", "19", "20", "21", "22", 
    "25", "26", "27", "29")), class = "table"), No.Tag = structure(c(0L, 
    0L, 0L, 0L, 0L, 0L, 1L, 94L, 0L, 0L, 0L, 0L, 2L, 0L, 0L), .Dim = c(5L, 
    3L), .Dimnames = structure(list(c("-2", "-1", "0", "1", NA
    ), c("G", "T", NA)), .Names = c("", "")), class = "table"), 
    All.Tags = list(Concordant = list(Freqs = structure(c(0, 
    0, 9, 0, 0, 0, 470, 1), .Dim = c(4L, 2L), .Dimnames = list(
        c("-2", "-1", "0", "1"), c("G", "T"))), N = 480), Majority = list(
        Freqs = structure(c(0, 0, 9, 0, 0, 0, 490, 1), .Dim = c(4L, 
        2L), .Dimnames = list(c("-2", "-1", "0", "1"), c("G", 
        "T"))), N = 500)), `2` = structure(c(0, 0, 0, 0, 0, 0, 
    370, 1), .Dim = c(4L, 2L), .Dimnames = list(c("-2", "-1", 
    "0", "1"), c("G", "T"))))))
