Results <-
list(`bwa.out//20220204//Control26_S19.sam` = list(IM16_SNP1 = list(
    All = list(Freqs = structure(c(0L, 19L, 1966L, 24L, 0L, 2L, 
    0L, 0L, 1L, 0L, 0L, 0L, 1L, 13L, 1763L, 38L, 4L, 1L, 0L, 
    1L, 49L, 1L, 0L, 0L), .Dim = c(6L, 4L), .Dimnames = structure(list(
        c("-2", "-1", "0", "1", "2", NA), c("A", "C", "G", NA
        )), .Names = c("", "")), class = "table"), N = 3883L), 
    Tag.Distribution = structure(c(`1` = 108L, `2` = 44L, `3` = 55L, 
    `4` = 44L, `5` = 36L, `6` = 27L, `7` = 27L, `8` = 24L, `9` = 21L, 
    `10` = 23L, `11` = 17L, `12` = 7L, `13` = 15L, `14` = 13L, 
    `15` = 10L, `16` = 13L, `17` = 4L, `18` = 9L, `19` = 3L, 
    `20` = 5L, `21` = 3L, `22` = 2L, `23` = 2L, `24` = 3L, `25` = 4L, 
    `26` = 1L, `27` = 3L, `29` = 2L, `30` = 2L, `33` = 2L, `34` = 1L, 
    `71` = 1L), .Dim = 32L, .Dimnames = list(TagUsage = c("1", 
    "2", "3", "4", "5", "6", "7", "8", "9", "10", "11", "12", 
    "13", "14", "15", "16", "17", "18", "19", "20", "21", "22", 
    "23", "24", "25", "26", "27", "29", "30", "33", "34", "71"
    )), class = "table"), No.Tag = structure(c(0L, 0L, 28L, 0L, 
    0L, 0L, 0L, 0L, 0L, 0L, 0L, 0L, 0L, 0L, 55L, 1L, 0L, 0L, 
    0L, 0L, 5L, 1L, 0L, 0L), .Dim = c(6L, 4L), .Dimnames = structure(list(
        c("-2", "-1", "0", "1", "2", NA), c("A", "C", "G", NA
        )), .Names = c("", "")), class = "table"), All.Tags = list(
        Concordant = list(Freqs = structure(c(0, 0, 225, 0, 0, 
        0, 0, 0, 0, 0, 0, 0, 214, 1, 0), .Dim = c(5L, 3L), .Dimnames = list(
            c("-2", "-1", "0", "1", "2"), c("A", "C", "G"))), 
            N = 440), Majority = list(Freqs = structure(c(0, 
        0, 267, 0, 0, 0, 0, 0, 0, 0, 0, 1, 252, 3, 0), .Dim = c(5L, 
        3L), .Dimnames = list(c("-2", "-1", "0", "1", "2"), c("A", 
        "C", "G"))), N = 523)), `2` = structure(c(0, 0, 212, 
    0, 0, 0, 0, 0, 0, 0, 0, 1, 205, 2, 0), .Dim = c(5L, 3L), .Dimnames = list(
        c("-2", "-1", "0", "1", "2"), c("A", "C", "G"))))))
