Results <-
list(`bwa.out//20220204//BlindCMMRD46_S6.sam` = list(LR52_SNP1 = list(
    All = list(Freqs = structure(c(1L, 10L, 126L, 1227L, 8L, 
    19L, 0L, 14L, 170L, 1608L, 13L, 17L, 0L, 0L, 12L, 480L, 3L, 
    0L), .Dim = c(6L, 3L), .Dimnames = structure(list(c("-3", 
    "-2", "-1", "0", "1", NA), c("C", "T", NA)), .Names = c("", 
    "")), class = "table"), N = 3708L), Tag.Distribution = structure(c(`1` = 60L, 
    `2` = 23L, `3` = 19L, `4` = 15L, `5` = 16L, `6` = 10L, `7` = 21L, 
    `8` = 11L, `9` = 11L, `10` = 7L, `11` = 6L, `12` = 11L, `13` = 17L, 
    `14` = 5L, `15` = 6L, `16` = 4L, `17` = 11L, `18` = 2L, `19` = 4L, 
    `20` = 5L, `21` = 4L, `22` = 8L, `23` = 3L, `24` = 3L, `25` = 1L, 
    `26` = 2L, `27` = 5L, `28` = 3L, `29` = 3L, `30` = 4L, `31` = 1L, 
    `32` = 2L, `33` = 5L, `34` = 2L, `35` = 4L, `37` = 2L, `38` = 1L, 
    `39` = 1L, `42` = 2L, `47` = 2L), .Dim = 40L, .Dimnames = list(
        TagUsage = c("1", "2", "3", "4", "5", "6", "7", "8", 
        "9", "10", "11", "12", "13", "14", "15", "16", "17", 
        "18", "19", "20", "21", "22", "23", "24", "25", "26", 
        "27", "28", "29", "30", "31", "32", "33", "34", "35", 
        "37", "38", "39", "42", "47")), class = "table"), No.Tag = structure(c(0L, 
    0L, 2L, 75L, 0L, 2L, 0L, 2L, 6L, 89L, 0L, 0L, 0L, 0L, 1L, 
    21L, 0L, 0L), .Dim = c(6L, 3L), .Dimnames = structure(list(
        c("-3", "-2", "-1", "0", "1", NA), c("C", "T", NA)), .Names = c("", 
    "")), class = "table"), All.Tags = list(Concordant = list(
        Freqs = structure(c(0, 1, 1, 66, 0, 0, 0, 7, 85, 1), .Dim = c(5L, 
        2L), .Dimnames = list(c("-3", "-2", "-1", "0", "1"), 
            c("C", "T"))), N = 161), Majority = list(Freqs = structure(c(0, 
    1, 1, 131, 0, 0, 0, 9, 154, 1), .Dim = c(5L, 2L), .Dimnames = list(
        c("-3", "-2", "-1", "0", "1"), c("C", "T"))), N = 297)), 
    `2` = structure(c(0, 0, 0, 114, 0, 0, 0, 8, 129, 0), .Dim = c(5L, 
    2L), .Dimnames = list(c("-3", "-2", "-1", "0", "1"), c("C", 
    "T"))))))
