Results <-
list(`bwa.out//20220204//Control16_S9.sam` = list(LR48_SNP1 = list(
    All = list(Freqs = structure(c(1L, 63L, 1615L, 29L, 9L, 0L, 
    0L, 1L, 0L, 0L, 0L, 0L, 24L, 0L, 0L), .Dim = c(5L, 3L), .Dimnames = structure(list(
        c("-2", "-1", "0", "1", NA), c("C", "T", NA)), .Names = c("", 
    "")), class = "table"), N = 1742L), Tag.Distribution = structure(c(`1` = 70L, 
    `2` = 29L, `3` = 11L, `4` = 13L, `5` = 22L, `6` = 16L, `7` = 14L, 
    `8` = 7L, `9` = 6L, `10` = 11L, `11` = 4L, `12` = 5L, `13` = 4L, 
    `14` = 6L, `15` = 5L, `16` = 5L, `17` = 7L, `18` = 1L, `19` = 2L, 
    `20` = 2L, `21` = 1L, `22` = 1L, `24` = 3L, `26` = 1L, `27` = 1L, 
    `28` = 2L, `29` = 1L, `31` = 2L), .Dim = 28L, .Dimnames = list(
        TagUsage = c("1", "2", "3", "4", "5", "6", "7", "8", 
        "9", "10", "11", "12", "13", "14", "15", "16", "17", 
        "18", "19", "20", "21", "22", "24", "26", "27", "28", 
        "29", "31")), class = "table"), No.Tag = structure(c(0L, 
    2L, 73L, 1L, 0L, 0L, 0L, 0L, 0L, 0L, 0L, 0L, 4L, 0L, 0L), .Dim = c(5L, 
    3L), .Dimnames = structure(list(c("-2", "-1", "0", "1", NA
    ), c("C", "T", NA)), .Names = c("", "")), class = "table"), 
    All.Tags = list(Concordant = list(Freqs = structure(c(0, 
    1, 189, 1, 0, 0, 1, 0), .Dim = c(4L, 2L), .Dimnames = list(
        c("-2", "-1", "0", "1"), c("C", "T"))), N = 192), Majority = list(
        Freqs = structure(c(0, 2, 245, 1, 0, 0, 1, 0), .Dim = c(4L, 
        2L), .Dimnames = list(c("-2", "-1", "0", "1"), c("C", 
        "T"))), N = 249)), `2` = structure(c(0, 1, 178, 1, 0, 
    0, 0, 0), .Dim = c(4L, 2L), .Dimnames = list(c("-2", "-1", 
    "0", "1"), c("C", "T"))))))
