Results <-
list(`bwa.out//20220204//BlindCMMRD132_S58.sam` = list(LR44_SNP1 = list(
    All = list(Freqs = structure(c(2L, 36L, 443L, 4436L, 77L, 
    1L, 36L, 3L, 9L, 4L, 32L, 0L, 0L, 0L, 0L, 1L, 1L, 53L, 1L, 
    0L, 0L), .Dim = c(7L, 3L), .Dimnames = structure(list(c("-3", 
    "-2", "-1", "0", "1", "2", NA), c("C", "T", NA)), .Names = c("", 
    "")), class = "table"), N = 5135L), Tag.Distribution = structure(c(`1` = 292L, 
    `2` = 217L, `3` = 193L, `4` = 143L, `5` = 120L, `6` = 90L, 
    `7` = 82L, `8` = 58L, `9` = 39L, `10` = 24L, `11` = 16L, 
    `12` = 3L, `13` = 8L, `14` = 2L, `15` = 1L, `16` = 1L, `17` = 1L
    ), .Dim = 17L, .Dimnames = list(TagUsage = c("1", "2", "3", 
    "4", "5", "6", "7", "8", "9", "10", "11", "12", "13", "14", 
    "15", "16", "17")), class = "table"), No.Tag = structure(c(0L, 
    0L, 18L, 69L, 0L, 0L, 1L, 0L, 0L, 1L, 0L, 0L, 0L, 0L, 0L, 
    0L, 0L, 8L, 0L, 0L, 0L), .Dim = c(7L, 3L), .Dimnames = structure(list(
        c("-3", "-2", "-1", "0", "1", "2", NA), c("C", "T", NA
        )), .Names = c("", "")), class = "table"), All.Tags = list(
        Concordant = list(Freqs = structure(c(1, 3, 52, 911, 
        8, 1, 3, 5, 2, 18, 0, 0), .Dim = c(6L, 2L), .Dimnames = list(
            c("-3", "-2", "-1", "0", "1", "2"), c("C", "T"))), 
            N = 1004), Majority = list(Freqs = structure(c(1, 
        3, 65, 1136, 9, 1, 3, 5, 2, 19, 0, 0), .Dim = c(6L, 2L
        ), .Dimnames = list(c("-3", "-2", "-1", "0", "1", "2"
        ), c("C", "T"))), N = 1244)), `2` = structure(c(0, 3, 
    39, 913, 3, 0, 0, 0, 0, 2, 0, 0), .Dim = c(6L, 2L), .Dimnames = list(
        c("-3", "-2", "-1", "0", "1", "2"), c("C", "T"))))))
