Results <-
list(`bwa.out//20220204//BlindCMMRD89_S48.sam` = list(IM16_SNP1 = list(
    All = list(Freqs = structure(c(0L, 5L, 0L, 0L, 0L, 60L, 5178L, 
    72L, 2L, 7L, 0L, 61L, 5L, 0L, 0L), .Dim = c(5L, 3L), .Dimnames = structure(list(
        c("-1", "0", "1", "2", NA), c("A", "G", NA)), .Names = c("", 
    "")), class = "table"), N = 5390L), Tag.Distribution = structure(c(`1` = 133L, 
    `2` = 61L, `3` = 57L, `4` = 45L, `5` = 56L, `6` = 42L, `7` = 39L, 
    `8` = 23L, `9` = 29L, `10` = 24L, `11` = 14L, `12` = 15L, 
    `13` = 21L, `14` = 19L, `15` = 6L, `16` = 9L, `17` = 8L, 
    `18` = 4L, `19` = 8L, `20` = 8L, `21` = 7L, `22` = 5L, `23` = 3L, 
    `24` = 3L, `25` = 4L, `26` = 4L, `27` = 5L, `28` = 3L, `29` = 3L, 
    `31` = 2L, `32` = 3L, `33` = 2L, `35` = 2L, `36` = 1L, `37` = 1L, 
    `39` = 1L, `40` = 2L, `42` = 3L, `51` = 1L), .Dim = 39L, .Dimnames = list(
        TagUsage = c("1", "2", "3", "4", "5", "6", "7", "8", 
        "9", "10", "11", "12", "13", "14", "15", "16", "17", 
        "18", "19", "20", "21", "22", "23", "24", "25", "26", 
        "27", "28", "29", "31", "32", "33", "35", "36", "37", 
        "39", "40", "42", "51")), class = "table"), No.Tag = structure(c(0L, 
    0L, 0L, 0L, 0L, 2L, 85L, 0L, 0L, 0L, 0L, 9L, 0L, 0L, 0L), .Dim = c(5L, 
    3L), .Dimnames = structure(list(c("-1", "0", "1", "2", NA
    ), c("A", "G", NA)), .Names = c("", "")), class = "table"), 
    All.Tags = list(Concordant = list(Freqs = structure(c(0, 
    5, 0, 0, 3, 569, 1, 0), .Dim = c(4L, 2L), .Dimnames = list(
        c("-1", "0", "1", "2"), c("A", "G"))), N = 578), Majority = list(
        Freqs = structure(c(0, 5, 0, 0, 3, 658, 1, 0), .Dim = c(4L, 
        2L), .Dimnames = list(c("-1", "0", "1", "2"), c("A", 
        "G"))), N = 667)), `2` = structure(c(0, 0, 0, 0, 0, 540, 
    1, 0), .Dim = c(4L, 2L), .Dimnames = list(c("-1", "0", "1", 
    "2"), c("A", "G"))))))
