Results <-
list(`bwa.out//20220204//BlindCMMRD66_S25.sam` = list(GM14_SNP1 = list(
    All = list(Freqs = structure(c(2L, 94L, 2718L, 21L, 6L, 0L, 
    0L, 3L, 0L, 0L, 0L, 0L, 22L, 1L, 0L), .Dim = c(5L, 3L), .Dimnames = structure(list(
        c("-2", "-1", "0", "1", NA), c("C", "T", NA)), .Names = c("", 
    "")), class = "table"), N = 2867L), Tag.Distribution = structure(c(`1` = 70L, 
    `2` = 31L, `3` = 34L, `4` = 33L, `5` = 16L, `6` = 24L, `7` = 16L, 
    `8` = 25L, `9` = 16L, `10` = 10L, `11` = 11L, `12` = 6L, 
    `13` = 7L, `14` = 8L, `15` = 7L, `16` = 10L, `17` = 10L, 
    `18` = 7L, `19` = 3L, `20` = 5L, `21` = 8L, `22` = 3L, `23` = 2L, 
    `24` = 3L, `25` = 2L, `27` = 2L, `28` = 1L, `30` = 1L, `31` = 1L
    ), .Dim = 29L, .Dimnames = list(TagUsage = c("1", "2", "3", 
    "4", "5", "6", "7", "8", "9", "10", "11", "12", "13", "14", 
    "15", "16", "17", "18", "19", "20", "21", "22", "23", "24", 
    "25", "27", "28", "30", "31")), class = "table"), No.Tag = structure(c(0L, 
    3L, 58L, 0L, 0L, 0L, 0L, 0L, 0L, 0L, 0L, 0L, 1L, 0L, 0L), .Dim = c(5L, 
    3L), .Dimnames = structure(list(c("-2", "-1", "0", "1", NA
    ), c("C", "T", NA)), .Names = c("", "")), class = "table"), 
    All.Tags = list(Concordant = list(Freqs = structure(c(0, 
    6, 276, 0, 0, 0, 3, 0), .Dim = c(4L, 2L), .Dimnames = list(
        c("-2", "-1", "0", "1"), c("C", "T"))), N = 285), Majority = list(
        Freqs = structure(c(0, 6, 358, 0, 0, 0, 3, 0), .Dim = c(4L, 
        2L), .Dimnames = list(c("-2", "-1", "0", "1"), c("C", 
        "T"))), N = 367)), `2` = structure(c(0, 1, 297, 0, 0, 
    0, 0, 0), .Dim = c(4L, 2L), .Dimnames = list(c("-2", "-1", 
    "0", "1"), c("C", "T"))))))
