Results <-
list(`bwa.out//20220204//BlindCMMRD88_S47.sam` = list(LR17_SNP1 = list(
    All = list(Freqs = structure(c(6L, 112L, 3128L, 31L, 23L, 
    0L, 0L, 4L, 0L, 0L, 0L, 2L, 132L, 0L, 0L), .Dim = c(5L, 3L
    ), .Dimnames = structure(list(c("-2", "-1", "0", "1", NA), 
        c("A", "G", NA)), .Names = c("", "")), class = "table"), 
        N = 3438L), Tag.Distribution = structure(c(`1` = 108L, 
    `2` = 29L, `3` = 26L, `4` = 27L, `5` = 19L, `6` = 20L, `7` = 20L, 
    `8` = 11L, `9` = 15L, `10` = 12L, `11` = 9L, `12` = 13L, 
    `13` = 7L, `14` = 8L, `15` = 3L, `16` = 2L, `17` = 5L, `18` = 4L, 
    `19` = 3L, `20` = 3L, `21` = 7L, `22` = 1L, `23` = 6L, `24` = 4L, 
    `25` = 1L, `26` = 3L, `27` = 5L, `28` = 1L, `29` = 5L, `31` = 2L, 
    `32` = 1L, `33` = 2L, `34` = 4L, `35` = 2L, `36` = 1L, `37` = 1L, 
    `38` = 1L, `39` = 2L, `42` = 1L, `53` = 1L), .Dim = 40L, .Dimnames = list(
        TagUsage = c("1", "2", "3", "4", "5", "6", "7", "8", 
        "9", "10", "11", "12", "13", "14", "15", "16", "17", 
        "18", "19", "20", "21", "22", "23", "24", "25", "26", 
        "27", "28", "29", "31", "32", "33", "34", "35", "36", 
        "37", "38", "39", "42", "53")), class = "table"), No.Tag = structure(c(0L, 
    2L, 103L, 1L, 2L, 0L, 0L, 0L, 0L, 0L, 0L, 0L, 7L, 0L, 0L), .Dim = c(5L, 
    3L), .Dimnames = structure(list(c("-2", "-1", "0", "1", NA
    ), c("A", "G", NA)), .Names = c("", "")), class = "table"), 
    All.Tags = list(Concordant = list(Freqs = structure(c(0, 
    6, 282, 0, 0, 0, 1, 0), .Dim = c(4L, 2L), .Dimnames = list(
        c("-2", "-1", "0", "1"), c("A", "G"))), N = 289), Majority = list(
        Freqs = structure(c(0, 7, 380, 0, 0, 0, 1, 0), .Dim = c(4L, 
        2L), .Dimnames = list(c("-2", "-1", "0", "1"), c("A", 
        "G"))), N = 388)), `2` = structure(c(0, 2, 283, 0, 0, 
    0, 1, 0), .Dim = c(4L, 2L), .Dimnames = list(c("-2", "-1", 
    "0", "1"), c("A", "G"))))))
