Results <-
list(`bwa.out//20220204//BlindCMMRD85_S44.sam` = list(LR44_SNP1 = list(
    All = list(Freqs = structure(c(11L, 316L, 4445L, 71L, 3L, 
    15L, 0L, 1L, 1L, 0L, 0L, 0L, 1L, 7L, 138L, 1L, 0L, 0L), .Dim = c(6L, 
    3L), .Dimnames = structure(list(c("-2", "-1", "0", "1", "2", 
    NA), c("C", "T", NA)), .Names = c("", "")), class = "table"), 
        N = 5010L), Tag.Distribution = structure(c(`1` = 145L, 
    `2` = 85L, `3` = 75L, `4` = 62L, `5` = 41L, `6` = 45L, `7` = 35L, 
    `8` = 26L, `9` = 42L, `10` = 27L, `11` = 25L, `12` = 23L, 
    `13` = 18L, `14` = 16L, `15` = 12L, `16` = 6L, `17` = 11L, 
    `18` = 8L, `19` = 4L, `20` = 7L, `21` = 6L, `22` = 4L, `23` = 6L, 
    `24` = 6L, `27` = 2L, `29` = 1L, `32` = 2L, `33` = 1L, `37` = 1L
    ), .Dim = 29L, .Dimnames = list(TagUsage = c("1", "2", "3", 
    "4", "5", "6", "7", "8", "9", "10", "11", "12", "13", "14", 
    "15", "16", "17", "18", "19", "20", "21", "22", "23", "24", 
    "27", "29", "32", "33", "37")), class = "table"), No.Tag = structure(c(0L, 
    6L, 89L, 1L, 0L, 1L, 0L, 0L, 0L, 0L, 0L, 0L, 0L, 0L, 4L, 
    0L, 0L, 0L), .Dim = c(6L, 3L), .Dimnames = structure(list(
        c("-2", "-1", "0", "1", "2", NA), c("C", "T", NA)), .Names = c("", 
    "")), class = "table"), All.Tags = list(Concordant = list(
        Freqs = structure(c(0, 11, 494, 2, 2, 0, 1, 1, 0, 0), .Dim = c(5L, 
        2L), .Dimnames = list(c("-2", "-1", "0", "1", "2"), c("C", 
        "T"))), N = 511), Majority = list(Freqs = structure(c(0, 
    16, 698, 2, 2, 0, 1, 1, 0, 0), .Dim = c(5L, 2L), .Dimnames = list(
        c("-2", "-1", "0", "1", "2"), c("C", "T"))), N = 720)), 
    `2` = structure(c(0, 7, 576, 0, 0, 0, 0, 0, 0, 0), .Dim = c(5L, 
    2L), .Dimnames = list(c("-2", "-1", "0", "1", "2"), c("C", 
    "T"))))))
