Results <-
list(`bwa.out//20220204//BlindCMMRD58_S17.sam` = list(LR10_SNP1 = list(
    All = list(Freqs = structure(c(1L, 63L, 2996L, 42L, 6L, 0L, 
    0L, 1L, 0L, 0L, 0L, 35L, 2980L, 16L, 1L, 0L, 0L, 56L, 1L, 
    0L), .Dim = 5:4, .Dimnames = structure(list(c("-2", "-1", 
    "0", "1", NA), c("C", "G", "T", NA)), .Names = c("", "")), class = "table"), 
        N = 6198L), Tag.Distribution = structure(c(`1` = 93L, 
    `2` = 16L, `3` = 8L, `4` = 13L, `5` = 9L, `6` = 16L, `7` = 8L, 
    `8` = 7L, `9` = 4L, `10` = 11L, `11` = 5L, `12` = 11L, `13` = 4L, 
    `14` = 9L, `15` = 5L, `16` = 4L, `17` = 9L, `18` = 4L, `19` = 6L, 
    `20` = 5L, `21` = 7L, `22` = 1L, `23` = 9L, `24` = 3L, `25` = 4L, 
    `26` = 6L, `27` = 4L, `28` = 1L, `29` = 5L, `30` = 4L, `31` = 3L, 
    `32` = 1L, `33` = 3L, `34` = 3L, `35` = 2L, `36` = 4L, `37` = 2L, 
    `38` = 2L, `39` = 4L, `42` = 2L, `43` = 1L, `44` = 2L, `45` = 3L, 
    `46` = 1L, `47` = 2L, `48` = 3L, `50` = 1L, `51` = 2L, `52` = 2L, 
    `54` = 1L, `55` = 2L, `56` = 3L, `57` = 3L, `59` = 1L, `60` = 1L, 
    `62` = 1L, `65` = 1L, `66` = 1L, `67` = 1L, `68` = 2L, `69` = 1L, 
    `70` = 2L, `76` = 2L, `85` = 1L, `137` = 1L), .Dim = 65L, .Dimnames = list(
        TagUsage = c("1", "2", "3", "4", "5", "6", "7", "8", 
        "9", "10", "11", "12", "13", "14", "15", "16", "17", 
        "18", "19", "20", "21", "22", "23", "24", "25", "26", 
        "27", "28", "29", "30", "31", "32", "33", "34", "35", 
        "36", "37", "38", "39", "42", "43", "44", "45", "46", 
        "47", "48", "50", "51", "52", "54", "55", "56", "57", 
        "59", "60", "62", "65", "66", "67", "68", "69", "70", 
        "76", "85", "137")), class = "table"), No.Tag = structure(c(0L, 
    2L, 46L, 0L, 1L, 0L, 0L, 0L, 0L, 0L, 0L, 2L, 156L, 0L, 0L, 
    0L, 0L, 6L, 0L, 0L), .Dim = 5:4, .Dimnames = structure(list(
        c("-2", "-1", "0", "1", NA), c("C", "G", "T", NA)), .Names = c("", 
    "")), class = "table"), All.Tags = list(Concordant = list(
        Freqs = structure(c(0, 3, 126, 0, 0, 0, 0, 0, 0, 0, 131, 
        0), .Dim = 4:3, .Dimnames = list(c("-2", "-1", "0", "1"
        ), c("C", "G", "T"))), N = 260), Majority = list(Freqs = structure(c(0, 
    3, 175, 0, 0, 0, 0, 0, 0, 0, 171, 0), .Dim = 4:3, .Dimnames = list(
        c("-2", "-1", "0", "1"), c("C", "G", "T"))), N = 349)), 
    `2` = structure(c(0, 1, 134, 0, 0, 0, 0, 0, 0, 0, 129, 0), .Dim = 4:3, .Dimnames = list(
        c("-2", "-1", "0", "1"), c("C", "G", "T"))))))
