Results <-
list(`bwa.out//20220204//MLPA79_S11.sam` = list(LR40_SNP1 = list(
    All = list(Freqs = structure(c(62L, 5386L, 23L, 10L, 0L, 
    19L, 0L, 0L), .Dim = c(4L, 2L), .Dimnames = structure(list(
        c("-1", "0", "1", NA), c("C", NA)), .Names = c("", ""
    )), class = "table"), N = 5500L), Tag.Distribution = structure(c(`1` = 138L, 
    `2` = 86L, `3` = 77L, `4` = 61L, `5` = 56L, `6` = 37L, `7` = 48L, 
    `8` = 29L, `9` = 30L, `10` = 29L, `11` = 14L, `12` = 19L, 
    `13` = 17L, `14` = 10L, `15` = 10L, `16` = 12L, `17` = 7L, 
    `18` = 10L, `19` = 4L, `20` = 5L, `21` = 4L, `22` = 4L, `23` = 2L, 
    `24` = 2L, `25` = 2L, `26` = 1L, `27` = 5L, `28` = 2L, `29` = 4L, 
    `31` = 5L, `32` = 4L, `33` = 2L, `34` = 1L, `35` = 3L, `37` = 1L, 
    `49` = 2L, `55` = 1L, `63` = 1L), .Dim = 38L, .Dimnames = list(
        TagUsage = c("1", "2", "3", "4", "5", "6", "7", "8", 
        "9", "10", "11", "12", "13", "14", "15", "16", "17", 
        "18", "19", "20", "21", "22", "23", "24", "25", "26", 
        "27", "28", "29", "31", "32", "33", "34", "35", "37", 
        "49", "55", "63")), class = "table"), No.Tag = structure(c(1L, 
    130L, 2L, 1L, 0L, 1L, 0L, 0L), .Dim = c(4L, 2L), .Dimnames = structure(list(
        c("-1", "0", "1", NA), c("C", NA)), .Names = c("", ""
    )), class = "table"), All.Tags = list(Concordant = list(Freqs = structure(c(3, 
    679, 0), .Dim = c(3L, 1L), .Dimnames = list(c("-1", "0", 
    "1"), "C")), N = 682), Majority = list(Freqs = structure(c(3, 
    738, 0), .Dim = c(3L, 1L), .Dimnames = list(c("-1", "0", 
    "1"), "C")), N = 741)), `2` = structure(c(1, 605, 0), .Dim = c(3L, 
    1L), .Dimnames = list(c("-1", "0", "1"), "C")))))
