Results <-
list(`bwa.out//20220204//Control12_S5.sam` = list(GM07_SNP1 = list(
    All = list(Freqs = structure(c(110L, 2625L, 80L, 3L, 21L, 
    0L, 1L, 0L, 0L, 0L, 0L, 1L, 0L, 0L, 0L, 0L, 13L, 0L, 0L, 
    0L), .Dim = 5:4, .Dimnames = structure(list(c("-1", "0", 
    "1", "2", NA), c("A", "G", "T", NA)), .Names = c("", "")), class = "table"), 
        N = 2854L), Tag.Distribution = structure(c(`1` = 98L, 
    `2` = 47L, `3` = 33L, `4` = 39L, `5` = 25L, `6` = 23L, `7` = 16L, 
    `8` = 21L, `9` = 21L, `10` = 20L, `11` = 19L, `12` = 10L, 
    `13` = 13L, `14` = 5L, `15` = 4L, `16` = 5L, `17` = 4L, `18` = 5L, 
    `19` = 3L, `20` = 2L, `21` = 1L, `22` = 2L, `23` = 1L, `24` = 1L, 
    `26` = 1L, `29` = 1L, `30` = 1L, `32` = 1L), .Dim = 28L, .Dimnames = list(
        TagUsage = c("1", "2", "3", "4", "5", "6", "7", "8", 
        "9", "10", "11", "12", "13", "14", "15", "16", "17", 
        "18", "19", "20", "21", "22", "23", "24", "26", "29", 
        "30", "32")), class = "table"), No.Tag = structure(c(13L, 
    248L, 7L, 0L, 9L, 0L, 1L, 0L, 0L, 0L, 0L, 0L, 0L, 0L, 0L, 
    0L, 5L, 0L, 0L, 0L), .Dim = 5:4, .Dimnames = structure(list(
        c("-1", "0", "1", "2", NA), c("A", "G", "T", NA)), .Names = c("", 
    "")), class = "table"), All.Tags = list(Concordant = list(
        Freqs = structure(c(5, 299, 1, 0, 0, 0, 0, 0, 0, 0, 0, 
        0), .Dim = 4:3, .Dimnames = list(c("-1", "0", "1", "2"
        ), c("A", "G", "T"))), N = 305), Majority = list(Freqs = structure(c(5, 
    408, 2, 0, 0, 0, 0, 0, 0, 0, 0, 0), .Dim = 4:3, .Dimnames = list(
        c("-1", "0", "1", "2"), c("A", "G", "T"))), N = 415)), 
    `2` = structure(c(0, 319, 1, 0, 0, 0, 0, 0, 0, 0, 0, 0), .Dim = 4:3, .Dimnames = list(
        c("-1", "0", "1", "2"), c("A", "G", "T"))))))
