Results <-
list(`bwa.out//20220204//BlindCMMRD89_S48.sam` = list(GM14_SNP1 = list(
    All = list(Freqs = structure(c(2L, 39L, 1546L, 14L, 4L, 1L, 
    45L, 1483L, 9L, 2L, 0L, 0L, 22L, 0L, 0L), .Dim = c(5L, 3L
    ), .Dimnames = structure(list(c("-2", "-1", "0", "1", NA), 
        c("C", "T", NA)), .Names = c("", "")), class = "table"), 
        N = 3167L), Tag.Distribution = structure(c(`1` = 87L, 
    `2` = 40L, `3` = 45L, `4` = 36L, `5` = 28L, `6` = 26L, `7` = 22L, 
    `8` = 18L, `9` = 15L, `10` = 11L, `11` = 9L, `12` = 9L, `13` = 14L, 
    `14` = 14L, `15` = 10L, `16` = 8L, `17` = 2L, `18` = 9L, 
    `19` = 7L, `20` = 1L, `21` = 1L, `22` = 2L, `23` = 5L, `24` = 1L, 
    `25` = 4L, `26` = 2L, `27` = 2L, `29` = 3L, `31` = 2L, `38` = 1L, 
    `39` = 1L), .Dim = 31L, .Dimnames = list(TagUsage = c("1", 
    "2", "3", "4", "5", "6", "7", "8", "9", "10", "11", "12", 
    "13", "14", "15", "16", "17", "18", "19", "20", "21", "22", 
    "23", "24", "25", "26", "27", "29", "31", "38", "39")), class = "table"), 
    No.Tag = structure(c(0L, 0L, 17L, 0L, 0L, 0L, 1L, 15L, 1L, 
    0L, 0L, 0L, 0L, 0L, 0L), .Dim = c(5L, 3L), .Dimnames = structure(list(
        c("-2", "-1", "0", "1", NA), c("C", "T", NA)), .Names = c("", 
    "")), class = "table"), All.Tags = list(Concordant = list(
        Freqs = structure(c(0, 0, 174, 1, 0, 2, 160, 0), .Dim = c(4L, 
        2L), .Dimnames = list(c("-2", "-1", "0", "1"), c("C", 
        "T"))), N = 337), Majority = list(Freqs = structure(c(0, 
    0, 219, 1, 0, 2, 205, 0), .Dim = c(4L, 2L), .Dimnames = list(
        c("-2", "-1", "0", "1"), c("C", "T"))), N = 427)), `2` = structure(c(0, 
    0, 180, 0, 0, 1, 163, 0), .Dim = c(4L, 2L), .Dimnames = list(
        c("-2", "-1", "0", "1"), c("C", "T"))))))
