Results <-
list(`bwa.out//20220204//BlindCMMRD80_S39.sam` = list(GM22_SNP1 = list(
    All = list(Freqs = structure(c(2L, 81L, 4561L, 16L, 9L, 0L, 
    0L, 2L, 0L, 0L, 0L, 2L, 31L, 1L, 0L), .Dim = c(5L, 3L), .Dimnames = structure(list(
        c("-2", "-1", "0", "1", NA), c("A", "G", NA)), .Names = c("", 
    "")), class = "table"), N = 4705L), Tag.Distribution = structure(c(`1` = 132L, 
    `2` = 83L, `3` = 71L, `4` = 70L, `5` = 52L, `6` = 52L, `7` = 48L, 
    `8` = 28L, `9` = 29L, `10` = 30L, `11` = 17L, `12` = 22L, 
    `13` = 14L, `14` = 19L, `15` = 14L, `16` = 9L, `17` = 12L, 
    `18` = 2L, `19` = 2L, `20` = 4L, `21` = 3L, `22` = 2L, `23` = 5L, 
    `25` = 1L, `26` = 2L, `27` = 1L, `28` = 1L, `31` = 1L, `32` = 1L, 
    `33` = 1L, `35` = 1L), .Dim = 31L, .Dimnames = list(TagUsage = c("1", 
    "2", "3", "4", "5", "6", "7", "8", "9", "10", "11", "12", 
    "13", "14", "15", "16", "17", "18", "19", "20", "21", "22", 
    "23", "25", "26", "27", "28", "31", "32", "33", "35")), class = "table"), 
    No.Tag = structure(c(0L, 0L, 123L, 0L, 1L, 0L, 0L, 0L, 0L, 
    0L, 0L, 0L, 1L, 0L, 0L), .Dim = c(5L, 3L), .Dimnames = structure(list(
        c("-2", "-1", "0", "1", NA), c("A", "G", NA)), .Names = c("", 
    "")), class = "table"), All.Tags = list(Concordant = list(
        Freqs = structure(c(0, 3, 635, 1, 0, 0, 2, 0), .Dim = c(4L, 
        2L), .Dimnames = list(c("-2", "-1", "0", "1"), c("A", 
        "G"))), N = 641), Majority = list(Freqs = structure(c(0, 
    3, 712, 1, 0, 0, 2, 0), .Dim = c(4L, 2L), .Dimnames = list(
        c("-2", "-1", "0", "1"), c("A", "G"))), N = 718)), `2` = structure(c(0, 
    2, 590, 0, 0, 0, 0, 0), .Dim = c(4L, 2L), .Dimnames = list(
        c("-2", "-1", "0", "1"), c("A", "G"))))))
