Results <-
list(`bwa.out//20220204//BlindCMMRD91_S50.sam` = list(GM07_SNP1 = list(
    All = list(Freqs = structure(c(0L, 0L, 0L, 1L, 0L, 0L, 0L, 
    0L, 1L, 8L, 316L, 3487L, 109L, 2L, 1L, 52L, 0L, 0L, 0L, 1L, 
    0L, 0L, 0L, 0L, 0L, 0L, 0L, 5L, 0L, 0L, 0L, 0L, 0L, 0L, 3L, 
    47L, 1L, 0L, 0L, 0L), .Dim = c(8L, 5L), .Dimnames = structure(list(
        c("-3", "-2", "-1", "0", "1", "2", "3", NA), c("-", "A", 
        "C", "G", NA)), .Names = c("", "")), class = "table"), 
        N = 4034L), Tag.Distribution = structure(c(`1` = 113L, 
    `2` = 47L, `3` = 43L, `4` = 40L, `5` = 38L, `6` = 44L, `7` = 29L, 
    `8` = 22L, `9` = 21L, `10` = 17L, `11` = 16L, `12` = 21L, 
    `13` = 15L, `14` = 13L, `15` = 6L, `16` = 7L, `17` = 10L, 
    `18` = 13L, `19` = 1L, `20` = 7L, `21` = 5L, `22` = 4L, `23` = 4L, 
    `24` = 1L, `25` = 1L, `26` = 2L, `27` = 2L, `28` = 2L, `34` = 1L, 
    `35` = 1L), .Dim = 30L, .Dimnames = list(TagUsage = c("1", 
    "2", "3", "4", "5", "6", "7", "8", "9", "10", "11", "12", 
    "13", "14", "15", "16", "17", "18", "19", "20", "21", "22", 
    "23", "24", "25", "26", "27", "28", "34", "35")), class = "table"), 
    No.Tag = structure(c(0L, 0L, 0L, 0L, 0L, 0L, 0L, 0L, 0L, 
    0L, 13L, 170L, 5L, 0L, 0L, 13L, 0L, 0L, 0L, 0L, 0L, 0L, 0L, 
    0L, 0L, 0L, 0L, 0L, 0L, 0L, 0L, 0L, 0L, 0L, 1L, 9L, 0L, 0L, 
    0L, 0L), .Dim = c(8L, 5L), .Dimnames = structure(list(c("-3", 
    "-2", "-1", "0", "1", "2", "3", NA), c("-", "A", "C", "G", 
    NA)), .Names = c("", "")), class = "table"), All.Tags = list(
        Concordant = list(Freqs = structure(c(0, 0, 0, 0, 0, 
        0, 0, 0, 1, 11, 352, 1, 0, 0, 0, 0, 0, 0, 0, 0, 0, 0, 
        0, 0, 4, 0, 0, 0), .Dim = c(7L, 4L), .Dimnames = list(
            c("-3", "-2", "-1", "0", "1", "2", "3"), c("-", "A", 
            "C", "G"))), N = 369), Majority = list(Freqs = structure(c(0, 
        0, 0, 0, 0, 0, 0, 0, 1, 21, 501, 3, 0, 0, 0, 0, 0, 0, 
        0, 0, 0, 0, 0, 0, 4, 0, 0, 0), .Dim = c(7L, 4L), .Dimnames = list(
            c("-3", "-2", "-1", "0", "1", "2", "3"), c("-", "A", 
            "C", "G"))), N = 530)), `2` = structure(c(0, 0, 0, 
    0, 0, 0, 0, 0, 0, 19, 404, 2, 0, 0, 0, 0, 0, 0, 0, 0, 0, 
    0, 0, 0, 0, 0, 0, 0), .Dim = c(7L, 4L), .Dimnames = list(
        c("-3", "-2", "-1", "0", "1", "2", "3"), c("-", "A", 
        "C", "G"))))))
