Results <-
list(`bwa.out//20220204//BlindCMMRD98_S57.sam` = list(GM07_SNP1 = list(
    All = list(Freqs = structure(c(0L, 0L, 2L, 0L, 0L, 0L, 10L, 
    387L, 5048L, 104L, 3L, 53L, 0L, 0L, 1L, 0L, 0L, 0L, 0L, 0L, 
    1L, 0L, 0L, 0L, 0L, 5L, 61L, 1L, 0L, 0L), .Dim = 6:5, .Dimnames = structure(list(
        c("-2", "-1", "0", "1", "2", NA), c("-", "A", "G", "T", 
        NA)), .Names = c("", "")), class = "table"), N = 5676L), 
    Tag.Distribution = structure(c(`1` = 121L, `2` = 46L, `3` = 48L, 
    `4` = 45L, `5` = 33L, `6` = 41L, `7` = 23L, `8` = 25L, `9` = 28L, 
    `10` = 10L, `11` = 19L, `12` = 11L, `13` = 16L, `14` = 12L, 
    `15` = 9L, `16` = 6L, `17` = 11L, `18` = 8L, `19` = 12L, 
    `20` = 6L, `21` = 9L, `22` = 4L, `23` = 5L, `24` = 3L, `25` = 12L, 
    `26` = 9L, `27` = 2L, `28` = 5L, `29` = 1L, `30` = 2L, `31` = 2L, 
    `32` = 5L, `33` = 2L, `34` = 1L, `35` = 2L, `36` = 2L, `37` = 1L, 
    `38` = 1L, `39` = 1L, `42` = 1L, `44` = 3L, `49` = 1L), .Dim = 42L, .Dimnames = list(
        TagUsage = c("1", "2", "3", "4", "5", "6", "7", "8", 
        "9", "10", "11", "12", "13", "14", "15", "16", "17", 
        "18", "19", "20", "21", "22", "23", "24", "25", "26", 
        "27", "28", "29", "30", "31", "32", "33", "34", "35", 
        "36", "37", "38", "39", "42", "44", "49")), class = "table"), 
    No.Tag = structure(c(0L, 0L, 0L, 0L, 0L, 0L, 0L, 18L, 265L, 
    3L, 0L, 11L, 0L, 0L, 0L, 0L, 0L, 0L, 0L, 0L, 0L, 0L, 0L, 
    0L, 0L, 1L, 8L, 0L, 0L, 0L), .Dim = 6:5, .Dimnames = structure(list(
        c("-2", "-1", "0", "1", "2", NA), c("-", "A", "G", "T", 
        NA)), .Names = c("", "")), class = "table"), All.Tags = list(
        Concordant = list(Freqs = structure(c(0, 0, 0, 0, 0, 
        0, 30, 370, 2, 0, 0, 0, 1, 0, 0, 0, 0, 0, 0, 0), .Dim = 5:4, .Dimnames = list(
            c("-2", "-1", "0", "1", "2"), c("-", "A", "G", "T"
            ))), N = 403), Majority = list(Freqs = structure(c(0, 
        0, 0, 0, 0, 0, 40, 544, 5, 0, 0, 0, 1, 0, 0, 0, 0, 0, 
        0, 0), .Dim = 5:4, .Dimnames = list(c("-2", "-1", "0", 
        "1", "2"), c("-", "A", "G", "T"))), N = 590)), `2` = structure(c(0, 
    0, 0, 0, 0, 0, 26, 447, 3, 0, 0, 0, 0, 0, 0, 0, 0, 0, 0, 
    0), .Dim = 5:4, .Dimnames = list(c("-2", "-1", "0", "1", 
    "2"), c("-", "A", "G", "T"))))))
