Results <-
list(`bwa.out//20220204//BlindCMMRD42_S2.sam` = list(GM17_SNP1 = list(
    All = list(Freqs = structure(c(2L, 17L, 2386L, 12L, 1L, 0L, 
    29L, 2624L, 13L, 2L, 0L, 1L, 26L, 1L, 0L), .Dim = c(5L, 3L
    ), .Dimnames = structure(list(c("-2", "-1", "0", "1", NA), 
        c("C", "T", NA)), .Names = c("", "")), class = "table"), 
        N = 5114L), Tag.Distribution = structure(c(`1` = 79L, 
    `2` = 17L, `3` = 10L, `4` = 16L, `5` = 14L, `6` = 10L, `7` = 13L, 
    `8` = 8L, `9` = 10L, `10` = 5L, `11` = 4L, `12` = 5L, `13` = 8L, 
    `14` = 8L, `15` = 13L, `16` = 8L, `17` = 6L, `18` = 4L, `19` = 8L, 
    `20` = 3L, `21` = 5L, `22` = 6L, `23` = 4L, `24` = 2L, `25` = 3L, 
    `26` = 1L, `27` = 6L, `28` = 6L, `29` = 3L, `30` = 2L, `31` = 4L, 
    `32` = 2L, `33` = 5L, `34` = 3L, `35` = 3L, `37` = 6L, `38` = 3L, 
    `39` = 1L, `40` = 1L, `41` = 2L, `42` = 3L, `43` = 3L, `44` = 3L, 
    `47` = 2L, `48` = 1L, `50` = 3L, `51` = 1L, `52` = 1L, `53` = 2L, 
    `54` = 3L, `60` = 3L, `61` = 1L, `72` = 1L), .Dim = 53L, .Dimnames = list(
        TagUsage = c("1", "2", "3", "4", "5", "6", "7", "8", 
        "9", "10", "11", "12", "13", "14", "15", "16", "17", 
        "18", "19", "20", "21", "22", "23", "24", "25", "26", 
        "27", "28", "29", "30", "31", "32", "33", "34", "35", 
        "37", "38", "39", "40", "41", "42", "43", "44", "47", 
        "48", "50", "51", "52", "53", "54", "60", "61", "72")), class = "table"), 
    No.Tag = structure(c(0L, 0L, 16L, 0L, 0L, 0L, 1L, 55L, 1L, 
    0L, 0L, 0L, 5L, 0L, 0L), .Dim = c(5L, 3L), .Dimnames = structure(list(
        c("-2", "-1", "0", "1", NA), c("C", "T", NA)), .Names = c("", 
    "")), class = "table"), All.Tags = list(Concordant = list(
        Freqs = structure(c(0, 0, 136, 0, 0, 1, 138, 0), .Dim = c(4L, 
        2L), .Dimnames = list(c("-2", "-1", "0", "1"), c("C", 
        "T"))), N = 275), Majority = list(Freqs = structure(c(0, 
    0, 168, 0, 0, 1, 172, 0), .Dim = c(4L, 2L), .Dimnames = list(
        c("-2", "-1", "0", "1"), c("C", "T"))), N = 341)), `2` = structure(c(0, 
    0, 126, 0, 0, 0, 136, 0), .Dim = c(4L, 2L), .Dimnames = list(
        c("-2", "-1", "0", "1"), c("C", "T"))))))
