Results <-
list(`bwa.out//20220204//BlindCMMRD66_S25.sam` = list(LR46_SNP1 = list(
    All = list(Freqs = structure(c(9L, 3661L, 4L, 12L, 0L, 1L, 
    0L, 0L, 0L, 22L, 0L, 0L), .Dim = 4:3, .Dimnames = structure(list(
        c("-1", "0", "1", NA), c("G", "T", NA)), .Names = c("", 
    "")), class = "table"), N = 3709L), Tag.Distribution = structure(c(`1` = 91L, 
    `2` = 47L, `3` = 33L, `4` = 34L, `5` = 30L, `6` = 27L, `7` = 26L, 
    `8` = 27L, `9` = 22L, `10` = 15L, `11` = 17L, `12` = 12L, 
    `13` = 10L, `14` = 10L, `15` = 9L, `16` = 7L, `17` = 4L, 
    `18` = 3L, `19` = 6L, `20` = 4L, `21` = 7L, `22` = 2L, `23` = 3L, 
    `24` = 3L, `25` = 4L, `27` = 5L, `28` = 3L, `30` = 1L, `31` = 1L, 
    `34` = 1L, `35` = 1L, `36` = 2L, `39` = 1L, `40` = 1L, `41` = 1L
    ), .Dim = 35L, .Dimnames = list(TagUsage = c("1", "2", "3", 
    "4", "5", "6", "7", "8", "9", "10", "11", "12", "13", "14", 
    "15", "16", "17", "18", "19", "20", "21", "22", "23", "24", 
    "25", "27", "28", "30", "31", "34", "35", "36", "39", "40", 
    "41")), class = "table"), No.Tag = structure(c(0L, 91L, 0L, 
    2L, 0L, 0L, 0L, 0L, 0L, 1L, 0L, 0L), .Dim = 4:3, .Dimnames = structure(list(
        c("-1", "0", "1", NA), c("G", "T", NA)), .Names = c("", 
    "")), class = "table"), All.Tags = list(Concordant = list(
        Freqs = structure(c(0, 451, 0, 0, 1, 0), .Dim = 3:2, .Dimnames = list(
            c("-1", "0", "1"), c("G", "T"))), N = 452), Majority = list(
        Freqs = structure(c(0, 462, 0, 0, 1, 0), .Dim = 3:2, .Dimnames = list(
            c("-1", "0", "1"), c("G", "T"))), N = 463)), `2` = structure(c(0, 
    378, 0, 0, 0, 0), .Dim = 3:2, .Dimnames = list(c("-1", "0", 
    "1"), c("G", "T"))))))
