Results <-
list(`bwa.out//20220204//MLPA79_S11.sam` = list(LR52_SNP1 = list(
    All = list(Freqs = structure(c(2L, 26L, 435L, 3297L, 22L, 
    39L, 0L, 1L, 1L, 29L, 0L, 0L, 0L, 0L, 7L, 464L, 7L, 0L), .Dim = c(6L, 
    3L), .Dimnames = structure(list(c("-3", "-2", "-1", "0", 
    "1", NA), c("C", "T", NA)), .Names = c("", "")), class = "table"), 
        N = 4330L), Tag.Distribution = structure(c(`1` = 114L, 
    `2` = 59L, `3` = 48L, `4` = 46L, `5` = 36L, `6` = 24L, `7` = 24L, 
    `8` = 26L, `9` = 19L, `10` = 17L, `11` = 16L, `12` = 17L, 
    `13` = 8L, `14` = 15L, `15` = 7L, `16` = 8L, `17` = 7L, `18` = 7L, 
    `19` = 11L, `20` = 7L, `21` = 3L, `22` = 5L, `23` = 3L, `24` = 4L, 
    `25` = 4L, `26` = 4L, `27` = 2L, `28` = 4L, `29` = 3L, `30` = 1L, 
    `32` = 1L, `34` = 2L, `35` = 1L, `38` = 1L, `39` = 1L, `40` = 1L, 
    `41` = 1L, `44` = 1L), .Dim = 38L, .Dimnames = list(TagUsage = c("1", 
    "2", "3", "4", "5", "6", "7", "8", "9", "10", "11", "12", 
    "13", "14", "15", "16", "17", "18", "19", "20", "21", "22", 
    "23", "24", "25", "26", "27", "28", "29", "30", "32", "34", 
    "35", "38", "39", "40", "41", "44")), class = "table"), No.Tag = structure(c(0L, 
    0L, 3L, 35L, 0L, 1L, 0L, 0L, 0L, 0L, 0L, 0L, 0L, 0L, 0L, 
    7L, 0L, 0L), .Dim = c(6L, 3L), .Dimnames = structure(list(
        c("-3", "-2", "-1", "0", "1", NA), c("C", "T", NA)), .Names = c("", 
    "")), class = "table"), All.Tags = list(Concordant = list(
        Freqs = structure(c(0, 0, 17, 292, 1, 0, 1, 0, 3, 0), .Dim = c(5L, 
        2L), .Dimnames = list(c("-3", "-2", "-1", "0", "1"), 
            c("C", "T"))), N = 314), Majority = list(Freqs = structure(c(0, 
    0, 21, 500, 1, 0, 1, 0, 5, 0), .Dim = c(5L, 2L), .Dimnames = list(
        c("-3", "-2", "-1", "0", "1"), c("C", "T"))), N = 528)), 
    `2` = structure(c(0, 0, 13, 415, 0, 0, 0, 0, 2, 0), .Dim = c(5L, 
    2L), .Dimnames = list(c("-3", "-2", "-1", "0", "1"), c("C", 
    "T"))))))
