Results <-
list(`bwa.out//20220204//BlindCMMRD46_S6.sam` = list(GM22_SNP1 = list(
    All = list(Freqs = structure(c(1L, 59L, 4924L, 21L, 15L, 
    0L, 0L, 2L, 0L, 0L, 0L, 2L, 49L, 0L, 0L), .Dim = c(5L, 3L
    ), .Dimnames = structure(list(c("-2", "-1", "0", "1", NA), 
        c("A", "G", NA)), .Names = c("", "")), class = "table"), 
        N = 5073L), Tag.Distribution = structure(c(`1` = 90L, 
    `2` = 22L, `3` = 17L, `4` = 20L, `5` = 26L, `6` = 15L, `7` = 21L, 
    `8` = 19L, `9` = 17L, `10` = 15L, `11` = 16L, `12` = 12L, 
    `13` = 10L, `14` = 8L, `15` = 12L, `16` = 10L, `17` = 9L, 
    `18` = 4L, `19` = 7L, `20` = 1L, `21` = 5L, `22` = 2L, `23` = 4L, 
    `24` = 1L, `25` = 6L, `26` = 5L, `27` = 7L, `28` = 9L, `29` = 5L, 
    `30` = 3L, `31` = 2L, `32` = 5L, `33` = 2L, `34` = 4L, `35` = 4L, 
    `36` = 1L, `37` = 4L, `38` = 2L, `39` = 3L, `40` = 1L, `41` = 2L, 
    `42` = 2L, `43` = 2L, `44` = 1L, `51` = 1L, `61` = 1L), .Dim = 46L, .Dimnames = list(
        TagUsage = c("1", "2", "3", "4", "5", "6", "7", "8", 
        "9", "10", "11", "12", "13", "14", "15", "16", "17", 
        "18", "19", "20", "21", "22", "23", "24", "25", "26", 
        "27", "28", "29", "30", "31", "32", "33", "34", "35", 
        "36", "37", "38", "39", "40", "41", "42", "43", "44", 
        "51", "61")), class = "table"), No.Tag = structure(c(0L, 
    2L, 88L, 2L, 1L, 0L, 0L, 0L, 0L, 0L, 0L, 0L, 3L, 0L, 0L), .Dim = c(5L, 
    3L), .Dimnames = structure(list(c("-2", "-1", "0", "1", NA
    ), c("A", "G", NA)), .Names = c("", "")), class = "table"), 
    All.Tags = list(Concordant = list(Freqs = structure(c(0, 
    2, 367, 0, 0, 0, 1, 0), .Dim = c(4L, 2L), .Dimnames = list(
        c("-2", "-1", "0", "1"), c("A", "G"))), N = 370), Majority = list(
        Freqs = structure(c(0, 2, 427, 0, 0, 0, 1, 0), .Dim = c(4L, 
        2L), .Dimnames = list(c("-2", "-1", "0", "1"), c("A", 
        "G"))), N = 430)), `2` = structure(c(0, 0, 345, 0, 0, 
    0, 0, 0), .Dim = c(4L, 2L), .Dimnames = list(c("-2", "-1", 
    "0", "1"), c("A", "G"))))))
