Results <-
list(`bwa.out//20220204//BlindCMMRD119_S45.sam` = list(LR46_SNP1 = list(
    All = list(Freqs = structure(c(14L, 1720L, 6L, 5L, 11L, 1877L, 
    2L, 4L, 0L, 11L, 0L, 0L), .Dim = 4:3, .Dimnames = structure(list(
        c("-1", "0", "1", NA), c("G", "T", NA)), .Names = c("", 
    "")), class = "table"), N = 3650L), Tag.Distribution = structure(c(`1` = 181L, 
    `2` = 123L, `3` = 98L, `4` = 91L, `5` = 65L, `6` = 52L, `7` = 38L, 
    `8` = 40L, `9` = 18L, `10` = 17L, `11` = 17L, `12` = 11L, 
    `13` = 9L, `14` = 8L, `15` = 3L, `16` = 2L, `17` = 4L, `18` = 2L, 
    `19` = 4L, `20` = 3L, `21` = 1L, `24` = 1L, `25` = 1L), .Dim = 23L, .Dimnames = list(
        TagUsage = c("1", "2", "3", "4", "5", "6", "7", "8", 
        "9", "10", "11", "12", "13", "14", "15", "16", "17", 
        "18", "19", "20", "21", "24", "25")), class = "table"), 
    No.Tag = structure(c(0L, 28L, 0L, 0L, 1L, 43L, 0L, 0L, 0L, 
    3L, 0L, 0L), .Dim = 4:3, .Dimnames = structure(list(c("-1", 
    "0", "1", NA), c("G", "T", NA)), .Names = c("", "")), class = "table"), 
    All.Tags = list(Concordant = list(Freqs = structure(c(0, 
    345, 0, 4, 361, 0), .Dim = 3:2, .Dimnames = list(c("-1", 
    "0", "1"), c("G", "T"))), N = 710), Majority = list(Freqs = structure(c(1, 
    376, 0, 4, 389, 0), .Dim = 3:2, .Dimnames = list(c("-1", 
    "0", "1"), c("G", "T"))), N = 770)), `2` = structure(c(1, 
    279, 0, 0, 311, 0), .Dim = 3:2, .Dimnames = list(c("-1", 
    "0", "1"), c("G", "T"))))))
