Results <-
list(`bwa.out//20220204//BlindCMMRD56_S15.sam` = list(LR44_SNP1 = list(
    All = list(Freqs = structure(c(0L, 0L, 0L, 2L, 0L, 0L, 0L, 
    0L, 6L, 188L, 2192L, 33L, 20L, 8L, 1L, 5L, 209L, 2196L, 32L, 
    0L, 13L, 0L, 1L, 2L, 95L, 2L, 0L, 0L), .Dim = c(7L, 4L), .Dimnames = structure(list(
        c("-3", "-2", "-1", "0", "1", "2", NA), c("A", "C", "T", 
        NA)), .Names = c("", "")), class = "table"), N = 5005L), 
    Tag.Distribution = structure(c(`1` = 130L, `2` = 67L, `3` = 52L, 
    `4` = 57L, `5` = 51L, `6` = 39L, `7` = 36L, `8` = 25L, `9` = 26L, 
    `10` = 23L, `11` = 20L, `12` = 21L, `13` = 15L, `14` = 23L, 
    `15` = 12L, `16` = 9L, `17` = 7L, `18` = 12L, `19` = 7L, 
    `20` = 10L, `21` = 5L, `22` = 3L, `23` = 6L, `24` = 3L, `25` = 5L, 
    `26` = 6L, `27` = 1L, `28` = 1L, `30` = 1L, `31` = 1L, `33` = 2L, 
    `37` = 1L, `38` = 1L), .Dim = 33L, .Dimnames = list(TagUsage = c("1", 
    "2", "3", "4", "5", "6", "7", "8", "9", "10", "11", "12", 
    "13", "14", "15", "16", "17", "18", "19", "20", "21", "22", 
    "23", "24", "25", "26", "27", "28", "30", "31", "33", "37", 
    "38")), class = "table"), No.Tag = structure(c(0L, 0L, 0L, 
    0L, 0L, 0L, 0L, 0L, 0L, 0L, 20L, 0L, 0L, 0L, 0L, 0L, 1L, 
    27L, 0L, 0L, 0L, 0L, 0L, 0L, 4L, 0L, 0L, 0L), .Dim = c(7L, 
    4L), .Dimnames = structure(list(c("-3", "-2", "-1", "0", 
    "1", "2", NA), c("A", "C", "T", NA)), .Names = c("", "")), class = "table"), 
    All.Tags = list(Concordant = list(Freqs = structure(c(0, 
    0, 0, 0, 0, 0, 0, 0, 2, 203, 2, 0, 0, 0, 15, 206, 0, 0), .Dim = c(6L, 
    3L), .Dimnames = list(c("-3", "-2", "-1", "0", "1", "2"), 
        c("A", "C", "T"))), N = 428), Majority = list(Freqs = structure(c(0, 
    0, 0, 0, 0, 0, 0, 0, 5, 309, 2, 1, 0, 0, 17, 324, 0, 0), .Dim = c(6L, 
    3L), .Dimnames = list(c("-3", "-2", "-1", "0", "1", "2"), 
        c("A", "C", "T"))), N = 658)), `2` = structure(c(0, 0, 
    0, 0, 0, 0, 0, 0, 3, 255, 2, 1, 0, 0, 10, 262, 0, 0), .Dim = c(6L, 
    3L), .Dimnames = list(c("-3", "-2", "-1", "0", "1", "2"), 
        c("A", "C", "T"))))))
