Results <-
list(`bwa.out//20220204//BlindCMMRD62_S21.sam` = list(LR52_SNP1 = list(
    All = list(Freqs = structure(c(0L, 0L, 0L, 2L, 0L, 0L, 0L, 
    22L, 225L, 1570L, 11L, 28L, 1L, 5L, 147L, 1730L, 14L, 28L, 
    0L, 0L, 18L, 695L, 2L, 0L), .Dim = c(6L, 4L), .Dimnames = structure(list(
        c("-3", "-2", "-1", "0", "1", NA), c("A", "C", "T", NA
        )), .Names = c("", "")), class = "table"), N = 4498L), 
    Tag.Distribution = structure(c(`1` = 87L, `2` = 60L, `3` = 39L, 
    `4` = 39L, `5` = 39L, `6` = 31L, `7` = 30L, `8` = 25L, `9` = 27L, 
    `10` = 26L, `11` = 21L, `12` = 9L, `13` = 18L, `14` = 8L, 
    `15` = 14L, `16` = 12L, `17` = 16L, `18` = 9L, `19` = 6L, 
    `20` = 3L, `21` = 9L, `22` = 5L, `23` = 3L, `24` = 4L, `25` = 1L, 
    `26` = 1L, `27` = 1L, `28` = 2L, `29` = 3L, `30` = 1L, `31` = 3L, 
    `33` = 2L, `40` = 1L, `44` = 1L), .Dim = 34L, .Dimnames = list(
        TagUsage = c("1", "2", "3", "4", "5", "6", "7", "8", 
        "9", "10", "11", "12", "13", "14", "15", "16", "17", 
        "18", "19", "20", "21", "22", "23", "24", "25", "26", 
        "27", "28", "29", "30", "31", "33", "40", "44")), class = "table"), 
    No.Tag = structure(c(0L, 0L, 0L, 0L, 0L, 0L, 0L, 1L, 3L, 
    19L, 0L, 0L, 0L, 0L, 2L, 30L, 0L, 0L, 0L, 0L, 1L, 15L, 0L, 
    0L), .Dim = c(6L, 4L), .Dimnames = structure(list(c("-3", 
    "-2", "-1", "0", "1", NA), c("A", "C", "T", NA)), .Names = c("", 
    "")), class = "table"), All.Tags = list(Concordant = list(
        Freqs = structure(c(0, 0, 0, 0, 0, 0, 1, 12, 137, 0, 
        0, 0, 5, 156, 0), .Dim = c(5L, 3L), .Dimnames = list(
            c("-3", "-2", "-1", "0", "1"), c("A", "C", "T"))), 
        N = 311), Majority = list(Freqs = structure(c(0, 0, 0, 
    0, 0, 0, 1, 16, 248, 0, 0, 0, 7, 248, 0), .Dim = c(5L, 3L
    ), .Dimnames = list(c("-3", "-2", "-1", "0", "1"), c("A", 
    "C", "T"))), N = 520)), `2` = structure(c(0, 0, 0, 0, 0, 
    0, 0, 7, 225, 0, 0, 0, 3, 213, 0), .Dim = c(5L, 3L), .Dimnames = list(
        c("-3", "-2", "-1", "0", "1"), c("A", "C", "T"))))))
