Results <-
list(`bwa.out//20220204//MLPA100_S14.sam` = list(GM07_SNP1 = list(
    All = list(Freqs = structure(c(2L, 142L, 3117L, 93L, 2L, 
    44L, 0L, 0L, 1L, 0L, 0L, 0L, 0L, 0L, 16L, 0L, 0L, 0L), .Dim = c(6L, 
    3L), .Dimnames = structure(list(c("-2", "-1", "0", "1", "2", 
    NA), c("A", "G", NA)), .Names = c("", "")), class = "table"), 
        N = 3417L), Tag.Distribution = structure(c(`1` = 193L, 
    `2` = 130L, `3` = 85L, `4` = 80L, `5` = 46L, `6` = 39L, `7` = 27L, 
    `8` = 15L, `9` = 21L, `10` = 12L, `11` = 21L, `12` = 13L, 
    `13` = 6L, `14` = 9L, `15` = 4L, `16` = 5L, `17` = 6L, `18` = 1L, 
    `19` = 4L, `20` = 2L, `21` = 2L, `22` = 1L, `24` = 1L), .Dim = 23L, .Dimnames = list(
        TagUsage = c("1", "2", "3", "4", "5", "6", "7", "8", 
        "9", "10", "11", "12", "13", "14", "15", "16", "17", 
        "18", "19", "20", "21", "22", "24")), class = "table"), 
    No.Tag = structure(c(0L, 7L, 228L, 7L, 0L, 7L, 0L, 0L, 1L, 
    0L, 0L, 0L, 0L, 0L, 2L, 0L, 0L, 0L), .Dim = c(6L, 3L), .Dimnames = structure(list(
        c("-2", "-1", "0", "1", "2", NA), c("A", "G", NA)), .Names = c("", 
    "")), class = "table"), All.Tags = list(Concordant = list(
        Freqs = structure(c(0, 16, 552, 4, 0, 0, 0, 0, 0, 0), .Dim = c(5L, 
        2L), .Dimnames = list(c("-2", "-1", "0", "1", "2"), c("A", 
        "G"))), N = 572), Majority = list(Freqs = structure(c(0, 
    17, 677, 5, 0, 0, 0, 0, 0, 0), .Dim = c(5L, 2L), .Dimnames = list(
        c("-2", "-1", "0", "1", "2"), c("A", "G"))), N = 699)), 
    `2` = structure(c(0, 3, 507, 2, 0, 0, 0, 0, 0, 0), .Dim = c(5L, 
    2L), .Dimnames = list(c("-2", "-1", "0", "1", "2"), c("A", 
    "G"))))))
