Results <-
list(`bwa.out//20220204//BlindCMMRD69_S28.sam` = list(LR20_SNP1 = list(
    All = list(Freqs = structure(c(0L, 2L, 0L, 0L, 3L, 3238L, 
    6L, 2L, 0L, 7L, 0L, 0L, 0L, 8L, 0L, 0L), .Dim = c(4L, 4L), .Dimnames = structure(list(
        c("-1", "0", "1", NA), c("-", "A", "G", NA)), .Names = c("", 
    "")), class = "table"), N = 3266L), Tag.Distribution = structure(c(`1` = 122L, 
    `2` = 71L, `3` = 67L, `4` = 45L, `5` = 43L, `6` = 50L, `7` = 36L, 
    `8` = 36L, `9` = 24L, `10` = 11L, `11` = 18L, `12` = 10L, 
    `13` = 12L, `14` = 9L, `15` = 7L, `16` = 5L, `17` = 4L, `18` = 2L, 
    `19` = 2L, `20` = 1L, `21` = 1L, `22` = 4L, `25` = 1L, `27` = 1L, 
    `32` = 1L, `33` = 1L), .Dim = 26L, .Dimnames = list(TagUsage = c("1", 
    "2", "3", "4", "5", "6", "7", "8", "9", "10", "11", "12", 
    "13", "14", "15", "16", "17", "18", "19", "20", "21", "22", 
    "25", "27", "32", "33")), class = "table"), No.Tag = structure(c(0L, 
    0L, 0L, 0L, 0L, 66L, 0L, 0L, 0L, 0L, 0L, 0L, 0L, 1L, 0L, 
    0L), .Dim = c(4L, 4L), .Dimnames = structure(list(c("-1", 
    "0", "1", NA), c("-", "A", "G", NA)), .Names = c("", "")), class = "table"), 
    All.Tags = list(Concordant = list(Freqs = structure(c(0, 
    0, 0, 0, 565, 1, 0, 5, 0), .Dim = c(3L, 3L), .Dimnames = list(
        c("-1", "0", "1"), c("-", "A", "G"))), N = 571), Majority = list(
        Freqs = structure(c(0, 0, 0, 0, 577, 1, 0, 5, 0), .Dim = c(3L, 
        3L), .Dimnames = list(c("-1", "0", "1"), c("-", "A", 
        "G"))), N = 583)), `2` = structure(c(0, 0, 0, 0, 462, 
    0, 0, 0, 0), .Dim = c(3L, 3L), .Dimnames = list(c("-1", "0", 
    "1"), c("-", "A", "G"))))))
