Results <-
list(`bwa.out//20220204//BlindCMMRD51_S11.sam` = list(GM26_SNP1 = list(
    All = list(Freqs = structure(c(0L, 34L, 1887L, 6L, 0L, 1L, 
    1L, 40L, 1706L, 5L, 1L, 3L, 0L, 0L, 37L, 1L, 0L, 0L), .Dim = c(6L, 
    3L), .Dimnames = structure(list(c("-2", "-1", "0", "1", "2", 
    NA), c("A", "G", NA)), .Names = c("", "")), class = "table"), 
        N = 3722L), Tag.Distribution = structure(c(`1` = 69L, 
    `2` = 19L, `3` = 13L, `4` = 16L, `5` = 14L, `6` = 14L, `7` = 12L, 
    `8` = 5L, `9` = 12L, `10` = 15L, `11` = 9L, `12` = 5L, `13` = 9L, 
    `14` = 5L, `15` = 8L, `16` = 10L, `17` = 8L, `18` = 4L, `19` = 2L, 
    `20` = 4L, `21` = 4L, `22` = 3L, `23` = 7L, `24` = 2L, `25` = 1L, 
    `26` = 4L, `27` = 2L, `28` = 6L, `29` = 8L, `30` = 4L, `31` = 3L, 
    `32` = 2L, `33` = 2L, `35` = 3L, `38` = 2L, `39` = 1L, `40` = 2L, 
    `42` = 1L, `43` = 3L, `45` = 1L, `46` = 1L, `55` = 1L, `56` = 1L
    ), .Dim = 43L, .Dimnames = list(TagUsage = c("1", "2", "3", 
    "4", "5", "6", "7", "8", "9", "10", "11", "12", "13", "14", 
    "15", "16", "17", "18", "19", "20", "21", "22", "23", "24", 
    "25", "26", "27", "28", "29", "30", "31", "32", "33", "35", 
    "38", "39", "40", "42", "43", "45", "46", "55", "56")), class = "table"), 
    No.Tag = structure(c(0L, 0L, 34L, 0L, 0L, 0L, 0L, 0L, 30L, 
    0L, 0L, 0L, 0L, 0L, 2L, 0L, 0L, 0L), .Dim = c(6L, 3L), .Dimnames = structure(list(
        c("-2", "-1", "0", "1", "2", NA), c("A", "G", NA)), .Names = c("", 
    "")), class = "table"), All.Tags = list(Concordant = list(
        Freqs = structure(c(0, 1, 154, 0, 0, 0, 2, 117, 0, 0), .Dim = c(5L, 
        2L), .Dimnames = list(c("-2", "-1", "0", "1", "2"), c("A", 
        "G"))), N = 274), Majority = list(Freqs = structure(c(0, 
    1, 170, 0, 0, 0, 2, 140, 0, 0), .Dim = c(5L, 2L), .Dimnames = list(
        c("-2", "-1", "0", "1", "2"), c("A", "G"))), N = 313)), 
    `2` = structure(c(0, 1, 130, 0, 0, 0, 1, 116, 0, 0), .Dim = c(5L, 
    2L), .Dimnames = list(c("-2", "-1", "0", "1", "2"), c("A", 
    "G"))))))
