Results <-
list(`bwa.out//20220204//BlindCMMRD46_S6.sam` = list(GM01_SNP1 = list(
    All = list(Freqs = structure(c(0L, 1L, 0L, 0L, 45L, 3934L, 
    30L, 7L, 50L, 3398L, 10L, 5L, 3L, 65L, 1L, 0L), .Dim = c(4L, 
    4L), .Dimnames = structure(list(c("-1", "0", "1", NA), c("-", 
    "A", "G", NA)), .Names = c("", "")), class = "table"), N = 7549L), 
    Tag.Distribution = structure(c(`1` = 79L, `2` = 35L, `3` = 26L, 
    `4` = 27L, `5` = 23L, `6` = 21L, `7` = 18L, `8` = 10L, `9` = 27L, 
    `10` = 21L, `11` = 21L, `12` = 22L, `13` = 13L, `14` = 15L, 
    `15` = 14L, `16` = 16L, `17` = 15L, `18` = 9L, `19` = 12L, 
    `20` = 6L, `21` = 7L, `22` = 7L, `23` = 4L, `24` = 12L, `25` = 6L, 
    `26` = 9L, `27` = 7L, `28` = 5L, `29` = 7L, `30` = 4L, `31` = 7L, 
    `32` = 5L, `33` = 4L, `34` = 3L, `35` = 7L, `36` = 2L, `37` = 7L, 
    `38` = 3L, `39` = 5L, `40` = 4L, `41` = 1L, `42` = 2L, `43` = 1L, 
    `44` = 1L, `45` = 5L, `47` = 3L, `60` = 1L), .Dim = 47L, .Dimnames = list(
        TagUsage = c("1", "2", "3", "4", "5", "6", "7", "8", 
        "9", "10", "11", "12", "13", "14", "15", "16", "17", 
        "18", "19", "20", "21", "22", "23", "24", "25", "26", 
        "27", "28", "29", "30", "31", "32", "33", "34", "35", 
        "36", "37", "38", "39", "40", "41", "42", "43", "44", 
        "45", "47", "60")), class = "table"), No.Tag = structure(c(0L, 
    0L, 0L, 0L, 4L, 101L, 0L, 1L, 2L, 89L, 0L, 0L, 0L, 1L, 0L, 
    0L), .Dim = c(4L, 4L), .Dimnames = structure(list(c("-1", 
    "0", "1", NA), c("-", "A", "G", NA)), .Names = c("", "")), class = "table"), 
    All.Tags = list(Concordant = list(Freqs = structure(c(0, 
    0, 0, 0, 235, 1, 0, 200, 0), .Dim = c(3L, 3L), .Dimnames = list(
        c("-1", "0", "1"), c("-", "A", "G"))), N = 436), Majority = list(
        Freqs = structure(c(0, 0, 0, 0, 295, 1, 0, 254, 0), .Dim = c(3L, 
        3L), .Dimnames = list(c("-1", "0", "1"), c("-", "A", 
        "G"))), N = 550)), `2` = structure(c(0, 0, 0, 0, 255, 
    1, 0, 220, 0), .Dim = c(3L, 3L), .Dimnames = list(c("-1", 
    "0", "1"), c("-", "A", "G"))))))
