Results <-
list(`bwa.out//20220204//Control19_S12.sam` = list(LR20_SNP1 = list(
    All = list(Freqs = structure(c(0L, 1L, 0L, 0L, 6L, 2697L, 
    4L, 1L, 0L, 14L, 0L, 0L, 0L, 0L, 1L, 0L, 0L, 20L, 0L, 0L), .Dim = 4:5, .Dimnames = structure(list(
        c("-1", "0", "1", NA), c("-", "A", "G", "T", NA)), .Names = c("", 
    "")), class = "table"), N = 2744L), Tag.Distribution = structure(c(`1` = 120L, 
    `2` = 57L, `3` = 52L, `4` = 33L, `5` = 45L, `6` = 27L, `7` = 23L, 
    `8` = 29L, `9` = 22L, `10` = 14L, `11` = 8L, `12` = 9L, `13` = 5L, 
    `14` = 6L, `15` = 7L, `16` = 8L, `17` = 6L, `18` = 2L, `19` = 3L, 
    `20` = 5L, `21` = 1L, `22` = 1L, `23` = 3L, `24` = 1L), .Dim = 24L, .Dimnames = list(
        TagUsage = c("1", "2", "3", "4", "5", "6", "7", "8", 
        "9", "10", "11", "12", "13", "14", "15", "16", "17", 
        "18", "19", "20", "21", "22", "23", "24")), class = "table"), 
    No.Tag = structure(c(0L, 0L, 0L, 0L, 0L, 92L, 0L, 0L, 0L, 
    1L, 0L, 0L, 0L, 0L, 0L, 0L, 0L, 2L, 0L, 0L), .Dim = 4:5, .Dimnames = structure(list(
        c("-1", "0", "1", NA), c("-", "A", "G", "T", NA)), .Names = c("", 
    "")), class = "table"), All.Tags = list(Concordant = list(
        Freqs = structure(c(0, 0, 0, 1, 470, 0, 0, 2, 0, 0, 0, 
        1), .Dim = 3:4, .Dimnames = list(c("-1", "0", "1"), c("-", 
        "A", "G", "T"))), N = 474), Majority = list(Freqs = structure(c(0, 
    0, 0, 1, 479, 0, 0, 3, 0, 0, 0, 1), .Dim = 3:4, .Dimnames = list(
        c("-1", "0", "1"), c("-", "A", "G", "T"))), N = 484)), 
    `2` = structure(c(0, 0, 0, 0, 366, 0, 0, 1, 0, 0, 0, 0), .Dim = 3:4, .Dimnames = list(
        c("-1", "0", "1"), c("-", "A", "G", "T"))))))
