Results <-
list(`bwa.out//20220204//17D0939_S6.sam` = list(LR11_SNP1 = list(
    All = list(Freqs = structure(c(0L, 1L, 0L, 0L, 50L, 2245L, 
    15L, 7L, 0L, 23L, 0L, 0L), .Dim = 4:3, .Dimnames = structure(list(
        c("-1", "0", "1", NA), c("A", "C", NA)), .Names = c("", 
    "")), class = "table"), N = 2341L), Tag.Distribution = structure(c(`1` = 71L, 
    `2` = 33L, `3` = 35L, `4` = 25L, `5` = 14L, `6` = 18L, `7` = 12L, 
    `8` = 9L, `9` = 10L, `10` = 12L, `11` = 8L, `12` = 8L, `13` = 5L, 
    `14` = 13L, `15` = 5L, `16` = 5L, `17` = 2L, `18` = 4L, `20` = 5L, 
    `22` = 2L, `24` = 3L, `25` = 3L, `26` = 2L, `27` = 1L, `29` = 1L, 
    `30` = 1L, `32` = 3L, `34` = 2L, `39` = 1L, `47` = 1L, `51` = 1L
    ), .Dim = 31L, .Dimnames = list(TagUsage = c("1", "2", "3", 
    "4", "5", "6", "7", "8", "9", "10", "11", "12", "13", "14", 
    "15", "16", "17", "18", "20", "22", "24", "25", "26", "27", 
    "29", "30", "32", "34", "39", "47", "51")), class = "table"), 
    No.Tag = structure(c(0L, 0L, 0L, 0L, 1L, 30L, 0L, 1L, 0L, 
    1L, 0L, 0L), .Dim = 4:3, .Dimnames = structure(list(c("-1", 
    "0", "1", NA), c("A", "C", NA)), .Names = c("", "")), class = "table"), 
    All.Tags = list(Concordant = list(Freqs = structure(c(0, 
    1, 0, 1, 261, 0), .Dim = 3:2, .Dimnames = list(c("-1", "0", 
    "1"), c("A", "C"))), N = 263), Majority = list(Freqs = structure(c(0, 
    1, 0, 1, 308, 0), .Dim = 3:2, .Dimnames = list(c("-1", "0", 
    "1"), c("A", "C"))), N = 310)), `2` = structure(c(0, 0, 0, 
    0, 243, 0), .Dim = 3:2, .Dimnames = list(c("-1", "0", "1"
    ), c("A", "C"))))))
