Results <-
list(`bwa.out//20220204//BlindCMMRD44_S4.sam` = list(LR17_SNP1 = list(
    All = list(Freqs = structure(c(1L, 116L, 2193L, 27L, 13L, 
    0L, 0L, 1L, 0L, 0L, 0L, 1L, 83L, 1L, 0L), .Dim = c(5L, 3L
    ), .Dimnames = structure(list(c("-2", "-1", "0", "1", NA), 
        c("A", "G", NA)), .Names = c("", "")), class = "table"), 
        N = 2436L), Tag.Distribution = structure(c(`1` = 40L, 
    `2` = 7L, `3` = 10L, `4` = 3L, `5` = 8L, `6` = 5L, `7` = 8L, 
    `8` = 4L, `9` = 9L, `10` = 7L, `11` = 3L, `12` = 6L, `13` = 7L, 
    `14` = 11L, `15` = 5L, `16` = 3L, `17` = 2L, `18` = 2L, `20` = 3L, 
    `21` = 4L, `22` = 3L, `23` = 1L, `24` = 1L, `25` = 3L, `26` = 1L, 
    `27` = 2L, `28` = 2L, `29` = 2L, `30` = 2L, `31` = 1L, `32` = 1L, 
    `33` = 3L, `34` = 1L, `36` = 1L, `37` = 2L, `39` = 1L, `40` = 1L, 
    `41` = 2L, `42` = 1L, `43` = 1L, `44` = 2L, `48` = 1L, `53` = 2L
    ), .Dim = 43L, .Dimnames = list(TagUsage = c("1", "2", "3", 
    "4", "5", "6", "7", "8", "9", "10", "11", "12", "13", "14", 
    "15", "16", "17", "18", "20", "21", "22", "23", "24", "25", 
    "26", "27", "28", "29", "30", "31", "32", "33", "34", "36", 
    "37", "39", "40", "41", "42", "43", "44", "48", "53")), class = "table"), 
    No.Tag = structure(c(0L, 5L, 91L, 3L, 0L, 0L, 0L, 0L, 0L, 
    0L, 0L, 0L, 9L, 0L, 0L), .Dim = c(5L, 3L), .Dimnames = structure(list(
        c("-2", "-1", "0", "1", NA), c("A", "G", NA)), .Names = c("", 
    "")), class = "table"), All.Tags = list(Concordant = list(
        Freqs = structure(c(0, 0, 119, 0, 0, 0, 0, 0), .Dim = c(4L, 
        2L), .Dimnames = list(c("-2", "-1", "0", "1"), c("A", 
        "G"))), N = 119), Majority = list(Freqs = structure(c(0, 
    1, 181, 0, 0, 0, 0, 0), .Dim = c(4L, 2L), .Dimnames = list(
        c("-2", "-1", "0", "1"), c("A", "G"))), N = 182)), `2` = structure(c(0, 
    1, 142, 0, 0, 0, 0, 0), .Dim = c(4L, 2L), .Dimnames = list(
        c("-2", "-1", "0", "1"), c("A", "G"))))))
