Results <-
list(`bwa.out//20220204//BlindCMMRD55_S14.sam` = list(GM26_SNP1 = list(
    All = list(Freqs = structure(c(0L, 7L, 2089L, 9L, 4L, 2L, 
    21L, 2026L, 3L, 6L, 0L, 1L, 33L, 0L, 0L), .Dim = c(5L, 3L
    ), .Dimnames = structure(list(c("-2", "-1", "0", "1", NA), 
        c("A", "G", NA)), .Names = c("", "")), class = "table"), 
        N = 4201L), Tag.Distribution = structure(c(`1` = 82L, 
    `2` = 46L, `3` = 39L, `4` = 36L, `5` = 33L, `6` = 37L, `7` = 21L, 
    `8` = 29L, `9` = 28L, `10` = 19L, `11` = 15L, `12` = 17L, 
    `13` = 14L, `14` = 12L, `15` = 9L, `16` = 9L, `17` = 11L, 
    `18` = 9L, `19` = 3L, `20` = 9L, `21` = 7L, `22` = 6L, `23` = 7L, 
    `24` = 1L, `25` = 2L, `26` = 1L, `27` = 2L, `28` = 1L, `29` = 1L, 
    `30` = 2L, `31` = 1L, `32` = 1L, `33` = 2L, `40` = 1L, `41` = 1L
    ), .Dim = 35L, .Dimnames = list(TagUsage = c("1", "2", "3", 
    "4", "5", "6", "7", "8", "9", "10", "11", "12", "13", "14", 
    "15", "16", "17", "18", "19", "20", "21", "22", "23", "24", 
    "25", "26", "27", "28", "29", "30", "31", "32", "33", "40", 
    "41")), class = "table"), No.Tag = structure(c(0L, 0L, 28L, 
    1L, 0L, 0L, 1L, 22L, 0L, 0L, 0L, 0L, 1L, 0L, 0L), .Dim = c(5L, 
    3L), .Dimnames = structure(list(c("-2", "-1", "0", "1", NA
    ), c("A", "G", NA)), .Names = c("", "")), class = "table"), 
    All.Tags = list(Concordant = list(Freqs = structure(c(0, 
    0, 232, 1, 0, 0, 218, 0), .Dim = c(4L, 2L), .Dimnames = list(
        c("-2", "-1", "0", "1"), c("A", "G"))), N = 451), Majority = list(
        Freqs = structure(c(0, 0, 255, 1, 0, 0, 253, 0), .Dim = c(4L, 
        2L), .Dimnames = list(c("-2", "-1", "0", "1"), c("A", 
        "G"))), N = 509)), `2` = structure(c(0, 0, 215, 0, 0, 
    0, 216, 0), .Dim = c(4L, 2L), .Dimnames = list(c("-2", "-1", 
    "0", "1"), c("A", "G"))))))
