Results <-
list(`bwa.out//20220204//BlindCMMRD67_S26.sam` = list(IM49_SNP1 = list(
    All = list(Freqs = structure(c(5L, 129L, 4422L, 84L, 57L, 
    0L, 0L, 5L, 0L, 0L, 0L, 4L, 254L, 1L, 0L), .Dim = c(5L, 3L
    ), .Dimnames = structure(list(c("-2", "-1", "0", "1", NA), 
        c("C", "G", NA)), .Names = c("", "")), class = "table"), 
        N = 4961L), Tag.Distribution = structure(c(`1` = 268L, 
    `2` = 80L, `3` = 86L, `4` = 68L, `5` = 66L, `6` = 48L, `7` = 45L, 
    `8` = 38L, `9` = 26L, `10` = 30L, `11` = 22L, `12` = 19L, 
    `13` = 21L, `14` = 11L, `15` = 15L, `16` = 8L, `17` = 2L, 
    `18` = 9L, `19` = 8L, `20` = 5L, `21` = 4L, `22` = 4L, `23` = 2L, 
    `25` = 2L, `26` = 2L, `27` = 2L, `28` = 1L, `33` = 1L), .Dim = 28L, .Dimnames = list(
        TagUsage = c("1", "2", "3", "4", "5", "6", "7", "8", 
        "9", "10", "11", "12", "13", "14", "15", "16", "17", 
        "18", "19", "20", "21", "22", "23", "25", "26", "27", 
        "28", "33")), class = "table"), No.Tag = structure(c(0L, 
    1L, 89L, 0L, 2L, 0L, 0L, 0L, 0L, 0L, 0L, 1L, 6L, 0L, 0L), .Dim = c(5L, 
    3L), .Dimnames = structure(list(c("-2", "-1", "0", "1", NA
    ), c("C", "G", NA)), .Names = c("", "")), class = "table"), 
    All.Tags = list(Concordant = list(Freqs = structure(c(0, 
    7, 655, 6, 0, 0, 4, 0), .Dim = c(4L, 2L), .Dimnames = list(
        c("-2", "-1", "0", "1"), c("C", "G"))), N = 672), Majority = list(
        Freqs = structure(c(0, 8, 797, 6, 0, 0, 4, 0), .Dim = c(4L, 
        2L), .Dimnames = list(c("-2", "-1", "0", "1"), c("C", 
        "G"))), N = 815)), `2` = structure(c(0, 2, 613, 1, 0, 
    0, 0, 0), .Dim = c(4L, 2L), .Dimnames = list(c("-2", "-1", 
    "0", "1"), c("C", "G"))))))
