Results <-
list(`bwa.out//20220204//Control28_S21.sam` = list(LR49_SNP1 = list(
    All = list(Freqs = structure(c(6L, 2663L, 1L, 2L, 0L, 4L, 
    0L, 0L, 0L, 2L, 0L, 0L, 0L, 43L, 0L, 0L), .Dim = c(4L, 4L
    ), .Dimnames = structure(list(c("-1", "0", "1", NA), c("A", 
    "G", "T", NA)), .Names = c("", "")), class = "table"), N = 2721L), 
    Tag.Distribution = structure(c(`1` = 138L, `2` = 44L, `3` = 53L, 
    `4` = 51L, `5` = 31L, `6` = 33L, `7` = 33L, `8` = 25L, `9` = 18L, 
    `10` = 17L, `11` = 7L, `12` = 8L, `13` = 3L, `14` = 6L, `15` = 3L, 
    `16` = 2L, `17` = 5L, `18` = 3L, `20` = 2L, `21` = 1L, `22` = 2L, 
    `23` = 3L, `24` = 2L, `26` = 1L, `30` = 1L, `32` = 1L, `36` = 1L
    ), .Dim = 27L, .Dimnames = list(TagUsage = c("1", "2", "3", 
    "4", "5", "6", "7", "8", "9", "10", "11", "12", "13", "14", 
    "15", "16", "17", "18", "20", "21", "22", "23", "24", "26", 
    "30", "32", "36")), class = "table"), No.Tag = structure(c(0L, 
    145L, 0L, 2L, 0L, 0L, 0L, 0L, 0L, 1L, 0L, 0L, 0L, 10L, 0L, 
    0L), .Dim = c(4L, 4L), .Dimnames = structure(list(c("-1", 
    "0", "1", NA), c("A", "G", "T", NA)), .Names = c("", "")), class = "table"), 
    All.Tags = list(Concordant = list(Freqs = structure(c(0, 
    474, 0, 0, 4, 0, 0, 1, 0), .Dim = c(3L, 3L), .Dimnames = list(
        c("-1", "0", "1"), c("A", "G", "T"))), N = 479), Majority = list(
        Freqs = structure(c(0, 480, 0, 0, 4, 0, 0, 1, 0), .Dim = c(3L, 
        3L), .Dimnames = list(c("-1", "0", "1"), c("A", "G", 
        "T"))), N = 485)), `2` = structure(c(0, 356, 0, 0, 0, 
    0, 0, 0, 0), .Dim = c(3L, 3L), .Dimnames = list(c("-1", "0", 
    "1"), c("A", "G", "T"))))))
