Results <-
list(`bwa.out//20220204//MLPA100_S14.sam` = list(LR20_SNP1 = list(
    All = list(Freqs = structure(c(0L, 1L, 0L, 0L, 2L, 1713L, 
    1L, 3L, 1L, 1861L, 2L, 0L, 0L, 27L, 0L, 0L), .Dim = c(4L, 
    4L), .Dimnames = structure(list(c("-1", "0", "1", NA), c("-", 
    "A", "G", NA)), .Names = c("", "")), class = "table"), N = 3611L), 
    Tag.Distribution = structure(c(`1` = 254L, `2` = 130L, `3` = 94L, 
    `4` = 61L, `5` = 48L, `6` = 50L, `7` = 41L, `8` = 31L, `9` = 11L, 
    `10` = 22L, `11` = 9L, `12` = 16L, `13` = 10L, `14` = 13L, 
    `15` = 6L, `16` = 6L, `17` = 6L, `18` = 2L, `19` = 2L, `21` = 3L, 
    `23` = 1L, `24` = 1L, `29` = 1L), .Dim = 23L, .Dimnames = list(
        TagUsage = c("1", "2", "3", "4", "5", "6", "7", "8", 
        "9", "10", "11", "12", "13", "14", "15", "16", "17", 
        "18", "19", "21", "23", "24", "29")), class = "table"), 
    No.Tag = structure(c(0L, 0L, 0L, 0L, 0L, 34L, 0L, 2L, 0L, 
    35L, 0L, 0L, 0L, 2L, 0L, 0L), .Dim = c(4L, 4L), .Dimnames = structure(list(
        c("-1", "0", "1", NA), c("-", "A", "G", NA)), .Names = c("", 
    "")), class = "table"), All.Tags = list(Concordant = list(
        Freqs = structure(c(0, 0, 0, 0, 367, 0, 1, 349, 0), .Dim = c(3L, 
        3L), .Dimnames = list(c("-1", "0", "1"), c("-", "A", 
        "G"))), N = 717), Majority = list(Freqs = structure(c(0, 
    0, 0, 0, 411, 0, 1, 388, 0), .Dim = c(3L, 3L), .Dimnames = list(
        c("-1", "0", "1"), c("-", "A", "G"))), N = 800)), `2` = structure(c(0, 
    0, 0, 0, 283, 0, 0, 266, 0), .Dim = c(3L, 3L), .Dimnames = list(
        c("-1", "0", "1"), c("-", "A", "G"))))))
