Results <-
list(`bwa.out//20220204//Control21_S14.sam` = list(LR40_SNP1 = list(
    All = list(Freqs = structure(c(17L, 1792L, 9L, 2L, 20L, 1632L, 
    11L, 4L, 1L, 17L, 0L, 0L), .Dim = 4:3, .Dimnames = structure(list(
        c("-1", "0", "1", NA), c("A", "C", NA)), .Names = c("", 
    "")), class = "table"), N = 3505L), Tag.Distribution = structure(c(`1` = 129L, 
    `2` = 64L, `3` = 53L, `4` = 44L, `5` = 44L, `6` = 29L, `7` = 25L, 
    `8` = 22L, `9` = 16L, `10` = 21L, `11` = 12L, `12` = 13L, 
    `13` = 12L, `14` = 8L, `15` = 8L, `16` = 4L, `17` = 7L, `18` = 4L, 
    `19` = 8L, `20` = 4L, `21` = 5L, `22` = 1L, `23` = 4L, `24` = 1L, 
    `25` = 1L, `26` = 3L, `28` = 1L, `32` = 1L, `34` = 1L, `36` = 1L, 
    `65` = 1L), .Dim = 31L, .Dimnames = list(TagUsage = c("1", 
    "2", "3", "4", "5", "6", "7", "8", "9", "10", "11", "12", 
    "13", "14", "15", "16", "17", "18", "19", "20", "21", "22", 
    "23", "24", "25", "26", "28", "32", "34", "36", "65")), class = "table"), 
    No.Tag = structure(c(1L, 60L, 0L, 0L, 0L, 43L, 1L, 2L, 0L, 
    3L, 0L, 0L), .Dim = 4:3, .Dimnames = structure(list(c("-1", 
    "0", "1", NA), c("A", "C", NA)), .Names = c("", "")), class = "table"), 
    All.Tags = list(Concordant = list(Freqs = structure(c(1, 
    239, 0, 1, 227, 0), .Dim = 3:2, .Dimnames = list(c("-1", 
    "0", "1"), c("A", "C"))), N = 468), Majority = list(Freqs = structure(c(1, 
    273, 0, 1, 264, 0), .Dim = 3:2, .Dimnames = list(c("-1", 
    "0", "1"), c("A", "C"))), N = 539)), `2` = structure(c(0, 
    207, 0, 0, 206, 0), .Dim = 3:2, .Dimnames = list(c("-1", 
    "0", "1"), c("A", "C"))))))
