Results <-
list(`bwa.out//20220204//BlindCMMRD85_S44.sam` = list(LR36_SNP1 = list(
    All = list(Freqs = structure(c(0L, 0L, 3L, 0L, 0L, 4L, 52L, 
    2709L, 26L, 16L, 0L, 0L, 120L, 2L, 0L), .Dim = c(5L, 3L), .Dimnames = structure(list(
        c("-2", "-1", "0", "1", NA), c("A", "T", NA)), .Names = c("", 
    "")), class = "table"), N = 2932L), Tag.Distribution = structure(c(`1` = 91L, 
    `2` = 56L, `3` = 47L, `4` = 41L, `5` = 39L, `6` = 36L, `7` = 24L, 
    `8` = 11L, `9` = 14L, `10` = 15L, `11` = 12L, `12` = 9L, 
    `13` = 3L, `14` = 12L, `15` = 10L, `16` = 9L, `17` = 5L, 
    `18` = 4L, `19` = 1L, `20` = 6L, `21` = 3L, `22` = 3L, `23` = 2L, 
    `24` = 1L, `29` = 3L, `31` = 1L), .Dim = 26L, .Dimnames = list(
        TagUsage = c("1", "2", "3", "4", "5", "6", "7", "8", 
        "9", "10", "11", "12", "13", "14", "15", "16", "17", 
        "18", "19", "20", "21", "22", "23", "24", "29", "31")), class = "table"), 
    No.Tag = structure(c(0L, 0L, 0L, 0L, 0L, 0L, 2L, 100L, 1L, 
    5L, 0L, 0L, 19L, 0L, 0L), .Dim = c(5L, 3L), .Dimnames = structure(list(
        c("-2", "-1", "0", "1", NA), c("A", "T", NA)), .Names = c("", 
    "")), class = "table"), All.Tags = list(Concordant = list(
        Freqs = structure(c(0, 0, 0, 0, 0, 1, 379, 1), .Dim = c(4L, 
        2L), .Dimnames = list(c("-2", "-1", "0", "1"), c("A", 
        "T"))), N = 381), Majority = list(Freqs = structure(c(0, 
    0, 0, 0, 0, 1, 444, 1), .Dim = c(4L, 2L), .Dimnames = list(
        c("-2", "-1", "0", "1"), c("A", "T"))), N = 446)), `2` = structure(c(0, 
    0, 0, 0, 0, 0, 365, 0), .Dim = c(4L, 2L), .Dimnames = list(
        c("-2", "-1", "0", "1"), c("A", "T"))))))
