Results <-
list(`bwa.out//20220204//BlindCMMRD121_S47.sam` = list(GM29_SNP1 = list(
    All = list(Freqs = structure(c(1L, 26L, 2338L, 5L, 6L, 1L, 
    26L, 2420L, 7L, 8L, 0L, 0L, 19L, 0L, 0L), .Dim = c(5L, 3L
    ), .Dimnames = structure(list(c("-2", "-1", "0", "1", NA), 
        c("A", "G", NA)), .Names = c("", "")), class = "table"), 
        N = 4857L), Tag.Distribution = structure(c(`1` = 221L, 
    `2` = 149L, `3` = 130L, `4` = 100L, `5` = 92L, `6` = 66L, 
    `7` = 55L, `8` = 50L, `9` = 19L, `10` = 16L, `11` = 15L, 
    `12` = 11L, `13` = 8L, `14` = 12L, `15` = 9L, `16` = 7L, 
    `17` = 7L, `18` = 4L, `19` = 1L, `20` = 2L, `21` = 6L, `23` = 2L, 
    `24` = 1L, `25` = 3L, `26` = 1L, `27` = 1L, `32` = 1L, `39` = 1L
    ), .Dim = 28L, .Dimnames = list(TagUsage = c("1", "2", "3", 
    "4", "5", "6", "7", "8", "9", "10", "11", "12", "13", "14", 
    "15", "16", "17", "18", "19", "20", "21", "23", "24", "25", 
    "26", "27", "32", "39")), class = "table"), No.Tag = structure(c(0L, 
    1L, 67L, 0L, 1L, 0L, 2L, 41L, 0L, 0L, 0L, 0L, 3L, 0L, 0L), .Dim = c(5L, 
    3L), .Dimnames = structure(list(c("-2", "-1", "0", "1", NA
    ), c("A", "G", NA)), .Names = c("", "")), class = "table"), 
    All.Tags = list(Concordant = list(Freqs = structure(c(0, 
    1, 392, 0, 0, 1, 381, 0), .Dim = c(4L, 2L), .Dimnames = list(
        c("-2", "-1", "0", "1"), c("A", "G"))), N = 775), Majority = list(
        Freqs = structure(c(0, 1, 487, 0, 0, 1, 463, 0), .Dim = c(4L, 
        2L), .Dimnames = list(c("-2", "-1", "0", "1"), c("A", 
        "G"))), N = 952)), `2` = structure(c(0, 0, 367, 0, 0, 
    0, 368, 0), .Dim = c(4L, 2L), .Dimnames = list(c("-2", "-1", 
    "0", "1"), c("A", "G"))))))
