Results <-
list(`bwa.out//20220204//BlindCMMRD61_S20.sam` = list(GM07_SNP1 = list(
    All = list(Freqs = structure(c(2L, 153L, 2245L, 67L, 2L, 
    0L, 38L, 1L, 108L, 1929L, 46L, 0L, 1L, 23L, 0L, 3L, 58L, 
    1L, 0L, 0L, 0L), .Dim = c(7L, 3L), .Dimnames = structure(list(
        c("-2", "-1", "0", "1", "2", "3", NA), c("A", "G", NA
        )), .Names = c("", "")), class = "table"), N = 4677L), 
    Tag.Distribution = structure(c(`1` = 93L, `2` = 41L, `3` = 43L, 
    `4` = 33L, `5` = 29L, `6` = 28L, `7` = 22L, `8` = 21L, `9` = 30L, 
    `10` = 8L, `11` = 17L, `12` = 17L, `13` = 10L, `14` = 13L, 
    `15` = 15L, `16` = 10L, `17` = 3L, `18` = 7L, `19` = 5L, 
    `20` = 9L, `21` = 4L, `22` = 6L, `23` = 4L, `24` = 3L, `25` = 6L, 
    `26` = 3L, `27` = 3L, `28` = 2L, `29` = 4L, `30` = 3L, `31` = 1L, 
    `32` = 4L, `33` = 2L, `34` = 1L, `37` = 1L, `38` = 1L, `39` = 1L, 
    `40` = 1L), .Dim = 38L, .Dimnames = list(TagUsage = c("1", 
    "2", "3", "4", "5", "6", "7", "8", "9", "10", "11", "12", 
    "13", "14", "15", "16", "17", "18", "19", "20", "21", "22", 
    "23", "24", "25", "26", "27", "28", "29", "30", "31", "32", 
    "33", "34", "37", "38", "39", "40")), class = "table"), No.Tag = structure(c(0L, 
    2L, 186L, 3L, 1L, 0L, 10L, 0L, 5L, 132L, 0L, 0L, 0L, 3L, 
    0L, 0L, 10L, 0L, 0L, 0L, 0L), .Dim = c(7L, 3L), .Dimnames = structure(list(
        c("-2", "-1", "0", "1", "2", "3", NA), c("A", "G", NA
        )), .Names = c("", "")), class = "table"), All.Tags = list(
        Concordant = list(Freqs = structure(c(0, 6, 155, 0, 0, 
        0, 0, 5, 139, 0, 0, 0), .Dim = c(6L, 2L), .Dimnames = list(
            c("-2", "-1", "0", "1", "2", "3"), c("A", "G"))), 
            N = 305), Majority = list(Freqs = structure(c(0, 
        9, 256, 0, 0, 0, 0, 7, 218, 1, 0, 0), .Dim = c(6L, 2L
        ), .Dimnames = list(c("-2", "-1", "0", "1", "2", "3"), 
            c("A", "G"))), N = 491)), `2` = structure(c(0, 6, 
    215, 0, 0, 0, 0, 5, 180, 1, 0, 0), .Dim = c(6L, 2L), .Dimnames = list(
        c("-2", "-1", "0", "1", "2", "3"), c("A", "G"))))))
