Results <-
list(`bwa.out//20220204//BlindCMMRD133_S59.sam` = list(GM17_SNP1 = list(
    All = list(Freqs = structure(c(1L, 47L, 4616L, 16L, 1L, 7L, 
    0L, 0L, 2L, 0L, 0L, 0L, 0L, 2L, 20L, 1L, 0L, 0L), .Dim = c(6L, 
    3L), .Dimnames = structure(list(c("-2", "-1", "0", "1", "2", 
    NA), c("C", "T", NA)), .Names = c("", "")), class = "table"), 
        N = 4713L), Tag.Distribution = structure(c(`1` = 216L, 
    `2` = 159L, `3` = 136L, `4` = 125L, `5` = 110L, `6` = 65L, 
    `7` = 57L, `8` = 57L, `9` = 38L, `10` = 21L, `11` = 22L, 
    `12` = 16L, `13` = 6L, `14` = 6L, `15` = 3L, `16` = 4L, `17` = 2L, 
    `18` = 2L, `20` = 1L, `21` = 1L), .Dim = 20L, .Dimnames = list(
        TagUsage = c("1", "2", "3", "4", "5", "6", "7", "8", 
        "9", "10", "11", "12", "13", "14", "15", "16", "17", 
        "18", "20", "21")), class = "table"), No.Tag = structure(c(0L, 
    0L, 102L, 0L, 0L, 1L, 0L, 0L, 0L, 0L, 0L, 0L, 0L, 1L, 4L, 
    0L, 0L, 0L), .Dim = c(6L, 3L), .Dimnames = structure(list(
        c("-2", "-1", "0", "1", "2", NA), c("C", "T", NA)), .Names = c("", 
    "")), class = "table"), All.Tags = list(Concordant = list(
        Freqs = structure(c(0, 1, 987, 0, 0, 0, 0, 1, 0, 0), .Dim = c(5L, 
        2L), .Dimnames = list(c("-2", "-1", "0", "1", "2"), c("C", 
        "T"))), N = 989), Majority = list(Freqs = structure(c(0, 
    3, 1035, 1, 0, 0, 0, 1, 0, 0), .Dim = c(5L, 2L), .Dimnames = list(
        c("-2", "-1", "0", "1", "2"), c("C", "T"))), N = 1040)), 
    `2` = structure(c(0, 2, 823, 1, 0, 0, 0, 0, 0, 0), .Dim = c(5L, 
    2L), .Dimnames = list(c("-2", "-1", "0", "1", "2"), c("C", 
    "T"))))))
