Results <-
list(`bwa.out//20220204//BlindCMMRD97_S56.sam` = list(LR36_SNP1 = list(
    All = list(Freqs = structure(c(0L, 0L, 0L, 3L, 0L, 0L, 0L, 
    0L, 0L, 1L, 0L, 0L, 2L, 2L, 44L, 3195L, 18L, 26L, 0L, 0L, 
    4L, 161L, 2L, 0L), .Dim = c(6L, 4L), .Dimnames = structure(list(
        c("-3", "-2", "-1", "0", "1", NA), c("A", "G", "T", NA
        )), .Names = c("", "")), class = "table"), N = 3458L), 
    Tag.Distribution = structure(c(`1` = 81L, `2` = 40L, `3` = 30L, 
    `4` = 20L, `5` = 33L, `6` = 28L, `7` = 36L, `8` = 22L, `9` = 13L, 
    `10` = 7L, `11` = 15L, `12` = 16L, `13` = 12L, `14` = 8L, 
    `15` = 5L, `16` = 9L, `17` = 8L, `18` = 2L, `19` = 2L, `20` = 3L, 
    `21` = 4L, `22` = 6L, `23` = 6L, `24` = 5L, `26` = 3L, `27` = 1L, 
    `28` = 3L, `29` = 4L, `33` = 1L, `34` = 2L, `37` = 1L, `40` = 1L
    ), .Dim = 32L, .Dimnames = list(TagUsage = c("1", "2", "3", 
    "4", "5", "6", "7", "8", "9", "10", "11", "12", "13", "14", 
    "15", "16", "17", "18", "19", "20", "21", "22", "23", "24", 
    "26", "27", "28", "29", "33", "34", "37", "40")), class = "table"), 
    No.Tag = structure(c(0L, 0L, 0L, 0L, 0L, 0L, 0L, 0L, 0L, 
    0L, 0L, 0L, 0L, 0L, 1L, 81L, 1L, 4L, 0L, 0L, 0L, 20L, 1L, 
    0L), .Dim = c(6L, 4L), .Dimnames = structure(list(c("-3", 
    "-2", "-1", "0", "1", NA), c("A", "G", "T", NA)), .Names = c("", 
    "")), class = "table"), All.Tags = list(Concordant = list(
        Freqs = structure(c(0, 0, 0, 0, 0, 0, 0, 0, 0, 0, 0, 
        0, 2, 361, 0), .Dim = c(5L, 3L), .Dimnames = list(c("-3", 
        "-2", "-1", "0", "1"), c("A", "G", "T"))), N = 363), 
        Majority = list(Freqs = structure(c(0, 0, 0, 0, 0, 0, 
        0, 0, 0, 0, 0, 0, 2, 417, 0), .Dim = c(5L, 3L), .Dimnames = list(
            c("-3", "-2", "-1", "0", "1"), c("A", "G", "T"))), 
            N = 419)), `2` = structure(c(0, 0, 0, 0, 0, 0, 0, 
    0, 0, 0, 0, 0, 0, 346, 0), .Dim = c(5L, 3L), .Dimnames = list(
        c("-3", "-2", "-1", "0", "1"), c("A", "G", "T"))))))
