Results <-
list(`bwa.out//20220204//BlindCMMRD42_S2.sam` = list(DEPDC2_SNP1 = list(
    All = list(Freqs = structure(c(17L, 2483L, 8L, 7L, 31L, 3615L, 
    12L, 49L, 0L, 59L, 0L, 0L), .Dim = 4:3, .Dimnames = structure(list(
        c("-1", "0", "1", NA), c("C", "T", NA)), .Names = c("", 
    "")), class = "table"), N = 6281L), Tag.Distribution = structure(c(`1` = 137L, 
    `2` = 31L, `3` = 26L, `4` = 20L, `5` = 24L, `6` = 13L, `7` = 15L, 
    `8` = 18L, `9` = 21L, `10` = 21L, `11` = 16L, `12` = 13L, 
    `13` = 12L, `14` = 15L, `15` = 12L, `16` = 8L, `17` = 13L, 
    `18` = 6L, `19` = 13L, `20` = 7L, `21` = 8L, `22` = 4L, `23` = 8L, 
    `24` = 6L, `25` = 2L, `26` = 4L, `27` = 2L, `28` = 3L, `29` = 3L, 
    `30` = 7L, `31` = 5L, `32` = 6L, `33` = 2L, `34` = 1L, `35` = 1L, 
    `36` = 3L, `37` = 4L, `38` = 2L, `39` = 2L, `40` = 1L, `41` = 4L, 
    `42` = 3L, `43` = 2L, `44` = 3L, `45` = 4L, `47` = 1L, `48` = 1L, 
    `49` = 2L, `50` = 1L, `51` = 1L, `52` = 1L, `54` = 2L), .Dim = 52L, .Dimnames = list(
        TagUsage = c("1", "2", "3", "4", "5", "6", "7", "8", 
        "9", "10", "11", "12", "13", "14", "15", "16", "17", 
        "18", "19", "20", "21", "22", "23", "24", "25", "26", 
        "27", "28", "29", "30", "31", "32", "33", "34", "35", 
        "36", "37", "38", "39", "40", "41", "42", "43", "44", 
        "45", "47", "48", "49", "50", "51", "52", "54")), class = "table"), 
    No.Tag = structure(c(0L, 33L, 0L, 0L, 1L, 32L, 0L, 38L, 0L, 
    5L, 0L, 0L), .Dim = 4:3, .Dimnames = structure(list(c("-1", 
    "0", "1", NA), c("C", "T", NA)), .Names = c("", "")), class = "table"), 
    All.Tags = list(Concordant = list(Freqs = structure(c(0, 
    227, 0, 0, 231, 1), .Dim = 3:2, .Dimnames = list(c("-1", 
    "0", "1"), c("C", "T"))), N = 459), Majority = list(Freqs = structure(c(0, 
    255, 0, 0, 270, 1), .Dim = 3:2, .Dimnames = list(c("-1", 
    "0", "1"), c("C", "T"))), N = 526)), `2` = structure(c(0, 
    191, 0, 0, 208, 0), .Dim = 3:2, .Dimnames = list(c("-1", 
    "0", "1"), c("C", "T"))))))
