Results <-
list(`bwa.out//20220204//BlindCMMRD115_S41.sam` = list(GM11_SNP1 = list(
    All = list(Freqs = structure(c(0L, 6L, 0L, 0L, 35L, 4995L, 
    15L, 6L, 0L, 15L, 0L, 0L), .Dim = 4:3, .Dimnames = structure(list(
        c("-1", "0", "1", NA), c("A", "G", NA)), .Names = c("", 
    "")), class = "table"), N = 5072L), Tag.Distribution = structure(c(`1` = 166L, 
    `2` = 143L, `3` = 165L, `4` = 119L, `5` = 89L, `6` = 66L, 
    `7` = 66L, `8` = 51L, `9` = 36L, `10` = 33L, `11` = 24L, 
    `12` = 20L, `13` = 10L, `14` = 10L, `15` = 5L, `16` = 6L, 
    `17` = 1L, `18` = 1L, `19` = 3L, `20` = 3L, `21` = 2L, `22` = 1L, 
    `24` = 1L, `25` = 1L, `29` = 1L), .Dim = 25L, .Dimnames = list(
        TagUsage = c("1", "2", "3", "4", "5", "6", "7", "8", 
        "9", "10", "11", "12", "13", "14", "15", "16", "17", 
        "18", "19", "20", "21", "22", "24", "25", "29")), class = "table"), 
    No.Tag = structure(c(0L, 0L, 0L, 0L, 0L, 45L, 0L, 0L, 0L, 
    0L, 0L, 0L), .Dim = 4:3, .Dimnames = structure(list(c("-1", 
    "0", "1", NA), c("A", "G", NA)), .Names = c("", "")), class = "table"), 
    All.Tags = list(Concordant = list(Freqs = structure(c(0, 
    2, 0, 5, 969, 0), .Dim = 3:2, .Dimnames = list(c("-1", "0", 
    "1"), c("A", "G"))), N = 976), Majority = list(Freqs = structure(c(0, 
    2, 0, 5, 1004, 0), .Dim = 3:2, .Dimnames = list(c("-1", "0", 
    "1"), c("A", "G"))), N = 1011)), `2` = structure(c(0, 0, 
    0, 2, 847, 0), .Dim = 3:2, .Dimnames = list(c("-1", "0", 
    "1"), c("A", "G"))))))
