Results <-
list(`bwa.out//20220204//BlindCMMRD68_S27.sam` = list(GM11_SNP1 = list(
    All = list(Freqs = structure(c(24L, 2250L, 4L, 1L, 13L, 2385L, 
    11L, 2L, 0L, 1L, 0L, 0L, 0L, 16L, 1L, 0L), .Dim = c(4L, 4L
    ), .Dimnames = structure(list(c("-1", "0", "1", NA), c("A", 
    "G", "T", NA)), .Names = c("", "")), class = "table"), N = 4708L), 
    Tag.Distribution = structure(c(`1` = 125L, `2` = 52L, `3` = 45L, 
    `4` = 40L, `5` = 32L, `6` = 32L, `7` = 27L, `8` = 33L, `9` = 31L, 
    `10` = 18L, `11` = 10L, `12` = 13L, `13` = 20L, `14` = 16L, 
    `15` = 17L, `16` = 14L, `17` = 11L, `18` = 8L, `19` = 9L, 
    `20` = 8L, `21` = 7L, `22` = 6L, `23` = 3L, `24` = 4L, `25` = 4L, 
    `26` = 1L, `27` = 4L, `30` = 3L, `32` = 1L, `34` = 1L, `35` = 1L, 
    `40` = 1L, `42` = 1L), .Dim = 33L, .Dimnames = list(TagUsage = c("1", 
    "2", "3", "4", "5", "6", "7", "8", "9", "10", "11", "12", 
    "13", "14", "15", "16", "17", "18", "19", "20", "21", "22", 
    "23", "24", "25", "26", "27", "30", "32", "34", "35", "40", 
    "42")), class = "table"), No.Tag = structure(c(1L, 38L, 0L, 
    1L, 0L, 36L, 0L, 0L, 0L, 0L, 0L, 0L, 0L, 2L, 0L, 0L), .Dim = c(4L, 
    4L), .Dimnames = structure(list(c("-1", "0", "1", NA), c("A", 
    "G", "T", NA)), .Names = c("", "")), class = "table"), All.Tags = list(
        Concordant = list(Freqs = structure(c(0, 268, 0, 0, 247, 
        0, 0, 0, 0), .Dim = c(3L, 3L), .Dimnames = list(c("-1", 
        "0", "1"), c("A", "G", "T"))), N = 515), Majority = list(
            Freqs = structure(c(1, 301, 0, 0, 289, 0, 0, 0, 0
            ), .Dim = c(3L, 3L), .Dimnames = list(c("-1", "0", 
            "1"), c("A", "G", "T"))), N = 591)), `2` = structure(c(1, 
    237, 0, 0, 231, 0, 0, 0, 0), .Dim = c(3L, 3L), .Dimnames = list(
        c("-1", "0", "1"), c("A", "G", "T"))))))
