Results <-
list(`bwa.out//20220204//BlindCMMRD58_S17.sam` = list(LR46_SNP1 = list(
    All = list(Freqs = structure(c(1L, 51L, 5613L, 11L, 16L, 
    0L, 0L, 4L, 0L, 0L, 0L, 0L, 42L, 0L, 0L), .Dim = c(5L, 3L
    ), .Dimnames = structure(list(c("-2", "-1", "0", "1", NA), 
        c("G", "T", NA)), .Names = c("", "")), class = "table"), 
        N = 5738L), Tag.Distribution = structure(c(`1` = 104L, 
    `2` = 15L, `3` = 9L, `4` = 15L, `5` = 9L, `6` = 7L, `7` = 7L, 
    `8` = 7L, `9` = 4L, `10` = 7L, `11` = 6L, `12` = 4L, `13` = 4L, 
    `14` = 5L, `15` = 3L, `16` = 6L, `17` = 4L, `18` = 5L, `19` = 6L, 
    `20` = 3L, `21` = 3L, `22` = 4L, `23` = 4L, `24` = 6L, `25` = 3L, 
    `26` = 3L, `27` = 4L, `28` = 5L, `29` = 6L, `30` = 4L, `31` = 5L, 
    `32` = 3L, `34` = 3L, `35` = 2L, `36` = 1L, `37` = 2L, `38` = 1L, 
    `39` = 2L, `40` = 3L, `41` = 1L, `44` = 1L, `46` = 3L, `47` = 1L, 
    `48` = 2L, `49` = 1L, `50` = 2L, `51` = 2L, `52` = 2L, `53` = 1L, 
    `54` = 1L, `55` = 1L, `56` = 4L, `57` = 1L, `59` = 1L, `60` = 2L, 
    `61` = 1L, `62` = 3L, `64` = 2L, `70` = 1L, `72` = 1L, `73` = 1L, 
    `79` = 1L, `81` = 1L, `85` = 1L, `86` = 1L, `88` = 1L, `101` = 1L, 
    `129` = 1L), .Dim = 68L, .Dimnames = list(TagUsage = c("1", 
    "2", "3", "4", "5", "6", "7", "8", "9", "10", "11", "12", 
    "13", "14", "15", "16", "17", "18", "19", "20", "21", "22", 
    "23", "24", "25", "26", "27", "28", "29", "30", "31", "32", 
    "34", "35", "36", "37", "38", "39", "40", "41", "44", "46", 
    "47", "48", "49", "50", "51", "52", "53", "54", "55", "56", 
    "57", "59", "60", "61", "62", "64", "70", "72", "73", "79", 
    "81", "85", "86", "88", "101", "129")), class = "table"), 
    No.Tag = structure(c(0L, 1L, 72L, 1L, 1L, 0L, 0L, 0L, 0L, 
    0L, 0L, 0L, 2L, 0L, 0L), .Dim = c(5L, 3L), .Dimnames = structure(list(
        c("-2", "-1", "0", "1", NA), c("G", "T", NA)), .Names = c("", 
    "")), class = "table"), All.Tags = list(Concordant = list(
        Freqs = structure(c(0, 2, 302, 0, 0, 0, 3, 0), .Dim = c(4L, 
        2L), .Dimnames = list(c("-2", "-1", "0", "1"), c("G", 
        "T"))), N = 307), Majority = list(Freqs = structure(c(0, 
    2, 325, 0, 0, 0, 3, 0), .Dim = c(4L, 2L), .Dimnames = list(
        c("-2", "-1", "0", "1"), c("G", "T"))), N = 330)), `2` = structure(c(0, 
    2, 230, 0, 0, 0, 0, 0), .Dim = c(4L, 2L), .Dimnames = list(
        c("-2", "-1", "0", "1"), c("G", "T"))))))
