Results <-
list(`bwa.out//20220204//BlindCMMRD134_S60.sam` = list(LR48_SNP1 = list(
    All = list(Freqs = structure(c(1L, 86L, 3542L, 33L, 17L, 
    0L, 0L, 2L, 0L, 0L, 0L, 1L, 35L, 0L, 0L), .Dim = c(5L, 3L
    ), .Dimnames = structure(list(c("-2", "-1", "0", "1", NA), 
        c("C", "T", NA)), .Names = c("", "")), class = "table"), 
        N = 3717L), Tag.Distribution = structure(c(`1` = 71L, 
    `2` = 41L, `3` = 63L, `4` = 64L, `5` = 48L, `6` = 43L, `7` = 42L, 
    `8` = 41L, `9` = 25L, `10` = 19L, `11` = 21L, `12` = 25L, 
    `13` = 18L, `14` = 9L, `15` = 15L, `16` = 6L, `17` = 1L, 
    `18` = 3L, `19` = 1L, `20` = 4L, `21` = 2L, `22` = 1L, `23` = 2L, 
    `24` = 2L), .Dim = 24L, .Dimnames = list(TagUsage = c("1", 
    "2", "3", "4", "5", "6", "7", "8", "9", "10", "11", "12", 
    "13", "14", "15", "16", "17", "18", "19", "20", "21", "22", 
    "23", "24")), class = "table"), No.Tag = structure(c(0L, 
    0L, 43L, 0L, 0L, 0L, 0L, 0L, 0L, 0L, 0L, 0L, 1L, 0L, 0L), .Dim = c(5L, 
    3L), .Dimnames = structure(list(c("-2", "-1", "0", "1", NA
    ), c("C", "T", NA)), .Names = c("", "")), class = "table"), 
    All.Tags = list(Concordant = list(Freqs = structure(c(0, 
    2, 460, 1, 0, 0, 2, 0), .Dim = c(4L, 2L), .Dimnames = list(
        c("-2", "-1", "0", "1"), c("C", "T"))), N = 465), Majority = list(
        Freqs = structure(c(0, 3, 555, 3, 0, 0, 2, 0), .Dim = c(4L, 
        2L), .Dimnames = list(c("-2", "-1", "0", "1"), c("C", 
        "T"))), N = 563)), `2` = structure(c(0, 1, 493, 2, 0, 
    0, 0, 0), .Dim = c(4L, 2L), .Dimnames = list(c("-2", "-1", 
    "0", "1"), c("C", "T"))))))
