Results <-
list(`bwa.out//20220204//17D0944_S7.sam` = list(GM14_SNP1 = list(
    All = list(Freqs = structure(c(0L, 0L, 0L, 1L, 0L, 0L, 1L, 
    0L, 4L, 0L, 1L, 3L, 52L, 2475L, 12L, 0L, 0L, 0L, 55L, 1L), .Dim = 5:4, .Dimnames = structure(list(
        c("-3", "-2", "-1", "0", "1"), c("A", "C", "T", NA)), .Names = c("", 
    "")), class = "table"), N = 2605L), Tag.Distribution = structure(c(`1` = 48L, 
    `2` = 19L, `3` = 20L, `4` = 14L, `5` = 17L, `6` = 8L, `7` = 14L, 
    `8` = 14L, `9` = 8L, `10` = 8L, `11` = 6L, `12` = 11L, `13` = 8L, 
    `14` = 5L, `15` = 5L, `16` = 5L, `17` = 3L, `18` = 4L, `19` = 5L, 
    `20` = 3L, `21` = 4L, `23` = 1L, `24` = 2L, `25` = 1L, `26` = 1L, 
    `27` = 1L, `28` = 3L, `29` = 1L, `30` = 6L, `31` = 3L, `32` = 1L, 
    `34` = 2L, `36` = 2L, `37` = 2L, `39` = 1L, `42` = 1L, `43` = 2L
    ), .Dim = 37L, .Dimnames = list(TagUsage = c("1", "2", "3", 
    "4", "5", "6", "7", "8", "9", "10", "11", "12", "13", "14", 
    "15", "16", "17", "18", "19", "20", "21", "23", "24", "25", 
    "26", "27", "28", "29", "30", "31", "32", "34", "36", "37", 
    "39", "42", "43")), class = "table"), No.Tag = structure(c(0L, 
    0L, 0L, 0L, 0L, 0L, 0L, 0L, 0L, 0L, 0L, 0L, 0L, 0L, 1L, 66L, 
    0L, 0L, 0L, 0L, 0L, 4L, 0L, 0L), .Dim = c(6L, 4L), .Dimnames = structure(list(
        c("-3", "-2", "-1", "0", "1", NA), c("A", "C", "T", NA
        )), .Names = c("", "")), class = "table"), All.Tags = list(
        Concordant = list(Freqs = structure(c(0, 0, 0, 0, 0, 
        0, 1, 0, 3, 0, 0, 0, 1, 198, 0), .Dim = c(5L, 3L), .Dimnames = list(
            c("-3", "-2", "-1", "0", "1"), c("A", "C", "T"))), 
            N = 203), Majority = list(Freqs = structure(c(0, 
        0, 0, 0, 0, 0, 1, 0, 3, 0, 0, 0, 1, 247, 0), .Dim = c(5L, 
        3L), .Dimnames = list(c("-3", "-2", "-1", "0", "1"), 
            c("A", "C", "T"))), N = 252)), `2` = structure(c(0, 
    0, 0, 0, 0, 0, 0, 0, 0, 0, 0, 0, 1, 209, 0), .Dim = c(5L, 
    3L), .Dimnames = list(c("-3", "-2", "-1", "0", "1"), c("A", 
    "C", "T"))))))
