Results <-
list(`bwa.out//20220204//BlindCMMRD50_S10.sam` = list(LR40_SNP1 = list(
    All = list(Freqs = structure(c(1L, 44L, 4628L, 14L, 6L, 0L, 
    0L, 1L, 0L, 0L, 0L, 0L, 10L, 0L, 0L), .Dim = c(5L, 3L), .Dimnames = structure(list(
        c("-2", "-1", "0", "1", NA), c("C", "G", NA)), .Names = c("", 
    "")), class = "table"), N = 4704L), Tag.Distribution = structure(c(`1` = 70L, 
    `2` = 31L, `3` = 21L, `4` = 12L, `5` = 18L, `6` = 13L, `7` = 16L, 
    `8` = 4L, `9` = 8L, `10` = 9L, `11` = 8L, `12` = 5L, `13` = 7L, 
    `14` = 9L, `15` = 8L, `16` = 6L, `17` = 4L, `18` = 4L, `19` = 3L, 
    `20` = 3L, `21` = 3L, `22` = 3L, `23` = 5L, `24` = 1L, `25` = 4L, 
    `26` = 3L, `27` = 2L, `28` = 3L, `29` = 4L, `30` = 4L, `31` = 2L, 
    `32` = 3L, `33` = 1L, `34` = 1L, `35` = 3L, `36` = 5L, `37` = 1L, 
    `38` = 8L, `39` = 1L, `41` = 1L, `42` = 1L, `44` = 1L, `45` = 2L, 
    `46` = 3L, `47` = 2L, `49` = 1L, `50` = 2L, `51` = 1L, `53` = 1L, 
    `54` = 1L, `56` = 1L, `57` = 1L, `59` = 2L, `62` = 1L, `67` = 1L, 
    `69` = 1L, `71` = 1L, `83` = 1L), .Dim = 58L, .Dimnames = list(
        TagUsage = c("1", "2", "3", "4", "5", "6", "7", "8", 
        "9", "10", "11", "12", "13", "14", "15", "16", "17", 
        "18", "19", "20", "21", "22", "23", "24", "25", "26", 
        "27", "28", "29", "30", "31", "32", "33", "34", "35", 
        "36", "37", "38", "39", "41", "42", "44", "45", "46", 
        "47", "49", "50", "51", "53", "54", "56", "57", "59", 
        "62", "67", "69", "71", "83")), class = "table"), No.Tag = structure(c(0L, 
    2L, 96L, 0L, 2L, 0L, 0L, 0L, 0L, 0L, 0L, 0L, 0L, 0L, 0L), .Dim = c(5L, 
    3L), .Dimnames = structure(list(c("-2", "-1", "0", "1", NA
    ), c("C", "G", NA)), .Names = c("", "")), class = "table"), 
    All.Tags = list(Concordant = list(Freqs = structure(c(0, 
    1, 297, 0, 0, 0, 0, 0), .Dim = c(4L, 2L), .Dimnames = list(
        c("-2", "-1", "0", "1"), c("C", "G"))), N = 298), Majority = list(
        Freqs = structure(c(0, 1, 338, 0, 0, 0, 0, 0), .Dim = c(4L, 
        2L), .Dimnames = list(c("-2", "-1", "0", "1"), c("C", 
        "G"))), N = 339)), `2` = structure(c(0, 0, 270, 0, 0, 
    0, 0, 0), .Dim = c(4L, 2L), .Dimnames = list(c("-2", "-1", 
    "0", "1"), c("C", "G"))))))
