Results <-
list(`bwa.out//20220204//Control18_S11.sam` = list(LR46_SNP1 = list(
    All = list(Freqs = structure(c(7L, 2377L, 5L, 7L, 1L, 26L, 
    0L, 0L, 0L, 8L, 0L, 0L), .Dim = 4:3, .Dimnames = structure(list(
        c("-1", "0", "1", NA), c("G", "T", NA)), .Names = c("", 
    "")), class = "table"), N = 2431L), Tag.Distribution = structure(c(`1` = 98L, 
    `2` = 24L, `3` = 27L, `4` = 21L, `5` = 19L, `6` = 10L, `7` = 14L, 
    `8` = 13L, `9` = 10L, `10` = 13L, `11` = 8L, `12` = 7L, `13` = 8L, 
    `14` = 7L, `15` = 4L, `16` = 7L, `17` = 5L, `18` = 6L, `19` = 4L, 
    `20` = 1L, `21` = 5L, `22` = 5L, `23` = 1L, `24` = 4L, `25` = 1L, 
    `26` = 2L, `27` = 1L, `28` = 2L, `30` = 1L, `31` = 1L, `37` = 1L, 
    `41` = 1L), .Dim = 32L, .Dimnames = list(TagUsage = c("1", 
    "2", "3", "4", "5", "6", "7", "8", "9", "10", "11", "12", 
    "13", "14", "15", "16", "17", "18", "19", "20", "21", "22", 
    "23", "24", "25", "26", "27", "28", "30", "31", "37", "41"
    )), class = "table"), No.Tag = structure(c(0L, 72L, 0L, 1L, 
    0L, 0L, 0L, 0L, 0L, 2L, 0L, 0L), .Dim = 4:3, .Dimnames = structure(list(
        c("-1", "0", "1", NA), c("G", "T", NA)), .Names = c("", 
    "")), class = "table"), All.Tags = list(Concordant = list(
        Freqs = structure(c(1, 315, 0, 0, 1, 0), .Dim = 3:2, .Dimnames = list(
            c("-1", "0", "1"), c("G", "T"))), N = 317), Majority = list(
        Freqs = structure(c(1, 324, 0, 0, 2, 0), .Dim = 3:2, .Dimnames = list(
            c("-1", "0", "1"), c("G", "T"))), N = 327)), `2` = structure(c(0, 
    232, 0, 0, 1, 0), .Dim = 3:2, .Dimnames = list(c("-1", "0", 
    "1"), c("G", "T"))))))
