Results <-
list(`bwa.out//20220204//BlindCMMRD124_S50.sam` = list(LR17_SNP1 = list(
    All = list(Freqs = structure(c(5L, 136L, 3343L, 54L, 19L, 
    0L, 0L, 4L, 0L, 0L, 0L, 0L, 73L, 0L, 0L), .Dim = c(5L, 3L
    ), .Dimnames = structure(list(c("-2", "-1", "0", "1", NA), 
        c("A", "G", NA)), .Names = c("", "")), class = "table"), 
        N = 3634L), Tag.Distribution = structure(c(`1` = 143L, 
    `2` = 77L, `3` = 72L, `4` = 78L, `5` = 50L, `6` = 38L, `7` = 28L, 
    `8` = 26L, `9` = 19L, `10` = 23L, `11` = 16L, `12` = 11L, 
    `13` = 8L, `14` = 6L, `15` = 7L, `16` = 9L, `17` = 8L, `18` = 6L, 
    `19` = 7L, `21` = 2L, `22` = 2L, `23` = 2L, `26` = 1L, `27` = 1L, 
    `28` = 1L, `30` = 1L, `38` = 1L), .Dim = 27L, .Dimnames = list(
        TagUsage = c("1", "2", "3", "4", "5", "6", "7", "8", 
        "9", "10", "11", "12", "13", "14", "15", "16", "17", 
        "18", "19", "21", "22", "23", "26", "27", "28", "30", 
        "38")), class = "table"), No.Tag = structure(c(0L, 5L, 
    113L, 0L, 1L, 0L, 0L, 0L, 0L, 0L, 0L, 0L, 4L, 0L, 0L), .Dim = c(5L, 
    3L), .Dimnames = structure(list(c("-2", "-1", "0", "1", NA
    ), c("A", "G", NA)), .Names = c("", "")), class = "table"), 
    All.Tags = list(Concordant = list(Freqs = structure(c(0, 
    10, 507, 3, 0, 0, 0, 0), .Dim = c(4L, 2L), .Dimnames = list(
        c("-2", "-1", "0", "1"), c("A", "G"))), N = 520), Majority = list(
        Freqs = structure(c(0, 12, 613, 4, 0, 0, 0, 0), .Dim = c(4L, 
        2L), .Dimnames = list(c("-2", "-1", "0", "1"), c("A", 
        "G"))), N = 629)), `2` = structure(c(0, 4, 487, 1, 0, 
    0, 0, 0), .Dim = c(4L, 2L), .Dimnames = list(c("-2", "-1", 
    "0", "1"), c("A", "G"))))))
