Results <-
list(`bwa.out//20220204//BlindCMMRD54_S13.sam` = list(GM26_SNP1 = list(
    All = list(Freqs = structure(c(0L, 1L, 0L, 0L, 0L, 6L, 0L, 
    0L, 48L, 5150L, 45L, 4L, 0L, 1L, 0L, 0L, 0L, 62L, 0L, 0L), .Dim = 4:5, .Dimnames = structure(list(
        c("-1", "0", "1", NA), c("-", "A", "G", "T", NA)), .Names = c("", 
    "")), class = "table"), N = 5317L), Tag.Distribution = structure(c(`1` = 117L, 
    `2` = 52L, `3` = 39L, `4` = 27L, `5` = 27L, `6` = 32L, `7` = 28L, 
    `8` = 24L, `9` = 23L, `10` = 26L, `11` = 22L, `12` = 25L, 
    `13` = 21L, `14` = 13L, `15` = 13L, `16` = 8L, `17` = 7L, 
    `18` = 7L, `19` = 3L, `20` = 2L, `21` = 8L, `22` = 8L, `23` = 6L, 
    `24` = 4L, `25` = 5L, `26` = 4L, `27` = 5L, `28` = 4L, `29` = 4L, 
    `30` = 3L, `31` = 4L, `32` = 4L, `33` = 3L, `34` = 1L, `36` = 1L, 
    `37` = 1L, `40` = 1L, `42` = 1L, `44` = 1L, `49` = 1L, `56` = 1L
    ), .Dim = 41L, .Dimnames = list(TagUsage = c("1", "2", "3", 
    "4", "5", "6", "7", "8", "9", "10", "11", "12", "13", "14", 
    "15", "16", "17", "18", "19", "20", "21", "22", "23", "24", 
    "25", "26", "27", "28", "29", "30", "31", "32", "33", "34", 
    "36", "37", "40", "42", "44", "49", "56")), class = "table"), 
    No.Tag = structure(c(0L, 0L, 0L, 0L, 0L, 0L, 0L, 0L, 2L, 
    71L, 0L, 1L, 0L, 0L, 0L, 0L, 0L, 4L, 0L, 0L), .Dim = 4:5, .Dimnames = structure(list(
        c("-1", "0", "1", NA), c("-", "A", "G", "T", NA)), .Names = c("", 
    "")), class = "table"), All.Tags = list(Concordant = list(
        Freqs = structure(c(0, 0, 0, 0, 4, 0, 5, 525, 1, 0, 1, 
        0), .Dim = 3:4, .Dimnames = list(c("-1", "0", "1"), c("-", 
        "A", "G", "T"))), N = 536), Majority = list(Freqs = structure(c(0, 
    0, 0, 0, 4, 0, 5, 567, 1, 0, 1, 0), .Dim = 3:4, .Dimnames = list(
        c("-1", "0", "1"), c("-", "A", "G", "T"))), N = 578)), 
    `2` = structure(c(0, 0, 0, 0, 0, 0, 3, 463, 1, 0, 0, 0), .Dim = 3:4, .Dimnames = list(
        c("-1", "0", "1"), c("-", "A", "G", "T"))))))
