Results <-
list(`bwa.out//20220204//BlindCMMRD78_S37.sam` = list(LR11_SNP1 = list(
    All = list(Freqs = structure(c(0L, 0L, 2L, 0L, 0L, 0L, 1L, 
    95L, 4067L, 30L, 1L, 11L, 0L, 3L, 145L, 3L, 0L, 0L), .Dim = c(6L, 
    3L), .Dimnames = structure(list(c("-2", "-1", "0", "1", "2", 
    NA), c("A", "C", NA)), .Names = c("", "")), class = "table"), 
        N = 4358L), Tag.Distribution = structure(c(`1` = 115L, 
    `2` = 66L, `3` = 51L, `4` = 37L, `5` = 29L, `6` = 41L, `7` = 30L, 
    `8` = 35L, `9` = 29L, `10` = 23L, `11` = 30L, `12` = 23L, 
    `13` = 19L, `14` = 10L, `15` = 8L, `16` = 13L, `17` = 13L, 
    `18` = 10L, `19` = 5L, `20` = 5L, `21` = 3L, `22` = 2L, `23` = 2L, 
    `24` = 3L, `25` = 1L, `26` = 1L, `27` = 1L, `29` = 1L, `30` = 1L, 
    `31` = 1L, `33` = 1L, `36` = 1L, `42` = 1L), .Dim = 33L, .Dimnames = list(
        TagUsage = c("1", "2", "3", "4", "5", "6", "7", "8", 
        "9", "10", "11", "12", "13", "14", "15", "16", "17", 
        "18", "19", "20", "21", "22", "23", "24", "25", "26", 
        "27", "29", "30", "31", "33", "36", "42")), class = "table"), 
    No.Tag = structure(c(0L, 0L, 0L, 0L, 0L, 0L, 0L, 0L, 16L, 
    0L, 0L, 0L, 0L, 0L, 1L, 0L, 0L, 0L), .Dim = c(6L, 3L), .Dimnames = structure(list(
        c("-2", "-1", "0", "1", "2", NA), c("A", "C", NA)), .Names = c("", 
    "")), class = "table"), All.Tags = list(Concordant = list(
        Freqs = structure(c(0, 0, 2, 0, 0, 0, 3, 507, 3, 0), .Dim = c(5L, 
        2L), .Dimnames = list(c("-2", "-1", "0", "1", "2"), c("A", 
        "C"))), N = 515), Majority = list(Freqs = structure(c(0, 
    0, 2, 0, 0, 0, 3, 590, 3, 0), .Dim = c(5L, 2L), .Dimnames = list(
        c("-2", "-1", "0", "1", "2"), c("A", "C"))), N = 598)), 
    `2` = structure(c(0, 0, 0, 0, 0, 0, 0, 489, 0, 0), .Dim = c(5L, 
    2L), .Dimnames = list(c("-2", "-1", "0", "1", "2"), c("A", 
    "C"))))))
