Results <-
list(`bwa.out//20220204//Control18_S11.sam` = list(DEPDC2_SNP1 = list(
    All = list(Freqs = structure(c(0L, 0L, 1L, 0L, 0L, 0L, 0L, 
    4L, 0L, 0L, 1L, 43L, 2941L, 13L, 16L, 0L, 0L, 46L, 0L, 0L
    ), .Dim = 5:4, .Dimnames = structure(list(c("-2", "-1", "0", 
    "1", NA), c("A", "C", "T", NA)), .Names = c("", "")), class = "table"), 
        N = 3065L), Tag.Distribution = structure(c(`1` = 129L, 
    `2` = 86L, `3` = 63L, `4` = 46L, `5` = 36L, `6` = 32L, `7` = 33L, 
    `8` = 25L, `9` = 19L, `10` = 21L, `11` = 8L, `12` = 11L, 
    `13` = 11L, `14` = 8L, `15` = 10L, `16` = 4L, `17` = 5L, 
    `18` = 4L, `19` = 2L, `20` = 2L, `21` = 1L, `22` = 1L, `23` = 2L, 
    `24` = 1L, `26` = 2L), .Dim = 25L, .Dimnames = list(TagUsage = c("1", 
    "2", "3", "4", "5", "6", "7", "8", "9", "10", "11", "12", 
    "13", "14", "15", "16", "17", "18", "19", "20", "21", "22", 
    "23", "24", "26")), class = "table"), No.Tag = structure(c(0L, 
    0L, 0L, 0L, 0L, 0L, 0L, 0L, 0L, 0L, 0L, 2L, 106L, 0L, 2L, 
    0L, 0L, 8L, 0L, 0L), .Dim = 5:4, .Dimnames = structure(list(
        c("-2", "-1", "0", "1", NA), c("A", "C", "T", NA)), .Names = c("", 
    "")), class = "table"), All.Tags = list(Concordant = list(
        Freqs = structure(c(0, 0, 0, 0, 0, 0, 4, 0, 0, 2, 525, 
        0), .Dim = 4:3, .Dimnames = list(c("-2", "-1", "0", "1"
        ), c("A", "C", "T"))), N = 531), Majority = list(Freqs = structure(c(0, 
    0, 0, 0, 0, 0, 4, 0, 0, 3, 546, 1), .Dim = 4:3, .Dimnames = list(
        c("-2", "-1", "0", "1"), c("A", "C", "T"))), N = 554)), 
    `2` = structure(c(0, 0, 0, 0, 0, 0, 0, 0, 0, 2, 427, 1), .Dim = 4:3, .Dimnames = list(
        c("-2", "-1", "0", "1"), c("A", "C", "T"))))))
