Results <-
list(`bwa.out//20220204//17D0989_S8.sam` = list(GM14_SNP1 = list(
    All = list(Freqs = structure(c(1L, 71L, 2733L, 24L, 9L, 0L, 
    0L, 2L, 0L, 0L, 0L, 0L, 57L, 0L, 0L), .Dim = c(5L, 3L), .Dimnames = structure(list(
        c("-2", "-1", "0", "1", NA), c("C", "T", NA)), .Names = c("", 
    "")), class = "table"), N = 2897L), Tag.Distribution = structure(c(`1` = 104L, 
    `2` = 66L, `3` = 42L, `4` = 38L, `5` = 33L, `6` = 22L, `7` = 15L, 
    `8` = 23L, `9` = 17L, `10` = 12L, `11` = 8L, `12` = 6L, `13` = 16L, 
    `14` = 6L, `15` = 4L, `16` = 5L, `17` = 5L, `18` = 7L, `19` = 2L, 
    `20` = 4L, `22` = 3L, `23` = 4L, `25` = 1L, `26` = 1L, `27` = 1L, 
    `28` = 2L, `30` = 1L, `31` = 1L, `32` = 1L, `37` = 1L, `44` = 1L
    ), .Dim = 31L, .Dimnames = list(TagUsage = c("1", "2", "3", 
    "4", "5", "6", "7", "8", "9", "10", "11", "12", "13", "14", 
    "15", "16", "17", "18", "19", "20", "22", "23", "25", "26", 
    "27", "28", "30", "31", "32", "37", "44")), class = "table"), 
    No.Tag = structure(c(0L, 2L, 128L, 1L, 0L, 0L, 0L, 0L, 0L, 
    0L, 0L, 0L, 6L, 0L, 0L), .Dim = c(5L, 3L), .Dimnames = structure(list(
        c("-2", "-1", "0", "1", NA), c("C", "T", NA)), .Names = c("", 
    "")), class = "table"), All.Tags = list(Concordant = list(
        Freqs = structure(c(1, 3, 376, 2, 0, 0, 2, 0), .Dim = c(4L, 
        2L), .Dimnames = list(c("-2", "-1", "0", "1"), c("C", 
        "T"))), N = 384), Majority = list(Freqs = structure(c(1, 
    5, 435, 2, 0, 0, 2, 0), .Dim = c(4L, 2L), .Dimnames = list(
        c("-2", "-1", "0", "1"), c("C", "T"))), N = 445)), `2` = structure(c(0, 
    3, 341, 1, 0, 0, 0, 0), .Dim = c(4L, 2L), .Dimnames = list(
        c("-2", "-1", "0", "1"), c("C", "T"))))))
