Results <-
list(`bwa.out//20220204//BlindCMMRD122_S48.sam` = list(GM17_SNP1 = list(
    All = list(Freqs = structure(c(0L, 38L, 2658L, 6L, 8L, 1L, 
    23L, 2319L, 6L, 2L, 0L, 0L, 19L, 0L, 0L), .Dim = c(5L, 3L
    ), .Dimnames = structure(list(c("-2", "-1", "0", "1", NA), 
        c("C", "T", NA)), .Names = c("", "")), class = "table"), 
        N = 5080L), Tag.Distribution = structure(c(`1` = 219L, 
    `2` = 129L, `3` = 127L, `4` = 103L, `5` = 80L, `6` = 54L, 
    `7` = 48L, `8` = 37L, `9` = 34L, `10` = 21L, `11` = 30L, 
    `12` = 19L, `13` = 13L, `14` = 19L, `15` = 4L, `16` = 9L, 
    `17` = 9L, `18` = 4L, `19` = 2L, `20` = 2L, `21` = 3L, `22` = 2L, 
    `23` = 2L, `25` = 1L, `28` = 1L, `30` = 1L, `34` = 1L, `35` = 1L, 
    `37` = 1L), .Dim = 29L, .Dimnames = list(TagUsage = c("1", 
    "2", "3", "4", "5", "6", "7", "8", "9", "10", "11", "12", 
    "13", "14", "15", "16", "17", "18", "19", "20", "21", "22", 
    "23", "25", "28", "30", "34", "35", "37")), class = "table"), 
    No.Tag = structure(c(0L, 1L, 40L, 0L, 0L, 1L, 0L, 52L, 1L, 
    0L, 0L, 0L, 1L, 0L, 0L), .Dim = c(5L, 3L), .Dimnames = structure(list(
        c("-2", "-1", "0", "1", NA), c("C", "T", NA)), .Names = c("", 
    "")), class = "table"), All.Tags = list(Concordant = list(
        Freqs = structure(c(0, 3, 419, 0, 0, 1, 426, 1), .Dim = c(4L, 
        2L), .Dimnames = list(c("-2", "-1", "0", "1"), c("C", 
        "T"))), N = 850), Majority = list(Freqs = structure(c(0, 
    3, 480, 0, 0, 1, 473, 1), .Dim = c(4L, 2L), .Dimnames = list(
        c("-2", "-1", "0", "1"), c("C", "T"))), N = 958)), `2` = structure(c(0, 
    1, 394, 0, 0, 0, 350, 0), .Dim = c(4L, 2L), .Dimnames = list(
        c("-2", "-1", "0", "1"), c("C", "T"))))))
