Results <-
list(`bwa.out//20220204//Control14_S7.sam` = list(IM49_SNP1 = list(
    All = list(Freqs = structure(c(2L, 100L, 2451L, 42L, 2L, 
    22L, 0L, 1L, 3L, 0L, 0L, 0L, 0L, 0L, 117L, 0L, 0L, 0L), .Dim = c(6L, 
    3L), .Dimnames = structure(list(c("-2", "-1", "0", "1", "2", 
    NA), c("C", "G", NA)), .Names = c("", "")), class = "table"), 
        N = 2740L), Tag.Distribution = structure(c(`1` = 179L, 
    `2` = 46L, `3` = 30L, `4` = 35L, `5` = 40L, `6` = 20L, `7` = 24L, 
    `8` = 19L, `9` = 19L, `10` = 14L, `11` = 10L, `12` = 11L, 
    `13` = 7L, `14` = 6L, `15` = 5L, `16` = 4L, `17` = 2L, `18` = 5L, 
    `19` = 6L, `20` = 1L, `21` = 4L, `22` = 2L, `23` = 1L, `24` = 1L, 
    `25` = 2L, `26` = 1L, `32` = 1L, `34` = 1L, `38` = 1L), .Dim = 29L, .Dimnames = list(
        TagUsage = c("1", "2", "3", "4", "5", "6", "7", "8", 
        "9", "10", "11", "12", "13", "14", "15", "16", "17", 
        "18", "19", "20", "21", "22", "23", "24", "25", "26", 
        "32", "34", "38")), class = "table"), No.Tag = structure(c(0L, 
    11L, 100L, 1L, 0L, 5L, 0L, 0L, 0L, 0L, 0L, 0L, 0L, 0L, 2L, 
    0L, 0L, 0L), .Dim = c(6L, 3L), .Dimnames = structure(list(
        c("-2", "-1", "0", "1", "2", NA), c("C", "G", NA)), .Names = c("", 
    "")), class = "table"), All.Tags = list(Concordant = list(
        Freqs = structure(c(0, 5, 367, 3, 0, 0, 1, 2, 0, 0), .Dim = c(5L, 
        2L), .Dimnames = list(c("-2", "-1", "0", "1", "2"), c("C", 
        "G"))), N = 378), Majority = list(Freqs = structure(c(0, 
    5, 445, 3, 0, 0, 1, 2, 0, 0), .Dim = c(5L, 2L), .Dimnames = list(
        c("-2", "-1", "0", "1", "2"), c("C", "G"))), N = 456)), 
    `2` = structure(c(0, 1, 311, 1, 0, 0, 0, 0, 0, 0), .Dim = c(5L, 
    2L), .Dimnames = list(c("-2", "-1", "0", "1", "2"), c("C", 
    "G"))))))
