Results <-
list(`bwa.out//20220204//BlindCMMRD60_S19.sam` = list(LR17_SNP1 = list(
    All = list(Freqs = structure(c(1L, 4L, 113L, 3000L, 27L, 
    1L, 21L, 0L, 0L, 0L, 2L, 0L, 0L, 0L, 0L, 0L, 2L, 102L, 0L, 
    0L, 0L), .Dim = c(7L, 3L), .Dimnames = structure(list(c("-3", 
    "-2", "-1", "0", "1", "2", NA), c("A", "G", NA)), .Names = c("", 
    "")), class = "table"), N = 3273L), Tag.Distribution = structure(c(`1` = 74L, 
    `2` = 24L, `3` = 20L, `4` = 25L, `5` = 23L, `6` = 13L, `7` = 15L, 
    `8` = 18L, `9` = 16L, `10` = 11L, `11` = 11L, `12` = 7L, 
    `13` = 9L, `14` = 7L, `15` = 7L, `16` = 10L, `17` = 8L, `18` = 4L, 
    `19` = 6L, `20` = 4L, `21` = 4L, `22` = 7L, `23` = 6L, `24` = 8L, 
    `25` = 2L, `26` = 1L, `27` = 1L, `28` = 2L, `29` = 2L, `30` = 2L, 
    `31` = 2L, `32` = 2L, `33` = 1L, `34` = 1L), .Dim = 34L, .Dimnames = list(
        TagUsage = c("1", "2", "3", "4", "5", "6", "7", "8", 
        "9", "10", "11", "12", "13", "14", "15", "16", "17", 
        "18", "19", "20", "21", "22", "23", "24", "25", "26", 
        "27", "28", "29", "30", "31", "32", "33", "34")), class = "table"), 
    No.Tag = structure(c(0L, 0L, 2L, 166L, 0L, 0L, 0L, 0L, 0L, 
    0L, 0L, 0L, 0L, 0L, 0L, 0L, 0L, 2L, 0L, 0L, 0L), .Dim = c(7L, 
    3L), .Dimnames = structure(list(c("-3", "-2", "-1", "0", 
    "1", "2", NA), c("A", "G", NA)), .Names = c("", "")), class = "table"), 
    All.Tags = list(Concordant = list(Freqs = structure(c(0, 
    0, 0, 245, 2, 0, 0, 0, 0, 0, 0, 0), .Dim = c(6L, 2L), .Dimnames = list(
        c("-3", "-2", "-1", "0", "1", "2"), c("A", "G"))), N = 247), 
        Majority = list(Freqs = structure(c(0, 0, 0, 340, 2, 
        0, 0, 0, 0, 0, 0, 0), .Dim = c(6L, 2L), .Dimnames = list(
            c("-3", "-2", "-1", "0", "1", "2"), c("A", "G"))), 
            N = 342)), `2` = structure(c(0, 0, 0, 277, 0, 0, 
    0, 0, 0, 0, 0, 0), .Dim = c(6L, 2L), .Dimnames = list(c("-3", 
    "-2", "-1", "0", "1", "2"), c("A", "G"))))))
