Results <-
list(`bwa.out//20220204//MLPA99_S13.sam` = list(IM16_SNP1 = list(
    All = list(Freqs = structure(c(0L, 1L, 0L, 0L, 0L, 44L, 5542L, 
    72L, 1L, 20L, 1L, 77L, 3L, 1L, 0L), .Dim = c(5L, 3L), .Dimnames = structure(list(
        c("-1", "0", "1", "2", NA), c("A", "G", NA)), .Names = c("", 
    "")), class = "table"), N = 5762L), Tag.Distribution = structure(c(`1` = 118L, 
    `2` = 36L, `3` = 25L, `4` = 21L, `5` = 20L, `6` = 25L, `7` = 26L, 
    `8` = 12L, `9` = 17L, `10` = 23L, `11` = 21L, `12` = 11L, 
    `13` = 14L, `14` = 21L, `15` = 12L, `16` = 8L, `17` = 8L, 
    `18` = 7L, `19` = 6L, `20` = 7L, `21` = 6L, `22` = 3L, `23` = 5L, 
    `24` = 4L, `25` = 5L, `26` = 5L, `27` = 1L, `28` = 1L, `29` = 3L, 
    `30` = 1L, `31` = 6L, `32` = 9L, `33` = 2L, `34` = 2L, `35` = 3L, 
    `36` = 3L, `37` = 2L, `38` = 2L, `39` = 1L, `40` = 2L, `41` = 1L, 
    `42` = 4L, `43` = 1L, `44` = 2L, `45` = 1L, `47` = 3L, `48` = 1L, 
    `55` = 2L, `60` = 1L, `66` = 1L), .Dim = 50L, .Dimnames = list(
        TagUsage = c("1", "2", "3", "4", "5", "6", "7", "8", 
        "9", "10", "11", "12", "13", "14", "15", "16", "17", 
        "18", "19", "20", "21", "22", "23", "24", "25", "26", 
        "27", "28", "29", "30", "31", "32", "33", "34", "35", 
        "36", "37", "38", "39", "40", "41", "42", "43", "44", 
        "45", "47", "48", "55", "60", "66")), class = "table"), 
    No.Tag = structure(c(0L, 0L, 0L, 0L, 0L, 2L, 94L, 2L, 0L, 
    0L, 0L, 10L, 1L, 0L, 0L), .Dim = c(5L, 3L), .Dimnames = structure(list(
        c("-1", "0", "1", "2", NA), c("A", "G", NA)), .Names = c("", 
    "")), class = "table"), All.Tags = list(Concordant = list(
        Freqs = structure(c(0, 0, 0, 0, 1, 422, 0, 0), .Dim = c(4L, 
        2L), .Dimnames = list(c("-1", "0", "1", "2"), c("A", 
        "G"))), N = 423), Majority = list(Freqs = structure(c(0, 
    0, 0, 0, 1, 507, 0, 0), .Dim = c(4L, 2L), .Dimnames = list(
        c("-1", "0", "1", "2"), c("A", "G"))), N = 508)), `2` = structure(c(0, 
    0, 0, 0, 0, 401, 0, 0), .Dim = c(4L, 2L), .Dimnames = list(
        c("-1", "0", "1", "2"), c("A", "G"))))))
