Results <-
list(`bwa.out//20220204//BlindCMMRD88_S47.sam` = list(LR52_SNP1 = list(
    All = list(Freqs = structure(c(3L, 33L, 376L, 2612L, 15L, 
    0L, 49L, 0L, 0L, 0L, 4L, 0L, 0L, 0L, 0L, 0L, 18L, 883L, 3L, 
    1L, 0L), .Dim = c(7L, 3L), .Dimnames = structure(list(c("-3", 
    "-2", "-1", "0", "1", "3", NA), c("C", "T", NA)), .Names = c("", 
    "")), class = "table"), N = 3997L), Tag.Distribution = structure(c(`1` = 98L, 
    `2` = 54L, `3` = 47L, `4` = 44L, `5` = 30L, `6` = 28L, `7` = 18L, 
    `8` = 31L, `9` = 12L, `10` = 13L, `11` = 10L, `12` = 9L, 
    `13` = 16L, `14` = 14L, `15` = 10L, `16` = 7L, `17` = 8L, 
    `18` = 6L, `19` = 3L, `20` = 5L, `21` = 4L, `22` = 2L, `23` = 3L, 
    `24` = 2L, `25` = 1L, `26` = 4L, `27` = 5L, `28` = 5L, `29` = 4L, 
    `30` = 3L, `32` = 1L, `33` = 3L, `36` = 1L, `37` = 1L, `38` = 2L, 
    `40` = 1L), .Dim = 36L, .Dimnames = list(TagUsage = c("1", 
    "2", "3", "4", "5", "6", "7", "8", "9", "10", "11", "12", 
    "13", "14", "15", "16", "17", "18", "19", "20", "21", "22", 
    "23", "24", "25", "26", "27", "28", "29", "30", "32", "33", 
    "36", "37", "38", "40")), class = "table"), No.Tag = structure(c(0L, 
    1L, 11L, 51L, 0L, 0L, 0L, 0L, 0L, 0L, 0L, 0L, 0L, 0L, 0L, 
    0L, 1L, 20L, 0L, 0L, 0L), .Dim = c(7L, 3L), .Dimnames = structure(list(
        c("-3", "-2", "-1", "0", "1", "3", NA), c("C", "T", NA
        )), .Names = c("", "")), class = "table"), All.Tags = list(
        Concordant = list(Freqs = structure(c(1, 1, 10, 260, 
        0, 0, 0, 0, 0, 3, 0, 0), .Dim = c(6L, 2L), .Dimnames = list(
            c("-3", "-2", "-1", "0", "1", "3"), c("C", "T"))), 
            N = 275), Majority = list(Freqs = structure(c(1, 
        1, 15, 433, 0, 0, 0, 0, 0, 3, 0, 0), .Dim = c(6L, 2L), .Dimnames = list(
            c("-3", "-2", "-1", "0", "1", "3"), c("C", "T"))), 
            N = 453)), `2` = structure(c(0, 0, 10, 380, 0, 0, 
    0, 0, 0, 0, 0, 0), .Dim = c(6L, 2L), .Dimnames = list(c("-3", 
    "-2", "-1", "0", "1", "3"), c("C", "T"))))))
