Results <-
list(`bwa.out//20220204//BlindCMMRD120_S46.sam` = list(LR44_SNP1 = list(
    All = list(Freqs = structure(c(0L, 0L, 1L, 5L, 0L, 0L, 0L, 
    1L, 15L, 461L, 6020L, 68L, 2L, 36L, 0L, 1L, 3L, 68L, 0L, 
    0L, 0L), .Dim = c(7L, 3L), .Dimnames = structure(list(c("-3", 
    "-2", "-1", "0", "1", "2", NA), c("C", "T", NA)), .Names = c("", 
    "")), class = "table"), N = 6681L), Tag.Distribution = structure(c(`1` = 242L, 
    `2` = 196L, `3` = 178L, `4` = 124L, `5` = 125L, `6` = 91L, 
    `7` = 71L, `8` = 61L, `9` = 31L, `10` = 39L, `11` = 30L, 
    `12` = 34L, `13` = 14L, `14` = 17L, `15` = 12L, `16` = 12L, 
    `17` = 4L, `18` = 10L, `19` = 1L, `20` = 2L, `21` = 1L, `22` = 4L, 
    `23` = 1L, `24` = 2L, `27` = 1L), .Dim = 25L, .Dimnames = list(
        TagUsage = c("1", "2", "3", "4", "5", "6", "7", "8", 
        "9", "10", "11", "12", "13", "14", "15", "16", "17", 
        "18", "19", "20", "21", "22", "23", "24", "27")), class = "table"), 
    No.Tag = structure(c(0L, 0L, 0L, 1L, 0L, 0L, 0L, 0L, 0L, 
    9L, 131L, 1L, 0L, 0L, 0L, 0L, 0L, 6L, 0L, 0L, 0L), .Dim = c(7L, 
    3L), .Dimnames = structure(list(c("-3", "-2", "-1", "0", 
    "1", "2", NA), c("C", "T", NA)), .Names = c("", "")), class = "table"), 
    All.Tags = list(Concordant = list(Freqs = structure(c(0, 
    0, 0, 4, 0, 0, 0, 1, 17, 908, 4, 0), .Dim = c(6L, 2L), .Dimnames = list(
        c("-3", "-2", "-1", "0", "1", "2"), c("C", "T"))), N = 934), 
        Majority = list(Freqs = structure(c(0, 0, 0, 4, 0, 0, 
        0, 1, 27, 1226, 4, 0), .Dim = c(6L, 2L), .Dimnames = list(
            c("-3", "-2", "-1", "0", "1", "2"), c("C", "T"))), 
            N = 1262)), `2` = structure(c(0, 0, 0, 0, 0, 0, 0, 
    0, 15, 1012, 1, 0), .Dim = c(6L, 2L), .Dimnames = list(c("-3", 
    "-2", "-1", "0", "1", "2"), c("C", "T"))))))
