Results <-
list(`bwa.out//20220204//BlindCMMRD87_S46.sam` = list(GM14_SNP1 = list(
    All = list(Freqs = structure(c(0L, 0L, 0L, 3L, 0L, 0L, 1L, 
    1L, 94L, 2993L, 15L, 1L, 0L, 0L, 0L, 26L, 0L, 0L), .Dim = c(6L, 
    3L), .Dimnames = structure(list(c("-3", "-2", "-1", "0", 
    "1", NA), c("C", "T", NA)), .Names = c("", "")), class = "table"), 
        N = 3134L), Tag.Distribution = structure(c(`1` = 51L, 
    `2` = 26L, `3` = 19L, `4` = 20L, `5` = 11L, `6` = 9L, `7` = 7L, 
    `8` = 10L, `9` = 12L, `10` = 10L, `11` = 5L, `12` = 7L, `13` = 6L, 
    `14` = 8L, `15` = 6L, `16` = 4L, `17` = 5L, `18` = 3L, `19` = 5L, 
    `20` = 2L, `21` = 4L, `22` = 3L, `23` = 1L, `24` = 3L, `25` = 2L, 
    `26` = 4L, `27` = 3L, `28` = 1L, `29` = 3L, `31` = 2L, `34` = 2L, 
    `35` = 1L, `36` = 2L, `37` = 3L, `38` = 1L, `39` = 2L, `40` = 1L, 
    `41` = 2L, `44` = 1L, `45` = 1L, `48` = 3L, `51` = 1L, `57` = 1L, 
    `59` = 1L, `68` = 1L), .Dim = 45L, .Dimnames = list(TagUsage = c("1", 
    "2", "3", "4", "5", "6", "7", "8", "9", "10", "11", "12", 
    "13", "14", "15", "16", "17", "18", "19", "20", "21", "22", 
    "23", "24", "25", "26", "27", "28", "29", "31", "34", "35", 
    "36", "37", "38", "39", "40", "41", "44", "45", "48", "51", 
    "57", "59", "68")), class = "table"), No.Tag = structure(c(0L, 
    0L, 0L, 0L, 0L, 0L, 0L, 0L, 2L, 38L, 1L, 0L, 0L, 0L, 0L, 
    1L, 0L, 0L), .Dim = c(6L, 3L), .Dimnames = structure(list(
        c("-3", "-2", "-1", "0", "1", NA), c("C", "T", NA)), .Names = c("", 
    "")), class = "table"), All.Tags = list(Concordant = list(
        Freqs = structure(c(0, 0, 0, 3, 0, 0, 0, 5, 211, 0), .Dim = c(5L, 
        2L), .Dimnames = list(c("-3", "-2", "-1", "0", "1"), 
            c("C", "T"))), N = 219), Majority = list(Freqs = structure(c(0, 
    0, 0, 3, 0, 0, 0, 5, 262, 0), .Dim = c(5L, 2L), .Dimnames = list(
        c("-3", "-2", "-1", "0", "1"), c("C", "T"))), N = 270)), 
    `2` = structure(c(0, 0, 0, 0, 0, 0, 0, 2, 220, 0), .Dim = c(5L, 
    2L), .Dimnames = list(c("-3", "-2", "-1", "0", "1"), c("C", 
    "T"))))))
