Results <-
list(`bwa.out//20220204//BlindCMMRD119_S45.sam` = list(LR20_SNP1 = list(
    All = list(Freqs = structure(c(0L, 3L, 16L, 0L, 0L, 1L, 23L, 
    5714L, 6L, 4L, 0L, 0L, 49L, 0L, 0L), .Dim = c(5L, 3L), .Dimnames = structure(list(
        c("-2", "-1", "0", "1", NA), c("A", "G", NA)), .Names = c("", 
    "")), class = "table"), N = 5816L), Tag.Distribution = structure(c(`1` = 282L, 
    `2` = 197L, `3` = 155L, `4` = 133L, `5` = 97L, `6` = 83L, 
    `7` = 71L, `8` = 42L, `9` = 36L, `10` = 27L, `11` = 26L, 
    `12` = 23L, `13` = 14L, `14` = 14L, `15` = 8L, `16` = 9L, 
    `17` = 5L, `18` = 6L, `19` = 4L, `21` = 4L, `23` = 1L, `25` = 1L, 
    `27` = 1L), .Dim = 23L, .Dimnames = list(TagUsage = c("1", 
    "2", "3", "4", "5", "6", "7", "8", "9", "10", "11", "12", 
    "13", "14", "15", "16", "17", "18", "19", "21", "23", "25", 
    "27")), class = "table"), No.Tag = structure(c(0L, 0L, 0L, 
    0L, 0L, 0L, 0L, 93L, 0L, 3L, 0L, 0L, 5L, 0L, 0L), .Dim = c(5L, 
    3L), .Dimnames = structure(list(c("-2", "-1", "0", "1", NA
    ), c("A", "G", NA)), .Names = c("", "")), class = "table"), 
    All.Tags = list(Concordant = list(Freqs = structure(c(0, 
    3, 7, 0, 0, 1, 1194, 0), .Dim = c(4L, 2L), .Dimnames = list(
        c("-2", "-1", "0", "1"), c("A", "G"))), N = 1205), Majority = list(
        Freqs = structure(c(0, 3, 7, 0, 0, 1, 1220, 0), .Dim = c(4L, 
        2L), .Dimnames = list(c("-2", "-1", "0", "1"), c("A", 
        "G"))), N = 1231)), `2` = structure(c(0, 0, 0, 0, 0, 
    1, 953, 0), .Dim = c(4L, 2L), .Dimnames = list(c("-2", "-1", 
    "0", "1"), c("A", "G"))))))
