Results <-
list(`bwa.out//20220204//MLPA80_S12.sam` = list(LR46_SNP1 = list(
    All = list(Freqs = structure(c(23L, 4375L, 22L, 21L, 0L, 
    4L, 0L, 0L, 0L, 18L, 0L, 0L), .Dim = 4:3, .Dimnames = structure(list(
        c("-1", "0", "1", NA), c("G", "T", NA)), .Names = c("", 
    "")), class = "table"), N = 4463L), Tag.Distribution = structure(c(`1` = 157L, 
    `2` = 52L, `3` = 40L, `4` = 44L, `5` = 31L, `6` = 40L, `7` = 26L, 
    `8` = 33L, `9` = 27L, `10` = 23L, `11` = 29L, `12` = 15L, 
    `13` = 11L, `14` = 11L, `15` = 9L, `16` = 8L, `17` = 6L, 
    `18` = 3L, `19` = 2L, `20` = 6L, `21` = 10L, `22` = 3L, `23` = 4L, 
    `24` = 4L, `25` = 4L, `26` = 1L, `27` = 3L, `28` = 1L, `30` = 1L, 
    `31` = 3L, `35` = 1L, `37` = 1L, `39` = 2L, `40` = 1L), .Dim = 34L, .Dimnames = list(
        TagUsage = c("1", "2", "3", "4", "5", "6", "7", "8", 
        "9", "10", "11", "12", "13", "14", "15", "16", "17", 
        "18", "19", "20", "21", "22", "23", "24", "25", "26", 
        "27", "28", "30", "31", "35", "37", "39", "40")), class = "table"), 
    No.Tag = structure(c(1L, 199L, 0L, 3L, 0L, 0L, 0L, 0L, 0L, 
    4L, 0L, 0L), .Dim = 4:3, .Dimnames = structure(list(c("-1", 
    "0", "1", NA), c("G", "T", NA)), .Names = c("", "")), class = "table"), 
    All.Tags = list(Concordant = list(Freqs = structure(c(1, 
    566, 0, 0, 3, 0), .Dim = 3:2, .Dimnames = list(c("-1", "0", 
    "1"), c("G", "T"))), N = 570), Majority = list(Freqs = structure(c(1, 
    597, 0, 0, 3, 0), .Dim = 3:2, .Dimnames = list(c("-1", "0", 
    "1"), c("G", "T"))), N = 601)), `2` = structure(c(1, 452, 
    0, 0, 0, 0), .Dim = 3:2, .Dimnames = list(c("-1", "0", "1"
    ), c("G", "T"))))))
