Results <-
list(`bwa.out//20220204//Control19_S12.sam` = list(GM14_SNP1 = list(
    All = list(Freqs = structure(c(2L, 43L, 1745L, 11L, 4L, 0L, 
    0L, 43L, 0L, 0L), .Dim = c(5L, 2L), .Dimnames = structure(list(
        c("-2", "-1", "0", "1", NA), c("T", NA)), .Names = c("", 
    "")), class = "table"), N = 1848L), Tag.Distribution = structure(c(`1` = 43L, 
    `2` = 25L, `3` = 26L, `4` = 20L, `5` = 19L, `6` = 11L, `7` = 7L, 
    `8` = 11L, `9` = 13L, `10` = 4L, `11` = 6L, `12` = 7L, `13` = 6L, 
    `14` = 7L, `15` = 6L, `16` = 7L, `17` = 3L, `18` = 4L, `19` = 6L, 
    `20` = 3L, `21` = 3L, `22` = 1L, `23` = 1L, `24` = 2L, `26` = 1L, 
    `27` = 1L, `29` = 1L, `30` = 1L), .Dim = 28L, .Dimnames = list(
        TagUsage = c("1", "2", "3", "4", "5", "6", "7", "8", 
        "9", "10", "11", "12", "13", "14", "15", "16", "17", 
        "18", "19", "20", "21", "22", "23", "24", "26", "27", 
        "29", "30")), class = "table"), No.Tag = structure(c(0L, 
    0L, 45L, 0L, 1L, 0L, 0L, 3L, 0L, 0L), .Dim = c(5L, 2L), .Dimnames = structure(list(
        c("-2", "-1", "0", "1", NA), c("T", NA)), .Names = c("", 
    "")), class = "table"), All.Tags = list(Concordant = list(
        Freqs = structure(c(0, 0, 190, 0), .Dim = c(4L, 1L), .Dimnames = list(
            c("-2", "-1", "0", "1"), "T")), N = 190), Majority = list(
        Freqs = structure(c(0, 0, 238, 0), .Dim = c(4L, 1L), .Dimnames = list(
            c("-2", "-1", "0", "1"), "T")), N = 238)), `2` = structure(c(0, 
    0, 201, 0), .Dim = c(4L, 1L), .Dimnames = list(c("-2", "-1", 
    "0", "1"), "T")))))
