Results <-
list(`bwa.out//20220204//BlindCMMRD59_S18.sam` = list(LR40_SNP1 = list(
    All = list(Freqs = structure(c(0L, 0L, 0L, 1L, 0L, 0L, 2L, 
    1L, 70L, 4984L, 15L, 13L, 0L, 0L, 0L, 1L, 0L, 0L, 0L, 0L, 
    0L, 26L, 1L, 0L), .Dim = c(6L, 4L), .Dimnames = structure(list(
        c("-3", "-2", "-1", "0", "1", NA), c("A", "C", "G", NA
        )), .Names = c("", "")), class = "table"), N = 5114L), 
    Tag.Distribution = structure(c(`1` = 117L, `2` = 56L, `3` = 42L, 
    `4` = 43L, `5` = 43L, `6` = 46L, `7` = 38L, `8` = 35L, `9` = 26L, 
    `10` = 29L, `11` = 20L, `12` = 15L, `13` = 13L, `14` = 9L, 
    `15` = 10L, `16` = 7L, `17` = 9L, `18` = 5L, `19` = 9L, `20` = 8L, 
    `21` = 8L, `22` = 7L, `23` = 2L, `24` = 2L, `25` = 7L, `26` = 5L, 
    `27` = 5L, `28` = 3L, `29` = 1L, `30` = 1L, `31` = 2L, `32` = 1L, 
    `34` = 1L, `35` = 2L, `37` = 1L, `40` = 1L, `47` = 1L, `54` = 1L
    ), .Dim = 38L, .Dimnames = list(TagUsage = c("1", "2", "3", 
    "4", "5", "6", "7", "8", "9", "10", "11", "12", "13", "14", 
    "15", "16", "17", "18", "19", "20", "21", "22", "23", "24", 
    "25", "26", "27", "28", "29", "30", "31", "32", "34", "35", 
    "37", "40", "47", "54")), class = "table"), No.Tag = structure(c(0L, 
    0L, 0L, 1L, 0L, 0L, 0L, 0L, 2L, 113L, 1L, 0L, 0L, 0L, 0L, 
    0L, 0L, 0L, 0L, 0L, 0L, 3L, 0L, 0L), .Dim = c(6L, 4L), .Dimnames = structure(list(
        c("-3", "-2", "-1", "0", "1", NA), c("A", "C", "G", NA
        )), .Names = c("", "")), class = "table"), All.Tags = list(
        Concordant = list(Freqs = structure(c(0, 0, 0, 0, 0, 
        0, 0, 1, 555, 0, 0, 0, 0, 0, 0), .Dim = c(5L, 3L), .Dimnames = list(
            c("-3", "-2", "-1", "0", "1"), c("A", "C", "G"))), 
            N = 556), Majority = list(Freqs = structure(c(0, 
        0, 0, 0, 0, 0, 0, 2, 624, 0, 0, 0, 0, 0, 0), .Dim = c(5L, 
        3L), .Dimnames = list(c("-3", "-2", "-1", "0", "1"), 
            c("A", "C", "G"))), N = 626)), `2` = structure(c(0, 
    0, 0, 0, 0, 0, 0, 1, 512, 0, 0, 0, 0, 0, 0), .Dim = c(5L, 
    3L), .Dimnames = list(c("-3", "-2", "-1", "0", "1"), c("A", 
    "C", "G"))))))
