Results <-
list(`bwa.out//20220204//BlindCMMRD43_S3.sam` = list(LR40_SNP1 = list(
    All = list(Freqs = structure(c(0L, 2L, 0L, 0L, 54L, 3376L, 
    10L, 7L, 1L, 16L, 0L, 0L), .Dim = 4:3, .Dimnames = structure(list(
        c("-1", "0", "1", NA), c("A", "C", NA)), .Names = c("", 
    "")), class = "table"), N = 3466L), Tag.Distribution = structure(c(`1` = 86L, 
    `2` = 43L, `3` = 31L, `4` = 36L, `5` = 23L, `6` = 17L, `7` = 18L, 
    `8` = 13L, `9` = 18L, `10` = 9L, `11` = 14L, `12` = 12L, 
    `13` = 5L, `14` = 5L, `15` = 7L, `16` = 5L, `17` = 10L, `18` = 2L, 
    `19` = 6L, `20` = 8L, `21` = 3L, `22` = 3L, `23` = 9L, `24` = 1L, 
    `25` = 3L, `26` = 6L, `27` = 1L, `28` = 1L, `29` = 2L, `30` = 4L, 
    `31` = 4L, `32` = 1L, `33` = 1L, `34` = 1L, `35` = 1L, `38` = 1L, 
    `40` = 1L, `42` = 1L), .Dim = 38L, .Dimnames = list(TagUsage = c("1", 
    "2", "3", "4", "5", "6", "7", "8", "9", "10", "11", "12", 
    "13", "14", "15", "16", "17", "18", "19", "20", "21", "22", 
    "23", "24", "25", "26", "27", "28", "29", "30", "31", "32", 
    "33", "34", "35", "38", "40", "42")), class = "table"), No.Tag = structure(c(0L, 
    0L, 0L, 0L, 0L, 54L, 0L, 0L, 0L, 4L, 0L, 0L), .Dim = 4:3, .Dimnames = structure(list(
        c("-1", "0", "1", NA), c("A", "C", NA)), .Names = c("", 
    "")), class = "table"), All.Tags = list(Concordant = list(
        Freqs = structure(c(0, 1, 0, 4, 375, 0), .Dim = 3:2, .Dimnames = list(
            c("-1", "0", "1"), c("A", "C"))), N = 380), Majority = list(
        Freqs = structure(c(0, 1, 0, 4, 405, 0), .Dim = 3:2, .Dimnames = list(
            c("-1", "0", "1"), c("A", "C"))), N = 410)), `2` = structure(c(0, 
    0, 0, 2, 323, 0), .Dim = 3:2, .Dimnames = list(c("-1", "0", 
    "1"), c("A", "C"))))))
