Results <-
list(`bwa.out//20220204//BlindCMMRD116_S42.sam` = list(GM14_SNP1 = list(
    All = list(Freqs = structure(c(3L, 6L, 149L, 3148L, 31L, 
    1L, 9L, 0L, 0L, 0L, 3L, 0L, 0L, 1L, 0L, 0L, 1L, 21L, 0L, 
    0L, 0L), .Dim = c(7L, 3L), .Dimnames = structure(list(c("-3", 
    "-2", "-1", "0", "1", "2", NA), c("C", "T", NA)), .Names = c("", 
    "")), class = "table"), N = 3373L), Tag.Distribution = structure(c(`1` = 87L, 
    `2` = 64L, `3` = 71L, `4` = 67L, `5` = 69L, `6` = 52L, `7` = 46L, 
    `8` = 36L, `9` = 24L, `10` = 27L, `11` = 23L, `12` = 16L, 
    `13` = 9L, `14` = 5L, `15` = 5L, `16` = 2L, `17` = 3L, `18` = 1L, 
    `19` = 1L, `20` = 1L), .Dim = 20L, .Dimnames = list(TagUsage = c("1", 
    "2", "3", "4", "5", "6", "7", "8", "9", "10", "11", "12", 
    "13", "14", "15", "16", "17", "18", "19", "20")), class = "table"), 
    No.Tag = structure(c(0L, 0L, 2L, 69L, 4L, 0L, 0L, 0L, 0L, 
    0L, 0L, 0L, 0L, 0L, 0L, 0L, 0L, 2L, 0L, 0L, 0L), .Dim = c(7L, 
    3L), .Dimnames = structure(list(c("-3", "-2", "-1", "0", 
    "1", "2", NA), c("C", "T", NA)), .Names = c("", "")), class = "table"), 
    All.Tags = list(Concordant = list(Freqs = structure(c(0, 
    0, 14, 479, 0, 0, 0, 0, 0, 2, 0, 0), .Dim = c(6L, 2L), .Dimnames = list(
        c("-3", "-2", "-1", "0", "1", "2"), c("C", "T"))), N = 495), 
        Majority = list(Freqs = structure(c(0, 0, 16, 581, 1, 
        0, 0, 0, 0, 2, 0, 0), .Dim = c(6L, 2L), .Dimnames = list(
            c("-3", "-2", "-1", "0", "1", "2"), c("C", "T"))), 
            N = 600)), `2` = structure(c(0, 0, 9, 504, 1, 0, 
    0, 0, 0, 0, 0, 0), .Dim = c(6L, 2L), .Dimnames = list(c("-3", 
    "-2", "-1", "0", "1", "2"), c("C", "T"))))))
