Results <-
list(`bwa.out//20220204//BlindCMMRD135_S61.sam` = list(LR48_SNP1 = list(
    All = list(Freqs = structure(c(0L, 31L, 1407L, 23L, 1L, 7L, 
    2L, 60L, 1512L, 16L, 0L, 4L, 0L, 0L, 16L, 0L, 0L, 0L), .Dim = c(6L, 
    3L), .Dimnames = structure(list(c("-2", "-1", "0", "1", "2", 
    NA), c("C", "T", NA)), .Names = c("", "")), class = "table"), 
        N = 3079L), Tag.Distribution = structure(c(`1` = 77L, 
    `2` = 57L, `3` = 44L, `4` = 39L, `5` = 41L, `6` = 34L, `7` = 35L, 
    `8` = 32L, `9` = 12L, `10` = 19L, `11` = 15L, `12` = 25L, 
    `13` = 7L, `14` = 9L, `15` = 12L, `16` = 6L, `17` = 3L, `18` = 3L, 
    `19` = 2L, `21` = 2L, `24` = 3L, `26` = 2L, `28` = 1L, `29` = 1L
    ), .Dim = 24L, .Dimnames = list(TagUsage = c("1", "2", "3", 
    "4", "5", "6", "7", "8", "9", "10", "11", "12", "13", "14", 
    "15", "16", "17", "18", "19", "21", "24", "26", "28", "29"
    )), class = "table"), No.Tag = structure(c(0L, 0L, 29L, 0L, 
    0L, 0L, 0L, 0L, 36L, 0L, 0L, 0L, 0L, 0L, 3L, 0L, 0L, 0L), .Dim = c(6L, 
    3L), .Dimnames = structure(list(c("-2", "-1", "0", "1", "2", 
    NA), c("C", "T", NA)), .Names = c("", "")), class = "table"), 
    All.Tags = list(Concordant = list(Freqs = structure(c(0, 
    3, 177, 0, 0, 0, 4, 187, 0, 0), .Dim = c(5L, 2L), .Dimnames = list(
        c("-2", "-1", "0", "1", "2"), c("C", "T"))), N = 371), 
        Majority = list(Freqs = structure(c(0, 3, 221, 0, 0, 
        0, 5, 244, 0, 0), .Dim = c(5L, 2L), .Dimnames = list(
            c("-2", "-1", "0", "1", "2"), c("C", "T"))), N = 473)), 
    `2` = structure(c(0, 0, 182, 0, 0, 0, 1, 214, 0, 0), .Dim = c(5L, 
    2L), .Dimnames = list(c("-2", "-1", "0", "1", "2"), c("C", 
    "T"))))))
