Results <-
list(`bwa.out//20220204//BlindCMMRD97_S56.sam` = list(IM16_SNP1 = list(
    All = list(Freqs = structure(c(8L, 2854L, 38L, 3L, 20L, 2677L, 
    32L, 2L, 1L, 51L, 2L, 0L), .Dim = 4:3, .Dimnames = structure(list(
        c("-1", "0", "1", NA), c("A", "G", NA)), .Names = c("", 
    "")), class = "table"), N = 5688L), Tag.Distribution = structure(c(`1` = 111L, 
    `2` = 55L, `3` = 56L, `4` = 56L, `5` = 44L, `6` = 33L, `7` = 35L, 
    `8` = 37L, `9` = 14L, `10` = 23L, `11` = 20L, `12` = 24L, 
    `13` = 19L, `14` = 11L, `15` = 8L, `16` = 9L, `17` = 6L, 
    `18` = 5L, `19` = 12L, `20` = 15L, `21` = 8L, `22` = 6L, 
    `23` = 7L, `24` = 6L, `25` = 4L, `26` = 5L, `27` = 6L, `28` = 2L, 
    `29` = 1L, `30` = 2L, `31` = 2L, `32` = 2L, `33` = 1L, `34` = 2L, 
    `35` = 1L, `36` = 3L, `37` = 1L, `40` = 2L, `44` = 2L), .Dim = 39L, .Dimnames = list(
        TagUsage = c("1", "2", "3", "4", "5", "6", "7", "8", 
        "9", "10", "11", "12", "13", "14", "15", "16", "17", 
        "18", "19", "20", "21", "22", "23", "24", "25", "26", 
        "27", "28", "29", "30", "31", "32", "33", "34", "35", 
        "36", "37", "40", "44")), class = "table"), No.Tag = structure(c(0L, 
    65L, 2L, 1L, 0L, 74L, 3L, 0L, 0L, 5L, 0L, 0L), .Dim = 4:3, .Dimnames = structure(list(
        c("-1", "0", "1", NA), c("A", "G", NA)), .Names = c("", 
    "")), class = "table"), All.Tags = list(Concordant = list(
        Freqs = structure(c(0, 277, 0, 1, 271, 0), .Dim = 3:2, .Dimnames = list(
            c("-1", "0", "1"), c("A", "G"))), N = 549), Majority = list(
        Freqs = structure(c(0, 323, 0, 1, 320, 0), .Dim = 3:2, .Dimnames = list(
            c("-1", "0", "1"), c("A", "G"))), N = 644)), `2` = structure(c(0, 
    272, 0, 0, 270, 0), .Dim = 3:2, .Dimnames = list(c("-1", 
    "0", "1"), c("A", "G"))))))
