Results <-
list(`bwa.out//20220204//MLPA101_S15.sam` = list(GM11_SNP1 = list(
    All = list(Freqs = structure(c(22L, 3401L, 15L, 4L, 0L, 2L, 
    0L, 0L, 2L, 23L, 0L, 0L), .Dim = 4:3, .Dimnames = structure(list(
        c("-1", "0", "1", NA), c("A", "G", NA)), .Names = c("", 
    "")), class = "table"), N = 3469L), Tag.Distribution = structure(c(`1` = 126L, 
    `2` = 69L, `3` = 47L, `4` = 41L, `5` = 31L, `6` = 36L, `7` = 28L, 
    `8` = 32L, `9` = 18L, `10` = 15L, `11` = 15L, `12` = 10L, 
    `13` = 10L, `14` = 9L, `15` = 5L, `16` = 8L, `17` = 12L, 
    `18` = 7L, `19` = 4L, `20` = 4L, `21` = 4L, `22` = 2L, `23` = 2L, 
    `24` = 1L, `25` = 4L, `27` = 1L, `31` = 3L, `35` = 1L), .Dim = 28L, .Dimnames = list(
        TagUsage = c("1", "2", "3", "4", "5", "6", "7", "8", 
        "9", "10", "11", "12", "13", "14", "15", "16", "17", 
        "18", "19", "20", "21", "22", "23", "24", "25", "27", 
        "31", "35")), class = "table"), No.Tag = structure(c(1L, 
    80L, 0L, 0L, 0L, 0L, 0L, 0L, 0L, 1L, 0L, 0L), .Dim = 4:3, .Dimnames = structure(list(
        c("-1", "0", "1", NA), c("A", "G", NA)), .Names = c("", 
    "")), class = "table"), All.Tags = list(Concordant = list(
        Freqs = structure(c(1, 510, 2, 0, 2, 0), .Dim = 3:2, .Dimnames = list(
            c("-1", "0", "1"), c("A", "G"))), N = 515), Majority = list(
        Freqs = structure(c(1, 537, 2, 0, 2, 0), .Dim = 3:2, .Dimnames = list(
            c("-1", "0", "1"), c("A", "G"))), N = 542)), `2` = structure(c(1, 
    418, 0, 0, 0, 0), .Dim = 3:2, .Dimnames = list(c("-1", "0", 
    "1"), c("A", "G"))))))
