Results <-
list(`bwa.out//20220204//BlindCMMRD76_S35.sam` = list(LR52_SNP1 = list(
    All = list(Freqs = structure(c(0L, 0L, 0L, 0L, 4L, 0L, 0L, 
    0L, 1L, 0L, 29L, 272L, 1642L, 14L, 0L, 42L, 0L, 1L, 23L, 
    344L, 2252L, 21L, 1L, 43L, 0L, 0L, 0L, 32L, 673L, 3L, 0L, 
    0L), .Dim = c(8L, 4L), .Dimnames = structure(list(c("-4", 
    "-3", "-2", "-1", "0", "1", "2", NA), c("A", "C", "T", NA
    )), .Names = c("", "")), class = "table"), N = 5397L), Tag.Distribution = structure(c(`1` = 67L, 
    `2` = 41L, `3` = 31L, `4` = 23L, `5` = 25L, `6` = 23L, `7` = 25L, 
    `8` = 24L, `9` = 19L, `10` = 20L, `11` = 20L, `12` = 18L, 
    `13` = 15L, `14` = 13L, `15` = 13L, `16` = 8L, `17` = 20L, 
    `18` = 6L, `19` = 11L, `20` = 6L, `21` = 12L, `22` = 16L, 
    `23` = 7L, `24` = 8L, `25` = 2L, `26` = 8L, `27` = 2L, `28` = 5L, 
    `29` = 2L, `30` = 3L, `31` = 1L, `32` = 3L, `33` = 1L, `36` = 1L, 
    `41` = 2L, `42` = 1L, `47` = 1L, `51` = 1L, `54` = 1L), .Dim = 39L, .Dimnames = list(
        TagUsage = c("1", "2", "3", "4", "5", "6", "7", "8", 
        "9", "10", "11", "12", "13", "14", "15", "16", "17", 
        "18", "19", "20", "21", "22", "23", "24", "25", "26", 
        "27", "28", "29", "30", "31", "32", "33", "36", "41", 
        "42", "47", "51", "54")), class = "table"), No.Tag = structure(c(0L, 
    0L, 0L, 0L, 0L, 0L, 0L, 0L, 0L, 0L, 0L, 3L, 35L, 0L, 0L, 
    3L, 0L, 0L, 0L, 10L, 54L, 0L, 0L, 2L, 0L, 0L, 0L, 1L, 12L, 
    0L, 0L, 0L), .Dim = c(8L, 4L), .Dimnames = structure(list(
        c("-4", "-3", "-2", "-1", "0", "1", "2", NA), c("A", 
        "C", "T", NA)), .Names = c("", "")), class = "table"), 
    All.Tags = list(Concordant = list(Freqs = structure(c(0, 
    0, 0, 0, 0, 0, 0, 0, 0, 0, 9, 93, 1, 0, 0, 0, 0, 15, 130, 
    0, 0), .Dim = c(7L, 3L), .Dimnames = list(c("-4", "-3", "-2", 
    "-1", "0", "1", "2"), c("A", "C", "T"))), N = 248), Majority = list(
        Freqs = structure(c(0, 0, 0, 0, 0, 0, 0, 0, 0, 0, 16, 
        200, 1, 0, 0, 0, 0, 23, 242, 1, 0), .Dim = c(7L, 3L), .Dimnames = list(
            c("-4", "-3", "-2", "-1", "0", "1", "2"), c("A", 
            "C", "T"))), N = 483)), `2` = structure(c(0, 0, 0, 
    0, 0, 0, 0, 0, 0, 0, 15, 184, 1, 0, 0, 0, 0, 18, 211, 1, 
    0), .Dim = c(7L, 3L), .Dimnames = list(c("-4", "-3", "-2", 
    "-1", "0", "1", "2"), c("A", "C", "T"))))))
