Results <-
list(`bwa.out//20220204//MLPA01_S9.sam` = list(LR52_SNP1 = list(
    All = list(Freqs = structure(c(0L, 0L, 0L, 1L, 0L, 0L, 0L, 
    0L, 0L, 1L, 0L, 0L, 1L, 10L, 159L, 1242L, 11L, 7L, 1L, 6L, 
    153L, 1523L, 14L, 22L, 0L, 1L, 2L, 300L, 7L, 0L), .Dim = 6:5, .Dimnames = structure(list(
        c("-3", "-2", "-1", "0", "1", NA), c("-", "A", "C", "T", 
        NA)), .Names = c("", "")), class = "table"), N = 3461L), 
    Tag.Distribution = structure(c(`1` = 110L, `2` = 56L, `3` = 43L, 
    `4` = 40L, `5` = 38L, `6` = 27L, `7` = 29L, `8` = 22L, `9` = 19L, 
    `10` = 19L, `11` = 12L, `12` = 23L, `13` = 8L, `14` = 6L, 
    `15` = 6L, `16` = 7L, `17` = 12L, `18` = 9L, `19` = 7L, `20` = 4L, 
    `21` = 1L, `22` = 1L, `23` = 1L, `24` = 1L, `25` = 3L, `26` = 2L, 
    `27` = 2L, `28` = 1L, `29` = 1L, `32` = 1L, `34` = 1L, `41` = 1L
    ), .Dim = 32L, .Dimnames = list(TagUsage = c("1", "2", "3", 
    "4", "5", "6", "7", "8", "9", "10", "11", "12", "13", "14", 
    "15", "16", "17", "18", "19", "20", "21", "22", "23", "24", 
    "25", "26", "27", "28", "29", "32", "34", "41")), class = "table"), 
    No.Tag = structure(c(0L, 0L, 0L, 0L, 0L, 0L, 0L, 0L, 0L, 
    0L, 0L, 0L, 0L, 0L, 4L, 20L, 0L, 0L, 0L, 0L, 0L, 17L, 0L, 
    0L, 0L, 0L, 0L, 5L, 0L, 0L), .Dim = 6:5, .Dimnames = structure(list(
        c("-3", "-2", "-1", "0", "1", NA), c("-", "A", "C", "T", 
        NA)), .Names = c("", "")), class = "table"), All.Tags = list(
        Concordant = list(Freqs = structure(c(0, 0, 0, 0, 0, 
        0, 0, 0, 0, 0, 0, 1, 8, 149, 3, 0, 1, 7, 148, 0), .Dim = 5:4, .Dimnames = list(
            c("-3", "-2", "-1", "0", "1"), c("-", "A", "C", "T"
            ))), N = 317), Majority = list(Freqs = structure(c(0, 
        0, 0, 0, 0, 0, 0, 0, 0, 0, 0, 1, 8, 227, 3, 0, 1, 10, 
        242, 0), .Dim = 5:4, .Dimnames = list(c("-3", "-2", "-1", 
        "0", "1"), c("-", "A", "C", "T"))), N = 492)), `2` = structure(c(0, 
    0, 0, 0, 0, 0, 0, 0, 0, 0, 0, 0, 3, 187, 1, 0, 0, 5, 193, 
    0), .Dim = 5:4, .Dimnames = list(c("-3", "-2", "-1", "0", 
    "1"), c("-", "A", "C", "T"))))))
