Results <-
list(`bwa.out//20220204//BlindCMMRD129_S55.sam` = list(GM09_SNP1 = list(
    All = list(Freqs = structure(c(16L, 3238L, 5L, 3L, 13L, 2763L, 
    0L, 1L, 0L, 28L, 1L, 0L), .Dim = 4:3, .Dimnames = structure(list(
        c("-1", "0", "1", NA), c("A", "G", NA)), .Names = c("", 
    "")), class = "table"), N = 6068L), Tag.Distribution = structure(c(`1` = 266L, 
    `2` = 189L, `3` = 187L, `4` = 154L, `5` = 120L, `6` = 102L, 
    `7` = 68L, `8` = 62L, `9` = 37L, `10` = 32L, `11` = 23L, 
    `12` = 19L, `13` = 12L, `14` = 8L, `15` = 10L, `16` = 7L, 
    `17` = 1L, `18` = 4L, `19` = 4L, `20` = 2L, `21` = 1L, `22` = 1L, 
    `24` = 1L, `26` = 1L), .Dim = 24L, .Dimnames = list(TagUsage = c("1", 
    "2", "3", "4", "5", "6", "7", "8", "9", "10", "11", "12", 
    "13", "14", "15", "16", "17", "18", "19", "20", "21", "22", 
    "24", "26")), class = "table"), No.Tag = structure(c(0L, 
    48L, 0L, 2L, 0L, 50L, 0L, 0L, 0L, 1L, 0L, 0L), .Dim = 4:3, .Dimnames = structure(list(
        c("-1", "0", "1", NA), c("A", "G", NA)), .Names = c("", 
    "")), class = "table"), All.Tags = list(Concordant = list(
        Freqs = structure(c(1, 581, 0, 0, 499, 0), .Dim = 3:2, .Dimnames = list(
            c("-1", "0", "1"), c("A", "G"))), N = 1081), Majority = list(
        Freqs = structure(c(1, 686, 0, 0, 586, 0), .Dim = 3:2, .Dimnames = list(
            c("-1", "0", "1"), c("A", "G"))), N = 1273)), `2` = structure(c(0, 
    542, 0, 0, 469, 0), .Dim = 3:2, .Dimnames = list(c("-1", 
    "0", "1"), c("A", "G"))))))
