Results <-
list(`bwa.out//20220204//BlindCMMRD41_S1.sam` = list(GM22_SNP1 = list(
    All = list(Freqs = structure(c(0L, 41L, 0L, 0L, 65L, 4966L, 
    15L, 5L, 0L, 2L, 0L, 0L, 3L, 78L, 0L, 0L), .Dim = c(4L, 4L
    ), .Dimnames = structure(list(c("-1", "0", "1", NA), c("A", 
    "G", "T", NA)), .Names = c("", "")), class = "table"), N = 5175L), 
    Tag.Distribution = structure(c(`1` = 121L, `2` = 20L, `3` = 14L, 
    `4` = 13L, `5` = 13L, `6` = 12L, `7` = 16L, `8` = 15L, `9` = 16L, 
    `10` = 10L, `11` = 10L, `12` = 12L, `13` = 12L, `14` = 14L, 
    `15` = 12L, `16` = 12L, `17` = 5L, `18` = 7L, `19` = 2L, 
    `20` = 8L, `21` = 3L, `22` = 5L, `23` = 2L, `24` = 4L, `25` = 3L, 
    `26` = 4L, `27` = 5L, `28` = 6L, `29` = 9L, `30` = 1L, `31` = 2L, 
    `32` = 1L, `33` = 7L, `34` = 2L, `35` = 2L, `36` = 2L, `37` = 1L, 
    `38` = 3L, `39` = 3L, `40` = 1L, `41` = 2L, `42` = 2L, `43` = 2L, 
    `44` = 3L, `45` = 3L, `46` = 1L, `47` = 2L, `48` = 1L, `51` = 1L, 
    `53` = 1L, `56` = 1L), .Dim = 51L, .Dimnames = list(TagUsage = c("1", 
    "2", "3", "4", "5", "6", "7", "8", "9", "10", "11", "12", 
    "13", "14", "15", "16", "17", "18", "19", "20", "21", "22", 
    "23", "24", "25", "26", "27", "28", "29", "30", "31", "32", 
    "33", "34", "35", "36", "37", "38", "39", "40", "41", "42", 
    "43", "44", "45", "46", "47", "48", "51", "53", "56")), class = "table"), 
    No.Tag = structure(c(0L, 3L, 0L, 0L, 3L, 107L, 0L, 0L, 0L, 
    0L, 0L, 0L, 0L, 9L, 0L, 0L), .Dim = c(4L, 4L), .Dimnames = structure(list(
        c("-1", "0", "1", NA), c("A", "G", "T", NA)), .Names = c("", 
    "")), class = "table"), All.Tags = list(Concordant = list(
        Freqs = structure(c(0, 33, 0, 0, 320, 0, 0, 0, 0), .Dim = c(3L, 
        3L), .Dimnames = list(c("-1", "0", "1"), c("A", "G", 
        "T"))), N = 353), Majority = list(Freqs = structure(c(0, 
    33, 0, 0, 390, 0, 0, 0, 0), .Dim = c(3L, 3L), .Dimnames = list(
        c("-1", "0", "1"), c("A", "G", "T"))), N = 423)), `2` = structure(c(0, 
    2, 0, 0, 306, 0, 0, 0, 0), .Dim = c(3L, 3L), .Dimnames = list(
        c("-1", "0", "1"), c("A", "G", "T"))))))
