Results <-
list(`bwa.out//20220204//BlindCMMRD72_S31.sam` = list(LR24_SNP1 = list(
    All = list(Freqs = structure(c(0L, 0L, 0L, 2L, 0L, 1L, 1L, 
    1L, 31L, 5300L, 14L, 2L, 0L, 1L, 1L, 34L, 0L, 0L), .Dim = c(6L, 
    3L), .Dimnames = structure(list(c("-3", "-2", "-1", "0", 
    "1", NA), c("A", "G", NA)), .Names = c("", "")), class = "table"), 
        N = 5388L), Tag.Distribution = structure(c(`1` = 245L, 
    `2` = 156L, `3` = 125L, `4` = 102L, `5` = 78L, `6` = 68L, 
    `7` = 73L, `8` = 46L, `9` = 45L, `10` = 25L, `11` = 16L, 
    `12` = 15L, `13` = 16L, `14` = 9L, `15` = 11L, `16` = 8L, 
    `17` = 5L, `18` = 3L, `19` = 5L, `20` = 3L, `21` = 3L, `22` = 1L, 
    `23` = 3L, `24` = 1L, `26` = 1L, `34` = 1L, `37` = 1L), .Dim = 27L, .Dimnames = list(
        TagUsage = c("1", "2", "3", "4", "5", "6", "7", "8", 
        "9", "10", "11", "12", "13", "14", "15", "16", "17", 
        "18", "19", "20", "21", "22", "23", "24", "26", "34", 
        "37")), class = "table"), No.Tag = structure(c(0L, 0L, 
    0L, 0L, 0L, 0L, 0L, 0L, 0L, 158L, 0L, 0L, 0L, 0L, 0L, 6L, 
    0L, 0L), .Dim = c(6L, 3L), .Dimnames = structure(list(c("-3", 
    "-2", "-1", "0", "1", NA), c("A", "G", NA)), .Names = c("", 
    "")), class = "table"), All.Tags = list(Concordant = list(
        Freqs = structure(c(0, 0, 0, 1, 0, 0, 1, 3, 1011, 0), .Dim = c(5L, 
        2L), .Dimnames = list(c("-3", "-2", "-1", "0", "1"), 
            c("A", "G"))), N = 1016), Majority = list(Freqs = structure(c(0, 
    0, 0, 1, 0, 0, 1, 3, 1051, 0), .Dim = c(5L, 2L), .Dimnames = list(
        c("-3", "-2", "-1", "0", "1"), c("A", "G"))), N = 1056)), 
    `2` = structure(c(0, 0, 0, 0, 0, 0, 0, 1, 817, 0), .Dim = c(5L, 
    2L), .Dimnames = list(c("-3", "-2", "-1", "0", "1"), c("A", 
    "G"))))))
