Results <-
list(`bwa.out//20220204//MLPA80_S12.sam` = list(DEPDC2_SNP1 = list(
    All = list(Freqs = structure(c(0L, 3L, 0L, 0L, 0L, 9L, 2042L, 
    10L, 1L, 14L, 11L, 2386L, 9L, 0L, 7L, 1L, 101L, 0L, 0L, 0L
    ), .Dim = 5:4, .Dimnames = structure(list(c("-1", "0", "1", 
    "2", NA), c("A", "C", "T", NA)), .Names = c("", "")), class = "table"), 
        N = 4594L), Tag.Distribution = structure(c(`1` = 209L, 
    `2` = 128L, `3` = 104L, `4` = 71L, `5` = 70L, `6` = 44L, 
    `7` = 40L, `8` = 38L, `9` = 30L, `10` = 17L, `11` = 13L, 
    `12` = 20L, `13` = 10L, `14` = 15L, `15` = 9L, `16` = 5L, 
    `17` = 7L, `18` = 5L, `19` = 3L, `20` = 6L, `21` = 3L, `22` = 3L, 
    `23` = 2L, `26` = 4L, `27` = 1L, `29` = 2L, `33` = 1L, `38` = 1L, 
    `49` = 1L), .Dim = 29L, .Dimnames = list(TagUsage = c("1", 
    "2", "3", "4", "5", "6", "7", "8", "9", "10", "11", "12", 
    "13", "14", "15", "16", "17", "18", "19", "20", "21", "22", 
    "23", "26", "27", "29", "33", "38", "49")), class = "table"), 
    No.Tag = structure(c(0L, 0L, 0L, 0L, 0L, 0L, 32L, 0L, 0L, 
    1L, 0L, 48L, 0L, 0L, 0L, 0L, 6L, 0L, 0L, 0L), .Dim = 5:4, .Dimnames = structure(list(
        c("-1", "0", "1", "2", NA), c("A", "C", "T", NA)), .Names = c("", 
    "")), class = "table"), All.Tags = list(Concordant = list(
        Freqs = structure(c(0, 1, 0, 0, 0, 357, 0, 0, 2, 380, 
        0, 0), .Dim = 4:3, .Dimnames = list(c("-1", "0", "1", 
        "2"), c("A", "C", "T"))), N = 740), Majority = list(Freqs = structure(c(0, 
    1, 0, 0, 0, 404, 0, 0, 2, 426, 0, 0), .Dim = 4:3, .Dimnames = list(
        c("-1", "0", "1", "2"), c("A", "C", "T"))), N = 833)), 
    `2` = structure(c(0, 0, 0, 0, 0, 311, 0, 0, 0, 329, 0, 0), .Dim = 4:3, .Dimnames = list(
        c("-1", "0", "1", "2"), c("A", "C", "T"))))))
