Results <-
list(`bwa.out//20220204//BlindCMMRD114_S40.sam` = list(LR24_SNP1 = list(
    All = list(Freqs = structure(c(0L, 0L, 2L, 0L, 0L, 0L, 0L, 
    3L, 0L, 0L, 0L, 0L, 1L, 0L, 0L, 1L, 14L, 4624L, 11L, 6L, 
    0L, 0L, 12L, 0L, 0L), .Dim = c(5L, 5L), .Dimnames = structure(list(
        c("-2", "-1", "0", "1", NA), c("-", "A", "C", "G", NA
        )), .Names = c("", "")), class = "table"), N = 4674L), 
    Tag.Distribution = structure(c(`1` = 331L, `2` = 209L, `3` = 172L, 
    `4` = 138L, `5` = 90L, `6` = 84L, `7` = 67L, `8` = 35L, `9` = 19L, 
    `10` = 27L, `11` = 21L, `12` = 7L, `13` = 3L, `14` = 5L, 
    `15` = 4L, `16` = 1L, `17` = 2L, `18` = 1L, `20` = 2L, `21` = 1L, 
    `22` = 1L), .Dim = 21L, .Dimnames = list(TagUsage = c("1", 
    "2", "3", "4", "5", "6", "7", "8", "9", "10", "11", "12", 
    "13", "14", "15", "16", "17", "18", "20", "21", "22")), class = "table"), 
    No.Tag = structure(c(0L, 0L, 0L, 0L, 0L, 0L, 0L, 0L, 0L, 
    0L, 0L, 0L, 0L, 0L, 0L, 0L, 0L, 76L, 0L, 0L, 0L, 0L, 2L, 
    0L, 0L), .Dim = c(5L, 5L), .Dimnames = structure(list(c("-2", 
    "-1", "0", "1", NA), c("-", "A", "C", "G", NA)), .Names = c("", 
    "")), class = "table"), All.Tags = list(Concordant = list(
        Freqs = structure(c(0, 0, 0, 0, 0, 0, 1, 0, 0, 0, 0, 
        0, 1, 0, 1191, 1), .Dim = c(4L, 4L), .Dimnames = list(
            c("-2", "-1", "0", "1"), c("-", "A", "C", "G"))), 
        N = 1194), Majority = list(Freqs = structure(c(0, 0, 
    0, 0, 0, 0, 1, 0, 0, 0, 0, 0, 1, 1, 1213, 1), .Dim = c(4L, 
    4L), .Dimnames = list(c("-2", "-1", "0", "1"), c("-", "A", 
    "C", "G"))), N = 1217)), `2` = structure(c(0, 0, 0, 0, 0, 
    0, 0, 0, 0, 0, 0, 0, 0, 1, 886, 0), .Dim = c(4L, 4L), .Dimnames = list(
        c("-2", "-1", "0", "1"), c("-", "A", "C", "G"))))))
