Results <-
list(`bwa.out//20220204//BlindCMMRD109_S35.sam` = list(GM29_SNP1 = list(
    All = list(Freqs = structure(c(62L, 2640L, 5L, 10L, 57L, 
    2733L, 10L, 9L, 0L, 19L, 0L, 0L), .Dim = 4:3, .Dimnames = structure(list(
        c("-1", "0", "1", NA), c("A", "G", NA)), .Names = c("", 
    "")), class = "table"), N = 5545L), Tag.Distribution = structure(c(`1` = 190L, 
    `2` = 133L, `3` = 126L, `4` = 115L, `5` = 72L, `6` = 75L, 
    `7` = 56L, `8` = 44L, `9` = 34L, `10` = 28L, `11` = 13L, 
    `12` = 22L, `13` = 19L, `14` = 10L, `15` = 4L, `16` = 3L, 
    `17` = 2L, `18` = 6L, `19` = 4L, `20` = 5L, `21` = 3L, `22` = 3L, 
    `23` = 3L, `24` = 4L, `25` = 2L, `26` = 1L, `27` = 1L, `29` = 2L, 
    `33` = 2L, `34` = 1L, `35` = 1L, `36` = 2L, `39` = 1L), .Dim = 33L, .Dimnames = list(
        TagUsage = c("1", "2", "3", "4", "5", "6", "7", "8", 
        "9", "10", "11", "12", "13", "14", "15", "16", "17", 
        "18", "19", "20", "21", "22", "23", "24", "25", "26", 
        "27", "29", "33", "34", "35", "36", "39")), class = "table"), 
    No.Tag = structure(c(0L, 104L, 0L, 0L, 1L, 83L, 0L, 0L, 0L, 
    2L, 0L, 0L), .Dim = 4:3, .Dimnames = structure(list(c("-1", 
    "0", "1", NA), c("A", "G", NA)), .Names = c("", "")), class = "table"), 
    All.Tags = list(Concordant = list(Freqs = structure(c(5, 
    361, 1, 2, 352, 1), .Dim = 3:2, .Dimnames = list(c("-1", 
    "0", "1"), c("A", "G"))), N = 722), Majority = list(Freqs = structure(c(5, 
    480, 1, 2, 464, 1), .Dim = 3:2, .Dimnames = list(c("-1", 
    "0", "1"), c("A", "G"))), N = 953)), `2` = structure(c(2, 
    383, 0, 1, 378, 0), .Dim = 3:2, .Dimnames = list(c("-1", 
    "0", "1"), c("A", "G"))))))
