Results <-
list(`bwa.out//20220204//BlindCMMRD60_S19.sam` = list(GM11_SNP1 = list(
    All = list(Freqs = structure(c(13L, 3036L, 11L, 3L, 17L, 
    3136L, 6L, 4L, 0L, 2L, 0L, 0L, 1L, 26L, 1L, 0L), .Dim = c(4L, 
    4L), .Dimnames = structure(list(c("-1", "0", "1", NA), c("A", 
    "G", "T", NA)), .Names = c("", "")), class = "table"), N = 6256L), 
    Tag.Distribution = structure(c(`1` = 117L, `2` = 54L, `3` = 56L, 
    `4` = 43L, `5` = 43L, `6` = 36L, `7` = 29L, `8` = 38L, `9` = 37L, 
    `10` = 22L, `11` = 22L, `12` = 19L, `13` = 24L, `14` = 18L, 
    `15` = 11L, `16` = 7L, `17` = 9L, `18` = 7L, `19` = 8L, `20` = 8L, 
    `21` = 8L, `22` = 11L, `23` = 2L, `24` = 4L, `25` = 2L, `26` = 7L, 
    `27` = 5L, `28` = 8L, `29` = 3L, `30` = 4L, `31` = 3L, `32` = 3L, 
    `33` = 1L, `34` = 2L, `35` = 1L, `37` = 2L, `38` = 1L, `39` = 1L, 
    `40` = 1L, `42` = 2L, `44` = 1L, `48` = 2L, `58` = 1L, `65` = 1L
    ), .Dim = 44L, .Dimnames = list(TagUsage = c("1", "2", "3", 
    "4", "5", "6", "7", "8", "9", "10", "11", "12", "13", "14", 
    "15", "16", "17", "18", "19", "20", "21", "22", "23", "24", 
    "25", "26", "27", "28", "29", "30", "31", "32", "33", "34", 
    "35", "37", "38", "39", "40", "42", "44", "48", "58", "65"
    )), class = "table"), No.Tag = structure(c(0L, 43L, 0L, 0L, 
    0L, 41L, 0L, 0L, 0L, 0L, 0L, 0L, 0L, 0L, 1L, 0L), .Dim = c(4L, 
    4L), .Dimnames = structure(list(c("-1", "0", "1", NA), c("A", 
    "G", "T", NA)), .Names = c("", "")), class = "table"), All.Tags = list(
        Concordant = list(Freqs = structure(c(1, 315, 2, 0, 279, 
        1, 0, 0, 0), .Dim = c(3L, 3L), .Dimnames = list(c("-1", 
        "0", "1"), c("A", "G", "T"))), N = 598), Majority = list(
            Freqs = structure(c(1, 354, 2, 0, 321, 1, 0, 0, 0
            ), .Dim = c(3L, 3L), .Dimnames = list(c("-1", "0", 
            "1"), c("A", "G", "T"))), N = 679)), `2` = structure(c(0, 
    287, 0, 0, 278, 0, 0, 0, 0), .Dim = c(3L, 3L), .Dimnames = list(
        c("-1", "0", "1"), c("A", "G", "T"))))))
