Results <-
list(`bwa.out//20220204//BlindCMMRD91_S50.sam` = list(DEPDC2_SNP1 = list(
    All = list(Freqs = structure(c(0L, 0L, 5L, 0L, 0L, 1L, 21L, 
    4905L, 14L, 19L, 0L, 0L, 8L, 0L, 1L, 0L, 1L, 73L, 2L, 0L), .Dim = 5:4, .Dimnames = structure(list(
        c("-2", "-1", "0", "1", NA), c("A", "C", "T", NA)), .Names = c("", 
    "")), class = "table"), N = 5050L), Tag.Distribution = structure(c(`1` = 170L, 
    `2` = 72L, `3` = 62L, `4` = 58L, `5` = 60L, `6` = 47L, `7` = 54L, 
    `8` = 40L, `9` = 27L, `10` = 22L, `11` = 20L, `12` = 18L, 
    `13` = 15L, `14` = 15L, `15` = 13L, `16` = 10L, `17` = 9L, 
    `18` = 10L, `19` = 13L, `20` = 6L, `21` = 6L, `22` = 3L, 
    `23` = 2L, `24` = 3L, `25` = 2L, `26` = 2L, `27` = 1L, `29` = 1L, 
    `32` = 1L, `34` = 1L, `35` = 1L), .Dim = 31L, .Dimnames = list(
        TagUsage = c("1", "2", "3", "4", "5", "6", "7", "8", 
        "9", "10", "11", "12", "13", "14", "15", "16", "17", 
        "18", "19", "20", "21", "22", "23", "24", "25", "26", 
        "27", "29", "32", "34", "35")), class = "table"), No.Tag = structure(c(0L, 
    0L, 0L, 0L, 0L, 0L, 0L, 96L, 1L, 2L, 0L, 0L, 0L, 0L, 1L, 
    0L, 1L, 8L, 1L, 0L), .Dim = 5:4, .Dimnames = structure(list(
        c("-2", "-1", "0", "1", NA), c("A", "C", "T", NA)), .Names = c("", 
    "")), class = "table"), All.Tags = list(Concordant = list(
        Freqs = structure(c(0, 0, 1, 0, 1, 1, 711, 2, 0, 0, 6, 
        0), .Dim = 4:3, .Dimnames = list(c("-2", "-1", "0", "1"
        ), c("A", "C", "T"))), N = 722), Majority = list(Freqs = structure(c(0, 
    0, 1, 0, 1, 1, 745, 2, 0, 0, 6, 0), .Dim = 4:3, .Dimnames = list(
        c("-2", "-1", "0", "1"), c("A", "C", "T"))), N = 756)), 
    `2` = structure(c(0, 0, 0, 0, 0, 0, 592, 2, 0, 0, 0, 0), .Dim = 4:3, .Dimnames = list(
        c("-2", "-1", "0", "1"), c("A", "C", "T"))))))
