Results <-
list(`bwa.out//20220204//BlindCMMRD42_S2.sam` = list(GM22_SNP1 = list(
    All = list(Freqs = structure(c(2L, 50L, 3284L, 9L, 8L, 2L, 
    36L, 2778L, 22L, 6L, 0L, 0L, 1L, 0L, 0L, 0L, 1L, 78L, 0L, 
    0L), .Dim = 5:4, .Dimnames = structure(list(c("-2", "-1", 
    "0", "1", NA), c("A", "G", "T", NA)), .Names = c("", "")), class = "table"), 
        N = 6277L), Tag.Distribution = structure(c(`1` = 93L, 
    `2` = 15L, `3` = 12L, `4` = 8L, `5` = 14L, `6` = 17L, `7` = 13L, 
    `8` = 20L, `9` = 16L, `10` = 12L, `11` = 3L, `12` = 16L, 
    `13` = 8L, `14` = 9L, `15` = 8L, `16` = 9L, `17` = 9L, `18` = 7L, 
    `19` = 6L, `20` = 7L, `21` = 11L, `22` = 6L, `23` = 3L, `24` = 8L, 
    `25` = 5L, `26` = 4L, `27` = 4L, `28` = 4L, `29` = 4L, `30` = 3L, 
    `31` = 3L, `32` = 3L, `33` = 2L, `34` = 5L, `35` = 3L, `37` = 3L, 
    `38` = 2L, `39` = 1L, `40` = 3L, `41` = 5L, `42` = 3L, `43` = 1L, 
    `44` = 2L, `45` = 3L, `46` = 2L, `47` = 2L, `48` = 3L, `49` = 1L, 
    `52` = 1L, `53` = 4L, `54` = 2L, `56` = 3L, `58` = 2L, `59` = 1L, 
    `64` = 1L, `66` = 1L, `74` = 1L), .Dim = 57L, .Dimnames = list(
        TagUsage = c("1", "2", "3", "4", "5", "6", "7", "8", 
        "9", "10", "11", "12", "13", "14", "15", "16", "17", 
        "18", "19", "20", "21", "22", "23", "24", "25", "26", 
        "27", "28", "29", "30", "31", "32", "33", "34", "35", 
        "37", "38", "39", "40", "41", "42", "43", "44", "45", 
        "46", "47", "48", "49", "52", "53", "54", "56", "58", 
        "59", "64", "66", "74")), class = "table"), No.Tag = structure(c(0L, 
    2L, 54L, 0L, 1L, 0L, 0L, 34L, 0L, 0L, 0L, 0L, 0L, 0L, 0L, 
    0L, 1L, 5L, 0L, 0L), .Dim = 5:4, .Dimnames = structure(list(
        c("-2", "-1", "0", "1", NA), c("A", "G", "T", NA)), .Names = c("", 
    "")), class = "table"), All.Tags = list(Concordant = list(
        Freqs = structure(c(0, 1, 167, 0, 0, 2, 150, 1, 0, 0, 
        0, 0), .Dim = 4:3, .Dimnames = list(c("-2", "-1", "0", 
        "1"), c("A", "G", "T"))), N = 321), Majority = list(Freqs = structure(c(0, 
    1, 217, 0, 0, 2, 190, 2, 0, 0, 0, 0), .Dim = 4:3, .Dimnames = list(
        c("-2", "-1", "0", "1"), c("A", "G", "T"))), N = 412)), 
    `2` = structure(c(0, 0, 167, 0, 0, 0, 155, 1, 0, 0, 0, 0), .Dim = 4:3, .Dimnames = list(
        c("-2", "-1", "0", "1"), c("A", "G", "T"))))))
