Results <-
list(`bwa.out//20220204//17D0939_S6.sam` = list(GM17_SNP1 = list(
    All = list(Freqs = structure(c(11L, 1577L, 4L, 1L, 15L, 1526L, 
    9L, 0L, 1L, 16L, 0L, 0L), .Dim = 4:3, .Dimnames = structure(list(
        c("-1", "0", "1", NA), c("C", "T", NA)), .Names = c("", 
    "")), class = "table"), N = 3160L), Tag.Distribution = structure(c(`1` = 97L, 
    `2` = 37L, `3` = 29L, `4` = 18L, `5` = 22L, `6` = 18L, `7` = 12L, 
    `8` = 14L, `9` = 13L, `10` = 9L, `11` = 10L, `12` = 10L, 
    `13` = 9L, `14` = 5L, `15` = 3L, `16` = 2L, `17` = 4L, `18` = 7L, 
    `19` = 4L, `20` = 5L, `21` = 2L, `22` = 1L, `23` = 3L, `24` = 2L, 
    `25` = 1L, `26` = 4L, `27` = 2L, `28` = 1L, `29` = 1L, `30` = 1L, 
    `31` = 1L, `32` = 1L, `34` = 3L, `35` = 2L, `36` = 1L, `37` = 1L, 
    `38` = 1L, `39` = 1L, `40` = 1L, `41` = 1L, `44` = 1L, `45` = 1L, 
    `47` = 1L, `50` = 1L, `54` = 1L, `65` = 1L, `85` = 1L), .Dim = 47L, .Dimnames = list(
        TagUsage = c("1", "2", "3", "4", "5", "6", "7", "8", 
        "9", "10", "11", "12", "13", "14", "15", "16", "17", 
        "18", "19", "20", "21", "22", "23", "24", "25", "26", 
        "27", "28", "29", "30", "31", "32", "34", "35", "36", 
        "37", "38", "39", "40", "41", "44", "45", "47", "50", 
        "54", "65", "85")), class = "table"), No.Tag = structure(c(0L, 
    31L, 0L, 0L, 0L, 6L, 0L, 0L, 0L, 1L, 0L, 0L), .Dim = 4:3, .Dimnames = structure(list(
        c("-1", "0", "1", NA), c("C", "T", NA)), .Names = c("", 
    "")), class = "table"), All.Tags = list(Concordant = list(
        Freqs = structure(c(0, 164, 0, 2, 153, 0), .Dim = 3:2, .Dimnames = list(
            c("-1", "0", "1"), c("C", "T"))), N = 319), Majority = list(
        Freqs = structure(c(0, 181, 0, 2, 175, 0), .Dim = 3:2, .Dimnames = list(
            c("-1", "0", "1"), c("C", "T"))), N = 358)), `2` = structure(c(0, 
    130, 0, 0, 132, 0), .Dim = 3:2, .Dimnames = list(c("-1", 
    "0", "1"), c("C", "T"))))))
