Results <-
list(`bwa.out//20220204//BlindCMMRD63_S22.sam` = list(GM14_SNP1 = list(
    All = list(Freqs = structure(c(2L, 37L, 1236L, 10L, 1L, 3L, 
    0L, 29L, 1153L, 2L, 0L, 2L, 0L, 0L, 22L, 1L, 0L, 0L), .Dim = c(6L, 
    3L), .Dimnames = structure(list(c("-2", "-1", "0", "1", "2", 
    NA), c("C", "T", NA)), .Names = c("", "")), class = "table"), 
        N = 2498L), Tag.Distribution = structure(c(`1` = 62L, 
    `2` = 30L, `3` = 30L, `4` = 23L, `5` = 22L, `6` = 20L, `7` = 20L, 
    `8` = 16L, `9` = 8L, `10` = 10L, `11` = 7L, `12` = 13L, `13` = 9L, 
    `14` = 12L, `15` = 6L, `16` = 7L, `17` = 4L, `18` = 5L, `19` = 4L, 
    `20` = 4L, `23` = 3L, `24` = 3L, `25` = 6L, `26` = 1L, `27` = 1L, 
    `32` = 1L, `34` = 1L, `38` = 1L), .Dim = 28L, .Dimnames = list(
        TagUsage = c("1", "2", "3", "4", "5", "6", "7", "8", 
        "9", "10", "11", "12", "13", "14", "15", "16", "17", 
        "18", "19", "20", "23", "24", "25", "26", "27", "32", 
        "34", "38")), class = "table"), No.Tag = structure(c(0L, 
    0L, 30L, 0L, 0L, 0L, 0L, 0L, 10L, 0L, 0L, 1L, 0L, 0L, 1L, 
    0L, 0L, 0L), .Dim = c(6L, 3L), .Dimnames = structure(list(
        c("-2", "-1", "0", "1", "2", NA), c("C", "T", NA)), .Names = c("", 
    "")), class = "table"), All.Tags = list(Concordant = list(
        Freqs = structure(c(0, 1, 131, 1, 0, 0, 1, 128, 0, 0), .Dim = c(5L, 
        2L), .Dimnames = list(c("-2", "-1", "0", "1", "2"), c("C", 
        "T"))), N = 262), Majority = list(Freqs = structure(c(0, 
    1, 164, 1, 0, 0, 1, 157, 0, 0), .Dim = c(5L, 2L), .Dimnames = list(
        c("-2", "-1", "0", "1", "2"), c("C", "T"))), N = 324)), 
    `2` = structure(c(0, 0, 137, 0, 0, 0, 0, 127, 0, 0), .Dim = c(5L, 
    2L), .Dimnames = list(c("-2", "-1", "0", "1", "2"), c("C", 
    "T"))))))
