Results <-
list(`bwa.out//20220204//Control20_S13.sam` = list(GM01_SNP1 = list(
    All = list(Freqs = structure(c(1L, 26L, 2354L, 14L, 7L, 0L, 
    24L, 2252L, 8L, 3L, 0L, 0L, 53L, 1L, 0L), .Dim = c(5L, 3L
    ), .Dimnames = structure(list(c("-2", "-1", "0", "1", NA), 
        c("A", "G", NA)), .Names = c("", "")), class = "table"), 
        N = 4743L), Tag.Distribution = structure(c(`1` = 147L, 
    `2` = 56L, `3` = 77L, `4` = 45L, `5` = 40L, `6` = 44L, `7` = 26L, 
    `8` = 26L, `9` = 20L, `10` = 22L, `11` = 29L, `12` = 20L, 
    `13` = 17L, `14` = 14L, `15` = 15L, `16` = 11L, `17` = 11L, 
    `18` = 6L, `19` = 8L, `20` = 7L, `21` = 6L, `22` = 6L, `23` = 3L, 
    `24` = 7L, `25` = 2L, `26` = 1L, `27` = 1L, `29` = 1L, `30` = 1L, 
    `31` = 1L, `36` = 1L), .Dim = 31L, .Dimnames = list(TagUsage = c("1", 
    "2", "3", "4", "5", "6", "7", "8", "9", "10", "11", "12", 
    "13", "14", "15", "16", "17", "18", "19", "20", "21", "22", 
    "23", "24", "25", "26", "27", "29", "30", "31", "36")), class = "table"), 
    No.Tag = structure(c(0L, 1L, 66L, 0L, 0L, 0L, 0L, 52L, 0L, 
    0L, 0L, 0L, 12L, 0L, 0L), .Dim = c(5L, 3L), .Dimnames = structure(list(
        c("-2", "-1", "0", "1", NA), c("A", "G", NA)), .Names = c("", 
    "")), class = "table"), All.Tags = list(Concordant = list(
        Freqs = structure(c(0, 2, 299, 0, 0, 1, 273, 0), .Dim = c(4L, 
        2L), .Dimnames = list(c("-2", "-1", "0", "1"), c("A", 
        "G"))), N = 575), Majority = list(Freqs = structure(c(0, 
    2, 347, 0, 0, 1, 314, 0), .Dim = c(4L, 2L), .Dimnames = list(
        c("-2", "-1", "0", "1"), c("A", "G"))), N = 664)), `2` = structure(c(0, 
    0, 268, 0, 0, 0, 253, 0), .Dim = c(4L, 2L), .Dimnames = list(
        c("-2", "-1", "0", "1"), c("A", "G"))))))
