Results <-
list(`bwa.out//20220204//BlindCMMRD64_S23.sam` = list(LR11_SNP1 = list(
    All = list(Freqs = structure(c(0L, 0L, 4L, 0L, 0L, 1L, 3L, 
    69L, 3496L, 21L, 1L, 8L, 0L, 1L, 117L, 1L, 0L, 0L), .Dim = c(6L, 
    3L), .Dimnames = structure(list(c("-2", "-1", "0", "1", "2", 
    NA), c("A", "C", NA)), .Names = c("", "")), class = "table"), 
        N = 3722L), Tag.Distribution = structure(c(`1` = 94L, 
    `2` = 61L, `3` = 61L, `4` = 48L, `5` = 28L, `6` = 26L, `7` = 35L, 
    `8` = 19L, `9` = 27L, `10` = 22L, `11` = 18L, `12` = 21L, 
    `13` = 10L, `14` = 8L, `15` = 12L, `16` = 9L, `17` = 9L, 
    `18` = 8L, `19` = 2L, `20` = 5L, `21` = 7L, `22` = 3L, `23` = 1L, 
    `24` = 4L, `27` = 1L, `28` = 1L, `31` = 1L, `32` = 1L, `37` = 1L
    ), .Dim = 29L, .Dimnames = list(TagUsage = c("1", "2", "3", 
    "4", "5", "6", "7", "8", "9", "10", "11", "12", "13", "14", 
    "15", "16", "17", "18", "19", "20", "21", "22", "23", "24", 
    "27", "28", "31", "32", "37")), class = "table"), No.Tag = structure(c(0L, 
    0L, 0L, 0L, 0L, 0L, 0L, 0L, 35L, 0L, 0L, 0L, 0L, 0L, 2L, 
    0L, 0L, 0L), .Dim = c(6L, 3L), .Dimnames = structure(list(
        c("-2", "-1", "0", "1", "2", NA), c("A", "C", NA)), .Names = c("", 
    "")), class = "table"), All.Tags = list(Concordant = list(
        Freqs = structure(c(0, 0, 0, 0, 0, 0, 1, 469, 1, 0), .Dim = c(5L, 
        2L), .Dimnames = list(c("-2", "-1", "0", "1", "2"), c("A", 
        "C"))), N = 471), Majority = list(Freqs = structure(c(0, 
    0, 0, 0, 0, 0, 2, 534, 1, 0), .Dim = c(5L, 2L), .Dimnames = list(
        c("-2", "-1", "0", "1", "2"), c("A", "C"))), N = 537)), 
    `2` = structure(c(0, 0, 0, 0, 0, 0, 1, 448, 0, 0), .Dim = c(5L, 
    2L), .Dimnames = list(c("-2", "-1", "0", "1", "2"), c("A", 
    "C"))))))
