Results <-
list(`bwa.out//20220204//Control20_S13.sam` = list(GM07_SNP1 = list(
    All = list(Freqs = structure(c(1L, 148L, 3263L, 110L, 4L, 
    27L, 0L, 0L, 4L, 0L, 0L, 0L, 0L, 0L, 16L, 1L, 0L, 0L), .Dim = c(6L, 
    3L), .Dimnames = structure(list(c("-2", "-1", "0", "1", "2", 
    NA), c("A", "G", NA)), .Names = c("", "")), class = "table"), 
        N = 3574L), Tag.Distribution = structure(c(`1` = 86L, 
    `2` = 54L, `3` = 43L, `4` = 28L, `5` = 35L, `6` = 28L, `7` = 22L, 
    `8` = 17L, `9` = 23L, `10` = 9L, `11` = 14L, `12` = 12L, 
    `13` = 6L, `14` = 12L, `15` = 7L, `16` = 3L, `17` = 8L, `18` = 5L, 
    `19` = 5L, `20` = 6L, `21` = 5L, `22` = 2L, `23` = 2L, `24` = 1L, 
    `25` = 5L, `26` = 1L, `27` = 2L, `28` = 1L, `29` = 2L, `31` = 3L, 
    `33` = 1L), .Dim = 31L, .Dimnames = list(TagUsage = c("1", 
    "2", "3", "4", "5", "6", "7", "8", "9", "10", "11", "12", 
    "13", "14", "15", "16", "17", "18", "19", "20", "21", "22", 
    "23", "24", "25", "26", "27", "28", "29", "31", "33")), class = "table"), 
    No.Tag = structure(c(0L, 27L, 376L, 17L, 0L, 5L, 0L, 0L, 
    1L, 0L, 0L, 0L, 0L, 0L, 8L, 1L, 0L, 0L), .Dim = c(6L, 3L), .Dimnames = structure(list(
        c("-2", "-1", "0", "1", "2", NA), c("A", "G", NA)), .Names = c("", 
    "")), class = "table"), All.Tags = list(Concordant = list(
        Freqs = structure(c(0, 3, 306, 4, 0, 0, 0, 2, 0, 0), .Dim = c(5L, 
        2L), .Dimnames = list(c("-2", "-1", "0", "1", "2"), c("A", 
        "G"))), N = 315), Majority = list(Freqs = structure(c(0, 
    4, 426, 6, 0, 0, 0, 2, 0, 0), .Dim = c(5L, 2L), .Dimnames = list(
        c("-2", "-1", "0", "1", "2"), c("A", "G"))), N = 438)), 
    `2` = structure(c(0, 1, 348, 3, 0, 0, 0, 0, 0, 0), .Dim = c(5L, 
    2L), .Dimnames = list(c("-2", "-1", "0", "1", "2"), c("A", 
    "G"))))))
