Results <-
list(`bwa.out//20220204//BlindCMMRD43_S3.sam` = list(GM26_SNP1 = list(
    All = list(Freqs = structure(c(48L, 1344L, 1L, 1L, 13L, 1367L, 
    5L, 1L, 0L, 25L, 0L, 0L), .Dim = 4:3, .Dimnames = structure(list(
        c("-1", "0", "1", NA), c("A", "G", NA)), .Names = c("", 
    "")), class = "table"), N = 2805L), Tag.Distribution = structure(c(`1` = 68L, 
    `2` = 24L, `3` = 20L, `4` = 21L, `5` = 24L, `6` = 14L, `7` = 13L, 
    `8` = 7L, `9` = 12L, `10` = 12L, `11` = 16L, `12` = 8L, `13` = 8L, 
    `14` = 6L, `15` = 8L, `16` = 7L, `17` = 8L, `18` = 4L, `19` = 2L, 
    `20` = 4L, `21` = 4L, `23` = 1L, `24` = 5L, `25` = 3L, `26` = 1L, 
    `27` = 1L, `28` = 2L, `29` = 1L, `30` = 1L, `31` = 1L, `32` = 2L, 
    `34` = 2L, `35` = 2L, `36` = 1L, `40` = 1L, `41` = 1L, `42` = 1L, 
    `48` = 1L), .Dim = 38L, .Dimnames = list(TagUsage = c("1", 
    "2", "3", "4", "5", "6", "7", "8", "9", "10", "11", "12", 
    "13", "14", "15", "16", "17", "18", "19", "20", "21", "23", 
    "24", "25", "26", "27", "28", "29", "30", "31", "32", "34", 
    "35", "36", "40", "41", "42", "48")), class = "table"), No.Tag = structure(c(0L, 
    17L, 0L, 0L, 0L, 20L, 1L, 0L, 0L, 0L, 0L, 0L), .Dim = 4:3, .Dimnames = structure(list(
        c("-1", "0", "1", NA), c("A", "G", NA)), .Names = c("", 
    "")), class = "table"), All.Tags = list(Concordant = list(
        Freqs = structure(c(4, 142, 0, 0, 134, 0), .Dim = 3:2, .Dimnames = list(
            c("-1", "0", "1"), c("A", "G"))), N = 280), Majority = list(
        Freqs = structure(c(4, 158, 0, 0, 151, 0), .Dim = 3:2, .Dimnames = list(
            c("-1", "0", "1"), c("A", "G"))), N = 313)), `2` = structure(c(2, 
    126, 0, 0, 120, 0), .Dim = 3:2, .Dimnames = list(c("-1", 
    "0", "1"), c("A", "G"))))))
