Results <-
list(`bwa.out//20220204//Control26_S19.sam` = list(LR44_SNP1 = list(
    All = list(Freqs = structure(c(5L, 211L, 3230L, 52L, 3L, 
    15L, 0L, 0L, 6L, 0L, 0L, 0L, 0L, 0L, 46L, 1L, 0L, 0L), .Dim = c(6L, 
    3L), .Dimnames = structure(list(c("-2", "-1", "0", "1", "2", 
    NA), c("C", "T", NA)), .Names = c("", "")), class = "table"), 
        N = 3569L), Tag.Distribution = structure(c(`1` = 123L, 
    `2` = 67L, `3` = 43L, `4` = 44L, `5` = 38L, `6` = 46L, `7` = 25L, 
    `8` = 21L, `9` = 22L, `10` = 25L, `11` = 14L, `12` = 14L, 
    `13` = 12L, `14` = 13L, `15` = 5L, `16` = 7L, `17` = 13L, 
    `18` = 9L, `19` = 2L, `20` = 3L, `21` = 1L, `22` = 3L, `23` = 1L, 
    `26` = 4L, `33` = 1L, `34` = 1L, `37` = 1L), .Dim = 27L, .Dimnames = list(
        TagUsage = c("1", "2", "3", "4", "5", "6", "7", "8", 
        "9", "10", "11", "12", "13", "14", "15", "16", "17", 
        "18", "19", "20", "21", "22", "23", "26", "33", "34", 
        "37")), class = "table"), No.Tag = structure(c(0L, 5L, 
    96L, 0L, 0L, 0L, 0L, 0L, 0L, 0L, 0L, 0L, 0L, 0L, 3L, 0L, 
    0L, 0L), .Dim = c(6L, 3L), .Dimnames = structure(list(c("-2", 
    "-1", "0", "1", "2", NA), c("C", "T", NA)), .Names = c("", 
    "")), class = "table"), All.Tags = list(Concordant = list(
        Freqs = structure(c(0, 7, 378, 1, 0, 0, 0, 2, 0, 0), .Dim = c(5L, 
        2L), .Dimnames = list(c("-2", "-1", "0", "1", "2"), c("C", 
        "T"))), N = 388), Majority = list(Freqs = structure(c(0, 
    12, 525, 1, 0, 0, 0, 2, 0, 0), .Dim = c(5L, 2L), .Dimnames = list(
        c("-2", "-1", "0", "1", "2"), c("C", "T"))), N = 540)), 
    `2` = structure(c(0, 6, 419, 0, 0, 0, 0, 0, 0, 0), .Dim = c(5L, 
    2L), .Dimnames = list(c("-2", "-1", "0", "1", "2"), c("C", 
    "T"))))))
