Results <-
list(`bwa.out//20220204//BlindCMMRD119_S45.sam` = list(GM26_SNP1 = list(
    All = list(Freqs = structure(c(0L, 11L, 2593L, 9L, 4L, 1L, 
    17L, 2634L, 10L, 5L, 0L, 0L, 64L, 1L, 0L), .Dim = c(5L, 3L
    ), .Dimnames = structure(list(c("-2", "-1", "0", "1", NA), 
        c("A", "G", NA)), .Names = c("", "")), class = "table"), 
        N = 5349L), Tag.Distribution = structure(c(`1` = 243L, 
    `2` = 170L, `3` = 148L, `4` = 116L, `5` = 82L, `6` = 64L, 
    `7` = 64L, `8` = 45L, `9` = 36L, `10` = 34L, `11` = 24L, 
    `12` = 12L, `13` = 21L, `14` = 12L, `15` = 7L, `16` = 3L, 
    `17` = 4L, `18` = 6L, `19` = 6L, `20` = 1L, `21` = 1L, `22` = 2L, 
    `23` = 1L, `24` = 1L, `25` = 1L, `27` = 1L, `29` = 1L), .Dim = 27L, .Dimnames = list(
        TagUsage = c("1", "2", "3", "4", "5", "6", "7", "8", 
        "9", "10", "11", "12", "13", "14", "15", "16", "17", 
        "18", "19", "20", "21", "22", "23", "24", "25", "27", 
        "29")), class = "table"), No.Tag = structure(c(0L, 0L, 
    39L, 0L, 0L, 0L, 0L, 42L, 0L, 0L, 0L, 0L, 5L, 1L, 0L), .Dim = c(5L, 
    3L), .Dimnames = structure(list(c("-2", "-1", "0", "1", NA
    ), c("A", "G", NA)), .Names = c("", "")), class = "table"), 
    All.Tags = list(Concordant = list(Freqs = structure(c(0, 
    1, 419, 1, 0, 0, 495, 0), .Dim = c(4L, 2L), .Dimnames = list(
        c("-2", "-1", "0", "1"), c("A", "G"))), N = 916), Majority = list(
        Freqs = structure(c(0, 1, 495, 1, 0, 0, 580, 0), .Dim = c(4L, 
        2L), .Dimnames = list(c("-2", "-1", "0", "1"), c("A", 
        "G"))), N = 1077)), `2` = structure(c(0, 0, 390, 0, 0, 
    0, 452, 0), .Dim = c(4L, 2L), .Dimnames = list(c("-2", "-1", 
    "0", "1"), c("A", "G"))))))
