Results <-
list(`bwa.out//20220204//BlindCMMRD91_S50.sam` = list(IM16_SNP1 = list(
    All = list(Freqs = structure(c(0L, 6L, 0L, 0L, 0L, 65L, 4504L, 
    65L, 1L, 2L, 0L, 62L, 6L, 0L, 0L), .Dim = c(5L, 3L), .Dimnames = structure(list(
        c("-1", "0", "1", "3", NA), c("A", "G", NA)), .Names = c("", 
    "")), class = "table"), N = 4711L), Tag.Distribution = structure(c(`1` = 100L, 
    `2` = 57L, `3` = 56L, `4` = 49L, `5` = 34L, `6` = 31L, `7` = 32L, 
    `8` = 28L, `9` = 24L, `10` = 18L, `11` = 14L, `12` = 10L, 
    `13` = 12L, `14` = 9L, `15` = 15L, `16` = 9L, `17` = 11L, 
    `18` = 12L, `19` = 9L, `20` = 5L, `21` = 7L, `22` = 10L, 
    `23` = 4L, `24` = 4L, `25` = 4L, `26` = 5L, `27` = 4L, `28` = 2L, 
    `29` = 2L, `30` = 1L, `31` = 1L, `32` = 1L, `33` = 1L, `38` = 1L, 
    `39` = 1L, `47` = 1L), .Dim = 36L, .Dimnames = list(TagUsage = c("1", 
    "2", "3", "4", "5", "6", "7", "8", "9", "10", "11", "12", 
    "13", "14", "15", "16", "17", "18", "19", "20", "21", "22", 
    "23", "24", "25", "26", "27", "28", "29", "30", "31", "32", 
    "33", "38", "39", "47")), class = "table"), No.Tag = structure(c(0L, 
    1L, 0L, 0L, 0L, 0L, 63L, 0L, 0L, 0L, 0L, 12L, 1L, 0L, 0L), .Dim = c(5L, 
    3L), .Dimnames = structure(list(c("-1", "0", "1", "3", NA
    ), c("A", "G", NA)), .Names = c("", "")), class = "table"), 
    All.Tags = list(Concordant = list(Freqs = structure(c(0, 
    2, 0, 0, 2, 488, 2, 0), .Dim = c(4L, 2L), .Dimnames = list(
        c("-1", "0", "1", "3"), c("A", "G"))), N = 494), Majority = list(
        Freqs = structure(c(0, 2, 0, 0, 2, 573, 2, 0), .Dim = c(4L, 
        2L), .Dimnames = list(c("-1", "0", "1", "3"), c("A", 
        "G"))), N = 579)), `2` = structure(c(0, 0, 0, 0, 2, 479, 
    1, 0), .Dim = c(4L, 2L), .Dimnames = list(c("-1", "0", "1", 
    "3"), c("A", "G"))))))
