Results <-
list(`bwa.out//20220204//BlindCMMRD58_S17.sam` = list(LR17_SNP1 = list(
    All = list(Freqs = structure(c(6L, 129L, 3746L, 35L, 1L, 
    24L, 0L, 0L, 2L, 0L, 0L, 0L, 0L, 1L, 171L, 1L, 0L, 0L), .Dim = c(6L, 
    3L), .Dimnames = structure(list(c("-2", "-1", "0", "1", "2", 
    NA), c("A", "G", NA)), .Names = c("", "")), class = "table"), 
        N = 4116L), Tag.Distribution = structure(c(`1` = 79L, 
    `2` = 12L, `3` = 2L, `4` = 2L, `5` = 3L, `6` = 4L, `7` = 5L, 
    `8` = 3L, `9` = 6L, `10` = 2L, `11` = 5L, `12` = 4L, `13` = 4L, 
    `14` = 3L, `15` = 1L, `16` = 3L, `17` = 3L, `18` = 3L, `19` = 2L, 
    `21` = 1L, `22` = 6L, `23` = 3L, `24` = 3L, `25` = 5L, `26` = 5L, 
    `27` = 3L, `28` = 2L, `29` = 1L, `30` = 2L, `31` = 2L, `32` = 1L, 
    `33` = 1L, `35` = 1L, `36` = 1L, `39` = 3L, `40` = 1L, `41` = 1L, 
    `43` = 2L, `45` = 3L, `46` = 3L, `47` = 3L, `50` = 1L, `52` = 2L, 
    `53` = 1L, `54` = 1L, `56` = 1L, `59` = 1L, `60` = 1L, `61` = 2L, 
    `62` = 2L, `65` = 2L, `66` = 2L, `68` = 3L, `69` = 1L, `73` = 1L, 
    `75` = 2L, `89` = 1L), .Dim = 57L, .Dimnames = list(TagUsage = c("1", 
    "2", "3", "4", "5", "6", "7", "8", "9", "10", "11", "12", 
    "13", "14", "15", "16", "17", "18", "19", "21", "22", "23", 
    "24", "25", "26", "27", "28", "29", "30", "31", "32", "33", 
    "35", "36", "39", "40", "41", "43", "45", "46", "47", "50", 
    "52", "53", "54", "56", "59", "60", "61", "62", "65", "66", 
    "68", "69", "73", "75", "89")), class = "table"), No.Tag = structure(c(0L, 
    8L, 197L, 2L, 0L, 2L, 0L, 0L, 1L, 0L, 0L, 0L, 0L, 0L, 14L, 
    0L, 0L, 0L), .Dim = c(6L, 3L), .Dimnames = structure(list(
        c("-2", "-1", "0", "1", "2", NA), c("A", "G", NA)), .Names = c("", 
    "")), class = "table"), All.Tags = list(Concordant = list(
        Freqs = structure(c(2, 2, 136, 0, 0, 0, 0, 0, 0, 0), .Dim = c(5L, 
        2L), .Dimnames = list(c("-2", "-1", "0", "1", "2"), c("A", 
        "G"))), N = 140), Majority = list(Freqs = structure(c(2, 
    2, 216, 0, 0, 0, 0, 0, 0, 0), .Dim = c(5L, 2L), .Dimnames = list(
        c("-2", "-1", "0", "1", "2"), c("A", "G"))), N = 220)), 
    `2` = structure(c(0, 0, 143, 0, 0, 0, 0, 0, 0, 0), .Dim = c(5L, 
    2L), .Dimnames = list(c("-2", "-1", "0", "1", "2"), c("A", 
    "G"))))))
