Results <-
list(`bwa.out//20220204//BlindCMMRD120_S46.sam` = list(LR20_SNP1 = list(
    All = list(Freqs = structure(c(0L, 1L, 0L, 4L, 4398L, 6L, 
    0L, 3L, 0L, 0L, 32L, 0L), .Dim = 3:4, .Dimnames = structure(list(
        c("-1", "0", "1"), c("-", "A", "G", NA)), .Names = c("", 
    "")), class = "table"), N = 4444L), Tag.Distribution = structure(c(`1` = 248L, 
    `2` = 189L, `3` = 139L, `4` = 105L, `5` = 86L, `6` = 61L, 
    `7` = 51L, `8` = 33L, `9` = 29L, `10` = 25L, `11` = 14L, 
    `12` = 12L, `13` = 14L, `14` = 7L, `15` = 4L, `16` = 4L, 
    `17` = 3L, `18` = 2L, `19` = 3L, `20` = 1L, `21` = 2L, `22` = 1L, 
    `26` = 1L), .Dim = 23L, .Dimnames = list(TagUsage = c("1", 
    "2", "3", "4", "5", "6", "7", "8", "9", "10", "11", "12", 
    "13", "14", "15", "16", "17", "18", "19", "20", "21", "22", 
    "26")), class = "table"), No.Tag = structure(c(0L, 0L, 0L, 
    0L, 0L, 96L, 0L, 0L, 0L, 0L, 0L, 0L, 0L, 1L, 0L, 0L), .Dim = c(4L, 
    4L), .Dimnames = structure(list(c("-1", "0", "1", NA), c("-", 
    "A", "G", NA)), .Names = c("", "")), class = "table"), All.Tags = list(
        Concordant = list(Freqs = structure(c(0, 0, 0, 0, 1016, 
        2, 0, 1, 0), .Dim = c(3L, 3L), .Dimnames = list(c("-1", 
        "0", "1"), c("-", "A", "G"))), N = 1019), Majority = list(
            Freqs = structure(c(0, 0, 0, 0, 1027, 2, 0, 1, 0), .Dim = c(3L, 
            3L), .Dimnames = list(c("-1", "0", "1"), c("-", "A", 
            "G"))), N = 1030)), `2` = structure(c(0, 0, 0, 0, 
    786, 0, 0, 0, 0), .Dim = c(3L, 3L), .Dimnames = list(c("-1", 
    "0", "1"), c("-", "A", "G"))))))
