Results <-
list(`bwa.out//20220204//BlindCMMRD89_S48.sam` = list(GM11_SNP1 = list(
    All = list(Freqs = structure(c(0L, 4L, 0L, 1L, 33L, 6229L, 
    29L, 5L, 0L, 33L, 0L, 0L), .Dim = 4:3, .Dimnames = structure(list(
        c("-1", "0", "1", NA), c("A", "G", NA)), .Names = c("", 
    "")), class = "table"), N = 6334L), Tag.Distribution = structure(c(`1` = 120L, 
    `2` = 75L, `3` = 50L, `4` = 62L, `5` = 51L, `6` = 40L, `7` = 40L, 
    `8` = 21L, `9` = 38L, `10` = 25L, `11` = 22L, `12` = 19L, 
    `13` = 21L, `14` = 16L, `15` = 8L, `16` = 10L, `17` = 11L, 
    `18` = 6L, `19` = 14L, `20` = 6L, `21` = 3L, `22` = 9L, `23` = 7L, 
    `24` = 3L, `25` = 8L, `26` = 8L, `27` = 5L, `28` = 3L, `29` = 4L, 
    `30` = 4L, `31` = 4L, `32` = 3L, `33` = 2L, `34` = 1L, `36` = 1L, 
    `37` = 1L, `40` = 1L, `43` = 1L, `44` = 1L, `46` = 1L, `48` = 1L, 
    `51` = 1L, `52` = 1L, `64` = 1L), .Dim = 44L, .Dimnames = list(
        TagUsage = c("1", "2", "3", "4", "5", "6", "7", "8", 
        "9", "10", "11", "12", "13", "14", "15", "16", "17", 
        "18", "19", "20", "21", "22", "23", "24", "25", "26", 
        "27", "28", "29", "30", "31", "32", "33", "34", "36", 
        "37", "40", "43", "44", "46", "48", "51", "52", "64")), class = "table"), 
    No.Tag = structure(c(0L, 0L, 0L, 0L, 0L, 64L, 0L, 0L, 0L, 
    1L, 0L, 0L), .Dim = 4:3, .Dimnames = structure(list(c("-1", 
    "0", "1", NA), c("A", "G", NA)), .Names = c("", "")), class = "table"), 
    All.Tags = list(Concordant = list(Freqs = structure(c(0, 
    4, 0, 1, 660, 0), .Dim = 3:2, .Dimnames = list(c("-1", "0", 
    "1"), c("A", "G"))), N = 665), Majority = list(Freqs = structure(c(0, 
    4, 0, 1, 714, 0), .Dim = 3:2, .Dimnames = list(c("-1", "0", 
    "1"), c("A", "G"))), N = 719)), `2` = structure(c(0, 0, 0, 
    0, 607, 0), .Dim = 3:2, .Dimnames = list(c("-1", "0", "1"
    ), c("A", "G"))))))
