Results <-
list(`bwa.out//20220204//BlindCMMRD109_S35.sam` = list(LR48_SNP1 = list(
    All = list(Freqs = structure(c(5L, 169L, 5308L, 72L, 2L, 
    33L, 0L, 1L, 4L, 0L, 0L, 0L, 0L, 2L, 68L, 0L, 0L, 0L), .Dim = c(6L, 
    3L), .Dimnames = structure(list(c("-2", "-1", "0", "1", "2", 
    NA), c("C", "T", NA)), .Names = c("", "")), class = "table"), 
        N = 5664L), Tag.Distribution = structure(c(`1` = 164L, 
    `2` = 116L, `3` = 102L, `4` = 91L, `5` = 64L, `6` = 62L, 
    `7` = 64L, `8` = 58L, `9` = 43L, `10` = 45L, `11` = 31L, 
    `12` = 27L, `13` = 21L, `14` = 9L, `15` = 14L, `16` = 11L, 
    `17` = 3L, `18` = 6L, `19` = 8L, `20` = 1L, `21` = 4L, `23` = 2L, 
    `26` = 1L, `27` = 1L, `28` = 1L, `38` = 1L), .Dim = 26L, .Dimnames = list(
        TagUsage = c("1", "2", "3", "4", "5", "6", "7", "8", 
        "9", "10", "11", "12", "13", "14", "15", "16", "17", 
        "18", "19", "20", "21", "23", "26", "27", "28", "38")), class = "table"), 
    No.Tag = structure(c(0L, 2L, 116L, 0L, 0L, 2L, 0L, 0L, 0L, 
    0L, 0L, 0L, 0L, 0L, 7L, 0L, 0L, 0L), .Dim = c(6L, 3L), .Dimnames = structure(list(
        c("-2", "-1", "0", "1", "2", NA), c("C", "T", NA)), .Names = c("", 
    "")), class = "table"), All.Tags = list(Concordant = list(
        Freqs = structure(c(0, 6, 777, 3, 0, 0, 0, 3, 0, 0), .Dim = c(5L, 
        2L), .Dimnames = list(c("-2", "-1", "0", "1", "2"), c("C", 
        "T"))), N = 789), Majority = list(Freqs = structure(c(0, 
    10, 919, 3, 0, 0, 0, 3, 0, 0), .Dim = c(5L, 2L), .Dimnames = list(
        c("-2", "-1", "0", "1", "2"), c("C", "T"))), N = 935)), 
    `2` = structure(c(0, 8, 767, 1, 0, 0, 0, 0, 0, 0), .Dim = c(5L, 
    2L), .Dimnames = list(c("-2", "-1", "0", "1", "2"), c("C", 
    "T"))))))
