Results <-
list(`bwa.out//20220204//BlindCMMRD53_S12.sam` = list(GM07_SNP1 = list(
    All = list(Freqs = structure(c(2L, 110L, 2255L, 64L, 2L, 
    41L, 2L, 143L, 1758L, 42L, 2L, 23L, 0L, 0L, 2L, 0L, 0L, 0L, 
    0L, 3L, 40L, 1L, 0L, 0L), .Dim = c(6L, 4L), .Dimnames = structure(list(
        c("-2", "-1", "0", "1", "2", NA), c("A", "G", "T", NA
        )), .Names = c("", "")), class = "table"), N = 4490L), 
    Tag.Distribution = structure(c(`1` = 112L, `2` = 54L, `3` = 44L, 
    `4` = 29L, `5` = 35L, `6` = 30L, `7` = 19L, `8` = 29L, `9` = 12L, 
    `10` = 15L, `11` = 14L, `12` = 13L, `13` = 10L, `14` = 13L, 
    `15` = 10L, `16` = 10L, `17` = 6L, `18` = 10L, `19` = 10L, 
    `20` = 2L, `21` = 3L, `22` = 5L, `23` = 8L, `24` = 3L, `25` = 6L, 
    `26` = 5L, `27` = 3L, `28` = 3L, `29` = 3L, `30` = 1L, `31` = 1L, 
    `33` = 3L, `35` = 1L, `37` = 1L, `43` = 1L, `47` = 2L, `51` = 1L
    ), .Dim = 37L, .Dimnames = list(TagUsage = c("1", "2", "3", 
    "4", "5", "6", "7", "8", "9", "10", "11", "12", "13", "14", 
    "15", "16", "17", "18", "19", "20", "21", "22", "23", "24", 
    "25", "26", "27", "28", "29", "30", "31", "33", "35", "37", 
    "43", "47", "51")), class = "table"), No.Tag = structure(c(0L, 
    1L, 96L, 6L, 0L, 9L, 0L, 3L, 91L, 1L, 1L, 5L, 0L, 0L, 1L, 
    0L, 0L, 0L, 0L, 0L, 5L, 0L, 0L, 0L), .Dim = c(6L, 4L), .Dimnames = structure(list(
        c("-2", "-1", "0", "1", "2", NA), c("A", "G", "T", NA
        )), .Names = c("", "")), class = "table"), All.Tags = list(
        Concordant = list(Freqs = structure(c(0, 4, 179, 5, 0, 
        0, 4, 149, 1, 0, 0, 0, 0, 0, 0), .Dim = c(5L, 3L), .Dimnames = list(
            c("-2", "-1", "0", "1", "2"), c("A", "G", "T"))), 
            N = 342), Majority = list(Freqs = structure(c(0, 
        5, 267, 5, 0, 0, 6, 223, 2, 0, 0, 0, 0, 0, 0), .Dim = c(5L, 
        3L), .Dimnames = list(c("-2", "-1", "0", "1", "2"), c("A", 
        "G", "T"))), N = 508)), `2` = structure(c(0, 1, 221, 
    2, 0, 0, 3, 175, 1, 0, 0, 0, 0, 0, 0), .Dim = c(5L, 3L), .Dimnames = list(
        c("-2", "-1", "0", "1", "2"), c("A", "G", "T"))))))
