Results <-
list(`bwa.out//20220204//BlindCMMRD69_S28.sam` = list(GM22_SNP1 = list(
    All = list(Freqs = structure(c(1L, 37L, 2218L, 8L, 8L, 1L, 
    30L, 1905L, 4L, 1L, 0L, 1L, 63L, 0L, 0L), .Dim = c(5L, 3L
    ), .Dimnames = structure(list(c("-2", "-1", "0", "1", NA), 
        c("A", "G", NA)), .Names = c("", "")), class = "table"), 
        N = 4277L), Tag.Distribution = structure(c(`1` = 111L, 
    `2` = 48L, `3` = 52L, `4` = 42L, `5` = 40L, `6` = 39L, `7` = 28L, 
    `8` = 24L, `9` = 23L, `10` = 24L, `11` = 23L, `12` = 16L, 
    `13` = 11L, `14` = 12L, `15` = 15L, `16` = 8L, `17` = 10L, 
    `18` = 6L, `19` = 9L, `20` = 10L, `21` = 6L, `22` = 2L, `23` = 5L, 
    `24` = 1L, `25` = 3L, `26` = 1L, `27` = 1L, `28` = 2L, `29` = 2L, 
    `31` = 1L), .Dim = 30L, .Dimnames = list(TagUsage = c("1", 
    "2", "3", "4", "5", "6", "7", "8", "9", "10", "11", "12", 
    "13", "14", "15", "16", "17", "18", "19", "20", "21", "22", 
    "23", "24", "25", "26", "27", "28", "29", "31")), class = "table"), 
    No.Tag = structure(c(0L, 0L, 40L, 0L, 1L, 0L, 0L, 93L, 0L, 
    0L, 0L, 0L, 3L, 0L, 0L), .Dim = c(5L, 3L), .Dimnames = structure(list(
        c("-2", "-1", "0", "1", NA), c("A", "G", NA)), .Names = c("", 
    "")), class = "table"), All.Tags = list(Concordant = list(
        Freqs = structure(c(0, 1, 250, 1, 0, 1, 222, 0), .Dim = c(4L, 
        2L), .Dimnames = list(c("-2", "-1", "0", "1"), c("A", 
        "G"))), N = 475), Majority = list(Freqs = structure(c(0, 
    2, 298, 1, 0, 2, 261, 0), .Dim = c(4L, 2L), .Dimnames = list(
        c("-2", "-1", "0", "1"), c("A", "G"))), N = 564)), `2` = structure(c(0, 
    1, 240, 0, 0, 1, 220, 0), .Dim = c(4L, 2L), .Dimnames = list(
        c("-2", "-1", "0", "1"), c("A", "G"))))))
