Results <-
list(`bwa.out//20220204//Control22_S15.sam` = list(IM16_SNP1 = list(
    All = list(Freqs = structure(c(11L, 1111L, 16L, 1L, 1L, 926L, 
    10L, 3L, 0L, 42L, 1L, 0L), .Dim = 4:3, .Dimnames = structure(list(
        c("-1", "0", "1", NA), c("A", "G", NA)), .Names = c("", 
    "")), class = "table"), N = 2122L), Tag.Distribution = structure(c(`1` = 100L, 
    `2` = 47L, `3` = 33L, `4` = 31L, `5` = 31L, `6` = 15L, `7` = 17L, 
    `8` = 15L, `9` = 10L, `10` = 8L, `11` = 17L, `12` = 8L, `13` = 8L, 
    `14` = 3L, `15` = 2L, `16` = 6L, `17` = 6L, `18` = 3L, `19` = 1L, 
    `20` = 1L, `21` = 2L, `22` = 1L, `23` = 1L, `24` = 1L, `26` = 1L, 
    `28` = 2L, `30` = 1L, `32` = 1L), .Dim = 28L, .Dimnames = list(
        TagUsage = c("1", "2", "3", "4", "5", "6", "7", "8", 
        "9", "10", "11", "12", "13", "14", "15", "16", "17", 
        "18", "19", "20", "21", "22", "23", "24", "26", "28", 
        "30", "32")), class = "table"), No.Tag = structure(c(1L, 
    15L, 1L, 0L, 0L, 22L, 0L, 1L, 0L, 6L, 0L, 0L), .Dim = 4:3, .Dimnames = structure(list(
        c("-1", "0", "1", NA), c("A", "G", NA)), .Names = c("", 
    "")), class = "table"), All.Tags = list(Concordant = list(
        Freqs = structure(c(1, 176, 0, 0, 149, 0), .Dim = 3:2, .Dimnames = list(
            c("-1", "0", "1"), c("A", "G"))), N = 326), Majority = list(
        Freqs = structure(c(1, 196, 0, 0, 166, 0), .Dim = 3:2, .Dimnames = list(
            c("-1", "0", "1"), c("A", "G"))), N = 363)), `2` = structure(c(0, 
    146, 0, 0, 122, 0), .Dim = 3:2, .Dimnames = list(c("-1", 
    "0", "1"), c("A", "G"))))))
