Results <-
list(`bwa.out//20220204//BlindCMMRD58_S17.sam` = list(LR40_SNP1 = list(
    All = list(Freqs = structure(c(0L, 3L, 0L, 0L, 57L, 4953L, 
    16L, 10L, 0L, 23L, 1L, 0L), .Dim = 4:3, .Dimnames = structure(list(
        c("-1", "0", "1", NA), c("A", "C", NA)), .Names = c("", 
    "")), class = "table"), N = 5063L), Tag.Distribution = structure(c(`1` = 77L, 
    `2` = 18L, `3` = 14L, `4` = 9L, `5` = 14L, `6` = 12L, `7` = 13L, 
    `8` = 21L, `9` = 16L, `10` = 10L, `11` = 7L, `12` = 4L, `13` = 8L, 
    `14` = 12L, `15` = 10L, `16` = 8L, `17` = 11L, `18` = 5L, 
    `19` = 3L, `20` = 7L, `21` = 8L, `22` = 2L, `23` = 4L, `24` = 6L, 
    `27` = 3L, `29` = 3L, `30` = 2L, `31` = 1L, `33` = 3L, `34` = 1L, 
    `35` = 3L, `36` = 2L, `37` = 2L, `38` = 4L, `40` = 1L, `41` = 1L, 
    `42` = 1L, `43` = 2L, `44` = 1L, `45` = 1L, `48` = 1L, `49` = 2L, 
    `50` = 1L, `51` = 1L, `52` = 1L, `53` = 4L, `54` = 1L, `55` = 1L, 
    `56` = 2L, `57` = 1L, `60` = 1L, `61` = 1L, `63` = 1L, `64` = 1L, 
    `69` = 1L, `73` = 1L, `75` = 1L, `77` = 1L, `137` = 1L), .Dim = 59L, .Dimnames = list(
        TagUsage = c("1", "2", "3", "4", "5", "6", "7", "8", 
        "9", "10", "11", "12", "13", "14", "15", "16", "17", 
        "18", "19", "20", "21", "22", "23", "24", "27", "29", 
        "30", "31", "33", "34", "35", "36", "37", "38", "40", 
        "41", "42", "43", "44", "45", "48", "49", "50", "51", 
        "52", "53", "54", "55", "56", "57", "60", "61", "63", 
        "64", "69", "73", "75", "77", "137")), class = "table"), 
    No.Tag = structure(c(0L, 0L, 0L, 0L, 1L, 65L, 0L, 0L, 0L, 
    3L, 0L, 0L), .Dim = 4:3, .Dimnames = structure(list(c("-1", 
    "0", "1", NA), c("A", "C", NA)), .Names = c("", "")), class = "table"), 
    All.Tags = list(Concordant = list(Freqs = structure(c(0, 
    1, 0, 1, 308, 3), .Dim = 3:2, .Dimnames = list(c("-1", "0", 
    "1"), c("A", "C"))), N = 313), Majority = list(Freqs = structure(c(0, 
    1, 0, 1, 348, 3), .Dim = 3:2, .Dimnames = list(c("-1", "0", 
    "1"), c("A", "C"))), N = 353)), `2` = structure(c(0, 0, 0, 
    1, 276, 0), .Dim = 3:2, .Dimnames = list(c("-1", "0", "1"
    ), c("A", "C"))))))
