Results <-
list(`bwa.out//20220204//BlindCMMRD99_S58.sam` = list(GM26_SNP1 = list(
    All = list(Freqs = structure(c(0L, 0L, 7L, 0L, 1L, 1L, 43L, 
    3456L, 9L, 4L, 0L, 0L, 37L, 1L, 0L), .Dim = c(5L, 3L), .Dimnames = structure(list(
        c("-2", "-1", "0", "1", NA), c("A", "G", NA)), .Names = c("", 
    "")), class = "table"), N = 3559L), Tag.Distribution = structure(c(`1` = 140L, 
    `2` = 55L, `3` = 51L, `4` = 36L, `5` = 40L, `6` = 33L, `7` = 26L, 
    `8` = 11L, `9` = 16L, `10` = 15L, `11` = 21L, `12` = 12L, 
    `13` = 6L, `14` = 7L, `15` = 5L, `16` = 7L, `17` = 5L, `18` = 6L, 
    `19` = 8L, `21` = 2L, `22` = 5L, `23` = 4L, `24` = 4L, `25` = 1L, 
    `26` = 3L, `27` = 1L, `28` = 2L, `29` = 3L, `30` = 2L, `31` = 2L, 
    `33` = 1L, `36` = 1L, `38` = 1L, `43` = 1L), .Dim = 34L, .Dimnames = list(
        TagUsage = c("1", "2", "3", "4", "5", "6", "7", "8", 
        "9", "10", "11", "12", "13", "14", "15", "16", "17", 
        "18", "19", "21", "22", "23", "24", "25", "26", "27", 
        "28", "29", "30", "31", "33", "36", "38", "43")), class = "table"), 
    No.Tag = structure(c(0L, 0L, 0L, 0L, 0L, 0L, 1L, 78L, 0L, 
    0L, 0L, 0L, 3L, 0L, 0L), .Dim = c(5L, 3L), .Dimnames = structure(list(
        c("-2", "-1", "0", "1", NA), c("A", "G", NA)), .Names = c("", 
    "")), class = "table"), All.Tags = list(Concordant = list(
        Freqs = structure(c(0, 0, 4, 0, 0, 2, 485, 0), .Dim = c(4L, 
        2L), .Dimnames = list(c("-2", "-1", "0", "1"), c("A", 
        "G"))), N = 491), Majority = list(Freqs = structure(c(0, 
    0, 4, 0, 0, 3, 517, 0), .Dim = c(4L, 2L), .Dimnames = list(
        c("-2", "-1", "0", "1"), c("A", "G"))), N = 524)), `2` = structure(c(0, 
    0, 0, 0, 0, 1, 390, 0), .Dim = c(4L, 2L), .Dimnames = list(
        c("-2", "-1", "0", "1"), c("A", "G"))))))
