Results <-
list(`bwa.out//20220204//BlindCMMRD121_S47.sam` = list(LR48_SNP1 = list(
    All = list(Freqs = structure(c(0L, 1L, 49L, 1901L, 26L, 1L, 
    9L, 1L, 3L, 67L, 2000L, 18L, 0L, 5L, 0L, 0L, 2L, 40L, 0L, 
    0L, 0L), .Dim = c(7L, 3L), .Dimnames = structure(list(c("-3", 
    "-2", "-1", "0", "1", "2", NA), c("C", "T", NA)), .Names = c("", 
    "")), class = "table"), N = 4123L), Tag.Distribution = structure(c(`1` = 124L, 
    `2` = 89L, `3` = 98L, `4` = 84L, `5` = 84L, `6` = 69L, `7` = 60L, 
    `8` = 39L, `9` = 34L, `10` = 18L, `11` = 15L, `12` = 21L, 
    `13` = 15L, `14` = 4L, `15` = 6L, `16` = 4L, `17` = 3L, `18` = 2L, 
    `19` = 4L, `26` = 1L, `27` = 1L), .Dim = 21L, .Dimnames = list(
        TagUsage = c("1", "2", "3", "4", "5", "6", "7", "8", 
        "9", "10", "11", "12", "13", "14", "15", "16", "17", 
        "18", "19", "26", "27")), class = "table"), No.Tag = structure(c(0L, 
    0L, 1L, 51L, 2L, 0L, 0L, 1L, 0L, 1L, 41L, 1L, 0L, 1L, 0L, 
    0L, 0L, 2L, 0L, 0L, 0L), .Dim = c(7L, 3L), .Dimnames = structure(list(
        c("-3", "-2", "-1", "0", "1", "2", NA), c("C", "T", NA
        )), .Names = c("", "")), class = "table"), All.Tags = list(
        Concordant = list(Freqs = structure(c(0, 0, 3, 299, 0, 
        0, 0, 1, 2, 301, 1, 0), .Dim = c(6L, 2L), .Dimnames = list(
            c("-3", "-2", "-1", "0", "1", "2"), c("C", "T"))), 
            N = 607), Majority = list(Freqs = structure(c(0, 
        0, 3, 369, 1, 0, 0, 1, 3, 371, 1, 0), .Dim = c(6L, 2L
        ), .Dimnames = list(c("-3", "-2", "-1", "0", "1", "2"
        ), c("C", "T"))), N = 749)), `2` = structure(c(0, 0, 
    0, 308, 1, 0, 0, 0, 1, 322, 0, 0), .Dim = c(6L, 2L), .Dimnames = list(
        c("-3", "-2", "-1", "0", "1", "2"), c("C", "T"))))))
