Results <-
list(`bwa.out//20220204//BlindCMMRD61_S20.sam` = list(LR20_SNP1 = list(
    All = list(Freqs = structure(c(0L, 0L, 8L, 0L, 0L, 1L, 14L, 
    5121L, 9L, 2L, 0L, 0L, 52L, 0L, 0L), .Dim = c(5L, 3L), .Dimnames = structure(list(
        c("-3", "-1", "0", "1", NA), c("A", "G", NA)), .Names = c("", 
    "")), class = "table"), N = 5207L), Tag.Distribution = structure(c(`1` = 119L, 
    `2` = 40L, `3` = 48L, `4` = 37L, `5` = 25L, `6` = 25L, `7` = 33L, 
    `8` = 26L, `9` = 19L, `10` = 14L, `11` = 19L, `12` = 20L, 
    `13` = 20L, `14` = 13L, `15` = 6L, `16` = 15L, `17` = 8L, 
    `18` = 4L, `19` = 7L, `20` = 5L, `21` = 5L, `22` = 5L, `23` = 5L, 
    `24` = 4L, `25` = 3L, `27` = 3L, `28` = 2L, `29` = 7L, `30` = 5L, 
    `31` = 4L, `32` = 3L, `33` = 1L, `34` = 1L, `36` = 4L, `38` = 2L, 
    `39` = 1L, `41` = 1L, `42` = 2L, `43` = 1L, `45` = 2L, `51` = 1L, 
    `60` = 1L), .Dim = 42L, .Dimnames = list(TagUsage = c("1", 
    "2", "3", "4", "5", "6", "7", "8", "9", "10", "11", "12", 
    "13", "14", "15", "16", "17", "18", "19", "20", "21", "22", 
    "23", "24", "25", "27", "28", "29", "30", "31", "32", "33", 
    "34", "36", "38", "39", "41", "42", "43", "45", "51", "60"
    )), class = "table"), No.Tag = structure(c(0L, 0L, 0L, 0L, 
    0L, 0L, 0L, 119L, 0L, 0L, 0L, 0L, 4L, 0L, 0L), .Dim = c(5L, 
    3L), .Dimnames = structure(list(c("-3", "-1", "0", "1", NA
    ), c("A", "G", NA)), .Names = c("", "")), class = "table"), 
    All.Tags = list(Concordant = list(Freqs = structure(c(0, 
    0, 4, 0, 0, 1, 532, 0), .Dim = c(4L, 2L), .Dimnames = list(
        c("-3", "-1", "0", "1"), c("A", "G"))), N = 537), Majority = list(
        Freqs = structure(c(0, 0, 4, 0, 0, 1, 554, 0), .Dim = c(4L, 
        2L), .Dimnames = list(c("-3", "-1", "0", "1"), c("A", 
        "G"))), N = 559)), `2` = structure(c(0, 0, 0, 0, 0, 1, 
    446, 0), .Dim = c(4L, 2L), .Dimnames = list(c("-3", "-1", 
    "0", "1"), c("A", "G"))))))
