Results <-
list(`bwa.out//20220204//BlindCMMRD132_S58.sam` = list(LR10_SNP1 = list(
    All = list(Freqs = structure(c(0L, 0L, 1L, 0L, 0L, 4L, 110L, 
    4114L, 41L, 5L, 0L, 0L, 8L, 0L, 0L, 0L, 0L, 17L, 0L, 0L), .Dim = 5:4, .Dimnames = structure(list(
        c("-2", "-1", "0", "1", NA), c("A", "C", "T", NA)), .Names = c("", 
    "")), class = "table"), N = 4300L), Tag.Distribution = structure(c(`1` = 299L, 
    `2` = 237L, `3` = 166L, `4` = 163L, `5` = 93L, `6` = 83L, 
    `7` = 47L, `8` = 24L, `9` = 20L, `10` = 17L, `11` = 7L, `12` = 8L, 
    `13` = 7L, `14` = 4L, `15` = 3L, `16` = 2L, `17` = 1L), .Dim = 17L, .Dimnames = list(
        TagUsage = c("1", "2", "3", "4", "5", "6", "7", "8", 
        "9", "10", "11", "12", "13", "14", "15", "16", "17")), class = "table"), 
    No.Tag = structure(c(0L, 0L, 0L, 0L, 0L, 0L, 2L, 118L, 4L, 
    1L, 0L, 0L, 1L, 0L, 0L, 0L, 0L, 3L, 0L, 0L), .Dim = 5:4, .Dimnames = structure(list(
        c("-2", "-1", "0", "1", NA), c("A", "C", "T", NA)), .Names = c("", 
    "")), class = "table"), All.Tags = list(Concordant = list(
        Freqs = structure(c(0, 0, 0, 0, 0, 9, 1066, 6, 0, 0, 
        3, 0), .Dim = 4:3, .Dimnames = list(c("-2", "-1", "0", 
        "1"), c("A", "C", "T"))), N = 1084), Majority = list(
        Freqs = structure(c(0, 0, 0, 0, 0, 13, 1136, 8, 0, 0, 
        3, 0), .Dim = 4:3, .Dimnames = list(c("-2", "-1", "0", 
        "1"), c("A", "C", "T"))), N = 1160)), `2` = structure(c(0, 
    0, 0, 0, 0, 10, 850, 3, 0, 0, 0, 0), .Dim = 4:3, .Dimnames = list(
        c("-2", "-1", "0", "1"), c("A", "C", "T"))))))
