Results <-
list(`bwa.out//20220204//BlindCMMRD47_S7.sam` = list(GM09_SNP1 = list(
    All = list(Freqs = structure(c(8L, 1821L, 1L, 0L, 10L, 2239L, 
    1L, 1L, 0L, 23L, 0L, 0L), .Dim = 4:3, .Dimnames = structure(list(
        c("-1", "0", "1", NA), c("A", "G", NA)), .Names = c("", 
    "")), class = "table"), N = 4104L), Tag.Distribution = structure(c(`1` = 100L, 
    `2` = 27L, `3` = 27L, `4` = 19L, `5` = 16L, `6` = 18L, `7` = 20L, 
    `8` = 14L, `9` = 14L, `10` = 11L, `11` = 10L, `12` = 10L, 
    `13` = 5L, `14` = 14L, `15` = 6L, `16` = 10L, `17` = 4L, 
    `18` = 5L, `19` = 7L, `20` = 4L, `21` = 1L, `22` = 4L, `23` = 6L, 
    `24` = 1L, `25` = 1L, `26` = 3L, `27` = 1L, `28` = 2L, `30` = 3L, 
    `31` = 5L, `32` = 3L, `33` = 4L, `34` = 1L, `36` = 1L, `37` = 3L, 
    `39` = 1L, `40` = 2L, `41` = 1L, `42` = 3L, `46` = 1L, `47` = 1L, 
    `48` = 2L, `57` = 1L, `73` = 1L, `74` = 1L, `87` = 1L), .Dim = 46L, .Dimnames = list(
        TagUsage = c("1", "2", "3", "4", "5", "6", "7", "8", 
        "9", "10", "11", "12", "13", "14", "15", "16", "17", 
        "18", "19", "20", "21", "22", "23", "24", "25", "26", 
        "27", "28", "30", "31", "32", "33", "34", "36", "37", 
        "39", "40", "41", "42", "46", "47", "48", "57", "73", 
        "74", "87")), class = "table"), No.Tag = structure(c(0L, 
    71L, 0L, 0L, 0L, 54L, 0L, 1L, 0L, 2L, 0L, 0L), .Dim = 4:3, .Dimnames = structure(list(
        c("-1", "0", "1", NA), c("A", "G", NA)), .Names = c("", 
    "")), class = "table"), All.Tags = list(Concordant = list(
        Freqs = structure(c(0, 171, 0, 0, 190, 0), .Dim = 3:2, .Dimnames = list(
            c("-1", "0", "1"), c("A", "G"))), N = 361), Majority = list(
        Freqs = structure(c(0, 187, 0, 0, 206, 0), .Dim = 3:2, .Dimnames = list(
            c("-1", "0", "1"), c("A", "G"))), N = 393)), `2` = structure(c(0, 
    145, 0, 0, 150, 0), .Dim = 3:2, .Dimnames = list(c("-1", 
    "0", "1"), c("A", "G"))))))
