Results <-
list(`bwa.out//20220204//Control24_S17.sam` = list(LR40_SNP1 = list(
    All = list(Freqs = structure(c(0L, 1L, 0L, 0L, 32L, 2753L, 
    11L, 7L, 0L, 7L, 1L, 0L), .Dim = 4:3, .Dimnames = structure(list(
        c("-1", "0", "1", NA), c("A", "C", NA)), .Names = c("", 
    "")), class = "table"), N = 2812L), Tag.Distribution = structure(c(`1` = 100L, 
    `2` = 61L, `3` = 44L, `4` = 28L, `5` = 22L, `6` = 19L, `7` = 29L, 
    `8` = 15L, `9` = 11L, `10` = 15L, `11` = 12L, `12` = 8L, 
    `13` = 8L, `14` = 6L, `15` = 10L, `16` = 8L, `17` = 2L, `18` = 4L, 
    `19` = 2L, `20` = 3L, `21` = 1L, `22` = 3L, `23` = 2L, `25` = 1L, 
    `26` = 1L, `27` = 1L, `28` = 1L, `29` = 1L, `30` = 2L, `32` = 3L, 
    `33` = 1L, `35` = 2L, `38` = 1L), .Dim = 33L, .Dimnames = list(
        TagUsage = c("1", "2", "3", "4", "5", "6", "7", "8", 
        "9", "10", "11", "12", "13", "14", "15", "16", "17", 
        "18", "19", "20", "21", "22", "23", "25", "26", "27", 
        "28", "29", "30", "32", "33", "35", "38")), class = "table"), 
    No.Tag = structure(c(0L, 0L, 0L, 0L, 0L, 85L, 1L, 1L, 0L, 
    0L, 0L, 0L), .Dim = 4:3, .Dimnames = structure(list(c("-1", 
    "0", "1", NA), c("A", "C", NA)), .Names = c("", "")), class = "table"), 
    All.Tags = list(Concordant = list(Freqs = structure(c(0, 
    0, 0, 2, 386, 0), .Dim = 3:2, .Dimnames = list(c("-1", "0", 
    "1"), c("A", "C"))), N = 388), Majority = list(Freqs = structure(c(0, 
    0, 0, 2, 419, 0), .Dim = 3:2, .Dimnames = list(c("-1", "0", 
    "1"), c("A", "C"))), N = 421)), `2` = structure(c(0, 0, 0, 
    0, 325, 0), .Dim = 3:2, .Dimnames = list(c("-1", "0", "1"
    ), c("A", "C"))))))
