Results <-
list(`bwa.out//20220204//BlindCMMRD47_S7.sam` = list(DEPDC2_SNP1 = list(
    All = list(Freqs = structure(c(0L, 11L, 0L, 0L, 35L, 4137L, 
    15L, 15L, 0L, 31L, 0L, 0L), .Dim = 4:3, .Dimnames = structure(list(
        c("-1", "0", "1", NA), c("C", "T", NA)), .Names = c("", 
    "")), class = "table"), N = 4244L), Tag.Distribution = structure(c(`1` = 135L, 
    `2` = 40L, `3` = 27L, `4` = 23L, `5` = 17L, `6` = 22L, `7` = 14L, 
    `8` = 20L, `9` = 13L, `10` = 18L, `11` = 16L, `12` = 13L, 
    `13` = 11L, `14` = 13L, `15` = 7L, `16` = 13L, `17` = 9L, 
    `18` = 8L, `19` = 7L, `20` = 2L, `21` = 3L, `22` = 5L, `23` = 4L, 
    `24` = 2L, `25` = 4L, `26` = 3L, `27` = 4L, `28` = 5L, `29` = 3L, 
    `30` = 2L, `31` = 4L, `32` = 4L, `33` = 1L, `34` = 2L, `36` = 1L, 
    `37` = 1L, `41` = 1L, `42` = 2L, `52` = 1L, `59` = 1L), .Dim = 40L, .Dimnames = list(
        TagUsage = c("1", "2", "3", "4", "5", "6", "7", "8", 
        "9", "10", "11", "12", "13", "14", "15", "16", "17", 
        "18", "19", "20", "21", "22", "23", "24", "25", "26", 
        "27", "28", "29", "30", "31", "32", "33", "34", "36", 
        "37", "41", "42", "52", "59")), class = "table"), No.Tag = structure(c(0L, 
    1L, 0L, 0L, 0L, 91L, 0L, 2L, 0L, 2L, 0L, 0L), .Dim = 4:3, .Dimnames = structure(list(
        c("-1", "0", "1", NA), c("C", "T", NA)), .Names = c("", 
    "")), class = "table"), All.Tags = list(Concordant = list(
        Freqs = structure(c(0, 10, 0, 0, 425, 1), .Dim = 3:2, .Dimnames = list(
            c("-1", "0", "1"), c("C", "T"))), N = 436), Majority = list(
        Freqs = structure(c(0, 10, 0, 1, 460, 1), .Dim = 3:2, .Dimnames = list(
            c("-1", "0", "1"), c("C", "T"))), N = 472)), `2` = structure(c(0, 
    0, 0, 1, 345, 0), .Dim = 3:2, .Dimnames = list(c("-1", "0", 
    "1"), c("C", "T"))))))
