Results <-
list(`bwa.out//20220204//BlindCMMRD55_S14.sam` = list(GM29_SNP1 = list(
    All = list(Freqs = structure(c(0L, 23L, 2136L, 8L, 6L, 3L, 
    18L, 1919L, 7L, 1L, 0L, 0L, 32L, 0L, 0L), .Dim = c(5L, 3L
    ), .Dimnames = structure(list(c("-2", "-1", "0", "1", NA), 
        c("A", "G", NA)), .Names = c("", "")), class = "table"), 
        N = 4153L), Tag.Distribution = structure(c(`1` = 74L, 
    `2` = 32L, `3` = 37L, `4` = 42L, `5` = 32L, `6` = 28L, `7` = 28L, 
    `8` = 12L, `9` = 14L, `10` = 16L, `11` = 12L, `12` = 17L, 
    `13` = 12L, `14` = 15L, `15` = 9L, `16` = 4L, `17` = 3L, 
    `18` = 9L, `19` = 6L, `20` = 7L, `21` = 2L, `22` = 4L, `23` = 4L, 
    `24` = 4L, `25` = 5L, `26` = 7L, `27` = 2L, `28` = 4L, `30` = 3L, 
    `31` = 2L, `33` = 2L, `34` = 1L, `35` = 1L, `37` = 1L, `38` = 1L, 
    `39` = 1L, `43` = 1L, `51` = 2L, `60` = 1L), .Dim = 39L, .Dimnames = list(
        TagUsage = c("1", "2", "3", "4", "5", "6", "7", "8", 
        "9", "10", "11", "12", "13", "14", "15", "16", "17", 
        "18", "19", "20", "21", "22", "23", "24", "25", "26", 
        "27", "28", "30", "31", "33", "34", "35", "37", "38", 
        "39", "43", "51", "60")), class = "table"), No.Tag = structure(c(0L, 
    0L, 30L, 0L, 0L, 0L, 0L, 32L, 0L, 1L, 0L, 0L, 2L, 0L, 0L), .Dim = c(5L, 
    3L), .Dimnames = structure(list(c("-2", "-1", "0", "1", NA
    ), c("A", "G", NA)), .Names = c("", "")), class = "table"), 
    All.Tags = list(Concordant = list(Freqs = structure(c(0, 
    2, 198, 0, 0, 1, 165, 1), .Dim = c(4L, 2L), .Dimnames = list(
        c("-2", "-1", "0", "1"), c("A", "G"))), N = 367), Majority = list(
        Freqs = structure(c(0, 2, 241, 0, 0, 1, 209, 1), .Dim = c(4L, 
        2L), .Dimnames = list(c("-2", "-1", "0", "1"), c("A", 
        "G"))), N = 454)), `2` = structure(c(0, 0, 201, 0, 0, 
    0, 179, 0), .Dim = c(4L, 2L), .Dimnames = list(c("-2", "-1", 
    "0", "1"), c("A", "G"))))))
