Results <-
list(`bwa.out//20220204//BlindCMMRD80_S39.sam` = list(LR46_SNP1 = list(
    All = list(Freqs = structure(c(0L, 1L, 0L, 0L, 3L, 1527L, 
    4L, 3L, 4L, 1420L, 0L, 2L, 0L, 12L, 0L, 0L), .Dim = c(4L, 
    4L), .Dimnames = structure(list(c("-1", "0", "1", NA), c("-", 
    "G", "T", NA)), .Names = c("", "")), class = "table"), N = 2976L), 
    Tag.Distribution = structure(c(`1` = 117L, `2` = 56L, `3` = 49L, 
    `4` = 48L, `5` = 27L, `6` = 32L, `7` = 27L, `8` = 24L, `9` = 25L, 
    `10` = 17L, `11` = 17L, `12` = 14L, `13` = 12L, `14` = 11L, 
    `15` = 8L, `16` = 6L, `17` = 2L, `18` = 2L, `19` = 4L, `20` = 2L, 
    `21` = 2L, `22` = 1L, `25` = 1L, `26` = 2L, `27` = 1L), .Dim = 25L, .Dimnames = list(
        TagUsage = c("1", "2", "3", "4", "5", "6", "7", "8", 
        "9", "10", "11", "12", "13", "14", "15", "16", "17", 
        "18", "19", "20", "21", "22", "25", "26", "27")), class = "table"), 
    No.Tag = structure(c(0L, 0L, 0L, 0L, 0L, 54L, 0L, 0L, 0L, 
    16L, 0L, 0L, 0L, 0L, 0L, 0L), .Dim = c(4L, 4L), .Dimnames = structure(list(
        c("-1", "0", "1", NA), c("-", "G", "T", NA)), .Names = c("", 
    "")), class = "table"), All.Tags = list(Concordant = list(
        Freqs = structure(c(0, 0, 0, 0, 241, 0, 1, 240, 0), .Dim = c(3L, 
        3L), .Dimnames = list(c("-1", "0", "1"), c("-", "G", 
        "T"))), N = 482), Majority = list(Freqs = structure(c(0, 
    0, 0, 0, 250, 0, 1, 250, 0), .Dim = c(3L, 3L), .Dimnames = list(
        c("-1", "0", "1"), c("-", "G", "T"))), N = 501)), `2` = structure(c(0, 
    0, 0, 0, 199, 0, 0, 188, 0), .Dim = c(3L, 3L), .Dimnames = list(
        c("-1", "0", "1"), c("-", "G", "T"))))))
