Results <-
list(`bwa.out//20220204//BlindCMMRD79_S38.sam` = list(GM22_SNP1 = list(
    All = list(Freqs = structure(c(1L, 25L, 2442L, 11L, 6L, 1L, 
    42L, 2173L, 8L, 2L, 0L, 1L, 88L, 0L, 0L), .Dim = c(5L, 3L
    ), .Dimnames = structure(list(c("-2", "-1", "0", "1", NA), 
        c("A", "G", NA)), .Names = c("", "")), class = "table"), 
        N = 4800L), Tag.Distribution = structure(c(`1` = 123L, 
    `2` = 53L, `3` = 62L, `4` = 49L, `5` = 59L, `6` = 39L, `7` = 39L, 
    `8` = 34L, `9` = 25L, `10` = 24L, `11` = 24L, `12` = 12L, 
    `13` = 30L, `14` = 19L, `15` = 11L, `16` = 8L, `17` = 10L, 
    `18` = 8L, `19` = 5L, `20` = 8L, `21` = 6L, `22` = 1L, `23` = 2L, 
    `24` = 5L, `25` = 2L, `26` = 3L, `28` = 1L, `32` = 1L, `44` = 1L, 
    `45` = 1L), .Dim = 30L, .Dimnames = list(TagUsage = c("1", 
    "2", "3", "4", "5", "6", "7", "8", "9", "10", "11", "12", 
    "13", "14", "15", "16", "17", "18", "19", "20", "21", "22", 
    "23", "24", "25", "26", "28", "32", "44", "45")), class = "table"), 
    No.Tag = structure(c(0L, 0L, 89L, 1L, 1L, 0L, 1L, 39L, 0L, 
    0L, 0L, 0L, 2L, 0L, 0L), .Dim = c(5L, 3L), .Dimnames = structure(list(
        c("-2", "-1", "0", "1", NA), c("A", "G", NA)), .Names = c("", 
    "")), class = "table"), All.Tags = list(Concordant = list(
        Freqs = structure(c(0, 0, 301, 0, 0, 2, 252, 0), .Dim = c(4L, 
        2L), .Dimnames = list(c("-2", "-1", "0", "1"), c("A", 
        "G"))), N = 555), Majority = list(Freqs = structure(c(0, 
    0, 345, 0, 0, 2, 303, 0), .Dim = c(4L, 2L), .Dimnames = list(
        c("-2", "-1", "0", "1"), c("A", "G"))), N = 650)), `2` = structure(c(0, 
    0, 280, 0, 0, 0, 255, 0), .Dim = c(4L, 2L), .Dimnames = list(
        c("-2", "-1", "0", "1"), c("A", "G"))))))
