Results <-
list(`bwa.out//20220204//BlindCMMRD79_S38.sam` = list(LR44_SNP1 = list(
    All = list(Freqs = structure(c(12L, 353L, 4714L, 77L, 3L, 
    22L, 0L, 0L, 5L, 0L, 0L, 0L, 0L, 8L, 105L, 2L, 0L, 0L), .Dim = c(6L, 
    3L), .Dimnames = structure(list(c("-2", "-1", "0", "1", "2", 
    NA), c("C", "T", NA)), .Names = c("", "")), class = "table"), 
        N = 5301L), Tag.Distribution = structure(c(`1` = 162L, 
    `2` = 74L, `3` = 91L, `4` = 63L, `5` = 75L, `6` = 60L, `7` = 39L, 
    `8` = 40L, `9` = 28L, `10` = 29L, `11` = 24L, `12` = 28L, 
    `13` = 27L, `14` = 19L, `15` = 14L, `16` = 13L, `17` = 11L, 
    `18` = 6L, `19` = 6L, `20` = 3L, `21` = 2L, `22` = 1L, `23` = 2L, 
    `24` = 3L, `25` = 2L, `28` = 1L, `30` = 1L, `35` = 1L), .Dim = 28L, .Dimnames = list(
        TagUsage = c("1", "2", "3", "4", "5", "6", "7", "8", 
        "9", "10", "11", "12", "13", "14", "15", "16", "17", 
        "18", "19", "20", "21", "22", "23", "24", "25", "28", 
        "30", "35")), class = "table"), No.Tag = structure(c(2L, 
    9L, 149L, 1L, 0L, 1L, 0L, 0L, 0L, 0L, 0L, 0L, 0L, 0L, 5L, 
    0L, 0L, 0L), .Dim = c(6L, 3L), .Dimnames = structure(list(
        c("-2", "-1", "0", "1", "2", NA), c("C", "T", NA)), .Names = c("", 
    "")), class = "table"), All.Tags = list(Concordant = list(
        Freqs = structure(c(0, 11, 533, 0, 0, 0, 0, 3, 0, 0), .Dim = c(5L, 
        2L), .Dimnames = list(c("-2", "-1", "0", "1", "2"), c("C", 
        "T"))), N = 547), Majority = list(Freqs = structure(c(0, 
    14, 783, 1, 1, 0, 0, 3, 0, 0), .Dim = c(5L, 2L), .Dimnames = list(
        c("-2", "-1", "0", "1", "2"), c("C", "T"))), N = 802)), 
    `2` = structure(c(0, 5, 639, 1, 1, 0, 0, 0, 0, 0), .Dim = c(5L, 
    2L), .Dimnames = list(c("-2", "-1", "0", "1", "2"), c("C", 
    "T"))))))
