Results <-
list(`bwa.out//20220204//BlindCMMRD125_S51.sam` = list(LR10_SNP1 = list(
    All = list(Freqs = structure(c(0L, 0L, 1L, 0L, 0L, 2L, 70L, 
    3746L, 33L, 10L, 0L, 0L, 1L, 0L, 0L, 0L, 0L, 4L, 0L, 0L, 
    0L, 1L, 21L, 0L, 0L), .Dim = c(5L, 5L), .Dimnames = structure(list(
        c("-2", "-1", "0", "1", NA), c("A", "C", "G", "T", NA
        )), .Names = c("", "")), class = "table"), N = 3889L), 
    Tag.Distribution = structure(c(`1` = 225L, `2` = 173L, `3` = 163L, 
    `4` = 112L, `5` = 92L, `6` = 53L, `7` = 39L, `8` = 34L, `9` = 25L, 
    `10` = 19L, `11` = 12L, `12` = 7L, `13` = 4L, `14` = 3L, 
    `15` = 5L, `16` = 2L, `17` = 3L, `19` = 1L, `22` = 1L, `25` = 1L
    ), .Dim = 20L, .Dimnames = list(TagUsage = c("1", "2", "3", 
    "4", "5", "6", "7", "8", "9", "10", "11", "12", "13", "14", 
    "15", "16", "17", "19", "22", "25")), class = "table"), No.Tag = structure(c(0L, 
    0L, 0L, 0L, 0L, 0L, 0L, 103L, 1L, 0L, 0L, 0L, 0L, 0L, 0L, 
    0L, 0L, 0L, 0L, 0L, 0L, 0L, 5L, 0L, 0L), .Dim = c(5L, 5L), .Dimnames = structure(list(
        c("-2", "-1", "0", "1", NA), c("A", "C", "G", "T", NA
        )), .Names = c("", "")), class = "table"), All.Tags = list(
        Concordant = list(Freqs = structure(c(0, 0, 0, 0, 0, 
        3, 877, 6, 0, 0, 0, 0, 0, 0, 0, 0), .Dim = c(4L, 4L), .Dimnames = list(
            c("-2", "-1", "0", "1"), c("A", "C", "G", "T"))), 
            N = 886), Majority = list(Freqs = structure(c(0, 
        0, 0, 0, 0, 4, 950, 6, 0, 0, 0, 0, 0, 0, 0, 0), .Dim = c(4L, 
        4L), .Dimnames = list(c("-2", "-1", "0", "1"), c("A", 
        "C", "G", "T"))), N = 960)), `2` = structure(c(0, 0, 
    0, 0, 0, 1, 736, 1, 0, 0, 0, 0, 0, 0, 0, 0), .Dim = c(4L, 
    4L), .Dimnames = list(c("-2", "-1", "0", "1"), c("A", "C", 
    "G", "T"))))))
