Results <-
list(`bwa.out//20220204//BlindCMMRD95_S54.sam` = list(GM01_SNP1 = list(
    All = list(Freqs = structure(c(0L, 1L, 0L, 0L, 35L, 3076L, 
    13L, 4L, 37L, 3246L, 7L, 3L, 1L, 71L, 0L, 0L), .Dim = c(4L, 
    4L), .Dimnames = structure(list(c("-1", "0", "1", NA), c("-", 
    "A", "G", NA)), .Names = c("", "")), class = "table"), N = 6494L), 
    Tag.Distribution = structure(c(`1` = 122L, `2` = 50L, `3` = 41L, 
    `4` = 43L, `5` = 35L, `6` = 31L, `7` = 20L, `8` = 20L, `9` = 24L, 
    `10` = 19L, `11` = 12L, `12` = 14L, `13` = 15L, `14` = 10L, 
    `15` = 16L, `16` = 17L, `17` = 15L, `18` = 7L, `19` = 17L, 
    `20` = 13L, `21` = 7L, `22` = 10L, `23` = 3L, `24` = 8L, 
    `25` = 7L, `26` = 5L, `27` = 5L, `28` = 3L, `29` = 8L, `30` = 4L, 
    `31` = 3L, `32` = 2L, `33` = 4L, `34` = 2L, `35` = 2L, `36` = 1L, 
    `37` = 4L, `38` = 2L, `39` = 2L, `41` = 1L, `42` = 2L, `43` = 2L, 
    `45` = 1L, `47` = 1L, `48` = 1L), .Dim = 45L, .Dimnames = list(
        TagUsage = c("1", "2", "3", "4", "5", "6", "7", "8", 
        "9", "10", "11", "12", "13", "14", "15", "16", "17", 
        "18", "19", "20", "21", "22", "23", "24", "25", "26", 
        "27", "28", "29", "30", "31", "32", "33", "34", "35", 
        "36", "37", "38", "39", "41", "42", "43", "45", "47", 
        "48")), class = "table"), No.Tag = structure(c(0L, 0L, 
    0L, 0L, 2L, 73L, 0L, 0L, 1L, 101L, 0L, 0L, 0L, 2L, 0L, 0L
    ), .Dim = c(4L, 4L), .Dimnames = structure(list(c("-1", "0", 
    "1", NA), c("-", "A", "G", NA)), .Names = c("", "")), class = "table"), 
    All.Tags = list(Concordant = list(Freqs = structure(c(0, 
    0, 0, 0, 244, 2, 0, 268, 0), .Dim = c(3L, 3L), .Dimnames = list(
        c("-1", "0", "1"), c("-", "A", "G"))), N = 514), Majority = list(
        Freqs = structure(c(0, 0, 0, 0, 297, 2, 0, 320, 0), .Dim = c(3L, 
        3L), .Dimnames = list(c("-1", "0", "1"), c("-", "A", 
        "G"))), N = 619)), `2` = structure(c(0, 0, 0, 0, 245, 
    0, 0, 259, 0), .Dim = c(3L, 3L), .Dimnames = list(c("-1", 
    "0", "1"), c("-", "A", "G"))))))
