Results <-
list(`bwa.out//20220204//BlindCMMRD94_S53.sam` = list(LR17_SNP1 = list(
    All = list(Freqs = structure(c(5L, 121L, 3171L, 41L, 11L, 
    0L, 0L, 1L, 0L, 0L, 0L, 0L, 114L, 0L, 0L), .Dim = c(5L, 3L
    ), .Dimnames = structure(list(c("-2", "-1", "0", "1", NA), 
        c("A", "G", NA)), .Names = c("", "")), class = "table"), 
        N = 3464L), Tag.Distribution = structure(c(`1` = 85L, 
    `2` = 21L, `3` = 32L, `4` = 22L, `5` = 19L, `6` = 21L, `7` = 28L, 
    `8` = 16L, `9` = 21L, `10` = 18L, `11` = 11L, `12` = 19L, 
    `13` = 10L, `14` = 9L, `15` = 9L, `16` = 8L, `17` = 7L, `18` = 5L, 
    `19` = 7L, `20` = 8L, `21` = 5L, `22` = 4L, `23` = 4L, `24` = 6L, 
    `25` = 4L, `26` = 1L, `27` = 1L, `29` = 2L, `30` = 2L, `33` = 1L, 
    `39` = 1L), .Dim = 31L, .Dimnames = list(TagUsage = c("1", 
    "2", "3", "4", "5", "6", "7", "8", "9", "10", "11", "12", 
    "13", "14", "15", "16", "17", "18", "19", "20", "21", "22", 
    "23", "24", "25", "26", "27", "29", "30", "33", "39")), class = "table"), 
    No.Tag = structure(c(0L, 3L, 87L, 0L, 1L, 0L, 0L, 0L, 0L, 
    0L, 0L, 0L, 6L, 0L, 0L), .Dim = c(5L, 3L), .Dimnames = structure(list(
        c("-2", "-1", "0", "1", NA), c("A", "G", NA)), .Names = c("", 
    "")), class = "table"), All.Tags = list(Concordant = list(
        Freqs = structure(c(0, 3, 292, 0, 0, 0, 0, 0), .Dim = c(4L, 
        2L), .Dimnames = list(c("-2", "-1", "0", "1"), c("A", 
        "G"))), N = 295), Majority = list(Freqs = structure(c(0, 
    5, 400, 0, 0, 0, 0, 0), .Dim = c(4L, 2L), .Dimnames = list(
        c("-2", "-1", "0", "1"), c("A", "G"))), N = 405)), `2` = structure(c(0, 
    2, 320, 0, 0, 0, 0, 0), .Dim = c(4L, 2L), .Dimnames = list(
        c("-2", "-1", "0", "1"), c("A", "G"))))))
