Results <-
list(`bwa.out//20220204//BlindCMMRD93_S52.sam` = list(DEPDC2_SNP1 = list(
    All = list(Freqs = structure(c(0L, 1L, 0L, 0L, 18L, 3431L, 
    13L, 14L, 0L, 17L, 0L, 1L, 0L, 48L, 0L, 0L), .Dim = c(4L, 
    4L), .Dimnames = structure(list(c("-1", "0", "1", NA), c("A", 
    "C", "T", NA)), .Names = c("", "")), class = "table"), N = 3543L), 
    Tag.Distribution = structure(c(`1` = 177L, `2` = 107L, `3` = 80L, 
    `4` = 60L, `5` = 62L, `6` = 40L, `7` = 31L, `8` = 29L, `9` = 29L, 
    `10` = 12L, `11` = 17L, `12` = 12L, `13` = 11L, `14` = 9L, 
    `15` = 6L, `16` = 6L, `17` = 6L, `18` = 7L, `19` = 5L, `20` = 1L, 
    `22` = 1L, `23` = 1L, `28` = 1L, `31` = 1L), .Dim = 24L, .Dimnames = list(
        TagUsage = c("1", "2", "3", "4", "5", "6", "7", "8", 
        "9", "10", "11", "12", "13", "14", "15", "16", "17", 
        "18", "19", "20", "22", "23", "28", "31")), class = "table"), 
    No.Tag = structure(c(0L, 0L, 0L, 0L, 0L, 58L, 0L, 0L, 0L, 
    0L, 0L, 0L, 0L, 1L, 0L, 0L), .Dim = c(4L, 4L), .Dimnames = structure(list(
        c("-1", "0", "1", NA), c("A", "C", "T", NA)), .Names = c("", 
    "")), class = "table"), All.Tags = list(Concordant = list(
        Freqs = structure(c(0, 0, 0, 1, 665, 1, 0, 12, 0), .Dim = c(3L, 
        3L), .Dimnames = list(c("-1", "0", "1"), c("A", "C", 
        "T"))), N = 679), Majority = list(Freqs = structure(c(0, 
    0, 0, 1, 690, 1, 0, 12, 0), .Dim = c(3L, 3L), .Dimnames = list(
        c("-1", "0", "1"), c("A", "C", "T"))), N = 704)), `2` = structure(c(0, 
    0, 0, 1, 529, 1, 0, 1, 0), .Dim = c(3L, 3L), .Dimnames = list(
        c("-1", "0", "1"), c("A", "C", "T"))))))
