Results <-
list(`bwa.out//20220204//Control30_S23.sam` = list(GM26_SNP1 = list(
    All = list(Freqs = structure(c(9L, 2595L, 7L, 4L, 0L, 1L, 
    0L, 0L, 0L, 14L, 0L, 0L), .Dim = 4:3, .Dimnames = structure(list(
        c("-1", "0", "1", NA), c("A", "G", NA)), .Names = c("", 
    "")), class = "table"), N = 2630L), Tag.Distribution = structure(c(`1` = 110L, 
    `2` = 46L, `3` = 37L, `4` = 30L, `5` = 28L, `6` = 21L, `7` = 26L, 
    `8` = 21L, `9` = 12L, `10` = 18L, `11` = 16L, `12` = 10L, 
    `13` = 10L, `14` = 4L, `15` = 6L, `16` = 7L, `17` = 4L, `18` = 3L, 
    `20` = 2L, `21` = 3L, `22` = 3L, `24` = 1L, `26` = 2L, `27` = 1L, 
    `29` = 2L, `30` = 1L, `35` = 1L, `37` = 1L), .Dim = 28L, .Dimnames = list(
        TagUsage = c("1", "2", "3", "4", "5", "6", "7", "8", 
        "9", "10", "11", "12", "13", "14", "15", "16", "17", 
        "18", "20", "21", "22", "24", "26", "27", "29", "30", 
        "35", "37")), class = "table"), No.Tag = structure(c(0L, 
    54L, 0L, 0L, 0L, 0L, 0L, 0L, 0L, 1L, 0L, 0L), .Dim = 4:3, .Dimnames = structure(list(
        c("-1", "0", "1", NA), c("A", "G", NA)), .Names = c("", 
    "")), class = "table"), All.Tags = list(Concordant = list(
        Freqs = structure(c(0, 405, 0, 0, 0, 0), .Dim = 3:2, .Dimnames = list(
            c("-1", "0", "1"), c("A", "G"))), N = 405), Majority = list(
        Freqs = structure(c(0, 422, 0, 0, 0, 0), .Dim = 3:2, .Dimnames = list(
            c("-1", "0", "1"), c("A", "G"))), N = 422)), `2` = structure(c(0, 
    316, 0, 0, 0, 0), .Dim = 3:2, .Dimnames = list(c("-1", "0", 
    "1"), c("A", "G"))))))
