Results <-
list(`bwa.out//20220204//13D0575_S2.sam` = list(GM29_SNP1 = list(
    All = list(Freqs = structure(c(1L, 21L, 1430L, 1L, 7L, 0L, 
    26L, 1745L, 3L, 4L, 0L, 0L, 20L, 0L, 0L), .Dim = c(5L, 3L
    ), .Dimnames = structure(list(c("-2", "-1", "0", "1", NA), 
        c("A", "G", NA)), .Names = c("", "")), class = "table"), 
        N = 3258L), Tag.Distribution = structure(c(`1` = 135L, 
    `2` = 66L, `3` = 67L, `4` = 53L, `5` = 35L, `6` = 38L, `7` = 19L, 
    `8` = 17L, `9` = 16L, `10` = 14L, `11` = 14L, `12` = 8L, 
    `13` = 11L, `14` = 15L, `15` = 8L, `16` = 6L, `17` = 7L, 
    `18` = 3L, `19` = 3L, `20` = 3L, `21` = 4L, `22` = 1L, `23` = 1L, 
    `24` = 1L, `25` = 3L, `27` = 1L, `28` = 2L, `36` = 1L, `38` = 1L, 
    `42` = 1L), .Dim = 30L, .Dimnames = list(TagUsage = c("1", 
    "2", "3", "4", "5", "6", "7", "8", "9", "10", "11", "12", 
    "13", "14", "15", "16", "17", "18", "19", "20", "21", "22", 
    "23", "24", "25", "27", "28", "36", "38", "42")), class = "table"), 
    No.Tag = structure(c(0L, 0L, 30L, 0L, 0L, 0L, 2L, 54L, 0L, 
    0L, 0L, 0L, 0L, 0L, 0L), .Dim = c(5L, 3L), .Dimnames = structure(list(
        c("-2", "-1", "0", "1", NA), c("A", "G", NA)), .Names = c("", 
    "")), class = "table"), All.Tags = list(Concordant = list(
        Freqs = structure(c(0, 1, 211, 0, 0, 0, 237, 0), .Dim = c(4L, 
        2L), .Dimnames = list(c("-2", "-1", "0", "1"), c("A", 
        "G"))), N = 449), Majority = list(Freqs = structure(c(0, 
    2, 252, 0, 0, 0, 285, 0), .Dim = c(4L, 2L), .Dimnames = list(
        c("-2", "-1", "0", "1"), c("A", "G"))), N = 539)), `2` = structure(c(0, 
    1, 188, 0, 0, 0, 218, 0), .Dim = c(4L, 2L), .Dimnames = list(
        c("-2", "-1", "0", "1"), c("A", "G"))))))
