Results <-
list(`bwa.out//20220204//Control27_S20.sam` = list(LR48_SNP1 = list(
    All = list(Freqs = structure(c(0L, 0L, 0L, 2L, 0L, 0L, 2L, 
    2L, 70L, 2308L, 35L, 17L, 0L, 0L, 1L, 19L, 0L, 0L), .Dim = c(6L, 
    3L), .Dimnames = structure(list(c("-3", "-2", "-1", "0", 
    "1", NA), c("A", "C", NA)), .Names = c("", "")), class = "table"), 
        N = 2456L), Tag.Distribution = structure(c(`1` = 61L, 
    `2` = 27L, `3` = 19L, `4` = 18L, `5` = 20L, `6` = 14L, `7` = 17L, 
    `8` = 9L, `9` = 12L, `10` = 11L, `11` = 5L, `12` = 6L, `13` = 4L, 
    `14` = 5L, `15` = 9L, `17` = 3L, `18` = 5L, `19` = 2L, `20` = 3L, 
    `21` = 2L, `22` = 3L, `23` = 5L, `24` = 4L, `25` = 1L, `26` = 1L, 
    `27` = 1L, `28` = 3L, `29` = 1L, `31` = 1L, `32` = 3L, `33` = 2L, 
    `35` = 2L, `36` = 1L, `37` = 3L), .Dim = 34L, .Dimnames = list(
        TagUsage = c("1", "2", "3", "4", "5", "6", "7", "8", 
        "9", "10", "11", "12", "13", "14", "15", "17", "18", 
        "19", "20", "21", "22", "23", "24", "25", "26", "27", 
        "28", "29", "31", "32", "33", "35", "36", "37")), class = "table"), 
    No.Tag = structure(c(0L, 0L, 0L, 0L, 0L, 0L, 0L, 0L, 3L, 
    71L, 1L, 0L, 0L, 0L, 0L, 1L, 0L, 0L), .Dim = c(6L, 3L), .Dimnames = structure(list(
        c("-3", "-2", "-1", "0", "1", NA), c("A", "C", NA)), .Names = c("", 
    "")), class = "table"), All.Tags = list(Concordant = list(
        Freqs = structure(c(0, 0, 0, 0, 0, 0, 0, 2, 210, 0), .Dim = c(5L, 
        2L), .Dimnames = list(c("-3", "-2", "-1", "0", "1"), 
            c("A", "C"))), N = 212), Majority = list(Freqs = structure(c(0, 
    0, 0, 0, 0, 0, 0, 2, 275, 0), .Dim = c(5L, 2L), .Dimnames = list(
        c("-3", "-2", "-1", "0", "1"), c("A", "C"))), N = 277)), 
    `2` = structure(c(0, 0, 0, 0, 0, 0, 0, 1, 219, 0), .Dim = c(5L, 
    2L), .Dimnames = list(c("-3", "-2", "-1", "0", "1"), c("A", 
    "C"))))))
