Results <-
list(`bwa.out//20220204//MLPA80_S12.sam` = list(GM14_SNP1 = list(
    All = list(Freqs = structure(c(0L, 0L, 3L, 0L, 0L, 0L, 43L, 
    1128L, 6L, 3L, 2L, 21L, 1277L, 6L, 4L, 0L, 0L, 44L, 1L, 0L
    ), .Dim = 5:4, .Dimnames = structure(list(c("-2", "-1", "0", 
    "1", NA), c("A", "C", "T", NA)), .Names = c("", "")), class = "table"), 
        N = 2538L), Tag.Distribution = structure(c(`1` = 78L, 
    `2` = 45L, `3` = 44L, `4` = 41L, `5` = 27L, `6` = 19L, `7` = 25L, 
    `8` = 21L, `9` = 13L, `10` = 8L, `11` = 9L, `12` = 14L, `13` = 8L, 
    `14` = 8L, `15` = 9L, `16` = 4L, `17` = 4L, `18` = 3L, `19` = 1L, 
    `20` = 3L, `21` = 1L, `22` = 3L, `23` = 2L, `24` = 3L, `27` = 3L, 
    `30` = 1L, `39` = 1L), .Dim = 27L, .Dimnames = list(TagUsage = c("1", 
    "2", "3", "4", "5", "6", "7", "8", "9", "10", "11", "12", 
    "13", "14", "15", "16", "17", "18", "19", "20", "21", "22", 
    "23", "24", "27", "30", "39")), class = "table"), No.Tag = structure(c(0L, 
    0L, 0L, 0L, 0L, 0L, 1L, 21L, 0L, 0L, 0L, 1L, 22L, 0L, 0L, 
    0L, 0L, 2L, 0L, 0L), .Dim = 5:4, .Dimnames = structure(list(
        c("-2", "-1", "0", "1", NA), c("A", "C", "T", NA)), .Names = c("", 
    "")), class = "table"), All.Tags = list(Concordant = list(
        Freqs = structure(c(0, 0, 0, 0, 0, 5, 139, 0, 0, 0, 178, 
        1), .Dim = 4:3, .Dimnames = list(c("-2", "-1", "0", "1"
        ), c("A", "C", "T"))), N = 323), Majority = list(Freqs = structure(c(0, 
    0, 0, 0, 0, 5, 180, 0, 0, 0, 205, 1), .Dim = 4:3, .Dimnames = list(
        c("-2", "-1", "0", "1"), c("A", "C", "T"))), N = 391)), 
    `2` = structure(c(0, 0, 0, 0, 0, 1, 148, 0, 0, 0, 168, 0), .Dim = 4:3, .Dimnames = list(
        c("-2", "-1", "0", "1"), c("A", "C", "T"))))))
