Results <-
list(`bwa.out//20220204//BlindCMMRD92_S51.sam` = list(LR24_SNP1 = list(
    All = list(Freqs = structure(c(0L, 1L, 8L, 0L, 0L, 1L, 21L, 
    4533L, 17L, 4L, 0L, 0L, 20L, 0L, 0L), .Dim = c(5L, 3L), .Dimnames = structure(list(
        c("-2", "-1", "0", "1", NA), c("A", "G", NA)), .Names = c("", 
    "")), class = "table"), N = 4605L), Tag.Distribution = structure(c(`1` = 149L, 
    `2` = 92L, `3` = 81L, `4` = 69L, `5` = 52L, `6` = 49L, `7` = 45L, 
    `8` = 45L, `9` = 27L, `10` = 27L, `11` = 22L, `12` = 16L, 
    `13` = 13L, `14` = 11L, `15` = 8L, `16` = 7L, `17` = 7L, 
    `18` = 6L, `19` = 3L, `20` = 5L, `21` = 4L, `22` = 2L, `23` = 2L, 
    `24` = 3L, `26` = 1L, `27` = 1L, `28` = 1L, `30` = 1L, `31` = 1L, 
    `34` = 1L, `41` = 1L, `42` = 1L), .Dim = 32L, .Dimnames = list(
        TagUsage = c("1", "2", "3", "4", "5", "6", "7", "8", 
        "9", "10", "11", "12", "13", "14", "15", "16", "17", 
        "18", "19", "20", "21", "22", "23", "24", "26", "27", 
        "28", "30", "31", "34", "41", "42")), class = "table"), 
    No.Tag = structure(c(0L, 0L, 1L, 0L, 0L, 0L, 2L, 128L, 0L, 
    0L, 0L, 0L, 2L, 0L, 0L), .Dim = c(5L, 3L), .Dimnames = structure(list(
        c("-2", "-1", "0", "1", NA), c("A", "G", NA)), .Names = c("", 
    "")), class = "table"), All.Tags = list(Concordant = list(
        Freqs = structure(c(0, 0, 5, 0, 0, 0, 708, 0), .Dim = c(4L, 
        2L), .Dimnames = list(c("-2", "-1", "0", "1"), c("A", 
        "G"))), N = 713), Majority = list(Freqs = structure(c(0, 
    0, 5, 0, 0, 1, 740, 0), .Dim = c(4L, 2L), .Dimnames = list(
        c("-2", "-1", "0", "1"), c("A", "G"))), N = 746)), `2` = structure(c(0, 
    0, 0, 0, 0, 1, 601, 0), .Dim = c(4L, 2L), .Dimnames = list(
        c("-2", "-1", "0", "1"), c("A", "G"))))))
