Results <-
list(`bwa.out//20220204//BlindCMMRD108_S10.sam` = list(LR36_SNP1 = list(
    All = list(Freqs = structure(c(0L, 7L, 609L, 1L, 3L, 4L, 
    11L, 779L, 4L, 3L, 0L, 0L, 32L, 2L, 0L), .Dim = c(5L, 3L), .Dimnames = structure(list(
        c("-2", "-1", "0", "1", NA), c("A", "T", NA)), .Names = c("", 
    "")), class = "table"), N = 1455L), Tag.Distribution = structure(c(`1` = 30L, 
    `2` = 12L, `3` = 12L, `4` = 7L, `5` = 14L, `6` = 7L, `7` = 10L, 
    `8` = 7L, `9` = 9L, `10` = 11L, `11` = 6L, `12` = 2L, `13` = 2L, 
    `14` = 2L, `15` = 6L, `16` = 2L, `17` = 1L, `18` = 4L, `19` = 2L, 
    `20` = 1L, `21` = 2L, `22` = 3L, `23` = 1L, `24` = 2L, `25` = 3L, 
    `26` = 1L, `33` = 2L, `34` = 1L, `36` = 2L), .Dim = 29L, .Dimnames = list(
        TagUsage = c("1", "2", "3", "4", "5", "6", "7", "8", 
        "9", "10", "11", "12", "13", "14", "15", "16", "17", 
        "18", "19", "20", "21", "22", "23", "24", "25", "26", 
        "33", "34", "36")), class = "table"), No.Tag = structure(c(0L, 
    0L, 17L, 0L, 0L, 0L, 0L, 24L, 0L, 0L, 0L, 0L, 2L, 0L, 0L), .Dim = c(5L, 
    3L), .Dimnames = structure(list(c("-2", "-1", "0", "1", NA
    ), c("A", "T", NA)), .Names = c("", "")), class = "table"), 
    All.Tags = list(Concordant = list(Freqs = structure(c(0, 
    0, 68, 0, 0, 1, 70, 0), .Dim = c(4L, 2L), .Dimnames = list(
        c("-2", "-1", "0", "1"), c("A", "T"))), N = 139), Majority = list(
        Freqs = structure(c(0, 0, 76, 0, 0, 1, 85, 0), .Dim = c(4L, 
        2L), .Dimnames = list(c("-2", "-1", "0", "1"), c("A", 
        "T"))), N = 162)), `2` = structure(c(0, 0, 63, 0, 0, 
    0, 70, 0), .Dim = c(4L, 2L), .Dimnames = list(c("-2", "-1", 
    "0", "1"), c("A", "T"))))))
