Results <-
list(`bwa.out//20220204//BlindCMMRD70_S29.sam` = list(LR20_SNP1 = list(
    All = list(Freqs = structure(c(3L, 2241L, 2L, 0L, 5L, 2235L, 
    5L, 3L, 0L, 16L, 0L, 0L), .Dim = 4:3, .Dimnames = structure(list(
        c("-1", "0", "1", NA), c("A", "G", NA)), .Names = c("", 
    "")), class = "table"), N = 4510L), Tag.Distribution = structure(c(`1` = 111L, 
    `2` = 40L, `3` = 46L, `4` = 40L, `5` = 36L, `6` = 41L, `7` = 31L, 
    `8` = 29L, `9` = 20L, `10` = 20L, `11` = 16L, `12` = 14L, 
    `13` = 12L, `14` = 11L, `15` = 11L, `16` = 11L, `17` = 5L, 
    `18` = 8L, `19` = 6L, `20` = 5L, `21` = 5L, `22` = 2L, `23` = 3L, 
    `24` = 7L, `25` = 3L, `26` = 4L, `27` = 1L, `28` = 3L, `29` = 2L, 
    `30` = 1L, `32` = 2L, `33` = 4L, `34` = 1L, `36` = 1L, `37` = 1L, 
    `39` = 2L, `41` = 1L, `44` = 1L), .Dim = 38L, .Dimnames = list(
        TagUsage = c("1", "2", "3", "4", "5", "6", "7", "8", 
        "9", "10", "11", "12", "13", "14", "15", "16", "17", 
        "18", "19", "20", "21", "22", "23", "24", "25", "26", 
        "27", "28", "29", "30", "32", "33", "34", "36", "37", 
        "39", "41", "44")), class = "table"), No.Tag = structure(c(0L, 
    33L, 0L, 0L, 0L, 62L, 0L, 1L, 0L, 2L, 0L, 0L), .Dim = 4:3, .Dimnames = structure(list(
        c("-1", "0", "1", NA), c("A", "G", NA)), .Names = c("", 
    "")), class = "table"), All.Tags = list(Concordant = list(
        Freqs = structure(c(0, 259, 1, 2, 243, 1), .Dim = 3:2, .Dimnames = list(
            c("-1", "0", "1"), c("A", "G"))), N = 506), Majority = list(
        Freqs = structure(c(0, 280, 1, 2, 269, 1), .Dim = 3:2, .Dimnames = list(
            c("-1", "0", "1"), c("A", "G"))), N = 553)), `2` = structure(c(0, 
    225, 0, 0, 219, 0), .Dim = 3:2, .Dimnames = list(c("-1", 
    "0", "1"), c("A", "G"))))))
