Results <-
list(`bwa.out//20220204//BlindCMMRD51_S11.sam` = list(LR46_SNP1 = list(
    All = list(Freqs = structure(c(6L, 1151L, 1L, 4L, 5L, 1258L, 
    3L, 1L, 0L, 17L, 0L, 0L), .Dim = 4:3, .Dimnames = structure(list(
        c("-1", "0", "1", NA), c("G", "T", NA)), .Names = c("", 
    "")), class = "table"), N = 2446L), Tag.Distribution = structure(c(`1` = 43L, 
    `2` = 9L, `3` = 13L, `4` = 12L, `5` = 6L, `6` = 10L, `7` = 3L, 
    `8` = 5L, `9` = 6L, `10` = 4L, `11` = 7L, `12` = 3L, `13` = 3L, 
    `14` = 5L, `15` = 5L, `16` = 4L, `17` = 4L, `19` = 2L, `20` = 2L, 
    `21` = 2L, `22` = 7L, `23` = 2L, `24` = 2L, `25` = 5L, `26` = 3L, 
    `27` = 1L, `28` = 1L, `29` = 2L, `31` = 1L, `33` = 2L, `35` = 2L, 
    `36` = 1L, `37` = 1L, `38` = 2L, `39` = 1L, `40` = 1L, `41` = 2L, 
    `43` = 1L, `44` = 1L, `45` = 3L, `49` = 1L, `51` = 1L, `59` = 2L
    ), .Dim = 43L, .Dimnames = list(TagUsage = c("1", "2", "3", 
    "4", "5", "6", "7", "8", "9", "10", "11", "12", "13", "14", 
    "15", "16", "17", "19", "20", "21", "22", "23", "24", "25", 
    "26", "27", "28", "29", "31", "33", "35", "36", "37", "38", 
    "39", "40", "41", "43", "44", "45", "49", "51", "59")), class = "table"), 
    No.Tag = structure(c(0L, 6L, 0L, 1L, 0L, 15L, 0L, 0L, 0L, 
    1L, 0L, 0L), .Dim = 4:3, .Dimnames = structure(list(c("-1", 
    "0", "1", NA), c("G", "T", NA)), .Names = c("", "")), class = "table"), 
    All.Tags = list(Concordant = list(Freqs = structure(c(1, 
    93, 0, 0, 85, 0), .Dim = 3:2, .Dimnames = list(c("-1", "0", 
    "1"), c("G", "T"))), N = 179), Majority = list(Freqs = structure(c(1, 
    96, 0, 0, 95, 0), .Dim = 3:2, .Dimnames = list(c("-1", "0", 
    "1"), c("G", "T"))), N = 192)), `2` = structure(c(1, 74, 
    0, 0, 75, 0), .Dim = 3:2, .Dimnames = list(c("-1", "0", "1"
    ), c("G", "T"))))))
