Results <-
list(`bwa.out//20220204//BlindCMMRD135_S61.sam` = list(GM26_SNP1 = list(
    All = list(Freqs = structure(c(0L, 14L, 1872L, 6L, 1L, 1L, 
    17L, 1690L, 6L, 3L, 0L, 1L, 43L, 0L, 0L), .Dim = c(5L, 3L
    ), .Dimnames = structure(list(c("-2", "-1", "0", "1", NA), 
        c("A", "G", NA)), .Names = c("", "")), class = "table"), 
        N = 3654L), Tag.Distribution = structure(c(`1` = 150L, 
    `2` = 116L, `3` = 95L, `4` = 75L, `5` = 71L, `6` = 55L, `7` = 47L, 
    `8` = 41L, `9` = 28L, `10` = 18L, `11` = 14L, `12` = 14L, 
    `13` = 8L, `14` = 9L, `15` = 5L, `16` = 1L, `17` = 3L, `18` = 1L, 
    `19` = 3L, `20` = 1L, `22` = 1L, `23` = 1L), .Dim = 22L, .Dimnames = list(
        TagUsage = c("1", "2", "3", "4", "5", "6", "7", "8", 
        "9", "10", "11", "12", "13", "14", "15", "16", "17", 
        "18", "19", "20", "22", "23")), class = "table"), No.Tag = structure(c(0L, 
    0L, 33L, 0L, 0L, 0L, 0L, 40L, 0L, 0L, 0L, 0L, 6L, 0L, 0L), .Dim = c(5L, 
    3L), .Dimnames = structure(list(c("-2", "-1", "0", "1", NA
    ), c("A", "G", NA)), .Names = c("", "")), class = "table"), 
    All.Tags = list(Concordant = list(Freqs = structure(c(0, 
    0, 354, 0, 0, 1, 313, 0), .Dim = c(4L, 2L), .Dimnames = list(
        c("-2", "-1", "0", "1"), c("A", "G"))), N = 668), Majority = list(
        Freqs = structure(c(0, 0, 387, 0, 0, 1, 355, 0), .Dim = c(4L, 
        2L), .Dimnames = list(c("-2", "-1", "0", "1"), c("A", 
        "G"))), N = 743)), `2` = structure(c(0, 0, 318, 0, 0, 
    0, 279, 0), .Dim = c(4L, 2L), .Dimnames = list(c("-2", "-1", 
    "0", "1"), c("A", "G"))))))
