Results <-
list(`bwa.out//20220204//BlindCMMRD128_S54.sam` = list(LR17_SNP1 = list(
    All = list(Freqs = structure(c(10L, 186L, 5364L, 58L, 1L, 
    26L, 0L, 0L, 1L, 0L, 0L, 0L, 0L, 0L, 130L, 2L, 0L, 0L), .Dim = c(6L, 
    3L), .Dimnames = structure(list(c("-2", "-1", "0", "1", "2", 
    NA), c("A", "G", NA)), .Names = c("", "")), class = "table"), 
        N = 5778L), Tag.Distribution = structure(c(`1` = 448L, 
    `2` = 323L, `3` = 263L, `4` = 175L, `5` = 140L, `6` = 100L, 
    `7` = 59L, `8` = 42L, `9` = 31L, `10` = 22L, `11` = 11L, 
    `12` = 10L, `13` = 5L, `14` = 5L, `15` = 3L, `16` = 2L, `17` = 1L, 
    `19` = 2L), .Dim = 18L, .Dimnames = list(TagUsage = c("1", 
    "2", "3", "4", "5", "6", "7", "8", "9", "10", "11", "12", 
    "13", "14", "15", "16", "17", "19")), class = "table"), No.Tag = structure(c(0L, 
    0L, 135L, 1L, 0L, 1L, 0L, 0L, 0L, 0L, 0L, 0L, 0L, 0L, 2L, 
    0L, 0L, 0L), .Dim = c(6L, 3L), .Dimnames = structure(list(
        c("-2", "-1", "0", "1", "2", NA), c("A", "G", NA)), .Names = c("", 
    "")), class = "table"), All.Tags = list(Concordant = list(
        Freqs = structure(c(2, 16, 1413, 2, 0, 0, 0, 1, 0, 0), .Dim = c(5L, 
        2L), .Dimnames = list(c("-2", "-1", "0", "1", "2"), c("A", 
        "G"))), N = 1434), Majority = list(Freqs = structure(c(2, 
    20, 1557, 3, 0, 0, 0, 1, 0, 0), .Dim = c(5L, 2L), .Dimnames = list(
        c("-2", "-1", "0", "1", "2"), c("A", "G"))), N = 1583)), 
    `2` = structure(c(0, 9, 1144, 2, 0, 0, 0, 0, 0, 0), .Dim = c(5L, 
    2L), .Dimnames = list(c("-2", "-1", "0", "1", "2"), c("A", 
    "G"))))))
