Results <-
list(`bwa.out//20220204//MLPA03_S10.sam` = list(LR24_SNP1 = list(
    All = list(Freqs = structure(c(0L, 9L, 2648L, 3L, 4L, 0L, 
    10L, 2845L, 11L, 3L, 1L, 0L, 42L, 0L, 0L), .Dim = c(5L, 3L
    ), .Dimnames = structure(list(c("-2", "-1", "0", "1", NA), 
        c("A", "G", NA)), .Names = c("", "")), class = "table"), 
        N = 5576L), Tag.Distribution = structure(c(`1` = 230L, 
    `2` = 102L, `3` = 76L, `4` = 55L, `5` = 47L, `6` = 45L, `7` = 41L, 
    `8` = 33L, `9` = 28L, `10` = 27L, `11` = 22L, `12` = 24L, 
    `13` = 18L, `14` = 16L, `15` = 17L, `16` = 9L, `17` = 7L, 
    `18` = 3L, `19` = 4L, `20` = 7L, `21` = 6L, `22` = 3L, `23` = 2L, 
    `24` = 3L, `25` = 4L, `26` = 5L, `27` = 6L, `28` = 3L, `29` = 2L, 
    `31` = 2L, `32` = 1L, `35` = 1L, `37` = 2L, `41` = 1L, `43` = 1L, 
    `46` = 1L), .Dim = 36L, .Dimnames = list(TagUsage = c("1", 
    "2", "3", "4", "5", "6", "7", "8", "9", "10", "11", "12", 
    "13", "14", "15", "16", "17", "18", "19", "20", "21", "22", 
    "23", "24", "25", "26", "27", "28", "29", "31", "32", "35", 
    "37", "41", "43", "46")), class = "table"), No.Tag = structure(c(0L, 
    0L, 73L, 0L, 0L, 0L, 0L, 87L, 0L, 0L, 0L, 0L, 3L, 0L, 0L), .Dim = c(5L, 
    3L), .Dimnames = structure(list(c("-2", "-1", "0", "1", NA
    ), c("A", "G", NA)), .Names = c("", "")), class = "table"), 
    All.Tags = list(Concordant = list(Freqs = structure(c(0, 
    0, 362, 1, 0, 0, 386, 2), .Dim = c(4L, 2L), .Dimnames = list(
        c("-2", "-1", "0", "1"), c("A", "G"))), N = 751), Majority = list(
        Freqs = structure(c(0, 0, 401, 1, 0, 0, 427, 2), .Dim = c(4L, 
        2L), .Dimnames = list(c("-2", "-1", "0", "1"), c("A", 
        "G"))), N = 831)), `2` = structure(c(0, 0, 292, 0, 0, 
    0, 318, 0), .Dim = c(4L, 2L), .Dimnames = list(c("-2", "-1", 
    "0", "1"), c("A", "G"))))))
