Results <-
list(`bwa.out//20220204//BlindCMMRD56_S15.sam` = list(LR20_SNP1 = list(
    All = list(Freqs = structure(c(4L, 1914L, 5L, 3L, 5L, 1987L, 
    5L, 0L, 0L, 1L, 0L, 0L, 0L, 20L, 0L, 0L), .Dim = c(4L, 4L
    ), .Dimnames = structure(list(c("-1", "0", "1", NA), c("A", 
    "G", "T", NA)), .Names = c("", "")), class = "table"), N = 3944L), 
    Tag.Distribution = structure(c(`1` = 137L, `2` = 88L, `3` = 62L, 
    `4` = 48L, `5` = 42L, `6` = 30L, `7` = 31L, `8` = 34L, `9` = 24L, 
    `10` = 15L, `11` = 15L, `12` = 12L, `13` = 12L, `14` = 13L, 
    `15` = 9L, `16` = 7L, `17` = 4L, `18` = 10L, `19` = 7L, `20` = 6L, 
    `21` = 5L, `22` = 3L, `23` = 2L, `24` = 2L, `25` = 3L, `26` = 1L, 
    `27` = 1L, `28` = 2L, `30` = 1L, `31` = 1L, `36` = 1L), .Dim = 31L, .Dimnames = list(
        TagUsage = c("1", "2", "3", "4", "5", "6", "7", "8", 
        "9", "10", "11", "12", "13", "14", "15", "16", "17", 
        "18", "19", "20", "21", "22", "23", "24", "25", "26", 
        "27", "28", "30", "31", "36")), class = "table"), No.Tag = structure(c(0L, 
    46L, 0L, 0L, 1L, 19L, 0L, 0L, 0L, 0L, 0L, 0L, 0L, 1L, 0L, 
    0L), .Dim = c(4L, 4L), .Dimnames = structure(list(c("-1", 
    "0", "1", NA), c("A", "G", "T", NA)), .Names = c("", "")), class = "table"), 
    All.Tags = list(Concordant = list(Freqs = structure(c(0, 
    289, 0, 1, 276, 1, 0, 0, 0), .Dim = c(3L, 3L), .Dimnames = list(
        c("-1", "0", "1"), c("A", "G", "T"))), N = 567), Majority = list(
        Freqs = structure(c(0, 315, 0, 1, 299, 1, 0, 0, 0), .Dim = c(3L, 
        3L), .Dimnames = list(c("-1", "0", "1"), c("A", "G", 
        "T"))), N = 616)), `2` = structure(c(0, 241, 0, 1, 241, 
    0, 0, 0, 0), .Dim = c(3L, 3L), .Dimnames = list(c("-1", "0", 
    "1"), c("A", "G", "T"))))))
