Results <-
list(`bwa.out//20220204//BlindCMMRD45_S5.sam` = list(GM07_SNP1 = list(
    All = list(Freqs = structure(c(0L, 0L, 2L, 0L, 0L, 1L, 4L, 
    182L, 3471L, 112L, 5L, 42L, 0L, 2L, 53L, 2L, 0L, 0L), .Dim = c(6L, 
    3L), .Dimnames = structure(list(c("-2", "-1", "0", "1", "2", 
    NA), c("A", "G", NA)), .Names = c("", "")), class = "table"), 
        N = 3876L), Tag.Distribution = structure(c(`1` = 74L, 
    `2` = 24L, `3` = 15L, `4` = 23L, `5` = 18L, `6` = 7L, `7` = 13L, 
    `8` = 13L, `9` = 12L, `10` = 7L, `11` = 19L, `12` = 3L, `13` = 6L, 
    `14` = 7L, `15` = 11L, `16` = 9L, `17` = 3L, `18` = 2L, `19` = 3L, 
    `20` = 4L, `21` = 4L, `22` = 1L, `23` = 6L, `24` = 3L, `25` = 2L, 
    `26` = 2L, `27` = 1L, `28` = 3L, `29` = 3L, `30` = 1L, `31` = 5L, 
    `32` = 2L, `33` = 3L, `36` = 2L, `37` = 1L, `38` = 4L, `42` = 1L, 
    `43` = 3L, `45` = 1L, `47` = 2L, `53` = 1L, `60` = 1L, `63` = 2L, 
    `80` = 1L), .Dim = 44L, .Dimnames = list(TagUsage = c("1", 
    "2", "3", "4", "5", "6", "7", "8", "9", "10", "11", "12", 
    "13", "14", "15", "16", "17", "18", "19", "20", "21", "22", 
    "23", "24", "25", "26", "27", "28", "29", "30", "31", "32", 
    "33", "36", "37", "38", "42", "43", "45", "47", "53", "60", 
    "63", "80")), class = "table"), No.Tag = structure(c(0L, 
    0L, 0L, 0L, 0L, 1L, 0L, 12L, 267L, 7L, 0L, 11L, 0L, 1L, 5L, 
    0L, 0L, 0L), .Dim = c(6L, 3L), .Dimnames = structure(list(
        c("-2", "-1", "0", "1", "2", NA), c("A", "G", NA)), .Names = c("", 
    "")), class = "table"), All.Tags = list(Concordant = list(
        Freqs = structure(c(0, 0, 2, 0, 0, 0, 3, 190, 2, 0), .Dim = c(5L, 
        2L), .Dimnames = list(c("-2", "-1", "0", "1", "2"), c("A", 
        "G"))), N = 197), Majority = list(Freqs = structure(c(0, 
    0, 2, 0, 0, 0, 7, 306, 3, 0), .Dim = c(5L, 2L), .Dimnames = list(
        c("-2", "-1", "0", "1", "2"), c("A", "G"))), N = 318)), 
    `2` = structure(c(0, 0, 0, 0, 0, 0, 4, 245, 1, 0), .Dim = c(5L, 
    2L), .Dimnames = list(c("-2", "-1", "0", "1", "2"), c("A", 
    "G"))))))
