Results <-
list(`bwa.out//20220204//BlindCMMRD58_S17.sam` = list(LR44_SNP1 = list(
    All = list(Freqs = structure(c(0L, 0L, 0L, 1L, 0L, 0L, 0L, 
    2L, 0L, 1L, 25L, 0L, 0L, 0L, 1L, 34L, 680L, 6841L, 95L, 3L, 
    45L, 0L, 0L, 7L, 108L, 4L, 0L, 0L), .Dim = c(7L, 4L), .Dimnames = structure(list(
        c("-3", "-2", "-1", "0", "1", "2", NA), c("A", "C", "T", 
        NA)), .Names = c("", "")), class = "table"), N = 7847L), 
    Tag.Distribution = structure(c(`1` = 134L, `2` = 28L, `3` = 15L, 
    `4` = 15L, `5` = 17L, `6` = 10L, `7` = 17L, `8` = 12L, `9` = 12L, 
    `10` = 11L, `11` = 13L, `12` = 12L, `13` = 13L, `14` = 8L, 
    `15` = 11L, `16` = 11L, `17` = 7L, `18` = 6L, `19` = 12L, 
    `20` = 11L, `21` = 4L, `22` = 6L, `23` = 8L, `24` = 7L, `25` = 3L, 
    `26` = 4L, `28` = 7L, `29` = 7L, `30` = 2L, `31` = 3L, `32` = 6L, 
    `33` = 8L, `34` = 2L, `35` = 9L, `36` = 3L, `37` = 3L, `38` = 7L, 
    `39` = 6L, `40` = 1L, `41` = 3L, `42` = 1L, `43` = 1L, `44` = 4L, 
    `45` = 2L, `46` = 1L, `47` = 3L, `48` = 3L, `49` = 1L, `50` = 1L, 
    `51` = 1L, `52` = 1L, `53` = 1L, `55` = 2L, `57` = 1L, `58` = 2L, 
    `59` = 2L, `61` = 2L, `62` = 2L, `63` = 1L, `66` = 1L, `69` = 1L, 
    `74` = 1L, `79` = 1L, `82` = 1L, `97` = 1L), .Dim = 65L, .Dimnames = list(
        TagUsage = c("1", "2", "3", "4", "5", "6", "7", "8", 
        "9", "10", "11", "12", "13", "14", "15", "16", "17", 
        "18", "19", "20", "21", "22", "23", "24", "25", "26", 
        "28", "29", "30", "31", "32", "33", "34", "35", "36", 
        "37", "38", "39", "40", "41", "42", "43", "44", "45", 
        "46", "47", "48", "49", "50", "51", "52", "53", "55", 
        "57", "58", "59", "61", "62", "63", "66", "69", "74", 
        "79", "82", "97")), class = "table"), No.Tag = structure(c(0L, 
    0L, 0L, 0L, 0L, 0L, 0L, 0L, 0L, 0L, 0L, 0L, 0L, 0L, 0L, 0L, 
    14L, 231L, 2L, 0L, 0L, 0L, 0L, 0L, 9L, 0L, 0L, 0L), .Dim = c(7L, 
    4L), .Dimnames = structure(list(c("-3", "-2", "-1", "0", 
    "1", "2", NA), c("A", "C", "T", NA)), .Names = c("", "")), class = "table"), 
    All.Tags = list(Concordant = list(Freqs = structure(c(0, 
    0, 0, 0, 0, 0, 1, 0, 0, 25, 0, 0, 0, 2, 14, 238, 0, 0), .Dim = c(6L, 
    3L), .Dimnames = list(c("-3", "-2", "-1", "0", "1", "2"), 
        c("A", "C", "T"))), N = 280), Majority = list(Freqs = structure(c(0, 
    0, 0, 0, 0, 0, 1, 0, 0, 25, 0, 0, 0, 3, 24, 443, 0, 0), .Dim = c(6L, 
    3L), .Dimnames = list(c("-3", "-2", "-1", "0", "1", "2"), 
        c("A", "C", "T"))), N = 496)), `2` = structure(c(0, 0, 
    0, 0, 0, 0, 0, 0, 0, 0, 0, 0, 0, 1, 17, 356, 0, 0), .Dim = c(6L, 
    3L), .Dimnames = list(c("-3", "-2", "-1", "0", "1", "2"), 
        c("A", "C", "T"))))))
