Results <-
list(`bwa.out//20220204//BlindCMMRD92_S51.sam` = list(DEPDC2_SNP1 = list(
    All = list(Freqs = structure(c(12L, 2267L, 10L, 7L, 15L, 
    2294L, 11L, 2L, 2L, 35L, 0L, 0L), .Dim = 4:3, .Dimnames = structure(list(
        c("-1", "0", "1", NA), c("C", "T", NA)), .Names = c("", 
    "")), class = "table"), N = 4655L), Tag.Distribution = structure(c(`1` = 153L, 
    `2` = 65L, `3` = 57L, `4` = 55L, `5` = 51L, `6` = 38L, `7` = 45L, 
    `8` = 31L, `9` = 23L, `10` = 25L, `11` = 16L, `12` = 18L, 
    `13` = 17L, `14` = 9L, `15` = 12L, `16` = 8L, `17` = 7L, 
    `18` = 9L, `19` = 6L, `20` = 7L, `21` = 6L, `22` = 3L, `23` = 5L, 
    `24` = 3L, `25` = 5L, `26` = 3L, `27` = 2L, `28` = 3L, `30` = 1L, 
    `32` = 1L), .Dim = 30L, .Dimnames = list(TagUsage = c("1", 
    "2", "3", "4", "5", "6", "7", "8", "9", "10", "11", "12", 
    "13", "14", "15", "16", "17", "18", "19", "20", "21", "22", 
    "23", "24", "25", "26", "27", "28", "30", "32")), class = "table"), 
    No.Tag = structure(c(1L, 90L, 0L, 1L, 0L, 21L, 0L, 0L, 0L, 
    1L, 0L, 0L), .Dim = 4:3, .Dimnames = structure(list(c("-1", 
    "0", "1", NA), c("C", "T", NA)), .Names = c("", "")), class = "table"), 
    All.Tags = list(Concordant = list(Freqs = structure(c(1, 
    303, 0, 2, 294, 2), .Dim = 3:2, .Dimnames = list(c("-1", 
    "0", "1"), c("C", "T"))), N = 602), Majority = list(Freqs = structure(c(1, 
    344, 0, 2, 330, 2), .Dim = 3:2, .Dimnames = list(c("-1", 
    "0", "1"), c("C", "T"))), N = 679)), `2` = structure(c(0, 
    265, 0, 0, 262, 0), .Dim = 3:2, .Dimnames = list(c("-1", 
    "0", "1"), c("C", "T"))))))
