Results <-
list(`bwa.out//20220204//BlindCMMRD125_S51.sam` = list(GM01_SNP1 = list(
    All = list(Freqs = structure(c(65L, 5619L, 24L, 29L, 0L, 
    4L, 0L, 0L, 0L, 1L, 0L, 0L, 1L, 38L, 0L, 0L), .Dim = c(4L, 
    4L), .Dimnames = structure(list(c("-1", "0", "1", NA), c("A", 
    "G", "T", NA)), .Names = c("", "")), class = "table"), N = 5781L), 
    Tag.Distribution = structure(c(`1` = 253L, `2` = 198L, `3` = 178L, 
    `4` = 129L, `5` = 112L, `6` = 93L, `7` = 78L, `8` = 46L, 
    `9` = 39L, `10` = 33L, `11` = 32L, `12` = 11L, `13` = 11L, 
    `14` = 8L, `15` = 5L, `16` = 8L, `17` = 3L, `18` = 4L, `19` = 3L, 
    `21` = 1L, `22` = 2L, `26` = 2L, `31` = 1L, `33` = 1L), .Dim = 24L, .Dimnames = list(
        TagUsage = c("1", "2", "3", "4", "5", "6", "7", "8", 
        "9", "10", "11", "12", "13", "14", "15", "16", "17", 
        "18", "19", "21", "22", "26", "31", "33")), class = "table"), 
    No.Tag = structure(c(0L, 63L, 0L, 0L, 0L, 0L, 0L, 0L, 0L, 
    0L, 0L, 0L, 0L, 3L, 0L, 0L), .Dim = c(4L, 4L), .Dimnames = structure(list(
        c("-1", "0", "1", NA), c("A", "G", "T", NA)), .Names = c("", 
    "")), class = "table"), All.Tags = list(Concordant = list(
        Freqs = structure(c(2, 1163, 1, 0, 1, 0, 0, 0, 0), .Dim = c(3L, 
        3L), .Dimnames = list(c("-1", "0", "1"), c("A", "G", 
        "T"))), N = 1167), Majority = list(Freqs = structure(c(3, 
    1234, 2, 0, 1, 0, 0, 0, 0), .Dim = c(3L, 3L), .Dimnames = list(
        c("-1", "0", "1"), c("A", "G", "T"))), N = 1240)), `2` = structure(c(2, 
    988, 1, 0, 0, 0, 0, 0, 0), .Dim = c(3L, 3L), .Dimnames = list(
        c("-1", "0", "1"), c("A", "G", "T"))))))
