Results <-
list(`bwa.out//20220204//BlindCMMRD51_S11.sam` = list(LR44_SNP1 = list(
    All = list(Freqs = structure(c(0L, 4L, 163L, 2147L, 63L, 
    3L, 5L, 1L, 10L, 170L, 1952L, 47L, 0L, 10L, 0L, 0L, 7L, 93L, 
    2L, 1L, 0L), .Dim = c(7L, 3L), .Dimnames = structure(list(
        c("-3", "-2", "-1", "0", "1", "2", NA), c("C", "T", NA
        )), .Names = c("", "")), class = "table"), N = 4678L), 
    Tag.Distribution = structure(c(`1` = 79L, `2` = 42L, `3` = 25L, 
    `4` = 24L, `5` = 19L, `6` = 20L, `7` = 20L, `8` = 17L, `9` = 15L, 
    `10` = 19L, `11` = 11L, `12` = 9L, `13` = 16L, `14` = 8L, 
    `15` = 6L, `16` = 5L, `17` = 5L, `18` = 7L, `19` = 5L, `20` = 9L, 
    `21` = 7L, `22` = 4L, `23` = 6L, `24` = 3L, `25` = 3L, `26` = 1L, 
    `27` = 2L, `28` = 7L, `29` = 1L, `30` = 3L, `31` = 2L, `32` = 1L, 
    `33` = 9L, `34` = 4L, `35` = 1L, `36` = 2L, `37` = 2L, `38` = 4L, 
    `39` = 1L, `40` = 1L, `41` = 1L, `44` = 2L, `45` = 1L, `50` = 1L, 
    `54` = 1L, `66` = 1L), .Dim = 46L, .Dimnames = list(TagUsage = c("1", 
    "2", "3", "4", "5", "6", "7", "8", "9", "10", "11", "12", 
    "13", "14", "15", "16", "17", "18", "19", "20", "21", "22", 
    "23", "24", "25", "26", "27", "28", "29", "30", "31", "32", 
    "33", "34", "35", "36", "37", "38", "39", "40", "41", "44", 
    "45", "50", "54", "66")), class = "table"), No.Tag = structure(c(0L, 
    0L, 2L, 28L, 1L, 0L, 0L, 0L, 0L, 8L, 78L, 2L, 0L, 1L, 0L, 
    0L, 0L, 5L, 0L, 0L, 0L), .Dim = c(7L, 3L), .Dimnames = structure(list(
        c("-3", "-2", "-1", "0", "1", "2", NA), c("C", "T", NA
        )), .Names = c("", "")), class = "table"), All.Tags = list(
        Concordant = list(Freqs = structure(c(0, 0, 4, 123, 2, 
        0, 0, 1, 3, 98, 4, 0), .Dim = c(6L, 2L), .Dimnames = list(
            c("-3", "-2", "-1", "0", "1", "2"), c("C", "T"))), 
            N = 235), Majority = list(Freqs = structure(c(0, 
        0, 6, 205, 3, 0, 0, 1, 3, 195, 4, 0), .Dim = c(6L, 2L
        ), .Dimnames = list(c("-3", "-2", "-1", "0", "1", "2"
        ), c("C", "T"))), N = 417)), `2` = structure(c(0, 0, 
    2, 170, 2, 0, 0, 0, 2, 167, 1, 0), .Dim = c(6L, 2L), .Dimnames = list(
        c("-3", "-2", "-1", "0", "1", "2"), c("C", "T"))))))
