Results <-
list(`bwa.out//20220204//BlindCMMRD133_S59.sam` = list(LR11_SNP1 = list(
    All = list(Freqs = structure(c(4L, 66L, 2972L, 16L, 1L, 11L, 
    0L, 49L, 2375L, 15L, 0L, 17L, 0L, 1L, 30L, 0L, 0L, 0L), .Dim = c(6L, 
    3L), .Dimnames = structure(list(c("-2", "-1", "0", "1", "2", 
    NA), c("A", "C", NA)), .Names = c("", "")), class = "table"), 
        N = 5557L), Tag.Distribution = structure(c(`1` = 249L, 
    `2` = 210L, `3` = 175L, `4` = 131L, `5` = 108L, `6` = 97L, 
    `7` = 80L, `8` = 57L, `9` = 30L, `10` = 26L, `11` = 25L, 
    `12` = 14L, `13` = 12L, `14` = 7L, `15` = 9L, `16` = 7L, 
    `17` = 3L, `18` = 3L, `20` = 1L, `21` = 1L), .Dim = 20L, .Dimnames = list(
        TagUsage = c("1", "2", "3", "4", "5", "6", "7", "8", 
        "9", "10", "11", "12", "13", "14", "15", "16", "17", 
        "18", "20", "21")), class = "table"), No.Tag = structure(c(0L, 
    2L, 38L, 1L, 0L, 0L, 0L, 1L, 35L, 1L, 0L, 2L, 0L, 0L, 1L, 
    0L, 0L, 0L), .Dim = c(6L, 3L), .Dimnames = structure(list(
        c("-2", "-1", "0", "1", "2", NA), c("A", "C", NA)), .Names = c("", 
    "")), class = "table"), All.Tags = list(Concordant = list(
        Freqs = structure(c(0, 0, 560, 0, 0, 0, 1, 443, 2, 0), .Dim = c(5L, 
        2L), .Dimnames = list(c("-2", "-1", "0", "1", "2"), c("A", 
        "C"))), N = 1006), Majority = list(Freqs = structure(c(0, 
    2, 661, 1, 0, 0, 2, 540, 2, 0), .Dim = c(5L, 2L), .Dimnames = list(
        c("-2", "-1", "0", "1", "2"), c("A", "C"))), N = 1208)), 
    `2` = structure(c(0, 2, 528, 1, 0, 0, 1, 429, 0, 0), .Dim = c(5L, 
    2L), .Dimnames = list(c("-2", "-1", "0", "1", "2"), c("A", 
    "C"))))))
