Results <-
list(`bwa.out//20220204//17D1097_S1.sam` = list(GM11_SNP1 = list(
    All = list(Freqs = structure(c(17L, 1852L, 15L, 1L, 2L, 16L, 
    1976L, 13L, 0L, 3L, 0L, 1L, 0L, 0L, 0L, 0L, 29L, 0L, 0L, 
    0L), .Dim = 5:4, .Dimnames = structure(list(c("-1", "0", 
    "1", "2", NA), c("A", "G", "T", NA)), .Names = c("", "")), class = "table"), 
        N = 3925L), Tag.Distribution = structure(c(`1` = 222L, 
    `2` = 133L, `3` = 112L, `4` = 77L, `5` = 65L, `6` = 63L, 
    `7` = 38L, `8` = 32L, `9` = 18L, `10` = 25L, `11` = 12L, 
    `12` = 11L, `13` = 13L, `14` = 9L, `15` = 4L, `16` = 4L, 
    `17` = 1L, `18` = 6L, `19` = 2L, `20` = 2L, `21` = 4L, `22` = 3L, 
    `24` = 1L, `39` = 1L), .Dim = 24L, .Dimnames = list(TagUsage = c("1", 
    "2", "3", "4", "5", "6", "7", "8", "9", "10", "11", "12", 
    "13", "14", "15", "16", "17", "18", "19", "20", "21", "22", 
    "24", "39")), class = "table"), No.Tag = structure(c(0L, 
    25L, 0L, 0L, 0L, 0L, 32L, 0L, 0L, 0L, 0L, 0L, 0L, 0L, 0L, 
    0L, 0L, 0L, 0L, 0L), .Dim = 5:4, .Dimnames = structure(list(
        c("-1", "0", "1", "2", NA), c("A", "G", "T", NA)), .Names = c("", 
    "")), class = "table"), All.Tags = list(Concordant = list(
        Freqs = structure(c(2, 366, 1, 0, 0, 374, 0, 0, 0, 0, 
        0, 0), .Dim = 4:3, .Dimnames = list(c("-1", "0", "1", 
        "2"), c("A", "G", "T"))), N = 743), Majority = list(Freqs = structure(c(2, 
    405, 1, 0, 0, 432, 1, 0, 0, 0, 0, 0), .Dim = 4:3, .Dimnames = list(
        c("-1", "0", "1", "2"), c("A", "G", "T"))), N = 841)), 
    `2` = structure(c(1, 298, 0, 0, 0, 324, 1, 0, 0, 0, 0, 0), .Dim = 4:3, .Dimnames = list(
        c("-1", "0", "1", "2"), c("A", "G", "T"))))))
