Results <-
list(`bwa.out//20220204//BlindCMMRD61_S20.sam` = list(LR46_SNP1 = list(
    All = list(Freqs = structure(c(0L, 4L, 0L, 0L, 21L, 4334L, 
    10L, 5L, 0L, 18L, 1L, 0L), .Dim = 4:3, .Dimnames = structure(list(
        c("-1", "0", "1", NA), c("G", "T", NA)), .Names = c("", 
    "")), class = "table"), N = 4393L), Tag.Distribution = structure(c(`1` = 94L, 
    `2` = 31L, `3` = 30L, `4` = 18L, `5` = 25L, `6` = 20L, `7` = 22L, 
    `8` = 15L, `9` = 14L, `10` = 9L, `11` = 10L, `12` = 7L, `13` = 11L, 
    `14` = 9L, `15` = 7L, `16` = 12L, `17` = 11L, `18` = 11L, 
    `19` = 5L, `20` = 3L, `21` = 7L, `22` = 5L, `23` = 1L, `24` = 4L, 
    `25` = 5L, `26` = 2L, `27` = 4L, `28` = 5L, `29` = 5L, `31` = 4L, 
    `32` = 2L, `33` = 3L, `34` = 1L, `35` = 3L, `36` = 2L, `37` = 1L, 
    `38` = 1L, `39` = 2L, `41` = 1L, `42` = 2L, `43` = 1L, `48` = 1L, 
    `51` = 1L, `53` = 1L, `61` = 1L), .Dim = 45L, .Dimnames = list(
        TagUsage = c("1", "2", "3", "4", "5", "6", "7", "8", 
        "9", "10", "11", "12", "13", "14", "15", "16", "17", 
        "18", "19", "20", "21", "22", "23", "24", "25", "26", 
        "27", "28", "29", "31", "32", "33", "34", "35", "36", 
        "37", "38", "39", "41", "42", "43", "48", "51", "53", 
        "61")), class = "table"), No.Tag = structure(c(0L, 2L, 
    0L, 0L, 0L, 57L, 0L, 1L, 0L, 2L, 0L, 0L), .Dim = 4:3, .Dimnames = structure(list(
        c("-1", "0", "1", NA), c("G", "T", NA)), .Names = c("", 
    "")), class = "table"), All.Tags = list(Concordant = list(
        Freqs = structure(c(0, 2, 0, 0, 396, 0), .Dim = 3:2, .Dimnames = list(
            c("-1", "0", "1"), c("G", "T"))), N = 398), Majority = list(
        Freqs = structure(c(0, 2, 0, 0, 421, 0), .Dim = 3:2, .Dimnames = list(
            c("-1", "0", "1"), c("G", "T"))), N = 423)), `2` = structure(c(0, 
    0, 0, 0, 333, 0), .Dim = 3:2, .Dimnames = list(c("-1", "0", 
    "1"), c("G", "T"))))))
