Results <-
list(`bwa.out//20220204//BlindCMMRD73_S32.sam` = list(LR20_SNP1 = list(
    All = list(Freqs = structure(c(0L, 2L, 0L, 0L, 7L, 4891L, 
    8L, 4L, 0L, 5L, 0L, 2L, 0L, 18L, 0L, 0L), .Dim = c(4L, 4L
    ), .Dimnames = structure(list(c("-1", "0", "1", NA), c("-", 
    "A", "G", NA)), .Names = c("", "")), class = "table"), N = 4937L), 
    Tag.Distribution = structure(c(`1` = 122L, `2` = 82L, `3` = 75L, 
    `4` = 61L, `5` = 53L, `6` = 48L, `7` = 45L, `8` = 28L, `9` = 21L, 
    `10` = 19L, `11` = 31L, `12` = 17L, `13` = 18L, `14` = 17L, 
    `15` = 8L, `16` = 13L, `17` = 4L, `18` = 6L, `19` = 4L, `20` = 7L, 
    `21` = 6L, `22` = 2L, `23` = 4L, `24` = 3L, `25` = 3L, `26` = 4L, 
    `27` = 2L, `28` = 3L, `29` = 1L, `30` = 1L, `31` = 1L, `35` = 2L, 
    `36` = 1L), .Dim = 33L, .Dimnames = list(TagUsage = c("1", 
    "2", "3", "4", "5", "6", "7", "8", "9", "10", "11", "12", 
    "13", "14", "15", "16", "17", "18", "19", "20", "21", "22", 
    "23", "24", "25", "26", "27", "28", "29", "30", "31", "35", 
    "36")), class = "table"), No.Tag = structure(c(0L, 0L, 0L, 
    0L, 0L, 124L, 1L, 0L, 0L, 0L, 0L, 0L, 0L, 2L, 0L, 0L), .Dim = c(4L, 
    4L), .Dimnames = structure(list(c("-1", "0", "1", NA), c("-", 
    "A", "G", NA)), .Names = c("", "")), class = "table"), All.Tags = list(
        Concordant = list(Freqs = structure(c(0, 0, 0, 0, 688, 
        0, 0, 2, 0), .Dim = c(3L, 3L), .Dimnames = list(c("-1", 
        "0", "1"), c("-", "A", "G"))), N = 690), Majority = list(
            Freqs = structure(c(0, 0, 0, 0, 706, 0, 0, 2, 0), .Dim = c(3L, 
            3L), .Dimnames = list(c("-1", "0", "1"), c("-", "A", 
            "G"))), N = 708)), `2` = structure(c(0, 0, 0, 0, 
    590, 0, 0, 0, 0), .Dim = c(3L, 3L), .Dimnames = list(c("-1", 
    "0", "1"), c("-", "A", "G"))))))
