Results <-
list(`bwa.out//20220204//17D0944_S7.sam` = list(LR11_SNP1 = list(
    All = list(Freqs = structure(c(1L, 29L, 1671L, 12L, 1L, 1L, 
    3L, 0L, 38L, 1414L, 12L, 0L, 0L, 7L, 0L, 1L, 26L, 0L, 0L, 
    0L, 0L), .Dim = c(7L, 3L), .Dimnames = structure(list(c("-2", 
    "-1", "0", "1", "2", "3", NA), c("A", "C", NA)), .Names = c("", 
    "")), class = "table"), N = 3216L), Tag.Distribution = structure(c(`1` = 85L, 
    `2` = 42L, `3` = 33L, `4` = 26L, `5` = 25L, `6` = 30L, `7` = 23L, 
    `8` = 21L, `9` = 15L, `10` = 14L, `11` = 9L, `12` = 10L, 
    `13` = 7L, `14` = 9L, `15` = 6L, `16` = 8L, `17` = 5L, `18` = 8L, 
    `19` = 3L, `20` = 7L, `21` = 6L, `22` = 7L, `23` = 3L, `24` = 3L, 
    `25` = 2L, `26` = 4L, `27` = 4L, `28` = 1L, `38` = 2L), .Dim = 29L, .Dimnames = list(
        TagUsage = c("1", "2", "3", "4", "5", "6", "7", "8", 
        "9", "10", "11", "12", "13", "14", "15", "16", "17", 
        "18", "19", "20", "21", "22", "23", "24", "25", "26", 
        "27", "28", "38")), class = "table"), No.Tag = structure(c(0L, 
    0L, 26L, 0L, 0L, 0L, 0L, 0L, 2L, 39L, 0L, 0L, 0L, 0L, 0L, 
    0L, 1L, 0L, 0L, 0L, 0L), .Dim = c(7L, 3L), .Dimnames = structure(list(
        c("-2", "-1", "0", "1", "2", "3", NA), c("A", "C", NA
        )), .Names = c("", "")), class = "table"), All.Tags = list(
        Concordant = list(Freqs = structure(c(0, 0, 181, 0, 0, 
        0, 0, 2, 150, 0, 0, 0), .Dim = c(6L, 2L), .Dimnames = list(
            c("-2", "-1", "0", "1", "2", "3"), c("A", "C"))), 
            N = 333), Majority = list(Freqs = structure(c(0, 
        0, 222, 0, 0, 0, 0, 2, 184, 0, 0, 0), .Dim = c(6L, 2L
        ), .Dimnames = list(c("-2", "-1", "0", "1", "2", "3"), 
            c("A", "C"))), N = 408)), `2` = structure(c(0, 0, 
    173, 0, 0, 0, 0, 1, 155, 0, 0, 0), .Dim = c(6L, 2L), .Dimnames = list(
        c("-2", "-1", "0", "1", "2", "3"), c("A", "C"))))))
