Results <-
list(`bwa.out//20220204//BlindCMMRD63_S22.sam` = list(LR46_SNP1 = list(
    All = list(Freqs = structure(c(0L, 1L, 0L, 0L, 7L, 1312L, 
    3L, 4L, 17L, 1399L, 3L, 1L, 0L, 15L, 0L, 0L), .Dim = c(4L, 
    4L), .Dimnames = structure(list(c("-1", "0", "1", NA), c("C", 
    "G", "T", NA)), .Names = c("", "")), class = "table"), N = 2762L), 
    Tag.Distribution = structure(c(`1` = 71L, `2` = 26L, `3` = 26L, 
    `4` = 23L, `5` = 24L, `6` = 21L, `7` = 25L, `8` = 13L, `9` = 14L, 
    `10` = 16L, `11` = 8L, `12` = 11L, `13` = 7L, `14` = 10L, 
    `15` = 6L, `16` = 4L, `17` = 6L, `18` = 7L, `19` = 5L, `20` = 4L, 
    `21` = 1L, `22` = 2L, `23` = 3L, `24` = 1L, `25` = 3L, `26` = 2L, 
    `27` = 3L, `28` = 1L, `30` = 1L, `31` = 1L, `32` = 1L, `33` = 1L, 
    `35` = 1L, `36` = 1L), .Dim = 34L, .Dimnames = list(TagUsage = c("1", 
    "2", "3", "4", "5", "6", "7", "8", "9", "10", "11", "12", 
    "13", "14", "15", "16", "17", "18", "19", "20", "21", "22", 
    "23", "24", "25", "26", "27", "28", "30", "31", "32", "33", 
    "35", "36")), class = "table"), No.Tag = structure(c(0L, 
    0L, 0L, 0L, 0L, 17L, 0L, 1L, 0L, 38L, 0L, 0L, 0L, 3L, 0L, 
    0L), .Dim = c(4L, 4L), .Dimnames = structure(list(c("-1", 
    "0", "1", NA), c("C", "G", "T", NA)), .Names = c("", "")), class = "table"), 
    All.Tags = list(Concordant = list(Freqs = structure(c(0, 
    0, 0, 0, 160, 0, 1, 162, 0), .Dim = c(3L, 3L), .Dimnames = list(
        c("-1", "0", "1"), c("C", "G", "T"))), N = 323), Majority = list(
        Freqs = structure(c(0, 0, 0, 0, 174, 0, 1, 172, 0), .Dim = c(3L, 
        3L), .Dimnames = list(c("-1", "0", "1"), c("C", "G", 
        "T"))), N = 347)), `2` = structure(c(0, 0, 0, 0, 141, 
    0, 1, 135, 0), .Dim = c(3L, 3L), .Dimnames = list(c("-1", 
    "0", "1"), c("C", "G", "T"))))))
