Results <-
list(`bwa.out//20220204//17D0939_S6.sam` = list(GM01_SNP1 = list(
    All = list(Freqs = structure(c(26L, 1829L, 9L, 0L, 26L, 2055L, 
    2L, 3L, 2L, 53L, 0L, 0L), .Dim = 4:3, .Dimnames = structure(list(
        c("-1", "0", "1", NA), c("A", "G", NA)), .Names = c("", 
    "")), class = "table"), N = 4005L), Tag.Distribution = structure(c(`1` = 89L, 
    `2` = 42L, `3` = 46L, `4` = 38L, `5` = 25L, `6` = 21L, `7` = 20L, 
    `8` = 17L, `9` = 15L, `10` = 14L, `11` = 11L, `12` = 15L, 
    `13` = 3L, `14` = 11L, `15` = 8L, `16` = 3L, `17` = 5L, `18` = 4L, 
    `19` = 4L, `20` = 2L, `21` = 3L, `22` = 6L, `23` = 3L, `24` = 5L, 
    `25` = 5L, `26` = 3L, `27` = 1L, `28` = 3L, `29` = 5L, `30` = 4L, 
    `32` = 2L, `33` = 1L, `34` = 2L, `35` = 2L, `36` = 4L, `37` = 2L, 
    `38` = 1L, `41` = 1L, `43` = 1L, `47` = 2L, `53` = 1L), .Dim = 41L, .Dimnames = list(
        TagUsage = c("1", "2", "3", "4", "5", "6", "7", "8", 
        "9", "10", "11", "12", "13", "14", "15", "16", "17", 
        "18", "19", "20", "21", "22", "23", "24", "25", "26", 
        "27", "28", "29", "30", "32", "33", "34", "35", "36", 
        "37", "38", "41", "43", "47", "53")), class = "table"), 
    No.Tag = structure(c(0L, 62L, 0L, 0L, 0L, 51L, 0L, 0L, 0L, 
    7L, 0L, 0L), .Dim = 4:3, .Dimnames = structure(list(c("-1", 
    "0", "1", NA), c("A", "G", NA)), .Names = c("", "")), class = "table"), 
    All.Tags = list(Concordant = list(Freqs = structure(c(0, 
    177, 0, 0, 201, 0), .Dim = 3:2, .Dimnames = list(c("-1", 
    "0", "1"), c("A", "G"))), N = 378), Majority = list(Freqs = structure(c(0, 
    211, 1, 0, 228, 0), .Dim = 3:2, .Dimnames = list(c("-1", 
    "0", "1"), c("A", "G"))), N = 440)), `2` = structure(c(0, 
    173, 1, 0, 180, 0), .Dim = 3:2, .Dimnames = list(c("-1", 
    "0", "1"), c("A", "G"))))))
