Results <-
list(`bwa.out//20220204//17D1520_S5.sam` = list(LR48_SNP1 = list(
    All = list(Freqs = structure(c(2L, 58L, 1791L, 26L, 7L, 11L, 
    89L, 1511L, 20L, 3L, 0L, 0L, 54L, 0L, 0L), .Dim = c(5L, 3L
    ), .Dimnames = structure(list(c("-2", "-1", "0", "1", NA), 
        c("C", "T", NA)), .Names = c("", "")), class = "table"), 
        N = 3572L), Tag.Distribution = structure(c(`1` = 85L, 
    `2` = 40L, `3` = 20L, `4` = 36L, `5` = 23L, `6` = 15L, `7` = 16L, 
    `8` = 14L, `9` = 20L, `10` = 7L, `11` = 12L, `12` = 13L, 
    `13` = 7L, `14` = 10L, `15` = 7L, `16` = 7L, `17` = 9L, `18` = 6L, 
    `19` = 3L, `20` = 4L, `21` = 2L, `22` = 2L, `23` = 2L, `24` = 2L, 
    `26` = 3L, `27` = 2L, `28` = 1L, `30` = 1L, `31` = 1L, `32` = 1L, 
    `33` = 2L, `34` = 2L, `35` = 1L, `36` = 2L, `37` = 1L, `38` = 1L, 
    `39` = 1L, `40` = 1L, `41` = 1L, `42` = 2L, `44` = 1L, `45` = 1L, 
    `47` = 2L, `48` = 1L, `59` = 1L, `72` = 1L), .Dim = 46L, .Dimnames = list(
        TagUsage = c("1", "2", "3", "4", "5", "6", "7", "8", 
        "9", "10", "11", "12", "13", "14", "15", "16", "17", 
        "18", "19", "20", "21", "22", "23", "24", "26", "27", 
        "28", "30", "31", "32", "33", "34", "35", "36", "37", 
        "38", "39", "40", "41", "42", "44", "45", "47", "48", 
        "59", "72")), class = "table"), No.Tag = structure(c(0L, 
    2L, 27L, 1L, 0L, 0L, 2L, 35L, 1L, 0L, 0L, 0L, 7L, 0L, 0L), .Dim = c(5L, 
    3L), .Dimnames = structure(list(c("-2", "-1", "0", "1", NA
    ), c("C", "T", NA)), .Names = c("", "")), class = "table"), 
    All.Tags = list(Concordant = list(Freqs = structure(c(0, 
    2, 145, 0, 0, 5, 126, 0), .Dim = c(4L, 2L), .Dimnames = list(
        c("-2", "-1", "0", "1"), c("C", "T"))), N = 278), Majority = list(
        Freqs = structure(c(0, 3, 197, 0, 0, 6, 178, 0), .Dim = c(4L, 
        2L), .Dimnames = list(c("-2", "-1", "0", "1"), c("C", 
        "T"))), N = 384)), `2` = structure(c(0, 2, 162, 0, 0, 
    2, 136, 0), .Dim = c(4L, 2L), .Dimnames = list(c("-2", "-1", 
    "0", "1"), c("C", "T"))))))
