Results <-
list(`bwa.out//20220204//BlindCMMRD91_S50.sam` = list(GM17_SNP1 = list(
    All = list(Freqs = structure(c(0L, 0L, 0L, 1L, 0L, 0L, 1L, 
    1L, 54L, 4669L, 24L, 7L, 0L, 0L, 0L, 5L, 0L, 0L, 0L, 0L, 
    2L, 36L, 1L, 0L), .Dim = c(6L, 4L), .Dimnames = structure(list(
        c("-3", "-2", "-1", "0", "1", NA), c("A", "C", "T", NA
        )), .Names = c("", "")), class = "table"), N = 4801L), 
    Tag.Distribution = structure(c(`1` = 119L, `2` = 43L, `3` = 45L, 
    `4` = 35L, `5` = 42L, `6` = 36L, `7` = 36L, `8` = 22L, `9` = 16L, 
    `10` = 27L, `11` = 21L, `12` = 13L, `13` = 10L, `14` = 15L, 
    `15` = 14L, `16` = 10L, `17` = 10L, `18` = 4L, `19` = 13L, 
    `20` = 4L, `21` = 7L, `22` = 8L, `23` = 7L, `24` = 3L, `25` = 2L, 
    `26` = 2L, `27` = 4L, `29` = 4L, `30` = 3L, `31` = 2L, `32` = 1L, 
    `33` = 1L, `41` = 1L, `42` = 1L), .Dim = 34L, .Dimnames = list(
        TagUsage = c("1", "2", "3", "4", "5", "6", "7", "8", 
        "9", "10", "11", "12", "13", "14", "15", "16", "17", 
        "18", "19", "20", "21", "22", "23", "24", "25", "26", 
        "27", "29", "30", "31", "32", "33", "41", "42")), class = "table"), 
    No.Tag = structure(c(0L, 0L, 0L, 0L, 0L, 0L, 0L, 0L, 2L, 
    194L, 1L, 3L, 0L, 0L, 0L, 0L, 0L, 0L, 0L, 0L, 0L, 5L, 0L, 
    0L), .Dim = c(6L, 4L), .Dimnames = structure(list(c("-3", 
    "-2", "-1", "0", "1", NA), c("A", "C", "T", NA)), .Names = c("", 
    "")), class = "table"), All.Tags = list(Concordant = list(
        Freqs = structure(c(0, 0, 0, 0, 0, 0, 0, 3, 511, 0, 0, 
        0, 0, 3, 0), .Dim = c(5L, 3L), .Dimnames = list(c("-3", 
        "-2", "-1", "0", "1"), c("A", "C", "T"))), N = 517), 
        Majority = list(Freqs = structure(c(0, 0, 0, 0, 0, 0, 
        0, 3, 563, 1, 0, 0, 0, 3, 0), .Dim = c(5L, 3L), .Dimnames = list(
            c("-3", "-2", "-1", "0", "1"), c("A", "C", "T"))), 
            N = 570)), `2` = structure(c(0, 0, 0, 0, 0, 0, 0, 
    2, 456, 1, 0, 0, 0, 0, 0), .Dim = c(5L, 3L), .Dimnames = list(
        c("-3", "-2", "-1", "0", "1"), c("A", "C", "T"))))))
