Results <-
list(`bwa.out//20220204//BlindCMMRD45_S5.sam` = list(LR24_SNP1 = list(
    All = list(Freqs = structure(c(0L, 0L, 3L, 0L, 0L, 0L, 1L, 
    17L, 4659L, 14L, 1L, 5L, 0L, 1L, 29L, 0L, 0L, 0L), .Dim = c(6L, 
    3L), .Dimnames = structure(list(c("-2", "-1", "0", "1", "2", 
    NA), c("A", "G", NA)), .Names = c("", "")), class = "table"), 
        N = 4730L), Tag.Distribution = structure(c(`1` = 110L, 
    `2` = 41L, `3` = 45L, `4` = 36L, `5` = 29L, `6` = 31L, `7` = 22L, 
    `8` = 25L, `9` = 19L, `10` = 24L, `11` = 13L, `12` = 16L, 
    `13` = 16L, `14` = 16L, `15` = 9L, `16` = 11L, `17` = 6L, 
    `18` = 12L, `19` = 8L, `20` = 3L, `21` = 3L, `22` = 2L, `23` = 9L, 
    `24` = 2L, `25` = 4L, `26` = 2L, `27` = 5L, `28` = 2L, `29` = 3L, 
    `30` = 2L, `31` = 2L, `32` = 1L, `33` = 1L, `35` = 1L, `36` = 1L, 
    `37` = 1L, `38` = 2L, `39` = 1L, `41` = 1L, `53` = 1L, `54` = 2L, 
    `56` = 1L), .Dim = 42L, .Dimnames = list(TagUsage = c("1", 
    "2", "3", "4", "5", "6", "7", "8", "9", "10", "11", "12", 
    "13", "14", "15", "16", "17", "18", "19", "20", "21", "22", 
    "23", "24", "25", "26", "27", "28", "29", "30", "31", "32", 
    "33", "35", "36", "37", "38", "39", "41", "53", "54", "56"
    )), class = "table"), No.Tag = structure(c(0L, 0L, 2L, 0L, 
    0L, 0L, 0L, 0L, 91L, 1L, 0L, 0L, 0L, 0L, 1L, 0L, 0L, 0L), .Dim = c(6L, 
    3L), .Dimnames = structure(list(c("-2", "-1", "0", "1", "2", 
    NA), c("A", "G", NA)), .Names = c("", "")), class = "table"), 
    All.Tags = list(Concordant = list(Freqs = structure(c(0, 
    0, 1, 0, 0, 0, 0, 504, 1, 0), .Dim = c(5L, 2L), .Dimnames = list(
        c("-2", "-1", "0", "1", "2"), c("A", "G"))), N = 506), 
        Majority = list(Freqs = structure(c(0, 0, 1, 0, 0, 0, 
        0, 533, 1, 0), .Dim = c(5L, 2L), .Dimnames = list(c("-2", 
        "-1", "0", "1", "2"), c("A", "G"))), N = 535)), `2` = structure(c(0, 
    0, 0, 0, 0, 0, 0, 431, 0, 0), .Dim = c(5L, 2L), .Dimnames = list(
        c("-2", "-1", "0", "1", "2"), c("A", "G"))))))
