Results <-
list(`bwa.out//20220204//Control14_S7.sam` = list(GM26_SNP1 = list(
    All = list(Freqs = structure(c(19L, 2879L, 5L, 6L, 0L, 2L, 
    0L, 0L, 1L, 23L, 0L, 0L), .Dim = 4:3, .Dimnames = structure(list(
        c("-1", "0", "1", NA), c("A", "G", NA)), .Names = c("", 
    "")), class = "table"), N = 2935L), Tag.Distribution = structure(c(`1` = 98L, 
    `2` = 22L, `3` = 34L, `4` = 14L, `5` = 21L, `6` = 18L, `7` = 18L, 
    `8` = 21L, `9` = 12L, `10` = 11L, `11` = 8L, `12` = 11L, 
    `13` = 13L, `14` = 6L, `15` = 10L, `16` = 4L, `17` = 6L, 
    `18` = 5L, `19` = 5L, `20` = 3L, `21` = 4L, `22` = 2L, `23` = 2L, 
    `24` = 3L, `25` = 1L, `26` = 3L, `27` = 2L, `28` = 2L, `29` = 1L, 
    `30` = 1L, `31` = 1L, `34` = 1L, `35` = 2L, `36` = 2L, `39` = 2L, 
    `44` = 1L), .Dim = 36L, .Dimnames = list(TagUsage = c("1", 
    "2", "3", "4", "5", "6", "7", "8", "9", "10", "11", "12", 
    "13", "14", "15", "16", "17", "18", "19", "20", "21", "22", 
    "23", "24", "25", "26", "27", "28", "29", "30", "31", "34", 
    "35", "36", "39", "44")), class = "table"), No.Tag = structure(c(1L, 
    28L, 0L, 0L, 0L, 0L, 0L, 0L, 0L, 0L, 0L, 0L), .Dim = 4:3, .Dimnames = structure(list(
        c("-1", "0", "1", NA), c("A", "G", NA)), .Names = c("", 
    "")), class = "table"), All.Tags = list(Concordant = list(
        Freqs = structure(c(1, 343, 0, 0, 2, 0), .Dim = 3:2, .Dimnames = list(
            c("-1", "0", "1"), c("A", "G"))), N = 346), Majority = list(
        Freqs = structure(c(1, 361, 0, 0, 2, 0), .Dim = 3:2, .Dimnames = list(
            c("-1", "0", "1"), c("A", "G"))), N = 364)), `2` = structure(c(0, 
    272, 0, 0, 0, 0), .Dim = 3:2, .Dimnames = list(c("-1", "0", 
    "1"), c("A", "G"))))))
