Results <-
list(`bwa.out//20220204//BlindCMMRD70_S29.sam` = list(IM49_SNP1 = list(
    All = list(Freqs = structure(c(1L, 2L, 125L, 3939L, 73L, 
    1L, 39L, 0L, 0L, 0L, 6L, 0L, 0L, 1L, 0L, 0L, 3L, 246L, 3L, 
    0L, 0L), .Dim = c(7L, 3L), .Dimnames = structure(list(c("-3", 
    "-2", "-1", "0", "1", "2", NA), c("C", "G", NA)), .Names = c("", 
    "")), class = "table"), N = 4439L), Tag.Distribution = structure(c(`1` = 230L, 
    `2` = 59L, `3` = 52L, `4` = 49L, `5` = 29L, `6` = 32L, `7` = 32L, 
    `8` = 13L, `9` = 21L, `10` = 9L, `11` = 9L, `12` = 17L, `13` = 9L, 
    `14` = 9L, `15` = 11L, `16` = 8L, `17` = 12L, `18` = 3L, 
    `19` = 6L, `20` = 7L, `21` = 4L, `22` = 3L, `23` = 2L, `24` = 6L, 
    `25` = 4L, `26` = 3L, `27` = 2L, `28` = 2L, `29` = 4L, `30` = 1L, 
    `31` = 3L, `32` = 1L, `33` = 3L, `34` = 1L, `37` = 3L, `38` = 1L, 
    `39` = 2L, `43` = 2L), .Dim = 38L, .Dimnames = list(TagUsage = c("1", 
    "2", "3", "4", "5", "6", "7", "8", "9", "10", "11", "12", 
    "13", "14", "15", "16", "17", "18", "19", "20", "21", "22", 
    "23", "24", "25", "26", "27", "28", "29", "30", "31", "32", 
    "33", "34", "37", "38", "39", "43")), class = "table"), No.Tag = structure(c(0L, 
    0L, 3L, 83L, 3L, 0L, 0L, 0L, 0L, 0L, 0L, 0L, 0L, 0L, 0L, 
    0L, 0L, 9L, 1L, 0L, 0L), .Dim = c(7L, 3L), .Dimnames = structure(list(
        c("-3", "-2", "-1", "0", "1", "2", NA), c("C", "G", NA
        )), .Names = c("", "")), class = "table"), All.Tags = list(
        Concordant = list(Freqs = structure(c(0, 1, 5, 457, 3, 
        0, 0, 0, 0, 4, 0, 0), .Dim = c(6L, 2L), .Dimnames = list(
            c("-3", "-2", "-1", "0", "1", "2"), c("C", "G"))), 
            N = 470), Majority = list(Freqs = structure(c(0, 
        1, 6, 569, 3, 0, 0, 0, 0, 4, 0, 0), .Dim = c(6L, 2L), .Dimnames = list(
            c("-3", "-2", "-1", "0", "1", "2"), c("C", "G"))), 
            N = 583)), `2` = structure(c(0, 0, 5, 422, 0, 0, 
    0, 0, 0, 0, 0, 0), .Dim = c(6L, 2L), .Dimnames = list(c("-3", 
    "-2", "-1", "0", "1", "2"), c("C", "G"))))))
