Results <-
list(`bwa.out//20220204//BlindCMMRD64_S23.sam` = list(GM07_SNP1 = list(
    All = list(Freqs = structure(c(0L, 1L, 4L, 0L, 0L, 0L, 5L, 
    233L, 4021L, 100L, 4L, 62L, 0L, 3L, 69L, 1L, 0L, 0L), .Dim = c(6L, 
    3L), .Dimnames = structure(list(c("-2", "-1", "0", "1", "2", 
    NA), c("A", "G", NA)), .Names = c("", "")), class = "table"), 
        N = 4503L), Tag.Distribution = structure(c(`1` = 117L, 
    `2` = 69L, `3` = 50L, `4` = 49L, `5` = 46L, `6` = 29L, `7` = 32L, 
    `8` = 29L, `9` = 25L, `10` = 22L, `11` = 14L, `12` = 14L, 
    `13` = 15L, `14` = 18L, `15` = 9L, `16` = 8L, `17` = 8L, 
    `18` = 9L, `19` = 9L, `20` = 6L, `21` = 3L, `22` = 4L, `23` = 3L, 
    `24` = 3L, `25` = 3L, `26` = 2L, `28` = 1L, `30` = 2L, `31` = 2L, 
    `34` = 2L, `37` = 1L, `42` = 1L), .Dim = 32L, .Dimnames = list(
        TagUsage = c("1", "2", "3", "4", "5", "6", "7", "8", 
        "9", "10", "11", "12", "13", "14", "15", "16", "17", 
        "18", "19", "20", "21", "22", "23", "24", "25", "26", 
        "28", "30", "31", "34", "37", "42")), class = "table"), 
    No.Tag = structure(c(0L, 0L, 1L, 0L, 0L, 0L, 0L, 10L, 219L, 
    5L, 0L, 14L, 0L, 0L, 11L, 0L, 0L, 0L), .Dim = c(6L, 3L), .Dimnames = structure(list(
        c("-2", "-1", "0", "1", "2", NA), c("A", "G", NA)), .Names = c("", 
    "")), class = "table"), All.Tags = list(Concordant = list(
        Freqs = structure(c(0, 1, 3, 0, 0, 0, 10, 404, 3, 0), .Dim = c(5L, 
        2L), .Dimnames = list(c("-2", "-1", "0", "1", "2"), c("A", 
        "G"))), N = 421), Majority = list(Freqs = structure(c(0, 
    1, 3, 0, 0, 0, 12, 568, 3, 0), .Dim = c(5L, 2L), .Dimnames = list(
        c("-2", "-1", "0", "1", "2"), c("A", "G"))), N = 587)), 
    `2` = structure(c(0, 0, 0, 0, 0, 0, 6, 471, 0, 0), .Dim = c(5L, 
    2L), .Dimnames = list(c("-2", "-1", "0", "1", "2"), c("A", 
    "G"))))))
