Results <-
list(`bwa.out//20220204//17D1097_S1.sam` = list(IM49_SNP1 = list(
    All = list(Freqs = structure(c(0L, 0L, 2L, 0L, 0L, 0L, 3L, 
    128L, 2348L, 59L, 4L, 13L, 0L, 0L, 1L, 0L, 0L, 0L, 0L, 11L, 
    219L, 6L, 0L, 0L), .Dim = c(6L, 4L), .Dimnames = structure(list(
        c("-2", "-1", "0", "1", "2", NA), c("C", "G", "T", NA
        )), .Names = c("", "")), class = "table"), N = 2794L), 
    Tag.Distribution = structure(c(`1` = 327L, `2` = 184L, `3` = 117L, 
    `4` = 84L, `5` = 58L, `6` = 35L, `7` = 25L, `8` = 22L, `9` = 18L, 
    `10` = 8L, `11` = 3L, `12` = 8L, `13` = 4L, `14` = 1L, `15` = 1L, 
    `16` = 1L, `18` = 1L), .Dim = 17L, .Dimnames = list(TagUsage = c("1", 
    "2", "3", "4", "5", "6", "7", "8", "9", "10", "11", "12", 
    "13", "14", "15", "16", "18")), class = "table"), No.Tag = structure(c(0L, 
    0L, 0L, 0L, 0L, 0L, 0L, 2L, 59L, 1L, 1L, 1L, 0L, 0L, 0L, 
    0L, 0L, 0L, 0L, 0L, 11L, 0L, 0L, 0L), .Dim = c(6L, 4L), .Dimnames = structure(list(
        c("-2", "-1", "0", "1", "2", NA), c("C", "G", "T", NA
        )), .Names = c("", "")), class = "table"), All.Tags = list(
        Concordant = list(Freqs = structure(c(0, 0, 2, 0, 0, 
        0, 24, 701, 7, 1, 0, 0, 0, 0, 0), .Dim = c(5L, 3L), .Dimnames = list(
            c("-2", "-1", "0", "1", "2"), c("C", "G", "T"))), 
            N = 735), Majority = list(Freqs = structure(c(0, 
        0, 2, 0, 0, 0, 29, 783, 9, 1, 0, 0, 0, 0, 0), .Dim = c(5L, 
        3L), .Dimnames = list(c("-2", "-1", "0", "1", "2"), c("C", 
        "G", "T"))), N = 824)), `2` = structure(c(0, 0, 0, 0, 
    0, 0, 13, 535, 2, 0, 0, 0, 0, 0, 0), .Dim = c(5L, 3L), .Dimnames = list(
        c("-2", "-1", "0", "1", "2"), c("C", "G", "T"))))))
