Results <-
list(`bwa.out//20220204//BlindCMMRD109_S35.sam` = list(GM11_SNP1 = list(
    All = list(Freqs = structure(c(25L, 3767L, 6L, 6L, 37L, 4425L, 
    28L, 12L, 0L, 1L, 0L, 0L, 0L, 37L, 0L, 0L), .Dim = c(4L, 
    4L), .Dimnames = structure(list(c("-1", "0", "1", NA), c("A", 
    "G", "T", NA)), .Names = c("", "")), class = "table"), N = 8344L), 
    Tag.Distribution = structure(c(`1` = 255L, `2` = 198L, `3` = 219L, 
    `4` = 161L, `5` = 122L, `6` = 107L, `7` = 99L, `8` = 71L, 
    `9` = 50L, `10` = 53L, `11` = 36L, `12` = 29L, `13` = 25L, 
    `14` = 21L, `15` = 14L, `16` = 14L, `17` = 10L, `18` = 3L, 
    `19` = 6L, `20` = 5L, `21` = 3L, `22` = 1L, `23` = 2L, `24` = 1L, 
    `26` = 2L, `27` = 2L, `31` = 2L, `32` = 1L, `33` = 2L, `38` = 1L, 
    `39` = 1L, `40` = 1L, `45` = 1L), .Dim = 33L, .Dimnames = list(
        TagUsage = c("1", "2", "3", "4", "5", "6", "7", "8", 
        "9", "10", "11", "12", "13", "14", "15", "16", "17", 
        "18", "19", "20", "21", "22", "23", "24", "26", "27", 
        "31", "32", "33", "38", "39", "40", "45")), class = "table"), 
    No.Tag = structure(c(0L, 31L, 0L, 0L, 0L, 47L, 0L, 1L, 0L, 
    0L, 0L, 0L, 0L, 2L, 0L, 0L), .Dim = c(4L, 4L), .Dimnames = structure(list(
        c("-1", "0", "1", NA), c("A", "G", "T", NA)), .Names = c("", 
    "")), class = "table"), All.Tags = list(Concordant = list(
        Freqs = structure(c(2, 569, 0, 4, 607, 1, 0, 0, 0), .Dim = c(3L, 
        3L), .Dimnames = list(c("-1", "0", "1"), c("A", "G", 
        "T"))), N = 1183), Majority = list(Freqs = structure(c(2, 
    715, 0, 4, 766, 2, 0, 0, 0), .Dim = c(3L, 3L), .Dimnames = list(
        c("-1", "0", "1"), c("A", "G", "T"))), N = 1489)), `2` = structure(c(1, 
    587, 0, 0, 650, 1, 0, 0, 0), .Dim = c(3L, 3L), .Dimnames = list(
        c("-1", "0", "1"), c("A", "G", "T"))))))
