Results <-
list(`bwa.out//20220204//BlindCMMRD42_S2.sam` = list(GM29_SNP1 = list(
    All = list(Freqs = structure(c(0L, 26L, 1925L, 8L, 0L, 1L, 
    1L, 28L, 2068L, 8L, 1L, 3L, 0L, 3L, 36L, 0L, 0L, 0L), .Dim = c(6L, 
    3L), .Dimnames = structure(list(c("-2", "-1", "0", "1", "2", 
    NA), c("A", "G", NA)), .Names = c("", "")), class = "table"), 
        N = 4108L), Tag.Distribution = structure(c(`1` = 41L, 
    `2` = 17L, `3` = 13L, `4` = 15L, `5` = 12L, `6` = 14L, `7` = 11L, 
    `8` = 13L, `9` = 6L, `10` = 7L, `11` = 11L, `12` = 3L, `13` = 11L, 
    `14` = 7L, `15` = 9L, `16` = 4L, `17` = 3L, `18` = 7L, `19` = 5L, 
    `20` = 8L, `21` = 1L, `22` = 5L, `23` = 8L, `24` = 5L, `25` = 1L, 
    `26` = 1L, `27` = 1L, `28` = 2L, `29` = 4L, `30` = 3L, `31` = 3L, 
    `32` = 1L, `33` = 1L, `35` = 2L, `36` = 3L, `37` = 3L, `39` = 3L, 
    `42` = 1L, `43` = 3L, `44` = 1L, `47` = 1L, `48` = 1L, `51` = 2L, 
    `52` = 2L, `53` = 1L, `54` = 2L, `63` = 1L, `65` = 1L, `72` = 1L, 
    `135` = 1L), .Dim = 50L, .Dimnames = list(TagUsage = c("1", 
    "2", "3", "4", "5", "6", "7", "8", "9", "10", "11", "12", 
    "13", "14", "15", "16", "17", "18", "19", "20", "21", "22", 
    "23", "24", "25", "26", "27", "28", "29", "30", "31", "32", 
    "33", "35", "36", "37", "39", "42", "43", "44", "47", "48", 
    "51", "52", "53", "54", "63", "65", "72", "135")), class = "table"), 
    No.Tag = structure(c(0L, 1L, 44L, 0L, 0L, 0L, 0L, 1L, 59L, 
    0L, 0L, 0L, 0L, 0L, 0L, 0L, 0L, 0L), .Dim = c(6L, 3L), .Dimnames = structure(list(
        c("-2", "-1", "0", "1", "2", NA), c("A", "G", NA)), .Names = c("", 
    "")), class = "table"), All.Tags = list(Concordant = list(
        Freqs = structure(c(0, 1, 103, 1, 0, 0, 1, 113, 0, 0), .Dim = c(5L, 
        2L), .Dimnames = list(c("-2", "-1", "0", "1", "2"), c("A", 
        "G"))), N = 219), Majority = list(Freqs = structure(c(0, 
    1, 133, 1, 0, 0, 1, 145, 0, 0), .Dim = c(5L, 2L), .Dimnames = list(
        c("-2", "-1", "0", "1", "2"), c("A", "G"))), N = 281)), 
    `2` = structure(c(0, 0, 115, 1, 0, 0, 0, 125, 0, 0), .Dim = c(5L, 
    2L), .Dimnames = list(c("-2", "-1", "0", "1", "2"), c("A", 
    "G"))))))
