Results <-
list(`bwa.out//20220204//MLPA79_S11.sam` = list(LR10_SNP1 = list(
    All = list(Freqs = structure(c(0L, 14L, 0L, 0L, 19L, 1273L, 
    16L, 5L, 27L, 1614L, 5L, 0L, 0L, 38L, 1L, 0L), .Dim = c(4L, 
    4L), .Dimnames = structure(list(c("-1", "0", "1", NA), c("A", 
    "C", "T", NA)), .Names = c("", "")), class = "table"), N = 3012L), 
    Tag.Distribution = structure(c(`1` = 129L, `2` = 54L, `3` = 52L, 
    `4` = 38L, `5` = 44L, `6` = 21L, `7` = 29L, `8` = 28L, `9` = 15L, 
    `10` = 20L, `11` = 6L, `12` = 13L, `13` = 10L, `14` = 7L, 
    `15` = 9L, `16` = 4L, `17` = 6L, `18` = 7L, `19` = 2L, `20` = 2L, 
    `21` = 6L, `22` = 1L, `23` = 2L, `25` = 1L, `27` = 1L, `28` = 1L, 
    `37` = 1L), .Dim = 27L, .Dimnames = list(TagUsage = c("1", 
    "2", "3", "4", "5", "6", "7", "8", "9", "10", "11", "12", 
    "13", "14", "15", "16", "17", "18", "19", "20", "21", "22", 
    "23", "25", "27", "28", "37")), class = "table"), No.Tag = structure(c(0L, 
    1L, 0L, 0L, 0L, 37L, 0L, 1L, 1L, 52L, 0L, 0L, 0L, 1L, 0L, 
    0L), .Dim = c(4L, 4L), .Dimnames = structure(list(c("-1", 
    "0", "1", NA), c("A", "C", "T", NA)), .Names = c("", "")), class = "table"), 
    All.Tags = list(Concordant = list(Freqs = structure(c(0, 
    2, 0, 0, 193, 0, 1, 240, 0), .Dim = c(3L, 3L), .Dimnames = list(
        c("-1", "0", "1"), c("A", "C", "T"))), N = 436), Majority = list(
        Freqs = structure(c(0, 2, 0, 0, 229, 0, 1, 270, 0), .Dim = c(3L, 
        3L), .Dimnames = list(c("-1", "0", "1"), c("A", "C", 
        "T"))), N = 502)), `2` = structure(c(0, 1, 0, 0, 174, 
    0, 0, 202, 0), .Dim = c(3L, 3L), .Dimnames = list(c("-1", 
    "0", "1"), c("A", "C", "T"))))))
