Results <-
list(`bwa.out//20220204//BlindCMMRD127_S53.sam` = list(LR11_SNP1 = list(
    All = list(Freqs = structure(c(0L, 0L, 5L, 0L, 0L, 4L, 117L, 
    5034L, 29L, 31L, 0L, 0L, 2L, 0L, 0L, 0L, 2L, 19L, 1L, 0L), .Dim = 5:4, .Dimnames = structure(list(
        c("-2", "-1", "0", "1", NA), c("A", "C", "T", NA)), .Names = c("", 
    "")), class = "table"), N = 5244L), Tag.Distribution = structure(c(`1` = 162L, 
    `2` = 125L, `3` = 101L, `4` = 108L, `5` = 85L, `6` = 69L, 
    `7` = 64L, `8` = 48L, `9` = 40L, `10` = 29L, `11` = 26L, 
    `12` = 25L, `13` = 11L, `14` = 19L, `15` = 11L, `16` = 5L, 
    `17` = 3L, `18` = 4L, `19` = 1L, `20` = 3L, `21` = 4L, `22` = 3L, 
    `23` = 2L, `24` = 1L, `27` = 1L, `30` = 1L), .Dim = 26L, .Dimnames = list(
        TagUsage = c("1", "2", "3", "4", "5", "6", "7", "8", 
        "9", "10", "11", "12", "13", "14", "15", "16", "17", 
        "18", "19", "20", "21", "22", "23", "24", "27", "30")), class = "table"), 
    No.Tag = structure(c(0L, 0L, 1L, 0L, 0L, 0L, 1L, 54L, 0L, 
    1L, 0L, 0L, 0L, 0L, 0L, 0L, 0L, 0L, 0L, 0L), .Dim = 5:4, .Dimnames = structure(list(
        c("-2", "-1", "0", "1", NA), c("A", "C", "T", NA)), .Names = c("", 
    "")), class = "table"), All.Tags = list(Concordant = list(
        Freqs = structure(c(0, 0, 3, 0, 0, 4, 820, 1, 0, 0, 0, 
        0), .Dim = 4:3, .Dimnames = list(c("-2", "-1", "0", "1"
        ), c("A", "C", "T"))), N = 828), Majority = list(Freqs = structure(c(0, 
    0, 3, 0, 0, 5, 928, 1, 0, 0, 0, 0), .Dim = 4:3, .Dimnames = list(
        c("-2", "-1", "0", "1"), c("A", "C", "T"))), N = 937)), 
    `2` = structure(c(0, 0, 0, 0, 0, 2, 776, 1, 0, 0, 0, 0), .Dim = 4:3, .Dimnames = list(
        c("-2", "-1", "0", "1"), c("A", "C", "T"))))))
