Results <-
list(`bwa.out//20220204//BlindCMMRD95_S54.sam` = list(GM14_SNP1 = list(
    All = list(Freqs = structure(c(0L, 0L, 5L, 0L, 0L, 1L, 74L, 
    2938L, 16L, 4L, 0L, 0L, 36L, 0L, 0L), .Dim = c(5L, 3L), .Dimnames = structure(list(
        c("-2", "-1", "0", "1", NA), c("C", "T", NA)), .Names = c("", 
    "")), class = "table"), N = 3074L), Tag.Distribution = structure(c(`1` = 76L, 
    `2` = 24L, `3` = 19L, `4` = 14L, `5` = 13L, `6` = 14L, `7` = 10L, 
    `8` = 15L, `9` = 10L, `10` = 12L, `11` = 7L, `12` = 12L, 
    `13` = 7L, `14` = 9L, `15` = 7L, `16` = 6L, `17` = 5L, `18` = 4L, 
    `19` = 4L, `20` = 3L, `21` = 4L, `22` = 6L, `23` = 3L, `24` = 1L, 
    `25` = 3L, `27` = 5L, `28` = 3L, `29` = 5L, `30` = 2L, `31` = 4L, 
    `32` = 5L, `34` = 1L, `35` = 1L, `39` = 1L, `50` = 1L), .Dim = 35L, .Dimnames = list(
        TagUsage = c("1", "2", "3", "4", "5", "6", "7", "8", 
        "9", "10", "11", "12", "13", "14", "15", "16", "17", 
        "18", "19", "20", "21", "22", "23", "24", "25", "27", 
        "28", "29", "30", "31", "32", "34", "35", "39", "50")), class = "table"), 
    No.Tag = structure(c(0L, 0L, 0L, 0L, 0L, 0L, 0L, 102L, 1L, 
    0L, 0L, 0L, 3L, 0L, 0L), .Dim = c(5L, 3L), .Dimnames = structure(list(
        c("-2", "-1", "0", "1", NA), c("C", "T", NA)), .Names = c("", 
    "")), class = "table"), All.Tags = list(Concordant = list(
        Freqs = structure(c(0, 0, 4, 0, 0, 1, 231, 0), .Dim = c(4L, 
        2L), .Dimnames = list(c("-2", "-1", "0", "1"), c("C", 
        "T"))), N = 236), Majority = list(Freqs = structure(c(0, 
    0, 4, 0, 0, 1, 303, 0), .Dim = c(4L, 2L), .Dimnames = list(
        c("-2", "-1", "0", "1"), c("C", "T"))), N = 308)), `2` = structure(c(0, 
    0, 0, 0, 0, 0, 239, 0), .Dim = c(4L, 2L), .Dimnames = list(
        c("-2", "-1", "0", "1"), c("C", "T"))))))
