Results <-
list(`bwa.out//20220204//MLPA03_S10.sam` = list(GM14_SNP1 = list(
    All = list(Freqs = structure(c(1L, 35L, 1226L, 7L, 1L, 6L, 
    0L, 29L, 1225L, 4L, 0L, 1L, 0L, 0L, 56L, 1L, 0L, 0L), .Dim = c(6L, 
    3L), .Dimnames = structure(list(c("-2", "-1", "0", "1", "2", 
    NA), c("C", "T", NA)), .Names = c("", "")), class = "table"), 
        N = 2592L), Tag.Distribution = structure(c(`1` = 72L, 
    `2` = 30L, `3` = 29L, `4` = 16L, `5` = 11L, `6` = 13L, `7` = 10L, 
    `8` = 10L, `9` = 11L, `10` = 12L, `11` = 5L, `12` = 5L, `13` = 5L, 
    `14` = 8L, `15` = 7L, `16` = 4L, `17` = 6L, `18` = 5L, `19` = 2L, 
    `20` = 1L, `21` = 8L, `22` = 3L, `23` = 1L, `25` = 1L, `26` = 1L, 
    `27` = 1L, `28` = 6L, `29` = 1L, `30` = 2L, `31` = 1L, `32` = 1L, 
    `33` = 1L, `34` = 1L, `35` = 1L, `36` = 1L, `41` = 1L, `42` = 1L, 
    `49` = 1L, `52` = 1L, `73` = 1L), .Dim = 40L, .Dimnames = list(
        TagUsage = c("1", "2", "3", "4", "5", "6", "7", "8", 
        "9", "10", "11", "12", "13", "14", "15", "16", "17", 
        "18", "19", "20", "21", "22", "23", "25", "26", "27", 
        "28", "29", "30", "31", "32", "33", "34", "35", "36", 
        "41", "42", "49", "52", "73")), class = "table"), No.Tag = structure(c(0L, 
    1L, 21L, 0L, 0L, 0L, 0L, 1L, 21L, 0L, 0L, 1L, 0L, 0L, 1L, 
    0L, 0L, 0L), .Dim = c(6L, 3L), .Dimnames = structure(list(
        c("-2", "-1", "0", "1", "2", NA), c("C", "T", NA)), .Names = c("", 
    "")), class = "table"), All.Tags = list(Concordant = list(
        Freqs = structure(c(0, 0, 107, 0, 0, 0, 1, 122, 0, 0), .Dim = c(5L, 
        2L), .Dimnames = list(c("-2", "-1", "0", "1", "2"), c("C", 
        "T"))), N = 230), Majority = list(Freqs = structure(c(0, 
    0, 142, 0, 0, 0, 1, 148, 0, 0), .Dim = c(5L, 2L), .Dimnames = list(
        c("-2", "-1", "0", "1", "2"), c("C", "T"))), N = 291)), 
    `2` = structure(c(0, 0, 111, 0, 0, 0, 0, 112, 0, 0), .Dim = c(5L, 
    2L), .Dimnames = list(c("-2", "-1", "0", "1", "2"), c("C", 
    "T"))))))
