Results <-
list(`bwa.out//20220204//BlindCMMRD46_S6.sam` = list(GM26_SNP1 = list(
    All = list(Freqs = structure(c(10L, 1982L, 6L, 4L, 14L, 1598L, 
    3L, 1L, 0L, 1L, 0L, 0L, 1L, 29L, 0L, 0L), .Dim = c(4L, 4L
    ), .Dimnames = structure(list(c("-1", "0", "1", NA), c("A", 
    "G", "T", NA)), .Names = c("", "")), class = "table"), N = 3649L), 
    Tag.Distribution = structure(c(`1` = 85L, `2` = 23L, `3` = 17L, 
    `4` = 19L, `5` = 15L, `6` = 11L, `7` = 15L, `8` = 8L, `9` = 12L, 
    `10` = 13L, `11` = 6L, `12` = 15L, `13` = 10L, `14` = 5L, 
    `15` = 9L, `16` = 7L, `17` = 9L, `18` = 10L, `19` = 3L, `20` = 8L, 
    `21` = 1L, `22` = 7L, `23` = 5L, `25` = 7L, `26` = 4L, `27` = 3L, 
    `29` = 3L, `30` = 3L, `31` = 2L, `33` = 2L, `34` = 2L, `35` = 3L, 
    `37` = 2L, `39` = 2L, `44` = 1L, `46` = 1L, `49` = 1L, `53` = 1L, 
    `55` = 1L), .Dim = 39L, .Dimnames = list(TagUsage = c("1", 
    "2", "3", "4", "5", "6", "7", "8", "9", "10", "11", "12", 
    "13", "14", "15", "16", "17", "18", "19", "20", "21", "22", 
    "23", "25", "26", "27", "29", "30", "31", "33", "34", "35", 
    "37", "39", "44", "46", "49", "53", "55")), class = "table"), 
    No.Tag = structure(c(0L, 27L, 0L, 1L, 0L, 42L, 0L, 0L, 0L, 
    0L, 0L, 0L, 0L, 3L, 0L, 0L), .Dim = c(4L, 4L), .Dimnames = structure(list(
        c("-1", "0", "1", NA), c("A", "G", "T", NA)), .Names = c("", 
    "")), class = "table"), All.Tags = list(Concordant = list(
        Freqs = structure(c(1, 167, 0, 0, 135, 0, 0, 0, 0), .Dim = c(3L, 
        3L), .Dimnames = list(c("-1", "0", "1"), c("A", "G", 
        "T"))), N = 303), Majority = list(Freqs = structure(c(1, 
    186, 0, 0, 158, 0, 0, 0, 0), .Dim = c(3L, 3L), .Dimnames = list(
        c("-1", "0", "1"), c("A", "G", "T"))), N = 345)), `2` = structure(c(0, 
    136, 0, 0, 127, 0, 0, 0, 0), .Dim = c(3L, 3L), .Dimnames = list(
        c("-1", "0", "1"), c("A", "G", "T"))))))
