Results <-
list(`bwa.out//20220204//BlindCMMRD51_S11.sam` = list(LR48_SNP1 = list(
    All = list(Freqs = structure(c(2L, 91L, 4068L, 52L, 1L, 22L, 
    0L, 0L, 2L, 0L, 0L, 0L, 0L, 1L, 67L, 1L, 0L, 0L), .Dim = c(6L, 
    3L), .Dimnames = structure(list(c("-2", "-1", "0", "1", "2", 
    NA), c("C", "T", NA)), .Names = c("", "")), class = "table"), 
        N = 4307L), Tag.Distribution = structure(c(`1` = 57L, 
    `2` = 21L, `3` = 13L, `4` = 10L, `5` = 10L, `6` = 8L, `7` = 15L, 
    `8` = 8L, `9` = 4L, `10` = 9L, `11` = 6L, `12` = 13L, `13` = 6L, 
    `14` = 2L, `15` = 7L, `16` = 4L, `17` = 1L, `18` = 7L, `19` = 3L, 
    `20` = 5L, `21` = 6L, `22` = 2L, `23` = 3L, `24` = 4L, `25` = 3L, 
    `26` = 4L, `27` = 2L, `28` = 4L, `29` = 1L, `30` = 3L, `32` = 2L, 
    `33` = 1L, `34` = 1L, `35` = 1L, `38` = 1L, `39` = 2L, `40` = 3L, 
    `42` = 3L, `43` = 3L, `44` = 3L, `45` = 1L, `46` = 2L, `47` = 1L, 
    `48` = 1L, `51` = 3L, `52` = 1L, `53` = 3L, `54` = 3L, `55` = 3L, 
    `57` = 1L, `59` = 1L, `60` = 1L, `64` = 1L), .Dim = 53L, .Dimnames = list(
        TagUsage = c("1", "2", "3", "4", "5", "6", "7", "8", 
        "9", "10", "11", "12", "13", "14", "15", "16", "17", 
        "18", "19", "20", "21", "22", "23", "24", "25", "26", 
        "27", "28", "29", "30", "32", "33", "34", "35", "38", 
        "39", "40", "42", "43", "44", "45", "46", "47", "48", 
        "51", "52", "53", "54", "55", "57", "59", "60", "64")), class = "table"), 
    No.Tag = structure(c(0L, 5L, 171L, 4L, 0L, 1L, 0L, 0L, 0L, 
    0L, 0L, 0L, 0L, 0L, 7L, 0L, 0L, 0L), .Dim = c(6L, 3L), .Dimnames = structure(list(
        c("-2", "-1", "0", "1", "2", NA), c("C", "T", NA)), .Names = c("", 
    "")), class = "table"), All.Tags = list(Concordant = list(
        Freqs = structure(c(0, 4, 196, 0, 0, 0, 0, 0, 0, 0), .Dim = c(5L, 
        2L), .Dimnames = list(c("-2", "-1", "0", "1", "2"), c("C", 
        "T"))), N = 200), Majority = list(Freqs = structure(c(0, 
    4, 275, 0, 0, 0, 0, 0, 0, 0), .Dim = c(5L, 2L), .Dimnames = list(
        c("-2", "-1", "0", "1", "2"), c("C", "T"))), N = 279)), 
    `2` = structure(c(0, 1, 223, 0, 0, 0, 0, 0, 0, 0), .Dim = c(5L, 
    2L), .Dimnames = list(c("-2", "-1", "0", "1", "2"), c("C", 
    "T"))))))
