Results <-
list(`bwa.out//20220204//BlindCMMRD76_S35.sam` = list(GM22_SNP1 = list(
    All = list(Freqs = structure(c(0L, 0L, 0L, 1L, 0L, 0L, 1L, 
    34L, 125L, 6743L, 29L, 15L, 0L, 0L, 0L, 2L, 0L, 1L, 0L, 0L, 
    2L, 77L, 1L, 0L), .Dim = c(6L, 4L), .Dimnames = structure(list(
        c("-3", "-2", "-1", "0", "1", NA), c("-", "A", "G", NA
        )), .Names = c("", "")), class = "table"), N = 7031L), 
    Tag.Distribution = structure(c(`1` = 122L, `2` = 32L, `3` = 32L, 
    `4` = 37L, `5` = 33L, `6` = 24L, `7` = 31L, `8` = 27L, `9` = 28L, 
    `10` = 24L, `11` = 25L, `12` = 24L, `13` = 13L, `14` = 17L, 
    `15` = 15L, `16` = 22L, `17` = 15L, `18` = 14L, `19` = 14L, 
    `20` = 11L, `21` = 11L, `22` = 9L, `23` = 10L, `24` = 10L, 
    `25` = 9L, `26` = 7L, `27` = 4L, `28` = 6L, `29` = 1L, `30` = 2L, 
    `31` = 6L, `32` = 3L, `33` = 3L, `34` = 2L, `35` = 1L, `36` = 2L, 
    `38` = 2L, `39` = 1L, `43` = 1L, `45` = 2L, `46` = 1L, `49` = 1L, 
    `51` = 1L, `52` = 1L, `74` = 1L), .Dim = 45L, .Dimnames = list(
        TagUsage = c("1", "2", "3", "4", "5", "6", "7", "8", 
        "9", "10", "11", "12", "13", "14", "15", "16", "17", 
        "18", "19", "20", "21", "22", "23", "24", "25", "26", 
        "27", "28", "29", "30", "31", "32", "33", "34", "35", 
        "36", "38", "39", "43", "45", "46", "49", "51", "52", 
        "74")), class = "table"), No.Tag = structure(c(0L, 0L, 
    0L, 0L, 0L, 0L, 0L, 0L, 0L, 68L, 0L, 1L, 0L, 0L, 0L, 1L, 
    0L, 1L, 0L, 0L, 0L, 9L, 0L, 0L), .Dim = c(6L, 4L), .Dimnames = structure(list(
        c("-3", "-2", "-1", "0", "1", NA), c("-", "A", "G", NA
        )), .Names = c("", "")), class = "table"), All.Tags = list(
        Concordant = list(Freqs = structure(c(0, 0, 0, 0, 0, 
        0, 0, 4, 531, 0, 0, 0, 0, 1, 0), .Dim = c(5L, 3L), .Dimnames = list(
            c("-3", "-2", "-1", "0", "1"), c("-", "A", "G"))), 
            N = 536), Majority = list(Freqs = structure(c(0, 
        0, 0, 0, 0, 0, 1, 4, 639, 0, 0, 0, 0, 1, 0), .Dim = c(5L, 
        3L), .Dimnames = list(c("-3", "-2", "-1", "0", "1"), 
            c("-", "A", "G"))), N = 645)), `2` = structure(c(0, 
    0, 0, 0, 0, 0, 1, 2, 531, 0, 0, 0, 0, 0, 0), .Dim = c(5L, 
    3L), .Dimnames = list(c("-3", "-2", "-1", "0", "1"), c("-", 
    "A", "G"))))))
