Results <-
list(`bwa.out//20220204//Control17_S10.sam` = list(GM22_SNP1 = list(
    All = list(Freqs = structure(c(0L, 2L, 0L, 0L, 37L, 3139L, 
    8L, 14L, 0L, 1L, 0L, 0L, 1L, 62L, 0L, 0L), .Dim = c(4L, 4L
    ), .Dimnames = structure(list(c("-1", "0", "1", NA), c("A", 
    "G", "T", NA)), .Names = c("", "")), class = "table"), N = 3264L), 
    Tag.Distribution = structure(c(`1` = 166L, `2` = 45L, `3` = 36L, 
    `4` = 31L, `5` = 29L, `6` = 33L, `7` = 26L, `8` = 13L, `9` = 17L, 
    `10` = 12L, `11` = 16L, `12` = 14L, `13` = 8L, `14` = 4L, 
    `15` = 9L, `16` = 8L, `17` = 3L, `18` = 6L, `19` = 6L, `20` = 7L, 
    `21` = 6L, `22` = 2L, `23` = 2L, `24` = 2L, `25` = 2L, `26` = 4L, 
    `27` = 2L, `28` = 2L, `30` = 1L, `31` = 1L, `36` = 1L), .Dim = 31L, .Dimnames = list(
        TagUsage = c("1", "2", "3", "4", "5", "6", "7", "8", 
        "9", "10", "11", "12", "13", "14", "15", "16", "17", 
        "18", "19", "20", "21", "22", "23", "24", "25", "26", 
        "27", "28", "30", "31", "36")), class = "table"), No.Tag = structure(c(0L, 
    0L, 0L, 0L, 1L, 59L, 1L, 1L, 0L, 0L, 0L, 0L, 0L, 7L, 0L, 
    0L), .Dim = c(4L, 4L), .Dimnames = structure(list(c("-1", 
    "0", "1", NA), c("A", "G", "T", NA)), .Names = c("", "")), class = "table"), 
    All.Tags = list(Concordant = list(Freqs = structure(c(0, 
    2, 0, 4, 459, 1, 0, 1, 0), .Dim = c(3L, 3L), .Dimnames = list(
        c("-1", "0", "1"), c("A", "G", "T"))), N = 467), Majority = list(
        Freqs = structure(c(0, 2, 0, 4, 492, 1, 0, 1, 0), .Dim = c(3L, 
        3L), .Dimnames = list(c("-1", "0", "1"), c("A", "G", 
        "T"))), N = 500)), `2` = structure(c(0, 0, 0, 0, 348, 
    0, 0, 0, 0), .Dim = c(3L, 3L), .Dimnames = list(c("-1", "0", 
    "1"), c("A", "G", "T"))))))
