Results <-
list(`bwa.out//20220204//BlindCMMRD60_S19.sam` = list(LR24_SNP1 = list(
    All = list(Freqs = structure(c(0L, 9L, 0L, 0L, 16L, 3531L, 
    5L, 3L, 0L, 18L, 0L, 0L), .Dim = 4:3, .Dimnames = structure(list(
        c("-1", "0", "1", NA), c("A", "G", NA)), .Names = c("", 
    "")), class = "table"), N = 3582L), Tag.Distribution = structure(c(`1` = 154L, 
    `2` = 98L, `3` = 83L, `4` = 69L, `5` = 64L, `6` = 45L, `7` = 46L, 
    `8` = 26L, `9` = 17L, `10` = 17L, `11` = 16L, `12` = 12L, 
    `13` = 9L, `14` = 7L, `15` = 8L, `16` = 1L, `17` = 6L, `18` = 2L, 
    `19` = 3L, `20` = 1L, `21` = 2L, `22` = 3L, `23` = 1L, `25` = 2L, 
    `26` = 1L, `27` = 1L, `35` = 1L), .Dim = 27L, .Dimnames = list(
        TagUsage = c("1", "2", "3", "4", "5", "6", "7", "8", 
        "9", "10", "11", "12", "13", "14", "15", "16", "17", 
        "18", "19", "20", "21", "22", "23", "25", "26", "27", 
        "35")), class = "table"), No.Tag = structure(c(0L, 1L, 
    0L, 0L, 0L, 107L, 0L, 0L, 0L, 1L, 0L, 0L), .Dim = 4:3, .Dimnames = structure(list(
        c("-1", "0", "1", NA), c("A", "G", NA)), .Names = c("", 
    "")), class = "table"), All.Tags = list(Concordant = list(
        Freqs = structure(c(0, 7, 0, 0, 665, 0), .Dim = 3:2, .Dimnames = list(
            c("-1", "0", "1"), c("A", "G"))), N = 672), Majority = list(
        Freqs = structure(c(0, 7, 0, 0, 685, 0), .Dim = 3:2, .Dimnames = list(
            c("-1", "0", "1"), c("A", "G"))), N = 692)), `2` = structure(c(0, 
    0, 0, 0, 539, 0), .Dim = 3:2, .Dimnames = list(c("-1", "0", 
    "1"), c("A", "G"))))))
