Results <-
list(`bwa.out//20220204//MLPA101_S15.sam` = list(IM16_SNP1 = list(
    All = list(Freqs = structure(c(1L, 38L, 3323L, 54L, 1L, 0L, 
    0L, 2L, 0L, 0L, 0L, 0L, 41L, 1L, 0L), .Dim = c(5L, 3L), .Dimnames = structure(list(
        c("-2", "-1", "0", "1", NA), c("A", "G", NA)), .Names = c("", 
    "")), class = "table"), N = 3461L), Tag.Distribution = structure(c(`1` = 123L, 
    `2` = 52L, `3` = 37L, `4` = 49L, `5` = 27L, `6` = 27L, `7` = 21L, 
    `8` = 14L, `9` = 24L, `10` = 17L, `11` = 24L, `12` = 8L, 
    `13` = 11L, `14` = 12L, `15` = 6L, `16` = 3L, `17` = 4L, 
    `18` = 2L, `19` = 8L, `20` = 2L, `21` = 6L, `22` = 2L, `23` = 5L, 
    `24` = 1L, `25` = 4L, `26` = 2L, `27` = 1L, `28` = 1L, `29` = 1L, 
    `30` = 3L, `31` = 1L, `32` = 1L, `35` = 1L, `39` = 1L, `50` = 1L
    ), .Dim = 35L, .Dimnames = list(TagUsage = c("1", "2", "3", 
    "4", "5", "6", "7", "8", "9", "10", "11", "12", "13", "14", 
    "15", "16", "17", "18", "19", "20", "21", "22", "23", "24", 
    "25", "26", "27", "28", "29", "30", "31", "32", "35", "39", 
    "50")), class = "table"), No.Tag = structure(c(0L, 1L, 55L, 
    0L, 0L, 0L, 0L, 0L, 0L, 0L, 0L, 0L, 2L, 0L, 0L), .Dim = c(5L, 
    3L), .Dimnames = structure(list(c("-2", "-1", "0", "1", NA
    ), c("A", "G", NA)), .Names = c("", "")), class = "table"), 
    All.Tags = list(Concordant = list(Freqs = structure(c(0, 
    1, 427, 3, 0, 0, 2, 0), .Dim = c(4L, 2L), .Dimnames = list(
        c("-2", "-1", "0", "1"), c("A", "G"))), N = 433), Majority = list(
        Freqs = structure(c(0, 2, 484, 4, 0, 0, 2, 0), .Dim = c(4L, 
        2L), .Dimnames = list(c("-2", "-1", "0", "1"), c("A", 
        "G"))), N = 492)), `2` = structure(c(0, 1, 373, 1, 0, 
    0, 0, 0), .Dim = c(4L, 2L), .Dimnames = list(c("-2", "-1", 
    "0", "1"), c("A", "G"))))))
