Results <-
list(`bwa.out//20220204//17D0944_S7.sam` = list(GM22_SNP1 = list(
    All = list(Freqs = structure(c(68L, 4328L, 14L, 15L, 0L, 
    59L, 0L, 0L), .Dim = c(4L, 2L), .Dimnames = structure(list(
        c("-1", "0", "1", NA), c("A", NA)), .Names = c("", ""
    )), class = "table"), N = 4484L), Tag.Distribution = structure(c(`1` = 117L, 
    `2` = 44L, `3` = 28L, `4` = 26L, `5` = 35L, `6` = 16L, `7` = 18L, 
    `8` = 12L, `9` = 17L, `10` = 12L, `11` = 16L, `12` = 13L, 
    `13` = 10L, `14` = 7L, `15` = 9L, `16` = 6L, `17` = 11L, 
    `18` = 8L, `19` = 6L, `20` = 4L, `21` = 7L, `22` = 5L, `23` = 6L, 
    `24` = 2L, `25` = 5L, `26` = 8L, `27` = 6L, `28` = 1L, `29` = 3L, 
    `32` = 2L, `33` = 3L, `34` = 2L, `35` = 3L, `36` = 5L, `37` = 1L, 
    `38` = 2L, `39` = 1L, `40` = 2L, `41` = 1L, `44` = 1L, `57` = 1L
    ), .Dim = 41L, .Dimnames = list(TagUsage = c("1", "2", "3", 
    "4", "5", "6", "7", "8", "9", "10", "11", "12", "13", "14", 
    "15", "16", "17", "18", "19", "20", "21", "22", "23", "24", 
    "25", "26", "27", "28", "29", "32", "33", "34", "35", "36", 
    "37", "38", "39", "40", "41", "44", "57")), class = "table"), 
    No.Tag = structure(c(0L, 56L, 0L, 7L, 0L, 3L, 0L, 0L), .Dim = c(4L, 
    2L), .Dimnames = structure(list(c("-1", "0", "1", NA), c("A", 
    NA)), .Names = c("", "")), class = "table"), All.Tags = list(
        Concordant = list(Freqs = structure(c(0, 416, 0), .Dim = c(3L, 
        1L), .Dimnames = list(c("-1", "0", "1"), "A")), N = 416), 
        Majority = list(Freqs = structure(c(0, 471, 0), .Dim = c(3L, 
        1L), .Dimnames = list(c("-1", "0", "1"), "A")), N = 471)), 
    `2` = structure(c(0, 363, 0), .Dim = c(3L, 1L), .Dimnames = list(
        c("-1", "0", "1"), "A")))))
