Results <-
list(`bwa.out//20220204//BlindCMMRD81_S40.sam` = list(GM29_SNP1 = list(
    All = list(Freqs = structure(c(0L, 0L, 1L, 0L, 0L, 3L, 57L, 
    4127L, 11L, 6L, 0L, 0L, 3L, 0L, 0L, 0L, 0L, 28L, 0L, 0L), .Dim = 5:4, .Dimnames = structure(list(
        c("-2", "-1", "0", "1", NA), c("-", "A", "G", NA)), .Names = c("", 
    "")), class = "table"), N = 4236L), Tag.Distribution = structure(c(`1` = 90L, 
    `2` = 42L, `3` = 34L, `4` = 44L, `5` = 27L, `6` = 30L, `7` = 26L, 
    `8` = 23L, `9` = 22L, `10` = 20L, `11` = 19L, `12` = 12L, 
    `13` = 15L, `14` = 12L, `15` = 9L, `16` = 8L, `17` = 12L, 
    `18` = 6L, `19` = 6L, `20` = 4L, `21` = 7L, `22` = 9L, `23` = 3L, 
    `24` = 1L, `25` = 1L, `26` = 3L, `27` = 1L, `28` = 2L, `29` = 2L, 
    `30` = 1L, `31` = 1L, `33` = 1L, `36` = 1L, `38` = 1L, `39` = 1L, 
    `43` = 2L, `45` = 1L, `49` = 1L, `54` = 1L), .Dim = 39L, .Dimnames = list(
        TagUsage = c("1", "2", "3", "4", "5", "6", "7", "8", 
        "9", "10", "11", "12", "13", "14", "15", "16", "17", 
        "18", "19", "20", "21", "22", "23", "24", "25", "26", 
        "27", "28", "29", "30", "31", "33", "36", "38", "39", 
        "43", "45", "49", "54")), class = "table"), No.Tag = structure(c(0L, 
    0L, 0L, 0L, 0L, 0L, 2L, 93L, 0L, 0L, 0L, 0L, 0L, 0L, 0L, 
    0L, 0L, 2L, 0L, 0L), .Dim = 5:4, .Dimnames = structure(list(
        c("-2", "-1", "0", "1", NA), c("-", "A", "G", NA)), .Names = c("", 
    "")), class = "table"), All.Tags = list(Concordant = list(
        Freqs = structure(c(0, 0, 0, 0, 0, 1, 439, 1, 0, 0, 2, 
        0), .Dim = 4:3, .Dimnames = list(c("-2", "-1", "0", "1"
        ), c("-", "A", "G"))), N = 443), Majority = list(Freqs = structure(c(0, 
    0, 0, 0, 0, 1, 492, 1, 0, 0, 2, 0), .Dim = 4:3, .Dimnames = list(
        c("-2", "-1", "0", "1"), c("-", "A", "G"))), N = 496)), 
    `2` = structure(c(0, 0, 0, 0, 0, 0, 407, 0, 0, 0, 0, 0), .Dim = 4:3, .Dimnames = list(
        c("-2", "-1", "0", "1"), c("-", "A", "G"))))))
