Results <-
list(`bwa.out//20220204//16D2889_S4.sam` = list(GM29_SNP1 = list(
    All = list(Freqs = structure(c(2L, 20L, 1996L, 9L, 5L, 2L, 
    29L, 2052L, 4L, 4L, 0L, 0L, 1L, 0L, 0L, 0L, 0L, 20L, 0L, 
    0L), .Dim = 5:4, .Dimnames = structure(list(c("-2", "-1", 
    "0", "1", NA), c("A", "G", "T", NA)), .Names = c("", "")), class = "table"), 
        N = 4144L), Tag.Distribution = structure(c(`1` = 174L, 
    `2` = 102L, `3` = 88L, `4` = 66L, `5` = 49L, `6` = 36L, `7` = 28L, 
    `8` = 34L, `9` = 37L, `10` = 20L, `11` = 18L, `12` = 14L, 
    `13` = 15L, `14` = 7L, `15` = 9L, `16` = 5L, `17` = 6L, `18` = 6L, 
    `19` = 4L, `20` = 6L, `21` = 1L, `22` = 1L, `23` = 1L, `24` = 1L, 
    `25` = 1L, `27` = 2L, `28` = 2L, `29` = 1L, `30` = 2L, `32` = 2L, 
    `35` = 1L), .Dim = 31L, .Dimnames = list(TagUsage = c("1", 
    "2", "3", "4", "5", "6", "7", "8", "9", "10", "11", "12", 
    "13", "14", "15", "16", "17", "18", "19", "20", "21", "22", 
    "23", "24", "25", "27", "28", "29", "30", "32", "35")), class = "table"), 
    No.Tag = structure(c(0L, 0L, 26L, 0L, 1L, 0L, 0L, 55L, 0L, 
    1L, 0L, 0L, 0L, 0L, 0L, 0L, 0L, 0L, 0L, 0L), .Dim = 5:4, .Dimnames = structure(list(
        c("-2", "-1", "0", "1", NA), c("A", "G", "T", NA)), .Names = c("", 
    "")), class = "table"), All.Tags = list(Concordant = list(
        Freqs = structure(c(0, 2, 287, 1, 0, 3, 298, 0, 0, 0, 
        0, 0), .Dim = 4:3, .Dimnames = list(c("-2", "-1", "0", 
        "1"), c("A", "G", "T"))), N = 591), Majority = list(Freqs = structure(c(0, 
    2, 345, 1, 0, 3, 364, 0, 0, 0, 0, 0), .Dim = 4:3, .Dimnames = list(
        c("-2", "-1", "0", "1"), c("A", "G", "T"))), N = 715)), 
    `2` = structure(c(0, 1, 260, 0, 0, 2, 280, 0, 0, 0, 0, 0), .Dim = 4:3, .Dimnames = list(
        c("-2", "-1", "0", "1"), c("A", "G", "T"))))))
