Results <-
list(`bwa.out//20220204//BlindCMMRD63_S22.sam` = list(GM11_SNP1 = list(
    All = list(Freqs = structure(c(0L, 0L, 7L, 0L, 0L, 2L, 35L, 
    4875L, 19L, 2L, 0L, 0L, 1L, 0L, 0L, 0L, 1L, 22L, 1L, 0L), .Dim = 5:4, .Dimnames = structure(list(
        c("-2", "-1", "0", "1", NA), c("A", "G", "T", NA)), .Names = c("", 
    "")), class = "table"), N = 4965L), Tag.Distribution = structure(c(`1` = 114L, 
    `2` = 61L, `3` = 53L, `4` = 45L, `5` = 47L, `6` = 37L, `7` = 26L, 
    `8` = 27L, `9` = 19L, `10` = 20L, `11` = 19L, `12` = 18L, 
    `13` = 14L, `14` = 16L, `15` = 18L, `16` = 6L, `17` = 12L, 
    `18` = 8L, `19` = 14L, `20` = 11L, `21` = 7L, `22` = 7L, 
    `23` = 8L, `24` = 1L, `26` = 3L, `27` = 2L, `28` = 1L, `29` = 3L, 
    `30` = 1L, `31` = 1L, `33` = 2L, `39` = 1L, `47` = 1L, `48` = 1L, 
    `49` = 1L), .Dim = 35L, .Dimnames = list(TagUsage = c("1", 
    "2", "3", "4", "5", "6", "7", "8", "9", "10", "11", "12", 
    "13", "14", "15", "16", "17", "18", "19", "20", "21", "22", 
    "23", "24", "26", "27", "28", "29", "30", "31", "33", "39", 
    "47", "48", "49")), class = "table"), No.Tag = structure(c(0L, 
    0L, 1L, 0L, 0L, 0L, 0L, 66L, 0L, 0L, 0L, 0L, 0L, 0L, 0L, 
    0L, 0L, 0L, 0L, 0L), .Dim = 5:4, .Dimnames = structure(list(
        c("-2", "-1", "0", "1", NA), c("A", "G", "T", NA)), .Names = c("", 
    "")), class = "table"), All.Tags = list(Concordant = list(
        Freqs = structure(c(0, 0, 4, 0, 0, 0, 565, 1, 0, 0, 0, 
        0), .Dim = 4:3, .Dimnames = list(c("-2", "-1", "0", "1"
        ), c("A", "G", "T"))), N = 570), Majority = list(Freqs = structure(c(0, 
    0, 4, 0, 0, 1, 612, 1, 0, 0, 0, 0), .Dim = 4:3, .Dimnames = list(
        c("-2", "-1", "0", "1"), c("A", "G", "T"))), N = 618)), 
    `2` = structure(c(0, 0, 0, 0, 0, 1, 509, 0, 0, 0, 0, 0), .Dim = 4:3, .Dimnames = list(
        c("-2", "-1", "0", "1"), c("A", "G", "T"))))))
