Results <-
list(`bwa.out//20220204//BlindCMMRD88_S47.sam` = list(LR24_SNP1 = list(
    All = list(Freqs = structure(c(0L, 1L, 0L, 0L, 10L, 2809L, 
    7L, 6L, 17L, 3082L, 4L, 5L, 0L, 32L, 0L, 0L), .Dim = c(4L, 
    4L), .Dimnames = structure(list(c("-1", "0", "1", NA), c("-", 
    "A", "G", NA)), .Names = c("", "")), class = "table"), N = 5973L), 
    Tag.Distribution = structure(c(`1` = 255L, `2` = 125L, `3` = 103L, 
    `4` = 107L, `5` = 88L, `6` = 55L, `7` = 55L, `8` = 44L, `9` = 40L, 
    `10` = 39L, `11` = 22L, `12` = 17L, `13` = 18L, `14` = 17L, 
    `15` = 16L, `16` = 12L, `17` = 9L, `18` = 6L, `19` = 6L, 
    `20` = 6L, `21` = 4L, `22` = 2L, `23` = 2L, `24` = 1L, `26` = 1L, 
    `27` = 1L, `28` = 1L, `29` = 2L, `33` = 1L, `35` = 1L, `48` = 1L, 
    `54` = 1L), .Dim = 32L, .Dimnames = list(TagUsage = c("1", 
    "2", "3", "4", "5", "6", "7", "8", "9", "10", "11", "12", 
    "13", "14", "15", "16", "17", "18", "19", "20", "21", "22", 
    "23", "24", "26", "27", "28", "29", "33", "35", "48", "54"
    )), class = "table"), No.Tag = structure(c(0L, 0L, 0L, 0L, 
    0L, 30L, 0L, 1L, 1L, 83L, 0L, 0L, 0L, 7L, 0L, 0L), .Dim = c(4L, 
    4L), .Dimnames = structure(list(c("-1", "0", "1", NA), c("-", 
    "A", "G", NA)), .Names = c("", "")), class = "table"), All.Tags = list(
        Concordant = list(Freqs = structure(c(0, 0, 0, 0, 447, 
        0, 2, 479, 0), .Dim = c(3L, 3L), .Dimnames = list(c("-1", 
        "0", "1"), c("-", "A", "G"))), N = 928), Majority = list(
            Freqs = structure(c(0, 0, 0, 0, 517, 0, 2, 528, 0
            ), .Dim = c(3L, 3L), .Dimnames = list(c("-1", "0", 
            "1"), c("-", "A", "G"))), N = 1047)), `2` = structure(c(0, 
    0, 0, 0, 399, 0, 0, 398, 0), .Dim = c(3L, 3L), .Dimnames = list(
        c("-1", "0", "1"), c("-", "A", "G"))))))
