Results <-
list(`bwa.out//20220204//BlindCMMRD123_S49.sam` = list(LR11_SNP1 = list(
    All = list(Freqs = structure(c(0L, 0L, 1L, 0L, 0L, 1L, 58L, 
    2487L, 20L, 7L, 0L, 27L, 1924L, 18L, 12L, 0L, 0L, 28L, 2L, 
    0L), .Dim = 5:4, .Dimnames = structure(list(c("-2", "-1", 
    "0", "1", NA), c("-", "A", "C", NA)), .Names = c("", "")), class = "table"), 
        N = 4585L), Tag.Distribution = structure(c(`1` = 238L, 
    `2` = 178L, `3` = 146L, `4` = 113L, `5` = 81L, `6` = 76L, 
    `7` = 67L, `8` = 38L, `9` = 31L, `10` = 14L, `11` = 19L, 
    `12` = 13L, `13` = 10L, `14` = 9L, `15` = 6L, `16` = 2L, 
    `17` = 4L, `19` = 2L, `20` = 3L, `21` = 2L, `24` = 1L), .Dim = 21L, .Dimnames = list(
        TagUsage = c("1", "2", "3", "4", "5", "6", "7", "8", 
        "9", "10", "11", "12", "13", "14", "15", "16", "17", 
        "19", "20", "21", "24")), class = "table"), No.Tag = structure(c(0L, 
    0L, 0L, 0L, 0L, 0L, 2L, 29L, 2L, 1L, 0L, 1L, 33L, 1L, 1L, 
    0L, 0L, 3L, 0L, 0L), .Dim = 5:4, .Dimnames = structure(list(
        c("-2", "-1", "0", "1", NA), c("-", "A", "C", NA)), .Names = c("", 
    "")), class = "table"), All.Tags = list(Concordant = list(
        Freqs = structure(c(0, 0, 0, 0, 0, 3, 452, 1, 0, 1, 401, 
        1), .Dim = 4:3, .Dimnames = list(c("-2", "-1", "0", "1"
        ), c("-", "A", "C"))), N = 859), Majority = list(Freqs = structure(c(0, 
    0, 0, 0, 0, 4, 552, 1, 0, 1, 465, 1), .Dim = 4:3, .Dimnames = list(
        c("-2", "-1", "0", "1"), c("-", "A", "C"))), N = 1024)), 
    `2` = structure(c(0, 0, 0, 0, 0, 2, 439, 0, 0, 0, 349, 0), .Dim = 4:3, .Dimnames = list(
        c("-2", "-1", "0", "1"), c("-", "A", "C"))))))
