Results <-
list(`bwa.out//20220204//BlindCMMRD48_S8.sam` = list(GM22_SNP1 = list(
    All = list(Freqs = structure(c(1L, 26L, 2299L, 10L, 3L, 0L, 
    37L, 2965L, 9L, 8L, 0L, 2L, 86L, 0L, 0L), .Dim = c(5L, 3L
    ), .Dimnames = structure(list(c("-2", "-1", "0", "1", NA), 
        c("A", "G", NA)), .Names = c("", "")), class = "table"), 
        N = 5446L), Tag.Distribution = structure(c(`1` = 100L, 
    `2` = 27L, `3` = 15L, `4` = 20L, `5` = 16L, `6` = 13L, `7` = 16L, 
    `8` = 14L, `9` = 15L, `10` = 11L, `11` = 5L, `12` = 10L, 
    `13` = 11L, `14` = 9L, `15` = 8L, `16` = 6L, `17` = 7L, `18` = 10L, 
    `19` = 9L, `20` = 7L, `21` = 8L, `22` = 5L, `23` = 5L, `24` = 7L, 
    `25` = 5L, `26` = 2L, `27` = 1L, `28` = 4L, `29` = 1L, `30` = 2L, 
    `31` = 3L, `32` = 1L, `33` = 3L, `34` = 6L, `35` = 4L, `36` = 4L, 
    `37` = 3L, `38` = 2L, `39` = 1L, `40` = 1L, `41` = 3L, `42` = 5L, 
    `43` = 1L, `44` = 2L, `45` = 2L, `46` = 1L, `48` = 3L, `49` = 2L, 
    `51` = 2L, `53` = 1L, `54` = 1L, `58` = 2L, `66` = 1L), .Dim = 53L, .Dimnames = list(
        TagUsage = c("1", "2", "3", "4", "5", "6", "7", "8", 
        "9", "10", "11", "12", "13", "14", "15", "16", "17", 
        "18", "19", "20", "21", "22", "23", "24", "25", "26", 
        "27", "28", "29", "30", "31", "32", "33", "34", "35", 
        "36", "37", "38", "39", "40", "41", "42", "43", "44", 
        "45", "46", "48", "49", "51", "53", "54", "58", "66")), class = "table"), 
    No.Tag = structure(c(0L, 0L, 36L, 0L, 0L, 0L, 1L, 52L, 0L, 
    0L, 0L, 0L, 4L, 0L, 0L), .Dim = c(5L, 3L), .Dimnames = structure(list(
        c("-2", "-1", "0", "1", NA), c("A", "G", NA)), .Names = c("", 
    "")), class = "table"), All.Tags = list(Concordant = list(
        Freqs = structure(c(0, 0, 161, 0, 0, 0, 171, 0), .Dim = c(4L, 
        2L), .Dimnames = list(c("-2", "-1", "0", "1"), c("A", 
        "G"))), N = 332), Majority = list(Freqs = structure(c(0, 
    0, 197, 0, 0, 0, 214, 0), .Dim = c(4L, 2L), .Dimnames = list(
        c("-2", "-1", "0", "1"), c("A", "G"))), N = 411)), `2` = structure(c(0, 
    0, 148, 0, 0, 0, 171, 0), .Dim = c(4L, 2L), .Dimnames = list(
        c("-2", "-1", "0", "1"), c("A", "G"))))))
