Results <-
list(`bwa.out//20220204//BlindCMMRD116_S42.sam` = list(GM09_SNP1 = list(
    All = list(Freqs = structure(c(37L, 2895L, 7L, 3L, 15L, 2455L, 
    4L, 0L, 0L, 17L, 0L, 0L), .Dim = 4:3, .Dimnames = structure(list(
        c("-1", "0", "1", NA), c("A", "G", NA)), .Names = c("", 
    "")), class = "table"), N = 5433L), Tag.Distribution = structure(c(`1` = 121L, 
    `2` = 117L, `3` = 130L, `4` = 109L, `5` = 96L, `6` = 58L, 
    `7` = 63L, `8` = 61L, `9` = 45L, `10` = 40L, `11` = 30L, 
    `12` = 22L, `13` = 9L, `14` = 16L, `15` = 16L, `16` = 3L, 
    `17` = 7L, `18` = 6L, `19` = 2L, `20` = 4L, `22` = 2L), .Dim = 21L, .Dimnames = list(
        TagUsage = c("1", "2", "3", "4", "5", "6", "7", "8", 
        "9", "10", "11", "12", "13", "14", "15", "16", "17", 
        "18", "19", "20", "22")), class = "table"), No.Tag = structure(c(0L, 
    51L, 0L, 1L, 0L, 24L, 1L, 0L, 0L, 1L, 0L, 0L), .Dim = 4:3, .Dimnames = structure(list(
        c("-1", "0", "1", NA), c("A", "G", NA)), .Names = c("", 
    "")), class = "table"), All.Tags = list(Concordant = list(
        Freqs = structure(c(3, 442, 0, 0, 377, 0), .Dim = 3:2, .Dimnames = list(
            c("-1", "0", "1"), c("A", "G"))), N = 822), Majority = list(
        Freqs = structure(c(4, 510, 0, 0, 430, 0), .Dim = 3:2, .Dimnames = list(
            c("-1", "0", "1"), c("A", "G"))), N = 944)), `2` = structure(c(3, 
    449, 0, 0, 375, 0), .Dim = 3:2, .Dimnames = list(c("-1", 
    "0", "1"), c("A", "G"))))))
