Results <-
list(`bwa.out//20220204//BlindCMMRD135_S61.sam` = list(LR52_SNP1 = list(
    All = list(Freqs = structure(c(6L, 138L, 1208L, 8L, 8L, 6L, 
    121L, 1411L, 12L, 8L, 0L, 3L, 115L, 2L, 0L), .Dim = c(5L, 
    3L), .Dimnames = structure(list(c("-2", "-1", "0", "1", NA
    ), c("C", "T", NA)), .Names = c("", "")), class = "table"), 
        N = 3046L), Tag.Distribution = structure(c(`1` = 95L, 
    `2` = 75L, `3` = 68L, `4` = 60L, `5` = 52L, `6` = 42L, `7` = 39L, 
    `8` = 21L, `9` = 31L, `10` = 30L, `11` = 12L, `12` = 12L, 
    `13` = 8L, `14` = 5L, `15` = 7L, `16` = 3L, `17` = 5L, `18` = 3L, 
    `19` = 1L, `28` = 1L), .Dim = 20L, .Dimnames = list(TagUsage = c("1", 
    "2", "3", "4", "5", "6", "7", "8", "9", "10", "11", "12", 
    "13", "14", "15", "16", "17", "18", "19", "28")), class = "table"), 
    No.Tag = structure(c(0L, 1L, 9L, 0L, 0L, 0L, 4L, 20L, 0L, 
    0L, 0L, 0L, 2L, 0L, 0L), .Dim = c(5L, 3L), .Dimnames = structure(list(
        c("-2", "-1", "0", "1", NA), c("C", "T", NA)), .Names = c("", 
    "")), class = "table"), All.Tags = list(Concordant = list(
        Freqs = structure(c(0, 9, 188, 1, 0, 2, 177, 1), .Dim = c(4L, 
        2L), .Dimnames = list(c("-2", "-1", "0", "1"), c("C", 
        "T"))), N = 378), Majority = list(Freqs = structure(c(0, 
    12, 267, 1, 0, 3, 257, 1), .Dim = c(4L, 2L), .Dimnames = list(
        c("-2", "-1", "0", "1"), c("C", "T"))), N = 541)), `2` = structure(c(0, 
    8, 223, 0, 0, 2, 218, 0), .Dim = c(4L, 2L), .Dimnames = list(
        c("-2", "-1", "0", "1"), c("C", "T"))))))
