Results <-
list(`bwa.out//20220204//BlindCMMRD88_S47.sam` = list(GM01_SNP1 = list(
    All = list(Freqs = structure(c(43L, 4293L, 10L, 2L, 45L, 
    3906L, 6L, 4L, 0L, 1L, 0L, 0L, 4L, 88L, 1L, 0L), .Dim = c(4L, 
    4L), .Dimnames = structure(list(c("-1", "0", "1", NA), c("A", 
    "G", "T", NA)), .Names = c("", "")), class = "table"), N = 8403L), 
    Tag.Distribution = structure(c(`1` = 153L, `2` = 84L, `3` = 58L, 
    `4` = 55L, `5` = 33L, `6` = 41L, `7` = 29L, `8` = 32L, `9` = 36L, 
    `10` = 26L, `11` = 27L, `12` = 21L, `13` = 20L, `14` = 23L, 
    `15` = 23L, `16` = 16L, `17` = 8L, `18` = 15L, `19` = 16L, 
    `20` = 11L, `21` = 11L, `22` = 10L, `23` = 6L, `24` = 10L, 
    `25` = 11L, `26` = 12L, `27` = 5L, `28` = 9L, `29` = 4L, 
    `30` = 8L, `31` = 2L, `32` = 4L, `33` = 4L, `34` = 8L, `35` = 2L, 
    `36` = 1L, `37` = 2L, `38` = 1L, `39` = 4L, `41` = 2L, `42` = 1L, 
    `43` = 1L, `52` = 1L, `54` = 1L), .Dim = 44L, .Dimnames = list(
        TagUsage = c("1", "2", "3", "4", "5", "6", "7", "8", 
        "9", "10", "11", "12", "13", "14", "15", "16", "17", 
        "18", "19", "20", "21", "22", "23", "24", "25", "26", 
        "27", "28", "29", "30", "31", "32", "33", "34", "35", 
        "36", "37", "38", "39", "41", "42", "43", "52", "54")), class = "table"), 
    No.Tag = structure(c(3L, 123L, 0L, 0L, 0L, 41L, 0L, 0L, 0L, 
    0L, 0L, 0L, 0L, 5L, 0L, 0L), .Dim = c(4L, 4L), .Dimnames = structure(list(
        c("-1", "0", "1", NA), c("A", "G", "T", NA)), .Names = c("", 
    "")), class = "table"), All.Tags = list(Concordant = list(
        Freqs = structure(c(0, 344, 0, 3, 353, 0, 0, 0, 0), .Dim = c(3L, 
        3L), .Dimnames = list(c("-1", "0", "1"), c("A", "G", 
        "T"))), N = 700), Majority = list(Freqs = structure(c(0, 
    417, 0, 3, 413, 0, 0, 0, 0), .Dim = c(3L, 3L), .Dimnames = list(
        c("-1", "0", "1"), c("A", "G", "T"))), N = 833)), `2` = structure(c(0, 
    346, 0, 0, 341, 0, 0, 0, 0), .Dim = c(3L, 3L), .Dimnames = list(
        c("-1", "0", "1"), c("A", "G", "T"))))))
