Results <-
list(`bwa.out//20220204//BlindCMMRD68_S27.sam` = list(IM49_SNP1 = list(
    All = list(Freqs = structure(c(1L, 47L, 1783L, 35L, 2L, 20L, 
    3L, 57L, 1485L, 27L, 0L, 17L, 0L, 3L, 243L, 3L, 0L, 0L), .Dim = c(6L, 
    3L), .Dimnames = structure(list(c("-2", "-1", "0", "1", "2", 
    NA), c("C", "G", NA)), .Names = c("", "")), class = "table"), 
        N = 3726L), Tag.Distribution = structure(c(`1` = 200L, 
    `2` = 71L, `3` = 65L, `4` = 55L, `5` = 26L, `6` = 40L, `7` = 30L, 
    `8` = 26L, `9` = 23L, `10` = 18L, `11` = 22L, `12` = 19L, 
    `13` = 9L, `14` = 9L, `15` = 12L, `16` = 1L, `17` = 7L, `18` = 7L, 
    `19` = 5L, `20` = 3L, `21` = 4L, `22` = 6L, `24` = 1L, `27` = 1L, 
    `28` = 2L, `29` = 2L, `31` = 1L, `33` = 1L), .Dim = 28L, .Dimnames = list(
        TagUsage = c("1", "2", "3", "4", "5", "6", "7", "8", 
        "9", "10", "11", "12", "13", "14", "15", "16", "17", 
        "18", "19", "20", "21", "22", "24", "27", "28", "29", 
        "31", "33")), class = "table"), No.Tag = structure(c(0L, 
    1L, 18L, 0L, 0L, 1L, 0L, 0L, 17L, 0L, 0L, 0L, 0L, 0L, 3L, 
    0L, 0L, 0L), .Dim = c(6L, 3L), .Dimnames = structure(list(
        c("-2", "-1", "0", "1", "2", NA), c("C", "G", NA)), .Names = c("", 
    "")), class = "table"), All.Tags = list(Concordant = list(
        Freqs = structure(c(0, 3, 257, 3, 1, 0, 4, 211, 2, 0), .Dim = c(5L, 
        2L), .Dimnames = list(c("-2", "-1", "0", "1", "2"), c("C", 
        "G"))), N = 481), Majority = list(Freqs = structure(c(0, 
    3, 321, 3, 1, 0, 5, 268, 2, 0), .Dim = c(5L, 2L), .Dimnames = list(
        c("-2", "-1", "0", "1", "2"), c("C", "G"))), N = 603)), 
    `2` = structure(c(0, 1, 248, 0, 0, 0, 2, 205, 1, 0), .Dim = c(5L, 
    2L), .Dimnames = list(c("-2", "-1", "0", "1", "2"), c("C", 
    "G"))))))
