Results <-
list(`bwa.out//20220204//BlindCMMRD73_S32.sam` = list(GM17_SNP1 = list(
    All = list(Freqs = structure(c(4L, 17L, 0L, 1L, 68L, 4681L, 
    15L, 1L, 0L, 25L, 0L, 0L), .Dim = 4:3, .Dimnames = structure(list(
        c("-1", "0", "1", NA), c("C", "T", NA)), .Names = c("", 
    "")), class = "table"), N = 4812L), Tag.Distribution = structure(c(`1` = 135L, 
    `2` = 41L, `3` = 47L, `4` = 35L, `5` = 43L, `6` = 35L, `7` = 28L, 
    `8` = 31L, `9` = 18L, `10` = 24L, `11` = 20L, `12` = 13L, 
    `13` = 12L, `14` = 19L, `15` = 11L, `16` = 5L, `17` = 10L, 
    `18` = 13L, `19` = 9L, `20` = 7L, `21` = 2L, `22` = 5L, `23` = 9L, 
    `24` = 7L, `25` = 2L, `26` = 4L, `27` = 5L, `29` = 2L, `31` = 1L, 
    `33` = 2L, `36` = 1L, `37` = 1L, `39` = 1L, `42` = 1L, `51` = 1L
    ), .Dim = 35L, .Dimnames = list(TagUsage = c("1", "2", "3", 
    "4", "5", "6", "7", "8", "9", "10", "11", "12", "13", "14", 
    "15", "16", "17", "18", "19", "20", "21", "22", "23", "24", 
    "25", "26", "27", "29", "31", "33", "36", "37", "39", "42", 
    "51")), class = "table"), No.Tag = structure(c(0L, 1L, 0L, 
    0L, 3L, 101L, 0L, 0L, 0L, 4L, 0L, 0L), .Dim = 4:3, .Dimnames = structure(list(
        c("-1", "0", "1", NA), c("C", "T", NA)), .Names = c("", 
    "")), class = "table"), All.Tags = list(Concordant = list(
        Freqs = structure(c(2, 16, 0, 3, 509, 0), .Dim = 3:2, .Dimnames = list(
            c("-1", "0", "1"), c("C", "T"))), N = 530), Majority = list(
        Freqs = structure(c(2, 16, 0, 3, 576, 0), .Dim = 3:2, .Dimnames = list(
            c("-1", "0", "1"), c("C", "T"))), N = 597)), `2` = structure(c(0, 
    0, 0, 0, 465, 0), .Dim = 3:2, .Dimnames = list(c("-1", "0", 
    "1"), c("C", "T"))))))
