Results <-
list(`bwa.out//20220204//BlindCMMRD51_S11.sam` = list(GM29_SNP1 = list(
    All = list(Freqs = structure(c(2L, 54L, 3384L, 8L, 1L, 12L, 
    0L, 0L, 3L, 0L, 0L, 1L, 0L, 2L, 21L, 0L, 0L, 0L), .Dim = c(6L, 
    3L), .Dimnames = structure(list(c("-2", "-1", "0", "1", "2", 
    NA), c("A", "G", NA)), .Names = c("", "")), class = "table"), 
        N = 3488L), Tag.Distribution = structure(c(`1` = 60L, 
    `2` = 28L, `3` = 17L, `4` = 10L, `5` = 12L, `6` = 12L, `7` = 16L, 
    `8` = 16L, `9` = 17L, `10` = 11L, `11` = 10L, `12` = 6L, 
    `13` = 8L, `14` = 9L, `15` = 7L, `16` = 7L, `17` = 1L, `18` = 10L, 
    `19` = 6L, `20` = 6L, `21` = 1L, `22` = 3L, `23` = 6L, `25` = 6L, 
    `26` = 3L, `27` = 2L, `28` = 4L, `29` = 1L, `30` = 2L, `31` = 2L, 
    `33` = 1L, `35` = 3L, `36` = 1L, `38` = 1L, `39` = 3L, `40` = 1L, 
    `46` = 1L, `47` = 2L, `49` = 1L, `60` = 1L, `104` = 1L), .Dim = 41L, .Dimnames = list(
        TagUsage = c("1", "2", "3", "4", "5", "6", "7", "8", 
        "9", "10", "11", "12", "13", "14", "15", "16", "17", 
        "18", "19", "20", "21", "22", "23", "25", "26", "27", 
        "28", "29", "30", "31", "33", "35", "36", "38", "39", 
        "40", "46", "47", "49", "60", "104")), class = "table"), 
    No.Tag = structure(c(0L, 3L, 87L, 1L, 0L, 1L, 0L, 0L, 1L, 
    0L, 0L, 0L, 0L, 0L, 1L, 0L, 0L, 0L), .Dim = c(6L, 3L), .Dimnames = structure(list(
        c("-2", "-1", "0", "1", "2", NA), c("A", "G", NA)), .Names = c("", 
    "")), class = "table"), All.Tags = list(Concordant = list(
        Freqs = structure(c(0, 1, 267, 0, 0, 0, 0, 2, 0, 0), .Dim = c(5L, 
        2L), .Dimnames = list(c("-2", "-1", "0", "1", "2"), c("A", 
        "G"))), N = 270), Majority = list(Freqs = structure(c(0, 
    1, 308, 0, 0, 0, 0, 2, 0, 0), .Dim = c(5L, 2L), .Dimnames = list(
        c("-2", "-1", "0", "1", "2"), c("A", "G"))), N = 311)), 
    `2` = structure(c(0, 0, 254, 0, 0, 0, 0, 0, 0, 0), .Dim = c(5L, 
    2L), .Dimnames = list(c("-2", "-1", "0", "1", "2"), c("A", 
    "G"))))))
