Results <-
list(`bwa.out//20220204//Control13_S6.sam` = list(GM11_SNP1 = list(
    All = list(Freqs = structure(c(3L, 1129L, 4L, 1L, 13L, 1547L, 
    7L, 3L, 0L, 21L, 0L, 0L), .Dim = 4:3, .Dimnames = structure(list(
        c("-1", "0", "1", NA), c("A", "G", NA)), .Names = c("", 
    "")), class = "table"), N = 2728L), Tag.Distribution = structure(c(`1` = 101L, 
    `2` = 57L, `3` = 56L, `4` = 45L, `5` = 33L, `6` = 31L, `7` = 29L, 
    `8` = 14L, `9` = 20L, `10` = 9L, `11` = 11L, `12` = 13L, 
    `13` = 11L, `14` = 8L, `15` = 7L, `16` = 3L, `17` = 5L, `18` = 5L, 
    `19` = 3L, `20` = 2L, `21` = 2L, `22` = 2L, `23` = 1L, `28` = 1L, 
    `31` = 1L, `32` = 1L), .Dim = 26L, .Dimnames = list(TagUsage = c("1", 
    "2", "3", "4", "5", "6", "7", "8", "9", "10", "11", "12", 
    "13", "14", "15", "16", "17", "18", "19", "20", "21", "22", 
    "23", "28", "31", "32")), class = "table"), No.Tag = structure(c(0L, 
    27L, 1L, 1L, 2L, 41L, 0L, 0L, 0L, 0L, 0L, 0L), .Dim = 4:3, .Dimnames = structure(list(
        c("-1", "0", "1", NA), c("A", "G", NA)), .Names = c("", 
    "")), class = "table"), All.Tags = list(Concordant = list(
        Freqs = structure(c(0, 201, 0, 0, 223, 0), .Dim = 3:2, .Dimnames = list(
            c("-1", "0", "1"), c("A", "G"))), N = 424), Majority = list(
        Freqs = structure(c(0, 215, 0, 0, 249, 0), .Dim = 3:2, .Dimnames = list(
            c("-1", "0", "1"), c("A", "G"))), N = 464)), `2` = structure(c(0, 
    171, 0, 0, 196, 0), .Dim = 3:2, .Dimnames = list(c("-1", 
    "0", "1"), c("A", "G"))))))
