Results <-
list(`bwa.out//20220204//BlindCMMRD98_S57.sam` = list(GM17_SNP1 = list(
    All = list(Freqs = structure(c(0L, 0L, 3L, 0L, 0L, 1L, 182L, 
    5991L, 44L, 9L, 0L, 1L, 32L, 2L, 0L), .Dim = c(5L, 3L), .Dimnames = structure(list(
        c("-2", "-1", "0", "1", NA), c("C", "T", NA)), .Names = c("", 
    "")), class = "table"), N = 6265L), Tag.Distribution = structure(c(`1` = 115L, 
    `2` = 33L, `3` = 37L, `4` = 47L, `5` = 35L, `6` = 25L, `7` = 30L, 
    `8` = 21L, `9` = 14L, `10` = 27L, `11` = 19L, `12` = 14L, 
    `13` = 14L, `14` = 15L, `15` = 10L, `16` = 13L, `17` = 12L, 
    `18` = 8L, `19` = 5L, `20` = 8L, `21` = 8L, `22` = 2L, `23` = 8L, 
    `24` = 8L, `25` = 6L, `26` = 3L, `27` = 6L, `28` = 3L, `29` = 3L, 
    `30` = 6L, `31` = 4L, `32` = 3L, `33` = 2L, `34` = 5L, `35` = 4L, 
    `36` = 4L, `37` = 5L, `38` = 1L, `39` = 2L, `41` = 1L, `42` = 2L, 
    `43` = 1L, `45` = 2L, `48` = 1L, `51` = 1L, `69` = 1L), .Dim = 46L, .Dimnames = list(
        TagUsage = c("1", "2", "3", "4", "5", "6", "7", "8", 
        "9", "10", "11", "12", "13", "14", "15", "16", "17", 
        "18", "19", "20", "21", "22", "23", "24", "25", "26", 
        "27", "28", "29", "30", "31", "32", "33", "34", "35", 
        "36", "37", "38", "39", "41", "42", "43", "45", "48", 
        "51", "69")), class = "table"), No.Tag = structure(c(0L, 
    0L, 0L, 0L, 0L, 0L, 5L, 152L, 0L, 0L, 0L, 0L, 3L, 0L, 0L), .Dim = c(5L, 
    3L), .Dimnames = structure(list(c("-2", "-1", "0", "1", NA
    ), c("C", "T", NA)), .Names = c("", "")), class = "table"), 
    All.Tags = list(Concordant = list(Freqs = structure(c(0, 
    0, 1, 0, 1, 6, 492, 3), .Dim = c(4L, 2L), .Dimnames = list(
        c("-2", "-1", "0", "1"), c("C", "T"))), N = 503), Majority = list(
        Freqs = structure(c(0, 0, 1, 0, 1, 8, 571, 3), .Dim = c(4L, 
        2L), .Dimnames = list(c("-2", "-1", "0", "1"), c("C", 
        "T"))), N = 584)), `2` = structure(c(0, 0, 0, 0, 0, 5, 
    468, 1), .Dim = c(4L, 2L), .Dimnames = list(c("-2", "-1", 
    "0", "1"), c("C", "T"))))))
