Results <-
list(`bwa.out//20220204//Control19_S12.sam` = list(LR24_SNP1 = list(
    All = list(Freqs = structure(c(0L, 16L, 0L, 0L, 13L, 3297L, 
    7L, 2L, 0L, 11L, 0L, 0L), .Dim = 4:3, .Dimnames = structure(list(
        c("-1", "0", "1", NA), c("A", "G", NA)), .Names = c("", 
    "")), class = "table"), N = 3346L), Tag.Distribution = structure(c(`1` = 192L, 
    `2` = 106L, `3` = 76L, `4` = 78L, `5` = 55L, `6` = 42L, `7` = 34L, 
    `8` = 42L, `9` = 21L, `10` = 15L, `11` = 11L, `12` = 6L, 
    `13` = 4L, `14` = 3L, `15` = 3L, `16` = 3L, `17` = 4L, `18` = 4L, 
    `19` = 3L, `20` = 1L, `21` = 1L, `22` = 5L, `23` = 1L, `25` = 3L, 
    `30` = 1L), .Dim = 25L, .Dimnames = list(TagUsage = c("1", 
    "2", "3", "4", "5", "6", "7", "8", "9", "10", "11", "12", 
    "13", "14", "15", "16", "17", "18", "19", "20", "21", "22", 
    "23", "25", "30")), class = "table"), No.Tag = structure(c(0L, 
    2L, 0L, 0L, 0L, 100L, 1L, 1L, 0L, 2L, 0L, 0L), .Dim = 4:3, .Dimnames = structure(list(
        c("-1", "0", "1", NA), c("A", "G", NA)), .Names = c("", 
    "")), class = "table"), All.Tags = list(Concordant = list(
        Freqs = structure(c(0, 4, 0, 1, 690, 0), .Dim = 3:2, .Dimnames = list(
            c("-1", "0", "1"), c("A", "G"))), N = 695), Majority = list(
        Freqs = structure(c(0, 4, 0, 1, 708, 0), .Dim = 3:2, .Dimnames = list(
            c("-1", "0", "1"), c("A", "G"))), N = 713)), `2` = structure(c(0, 
    1, 0, 0, 521, 0), .Dim = 3:2, .Dimnames = list(c("-1", "0", 
    "1"), c("A", "G"))))))
