Results <-
list(`bwa.out//20220204//BlindCMMRD54_S13.sam` = list(LR24_SNP1 = list(
    All = list(Freqs = structure(c(0L, 81L, 1521L, 4L, 3L, 14L, 
    11L, 1290L, 4L, 1L, 0L, 0L, 16L, 0L, 0L), .Dim = c(5L, 3L
    ), .Dimnames = structure(list(c("-2", "-1", "0", "1", NA), 
        c("A", "G", NA)), .Names = c("", "")), class = "table"), 
        N = 2945L), Tag.Distribution = structure(c(`1` = 141L, 
    `2` = 60L, `3` = 51L, `4` = 40L, `5` = 34L, `6` = 39L, `7` = 26L, 
    `8` = 25L, `9` = 14L, `10` = 18L, `11` = 13L, `12` = 10L, 
    `13` = 10L, `14` = 7L, `15` = 4L, `16` = 4L, `17` = 5L, `18` = 5L, 
    `19` = 3L, `20` = 2L, `21` = 2L, `22` = 2L, `26` = 1L, `27` = 2L, 
    `29` = 1L, `36` = 1L, `43` = 1L), .Dim = 27L, .Dimnames = list(
        TagUsage = c("1", "2", "3", "4", "5", "6", "7", "8", 
        "9", "10", "11", "12", "13", "14", "15", "16", "17", 
        "18", "19", "20", "21", "22", "26", "27", "29", "36", 
        "43")), class = "table"), No.Tag = structure(c(0L, 3L, 
    85L, 0L, 0L, 0L, 0L, 29L, 0L, 0L, 0L, 0L, 1L, 0L, 0L), .Dim = c(5L, 
    3L), .Dimnames = structure(list(c("-2", "-1", "0", "1", NA
    ), c("A", "G", NA)), .Names = c("", "")), class = "table"), 
    All.Tags = list(Concordant = list(Freqs = structure(c(0, 
    7, 253, 0, 1, 3, 224, 0), .Dim = c(4L, 2L), .Dimnames = list(
        c("-2", "-1", "0", "1"), c("A", "G"))), N = 488), Majority = list(
        Freqs = structure(c(0, 8, 268, 0, 1, 3, 236, 0), .Dim = c(4L, 
        2L), .Dimnames = list(c("-2", "-1", "0", "1"), c("A", 
        "G"))), N = 516)), `2` = structure(c(0, 6, 199, 0, 1, 
    1, 170, 0), .Dim = c(4L, 2L), .Dimnames = list(c("-2", "-1", 
    "0", "1"), c("A", "G"))))))
