Results <-
list(`bwa.out//20220204//BlindCMMRD88_S47.sam` = list(LR20_SNP1 = list(
    All = list(Freqs = structure(c(0L, 0L, 1L, 0L, 0L, 1L, 8L, 
    2636L, 9L, 3L, 0L, 18L, 2730L, 6L, 5L, 0L, 0L, 1L, 0L, 0L, 
    0L, 0L, 28L, 0L, 0L), .Dim = c(5L, 5L), .Dimnames = structure(list(
        c("-2", "-1", "0", "1", NA), c("-", "A", "G", "T", NA
        )), .Names = c("", "")), class = "table"), N = 5446L), 
    Tag.Distribution = structure(c(`1` = 146L, `2` = 77L, `3` = 71L, 
    `4` = 55L, `5` = 49L, `6` = 31L, `7` = 33L, `8` = 32L, `9` = 19L, 
    `10` = 20L, `11` = 22L, `12` = 21L, `13` = 13L, `14` = 8L, 
    `15` = 12L, `16` = 8L, `17` = 14L, `18` = 7L, `19` = 5L, 
    `20` = 9L, `21` = 7L, `22` = 6L, `23` = 2L, `24` = 5L, `25` = 6L, 
    `26` = 5L, `27` = 1L, `28` = 2L, `29` = 2L, `30` = 1L, `31` = 3L, 
    `33` = 2L, `34` = 1L, `35` = 2L, `36` = 1L, `38` = 1L, `39` = 1L, 
    `40` = 1L, `41` = 2L, `42` = 2L, `45` = 1L, `54` = 1L), .Dim = 42L, .Dimnames = list(
        TagUsage = c("1", "2", "3", "4", "5", "6", "7", "8", 
        "9", "10", "11", "12", "13", "14", "15", "16", "17", 
        "18", "19", "20", "21", "22", "23", "24", "25", "26", 
        "27", "28", "29", "30", "31", "33", "34", "35", "36", 
        "38", "39", "40", "41", "42", "45", "54")), class = "table"), 
    No.Tag = structure(c(0L, 0L, 0L, 0L, 0L, 0L, 0L, 65L, 0L, 
    1L, 0L, 0L, 54L, 0L, 3L, 0L, 0L, 0L, 0L, 0L, 0L, 0L, 2L, 
    0L, 0L), .Dim = c(5L, 5L), .Dimnames = structure(list(c("-2", 
    "-1", "0", "1", NA), c("-", "A", "G", "T", NA)), .Names = c("", 
    "")), class = "table"), All.Tags = list(Concordant = list(
        Freqs = structure(c(0, 0, 0, 0, 0, 1, 311, 0, 0, 0, 314, 
        0, 0, 0, 0, 0), .Dim = c(4L, 4L), .Dimnames = list(c("-2", 
        "-1", "0", "1"), c("-", "A", "G", "T"))), N = 626), Majority = list(
        Freqs = structure(c(0, 0, 0, 0, 0, 1, 350, 0, 0, 1, 347, 
        1, 0, 0, 0, 0), .Dim = c(4L, 4L), .Dimnames = list(c("-2", 
        "-1", "0", "1"), c("-", "A", "G", "T"))), N = 700)), 
    `2` = structure(c(0, 0, 0, 0, 0, 0, 281, 0, 0, 1, 273, 1, 
    0, 0, 0, 0), .Dim = c(4L, 4L), .Dimnames = list(c("-2", "-1", 
    "0", "1"), c("-", "A", "G", "T"))))))
