Results <-
list(`bwa.out//20220204//BlindCMMRD114_S40.sam` = list(GM17_SNP1 = list(
    All = list(Freqs = structure(c(0L, 30L, 2361L, 9L, 2L, 1L, 
    26L, 2529L, 6L, 0L, 0L, 0L, 15L, 0L, 0L), .Dim = c(5L, 3L
    ), .Dimnames = structure(list(c("-2", "-1", "0", "1", NA), 
        c("C", "T", NA)), .Names = c("", "")), class = "table"), 
        N = 4979L), Tag.Distribution = structure(c(`1` = 75L, 
    `2` = 51L, `3` = 81L, `4` = 61L, `5` = 71L, `6` = 52L, `7` = 49L, 
    `8` = 59L, `9` = 47L, `10` = 42L, `11` = 25L, `12` = 28L, 
    `13` = 27L, `14` = 12L, `15` = 19L, `16` = 8L, `18` = 6L, 
    `19` = 1L, `20` = 4L, `21` = 3L, `22` = 2L, `24` = 1L, `28` = 1L
    ), .Dim = 23L, .Dimnames = list(TagUsage = c("1", "2", "3", 
    "4", "5", "6", "7", "8", "9", "10", "11", "12", "13", "14", 
    "15", "16", "18", "19", "20", "21", "22", "24", "28")), class = "table"), 
    No.Tag = structure(c(0L, 0L, 35L, 0L, 0L, 0L, 0L, 45L, 0L, 
    0L, 0L, 0L, 1L, 0L, 0L), .Dim = c(5L, 3L), .Dimnames = structure(list(
        c("-2", "-1", "0", "1", NA), c("C", "T", NA)), .Names = c("", 
    "")), class = "table"), All.Tags = list(Concordant = list(
        Freqs = structure(c(0, 0, 304, 0, 0, 1, 323, 0), .Dim = c(4L, 
        2L), .Dimnames = list(c("-2", "-1", "0", "1"), c("C", 
        "T"))), N = 628), Majority = list(Freqs = structure(c(0, 
    0, 354, 0, 0, 1, 367, 0), .Dim = c(4L, 2L), .Dimnames = list(
        c("-2", "-1", "0", "1"), c("C", "T"))), N = 722)), `2` = structure(c(0, 
    0, 316, 0, 0, 0, 332, 0), .Dim = c(4L, 2L), .Dimnames = list(
        c("-2", "-1", "0", "1"), c("C", "T"))))))
