Results <-
list(`bwa.out//20220204//Control21_S14.sam` = list(LR10_SNP1 = list(
    All = list(Freqs = structure(c(2L, 61L, 2505L, 17L, 1L, 5L, 
    0L, 0L, 2L, 0L, 0L, 0L, 0L, 0L, 23L, 0L, 0L, 0L), .Dim = c(6L, 
    3L), .Dimnames = structure(list(c("-2", "-1", "0", "1", "2", 
    NA), c("C", "T", NA)), .Names = c("", "")), class = "table"), 
        N = 2616L), Tag.Distribution = structure(c(`1` = 100L, 
    `2` = 44L, `3` = 44L, `4` = 40L, `5` = 30L, `6` = 19L, `7` = 18L, 
    `8` = 20L, `9` = 13L, `10` = 16L, `11` = 15L, `12` = 9L, 
    `13` = 8L, `14` = 7L, `15` = 4L, `16` = 3L, `17` = 8L, `18` = 3L, 
    `19` = 3L, `20` = 2L, `21` = 3L, `22` = 1L, `23` = 2L, `24` = 1L, 
    `25` = 1L, `26` = 1L, `28` = 1L, `30` = 1L, `35` = 1L, `37` = 1L
    ), .Dim = 30L, .Dimnames = list(TagUsage = c("1", "2", "3", 
    "4", "5", "6", "7", "8", "9", "10", "11", "12", "13", "14", 
    "15", "16", "17", "18", "19", "20", "21", "22", "23", "24", 
    "25", "26", "28", "30", "35", "37")), class = "table"), No.Tag = structure(c(0L, 
    2L, 94L, 0L, 0L, 1L, 0L, 0L, 0L, 0L, 0L, 0L, 0L, 0L, 6L, 
    0L, 0L, 0L), .Dim = c(6L, 3L), .Dimnames = structure(list(
        c("-2", "-1", "0", "1", "2", NA), c("C", "T", NA)), .Names = c("", 
    "")), class = "table"), All.Tags = list(Concordant = list(
        Freqs = structure(c(0, 4, 355, 0, 1, 0, 0, 0, 0, 0), .Dim = c(5L, 
        2L), .Dimnames = list(c("-2", "-1", "0", "1", "2"), c("C", 
        "T"))), N = 360), Majority = list(Freqs = structure(c(0, 
    5, 408, 0, 1, 0, 0, 0, 0, 0), .Dim = c(5L, 2L), .Dimnames = list(
        c("-2", "-1", "0", "1", "2"), c("C", "T"))), N = 414)), 
    `2` = structure(c(0, 1, 318, 0, 0, 0, 0, 0, 0, 0), .Dim = c(5L, 
    2L), .Dimnames = list(c("-2", "-1", "0", "1", "2"), c("C", 
    "T"))))))
