Results <-
list(`bwa.out//20220204//BlindCMMRD49_S9.sam` = list(LR36_SNP1 = list(
    All = list(Freqs = structure(c(0L, 4L, 86L, 1926L, 17L, 13L, 
    1L, 3L, 62L, 1954L, 14L, 10L, 0L, 0L, 0L, 126L, 0L, 0L), .Dim = c(6L, 
    3L), .Dimnames = structure(list(c("-3", "-2", "-1", "0", 
    "1", NA), c("A", "T", NA)), .Names = c("", "")), class = "table"), 
        N = 4216L), Tag.Distribution = structure(c(`1` = 57L, 
    `2` = 8L, `3` = 9L, `4` = 14L, `5` = 7L, `6` = 11L, `7` = 7L, 
    `8` = 7L, `9` = 6L, `10` = 3L, `11` = 4L, `12` = 3L, `13` = 3L, 
    `14` = 5L, `15` = 3L, `16` = 4L, `17` = 5L, `18` = 1L, `19` = 1L, 
    `20` = 6L, `21` = 6L, `22` = 2L, `23` = 4L, `24` = 6L, `25` = 3L, 
    `26` = 3L, `27` = 3L, `29` = 2L, `30` = 1L, `31` = 1L, `33` = 2L, 
    `34` = 1L, `35` = 2L, `36` = 2L, `37` = 2L, `38` = 2L, `39` = 2L, 
    `41` = 1L, `44` = 1L, `45` = 1L, `46` = 2L, `49` = 1L, `50` = 3L, 
    `51` = 2L, `54` = 1L, `56` = 1L, `57` = 1L, `58` = 2L, `59` = 2L, 
    `60` = 1L, `61` = 1L, `62` = 1L, `63` = 1L, `65` = 1L, `70` = 1L, 
    `73` = 1L, `85` = 3L, `93` = 1L), .Dim = 58L, .Dimnames = list(
        TagUsage = c("1", "2", "3", "4", "5", "6", "7", "8", 
        "9", "10", "11", "12", "13", "14", "15", "16", "17", 
        "18", "19", "20", "21", "22", "23", "24", "25", "26", 
        "27", "29", "30", "31", "33", "34", "35", "36", "37", 
        "38", "39", "41", "44", "45", "46", "49", "50", "51", 
        "54", "56", "57", "58", "59", "60", "61", "62", "63", 
        "65", "70", "73", "85", "93")), class = "table"), No.Tag = structure(c(0L, 
    0L, 0L, 112L, 2L, 2L, 0L, 0L, 1L, 136L, 2L, 1L, 0L, 0L, 0L, 
    19L, 0L, 0L), .Dim = c(6L, 3L), .Dimnames = structure(list(
        c("-3", "-2", "-1", "0", "1", NA), c("A", "T", NA)), .Names = c("", 
    "")), class = "table"), All.Tags = list(Concordant = list(
        Freqs = structure(c(0, 0, 3, 84, 1, 0, 0, 3, 69, 0), .Dim = c(5L, 
        2L), .Dimnames = list(c("-3", "-2", "-1", "0", "1"), 
            c("A", "T"))), N = 160), Majority = list(Freqs = structure(c(0, 
    0, 3, 119, 1, 0, 0, 3, 105, 0), .Dim = c(5L, 2L), .Dimnames = list(
        c("-3", "-2", "-1", "0", "1"), c("A", "T"))), N = 231)), 
    `2` = structure(c(0, 0, 3, 91, 1, 0, 0, 3, 81, 0), .Dim = c(5L, 
    2L), .Dimnames = list(c("-3", "-2", "-1", "0", "1"), c("A", 
    "T"))))))
