Results <-
list(`bwa.out//20220204//BlindCMMRD49_S9.sam` = list(GM09_SNP1 = list(
    All = list(Freqs = structure(c(13L, 3179L, 4L, 1L, 16L, 3236L, 
    4L, 2L, 0L, 33L, 1L, 0L), .Dim = 4:3, .Dimnames = structure(list(
        c("-1", "0", "1", NA), c("A", "G", NA)), .Names = c("", 
    "")), class = "table"), N = 6489L), Tag.Distribution = structure(c(`1` = 91L, 
    `2` = 21L, `3` = 16L, `4` = 15L, `5` = 15L, `6` = 11L, `7` = 9L, 
    `8` = 9L, `9` = 8L, `10` = 7L, `11` = 11L, `12` = 7L, `13` = 7L, 
    `14` = 8L, `15` = 5L, `16` = 7L, `17` = 5L, `18` = 2L, `19` = 7L, 
    `20` = 2L, `21` = 8L, `22` = 4L, `23` = 7L, `24` = 7L, `25` = 9L, 
    `26` = 3L, `27` = 5L, `29` = 5L, `30` = 3L, `31` = 2L, `32` = 5L, 
    `33` = 4L, `34` = 3L, `35` = 4L, `36` = 2L, `37` = 2L, `39` = 3L, 
    `40` = 2L, `42` = 4L, `44` = 2L, `45` = 1L, `46` = 1L, `48` = 4L, 
    `49` = 4L, `50` = 2L, `51` = 1L, `52` = 1L, `53` = 3L, `54` = 1L, 
    `55` = 1L, `59` = 1L, `60` = 2L, `61` = 3L, `62` = 2L, `63` = 1L, 
    `64` = 1L, `67` = 2L, `68` = 1L, `69` = 2L, `71` = 1L, `74` = 1L, 
    `80` = 1L, `86` = 2L, `89` = 1L), .Dim = 64L, .Dimnames = list(
        TagUsage = c("1", "2", "3", "4", "5", "6", "7", "8", 
        "9", "10", "11", "12", "13", "14", "15", "16", "17", 
        "18", "19", "20", "21", "22", "23", "24", "25", "26", 
        "27", "29", "30", "31", "32", "33", "34", "35", "36", 
        "37", "39", "40", "42", "44", "45", "46", "48", "49", 
        "50", "51", "52", "53", "54", "55", "59", "60", "61", 
        "62", "63", "64", "67", "68", "69", "71", "74", "80", 
        "86", "89")), class = "table"), No.Tag = structure(c(0L, 
    48L, 0L, 0L, 0L, 49L, 0L, 0L, 0L, 2L, 0L, 0L), .Dim = 4:3, .Dimnames = structure(list(
        c("-1", "0", "1", NA), c("A", "G", NA)), .Names = c("", 
    "")), class = "table"), All.Tags = list(Concordant = list(
        Freqs = structure(c(0, 174, 0, 1, 165, 0), .Dim = 3:2, .Dimnames = list(
            c("-1", "0", "1"), c("A", "G"))), N = 340), Majority = list(
        Freqs = structure(c(0, 196, 0, 1, 184, 0), .Dim = 3:2, .Dimnames = list(
            c("-1", "0", "1"), c("A", "G"))), N = 381)), `2` = structure(c(0, 
    151, 0, 0, 142, 0), .Dim = 3:2, .Dimnames = list(c("-1", 
    "0", "1"), c("A", "G"))))))
