Results <-
list(`bwa.out//20220204//BlindCMMRD54_S13.sam` = list(IM49_SNP1 = list(
    All = list(Freqs = structure(c(0L, 1L, 0L, 0L, 0L, 0L, 0L, 
    2L, 3L, 0L, 0L, 1L, 9L, 190L, 5062L, 85L, 2L, 28L, 0L, 9L, 
    474L, 4L, 0L, 0L), .Dim = c(6L, 4L), .Dimnames = structure(list(
        c("-2", "-1", "0", "1", "2", NA), c("A", "C", "G", NA
        )), .Names = c("", "")), class = "table"), N = 5870L), 
    Tag.Distribution = structure(c(`1` = 271L, `2` = 87L, `3` = 77L, 
    `4` = 56L, `5` = 52L, `6` = 41L, `7` = 29L, `8` = 29L, `9` = 29L, 
    `10` = 31L, `11` = 23L, `12` = 23L, `13` = 26L, `14` = 17L, 
    `15` = 8L, `16` = 11L, `17` = 8L, `18` = 12L, `19` = 7L, 
    `20` = 6L, `21` = 9L, `22` = 8L, `23` = 5L, `24` = 9L, `25` = 2L, 
    `26` = 6L, `27` = 1L, `28` = 5L, `30` = 3L, `31` = 1L, `32` = 2L, 
    `35` = 1L, `36` = 1L), .Dim = 33L, .Dimnames = list(TagUsage = c("1", 
    "2", "3", "4", "5", "6", "7", "8", "9", "10", "11", "12", 
    "13", "14", "15", "16", "17", "18", "19", "20", "21", "22", 
    "23", "24", "25", "26", "27", "28", "30", "31", "32", "35", 
    "36")), class = "table"), No.Tag = structure(c(0L, 0L, 0L, 
    0L, 0L, 0L, 0L, 0L, 0L, 0L, 0L, 0L, 0L, 0L, 115L, 3L, 0L, 
    0L, 0L, 0L, 9L, 0L, 0L, 0L), .Dim = c(6L, 4L), .Dimnames = structure(list(
        c("-2", "-1", "0", "1", "2", NA), c("A", "C", "G", NA
        )), .Names = c("", "")), class = "table"), All.Tags = list(
        Concordant = list(Freqs = structure(c(0, 0, 0, 0, 0, 
        0, 2, 2, 0, 0, 1, 16, 607, 0, 0), .Dim = c(5L, 3L), .Dimnames = list(
            c("-2", "-1", "0", "1", "2"), c("A", "C", "G"))), 
            N = 628), Majority = list(Freqs = structure(c(0, 
        0, 0, 0, 0, 0, 2, 2, 0, 0, 1, 18, 764, 0, 0), .Dim = c(5L, 
        3L), .Dimnames = list(c("-2", "-1", "0", "1", "2"), c("A", 
        "C", "G"))), N = 787)), `2` = structure(c(0, 0, 0, 0, 
    0, 0, 0, 0, 0, 0, 1, 7, 603, 0, 0), .Dim = c(5L, 3L), .Dimnames = list(
        c("-2", "-1", "0", "1", "2"), c("A", "C", "G"))))))
