Results <-
list(`bwa.out//20220204//BlindCMMRD92_S51.sam` = list(LR48_SNP1 = list(
    All = list(Freqs = structure(c(2L, 104L, 4449L, 60L, 25L, 
    0L, 0L, 2L, 0L, 0L, 0L, 0L, 78L, 3L, 0L), .Dim = c(5L, 3L
    ), .Dimnames = structure(list(c("-2", "-1", "0", "1", NA), 
        c("C", "T", NA)), .Names = c("", "")), class = "table"), 
        N = 4723L), Tag.Distribution = structure(c(`1` = 82L, 
    `2` = 25L, `3` = 17L, `4` = 30L, `5` = 22L, `6` = 13L, `7` = 13L, 
    `8` = 17L, `9` = 17L, `10` = 14L, `11` = 12L, `12` = 6L, 
    `13` = 12L, `14` = 9L, `15` = 6L, `16` = 11L, `17` = 8L, 
    `18` = 5L, `19` = 3L, `20` = 8L, `21` = 5L, `22` = 9L, `23` = 2L, 
    `24` = 4L, `25` = 4L, `26` = 5L, `27` = 4L, `28` = 2L, `29` = 3L, 
    `30` = 4L, `31` = 5L, `32` = 4L, `33` = 1L, `34` = 4L, `35` = 4L, 
    `36` = 3L, `37` = 1L, `39` = 3L, `40` = 2L, `41` = 2L, `43` = 1L, 
    `44` = 1L, `47` = 1L, `55` = 1L, `62` = 1L, `66` = 1L, `72` = 1L
    ), .Dim = 47L, .Dimnames = list(TagUsage = c("1", "2", "3", 
    "4", "5", "6", "7", "8", "9", "10", "11", "12", "13", "14", 
    "15", "16", "17", "18", "19", "20", "21", "22", "23", "24", 
    "25", "26", "27", "28", "29", "30", "31", "32", "33", "34", 
    "35", "36", "37", "39", "40", "41", "43", "44", "47", "55", 
    "62", "66", "72")), class = "table"), No.Tag = structure(c(0L, 
    0L, 62L, 0L, 0L, 0L, 0L, 0L, 0L, 0L, 0L, 0L, 4L, 0L, 0L), .Dim = c(5L, 
    3L), .Dimnames = structure(list(c("-2", "-1", "0", "1", NA
    ), c("C", "T", NA)), .Names = c("", "")), class = "table"), 
    All.Tags = list(Concordant = list(Freqs = structure(c(0, 
    2, 277, 1, 0, 0, 1, 0), .Dim = c(4L, 2L), .Dimnames = list(
        c("-2", "-1", "0", "1"), c("C", "T"))), N = 281), Majority = list(
        Freqs = structure(c(0, 2, 393, 1, 0, 0, 1, 0), .Dim = c(4L, 
        2L), .Dimnames = list(c("-2", "-1", "0", "1"), c("C", 
        "T"))), N = 397)), `2` = structure(c(0, 0, 325, 0, 0, 
    0, 0, 0), .Dim = c(4L, 2L), .Dimnames = list(c("-2", "-1", 
    "0", "1"), c("C", "T"))))))
