Results <-
list(`bwa.out//20220204//BlindCMMRD76_S35.sam` = list(LR44_SNP1 = list(
    All = list(Freqs = structure(c(0L, 16L, 290L, 2960L, 37L, 
    0L, 11L, 0L, 0L, 1L, 1L, 0L, 0L, 0L, 1L, 14L, 270L, 2970L, 
    61L, 4L, 18L, 0L, 0L, 12L, 104L, 2L, 0L, 0L), .Dim = c(7L, 
    4L), .Dimnames = structure(list(c("-4", "-2", "-1", "0", 
    "1", "2", NA), c("C", "G", "T", NA)), .Names = c("", "")), class = "table"), 
        N = 6772L), Tag.Distribution = structure(c(`1` = 128L, 
    `2` = 55L, `3` = 51L, `4` = 44L, `5` = 42L, `6` = 34L, `7` = 33L, 
    `8` = 28L, `9` = 38L, `10` = 23L, `11` = 23L, `12` = 14L, 
    `13` = 24L, `14` = 19L, `15` = 22L, `16` = 18L, `17` = 20L, 
    `18` = 20L, `19` = 13L, `20` = 13L, `21` = 12L, `22` = 4L, 
    `23` = 9L, `24` = 7L, `25` = 10L, `26` = 4L, `27` = 3L, `28` = 3L, 
    `29` = 3L, `30` = 2L, `31` = 2L, `33` = 1L, `34` = 2L, `35` = 1L, 
    `36` = 1L, `38` = 2L, `40` = 1L, `41` = 1L), .Dim = 38L, .Dimnames = list(
        TagUsage = c("1", "2", "3", "4", "5", "6", "7", "8", 
        "9", "10", "11", "12", "13", "14", "15", "16", "17", 
        "18", "19", "20", "21", "22", "23", "24", "25", "26", 
        "27", "28", "29", "30", "31", "33", "34", "35", "36", 
        "38", "40", "41")), class = "table"), No.Tag = structure(c(0L, 
    0L, 12L, 73L, 1L, 0L, 1L, 0L, 0L, 0L, 0L, 0L, 0L, 0L, 0L, 
    0L, 3L, 75L, 0L, 0L, 1L, 0L, 0L, 1L, 1L, 0L, 0L, 0L), .Dim = c(7L, 
    4L), .Dimnames = structure(list(c("-4", "-2", "-1", "0", 
    "1", "2", NA), c("C", "G", "T", NA)), .Names = c("", "")), class = "table"), 
    All.Tags = list(Concordant = list(Freqs = structure(c(0, 
    0, 9, 197, 1, 0, 0, 0, 0, 0, 0, 0, 0, 0, 11, 205, 2, 0), .Dim = c(6L, 
    3L), .Dimnames = list(c("-4", "-2", "-1", "0", "1", "2"), 
        c("C", "G", "T"))), N = 425), Majority = list(Freqs = structure(c(0, 
    0, 10, 332, 1, 0, 0, 0, 0, 0, 0, 0, 0, 0, 15, 341, 2, 0), .Dim = c(6L, 
    3L), .Dimnames = list(c("-4", "-2", "-1", "0", "1", "2"), 
        c("C", "G", "T"))), N = 701)), `2` = structure(c(0, 0, 
    6, 283, 0, 0, 0, 0, 0, 0, 0, 0, 0, 0, 9, 288, 2, 0), .Dim = c(6L, 
    3L), .Dimnames = list(c("-4", "-2", "-1", "0", "1", "2"), 
        c("C", "G", "T"))))))
