Results <-
list(`bwa.out//20220204//BlindCMMRD90_S49.sam` = list(LR40_SNP1 = list(
    All = list(Freqs = structure(c(0L, 0L, 0L, 3L, 0L, 0L, 0L, 
    1L, 3L, 46L, 5225L, 13L, 1L, 7L, 0L, 0L, 0L, 1L, 0L, 0L, 
    0L, 0L, 0L, 0L, 29L, 0L, 0L, 0L), .Dim = c(7L, 4L), .Dimnames = structure(list(
        c("-3", "-2", "-1", "0", "1", "2", NA), c("A", "C", "T", 
        NA)), .Names = c("", "")), class = "table"), N = 5329L), 
    Tag.Distribution = structure(c(`1` = 137L, `2` = 68L, `3` = 61L, 
    `4` = 57L, `5` = 54L, `6` = 49L, `7` = 37L, `8` = 36L, `9` = 23L, 
    `10` = 19L, `11` = 18L, `12` = 24L, `13` = 11L, `14` = 9L, 
    `15` = 16L, `16` = 11L, `17` = 6L, `18` = 5L, `19` = 9L, 
    `20` = 7L, `21` = 10L, `22` = 5L, `23` = 2L, `24` = 2L, `25` = 5L, 
    `26` = 6L, `27` = 5L, `28` = 5L, `30` = 1L, `33` = 2L, `35` = 3L, 
    `39` = 1L, `40` = 1L, `43` = 1L, `44` = 1L), .Dim = 35L, .Dimnames = list(
        TagUsage = c("1", "2", "3", "4", "5", "6", "7", "8", 
        "9", "10", "11", "12", "13", "14", "15", "16", "17", 
        "18", "19", "20", "21", "22", "23", "24", "25", "26", 
        "27", "28", "30", "33", "35", "39", "40", "43", "44")), class = "table"), 
    No.Tag = structure(c(0L, 0L, 0L, 0L, 0L, 0L, 0L, 0L, 0L, 
    1L, 121L, 2L, 0L, 1L, 0L, 0L, 0L, 0L, 0L, 0L, 0L, 0L, 0L, 
    0L, 1L, 0L, 0L, 0L), .Dim = c(7L, 4L), .Dimnames = structure(list(
        c("-3", "-2", "-1", "0", "1", "2", NA), c("A", "C", "T", 
        NA)), .Names = c("", "")), class = "table"), All.Tags = list(
        Concordant = list(Freqs = structure(c(0, 0, 0, 1, 0, 
        0, 0, 0, 2, 644, 0, 0, 0, 0, 0, 0, 0, 0), .Dim = c(6L, 
        3L), .Dimnames = list(c("-3", "-2", "-1", "0", "1", "2"
        ), c("A", "C", "T"))), N = 647), Majority = list(Freqs = structure(c(0, 
        0, 0, 1, 0, 0, 0, 0, 2, 695, 0, 0, 0, 0, 0, 0, 0, 0), .Dim = c(6L, 
        3L), .Dimnames = list(c("-3", "-2", "-1", "0", "1", "2"
        ), c("A", "C", "T"))), N = 698)), `2` = structure(c(0, 
    0, 0, 0, 0, 0, 0, 0, 0, 566, 0, 0, 0, 0, 0, 0, 0, 0), .Dim = c(6L, 
    3L), .Dimnames = list(c("-3", "-2", "-1", "0", "1", "2"), 
        c("A", "C", "T"))))))
