Results <-
list(`bwa.out//20220204//BlindCMMRD63_S22.sam` = list(GM01_SNP1 = list(
    All = list(Freqs = structure(c(62L, 5276L, 9L, 5L, 0L, 3L, 
    0L, 0L, 1L, 56L, 0L, 0L), .Dim = 4:3, .Dimnames = structure(list(
        c("-1", "0", "1", NA), c("A", "G", NA)), .Names = c("", 
    "")), class = "table"), N = 5412L), Tag.Distribution = structure(c(`1` = 120L, 
    `2` = 67L, `3` = 43L, `4` = 52L, `5` = 53L, `6` = 37L, `7` = 39L, 
    `8` = 43L, `9` = 33L, `10` = 32L, `11` = 26L, `12` = 21L, 
    `13` = 18L, `14` = 18L, `15` = 12L, `16` = 11L, `17` = 11L, 
    `18` = 19L, `19` = 9L, `20` = 7L, `21` = 7L, `22` = 7L, `23` = 3L, 
    `24` = 2L, `25` = 2L, `26` = 2L, `27` = 1L, `28` = 1L, `29` = 2L, 
    `32` = 1L, `36` = 1L, `38` = 1L, `41` = 1L), .Dim = 33L, .Dimnames = list(
        TagUsage = c("1", "2", "3", "4", "5", "6", "7", "8", 
        "9", "10", "11", "12", "13", "14", "15", "16", "17", 
        "18", "19", "20", "21", "22", "23", "24", "25", "26", 
        "27", "28", "29", "32", "36", "38", "41")), class = "table"), 
    No.Tag = structure(c(0L, 95L, 0L, 0L, 0L, 2L, 0L, 0L, 0L, 
    3L, 0L, 0L), .Dim = 4:3, .Dimnames = structure(list(c("-1", 
    "0", "1", NA), c("A", "G", NA)), .Names = c("", "")), class = "table"), 
    All.Tags = list(Concordant = list(Freqs = structure(c(1, 
    631, 0, 0, 1, 0), .Dim = 3:2, .Dimnames = list(c("-1", "0", 
    "1"), c("A", "G"))), N = 633), Majority = list(Freqs = structure(c(1, 
    693, 0, 0, 1, 0), .Dim = 3:2, .Dimnames = list(c("-1", "0", 
    "1"), c("A", "G"))), N = 695)), `2` = structure(c(0, 582, 
    0, 0, 0, 0), .Dim = 3:2, .Dimnames = list(c("-1", "0", "1"
    ), c("A", "G"))))))
