Results <-
list(`bwa.out//20220204//17D0944_S7.sam` = list(LR24_SNP1 = list(
    All = list(Freqs = structure(c(0L, 2L, 0L, 0L, 0L, 4L, 0L, 
    0L, 31L, 4875L, 15L, 4L, 0L, 27L, 0L, 0L), .Dim = c(4L, 4L
    ), .Dimnames = structure(list(c("-1", "0", "1", NA), c("-", 
    "A", "G", NA)), .Names = c("", "")), class = "table"), N = 4958L), 
    Tag.Distribution = structure(c(`1` = 203L, `2` = 86L, `3` = 66L, 
    `4` = 63L, `5` = 68L, `6` = 44L, `7` = 39L, `8` = 35L, `9` = 25L, 
    `10` = 22L, `11` = 20L, `12` = 19L, `13` = 26L, `14` = 17L, 
    `15` = 8L, `16` = 14L, `17` = 7L, `18` = 10L, `19` = 4L, 
    `20` = 3L, `21` = 3L, `22` = 2L, `23` = 4L, `24` = 5L, `25` = 5L, 
    `26` = 3L, `30` = 1L, `32` = 1L), .Dim = 28L, .Dimnames = list(
        TagUsage = c("1", "2", "3", "4", "5", "6", "7", "8", 
        "9", "10", "11", "12", "13", "14", "15", "16", "17", 
        "18", "19", "20", "21", "22", "23", "24", "25", "26", 
        "30", "32")), class = "table"), No.Tag = structure(c(0L, 
    0L, 0L, 0L, 0L, 1L, 0L, 0L, 0L, 141L, 0L, 1L, 0L, 1L, 0L, 
    0L), .Dim = c(4L, 4L), .Dimnames = structure(list(c("-1", 
    "0", "1", NA), c("-", "A", "G", NA)), .Names = c("", "")), class = "table"), 
    All.Tags = list(Concordant = list(Freqs = structure(c(0, 
    0, 0, 0, 3, 0, 1, 762, 1), .Dim = c(3L, 3L), .Dimnames = list(
        c("-1", "0", "1"), c("-", "A", "G"))), N = 767), Majority = list(
        Freqs = structure(c(0, 0, 0, 0, 3, 0, 2, 792, 1), .Dim = c(3L, 
        3L), .Dimnames = list(c("-1", "0", "1"), c("-", "A", 
        "G"))), N = 798)), `2` = structure(c(0, 0, 0, 0, 0, 0, 
    2, 598, 0), .Dim = c(3L, 3L), .Dimnames = list(c("-1", "0", 
    "1"), c("-", "A", "G"))))))
