Results <-
list(`bwa.out//20220204//BlindCMMRD46_S6.sam` = list(LR44_SNP1 = list(
    All = list(Freqs = structure(c(0L, 0L, 1L, 0L, 0L, 0L, 0L, 
    0L, 7L, 171L, 2568L, 31L, 1L, 9L, 1L, 10L, 180L, 2292L, 50L, 
    0L, 16L, 0L, 0L, 5L, 97L, 1L, 1L, 0L), .Dim = c(7L, 4L), .Dimnames = structure(list(
        c("-3", "-2", "-1", "0", "1", "2", NA), c("A", "C", "T", 
        NA)), .Names = c("", "")), class = "table"), N = 5441L), 
    Tag.Distribution = structure(c(`1` = 89L, `2` = 26L, `3` = 20L, 
    `4` = 23L, `5` = 20L, `6` = 24L, `7` = 19L, `8` = 22L, `9` = 24L, 
    `10` = 17L, `11` = 23L, `12` = 16L, `13` = 18L, `14` = 10L, 
    `15` = 15L, `16` = 5L, `17` = 5L, `18` = 4L, `19` = 4L, `20` = 6L, 
    `21` = 7L, `22` = 5L, `23` = 7L, `24` = 5L, `25` = 1L, `26` = 9L, 
    `27` = 5L, `28` = 2L, `29` = 4L, `30` = 5L, `31` = 6L, `32` = 5L, 
    `33` = 4L, `34` = 4L, `35` = 2L, `36` = 1L, `37` = 3L, `38` = 1L, 
    `39` = 3L, `40` = 1L, `41` = 3L, `42` = 1L, `43` = 1L, `44` = 1L, 
    `45` = 1L, `50` = 1L), .Dim = 46L, .Dimnames = list(TagUsage = c("1", 
    "2", "3", "4", "5", "6", "7", "8", "9", "10", "11", "12", 
    "13", "14", "15", "16", "17", "18", "19", "20", "21", "22", 
    "23", "24", "25", "26", "27", "28", "29", "30", "31", "32", 
    "33", "34", "35", "36", "37", "38", "39", "40", "41", "42", 
    "43", "44", "45", "50")), class = "table"), No.Tag = structure(c(0L, 
    0L, 0L, 0L, 0L, 0L, 0L, 0L, 0L, 2L, 48L, 2L, 0L, 1L, 0L, 
    0L, 2L, 40L, 1L, 0L, 2L, 0L, 0L, 1L, 6L, 0L, 0L, 0L), .Dim = c(7L, 
    4L), .Dimnames = structure(list(c("-3", "-2", "-1", "0", 
    "1", "2", NA), c("A", "C", "T", NA)), .Names = c("", "")), class = "table"), 
    All.Tags = list(Concordant = list(Freqs = structure(c(0, 
    0, 0, 0, 0, 0, 0, 0, 3, 127, 0, 0, 0, 1, 7, 122, 0, 0), .Dim = c(6L, 
    3L), .Dimnames = list(c("-3", "-2", "-1", "0", "1", "2"), 
        c("A", "C", "T"))), N = 260), Majority = list(Freqs = structure(c(0, 
    0, 0, 0, 0, 0, 0, 0, 5, 226, 0, 0, 0, 1, 9, 229, 1, 0), .Dim = c(6L, 
    3L), .Dimnames = list(c("-3", "-2", "-1", "0", "1", "2"), 
        c("A", "C", "T"))), N = 471)), `2` = structure(c(0, 0, 
    0, 0, 0, 0, 0, 0, 3, 197, 0, 0, 0, 0, 3, 182, 1, 0), .Dim = c(6L, 
    3L), .Dimnames = list(c("-3", "-2", "-1", "0", "1", "2"), 
        c("A", "C", "T"))))))
