Results <-
list(`bwa.out//20220204//BlindCMMRD54_S13.sam` = list(LR11_SNP1 = list(
    All = list(Freqs = structure(c(10L, 61L, 2202L, 12L, 7L, 
    1L, 55L, 1712L, 12L, 2L, 0L, 2L, 65L, 0L, 0L), .Dim = c(5L, 
    3L), .Dimnames = structure(list(c("-2", "-1", "0", "1", NA
    ), c("A", "C", NA)), .Names = c("", "")), class = "table"), 
        N = 4141L), Tag.Distribution = structure(c(`1` = 77L, 
    `2` = 39L, `3` = 26L, `4` = 34L, `5` = 26L, `6` = 19L, `7` = 25L, 
    `8` = 16L, `9` = 15L, `10` = 14L, `11` = 14L, `12` = 11L, 
    `13` = 13L, `14` = 8L, `15` = 4L, `16` = 13L, `17` = 15L, 
    `18` = 10L, `19` = 9L, `20` = 10L, `21` = 4L, `22` = 9L, 
    `23` = 9L, `24` = 2L, `25` = 7L, `26` = 5L, `27` = 1L, `28` = 2L, 
    `30` = 1L, `31` = 3L, `32` = 1L, `33` = 3L, `34` = 1L, `35` = 1L, 
    `37` = 1L), .Dim = 35L, .Dimnames = list(TagUsage = c("1", 
    "2", "3", "4", "5", "6", "7", "8", "9", "10", "11", "12", 
    "13", "14", "15", "16", "17", "18", "19", "20", "21", "22", 
    "23", "24", "25", "26", "27", "28", "30", "31", "32", "33", 
    "34", "35", "37")), class = "table"), No.Tag = structure(c(0L, 
    1L, 8L, 0L, 0L, 0L, 0L, 14L, 0L, 1L, 0L, 0L, 0L, 0L, 0L), .Dim = c(5L, 
    3L), .Dimnames = structure(list(c("-2", "-1", "0", "1", NA
    ), c("A", "C", NA)), .Names = c("", "")), class = "table"), 
    All.Tags = list(Concordant = list(Freqs = structure(c(1, 
    3, 200, 0, 0, 4, 145, 0), .Dim = c(4L, 2L), .Dimnames = list(
        c("-2", "-1", "0", "1"), c("A", "C"))), N = 353), Majority = list(
        Freqs = structure(c(1, 4, 245, 0, 0, 4, 185, 0), .Dim = c(4L, 
        2L), .Dimnames = list(c("-2", "-1", "0", "1"), c("A", 
        "C"))), N = 439)), `2` = structure(c(1, 4, 205, 0, 0, 
    2, 156, 0), .Dim = c(4L, 2L), .Dimnames = list(c("-2", "-1", 
    "0", "1"), c("A", "C"))))))
