Results <-
list(`bwa.out//20220204//BlindCMMRD130_S56.sam` = list(GM14_SNP1 = list(
    All = list(Freqs = structure(c(2L, 60L, 1834L, 6L, 6L, 0L, 
    39L, 1658L, 14L, 1L, 0L, 0L, 23L, 0L, 0L), .Dim = c(5L, 3L
    ), .Dimnames = structure(list(c("-2", "-1", "0", "1", NA), 
        c("C", "T", NA)), .Names = c("", "")), class = "table"), 
        N = 3643L), Tag.Distribution = structure(c(`1` = 122L, 
    `2` = 113L, `3` = 97L, `4` = 97L, `5` = 60L, `6` = 51L, `7` = 45L, 
    `8` = 43L, `9` = 25L, `10` = 27L, `11` = 23L, `12` = 13L, 
    `13` = 7L, `14` = 6L, `15` = 5L, `16` = 4L, `19` = 1L, `20` = 1L, 
    `23` = 1L, `25` = 1L), .Dim = 20L, .Dimnames = list(TagUsage = c("1", 
    "2", "3", "4", "5", "6", "7", "8", "9", "10", "11", "12", 
    "13", "14", "15", "16", "19", "20", "23", "25")), class = "table"), 
    No.Tag = structure(c(0L, 1L, 30L, 0L, 0L, 0L, 0L, 15L, 0L, 
    0L, 0L, 0L, 0L, 0L, 0L), .Dim = c(5L, 3L), .Dimnames = structure(list(
        c("-2", "-1", "0", "1", NA), c("C", "T", NA)), .Names = c("", 
    "")), class = "table"), All.Tags = list(Concordant = list(
        Freqs = structure(c(0, 0, 300, 1, 0, 1, 305, 3), .Dim = c(4L, 
        2L), .Dimnames = list(c("-2", "-1", "0", "1"), c("C", 
        "T"))), N = 610), Majority = list(Freqs = structure(c(0, 
    0, 365, 1, 0, 1, 357, 3), .Dim = c(4L, 2L), .Dimnames = list(
        c("-2", "-1", "0", "1"), c("C", "T"))), N = 727)), `2` = structure(c(0, 
    0, 315, 1, 0, 0, 292, 1), .Dim = c(4L, 2L), .Dimnames = list(
        c("-2", "-1", "0", "1"), c("C", "T"))))))
