Results <-
list(`bwa.out//20220204//17D0939_S6.sam` = list(GM11_SNP1 = list(
    All = list(Freqs = structure(c(0L, 7L, 1775L, 4L, 2L, 2L, 
    5L, 1858L, 6L, 0L, 0L, 0L, 6L, 0L, 0L, 0L, 0L, 25L, 0L, 0L
    ), .Dim = 5:4, .Dimnames = structure(list(c("-2", "-1", "0", 
    "1", NA), c("A", "G", "T", NA)), .Names = c("", "")), class = "table"), 
        N = 3690L), Tag.Distribution = structure(c(`1` = 89L, 
    `2` = 35L, `3` = 35L, `4` = 29L, `5` = 22L, `6` = 17L, `7` = 23L, 
    `8` = 14L, `9` = 22L, `10` = 15L, `11` = 6L, `12` = 14L, 
    `13` = 6L, `14` = 12L, `15` = 2L, `16` = 10L, `17` = 6L, 
    `18` = 5L, `19` = 4L, `20` = 4L, `21` = 6L, `22` = 4L, `23` = 3L, 
    `24` = 7L, `25` = 4L, `26` = 4L, `27` = 2L, `28` = 3L, `30` = 2L, 
    `31` = 1L, `32` = 2L, `33` = 1L, `34` = 2L, `35` = 1L, `36` = 1L, 
    `38` = 2L, `40` = 1L, `42` = 2L, `43` = 1L, `54` = 1L), .Dim = 40L, .Dimnames = list(
        TagUsage = c("1", "2", "3", "4", "5", "6", "7", "8", 
        "9", "10", "11", "12", "13", "14", "15", "16", "17", 
        "18", "19", "20", "21", "22", "23", "24", "25", "26", 
        "27", "28", "30", "31", "32", "33", "34", "35", "36", 
        "38", "40", "42", "43", "54")), class = "table"), No.Tag = structure(c(0L, 
    0L, 13L, 0L, 0L, 0L, 0L, 29L, 0L, 0L, 0L, 0L, 0L, 0L, 0L, 
    0L, 0L, 0L, 0L, 0L), .Dim = 5:4, .Dimnames = structure(list(
        c("-2", "-1", "0", "1", NA), c("A", "G", "T", NA)), .Names = c("", 
    "")), class = "table"), All.Tags = list(Concordant = list(
        Freqs = structure(c(0, 1, 196, 0, 0, 0, 174, 0, 0, 0, 
        0, 0), .Dim = 4:3, .Dimnames = list(c("-2", "-1", "0", 
        "1"), c("A", "G", "T"))), N = 371), Majority = list(Freqs = structure(c(0, 
    1, 215, 0, 0, 0, 198, 0, 0, 0, 0, 0), .Dim = 4:3, .Dimnames = list(
        c("-2", "-1", "0", "1"), c("A", "G", "T"))), N = 414)), 
    `2` = structure(c(0, 0, 171, 0, 0, 0, 156, 0, 0, 0, 0, 0), .Dim = 4:3, .Dimnames = list(
        c("-2", "-1", "0", "1"), c("A", "G", "T"))))))
