Results <-
list(`bwa.out//20220204//BlindCMMRD61_S20.sam` = list(GM01_SNP1 = list(
    All = list(Freqs = structure(c(0L, 0L, 1L, 0L, 0L, 0L, 47L, 
    3638L, 9L, 2L, 3L, 63L, 4424L, 11L, 9L, 0L, 0L, 1L, 0L, 0L, 
    0L, 1L, 93L, 0L, 0L), .Dim = c(5L, 5L), .Dimnames = structure(list(
        c("-2", "-1", "0", "1", NA), c("-", "A", "G", "T", NA
        )), .Names = c("", "")), class = "table"), N = 8302L), 
    Tag.Distribution = structure(c(`1` = 129L, `2` = 51L, `3` = 44L, 
    `4` = 35L, `5` = 40L, `6` = 27L, `7` = 22L, `8` = 28L, `9` = 34L, 
    `10` = 27L, `11` = 25L, `12` = 26L, `13` = 15L, `14` = 24L, 
    `15` = 17L, `16` = 20L, `17` = 14L, `18` = 19L, `19` = 11L, 
    `20` = 11L, `21` = 13L, `22` = 12L, `23` = 11L, `24` = 12L, 
    `25` = 13L, `26` = 10L, `27` = 8L, `28` = 5L, `29` = 2L, 
    `30` = 5L, `31` = 2L, `32` = 5L, `33` = 4L, `34` = 5L, `35` = 3L, 
    `36` = 1L, `37` = 1L, `39` = 1L, `40` = 3L, `42` = 1L, `43` = 1L, 
    `44` = 1L, `45` = 1L, `47` = 1L, `48` = 1L, `50` = 1L, `51` = 1L, 
    `52` = 1L, `65` = 2L), .Dim = 49L, .Dimnames = list(TagUsage = c("1", 
    "2", "3", "4", "5", "6", "7", "8", "9", "10", "11", "12", 
    "13", "14", "15", "16", "17", "18", "19", "20", "21", "22", 
    "23", "24", "25", "26", "27", "28", "29", "30", "31", "32", 
    "33", "34", "35", "36", "37", "39", "40", "42", "43", "44", 
    "45", "47", "48", "50", "51", "52", "65")), class = "table"), 
    No.Tag = structure(c(0L, 0L, 0L, 0L, 0L, 0L, 0L, 37L, 0L, 
    0L, 0L, 1L, 99L, 0L, 0L, 0L, 0L, 0L, 0L, 0L, 0L, 0L, 4L, 
    0L, 0L), .Dim = c(5L, 5L), .Dimnames = structure(list(c("-2", 
    "-1", "0", "1", NA), c("-", "A", "G", "T", NA)), .Names = c("", 
    "")), class = "table"), All.Tags = list(Concordant = list(
        Freqs = structure(c(0, 0, 0, 0, 0, 0, 278, 0, 0, 0, 303, 
        0, 0, 0, 0, 0), .Dim = c(4L, 4L), .Dimnames = list(c("-2", 
        "-1", "0", "1"), c("-", "A", "G", "T"))), N = 581), Majority = list(
        Freqs = structure(c(0, 0, 0, 0, 0, 0, 346, 0, 0, 0, 390, 
        0, 0, 0, 0, 0), .Dim = c(4L, 4L), .Dimnames = list(c("-2", 
        "-1", "0", "1"), c("-", "A", "G", "T"))), N = 736)), 
    `2` = structure(c(0, 0, 0, 0, 0, 0, 282, 0, 0, 0, 329, 0, 
    0, 0, 0, 0), .Dim = c(4L, 4L), .Dimnames = list(c("-2", "-1", 
    "0", "1"), c("-", "A", "G", "T"))))))
