Results <-
list(`bwa.out//20220204//BlindCMMRD45_S5.sam` = list(LR48_SNP1 = list(
    All = list(Freqs = structure(c(0L, 0L, 1L, 0L, 0L, 4L, 166L, 
    4407L, 54L, 19L, 0L, 0L, 1L, 0L, 0L, 0L, 0L, 3L, 0L, 0L, 
    0L, 2L, 57L, 0L, 0L), .Dim = c(5L, 5L), .Dimnames = structure(list(
        c("-2", "-1", "0", "1", NA), c("A", "C", "G", "T", NA
        )), .Names = c("", "")), class = "table"), N = 4714L), 
    Tag.Distribution = structure(c(`1` = 84L, `2` = 17L, `3` = 22L, 
    `4` = 10L, `5` = 11L, `6` = 8L, `7` = 10L, `8` = 7L, `9` = 3L, 
    `10` = 6L, `11` = 4L, `12` = 10L, `13` = 6L, `14` = 13L, 
    `15` = 6L, `16` = 5L, `17` = 5L, `18` = 5L, `19` = 11L, `20` = 2L, 
    `21` = 8L, `22` = 3L, `23` = 5L, `24` = 4L, `25` = 3L, `26` = 4L, 
    `27` = 2L, `28` = 1L, `29` = 2L, `30` = 4L, `31` = 1L, `32` = 1L, 
    `33` = 4L, `35` = 1L, `37` = 2L, `38` = 3L, `39` = 1L, `40` = 2L, 
    `41` = 2L, `42` = 1L, `43` = 3L, `44` = 3L, `46` = 2L, `47` = 2L, 
    `49` = 1L, `50` = 1L, `54` = 1L, `55` = 2L, `56` = 2L, `58` = 2L, 
    `59` = 1L, `60` = 1L, `63` = 1L, `66` = 2L, `70` = 2L, `80` = 1L
    ), .Dim = 56L, .Dimnames = list(TagUsage = c("1", "2", "3", 
    "4", "5", "6", "7", "8", "9", "10", "11", "12", "13", "14", 
    "15", "16", "17", "18", "19", "20", "21", "22", "23", "24", 
    "25", "26", "27", "28", "29", "30", "31", "32", "33", "35", 
    "37", "38", "39", "40", "41", "42", "43", "44", "46", "47", 
    "49", "50", "54", "55", "56", "58", "59", "60", "63", "66", 
    "70", "80")), class = "table"), No.Tag = structure(c(0L, 
    0L, 0L, 0L, 0L, 0L, 4L, 131L, 0L, 0L, 0L, 0L, 0L, 0L, 0L, 
    0L, 0L, 0L, 0L, 0L, 0L, 0L, 4L, 0L, 0L), .Dim = c(5L, 5L), .Dimnames = structure(list(
        c("-2", "-1", "0", "1", NA), c("A", "C", "G", "T", NA
        )), .Names = c("", "")), class = "table"), All.Tags = list(
        Concordant = list(Freqs = structure(c(0, 0, 0, 0, 0, 
        6, 215, 0, 0, 0, 0, 0, 0, 0, 1, 0), .Dim = c(4L, 4L), .Dimnames = list(
            c("-2", "-1", "0", "1"), c("A", "C", "G", "T"))), 
            N = 222), Majority = list(Freqs = structure(c(0, 
        0, 0, 0, 0, 7, 310, 0, 0, 0, 0, 0, 0, 0, 1, 0), .Dim = c(4L, 
        4L), .Dimnames = list(c("-2", "-1", "0", "1"), c("A", 
        "C", "G", "T"))), N = 318)), `2` = structure(c(0, 0, 
    0, 0, 0, 1, 238, 0, 0, 0, 0, 0, 0, 0, 0, 0), .Dim = c(4L, 
    4L), .Dimnames = list(c("-2", "-1", "0", "1"), c("A", "C", 
    "G", "T"))))))
