Results <-
list(`bwa.out//20220204//BlindCMMRD65_S24.sam` = list(LR11_SNP1 = list(
    All = list(Freqs = structure(c(42L, 1614L, 6L, 4L, 41L, 1431L, 
    12L, 3L, 0L, 1L, 0L, 0L, 2L, 46L, 0L, 0L), .Dim = c(4L, 4L
    ), .Dimnames = structure(list(c("-1", "0", "1", NA), c("A", 
    "C", "G", NA)), .Names = c("", "")), class = "table"), N = 3202L), 
    Tag.Distribution = structure(c(`1` = 88L, `2` = 56L, `3` = 39L, 
    `4` = 41L, `5` = 42L, `6` = 32L, `7` = 26L, `8` = 22L, `9` = 36L, 
    `10` = 17L, `11` = 26L, `12` = 20L, `13` = 8L, `14` = 15L, 
    `15` = 6L, `16` = 10L, `17` = 4L, `19` = 4L, `20` = 1L, `21` = 1L, 
    `23` = 1L, `24` = 1L, `25` = 1L, `27` = 1L, `28` = 1L, `29` = 1L
    ), .Dim = 26L, .Dimnames = list(TagUsage = c("1", "2", "3", 
    "4", "5", "6", "7", "8", "9", "10", "11", "12", "13", "14", 
    "15", "16", "17", "19", "20", "21", "23", "24", "25", "27", 
    "28", "29")), class = "table"), No.Tag = structure(c(0L, 
    13L, 0L, 0L, 1L, 22L, 0L, 0L, 0L, 0L, 0L, 0L, 0L, 0L, 0L, 
    0L), .Dim = c(4L, 4L), .Dimnames = structure(list(c("-1", 
    "0", "1", NA), c("A", "C", "G", NA)), .Names = c("", "")), class = "table"), 
    All.Tags = list(Concordant = list(Freqs = structure(c(2, 
    213, 0, 3, 201, 1, 0, 0, 0), .Dim = c(3L, 3L), .Dimnames = list(
        c("-1", "0", "1"), c("A", "C", "G"))), N = 420), Majority = list(
        Freqs = structure(c(2, 253, 0, 3, 235, 1, 0, 0, 0), .Dim = c(3L, 
        3L), .Dimnames = list(c("-1", "0", "1"), c("A", "C", 
        "G"))), N = 494)), `2` = structure(c(2, 214, 0, 2, 193, 
    0, 0, 0, 0), .Dim = c(3L, 3L), .Dimnames = list(c("-1", "0", 
    "1"), c("A", "C", "G"))))))
