Results <-
list(`bwa.out//20220204//BlindCMMRD127_S53.sam` = list(IM16_SNP1 = list(
    All = list(Freqs = structure(c(0L, 0L, 4L, 0L, 0L, 1L, 50L, 
    4307L, 51L, 3L, 0L, 0L, 41L, 3L, 0L), .Dim = c(5L, 3L), .Dimnames = structure(list(
        c("-2", "-1", "0", "1", NA), c("A", "G", NA)), .Names = c("", 
    "")), class = "table"), N = 4460L), Tag.Distribution = structure(c(`1` = 111L, 
    `2` = 112L, `3` = 117L, `4` = 93L, `5` = 54L, `6` = 45L, 
    `7` = 59L, `8` = 44L, `9` = 38L, `10` = 29L, `11` = 19L, 
    `12` = 20L, `13` = 17L, `14` = 9L, `15` = 6L, `16` = 7L, 
    `17` = 4L, `18` = 2L, `19` = 1L, `20` = 2L, `21` = 1L, `22` = 3L, 
    `23` = 1L, `26` = 1L, `27` = 1L, `30` = 1L, `33` = 1L), .Dim = 27L, .Dimnames = list(
        TagUsage = c("1", "2", "3", "4", "5", "6", "7", "8", 
        "9", "10", "11", "12", "13", "14", "15", "16", "17", 
        "18", "19", "20", "21", "22", "23", "26", "27", "30", 
        "33")), class = "table"), No.Tag = structure(c(0L, 0L, 
    0L, 0L, 0L, 0L, 1L, 73L, 1L, 1L, 0L, 0L, 2L, 0L, 0L), .Dim = c(5L, 
    3L), .Dimnames = structure(list(c("-2", "-1", "0", "1", NA
    ), c("A", "G", NA)), .Names = c("", "")), class = "table"), 
    All.Tags = list(Concordant = list(Freqs = structure(c(0, 
    0, 3, 0, 0, 1, 703, 1), .Dim = c(4L, 2L), .Dimnames = list(
        c("-2", "-1", "0", "1"), c("A", "G"))), N = 708), Majority = list(
        Freqs = structure(c(0, 0, 3, 0, 0, 1, 781, 1), .Dim = c(4L, 
        2L), .Dimnames = list(c("-2", "-1", "0", "1"), c("A", 
        "G"))), N = 786)), `2` = structure(c(0, 0, 0, 0, 0, 0, 
    681, 0), .Dim = c(4L, 2L), .Dimnames = list(c("-2", "-1", 
    "0", "1"), c("A", "G"))))))
