Results <-
list(`bwa.out//20220204//BlindCMMRD96_S55.sam` = list(GM22_SNP1 = list(
    All = list(Freqs = structure(c(16L, 2111L, 8L, 4L, 25L, 1691L, 
    7L, 2L, 3L, 61L, 0L, 0L), .Dim = 4:3, .Dimnames = structure(list(
        c("-1", "0", "1", NA), c("A", "G", NA)), .Names = c("", 
    "")), class = "table"), N = 3928L), Tag.Distribution = structure(c(`1` = 146L, 
    `2` = 75L, `3` = 60L, `4` = 47L, `5` = 47L, `6` = 44L, `7` = 38L, 
    `8` = 30L, `9` = 27L, `10` = 26L, `11` = 18L, `12` = 9L, 
    `13` = 15L, `14` = 11L, `15` = 8L, `16` = 5L, `17` = 7L, 
    `18` = 6L, `19` = 6L, `20` = 4L, `21` = 2L, `22` = 4L, `23` = 3L, 
    `24` = 2L, `25` = 1L, `28` = 1L, `31` = 2L, `34` = 1L), .Dim = 28L, .Dimnames = list(
        TagUsage = c("1", "2", "3", "4", "5", "6", "7", "8", 
        "9", "10", "11", "12", "13", "14", "15", "16", "17", 
        "18", "19", "20", "21", "22", "23", "24", "25", "28", 
        "31", "34")), class = "table"), No.Tag = structure(c(0L, 
    49L, 0L, 0L, 0L, 27L, 0L, 0L, 1L, 7L, 0L, 0L), .Dim = 4:3, .Dimnames = structure(list(
        c("-1", "0", "1", NA), c("A", "G", NA)), .Names = c("", 
    "")), class = "table"), All.Tags = list(Concordant = list(
        Freqs = structure(c(0, 315, 1, 1, 244, 0), .Dim = 3:2, .Dimnames = list(
            c("-1", "0", "1"), c("A", "G"))), N = 561), Majority = list(
        Freqs = structure(c(0, 348, 1, 1, 284, 0), .Dim = 3:2, .Dimnames = list(
            c("-1", "0", "1"), c("A", "G"))), N = 634)), `2` = structure(c(0, 
    268, 0, 0, 229, 0), .Dim = 3:2, .Dimnames = list(c("-1", 
    "0", "1"), c("A", "G"))))))
