Results <-
list(`bwa.out//20220204//BlindCMMRD77_S36.sam` = list(LR20_SNP1 = list(
    All = list(Freqs = structure(c(5L, 1862L, 3L, 3L, 2L, 1887L, 
    0L, 2L, 1L, 11L, 0L, 0L), .Dim = 4:3, .Dimnames = structure(list(
        c("-1", "0", "1", NA), c("A", "G", NA)), .Names = c("", 
    "")), class = "table"), N = 3776L), Tag.Distribution = structure(c(`1` = 155L, 
    `2` = 88L, `3` = 61L, `4` = 48L, `5` = 47L, `6` = 31L, `7` = 21L, 
    `8` = 25L, `9` = 30L, `10` = 16L, `11` = 15L, `12` = 12L, 
    `13` = 13L, `14` = 12L, `15` = 11L, `16` = 10L, `17` = 4L, 
    `18` = 5L, `19` = 6L, `20` = 3L, `21` = 3L, `22` = 3L, `23` = 2L, 
    `24` = 3L, `25` = 1L, `26` = 1L, `27` = 1L, `33` = 1L, `34` = 1L, 
    `36` = 1L, `42` = 2L), .Dim = 31L, .Dimnames = list(TagUsage = c("1", 
    "2", "3", "4", "5", "6", "7", "8", "9", "10", "11", "12", 
    "13", "14", "15", "16", "17", "18", "19", "20", "21", "22", 
    "23", "24", "25", "26", "27", "33", "34", "36", "42")), class = "table"), 
    No.Tag = structure(c(1L, 18L, 0L, 0L, 0L, 37L, 0L, 1L, 0L, 
    0L, 0L, 0L), .Dim = 4:3, .Dimnames = structure(list(c("-1", 
    "0", "1", NA), c("A", "G", NA)), .Names = c("", "")), class = "table"), 
    All.Tags = list(Concordant = list(Freqs = structure(c(0, 
    299, 0, 0, 283, 0), .Dim = 3:2, .Dimnames = list(c("-1", 
    "0", "1"), c("A", "G"))), N = 582), Majority = list(Freqs = structure(c(0, 
    322, 0, 0, 304, 0), .Dim = 3:2, .Dimnames = list(c("-1", 
    "0", "1"), c("A", "G"))), N = 626)), `2` = structure(c(0, 
    240, 0, 0, 232, 0), .Dim = 3:2, .Dimnames = list(c("-1", 
    "0", "1"), c("A", "G"))))))
