Results <-
list(`bwa.out//20220204//BlindCMMRD64_S23.sam` = list(LR36_SNP1 = list(
    All = list(Freqs = structure(c(2L, 25L, 1447L, 12L, 1L, 9L, 
    4L, 29L, 1550L, 6L, 0L, 10L, 0L, 0L, 107L, 1L, 0L, 0L), .Dim = c(6L, 
    3L), .Dimnames = structure(list(c("-2", "-1", "0", "1", "2", 
    NA), c("A", "T", NA)), .Names = c("", "")), class = "table"), 
        N = 3203L), Tag.Distribution = structure(c(`1` = 116L, 
    `2` = 49L, `3` = 42L, `4` = 59L, `5` = 34L, `6` = 32L, `7` = 17L, 
    `8` = 25L, `9` = 23L, `10` = 16L, `11` = 12L, `12` = 7L, 
    `13` = 8L, `14` = 4L, `15` = 6L, `16` = 10L, `17` = 3L, `18` = 3L, 
    `19` = 1L, `20` = 4L, `21` = 3L, `22` = 5L, `23` = 1L, `24` = 2L, 
    `25` = 3L, `26` = 2L, `27` = 1L, `28` = 2L, `29` = 1L, `30` = 1L, 
    `31` = 1L, `33` = 1L, `37` = 1L), .Dim = 33L, .Dimnames = list(
        TagUsage = c("1", "2", "3", "4", "5", "6", "7", "8", 
        "9", "10", "11", "12", "13", "14", "15", "16", "17", 
        "18", "19", "20", "21", "22", "23", "24", "25", "26", 
        "27", "28", "29", "30", "31", "33", "37")), class = "table"), 
    No.Tag = structure(c(0L, 0L, 54L, 1L, 0L, 0L, 0L, 2L, 66L, 
    1L, 0L, 0L, 0L, 0L, 11L, 0L, 0L, 0L), .Dim = c(6L, 3L), .Dimnames = structure(list(
        c("-2", "-1", "0", "1", "2", NA), c("A", "T", NA)), .Names = c("", 
    "")), class = "table"), All.Tags = list(Concordant = list(
        Freqs = structure(c(0, 2, 206, 0, 0, 0, 2, 204, 0, 0), .Dim = c(5L, 
        2L), .Dimnames = list(c("-2", "-1", "0", "1", "2"), c("A", 
        "T"))), N = 414), Majority = list(Freqs = structure(c(0, 
    2, 239, 0, 0, 0, 2, 243, 0, 0), .Dim = c(5L, 2L), .Dimnames = list(
        c("-2", "-1", "0", "1", "2"), c("A", "T"))), N = 486)), 
    `2` = structure(c(0, 1, 176, 0, 0, 0, 0, 200, 0, 0), .Dim = c(5L, 
    2L), .Dimnames = list(c("-2", "-1", "0", "1", "2"), c("A", 
    "T"))))))
