Results <-
list(`bwa.out//20220204//BlindCMMRD63_S22.sam` = list(LR52_SNP1 = list(
    All = list(Freqs = structure(c(0L, 0L, 1L, 0L, 0L, 0L, 21L, 
    300L, 2304L, 11L, 0L, 47L, 0L, 0L, 1L, 0L, 0L, 0L, 1L, 14L, 
    811L, 2L, 1L, 0L), .Dim = c(6L, 4L), .Dimnames = structure(list(
        c("-2", "-1", "0", "1", "2", NA), c("-", "C", "T", NA
        )), .Names = c("", "")), class = "table"), N = 3514L), 
    Tag.Distribution = structure(c(`1` = 89L, `2` = 33L, `3` = 47L, 
    `4` = 45L, `5` = 34L, `6` = 25L, `7` = 22L, `8` = 22L, `9` = 23L, 
    `10` = 19L, `11` = 10L, `12` = 13L, `13` = 9L, `14` = 8L, 
    `15` = 12L, `16` = 7L, `17` = 8L, `18` = 12L, `19` = 4L, 
    `20` = 4L, `21` = 5L, `22` = 2L, `23` = 1L, `24` = 3L, `25` = 3L, 
    `26` = 2L, `27` = 3L, `28` = 1L, `29` = 1L, `30` = 2L, `31` = 1L, 
    `33` = 1L, `35` = 1L), .Dim = 33L, .Dimnames = list(TagUsage = c("1", 
    "2", "3", "4", "5", "6", "7", "8", "9", "10", "11", "12", 
    "13", "14", "15", "16", "17", "18", "19", "20", "21", "22", 
    "23", "24", "25", "26", "27", "28", "29", "30", "31", "33", 
    "35")), class = "table"), No.Tag = structure(c(0L, 0L, 0L, 
    0L, 0L, 0L, 0L, 0L, 13L, 0L, 0L, 0L, 0L, 0L, 0L, 0L, 0L, 
    0L, 0L, 0L, 15L, 0L, 0L, 0L), .Dim = c(6L, 4L), .Dimnames = structure(list(
        c("-2", "-1", "0", "1", "2", NA), c("-", "C", "T", NA
        )), .Names = c("", "")), class = "table"), All.Tags = list(
        Concordant = list(Freqs = structure(c(0, 0, 0, 0, 0, 
        1, 13, 231, 1, 0, 0, 0, 1, 0, 0), .Dim = c(5L, 3L), .Dimnames = list(
            c("-2", "-1", "0", "1", "2"), c("-", "C", "T"))), 
            N = 247), Majority = list(Freqs = structure(c(0, 
        0, 0, 0, 0, 1, 14, 407, 1, 0, 0, 0, 1, 0, 0), .Dim = c(5L, 
        3L), .Dimnames = list(c("-2", "-1", "0", "1", "2"), c("-", 
        "C", "T"))), N = 424)), `2` = structure(c(0, 0, 0, 0, 
    0, 0, 9, 358, 0, 0, 0, 0, 0, 0, 0), .Dim = c(5L, 3L), .Dimnames = list(
        c("-2", "-1", "0", "1", "2"), c("-", "C", "T"))))))
