Results <-
list(`bwa.out//20220204//17D1097_S1.sam` = list(GM17_SNP1 = list(
    All = list(Freqs = structure(c(0L, 0L, 1L, 0L, 0L, 1L, 51L, 
    3794L, 16L, 5L, 0L, 0L, 2L, 0L, 0L, 0L, 1L, 22L, 0L, 0L), .Dim = 5:4, .Dimnames = structure(list(
        c("-2", "-1", "0", "1", NA), c("A", "C", "T", NA)), .Names = c("", 
    "")), class = "table"), N = 3893L), Tag.Distribution = structure(c(`1` = 201L, 
    `2` = 109L, `3` = 90L, `4` = 65L, `5` = 69L, `6` = 47L, `7` = 38L, 
    `8` = 39L, `9` = 25L, `10` = 18L, `11` = 28L, `12` = 16L, 
    `13` = 11L, `14` = 8L, `15` = 7L, `16` = 6L, `17` = 3L, `18` = 5L, 
    `19` = 2L, `20` = 1L, `21` = 1L, `22` = 3L, `28` = 1L), .Dim = 23L, .Dimnames = list(
        TagUsage = c("1", "2", "3", "4", "5", "6", "7", "8", 
        "9", "10", "11", "12", "13", "14", "15", "16", "17", 
        "18", "19", "20", "21", "22", "28")), class = "table"), 
    No.Tag = structure(c(0L, 0L, 0L, 0L, 0L, 0L, 1L, 60L, 0L, 
    1L, 0L, 0L, 0L, 0L, 0L, 0L, 0L, 2L, 0L, 0L), .Dim = 5:4, .Dimnames = structure(list(
        c("-2", "-1", "0", "1", NA), c("A", "C", "T", NA)), .Names = c("", 
    "")), class = "table"), All.Tags = list(Concordant = list(
        Freqs = structure(c(0, 0, 1, 0, 0, 3, 731, 2, 0, 0, 2, 
        0), .Dim = 4:3, .Dimnames = list(c("-2", "-1", "0", "1"
        ), c("A", "C", "T"))), N = 739), Majority = list(Freqs = structure(c(0, 
    0, 1, 0, 0, 3, 776, 3, 0, 0, 2, 0), .Dim = 4:3, .Dimnames = list(
        c("-2", "-1", "0", "1"), c("A", "C", "T"))), N = 785)), 
    `2` = structure(c(0, 0, 0, 0, 0, 0, 585, 2, 0, 0, 0, 0), .Dim = 4:3, .Dimnames = list(
        c("-2", "-1", "0", "1"), c("A", "C", "T"))))))
