Results <-
list(`bwa.out//20220204//BlindCMMRD76_S35.sam` = list(LR24_SNP1 = list(
    All = list(Freqs = structure(c(28L, 2075L, 4L, 1L, 19L, 1918L, 
    6L, 4L, 0L, 24L, 0L, 0L), .Dim = 4:3, .Dimnames = structure(list(
        c("-1", "0", "1", NA), c("A", "G", NA)), .Names = c("", 
    "")), class = "table"), N = 4079L), Tag.Distribution = structure(c(`1` = 135L, 
    `2` = 78L, `3` = 72L, `4` = 63L, `5` = 54L, `6` = 49L, `7` = 38L, 
    `8` = 31L, `9` = 25L, `10` = 23L, `11` = 25L, `12` = 16L, 
    `13` = 16L, `14` = 8L, `15` = 9L, `16` = 3L, `17` = 6L, `18` = 5L, 
    `19` = 6L, `20` = 3L, `21` = 2L, `22` = 1L, `23` = 2L, `24` = 1L, 
    `25` = 5L, `26` = 2L, `27` = 1L), .Dim = 27L, .Dimnames = list(
        TagUsage = c("1", "2", "3", "4", "5", "6", "7", "8", 
        "9", "10", "11", "12", "13", "14", "15", "16", "17", 
        "18", "19", "20", "21", "22", "23", "24", "25", "26", 
        "27")), class = "table"), No.Tag = structure(c(0L, 67L, 
    0L, 0L, 0L, 41L, 0L, 1L, 0L, 4L, 0L, 0L), .Dim = 4:3, .Dimnames = structure(list(
        c("-1", "0", "1", NA), c("A", "G", NA)), .Names = c("", 
    "")), class = "table"), All.Tags = list(Concordant = list(
        Freqs = structure(c(3, 315, 1, 1, 286, 0), .Dim = 3:2, .Dimnames = list(
            c("-1", "0", "1"), c("A", "G"))), N = 606), Majority = list(
        Freqs = structure(c(4, 355, 1, 1, 307, 0), .Dim = 3:2, .Dimnames = list(
            c("-1", "0", "1"), c("A", "G"))), N = 668)), `2` = structure(c(3, 
    286, 0, 0, 248, 0), .Dim = 3:2, .Dimnames = list(c("-1", 
    "0", "1"), c("A", "G"))))))
