Results <-
list(`bwa.out//20220204//BlindCMMRD108_S10.sam` = list(LR52_SNP1 = list(
    All = list(Freqs = structure(c(4L, 146L, 1345L, 20L, 9L, 
    0L, 0L, 2L, 0L, 0L, 0L, 3L, 41L, 0L, 0L), .Dim = c(5L, 3L
    ), .Dimnames = structure(list(c("-2", "-1", "0", "1", NA), 
        c("C", "T", NA)), .Names = c("", "")), class = "table"), 
        N = 1570L), Tag.Distribution = structure(c(`1` = 38L, 
    `2` = 15L, `3` = 12L, `4` = 15L, `5` = 15L, `6` = 13L, `7` = 11L, 
    `8` = 8L, `9` = 9L, `10` = 4L, `11` = 4L, `12` = 5L, `13` = 4L, 
    `14` = 6L, `15` = 5L, `16` = 6L, `17` = 2L, `18` = 3L, `19` = 1L, 
    `20` = 2L, `21` = 2L, `22` = 2L, `23` = 2L, `24` = 2L, `25` = 1L, 
    `26` = 1L, `27` = 1L, `29` = 1L, `31` = 1L, `37` = 1L, `53` = 1L
    ), .Dim = 31L, .Dimnames = list(TagUsage = c("1", "2", "3", 
    "4", "5", "6", "7", "8", "9", "10", "11", "12", "13", "14", 
    "15", "16", "17", "18", "19", "20", "21", "22", "23", "24", 
    "25", "26", "27", "29", "31", "37", "53")), class = "table"), 
    No.Tag = structure(c(0L, 3L, 22L, 0L, 0L, 0L, 0L, 0L, 0L, 
    0L, 0L, 0L, 0L, 0L, 0L), .Dim = c(5L, 3L), .Dimnames = structure(list(
        c("-2", "-1", "0", "1", NA), c("C", "T", NA)), .Names = c("", 
    "")), class = "table"), All.Tags = list(Concordant = list(
        Freqs = structure(c(0, 3, 105, 1, 0, 0, 2, 0), .Dim = c(4L, 
        2L), .Dimnames = list(c("-2", "-1", "0", "1"), c("C", 
        "T"))), N = 111), Majority = list(Freqs = structure(c(0, 
    6, 176, 1, 0, 0, 2, 0), .Dim = c(4L, 2L), .Dimnames = list(
        c("-2", "-1", "0", "1"), c("C", "T"))), N = 185)), `2` = structure(c(0, 
    5, 148, 0, 0, 0, 0, 0), .Dim = c(4L, 2L), .Dimnames = list(
        c("-2", "-1", "0", "1"), c("C", "T"))))))
