Results <-
list(`bwa.out//20220204//BlindCMMRD71_S30.sam` = list(LR20_SNP1 = list(
    All = list(Freqs = structure(c(0L, 1L, 0L, 0L, 7L, 7686L, 
    8L, 5L, 0L, 4L, 0L, 1L, 0L, 28L, 1L, 0L), .Dim = c(4L, 4L
    ), .Dimnames = structure(list(c("-1", "0", "1", NA), c("-", 
    "A", "G", NA)), .Names = c("", "")), class = "table"), N = 7741L), 
    Tag.Distribution = structure(c(`1` = 131L, `2` = 50L, `3` = 33L, 
    `4` = 34L, `5` = 31L, `6` = 24L, `7` = 38L, `8` = 25L, `9` = 22L, 
    `10` = 25L, `11` = 32L, `12` = 29L, `13` = 23L, `14` = 18L, 
    `15` = 14L, `16` = 12L, `17` = 16L, `18` = 8L, `19` = 6L, 
    `20` = 12L, `21` = 13L, `22` = 7L, `23` = 7L, `24` = 4L, 
    `25` = 2L, `26` = 7L, `27` = 3L, `28` = 6L, `29` = 4L, `30` = 7L, 
    `31` = 1L, `32` = 4L, `33` = 2L, `34` = 4L, `35` = 7L, `36` = 3L, 
    `37` = 2L, `38` = 3L, `40` = 3L, `41` = 1L, `42` = 2L, `43` = 1L, 
    `44` = 2L, `46` = 1L, `48` = 2L, `49` = 1L, `54` = 1L, `56` = 1L, 
    `59` = 1L, `60` = 1L, `63` = 1L, `64` = 1L, `67` = 1L), .Dim = 53L, .Dimnames = list(
        TagUsage = c("1", "2", "3", "4", "5", "6", "7", "8", 
        "9", "10", "11", "12", "13", "14", "15", "16", "17", 
        "18", "19", "20", "21", "22", "23", "24", "25", "26", 
        "27", "28", "29", "30", "31", "32", "33", "34", "35", 
        "36", "37", "38", "40", "41", "42", "43", "44", "46", 
        "48", "49", "54", "56", "59", "60", "63", "64", "67")), class = "table"), 
    No.Tag = structure(c(0L, 1L, 0L, 0L, 0L, 250L, 0L, 2L, 0L, 
    0L, 0L, 0L, 0L, 3L, 0L, 0L), .Dim = c(4L, 4L), .Dimnames = structure(list(
        c("-1", "0", "1", NA), c("-", "A", "G", NA)), .Names = c("", 
    "")), class = "table"), All.Tags = list(Concordant = list(
        Freqs = structure(c(0, 0, 0, 0, 662, 0, 0, 3, 0), .Dim = c(3L, 
        3L), .Dimnames = list(c("-1", "0", "1"), c("-", "A", 
        "G"))), N = 665), Majority = list(Freqs = structure(c(0, 
    0, 0, 0, 678, 0, 0, 3, 0), .Dim = c(3L, 3L), .Dimnames = list(
        c("-1", "0", "1"), c("-", "A", "G"))), N = 681)), `2` = structure(c(0, 
    0, 0, 0, 558, 0, 0, 0, 0), .Dim = c(3L, 3L), .Dimnames = list(
        c("-1", "0", "1"), c("-", "A", "G"))))))
