Results <-
list(`bwa.out//20220204//BlindCMMRD71_S30.sam` = list(GM01_SNP1 = list(
    All = list(Freqs = structure(c(0L, 0L, 0L, 1L, 0L, 0L, 0L, 
    1L, 397L, 12887L, 60L, 17L, 0L, 0L, 0L, 18L, 0L, 0L, 0L, 
    0L, 0L, 1L, 0L, 0L, 1L, 0L, 4L, 135L, 2L, 0L), .Dim = 6:5, .Dimnames = structure(list(
        c("-3", "-2", "-1", "0", "1", NA), c("-", "A", "G", "T", 
        NA)), .Names = c("", "")), class = "table"), N = 13524L), 
    Tag.Distribution = structure(c(`1` = 199L, `2` = 42L, `3` = 34L, 
    `4` = 34L, `5` = 35L, `6` = 20L, `7` = 33L, `8` = 23L, `9` = 31L, 
    `10` = 22L, `11` = 21L, `12` = 21L, `13` = 25L, `14` = 21L, 
    `15` = 24L, `16` = 18L, `17` = 19L, `18` = 18L, `19` = 13L, 
    `20` = 16L, `21` = 17L, `22` = 11L, `23` = 15L, `24` = 11L, 
    `25` = 10L, `26` = 9L, `27` = 8L, `28` = 5L, `29` = 4L, `30` = 13L, 
    `31` = 11L, `32` = 13L, `33` = 9L, `34` = 8L, `35` = 8L, 
    `36` = 9L, `37` = 7L, `38` = 5L, `39` = 7L, `40` = 9L, `41` = 5L, 
    `42` = 3L, `43` = 8L, `44` = 4L, `45` = 5L, `46` = 4L, `47` = 4L, 
    `48` = 1L, `49` = 2L, `50` = 2L, `51` = 5L, `52` = 2L, `55` = 1L, 
    `56` = 3L, `57` = 1L, `58` = 1L, `61` = 2L, `63` = 1L, `68` = 2L, 
    `69` = 1L, `72` = 1L, `82` = 1L, `86` = 1L, `87` = 1L), .Dim = 64L, .Dimnames = list(
        TagUsage = c("1", "2", "3", "4", "5", "6", "7", "8", 
        "9", "10", "11", "12", "13", "14", "15", "16", "17", 
        "18", "19", "20", "21", "22", "23", "24", "25", "26", 
        "27", "28", "29", "30", "31", "32", "33", "34", "35", 
        "36", "37", "38", "39", "40", "41", "42", "43", "44", 
        "45", "46", "47", "48", "49", "50", "51", "52", "55", 
        "56", "57", "58", "61", "63", "68", "69", "72", "82", 
        "86", "87")), class = "table"), No.Tag = structure(c(0L, 
    0L, 0L, 0L, 0L, 0L, 0L, 0L, 2L, 144L, 0L, 1L, 0L, 0L, 0L, 
    2L, 0L, 0L, 0L, 0L, 0L, 0L, 0L, 0L, 0L, 0L, 1L, 5L, 1L, 0L
    ), .Dim = 6:5, .Dimnames = structure(list(c("-3", "-2", "-1", 
    "0", "1", NA), c("-", "A", "G", "T", NA)), .Names = c("", 
    "")), class = "table"), All.Tags = list(Concordant = list(
        Freqs = structure(c(0, 0, 0, 0, 0, 0, 0, 13, 720, 2, 
        0, 0, 0, 11, 0, 0, 0, 0, 0, 0), .Dim = 5:4, .Dimnames = list(
            c("-3", "-2", "-1", "0", "1"), c("-", "A", "G", "T"
            ))), N = 746), Majority = list(Freqs = structure(c(0, 
    0, 0, 0, 0, 0, 0, 16, 877, 2, 0, 0, 0, 11, 0, 0, 0, 0, 0, 
    0), .Dim = 5:4, .Dimnames = list(c("-3", "-2", "-1", "0", 
    "1"), c("-", "A", "G", "T"))), N = 906)), `2` = structure(c(0, 
    0, 0, 0, 0, 0, 0, 11, 706, 2, 0, 0, 0, 0, 0, 0, 0, 0, 0, 
    0), .Dim = 5:4, .Dimnames = list(c("-3", "-2", "-1", "0", 
    "1"), c("-", "A", "G", "T"))))))
