Results <-
list(`bwa.out//20220204//BlindCMMRD44_S4.sam` = list(GM22_SNP1 = list(
    All = list(Freqs = structure(c(2L, 50L, 5116L, 20L, 14L, 
    0L, 0L, 3L, 0L, 0L, 0L, 0L, 44L, 0L, 0L), .Dim = c(5L, 3L
    ), .Dimnames = structure(list(c("-2", "-1", "0", "1", NA), 
        c("A", "G", NA)), .Names = c("", "")), class = "table"), 
        N = 5249L), Tag.Distribution = structure(c(`1` = 86L, 
    `2` = 19L, `3` = 22L, `4` = 23L, `5` = 23L, `6` = 18L, `7` = 18L, 
    `8` = 13L, `9` = 12L, `10` = 20L, `11` = 8L, `12` = 13L, 
    `13` = 13L, `14` = 13L, `15` = 8L, `16` = 6L, `17` = 14L, 
    `18` = 7L, `19` = 6L, `20` = 9L, `21` = 9L, `22` = 6L, `23` = 7L, 
    `24` = 4L, `25` = 7L, `26` = 4L, `27` = 3L, `28` = 7L, `29` = 1L, 
    `30` = 7L, `31` = 5L, `32` = 2L, `33` = 6L, `34` = 1L, `35` = 4L, 
    `36` = 4L, `37` = 1L, `38` = 2L, `42` = 1L, `43` = 2L, `45` = 1L, 
    `49` = 1L, `51` = 1L, `52` = 1L), .Dim = 44L, .Dimnames = list(
        TagUsage = c("1", "2", "3", "4", "5", "6", "7", "8", 
        "9", "10", "11", "12", "13", "14", "15", "16", "17", 
        "18", "19", "20", "21", "22", "23", "24", "25", "26", 
        "27", "28", "29", "30", "31", "32", "33", "34", "35", 
        "36", "37", "38", "42", "43", "45", "49", "51", "52")), class = "table"), 
    No.Tag = structure(c(0L, 0L, 187L, 0L, 0L, 0L, 0L, 0L, 0L, 
    0L, 0L, 0L, 4L, 0L, 0L), .Dim = c(5L, 3L), .Dimnames = structure(list(
        c("-2", "-1", "0", "1", NA), c("A", "G", NA)), .Names = c("", 
    "")), class = "table"), All.Tags = list(Concordant = list(
        Freqs = structure(c(0, 0, 368, 0, 0, 0, 2, 0), .Dim = c(4L, 
        2L), .Dimnames = list(c("-2", "-1", "0", "1"), c("A", 
        "G"))), N = 370), Majority = list(Freqs = structure(c(0, 
    0, 432, 0, 0, 0, 2, 0), .Dim = c(4L, 2L), .Dimnames = list(
        c("-2", "-1", "0", "1"), c("A", "G"))), N = 434)), `2` = structure(c(0, 
    0, 352, 0, 0, 0, 0, 0), .Dim = c(4L, 2L), .Dimnames = list(
        c("-2", "-1", "0", "1"), c("A", "G"))))))
