Results <-
list(`bwa.out//20220204//BlindCMMRD85_S44.sam` = list(GM29_SNP1 = list(
    All = list(Freqs = structure(c(0L, 0L, 1L, 0L, 0L, 0L, 21L, 
    1877L, 1L, 4L, 1L, 20L, 1681L, 6L, 2L, 0L, 1L, 0L, 0L, 0L, 
    0L, 1L, 24L, 0L, 0L), .Dim = c(5L, 5L), .Dimnames = structure(list(
        c("-2", "-1", "0", "1", NA), c("-", "A", "G", "T", NA
        )), .Names = c("", "")), class = "table"), N = 3640L), 
    Tag.Distribution = structure(c(`1` = 88L, `2` = 58L, `3` = 48L, 
    `4` = 41L, `5` = 36L, `6` = 47L, `7` = 19L, `8` = 37L, `9` = 16L, 
    `10` = 14L, `11` = 20L, `12` = 9L, `13` = 14L, `14` = 1L, 
    `15` = 12L, `16` = 7L, `17` = 5L, `18` = 3L, `19` = 5L, `20` = 1L, 
    `21` = 6L, `22` = 1L, `24` = 5L, `25` = 1L, `26` = 2L, `27` = 2L, 
    `28` = 2L, `33` = 1L, `39` = 1L, `41` = 3L, `45` = 1L, `83` = 1L
    ), .Dim = 32L, .Dimnames = list(TagUsage = c("1", "2", "3", 
    "4", "5", "6", "7", "8", "9", "10", "11", "12", "13", "14", 
    "15", "16", "17", "18", "19", "20", "21", "22", "24", "25", 
    "26", "27", "28", "33", "39", "41", "45", "83")), class = "table"), 
    No.Tag = structure(c(0L, 0L, 0L, 0L, 0L, 0L, 1L, 54L, 0L, 
    1L, 0L, 0L, 48L, 0L, 0L, 0L, 0L, 0L, 0L, 0L, 0L, 0L, 1L, 
    0L, 0L), .Dim = c(5L, 5L), .Dimnames = structure(list(c("-2", 
    "-1", "0", "1", NA), c("-", "A", "G", "T", NA)), .Names = c("", 
    "")), class = "table"), All.Tags = list(Concordant = list(
        Freqs = structure(c(0, 0, 0, 0, 0, 0, 216, 0, 0, 0, 204, 
        0, 0, 0, 0, 0), .Dim = c(4L, 4L), .Dimnames = list(c("-2", 
        "-1", "0", "1"), c("-", "A", "G", "T"))), N = 420), Majority = list(
        Freqs = structure(c(0, 0, 0, 0, 0, 0, 256, 0, 0, 0, 246, 
        0, 0, 0, 0, 0), .Dim = c(4L, 4L), .Dimnames = list(c("-2", 
        "-1", "0", "1"), c("-", "A", "G", "T"))), N = 502)), 
    `2` = structure(c(0, 0, 0, 0, 0, 0, 208, 0, 0, 0, 207, 0, 
    0, 0, 0, 0), .Dim = c(4L, 4L), .Dimnames = list(c("-2", "-1", 
    "0", "1"), c("-", "A", "G", "T"))))))
