Results <-
list(`bwa.out//20220204//BlindCMMRD106_S8.sam` = list(IM49_SNP1 = list(
    All = list(Freqs = structure(c(0L, 1L, 0L, 0L, 0L, 22L, 617L, 
    16L, 0L, 3L, 10L, 563L, 5L, 1L, 4L, 0L, 49L, 0L, 0L, 0L), .Dim = 5:4, .Dimnames = structure(list(
        c("-1", "0", "1", "2", NA), c("-", "C", "G", NA)), .Names = c("", 
    "")), class = "table"), N = 1291L), Tag.Distribution = structure(c(`1` = 117L, 
    `2` = 54L, `3` = 41L, `4` = 34L, `5` = 24L, `6` = 17L, `7` = 10L, 
    `8` = 12L, `9` = 10L, `10` = 7L, `11` = 6L, `12` = 4L, `13` = 2L, 
    `15` = 1L, `17` = 1L, `19` = 1L, `20` = 1L), .Dim = 17L, .Dimnames = list(
        TagUsage = c("1", "2", "3", "4", "5", "6", "7", "8", 
        "9", "10", "11", "12", "13", "15", "17", "19", "20")), class = "table"), 
    No.Tag = structure(c(0L, 0L, 0L, 0L, 0L, 1L, 19L, 0L, 0L, 
    0L, 0L, 25L, 0L, 0L, 0L, 0L, 3L, 0L, 0L, 0L), .Dim = 5:4, .Dimnames = structure(list(
        c("-1", "0", "1", "2", NA), c("-", "C", "G", NA)), .Names = c("", 
    "")), class = "table"), All.Tags = list(Concordant = list(
        Freqs = structure(c(0, 0, 0, 0, 1, 148, 1, 0, 1, 129, 
        0, 0), .Dim = 4:3, .Dimnames = list(c("-1", "0", "1", 
        "2"), c("-", "C", "G"))), N = 280), Majority = list(Freqs = structure(c(0, 
    0, 0, 0, 1, 170, 1, 0, 1, 146, 0, 0), .Dim = 4:3, .Dimnames = list(
        c("-1", "0", "1", "2"), c("-", "C", "G"))), N = 319)), 
    `2` = structure(c(0, 0, 0, 0, 0, 111, 1, 0, 0, 104, 0, 0), .Dim = 4:3, .Dimnames = list(
        c("-1", "0", "1", "2"), c("-", "C", "G"))))))
