Results <-
list(`bwa.out//20220204//BlindCMMRD59_S18.sam` = list(GM07_SNP1 = list(
    All = list(Freqs = structure(c(0L, 0L, 1L, 0L, 0L, 0L, 1L, 
    213L, 4169L, 117L, 2L, 59L, 0L, 1L, 2L, 0L, 0L, 1L, 0L, 2L, 
    59L, 0L, 0L, 0L), .Dim = c(6L, 4L), .Dimnames = structure(list(
        c("-2", "-1", "0", "1", "2", NA), c("-", "A", "G", NA
        )), .Names = c("", "")), class = "table"), N = 4627L), 
    Tag.Distribution = structure(c(`1` = 120L, `2` = 32L, `3` = 43L, 
    `4` = 43L, `5` = 34L, `6` = 31L, `7` = 30L, `8` = 24L, `9` = 32L, 
    `10` = 21L, `11` = 17L, `12` = 19L, `13` = 9L, `14` = 17L, 
    `15` = 6L, `16` = 17L, `17` = 10L, `18` = 5L, `19` = 6L, 
    `20` = 12L, `21` = 5L, `22` = 4L, `23` = 3L, `24` = 3L, `25` = 6L, 
    `26` = 4L, `27` = 2L, `29` = 2L, `30` = 2L, `31` = 1L, `35` = 1L, 
    `39` = 1L, `42` = 1L), .Dim = 33L, .Dimnames = list(TagUsage = c("1", 
    "2", "3", "4", "5", "6", "7", "8", "9", "10", "11", "12", 
    "13", "14", "15", "16", "17", "18", "19", "20", "21", "22", 
    "23", "24", "25", "26", "27", "29", "30", "31", "35", "39", 
    "42")), class = "table"), No.Tag = structure(c(0L, 0L, 0L, 
    0L, 0L, 0L, 0L, 12L, 197L, 6L, 0L, 13L, 0L, 0L, 0L, 0L, 0L, 
    0L, 0L, 0L, 5L, 0L, 0L, 0L), .Dim = c(6L, 4L), .Dimnames = structure(list(
        c("-2", "-1", "0", "1", "2", NA), c("-", "A", "G", NA
        )), .Names = c("", "")), class = "table"), All.Tags = list(
        Concordant = list(Freqs = structure(c(0, 0, 0, 0, 0, 
        0, 3, 353, 3, 0, 0, 1, 1, 0, 0), .Dim = c(5L, 3L), .Dimnames = list(
            c("-2", "-1", "0", "1", "2"), c("-", "A", "G"))), 
            N = 361), Majority = list(Freqs = structure(c(0, 
        0, 0, 0, 0, 0, 5, 540, 3, 0, 0, 1, 1, 0, 0), .Dim = c(5L, 
        3L), .Dimnames = list(c("-2", "-1", "0", "1", "2"), c("-", 
        "A", "G"))), N = 550)), `2` = structure(c(0, 0, 0, 0, 
    0, 0, 3, 435, 1, 0, 0, 0, 0, 0, 0), .Dim = c(5L, 3L), .Dimnames = list(
        c("-2", "-1", "0", "1", "2"), c("-", "A", "G"))))))
