Results <-
list(`bwa.out//20220204//BlindCMMRD98_S57.sam` = list(IM16_SNP1 = list(
    All = list(Freqs = structure(c(1L, 38L, 3306L, 45L, 3L, 3L, 
    0L, 0L, 1L, 0L, 0L, 0L, 1L, 63L, 3210L, 45L, 2L, 2L, 0L, 
    0L, 63L, 7L, 0L, 0L), .Dim = c(6L, 4L), .Dimnames = structure(list(
        c("-2", "-1", "0", "1", "2", NA), c("A", "C", "G", NA
        )), .Names = c("", "")), class = "table"), N = 6790L), 
    Tag.Distribution = structure(c(`1` = 138L, `2` = 55L, `3` = 49L, 
    `4` = 41L, `5` = 46L, `6` = 29L, `7` = 37L, `8` = 32L, `9` = 19L, 
    `10` = 24L, `11` = 16L, `12` = 15L, `13` = 12L, `14` = 18L, 
    `15` = 12L, `16` = 16L, `17` = 13L, `18` = 13L, `19` = 8L, 
    `20` = 5L, `21` = 12L, `22` = 8L, `23` = 3L, `24` = 5L, `25` = 5L, 
    `26` = 1L, `27` = 3L, `28` = 3L, `29` = 1L, `30` = 4L, `31` = 2L, 
    `32` = 5L, `33` = 1L, `34` = 2L, `35` = 5L, `36` = 4L, `37` = 2L, 
    `38` = 2L, `39` = 2L, `40` = 3L, `41` = 1L, `42` = 2L, `43` = 1L, 
    `44` = 1L, `45` = 2L, `46` = 1L, `47` = 1L, `48` = 1L, `49` = 2L, 
    `50` = 2L, `52` = 1L, `53` = 1L), .Dim = 52L, .Dimnames = list(
        TagUsage = c("1", "2", "3", "4", "5", "6", "7", "8", 
        "9", "10", "11", "12", "13", "14", "15", "16", "17", 
        "18", "19", "20", "21", "22", "23", "24", "25", "26", 
        "27", "28", "29", "30", "31", "32", "33", "34", "35", 
        "36", "37", "38", "39", "40", "41", "42", "43", "44", 
        "45", "46", "47", "48", "49", "50", "52", "53")), class = "table"), 
    No.Tag = structure(c(0L, 1L, 93L, 0L, 1L, 0L, 0L, 0L, 0L, 
    0L, 0L, 0L, 0L, 1L, 65L, 1L, 0L, 0L, 0L, 0L, 14L, 0L, 0L, 
    0L), .Dim = c(6L, 4L), .Dimnames = structure(list(c("-2", 
    "-1", "0", "1", "2", NA), c("A", "C", "G", NA)), .Names = c("", 
    "")), class = "table"), All.Tags = list(Concordant = list(
        Freqs = structure(c(0, 2, 258, 2, 0, 0, 0, 0, 0, 0, 0, 
        4, 277, 1, 0), .Dim = c(5L, 3L), .Dimnames = list(c("-2", 
        "-1", "0", "1", "2"), c("A", "C", "G"))), N = 544), Majority = list(
        Freqs = structure(c(0, 2, 319, 2, 0, 0, 0, 0, 0, 0, 0, 
        4, 342, 2, 0), .Dim = c(5L, 3L), .Dimnames = list(c("-2", 
        "-1", "0", "1", "2"), c("A", "C", "G"))), N = 671)), 
    `2` = structure(c(0, 2, 253, 1, 0, 0, 0, 0, 0, 0, 0, 3, 277, 
    2, 0), .Dim = c(5L, 3L), .Dimnames = list(c("-2", "-1", "0", 
    "1", "2"), c("A", "C", "G"))))))
