Results <-
list(`bwa.out//20220204//BlindCMMRD82_S41.sam` = list(IM49_SNP1 = list(
    All = list(Freqs = structure(c(1L, 138L, 2332L, 31L, 3L, 
    25L, 1L, 82L, 1977L, 41L, 1L, 13L, 0L, 4L, 250L, 3L, 0L, 
    0L), .Dim = c(6L, 3L), .Dimnames = structure(list(c("-2", 
    "-1", "0", "1", "2", NA), c("C", "G", NA)), .Names = c("", 
    "")), class = "table"), N = 4902L), Tag.Distribution = structure(c(`1` = 230L, 
    `2` = 110L, `3` = 89L, `4` = 81L, `5` = 63L, `6` = 43L, `7` = 40L, 
    `8` = 48L, `9` = 30L, `10` = 29L, `11` = 20L, `12` = 18L, 
    `13` = 17L, `14` = 9L, `15` = 12L, `16` = 16L, `17` = 9L, 
    `18` = 3L, `19` = 6L, `21` = 4L, `22` = 3L, `23` = 3L, `24` = 4L, 
    `25` = 1L, `26` = 2L, `27` = 1L), .Dim = 26L, .Dimnames = list(
        TagUsage = c("1", "2", "3", "4", "5", "6", "7", "8", 
        "9", "10", "11", "12", "13", "14", "15", "16", "17", 
        "18", "19", "21", "22", "23", "24", "25", "26", "27")), class = "table"), 
    No.Tag = structure(c(0L, 0L, 44L, 0L, 0L, 1L, 0L, 4L, 47L, 
    2L, 0L, 0L, 0L, 0L, 7L, 0L, 0L, 0L), .Dim = c(6L, 3L), .Dimnames = structure(list(
        c("-2", "-1", "0", "1", "2", NA), c("C", "G", NA)), .Names = c("", 
    "")), class = "table"), All.Tags = list(Concordant = list(
        Freqs = structure(c(0, 12, 318, 2, 0, 0, 4, 304, 0, 0
        ), .Dim = c(5L, 2L), .Dimnames = list(c("-2", "-1", "0", 
        "1", "2"), c("C", "G"))), N = 640), Majority = list(Freqs = structure(c(0, 
    14, 415, 2, 0, 0, 5, 395, 0, 0), .Dim = c(5L, 2L), .Dimnames = list(
        c("-2", "-1", "0", "1", "2"), c("C", "G"))), N = 831)), 
    `2` = structure(c(0, 10, 322, 1, 0, 0, 4, 309, 0, 0), .Dim = c(5L, 
    2L), .Dimnames = list(c("-2", "-1", "0", "1", "2"), c("C", 
    "G"))))))
