Results <-
list(`bwa.out//20220204//BlindCMMRD89_S48.sam` = list(LR20_SNP1 = list(
    All = list(Freqs = structure(c(0L, 2L, 0L, 0L, 2L, 2211L, 
    0L, 1L, 2L, 2133L, 1L, 2L, 0L, 24L, 1L, 0L), .Dim = c(4L, 
    4L), .Dimnames = structure(list(c("-1", "0", "1", NA), c("-", 
    "A", "G", NA)), .Names = c("", "")), class = "table"), N = 4379L), 
    Tag.Distribution = structure(c(`1` = 148L, `2` = 85L, `3` = 61L, 
    `4` = 53L, `5` = 44L, `6` = 41L, `7` = 46L, `8` = 31L, `9` = 24L, 
    `10` = 20L, `11` = 23L, `12` = 13L, `13` = 11L, `14` = 12L, 
    `15` = 9L, `16` = 12L, `17` = 9L, `18` = 2L, `19` = 2L, `20` = 8L, 
    `21` = 4L, `22` = 6L, `23` = 4L, `24` = 2L, `25` = 3L, `26` = 1L, 
    `27` = 1L, `28` = 1L, `29` = 2L, `30` = 3L, `33` = 1L), .Dim = 31L, .Dimnames = list(
        TagUsage = c("1", "2", "3", "4", "5", "6", "7", "8", 
        "9", "10", "11", "12", "13", "14", "15", "16", "17", 
        "18", "19", "20", "21", "22", "23", "24", "25", "26", 
        "27", "28", "29", "30", "33")), class = "table"), No.Tag = structure(c(0L, 
    0L, 0L, 0L, 0L, 50L, 0L, 1L, 0L, 31L, 0L, 1L, 0L, 4L, 0L, 
    0L), .Dim = c(4L, 4L), .Dimnames = structure(list(c("-1", 
    "0", "1", NA), c("-", "A", "G", NA)), .Names = c("", "")), class = "table"), 
    All.Tags = list(Concordant = list(Freqs = structure(c(0, 
    0, 0, 0, 319, 0, 0, 300, 0), .Dim = c(3L, 3L), .Dimnames = list(
        c("-1", "0", "1"), c("-", "A", "G"))), N = 619), Majority = list(
        Freqs = structure(c(0, 0, 0, 0, 352, 0, 0, 326, 0), .Dim = c(3L, 
        3L), .Dimnames = list(c("-1", "0", "1"), c("-", "A", 
        "G"))), N = 678)), `2` = structure(c(0, 0, 0, 0, 279, 
    0, 0, 251, 0), .Dim = c(3L, 3L), .Dimnames = list(c("-1", 
    "0", "1"), c("-", "A", "G"))))))
