Results <-
list(`bwa.out//20220204//BlindCMMRD63_S22.sam` = list(GM29_SNP1 = list(
    All = list(Freqs = structure(c(17L, 1620L, 5L, 0L, 21L, 1810L, 
    4L, 3L, 0L, 27L, 0L, 0L), .Dim = 4:3, .Dimnames = structure(list(
        c("-1", "0", "1", NA), c("A", "G", NA)), .Names = c("", 
    "")), class = "table"), N = 3507L), Tag.Distribution = structure(c(`1` = 72L, 
    `2` = 43L, `3` = 41L, `4` = 23L, `5` = 30L, `6` = 25L, `7` = 28L, 
    `8` = 19L, `9` = 16L, `10` = 22L, `11` = 16L, `12` = 11L, 
    `13` = 12L, `14` = 11L, `15` = 7L, `16` = 6L, `17` = 4L, 
    `18` = 3L, `19` = 5L, `20` = 6L, `21` = 1L, `22` = 4L, `23` = 1L, 
    `24` = 4L, `25` = 1L, `26` = 4L, `27` = 1L, `28` = 2L, `30` = 3L, 
    `31` = 2L, `34` = 1L, `35` = 1L, `36` = 1L, `40` = 1L, `41` = 1L, 
    `45` = 1L), .Dim = 36L, .Dimnames = list(TagUsage = c("1", 
    "2", "3", "4", "5", "6", "7", "8", "9", "10", "11", "12", 
    "13", "14", "15", "16", "17", "18", "19", "20", "21", "22", 
    "23", "24", "25", "26", "27", "28", "30", "31", "34", "35", 
    "36", "40", "41", "45")), class = "table"), No.Tag = structure(c(0L, 
    55L, 0L, 0L, 1L, 85L, 0L, 0L, 0L, 2L, 0L, 0L), .Dim = 4:3, .Dimnames = structure(list(
        c("-1", "0", "1", NA), c("A", "G", NA)), .Names = c("", 
    "")), class = "table"), All.Tags = list(Concordant = list(
        Freqs = structure(c(0, 173, 0, 0, 175, 0), .Dim = 3:2, .Dimnames = list(
            c("-1", "0", "1"), c("A", "G"))), N = 348), Majority = list(
        Freqs = structure(c(0, 202, 0, 0, 218, 0), .Dim = 3:2, .Dimnames = list(
            c("-1", "0", "1"), c("A", "G"))), N = 420)), `2` = structure(c(0, 
    171, 0, 0, 182, 0), .Dim = 3:2, .Dimnames = list(c("-1", 
    "0", "1"), c("A", "G"))))))
