Results <-
list(`bwa.out//20220204//BlindCMMRD86_S45.sam` = list(GM09_SNP1 = list(
    All = list(Freqs = structure(c(9L, 2591L, 2L, 2L, 20L, 2548L, 
    3L, 0L, 0L, 2L, 0L, 0L, 0L, 30L, 0L, 0L), .Dim = c(4L, 4L
    ), .Dimnames = structure(list(c("-1", "0", "1", NA), c("A", 
    "G", "T", NA)), .Names = c("", "")), class = "table"), N = 5207L), 
    Tag.Distribution = structure(c(`1` = 183L, `2` = 111L, `3` = 94L, 
    `4` = 68L, `5` = 69L, `6` = 51L, `7` = 44L, `8` = 47L, `9` = 37L, 
    `10` = 28L, `11` = 21L, `12` = 15L, `13` = 25L, `14` = 12L, 
    `15` = 9L, `16` = 14L, `17` = 7L, `18` = 10L, `19` = 7L, 
    `20` = 4L, `21` = 4L, `22` = 1L, `23` = 4L, `25` = 1L, `28` = 1L, 
    `29` = 1L, `33` = 2L, `36` = 2L, `37` = 1L), .Dim = 29L, .Dimnames = list(
        TagUsage = c("1", "2", "3", "4", "5", "6", "7", "8", 
        "9", "10", "11", "12", "13", "14", "15", "16", "17", 
        "18", "19", "20", "21", "22", "23", "25", "28", "29", 
        "33", "36", "37")), class = "table"), No.Tag = structure(c(0L, 
    46L, 0L, 0L, 0L, 23L, 0L, 0L, 0L, 0L, 0L, 0L, 0L, 1L, 0L, 
    0L), .Dim = c(4L, 4L), .Dimnames = structure(list(c("-1", 
    "0", "1", NA), c("A", "G", "T", NA)), .Names = c("", "")), class = "table"), 
    All.Tags = list(Concordant = list(Freqs = structure(c(0, 
    384, 1, 0, 360, 0, 0, 0, 0), .Dim = c(3L, 3L), .Dimnames = list(
        c("-1", "0", "1"), c("A", "G", "T"))), N = 745), Majority = list(
        Freqs = structure(c(0, 443, 1, 0, 409, 0, 0, 0, 0), .Dim = c(3L, 
        3L), .Dimnames = list(c("-1", "0", "1"), c("A", "G", 
        "T"))), N = 853)), `2` = structure(c(0, 351, 0, 0, 327, 
    0, 0, 0, 0), .Dim = c(3L, 3L), .Dimnames = list(c("-1", "0", 
    "1"), c("A", "G", "T"))))))
