Results <-
list(`bwa.out//20220204//BlindCMMRD49_S9.sam` = list(IM16_SNP1 = list(
    All = list(Freqs = structure(c(0L, 2L, 0L, 0L, 0L, 73L, 7009L, 
    83L, 1L, 3L, 0L, 69L, 10L, 0L, 0L), .Dim = c(5L, 3L), .Dimnames = structure(list(
        c("-1", "0", "1", "2", NA), c("A", "G", NA)), .Names = c("", 
    "")), class = "table"), N = 7250L), Tag.Distribution = structure(c(`1` = 89L, 
    `2` = 18L, `3` = 11L, `4` = 11L, `5` = 11L, `6` = 10L, `7` = 11L, 
    `8` = 9L, `9` = 9L, `10` = 6L, `11` = 4L, `12` = 12L, `13` = 6L, 
    `14` = 6L, `15` = 2L, `16` = 5L, `17` = 4L, `18` = 3L, `19` = 6L, 
    `20` = 4L, `21` = 5L, `22` = 2L, `23` = 7L, `24` = 1L, `25` = 5L, 
    `26` = 3L, `27` = 6L, `28` = 1L, `29` = 7L, `30` = 1L, `31` = 3L, 
    `32` = 4L, `33` = 4L, `34` = 1L, `35` = 7L, `36` = 1L, `37` = 2L, 
    `38` = 4L, `39` = 2L, `40` = 1L, `42` = 1L, `43` = 1L, `44` = 5L, 
    `45` = 2L, `49` = 3L, `50` = 1L, `52` = 1L, `53` = 1L, `54` = 1L, 
    `55` = 1L, `56` = 2L, `58` = 1L, `59` = 1L, `60` = 2L, `61` = 4L, 
    `63` = 2L, `64` = 1L, `65` = 3L, `67` = 4L, `68` = 1L, `70` = 1L, 
    `71` = 1L, `72` = 3L, `73` = 2L, `74` = 2L, `76` = 1L, `77` = 1L, 
    `83` = 1L, `84` = 2L, `86` = 1L, `87` = 1L, `95` = 1L, `98` = 1L, 
    `99` = 1L, `105` = 1L), .Dim = 75L, .Dimnames = list(TagUsage = c("1", 
    "2", "3", "4", "5", "6", "7", "8", "9", "10", "11", "12", 
    "13", "14", "15", "16", "17", "18", "19", "20", "21", "22", 
    "23", "24", "25", "26", "27", "28", "29", "30", "31", "32", 
    "33", "34", "35", "36", "37", "38", "39", "40", "42", "43", 
    "44", "45", "49", "50", "52", "53", "54", "55", "56", "58", 
    "59", "60", "61", "63", "64", "65", "67", "68", "70", "71", 
    "72", "73", "74", "76", "77", "83", "84", "86", "87", "95", 
    "98", "99", "105")), class = "table"), No.Tag = structure(c(0L, 
    0L, 0L, 0L, 0L, 0L, 138L, 1L, 0L, 0L, 0L, 10L, 1L, 0L, 0L
    ), .Dim = c(5L, 3L), .Dimnames = structure(list(c("-1", "0", 
    "1", "2", NA), c("A", "G", NA)), .Names = c("", "")), class = "table"), 
    All.Tags = list(Concordant = list(Freqs = structure(c(0, 
    2, 0, 0, 0, 257, 0, 0), .Dim = c(4L, 2L), .Dimnames = list(
        c("-1", "0", "1", "2"), c("A", "G"))), N = 259), Majority = list(
        Freqs = structure(c(0, 2, 0, 0, 1, 351, 0, 0), .Dim = c(4L, 
        2L), .Dimnames = list(c("-1", "0", "1", "2"), c("A", 
        "G"))), N = 354)), `2` = structure(c(0, 0, 0, 0, 1, 272, 
    0, 0), .Dim = c(4L, 2L), .Dimnames = list(c("-1", "0", "1", 
    "2"), c("A", "G"))))))
