Results <-
list(`bwa.out//20220204//BlindCMMRD92_S51.sam` = list(LR44_SNP1 = list(
    All = list(Freqs = structure(c(0L, 0L, 0L, 0L, 1L, 0L, 0L, 
    0L, 1L, 3L, 11L, 307L, 5251L, 58L, 1L, 14L, 0L, 0L, 0L, 0L, 
    1L, 0L, 0L, 0L, 0L, 0L, 0L, 0L, 11L, 1L, 0L, 0L, 0L, 0L, 
    2L, 11L, 130L, 0L, 0L, 0L), .Dim = c(8L, 5L), .Dimnames = structure(list(
        c("-4", "-3", "-2", "-1", "0", "1", "2", NA), c("A", 
        "C", "G", "T", NA)), .Names = c("", "")), class = "table"), 
        N = 5803L), Tag.Distribution = structure(c(`1` = 131L, 
    `2` = 42L, `3` = 43L, `4` = 44L, `5` = 43L, `6` = 46L, `7` = 31L, 
    `8` = 29L, `9` = 36L, `10` = 22L, `11` = 27L, `12` = 16L, 
    `13` = 22L, `14` = 10L, `15` = 14L, `16` = 8L, `17` = 14L, 
    `18` = 6L, `19` = 10L, `20` = 10L, `21` = 14L, `22` = 11L, 
    `23` = 12L, `24` = 4L, `25` = 7L, `26` = 4L, `27` = 2L, `28` = 1L, 
    `29` = 2L, `30` = 4L, `31` = 2L, `32` = 3L, `33` = 1L, `34` = 1L, 
    `35` = 1L, `40` = 1L), .Dim = 36L, .Dimnames = list(TagUsage = c("1", 
    "2", "3", "4", "5", "6", "7", "8", "9", "10", "11", "12", 
    "13", "14", "15", "16", "17", "18", "19", "20", "21", "22", 
    "23", "24", "25", "26", "27", "28", "29", "30", "31", "32", 
    "33", "34", "35", "40")), class = "table"), No.Tag = structure(c(0L, 
    0L, 0L, 0L, 0L, 0L, 0L, 0L, 0L, 0L, 0L, 1L, 56L, 0L, 0L, 
    1L, 0L, 0L, 0L, 0L, 0L, 0L, 0L, 0L, 0L, 0L, 0L, 0L, 0L, 0L, 
    0L, 0L, 0L, 0L, 0L, 0L, 5L, 0L, 0L, 0L), .Dim = c(8L, 5L), .Dimnames = structure(list(
        c("-4", "-3", "-2", "-1", "0", "1", "2", NA), c("A", 
        "C", "G", "T", NA)), .Names = c("", "")), class = "table"), 
    All.Tags = list(Concordant = list(Freqs = structure(c(0, 
    0, 0, 0, 0, 0, 0, 0, 1, 0, 7, 414, 2, 0, 0, 0, 0, 0, 0, 0, 
    0, 0, 0, 0, 0, 7, 1, 0), .Dim = c(7L, 4L), .Dimnames = list(
        c("-4", "-3", "-2", "-1", "0", "1", "2"), c("A", "C", 
        "G", "T"))), N = 432), Majority = list(Freqs = structure(c(0, 
    0, 0, 0, 0, 0, 0, 0, 1, 0, 9, 638, 2, 0, 0, 0, 0, 0, 0, 0, 
    0, 0, 0, 0, 0, 7, 1, 0), .Dim = c(7L, 4L), .Dimnames = list(
        c("-4", "-3", "-2", "-1", "0", "1", "2"), c("A", "C", 
        "G", "T"))), N = 658)), `2` = structure(c(0, 0, 0, 0, 
    0, 0, 0, 0, 0, 0, 3, 534, 0, 0, 0, 0, 0, 0, 0, 0, 0, 0, 0, 
    0, 0, 0, 0, 0), .Dim = c(7L, 4L), .Dimnames = list(c("-4", 
    "-3", "-2", "-1", "0", "1", "2"), c("A", "C", "G", "T"))))))
