Results <-
list(`bwa.out//20220204//BlindCMMRD43_S3.sam` = list(GM11_SNP1 = list(
    All = list(Freqs = structure(c(2L, 16L, 2844L, 7L, 2L, 0L, 
    0L, 1L, 0L, 0L, 0L, 0L, 4L, 0L, 0L, 0L, 0L, 19L, 0L, 0L), .Dim = 5:4, .Dimnames = structure(list(
        c("-2", "-1", "0", "1", NA), c("A", "C", "G", NA)), .Names = c("", 
    "")), class = "table"), N = 2895L), Tag.Distribution = structure(c(`1` = 86L, 
    `2` = 35L, `3` = 21L, `4` = 18L, `5` = 17L, `6` = 22L, `7` = 24L, 
    `8` = 17L, `9` = 16L, `10` = 10L, `11` = 7L, `12` = 8L, `13` = 4L, 
    `14` = 13L, `15` = 8L, `16` = 4L, `17` = 5L, `18` = 1L, `19` = 3L, 
    `20` = 4L, `21` = 4L, `22` = 3L, `23` = 2L, `24` = 6L, `25` = 3L, 
    `26` = 3L, `28` = 3L, `30` = 3L, `31` = 3L, `33` = 1L, `34` = 1L, 
    `35` = 2L, `36` = 2L), .Dim = 33L, .Dimnames = list(TagUsage = c("1", 
    "2", "3", "4", "5", "6", "7", "8", "9", "10", "11", "12", 
    "13", "14", "15", "16", "17", "18", "19", "20", "21", "22", 
    "23", "24", "25", "26", "28", "30", "31", "33", "34", "35", 
    "36")), class = "table"), No.Tag = structure(c(0L, 0L, 38L, 
    0L, 0L, 0L, 0L, 0L, 0L, 0L, 0L, 0L, 0L, 0L, 0L, 0L, 0L, 1L, 
    0L, 0L), .Dim = 5:4, .Dimnames = structure(list(c("-2", "-1", 
    "0", "1", NA), c("A", "C", "G", NA)), .Names = c("", "")), class = "table"), 
    All.Tags = list(Concordant = list(Freqs = structure(c(0, 
    2, 335, 0, 0, 0, 0, 0, 0, 0, 4, 0), .Dim = 4:3, .Dimnames = list(
        c("-2", "-1", "0", "1"), c("A", "C", "G"))), N = 341), 
        Majority = list(Freqs = structure(c(0, 2, 349, 0, 0, 
        0, 0, 0, 0, 0, 4, 0), .Dim = 4:3, .Dimnames = list(c("-2", 
        "-1", "0", "1"), c("A", "C", "G"))), N = 355)), `2` = structure(c(0, 
    1, 272, 0, 0, 0, 0, 0, 0, 0, 0, 0), .Dim = 4:3, .Dimnames = list(
        c("-2", "-1", "0", "1"), c("A", "C", "G"))))))
