Results <-
list(`bwa.out//20220204//Control17_S10.sam` = list(GM07_SNP1 = list(
    All = list(Freqs = structure(c(0L, 0L, 2L, 0L, 1L, 2L, 175L, 
    3132L, 101L, 39L, 0L, 0L, 2L, 0L, 0L, 0L, 2L, 23L, 0L, 0L
    ), .Dim = 5:4, .Dimnames = structure(list(c("-2", "-1", "0", 
    "1", NA), c("-", "A", "G", NA)), .Names = c("", "")), class = "table"), 
        N = 3479L), Tag.Distribution = structure(c(`1` = 104L, 
    `2` = 46L, `3` = 37L, `4` = 36L, `5` = 29L, `6` = 24L, `7` = 35L, 
    `8` = 24L, `9` = 20L, `10` = 14L, `11` = 15L, `12` = 9L, 
    `13` = 9L, `14` = 8L, `15` = 6L, `16` = 5L, `17` = 6L, `18` = 6L, 
    `19` = 8L, `21` = 3L, `22` = 2L, `23` = 2L, `24` = 4L, `25` = 3L, 
    `27` = 3L, `35` = 1L), .Dim = 26L, .Dimnames = list(TagUsage = c("1", 
    "2", "3", "4", "5", "6", "7", "8", "9", "10", "11", "12", 
    "13", "14", "15", "16", "17", "18", "19", "21", "22", "23", 
    "24", "25", "27", "35")), class = "table"), No.Tag = structure(c(0L, 
    0L, 0L, 0L, 1L, 0L, 19L, 446L, 15L, 16L, 0L, 0L, 1L, 0L, 
    0L, 0L, 1L, 9L, 0L, 0L), .Dim = 5:4, .Dimnames = structure(list(
        c("-2", "-1", "0", "1", NA), c("-", "A", "G", NA)), .Names = c("", 
    "")), class = "table"), All.Tags = list(Concordant = list(
        Freqs = structure(c(0, 0, 0, 0, 0, 7, 301, 1, 0, 0, 0, 
        0), .Dim = 4:3, .Dimnames = list(c("-2", "-1", "0", "1"
        ), c("-", "A", "G"))), N = 309), Majority = list(Freqs = structure(c(0, 
    0, 0, 0, 0, 9, 437, 1, 0, 0, 0, 0), .Dim = 4:3, .Dimnames = list(
        c("-2", "-1", "0", "1"), c("-", "A", "G"))), N = 447)), 
    `2` = structure(c(0, 0, 0, 0, 0, 4, 343, 0, 0, 0, 0, 0), .Dim = 4:3, .Dimnames = list(
        c("-2", "-1", "0", "1"), c("-", "A", "G"))))))
