Results <-
list(`bwa.out//20220204//16D2889_S4.sam` = list(LR17_SNP1 = list(
    All = list(Freqs = structure(c(5L, 149L, 3122L, 38L, 1L, 
    23L, 0L, 0L, 2L, 0L, 0L, 0L, 0L, 0L, 2L, 0L, 0L, 0L, 0L, 
    2L, 221L, 2L, 0L, 0L), .Dim = c(6L, 4L), .Dimnames = structure(list(
        c("-2", "-1", "0", "1", "2", NA), c("A", "C", "G", NA
        )), .Names = c("", "")), class = "table"), N = 3567L), 
    Tag.Distribution = structure(c(`1` = 154L, `2` = 94L, `3` = 64L, 
    `4` = 51L, `5` = 48L, `6` = 38L, `7` = 34L, `8` = 17L, `9` = 21L, 
    `10` = 9L, `11` = 15L, `12` = 9L, `13` = 11L, `14` = 10L, 
    `15` = 8L, `16` = 4L, `17` = 5L, `18` = 5L, `19` = 2L, `20` = 6L, 
    `21` = 4L, `22` = 3L, `23` = 2L, `24` = 3L, `25` = 2L, `26` = 3L, 
    `27` = 1L, `28` = 1L, `29` = 1L, `31` = 1L, `36` = 1L), .Dim = 31L, .Dimnames = list(
        TagUsage = c("1", "2", "3", "4", "5", "6", "7", "8", 
        "9", "10", "11", "12", "13", "14", "15", "16", "17", 
        "18", "19", "20", "21", "22", "23", "24", "25", "26", 
        "27", "28", "29", "31", "36")), class = "table"), No.Tag = structure(c(0L, 
    8L, 72L, 0L, 0L, 1L, 0L, 0L, 0L, 0L, 0L, 0L, 0L, 0L, 0L, 
    0L, 0L, 0L, 0L, 0L, 7L, 0L, 0L, 0L), .Dim = c(6L, 4L), .Dimnames = structure(list(
        c("-2", "-1", "0", "1", "2", NA), c("A", "C", "G", NA
        )), .Names = c("", "")), class = "table"), All.Tags = list(
        Concordant = list(Freqs = structure(c(0, 9, 467, 2, 0, 
        0, 0, 0, 0, 0, 0, 0, 0, 0, 0), .Dim = c(5L, 3L), .Dimnames = list(
            c("-2", "-1", "0", "1", "2"), c("A", "C", "G"))), 
            N = 478), Majority = list(Freqs = structure(c(0, 
        10, 579, 2, 0, 0, 0, 0, 0, 0, 0, 0, 0, 0, 0), .Dim = c(5L, 
        3L), .Dimnames = list(c("-2", "-1", "0", "1", "2"), c("A", 
        "C", "G"))), N = 591)), `2` = structure(c(0, 2, 454, 
    0, 0, 0, 0, 0, 0, 0, 0, 0, 0, 0, 0), .Dim = c(5L, 3L), .Dimnames = list(
        c("-2", "-1", "0", "1", "2"), c("A", "C", "G"))))))
