Results <-
list(`bwa.out//20220204//BlindCMMRD68_S27.sam` = list(LR20_SNP1 = list(
    All = list(Freqs = structure(c(4L, 3831L, 3L, 5L, 0L, 2L, 
    0L, 0L, 0L, 11L, 0L, 0L), .Dim = 4:3, .Dimnames = structure(list(
        c("-1", "0", "1", NA), c("A", "G", NA)), .Names = c("", 
    "")), class = "table"), N = 3856L), Tag.Distribution = structure(c(`1` = 144L, 
    `2` = 78L, `3` = 55L, `4` = 45L, `5` = 44L, `6` = 40L, `7` = 35L, 
    `8` = 22L, `9` = 29L, `10` = 20L, `11` = 15L, `12` = 6L, 
    `13` = 8L, `14` = 15L, `15` = 11L, `16` = 10L, `17` = 7L, 
    `18` = 5L, `19` = 2L, `20` = 7L, `21` = 4L, `22` = 4L, `23` = 2L, 
    `24` = 1L, `26` = 2L, `27` = 4L, `28` = 1L, `30` = 1L, `34` = 1L
    ), .Dim = 29L, .Dimnames = list(TagUsage = c("1", "2", "3", 
    "4", "5", "6", "7", "8", "9", "10", "11", "12", "13", "14", 
    "15", "16", "17", "18", "19", "20", "21", "22", "23", "24", 
    "26", "27", "28", "30", "34")), class = "table"), No.Tag = structure(c(0L, 
    109L, 0L, 1L, 0L, 1L, 0L, 0L, 0L, 1L, 0L, 0L), .Dim = 4:3, .Dimnames = structure(list(
        c("-1", "0", "1", NA), c("A", "G", NA)), .Names = c("", 
    "")), class = "table"), All.Tags = list(Concordant = list(
        Freqs = structure(c(0, 609, 0, 0, 0, 0), .Dim = 3:2, .Dimnames = list(
            c("-1", "0", "1"), c("A", "G"))), N = 609), Majority = list(
        Freqs = structure(c(0, 617, 0, 0, 0, 0), .Dim = 3:2, .Dimnames = list(
            c("-1", "0", "1"), c("A", "G"))), N = 617)), `2` = structure(c(0, 
    474, 0, 0, 0, 0), .Dim = 3:2, .Dimnames = list(c("-1", "0", 
    "1"), c("A", "G"))))))
