Results <-
list(`bwa.out//20220204//BlindCMMRD76_S35.sam` = list(GM26_SNP1 = list(
    All = list(Freqs = structure(c(29L, 2516L, 11L, 2L, 22L, 
    2694L, 8L, 1L, 0L, 50L, 0L, 0L), .Dim = 4:3, .Dimnames = structure(list(
        c("-1", "0", "1", NA), c("A", "G", NA)), .Names = c("", 
    "")), class = "table"), N = 5333L), Tag.Distribution = structure(c(`1` = 98L, 
    `2` = 44L, `3` = 35L, `4` = 31L, `5` = 35L, `6` = 25L, `7` = 37L, 
    `8` = 31L, `9` = 24L, `10` = 18L, `11` = 23L, `12` = 15L, 
    `13` = 9L, `14` = 15L, `15` = 5L, `16` = 11L, `17` = 11L, 
    `18` = 3L, `19` = 5L, `20` = 6L, `21` = 7L, `22` = 10L, `23` = 6L, 
    `24` = 11L, `25` = 3L, `26` = 5L, `27` = 7L, `28` = 8L, `29` = 2L, 
    `30` = 2L, `31` = 3L, `32` = 1L, `33` = 1L, `34` = 2L, `36` = 3L, 
    `38` = 1L, `39` = 1L, `45` = 2L, `47` = 1L, `50` = 1L), .Dim = 40L, .Dimnames = list(
        TagUsage = c("1", "2", "3", "4", "5", "6", "7", "8", 
        "9", "10", "11", "12", "13", "14", "15", "16", "17", 
        "18", "19", "20", "21", "22", "23", "24", "25", "26", 
        "27", "28", "29", "30", "31", "32", "33", "34", "36", 
        "38", "39", "45", "47", "50")), class = "table"), No.Tag = structure(c(8L, 
    33L, 0L, 0L, 1L, 73L, 0L, 0L, 0L, 5L, 0L, 0L), .Dim = 4:3, .Dimnames = structure(list(
        c("-1", "0", "1", NA), c("A", "G", NA)), .Names = c("", 
    "")), class = "table"), All.Tags = list(Concordant = list(
        Freqs = structure(c(0, 234, 0, 1, 253, 0), .Dim = 3:2, .Dimnames = list(
            c("-1", "0", "1"), c("A", "G"))), N = 488), Majority = list(
        Freqs = structure(c(0, 260, 0, 1, 288, 0), .Dim = 3:2, .Dimnames = list(
            c("-1", "0", "1"), c("A", "G"))), N = 549)), `2` = structure(c(0, 
    217, 0, 0, 239, 0), .Dim = 3:2, .Dimnames = list(c("-1", 
    "0", "1"), c("A", "G"))))))
