Results <-
list(`bwa.out//20220204//BlindCMMRD122_S48.sam` = list(LR44_SNP1 = list(
    All = list(Freqs = structure(c(11L, 423L, 5980L, 61L, 1L, 
    30L, 0L, 1L, 1L, 0L, 0L, 0L, 0L, 0L, 60L, 0L, 0L, 0L), .Dim = c(6L, 
    3L), .Dimnames = structure(list(c("-2", "-1", "0", "1", "2", 
    NA), c("C", "T", NA)), .Names = c("", "")), class = "table"), 
        N = 6568L), Tag.Distribution = structure(c(`1` = 241L, 
    `2` = 162L, `3` = 148L, `4` = 110L, `5` = 104L, `6` = 67L, 
    `7` = 83L, `8` = 46L, `9` = 52L, `10` = 37L, `11` = 22L, 
    `12` = 19L, `13` = 22L, `14` = 12L, `15` = 12L, `16` = 10L, 
    `17` = 9L, `18` = 9L, `19` = 14L, `20` = 2L, `21` = 2L, `22` = 2L, 
    `23` = 1L, `24` = 2L, `25` = 3L, `27` = 1L, `30` = 3L, `31` = 1L, 
    `33` = 1L), .Dim = 29L, .Dimnames = list(TagUsage = c("1", 
    "2", "3", "4", "5", "6", "7", "8", "9", "10", "11", "12", 
    "13", "14", "15", "16", "17", "18", "19", "20", "21", "22", 
    "23", "24", "25", "27", "30", "31", "33")), class = "table"), 
    No.Tag = structure(c(0L, 9L, 96L, 1L, 0L, 0L, 0L, 0L, 0L, 
    0L, 0L, 0L, 0L, 0L, 6L, 0L, 0L, 0L), .Dim = c(6L, 3L), .Dimnames = structure(list(
        c("-2", "-1", "0", "1", "2", NA), c("C", "T", NA)), .Names = c("", 
    "")), class = "table"), All.Tags = list(Concordant = list(
        Freqs = structure(c(0, 31, 834, 3, 0, 0, 0, 0, 0, 0), .Dim = c(5L, 
        2L), .Dimnames = list(c("-2", "-1", "0", "1", "2"), c("C", 
        "T"))), N = 868), Majority = list(Freqs = structure(c(0, 
    37, 1130, 3, 0, 0, 0, 0, 0, 0), .Dim = c(5L, 2L), .Dimnames = list(
        c("-2", "-1", "0", "1", "2"), c("C", "T"))), N = 1170)), 
    `2` = structure(c(0, 9, 927, 0, 0, 0, 0, 0, 0, 0), .Dim = c(5L, 
    2L), .Dimnames = list(c("-2", "-1", "0", "1", "2"), c("C", 
    "T"))))))
