Results <-
list(`bwa.out//20220204//BlindCMMRD71_S30.sam` = list(LR49_SNP1 = list(
    All = list(Freqs = structure(c(0L, 1L, 0L, 0L, 59L, 4313L, 
    2L, 5L, 47L, 4513L, 14L, 5L, 0L, 2L, 0L, 0L, 0L, 32L, 0L, 
    0L), .Dim = 4:5, .Dimnames = structure(list(c("-1", "0", 
    "1", NA), c("-", "A", "G", "T", NA)), .Names = c("", "")), class = "table"), 
        N = 8993L), Tag.Distribution = structure(c(`1` = 121L, 
    `2` = 35L, `3` = 30L, `4` = 34L, `5` = 31L, `6` = 21L, `7` = 29L, 
    `8` = 33L, `9` = 42L, `10` = 25L, `11` = 25L, `12` = 24L, 
    `13` = 12L, `14` = 24L, `15` = 20L, `16` = 16L, `17` = 22L, 
    `18` = 12L, `19` = 12L, `20` = 7L, `21` = 11L, `22` = 6L, 
    `23` = 8L, `24` = 4L, `25` = 10L, `26` = 8L, `27` = 3L, `28` = 6L, 
    `29` = 5L, `30` = 5L, `31` = 6L, `32` = 2L, `33` = 5L, `34` = 1L, 
    `35` = 1L, `36` = 4L, `37` = 5L, `38` = 2L, `39` = 4L, `40` = 3L, 
    `41` = 3L, `42` = 3L, `43` = 1L, `44` = 5L, `45` = 2L, `46` = 3L, 
    `49` = 4L, `50` = 2L, `51` = 1L, `52` = 1L, `53` = 2L, `56` = 1L, 
    `57` = 2L, `58` = 1L, `69` = 1L, `71` = 1L), .Dim = 56L, .Dimnames = list(
        TagUsage = c("1", "2", "3", "4", "5", "6", "7", "8", 
        "9", "10", "11", "12", "13", "14", "15", "16", "17", 
        "18", "19", "20", "21", "22", "23", "24", "25", "26", 
        "27", "28", "29", "30", "31", "32", "33", "34", "35", 
        "36", "37", "38", "39", "40", "41", "42", "43", "44", 
        "45", "46", "49", "50", "51", "52", "53", "56", "57", 
        "58", "69", "71")), class = "table"), No.Tag = structure(c(0L, 
    0L, 0L, 0L, 1L, 84L, 0L, 2L, 0L, 117L, 0L, 2L, 0L, 0L, 0L, 
    0L, 0L, 2L, 0L, 0L), .Dim = 4:5, .Dimnames = structure(list(
        c("-1", "0", "1", NA), c("-", "A", "G", "T", NA)), .Names = c("", 
    "")), class = "table"), All.Tags = list(Concordant = list(
        Freqs = structure(c(0, 0, 0, 4, 301, 0, 1, 305, 2, 0, 
        0, 0), .Dim = 3:4, .Dimnames = list(c("-1", "0", "1"), 
            c("-", "A", "G", "T"))), N = 613), Majority = list(
        Freqs = structure(c(0, 0, 0, 4, 343, 0, 2, 349, 2, 0, 
        0, 0), .Dim = 3:4, .Dimnames = list(c("-1", "0", "1"), 
            c("-", "A", "G", "T"))), N = 700)), `2` = structure(c(0, 
    0, 0, 4, 290, 0, 2, 287, 1, 0, 0, 0), .Dim = 3:4, .Dimnames = list(
        c("-1", "0", "1"), c("-", "A", "G", "T"))))))
