Results <-
list(`bwa.out//20220204//BlindCMMRD89_S48.sam` = list(GM07_SNP1 = list(
    All = list(Freqs = structure(c(1L, 1L, 132L, 1843L, 46L, 
    20L, 0L, 0L, 95L, 1873L, 43L, 26L, 0L, 0L, 3L, 55L, 2L, 0L
    ), .Dim = c(6L, 3L), .Dimnames = structure(list(c("-3", "-2", 
    "-1", "0", "1", NA), c("A", "G", NA)), .Names = c("", "")), class = "table"), 
        N = 4140L), Tag.Distribution = structure(c(`1` = 108L, 
    `2` = 41L, `3` = 60L, `4` = 53L, `5` = 48L, `6` = 37L, `7` = 30L, 
    `8` = 26L, `9` = 20L, `10` = 17L, `11` = 21L, `12` = 6L, 
    `13` = 14L, `14` = 10L, `15` = 7L, `16` = 7L, `17` = 6L, 
    `18` = 9L, `19` = 4L, `20` = 3L, `21` = 2L, `22` = 6L, `23` = 4L, 
    `24` = 2L, `25` = 2L, `26` = 7L, `27` = 2L, `28` = 2L, `29` = 2L, 
    `33` = 2L, `38` = 1L), .Dim = 31L, .Dimnames = list(TagUsage = c("1", 
    "2", "3", "4", "5", "6", "7", "8", "9", "10", "11", "12", 
    "13", "14", "15", "16", "17", "18", "19", "20", "21", "22", 
    "23", "24", "25", "26", "27", "28", "29", "33", "38")), class = "table"), 
    No.Tag = structure(c(0L, 0L, 1L, 117L, 1L, 4L, 0L, 0L, 5L, 
    123L, 2L, 4L, 0L, 0L, 0L, 10L, 1L, 0L), .Dim = c(6L, 3L), .Dimnames = structure(list(
        c("-3", "-2", "-1", "0", "1", NA), c("A", "G", NA)), .Names = c("", 
    "")), class = "table"), All.Tags = list(Concordant = list(
        Freqs = structure(c(0, 0, 4, 175, 4, 0, 0, 2, 180, 1), .Dim = c(5L, 
        2L), .Dimnames = list(c("-3", "-2", "-1", "0", "1"), 
            c("A", "G"))), N = 366), Majority = list(Freqs = structure(c(0, 
    0, 7, 269, 5, 0, 0, 2, 259, 1), .Dim = c(5L, 2L), .Dimnames = list(
        c("-3", "-2", "-1", "0", "1"), c("A", "G"))), N = 543)), 
    `2` = structure(c(0, 0, 4, 213, 1, 0, 0, 1, 219, 0), .Dim = c(5L, 
    2L), .Dimnames = list(c("-3", "-2", "-1", "0", "1"), c("A", 
    "G"))))))
