Results <-
list(`bwa.out//20220204//17D0944_S7.sam` = list(LR17_SNP1 = list(
    All = list(Freqs = structure(c(3L, 97L, 2443L, 25L, 1L, 21L, 
    0L, 0L, 1L, 0L, 0L, 0L, 0L, 2L, 170L, 0L, 1L, 0L), .Dim = c(6L, 
    3L), .Dimnames = structure(list(c("-2", "-1", "0", "1", "2", 
    NA), c("A", "C", NA)), .Names = c("", "")), class = "table"), 
        N = 2764L), Tag.Distribution = structure(c(`1` = 75L, 
    `2` = 10L, `3` = 17L, `4` = 19L, `5` = 8L, `6` = 16L, `7` = 10L, 
    `8` = 13L, `9` = 7L, `10` = 9L, `11` = 10L, `12` = 6L, `13` = 6L, 
    `14` = 8L, `15` = 7L, `16` = 4L, `17` = 5L, `18` = 4L, `19` = 2L, 
    `20` = 6L, `21` = 3L, `22` = 2L, `23` = 5L, `24` = 5L, `25` = 3L, 
    `26` = 1L, `27` = 2L, `28` = 1L, `29` = 2L, `30` = 4L, `31` = 4L, 
    `35` = 1L, `36` = 2L, `39` = 1L, `40` = 3L, `42` = 1L), .Dim = 36L, .Dimnames = list(
        TagUsage = c("1", "2", "3", "4", "5", "6", "7", "8", 
        "9", "10", "11", "12", "13", "14", "15", "16", "17", 
        "18", "19", "20", "21", "22", "23", "24", "25", "26", 
        "27", "28", "29", "30", "31", "35", "36", "39", "40", 
        "42")), class = "table"), No.Tag = structure(c(0L, 3L, 
    72L, 0L, 0L, 1L, 0L, 0L, 1L, 0L, 0L, 0L, 0L, 0L, 11L, 0L, 
    0L, 0L), .Dim = c(6L, 3L), .Dimnames = structure(list(c("-2", 
    "-1", "0", "1", "2", NA), c("A", "C", NA)), .Names = c("", 
    "")), class = "table"), All.Tags = list(Concordant = list(
        Freqs = structure(c(0, 1, 194, 0, 0, 0, 0, 0, 0, 0), .Dim = c(5L, 
        2L), .Dimnames = list(c("-2", "-1", "0", "1", "2"), c("A", 
        "C"))), N = 195), Majority = list(Freqs = structure(c(0, 
    1, 274, 0, 0, 0, 0, 0, 0, 0), .Dim = c(5L, 2L), .Dimnames = list(
        c("-2", "-1", "0", "1", "2"), c("A", "C"))), N = 275)), 
    `2` = structure(c(0, 0, 207, 0, 0, 0, 0, 0, 0, 0), .Dim = c(5L, 
    2L), .Dimnames = list(c("-2", "-1", "0", "1", "2"), c("A", 
    "C"))))))
