Results <-
list(`bwa.out//20220204//BlindCMMRD66_S25.sam` = list(LR52_SNP1 = list(
    All = list(Freqs = structure(c(4L, 20L, 305L, 2713L, 22L, 
    1L, 44L, 0L, 1L, 20L, 892L, 5L, 0L, 0L), .Dim = c(7L, 2L), .Dimnames = structure(list(
        c("-3", "-2", "-1", "0", "1", "2", NA), c("C", NA)), .Names = c("", 
    "")), class = "table"), N = 4027L), Tag.Distribution = structure(c(`1` = 70L, 
    `2` = 53L, `3` = 33L, `4` = 36L, `5` = 33L, `6` = 25L, `7` = 32L, 
    `8` = 23L, `9` = 22L, `10` = 24L, `11` = 14L, `12` = 15L, 
    `13` = 20L, `14` = 12L, `15` = 7L, `16` = 11L, `17` = 8L, 
    `18` = 12L, `19` = 8L, `20` = 7L, `21` = 7L, `22` = 1L, `24` = 3L, 
    `27` = 3L, `28` = 1L, `29` = 1L, `30` = 1L, `31` = 1L, `32` = 2L, 
    `36` = 3L, `37` = 1L, `38` = 1L), .Dim = 32L, .Dimnames = list(
        TagUsage = c("1", "2", "3", "4", "5", "6", "7", "8", 
        "9", "10", "11", "12", "13", "14", "15", "16", "17", 
        "18", "19", "20", "21", "22", "24", "27", "28", "29", 
        "30", "31", "32", "36", "37", "38")), class = "table"), 
    No.Tag = structure(c(0L, 0L, 6L, 48L, 0L, 0L, 1L, 0L, 0L, 
    0L, 18L, 0L, 0L, 0L), .Dim = c(7L, 2L), .Dimnames = structure(list(
        c("-3", "-2", "-1", "0", "1", "2", NA), c("C", NA)), .Names = c("", 
    "")), class = "table"), All.Tags = list(Concordant = list(
        Freqs = structure(c(0, 0, 11, 258, 1, 0), .Dim = c(6L, 
        1L), .Dimnames = list(c("-3", "-2", "-1", "0", "1", "2"
        ), "C")), N = 270), Majority = list(Freqs = structure(c(0, 
    0, 12, 442, 1, 0), .Dim = c(6L, 1L), .Dimnames = list(c("-3", 
    "-2", "-1", "0", "1", "2"), "C")), N = 455)), `2` = structure(c(0, 
    0, 7, 395, 1, 0), .Dim = c(6L, 1L), .Dimnames = list(c("-3", 
    "-2", "-1", "0", "1", "2"), "C")))))
