Results <-
list(`bwa.out//20220204//Control29_S22.sam` = list(LR52_SNP1 = list(
    All = list(Freqs = structure(c(2L, 29L, 273L, 2384L, 30L, 
    11L, 0L, 0L, 0L, 2L, 0L, 0L, 0L, 0L, 2L, 87L, 0L, 0L), .Dim = c(6L, 
    3L), .Dimnames = structure(list(c("-3", "-2", "-1", "0", 
    "1", NA), c("C", "T", NA)), .Names = c("", "")), class = "table"), 
        N = 2820L), Tag.Distribution = structure(c(`1` = 94L, 
    `2` = 43L, `3` = 35L, `4` = 32L, `5` = 28L, `6` = 33L, `7` = 22L, 
    `8` = 17L, `9` = 18L, `10` = 13L, `11` = 7L, `12` = 10L, 
    `13` = 8L, `14` = 7L, `15` = 8L, `16` = 6L, `17` = 4L, `18` = 4L, 
    `19` = 6L, `20` = 3L, `21` = 3L, `22` = 4L, `23` = 2L, `24` = 1L, 
    `25` = 2L, `26` = 2L, `28` = 2L, `30` = 1L, `31` = 1L, `34` = 2L
    ), .Dim = 30L, .Dimnames = list(TagUsage = c("1", "2", "3", 
    "4", "5", "6", "7", "8", "9", "10", "11", "12", "13", "14", 
    "15", "16", "17", "18", "19", "20", "21", "22", "23", "24", 
    "25", "26", "28", "30", "31", "34")), class = "table"), No.Tag = structure(c(0L, 
    0L, 7L, 36L, 0L, 0L, 0L, 0L, 0L, 1L, 0L, 0L, 0L, 0L, 0L, 
    6L, 0L, 0L), .Dim = c(6L, 3L), .Dimnames = structure(list(
        c("-3", "-2", "-1", "0", "1", NA), c("C", "T", NA)), .Names = c("", 
    "")), class = "table"), All.Tags = list(Concordant = list(
        Freqs = structure(c(0, 0, 11, 224, 2, 0, 0, 0, 0, 0), .Dim = c(5L, 
        2L), .Dimnames = list(c("-3", "-2", "-1", "0", "1"), 
            c("C", "T"))), N = 237), Majority = list(Freqs = structure(c(0, 
    0, 16, 383, 2, 0, 0, 0, 0, 0), .Dim = c(5L, 2L), .Dimnames = list(
        c("-3", "-2", "-1", "0", "1"), c("C", "T"))), N = 401)), 
    `2` = structure(c(0, 0, 7, 310, 0, 0, 0, 0, 0, 0), .Dim = c(5L, 
    2L), .Dimnames = list(c("-3", "-2", "-1", "0", "1"), c("C", 
    "T"))))))
