Results <-
list(`bwa.out//20220204//Control23_S16.sam` = list(LR36_SNP1 = list(
    All = list(Freqs = structure(c(0L, 3L, 0L, 0L, 44L, 1965L, 
    16L, 11L, 2L, 62L, 0L, 0L), .Dim = 4:3, .Dimnames = structure(list(
        c("-1", "0", "1", NA), c("A", "T", NA)), .Names = c("", 
    "")), class = "table"), N = 2103L), Tag.Distribution = structure(c(`1` = 78L, 
    `2` = 40L, `3` = 36L, `4` = 20L, `5` = 30L, `6` = 11L, `7` = 23L, 
    `8` = 12L, `9` = 15L, `10` = 11L, `11` = 14L, `12` = 12L, 
    `13` = 8L, `14` = 3L, `15` = 4L, `16` = 3L, `17` = 6L, `18` = 2L, 
    `19` = 1L, `20` = 1L, `21` = 2L, `22` = 2L, `23` = 1L, `28` = 1L
    ), .Dim = 24L, .Dimnames = list(TagUsage = c("1", "2", "3", 
    "4", "5", "6", "7", "8", "9", "10", "11", "12", "13", "14", 
    "15", "16", "17", "18", "19", "20", "21", "22", "23", "28"
    )), class = "table"), No.Tag = structure(c(0L, 0L, 0L, 0L, 
    2L, 154L, 1L, 1L, 1L, 14L, 0L, 0L), .Dim = 4:3, .Dimnames = structure(list(
        c("-1", "0", "1", NA), c("A", "T", NA)), .Names = c("", 
    "")), class = "table"), All.Tags = list(Concordant = list(
        Freqs = structure(c(0, 3, 0, 2, 279, 0), .Dim = 3:2, .Dimnames = list(
            c("-1", "0", "1"), c("A", "T"))), N = 284), Majority = list(
        Freqs = structure(c(0, 3, 0, 2, 326, 0), .Dim = 3:2, .Dimnames = list(
            c("-1", "0", "1"), c("A", "T"))), N = 331)), `2` = structure(c(0, 
    0, 0, 1, 256, 0), .Dim = 3:2, .Dimnames = list(c("-1", "0", 
    "1"), c("A", "T"))))))
