Results <-
list(`bwa.out//20220204//BlindCMMRD84_S43.sam` = list(GM09_SNP1 = list(
    All = list(Freqs = structure(c(21L, 3057L, 1L, 0L, 10L, 2750L, 
    2L, 1L, 0L, 30L, 0L, 0L), .Dim = 4:3, .Dimnames = structure(list(
        c("-1", "0", "1", NA), c("A", "G", NA)), .Names = c("", 
    "")), class = "table"), N = 5872L), Tag.Distribution = structure(c(`1` = 133L, 
    `2` = 63L, `3` = 70L, `4` = 47L, `5` = 37L, `6` = 45L, `7` = 37L, 
    `8` = 28L, `9` = 26L, `10` = 28L, `11` = 22L, `12` = 23L, 
    `13` = 22L, `14` = 15L, `15` = 13L, `16` = 9L, `17` = 9L, 
    `18` = 10L, `19` = 10L, `20` = 10L, `21` = 6L, `22` = 3L, 
    `23` = 3L, `24` = 6L, `25` = 3L, `26` = 3L, `27` = 2L, `28` = 1L, 
    `29` = 3L, `30` = 3L, `31` = 3L, `32` = 1L, `33` = 2L, `34` = 2L, 
    `35` = 1L, `36` = 3L, `37` = 1L, `40` = 1L, `41` = 1L, `46` = 1L, 
    `49` = 1L, `50` = 1L, `61` = 1L), .Dim = 43L, .Dimnames = list(
        TagUsage = c("1", "2", "3", "4", "5", "6", "7", "8", 
        "9", "10", "11", "12", "13", "14", "15", "16", "17", 
        "18", "19", "20", "21", "22", "23", "24", "25", "26", 
        "27", "28", "29", "30", "31", "32", "33", "34", "35", 
        "36", "37", "40", "41", "46", "49", "50", "61")), class = "table"), 
    No.Tag = structure(c(0L, 45L, 0L, 0L, 0L, 94L, 0L, 0L, 0L, 
    5L, 0L, 0L), .Dim = 4:3, .Dimnames = structure(list(c("-1", 
    "0", "1", NA), c("A", "G", NA)), .Names = c("", "")), class = "table"), 
    All.Tags = list(Concordant = list(Freqs = structure(c(2, 
    323, 0, 0, 304, 0), .Dim = 3:2, .Dimnames = list(c("-1", 
    "0", "1"), c("A", "G"))), N = 629), Majority = list(Freqs = structure(c(3, 
    354, 0, 0, 340, 0), .Dim = 3:2, .Dimnames = list(c("-1", 
    "0", "1"), c("A", "G"))), N = 697)), `2` = structure(c(1, 
    291, 0, 0, 275, 0), .Dim = 3:2, .Dimnames = list(c("-1", 
    "0", "1"), c("A", "G"))))))
