Results <-
list(`bwa.out//20220204//BlindCMMRD122_S48.sam` = list(LR20_SNP1 = list(
    All = list(Freqs = structure(c(3L, 2484L, 12L, 3L, 1L, 2310L, 
    3L, 1L, 0L, 27L, 0L, 0L), .Dim = 4:3, .Dimnames = structure(list(
        c("-1", "0", "1", NA), c("A", "G", NA)), .Names = c("", 
    "")), class = "table"), N = 4844L), Tag.Distribution = structure(c(`1` = 243L, 
    `2` = 158L, `3` = 133L, `4` = 99L, `5` = 77L, `6` = 75L, 
    `7` = 50L, `8` = 38L, `9` = 35L, `10` = 29L, `11` = 25L, 
    `12` = 17L, `13` = 14L, `14` = 4L, `15` = 3L, `16` = 5L, 
    `17` = 6L, `18` = 6L, `19` = 3L, `20` = 1L, `21` = 1L, `22` = 2L, 
    `24` = 1L, `26` = 1L, `27` = 1L, `29` = 1L, `33` = 1L), .Dim = 27L, .Dimnames = list(
        TagUsage = c("1", "2", "3", "4", "5", "6", "7", "8", 
        "9", "10", "11", "12", "13", "14", "15", "16", "17", 
        "18", "19", "20", "21", "22", "24", "26", "27", "29", 
        "33")), class = "table"), No.Tag = structure(c(0L, 41L, 
    0L, 1L, 0L, 18L, 0L, 0L, 0L, 3L, 0L, 0L), .Dim = 4:3, .Dimnames = structure(list(
        c("-1", "0", "1", NA), c("A", "G", NA)), .Names = c("", 
    "")), class = "table"), All.Tags = list(Concordant = list(
        Freqs = structure(c(1, 458, 0, 0, 420, 0), .Dim = 3:2, .Dimnames = list(
            c("-1", "0", "1"), c("A", "G"))), N = 879), Majority = list(
        Freqs = structure(c(1, 527, 0, 0, 481, 0), .Dim = 3:2, .Dimnames = list(
            c("-1", "0", "1"), c("A", "G"))), N = 1009)), `2` = structure(c(1, 
    399, 0, 0, 369, 0), .Dim = 3:2, .Dimnames = list(c("-1", 
    "0", "1"), c("A", "G"))))))
