Results <-
list(`bwa.out//20220204//Control27_S20.sam` = list(LR44_SNP1 = list(
    All = list(Freqs = structure(c(0L, 6L, 103L, 1440L, 21L, 
    1L, 8L, 1L, 5L, 129L, 1415L, 29L, 0L, 6L, 1L, 0L, 2L, 46L, 
    2L, 0L, 0L), .Dim = c(7L, 3L), .Dimnames = structure(list(
        c("-3", "-2", "-1", "0", "1", "2", NA), c("C", "T", NA
        )), .Names = c("", "")), class = "table"), N = 3215L), 
    Tag.Distribution = structure(c(`1` = 118L, `2` = 56L, `3` = 64L, 
    `4` = 31L, `5` = 36L, `6` = 31L, `7` = 32L, `8` = 23L, `9` = 11L, 
    `10` = 16L, `11` = 13L, `12` = 13L, `13` = 6L, `14` = 10L, 
    `15` = 12L, `16` = 7L, `17` = 2L, `18` = 2L, `19` = 4L, `20` = 2L, 
    `21` = 4L, `22` = 2L, `23` = 3L, `24` = 1L, `25` = 1L, `26` = 2L, 
    `27` = 1L, `28` = 2L, `29` = 1L, `30` = 1L, `31` = 1L, `33` = 1L, 
    `40` = 1L), .Dim = 33L, .Dimnames = list(TagUsage = c("1", 
    "2", "3", "4", "5", "6", "7", "8", "9", "10", "11", "12", 
    "13", "14", "15", "16", "17", "18", "19", "20", "21", "22", 
    "23", "24", "25", "26", "27", "28", "29", "30", "31", "33", 
    "40")), class = "table"), No.Tag = structure(c(0L, 0L, 4L, 
    55L, 1L, 0L, 1L, 0L, 0L, 1L, 31L, 0L, 0L, 0L, 0L, 0L, 0L, 
    4L, 0L, 0L, 0L), .Dim = c(7L, 3L), .Dimnames = structure(list(
        c("-3", "-2", "-1", "0", "1", "2", NA), c("C", "T", NA
        )), .Names = c("", "")), class = "table"), All.Tags = list(
        Concordant = list(Freqs = structure(c(0, 0, 4, 162, 0, 
        0, 0, 0, 1, 156, 2, 0), .Dim = c(6L, 2L), .Dimnames = list(
            c("-3", "-2", "-1", "0", "1", "2"), c("C", "T"))), 
            N = 325), Majority = list(Freqs = structure(c(0, 
        0, 5, 240, 0, 0, 0, 0, 4, 244, 2, 0), .Dim = c(6L, 2L
        ), .Dimnames = list(c("-3", "-2", "-1", "0", "1", "2"
        ), c("C", "T"))), N = 495)), `2` = structure(c(0, 0, 
    1, 193, 0, 0, 0, 0, 3, 185, 0, 0), .Dim = c(6L, 2L), .Dimnames = list(
        c("-3", "-2", "-1", "0", "1", "2"), c("C", "T"))))))
