Results <-
list(`bwa.out//20220204//BlindCMMRD89_S48.sam` = list(LR46_SNP1 = list(
    All = list(Freqs = structure(c(0L, 1L, 0L, 0L, 6L, 2115L, 
    3L, 3L, 3L, 2067L, 9L, 3L, 0L, 23L, 0L, 0L), .Dim = c(4L, 
    4L), .Dimnames = structure(list(c("-1", "0", "1", NA), c("A", 
    "G", "T", NA)), .Names = c("", "")), class = "table"), N = 4233L), 
    Tag.Distribution = structure(c(`1` = 83L, `2` = 48L, `3` = 39L, 
    `4` = 25L, `5` = 30L, `6` = 21L, `7` = 31L, `8` = 28L, `9` = 20L, 
    `10` = 10L, `11` = 16L, `12` = 16L, `13` = 12L, `14` = 12L, 
    `15` = 9L, `16` = 9L, `17` = 12L, `18` = 8L, `19` = 7L, `20` = 6L, 
    `21` = 5L, `22` = 3L, `23` = 5L, `24` = 2L, `25` = 1L, `26` = 9L, 
    `28` = 4L, `30` = 5L, `33` = 4L, `34` = 2L, `39` = 1L, `41` = 1L, 
    `42` = 1L), .Dim = 33L, .Dimnames = list(TagUsage = c("1", 
    "2", "3", "4", "5", "6", "7", "8", "9", "10", "11", "12", 
    "13", "14", "15", "16", "17", "18", "19", "20", "21", "22", 
    "23", "24", "25", "26", "28", "30", "33", "34", "39", "41", 
    "42")), class = "table"), No.Tag = structure(c(0L, 0L, 0L, 
    0L, 0L, 37L, 0L, 1L, 0L, 51L, 0L, 0L, 0L, 2L, 0L, 0L), .Dim = c(4L, 
    4L), .Dimnames = structure(list(c("-1", "0", "1", NA), c("A", 
    "G", "T", NA)), .Names = c("", "")), class = "table"), All.Tags = list(
        Concordant = list(Freqs = structure(c(0, 0, 0, 0, 228, 
        0, 0, 220, 0), .Dim = c(3L, 3L), .Dimnames = list(c("-1", 
        "0", "1"), c("A", "G", "T"))), N = 448), Majority = list(
            Freqs = structure(c(0, 0, 0, 0, 244, 0, 0, 238, 1
            ), .Dim = c(3L, 3L), .Dimnames = list(c("-1", "0", 
            "1"), c("A", "G", "T"))), N = 483)), `2` = structure(c(0, 
    0, 0, 0, 197, 0, 0, 204, 1), .Dim = c(3L, 3L), .Dimnames = list(
        c("-1", "0", "1"), c("A", "G", "T"))))))
