Results <-
list(`bwa.out//20220204//Control14_S7.sam` = list(LR40_SNP1 = list(
    All = list(Freqs = structure(c(0L, 3L, 0L, 0L, 34L, 3246L, 
    15L, 7L, 0L, 8L, 0L, 0L), .Dim = 4:3, .Dimnames = structure(list(
        c("-1", "0", "1", NA), c("A", "C", NA)), .Names = c("", 
    "")), class = "table"), N = 3313L), Tag.Distribution = structure(c(`1` = 92L, 
    `2` = 49L, `3` = 30L, `4` = 48L, `5` = 27L, `6` = 16L, `7` = 25L, 
    `8` = 29L, `9` = 20L, `10` = 18L, `11` = 16L, `12` = 12L, 
    `13` = 13L, `14` = 10L, `15` = 6L, `16` = 7L, `17` = 3L, 
    `18` = 3L, `19` = 5L, `20` = 6L, `21` = 3L, `22` = 1L, `23` = 3L, 
    `24` = 5L, `25` = 2L, `26` = 2L, `27` = 1L, `29` = 2L, `30` = 1L, 
    `32` = 2L, `33` = 1L), .Dim = 31L, .Dimnames = list(TagUsage = c("1", 
    "2", "3", "4", "5", "6", "7", "8", "9", "10", "11", "12", 
    "13", "14", "15", "16", "17", "18", "19", "20", "21", "22", 
    "23", "24", "25", "26", "27", "29", "30", "32", "33")), class = "table"), 
    No.Tag = structure(c(0L, 0L, 0L, 0L, 0L, 102L, 2L, 0L, 0L, 
    0L, 0L, 0L), .Dim = 4:3, .Dimnames = structure(list(c("-1", 
    "0", "1", NA), c("A", "C", NA)), .Names = c("", "")), class = "table"), 
    All.Tags = list(Concordant = list(Freqs = structure(c(0, 
    3, 0, 3, 411, 1), .Dim = 3:2, .Dimnames = list(c("-1", "0", 
    "1"), c("A", "C"))), N = 418), Majority = list(Freqs = structure(c(0, 
    3, 0, 4, 449, 1), .Dim = 3:2, .Dimnames = list(c("-1", "0", 
    "1"), c("A", "C"))), N = 457)), `2` = structure(c(0, 0, 0, 
    1, 364, 1), .Dim = 3:2, .Dimnames = list(c("-1", "0", "1"
    ), c("A", "C"))))))
