Results <-
list(`bwa.out//20220204//Control14_S7.sam` = list(LR49_SNP1 = list(
    All = list(Freqs = structure(c(5L, 1644L, 2L, 0L, 3L, 1745L, 
    1L, 1L, 0L, 28L, 0L, 0L), .Dim = 4:3, .Dimnames = structure(list(
        c("-1", "0", "1", NA), c("A", "G", NA)), .Names = c("", 
    "")), class = "table"), N = 3429L), Tag.Distribution = structure(c(`1` = 97L, 
    `2` = 58L, `3` = 43L, `4` = 22L, `5` = 19L, `6` = 34L, `7` = 23L, 
    `8` = 22L, `9` = 17L, `10` = 16L, `11` = 12L, `12` = 16L, 
    `13` = 8L, `14` = 13L, `15` = 6L, `16` = 6L, `17` = 7L, `18` = 4L, 
    `19` = 5L, `20` = 4L, `21` = 5L, `22` = 1L, `23` = 6L, `24` = 2L, 
    `26` = 3L, `27` = 2L, `28` = 2L, `29` = 2L, `31` = 2L, `43` = 1L, 
    `45` = 1L), .Dim = 31L, .Dimnames = list(TagUsage = c("1", 
    "2", "3", "4", "5", "6", "7", "8", "9", "10", "11", "12", 
    "13", "14", "15", "16", "17", "18", "19", "20", "21", "22", 
    "23", "24", "26", "27", "28", "29", "31", "43", "45")), class = "table"), 
    No.Tag = structure(c(1L, 66L, 0L, 0L, 0L, 101L, 0L, 0L, 0L, 
    11L, 0L, 0L), .Dim = 4:3, .Dimnames = structure(list(c("-1", 
    "0", "1", NA), c("A", "G", NA)), .Names = c("", "")), class = "table"), 
    All.Tags = list(Concordant = list(Freqs = structure(c(1, 
    211, 0, 0, 213, 1), .Dim = 3:2, .Dimnames = list(c("-1", 
    "0", "1"), c("A", "G"))), N = 426), Majority = list(Freqs = structure(c(1, 
    224, 0, 0, 225, 1), .Dim = 3:2, .Dimnames = list(c("-1", 
    "0", "1"), c("A", "G"))), N = 451)), `2` = structure(c(0, 
    177, 0, 0, 180, 0), .Dim = 3:2, .Dimnames = list(c("-1", 
    "0", "1"), c("A", "G"))))))
