Results <-
list(`bwa.out//20220204//Control21_S14.sam` = list(GM11_SNP1 = list(
    All = list(Freqs = structure(c(15L, 3252L, 10L, 3L, 0L, 1L, 
    0L, 0L, 0L, 25L, 0L, 0L), .Dim = 4:3, .Dimnames = structure(list(
        c("-1", "0", "1", NA), c("A", "G", NA)), .Names = c("", 
    "")), class = "table"), N = 3306L), Tag.Distribution = structure(c(`1` = 140L, 
    `2` = 67L, `3` = 50L, `4` = 50L, `5` = 36L, `6` = 36L, `7` = 28L, 
    `8` = 25L, `9` = 18L, `10` = 14L, `11` = 20L, `12` = 20L, 
    `13` = 7L, `14` = 13L, `15` = 6L, `16` = 7L, `17` = 3L, `18` = 4L, 
    `19` = 6L, `20` = 4L, `22` = 1L, `23` = 1L, `24` = 2L, `25` = 2L, 
    `26` = 1L, `28` = 1L, `30` = 1L, `34` = 1L), .Dim = 28L, .Dimnames = list(
        TagUsage = c("1", "2", "3", "4", "5", "6", "7", "8", 
        "9", "10", "11", "12", "13", "14", "15", "16", "17", 
        "18", "19", "20", "22", "23", "24", "25", "26", "28", 
        "30", "34")), class = "table"), No.Tag = structure(c(2L, 
    72L, 0L, 0L, 0L, 0L, 0L, 0L, 0L, 1L, 0L, 0L), .Dim = 4:3, .Dimnames = structure(list(
        c("-1", "0", "1", NA), c("A", "G", NA)), .Names = c("", 
    "")), class = "table"), All.Tags = list(Concordant = list(
        Freqs = structure(c(1, 542, 1, 0, 0, 0), .Dim = 3:2, .Dimnames = list(
            c("-1", "0", "1"), c("A", "G"))), N = 544), Majority = list(
        Freqs = structure(c(1, 562, 1, 0, 0, 0), .Dim = 3:2, .Dimnames = list(
            c("-1", "0", "1"), c("A", "G"))), N = 564)), `2` = structure(c(0, 
    423, 1, 0, 0, 0), .Dim = 3:2, .Dimnames = list(c("-1", "0", 
    "1"), c("A", "G"))))))
