Results <-
list(`bwa.out//20220204//Control25_S18.sam` = list(LR40_SNP1 = list(
    All = list(Freqs = structure(c(2L, 1163L, 5L, 1L, 16L, 1469L, 
    10L, 1L, 0L, 1L, 0L, 0L, 0L, 7L, 0L, 0L), .Dim = c(4L, 4L
    ), .Dimnames = structure(list(c("-1", "0", "1", NA), c("A", 
    "C", "T", NA)), .Names = c("", "")), class = "table"), N = 2675L), 
    Tag.Distribution = structure(c(`1` = 60L, `2` = 29L, `3` = 31L, 
    `4` = 14L, `5` = 29L, `6` = 20L, `7` = 17L, `8` = 16L, `9` = 12L, 
    `10` = 14L, `11` = 13L, `12` = 7L, `13` = 4L, `14` = 3L, 
    `15` = 3L, `16` = 7L, `17` = 6L, `18` = 5L, `19` = 3L, `20` = 2L, 
    `21` = 3L, `23` = 2L, `24` = 1L, `25` = 2L, `26` = 4L, `28` = 4L, 
    `29` = 3L, `30` = 2L, `32` = 2L, `33` = 2L, `35` = 1L, `39` = 1L, 
    `46` = 1L), .Dim = 33L, .Dimnames = list(TagUsage = c("1", 
    "2", "3", "4", "5", "6", "7", "8", "9", "10", "11", "12", 
    "13", "14", "15", "16", "17", "18", "19", "20", "21", "23", 
    "24", "25", "26", "28", "29", "30", "32", "33", "35", "39", 
    "46")), class = "table"), No.Tag = structure(c(0L, 31L, 0L, 
    0L, 0L, 53L, 1L, 0L, 0L, 0L, 0L, 0L, 0L, 0L, 0L, 0L), .Dim = c(4L, 
    4L), .Dimnames = structure(list(c("-1", "0", "1", NA), c("A", 
    "C", "T", NA)), .Names = c("", "")), class = "table"), All.Tags = list(
        Concordant = list(Freqs = structure(c(0, 129, 0, 0, 155, 
        0, 0, 0, 0), .Dim = c(3L, 3L), .Dimnames = list(c("-1", 
        "0", "1"), c("A", "C", "T"))), N = 284), Majority = list(
            Freqs = structure(c(0, 141, 0, 0, 178, 1, 0, 0, 0
            ), .Dim = c(3L, 3L), .Dimnames = list(c("-1", "0", 
            "1"), c("A", "C", "T"))), N = 320)), `2` = structure(c(0, 
    117, 0, 0, 143, 1, 0, 0, 0), .Dim = c(3L, 3L), .Dimnames = list(
        c("-1", "0", "1"), c("A", "C", "T"))))))
