Results <-
list(`bwa.out//20220204//BlindCMMRD68_S27.sam` = list(IM16_SNP1 = list(
    All = list(Freqs = structure(c(23L, 2388L, 28L, 4L, 10L, 
    2110L, 34L, 5L, 0L, 43L, 3L, 0L), .Dim = 4:3, .Dimnames = structure(list(
        c("-1", "0", "1", NA), c("A", "G", NA)), .Names = c("", 
    "")), class = "table"), N = 4648L), Tag.Distribution = structure(c(`1` = 114L, 
    `2` = 56L, `3` = 55L, `4` = 47L, `5` = 39L, `6` = 29L, `7` = 33L, 
    `8` = 25L, `9` = 31L, `10` = 11L, `11` = 18L, `12` = 16L, 
    `13` = 17L, `14` = 17L, `15` = 7L, `16` = 15L, `17` = 14L, 
    `18` = 10L, `19` = 4L, `20` = 6L, `21` = 4L, `22` = 11L, 
    `23` = 3L, `24` = 1L, `25` = 1L, `26` = 1L, `27` = 3L, `28` = 4L, 
    `29` = 1L, `30` = 1L, `31` = 3L, `32` = 3L, `42` = 1L), .Dim = 33L, .Dimnames = list(
        TagUsage = c("1", "2", "3", "4", "5", "6", "7", "8", 
        "9", "10", "11", "12", "13", "14", "15", "16", "17", 
        "18", "19", "20", "21", "22", "23", "24", "25", "26", 
        "27", "28", "29", "30", "31", "32", "42")), class = "table"), 
    No.Tag = structure(c(0L, 46L, 0L, 0L, 0L, 65L, 0L, 0L, 0L, 
    8L, 0L, 0L), .Dim = 4:3, .Dimnames = structure(list(c("-1", 
    "0", "1", NA), c("A", "G", NA)), .Names = c("", "")), class = "table"), 
    All.Tags = list(Concordant = list(Freqs = structure(c(0, 
    243, 2, 0, 258, 1), .Dim = 3:2, .Dimnames = list(c("-1", 
    "0", "1"), c("A", "G"))), N = 504), Majority = list(Freqs = structure(c(0, 
    291, 2, 0, 295, 2), .Dim = 3:2, .Dimnames = list(c("-1", 
    "0", "1"), c("A", "G"))), N = 590)), `2` = structure(c(0, 
    243, 0, 0, 240, 1), .Dim = 3:2, .Dimnames = list(c("-1", 
    "0", "1"), c("A", "G"))))))
