Results <-
list(`bwa.out//20220204//Control19_S12.sam` = list(LR46_SNP1 = list(
    All = list(Freqs = structure(c(8L, 2370L, 7L, 6L, 0L, 1L, 
    0L, 0L, 0L, 11L, 0L, 0L), .Dim = 4:3, .Dimnames = structure(list(
        c("-1", "0", "1", NA), c("G", "T", NA)), .Names = c("", 
    "")), class = "table"), N = 2403L), Tag.Distribution = structure(c(`1` = 95L, 
    `2` = 31L, `3` = 25L, `4` = 26L, `5` = 28L, `6` = 24L, `7` = 10L, 
    `8` = 22L, `9` = 7L, `10` = 11L, `11` = 12L, `12` = 9L, `13` = 12L, 
    `14` = 4L, `15` = 6L, `16` = 4L, `17` = 3L, `18` = 3L, `19` = 2L, 
    `20` = 4L, `21` = 2L, `23` = 4L, `24` = 3L, `25` = 1L, `26` = 3L, 
    `28` = 1L, `33` = 1L, `43` = 1L), .Dim = 28L, .Dimnames = list(
        TagUsage = c("1", "2", "3", "4", "5", "6", "7", "8", 
        "9", "10", "11", "12", "13", "14", "15", "16", "17", 
        "18", "19", "20", "21", "23", "24", "25", "26", "28", 
        "33", "43")), class = "table"), No.Tag = structure(c(0L, 
    121L, 0L, 0L, 0L, 0L, 0L, 0L, 0L, 1L, 0L, 0L), .Dim = 4:3, .Dimnames = structure(list(
        c("-1", "0", "1", NA), c("G", "T", NA)), .Names = c("", 
    "")), class = "table"), All.Tags = list(Concordant = list(
        Freqs = structure(c(0, 335, 0, 0, 1, 0), .Dim = 3:2, .Dimnames = list(
            c("-1", "0", "1"), c("G", "T"))), N = 336), Majority = list(
        Freqs = structure(c(0, 349, 0, 0, 1, 0), .Dim = 3:2, .Dimnames = list(
            c("-1", "0", "1"), c("G", "T"))), N = 350)), `2` = structure(c(0, 
    259, 0, 0, 0, 0), .Dim = 3:2, .Dimnames = list(c("-1", "0", 
    "1"), c("G", "T"))))))
