Results <-
list(`bwa.out//20220204//Control26_S19.sam` = list(DEPDC2_SNP1 = list(
    All = list(Freqs = structure(c(5L, 1487L, 9L, 7L, 12L, 1463L, 
    5L, 7L, 0L, 35L, 0L, 0L), .Dim = 4:3, .Dimnames = structure(list(
        c("-1", "0", "1", NA), c("C", "T", NA)), .Names = c("", 
    "")), class = "table"), N = 3030L), Tag.Distribution = structure(c(`1` = 145L, 
    `2` = 74L, `3` = 67L, `4` = 53L, `5` = 48L, `6` = 28L, `7` = 32L, 
    `8` = 27L, `9` = 24L, `10` = 11L, `11` = 13L, `12` = 6L, 
    `13` = 11L, `14` = 11L, `15` = 8L, `16` = 6L, `17` = 2L, 
    `18` = 3L, `20` = 3L, `21` = 2L, `22` = 1L, `24` = 1L, `25` = 1L, 
    `39` = 1L), .Dim = 24L, .Dimnames = list(TagUsage = c("1", 
    "2", "3", "4", "5", "6", "7", "8", "9", "10", "11", "12", 
    "13", "14", "15", "16", "17", "18", "20", "21", "22", "24", 
    "25", "39")), class = "table"), No.Tag = structure(c(0L, 
    69L, 0L, 0L, 0L, 47L, 0L, 0L, 0L, 6L, 0L, 0L), .Dim = 4:3, .Dimnames = structure(list(
        c("-1", "0", "1", NA), c("C", "T", NA)), .Names = c("", 
    "")), class = "table"), All.Tags = list(Concordant = list(
        Freqs = structure(c(0, 245, 1, 3, 259, 0), .Dim = 3:2, .Dimnames = list(
            c("-1", "0", "1"), c("C", "T"))), N = 508), Majority = list(
        Freqs = structure(c(0, 275, 1, 3, 287, 0), .Dim = 3:2, .Dimnames = list(
            c("-1", "0", "1"), c("C", "T"))), N = 566)), `2` = structure(c(0, 
    212, 0, 0, 213, 0), .Dim = 3:2, .Dimnames = list(c("-1", 
    "0", "1"), c("C", "T"))))))
