Results <-
list(`bwa.out//20220204//BlindCMMRD95_S54.sam` = list(GM22_SNP1 = list(
    All = list(Freqs = structure(c(3L, 71L, 5468L, 26L, 8L, 0L, 
    1L, 61L, 0L, 0L), .Dim = c(5L, 2L), .Dimnames = structure(list(
        c("-2", "-1", "0", "1", NA), c("A", NA)), .Names = c("", 
    "")), class = "table"), N = 5638L), Tag.Distribution = structure(c(`1` = 143L, 
    `2` = 48L, `3` = 24L, `4` = 30L, `5` = 32L, `6` = 18L, `7` = 21L, 
    `8` = 19L, `9` = 15L, `10` = 16L, `11` = 14L, `12` = 12L, 
    `13` = 13L, `14` = 12L, `15` = 9L, `16` = 4L, `17` = 10L, 
    `18` = 13L, `19` = 6L, `20` = 6L, `21` = 4L, `22` = 7L, `23` = 8L, 
    `24` = 7L, `25` = 14L, `26` = 3L, `27` = 3L, `28` = 2L, `30` = 5L, 
    `31` = 7L, `32` = 3L, `33` = 4L, `34` = 4L, `36` = 1L, `37` = 2L, 
    `38` = 2L, `39` = 3L, `40` = 2L, `41` = 1L, `42` = 1L, `43` = 1L, 
    `45` = 1L, `46` = 1L, `49` = 1L, `51` = 1L, `54` = 1L, `57` = 1L, 
    `58` = 1L), .Dim = 48L, .Dimnames = list(TagUsage = c("1", 
    "2", "3", "4", "5", "6", "7", "8", "9", "10", "11", "12", 
    "13", "14", "15", "16", "17", "18", "19", "20", "21", "22", 
    "23", "24", "25", "26", "27", "28", "30", "31", "32", "33", 
    "34", "36", "37", "38", "39", "40", "41", "42", "43", "45", 
    "46", "49", "51", "54", "57", "58")), class = "table"), No.Tag = structure(c(0L, 
    0L, 114L, 1L, 0L, 0L, 0L, 3L, 0L, 0L), .Dim = c(5L, 2L), .Dimnames = structure(list(
        c("-2", "-1", "0", "1", NA), c("A", NA)), .Names = c("", 
    "")), class = "table"), All.Tags = list(Concordant = list(
        Freqs = structure(c(1, 2, 473, 0), .Dim = c(4L, 1L), .Dimnames = list(
            c("-2", "-1", "0", "1"), "A")), N = 476), Majority = list(
        Freqs = structure(c(1, 2, 543, 0), .Dim = c(4L, 1L), .Dimnames = list(
            c("-2", "-1", "0", "1"), "A")), N = 546)), `2` = structure(c(0, 
    0, 412, 0), .Dim = c(4L, 1L), .Dimnames = list(c("-2", "-1", 
    "0", "1"), "A")))))
