Results <-
list(`bwa.out//20220204//BlindCMMRD68_S27.sam` = list(LR24_SNP1 = list(
    All = list(Freqs = structure(c(3L, 1631L, 0L, 2L, 7L, 1593L, 
    4L, 4L, 1L, 19L, 0L, 0L), .Dim = 4:3, .Dimnames = structure(list(
        c("-1", "0", "1", NA), c("A", "G", NA)), .Names = c("", 
    "")), class = "table"), N = 3264L), Tag.Distribution = structure(c(`1` = 170L, 
    `2` = 119L, `3` = 97L, `4` = 69L, `5` = 43L, `6` = 47L, `7` = 32L, 
    `8` = 31L, `9` = 22L, `10` = 11L, `11` = 10L, `12` = 16L, 
    `13` = 7L, `14` = 4L, `15` = 4L, `16` = 8L, `17` = 2L, `18` = 4L, 
    `19` = 2L, `20` = 1L, `21` = 2L, `23` = 1L, `26` = 1L, `27` = 1L, 
    `28` = 1L), .Dim = 25L, .Dimnames = list(TagUsage = c("1", 
    "2", "3", "4", "5", "6", "7", "8", "9", "10", "11", "12", 
    "13", "14", "15", "16", "17", "18", "19", "20", "21", "23", 
    "26", "27", "28")), class = "table"), No.Tag = structure(c(1L, 
    34L, 0L, 1L, 0L, 27L, 0L, 0L, 0L, 2L, 0L, 0L), .Dim = 4:3, .Dimnames = structure(list(
        c("-1", "0", "1", NA), c("A", "G", NA)), .Names = c("", 
    "")), class = "table"), All.Tags = list(Concordant = list(
        Freqs = structure(c(0, 332, 0, 1, 323, 0), .Dim = 3:2, .Dimnames = list(
            c("-1", "0", "1"), c("A", "G"))), N = 656), Majority = list(
        Freqs = structure(c(0, 349, 0, 1, 341, 0), .Dim = 3:2, .Dimnames = list(
            c("-1", "0", "1"), c("A", "G"))), N = 691)), `2` = structure(c(0, 
    266, 0, 0, 260, 0), .Dim = 3:2, .Dimnames = list(c("-1", 
    "0", "1"), c("A", "G"))))))
