Results <-
list(`bwa.out//20220204//BlindCMMRD97_S56.sam` = list(DEPDC2_SNP1 = list(
    All = list(Freqs = structure(c(8L, 2753L, 14L, 11L, 20L, 
    2883L, 17L, 9L, 0L, 55L, 0L, 0L), .Dim = 4:3, .Dimnames = structure(list(
        c("-1", "0", "1", NA), c("C", "T", NA)), .Names = c("", 
    "")), class = "table"), N = 5770L), Tag.Distribution = structure(c(`1` = 187L, 
    `2` = 94L, `3` = 85L, `4` = 56L, `5` = 53L, `6` = 50L, `7` = 42L, 
    `8` = 42L, `9` = 38L, `10` = 32L, `11` = 27L, `12` = 21L, 
    `13` = 16L, `14` = 17L, `15` = 7L, `16` = 17L, `17` = 9L, 
    `18` = 7L, `19` = 11L, `20` = 7L, `21` = 2L, `22` = 6L, `23` = 9L, 
    `24` = 2L, `25` = 1L, `26` = 3L, `27` = 1L, `28` = 4L, `30` = 3L, 
    `31` = 1L, `35` = 1L, `36` = 1L, `40` = 1L, `41` = 1L), .Dim = 34L, .Dimnames = list(
        TagUsage = c("1", "2", "3", "4", "5", "6", "7", "8", 
        "9", "10", "11", "12", "13", "14", "15", "16", "17", 
        "18", "19", "20", "21", "22", "23", "24", "25", "26", 
        "27", "28", "30", "31", "35", "36", "40", "41")), class = "table"), 
    No.Tag = structure(c(0L, 53L, 0L, 0L, 0L, 52L, 3L, 1L, 0L, 
    6L, 0L, 0L), .Dim = 4:3, .Dimnames = structure(list(c("-1", 
    "0", "1", NA), c("C", "T", NA)), .Names = c("", "")), class = "table"), 
    All.Tags = list(Concordant = list(Freqs = structure(c(0, 
    369, 0, 0, 373, 1), .Dim = 3:2, .Dimnames = list(c("-1", 
    "0", "1"), c("C", "T"))), N = 743), Majority = list(Freqs = structure(c(0, 
    418, 0, 0, 424, 1), .Dim = 3:2, .Dimnames = list(c("-1", 
    "0", "1"), c("C", "T"))), N = 843)), `2` = structure(c(0, 
    338, 0, 0, 323, 0), .Dim = 3:2, .Dimnames = list(c("-1", 
    "0", "1"), c("C", "T"))))))
