Results <-
list(`bwa.out//20220204//BlindCMMRD84_S43.sam` = list(GM26_SNP1 = list(
    All = list(Freqs = structure(c(0L, 21L, 1555L, 4L, 5L, 1L, 
    18L, 1781L, 1L, 2L, 0L, 0L, 41L, 0L, 0L), .Dim = c(5L, 3L
    ), .Dimnames = structure(list(c("-4", "-1", "0", "1", NA), 
        c("A", "G", NA)), .Names = c("", "")), class = "table"), 
        N = 3429L), Tag.Distribution = structure(c(`1` = 105L, 
    `2` = 42L, `3` = 46L, `4` = 41L, `5` = 28L, `6` = 27L, `7` = 29L, 
    `8` = 24L, `9` = 19L, `10` = 18L, `11` = 10L, `12` = 6L, 
    `13` = 7L, `14` = 13L, `15` = 10L, `16` = 2L, `17` = 4L, 
    `18` = 5L, `19` = 3L, `20` = 6L, `21` = 4L, `22` = 4L, `23` = 1L, 
    `24` = 3L, `25` = 4L, `26` = 2L, `27` = 3L, `29` = 2L, `30` = 2L, 
    `35` = 2L, `37` = 1L, `43` = 1L, `45` = 1L, `47` = 1L), .Dim = 34L, .Dimnames = list(
        TagUsage = c("1", "2", "3", "4", "5", "6", "7", "8", 
        "9", "10", "11", "12", "13", "14", "15", "16", "17", 
        "18", "19", "20", "21", "22", "23", "24", "25", "26", 
        "27", "29", "30", "35", "37", "43", "45", "47")), class = "table"), 
    No.Tag = structure(c(0L, 0L, 41L, 0L, 2L, 0L, 1L, 13L, 0L, 
    0L, 0L, 0L, 1L, 0L, 0L), .Dim = c(5L, 3L), .Dimnames = structure(list(
        c("-4", "-1", "0", "1", NA), c("A", "G", NA)), .Names = c("", 
    "")), class = "table"), All.Tags = list(Concordant = list(
        Freqs = structure(c(0, 2, 193, 0, 0, 0, 211, 0), .Dim = c(4L, 
        2L), .Dimnames = list(c("-4", "-1", "0", "1"), c("A", 
        "G"))), N = 406), Majority = list(Freqs = structure(c(0, 
    2, 223, 0, 0, 0, 238, 0), .Dim = c(4L, 2L), .Dimnames = list(
        c("-4", "-1", "0", "1"), c("A", "G"))), N = 463)), `2` = structure(c(0, 
    0, 172, 0, 0, 0, 194, 0), .Dim = c(4L, 2L), .Dimnames = list(
        c("-4", "-1", "0", "1"), c("A", "G"))))))
