Results <-
list(`bwa.out//20220204//BlindCMMRD58_S17.sam` = list(IM49_SNP1 = list(
    All = list(Freqs = structure(c(0L, 103L, 1888L, 36L, 3L, 
    29L, 4L, 45L, 1548L, 18L, 1L, 9L, 0L, 4L, 280L, 5L, 0L, 0L
    ), .Dim = c(6L, 3L), .Dimnames = structure(list(c("-2", "-1", 
    "0", "1", "2", NA), c("C", "G", NA)), .Names = c("", "")), class = "table"), 
        N = 3973L), Tag.Distribution = structure(c(`1` = 166L, 
    `2` = 24L, `3` = 11L, `4` = 12L, `5` = 8L, `6` = 7L, `7` = 6L, 
    `8` = 14L, `9` = 9L, `10` = 5L, `11` = 4L, `12` = 9L, `13` = 10L, 
    `14` = 5L, `15` = 5L, `16` = 6L, `17` = 9L, `18` = 6L, `19` = 5L, 
    `20` = 4L, `21` = 5L, `22` = 2L, `23` = 2L, `24` = 3L, `25` = 1L, 
    `26` = 4L, `27` = 5L, `28` = 1L, `29` = 4L, `30` = 3L, `32` = 2L, 
    `33` = 2L, `34` = 2L, `35` = 2L, `36` = 1L, `37` = 1L, `38` = 1L, 
    `39` = 1L, `40` = 2L, `41` = 3L, `43` = 2L, `45` = 1L, `47` = 1L, 
    `49` = 1L, `50` = 1L, `51` = 2L, `54` = 1L, `55` = 1L, `56` = 2L, 
    `64` = 1L, `72` = 1L, `85` = 1L), .Dim = 52L, .Dimnames = list(
        TagUsage = c("1", "2", "3", "4", "5", "6", "7", "8", 
        "9", "10", "11", "12", "13", "14", "15", "16", "17", 
        "18", "19", "20", "21", "22", "23", "24", "25", "26", 
        "27", "28", "29", "30", "32", "33", "34", "35", "36", 
        "37", "38", "39", "40", "41", "43", "45", "47", "49", 
        "50", "51", "54", "55", "56", "64", "72", "85")), class = "table"), 
    No.Tag = structure(c(0L, 5L, 102L, 1L, 0L, 4L, 0L, 0L, 25L, 
    0L, 0L, 0L, 0L, 0L, 8L, 0L, 0L, 0L), .Dim = c(6L, 3L), .Dimnames = structure(list(
        c("-2", "-1", "0", "1", "2", NA), c("C", "G", NA)), .Names = c("", 
    "")), class = "table"), All.Tags = list(Concordant = list(
        Freqs = structure(c(0, 7, 117, 1, 1, 0, 3, 82, 0, 0), .Dim = c(5L, 
        2L), .Dimnames = list(c("-2", "-1", "0", "1", "2"), c("C", 
        "G"))), N = 211), Majority = list(Freqs = structure(c(0, 
    8, 167, 1, 1, 0, 3, 127, 0, 0), .Dim = c(5L, 2L), .Dimnames = list(
        c("-2", "-1", "0", "1", "2"), c("C", "G"))), N = 307)), 
    `2` = structure(c(0, 4, 110, 0, 0, 0, 0, 101, 0, 0), .Dim = c(5L, 
    2L), .Dimnames = list(c("-2", "-1", "0", "1", "2"), c("C", 
    "G"))))))
