Results <-
list(`bwa.out//20220204//BlindCMMRD60_S19.sam` = list(LR52_SNP1 = list(
    All = list(Freqs = structure(c(2L, 35L, 435L, 3076L, 18L, 
    58L, 0L, 0L, 0L, 7L, 0L, 0L, 0L, 1L, 24L, 1075L, 6L, 0L), .Dim = c(6L, 
    3L), .Dimnames = structure(list(c("-3", "-2", "-1", "0", 
    "1", NA), c("C", "T", NA)), .Names = c("", "")), class = "table"), 
        N = 4737L), Tag.Distribution = structure(c(`1` = 76L, 
    `2` = 28L, `3` = 30L, `4` = 21L, `5` = 19L, `6` = 25L, `7` = 27L, 
    `8` = 24L, `9` = 18L, `10` = 18L, `11` = 13L, `12` = 13L, 
    `13` = 11L, `14` = 15L, `15` = 13L, `16` = 10L, `17` = 8L, 
    `18` = 10L, `19` = 10L, `20` = 9L, `21` = 8L, `22` = 5L, 
    `23` = 8L, `24` = 5L, `25` = 6L, `26` = 4L, `27` = 1L, `28` = 3L, 
    `29` = 1L, `30` = 2L, `31` = 2L, `32` = 2L, `33` = 3L, `34` = 2L, 
    `35` = 1L, `37` = 3L, `38` = 2L, `39` = 1L, `40` = 1L, `41` = 1L
    ), .Dim = 40L, .Dimnames = list(TagUsage = c("1", "2", "3", 
    "4", "5", "6", "7", "8", "9", "10", "11", "12", "13", "14", 
    "15", "16", "17", "18", "19", "20", "21", "22", "23", "24", 
    "25", "26", "27", "28", "29", "30", "31", "32", "33", "34", 
    "35", "37", "38", "39", "40", "41")), class = "table"), No.Tag = structure(c(0L, 
    1L, 21L, 48L, 1L, 5L, 0L, 0L, 0L, 1L, 0L, 0L, 0L, 0L, 0L, 
    22L, 0L, 0L), .Dim = c(6L, 3L), .Dimnames = structure(list(
        c("-3", "-2", "-1", "0", "1", NA), c("C", "T", NA)), .Names = c("", 
    "")), class = "table"), All.Tags = list(Concordant = list(
        Freqs = structure(c(0, 1, 8, 201, 3, 0, 0, 0, 5, 0), .Dim = c(5L, 
        2L), .Dimnames = list(c("-3", "-2", "-1", "0", "1"), 
            c("C", "T"))), N = 218), Majority = list(Freqs = structure(c(0, 
    1, 14, 400, 3, 0, 0, 0, 5, 0), .Dim = c(5L, 2L), .Dimnames = list(
        c("-3", "-2", "-1", "0", "1"), c("C", "T"))), N = 423)), 
    `2` = structure(c(0, 0, 11, 355, 0, 0, 0, 0, 0, 0), .Dim = c(5L, 
    2L), .Dimnames = list(c("-3", "-2", "-1", "0", "1"), c("C", 
    "T"))))))
