Results <-
list(`bwa.out//20220204//BlindCMMRD68_S27.sam` = list(LR46_SNP1 = list(
    All = list(Freqs = structure(c(0L, 1L, 0L, 0L, 0L, 5L, 0L, 
    0L, 6L, 2570L, 10L, 4L, 0L, 7L, 0L, 0L), .Dim = c(4L, 4L), .Dimnames = structure(list(
        c("-1", "0", "1", NA), c("C", "G", "T", NA)), .Names = c("", 
    "")), class = "table"), N = 2603L), Tag.Distribution = structure(c(`1` = 61L, 
    `2` = 18L, `3` = 36L, `4` = 19L, `5` = 13L, `6` = 22L, `7` = 17L, 
    `8` = 18L, `9` = 16L, `10` = 17L, `11` = 6L, `12` = 7L, `13` = 10L, 
    `14` = 8L, `15` = 7L, `16` = 3L, `17` = 5L, `18` = 8L, `19` = 4L, 
    `20` = 2L, `21` = 4L, `22` = 1L, `23` = 2L, `24` = 2L, `25` = 3L, 
    `26` = 1L, `28` = 3L, `29` = 1L, `32` = 1L, `33` = 1L, `35` = 1L, 
    `36` = 1L, `56` = 1L), .Dim = 33L, .Dimnames = list(TagUsage = c("1", 
    "2", "3", "4", "5", "6", "7", "8", "9", "10", "11", "12", 
    "13", "14", "15", "16", "17", "18", "19", "20", "21", "22", 
    "23", "24", "25", "26", "28", "29", "32", "33", "35", "36", 
    "56")), class = "table"), No.Tag = structure(c(0L, 0L, 0L, 
    0L, 0L, 0L, 0L, 0L, 0L, 51L, 1L, 0L, 0L, 0L, 0L, 0L), .Dim = c(4L, 
    4L), .Dimnames = structure(list(c("-1", "0", "1", NA), c("C", 
    "G", "T", NA)), .Names = c("", "")), class = "table"), All.Tags = list(
        Concordant = list(Freqs = structure(c(0, 0, 0, 0, 3, 
        0, 0, 299, 1), .Dim = c(3L, 3L), .Dimnames = list(c("-1", 
        "0", "1"), c("C", "G", "T"))), N = 303), Majority = list(
            Freqs = structure(c(0, 0, 0, 0, 3, 0, 0, 313, 1), .Dim = c(3L, 
            3L), .Dimnames = list(c("-1", "0", "1"), c("C", "G", 
            "T"))), N = 317)), `2` = structure(c(0, 0, 0, 0, 
    0, 0, 0, 256, 1), .Dim = c(3L, 3L), .Dimnames = list(c("-1", 
    "0", "1"), c("C", "G", "T"))))))
