Results <-
list(`bwa.out//20220204//Control24_S17.sam` = list(GM14_SNP1 = list(
    All = list(Freqs = structure(c(0L, 1L, 2L, 0L, 0L, 0L, 2L, 
    42L, 1569L, 6L, 1L, 3L, 0L, 0L, 40L, 1L, 0L, 0L), .Dim = c(6L, 
    3L), .Dimnames = structure(list(c("-2", "-1", "0", "1", "2", 
    NA), c("C", "T", NA)), .Names = c("", "")), class = "table"), 
        N = 1667L), Tag.Distribution = structure(c(`1` = 60L, 
    `2` = 25L, `3` = 17L, `4` = 24L, `5` = 15L, `6` = 16L, `7` = 12L, 
    `8` = 8L, `9` = 10L, `10` = 10L, `11` = 4L, `12` = 10L, `13` = 2L, 
    `14` = 6L, `16` = 2L, `17` = 5L, `18` = 2L, `19` = 3L, `20` = 1L, 
    `21` = 1L, `23` = 3L, `24` = 2L, `27` = 3L, `28` = 1L, `30` = 1L, 
    `33` = 1L, `39` = 1L), .Dim = 27L, .Dimnames = list(TagUsage = c("1", 
    "2", "3", "4", "5", "6", "7", "8", "9", "10", "11", "12", 
    "13", "14", "16", "17", "18", "19", "20", "21", "23", "24", 
    "27", "28", "30", "33", "39")), class = "table"), No.Tag = structure(c(0L, 
    0L, 0L, 0L, 0L, 0L, 0L, 1L, 43L, 0L, 0L, 0L, 0L, 0L, 4L, 
    0L, 0L, 0L), .Dim = c(6L, 3L), .Dimnames = structure(list(
        c("-2", "-1", "0", "1", "2", NA), c("C", "T", NA)), .Names = c("", 
    "")), class = "table"), All.Tags = list(Concordant = list(
        Freqs = structure(c(0, 1, 2, 0, 0, 0, 1, 202, 0, 0), .Dim = c(5L, 
        2L), .Dimnames = list(c("-2", "-1", "0", "1", "2"), c("C", 
        "T"))), N = 206), Majority = list(Freqs = structure(c(0, 
    1, 2, 0, 0, 0, 1, 232, 0, 0), .Dim = c(5L, 2L), .Dimnames = list(
        c("-2", "-1", "0", "1", "2"), c("C", "T"))), N = 236)), 
    `2` = structure(c(0, 0, 0, 0, 0, 0, 0, 184, 0, 0), .Dim = c(5L, 
    2L), .Dimnames = list(c("-2", "-1", "0", "1", "2"), c("C", 
    "T"))))))
