Results <-
list(`bwa.out//20220204//Control17_S10.sam` = list(LR17_SNP1 = list(
    All = list(Freqs = structure(c(4L, 102L, 3217L, 48L, 2L, 
    20L, 0L, 0L, 3L, 0L, 0L, 0L, 0L, 0L, 117L, 0L, 0L, 0L), .Dim = c(6L, 
    3L), .Dimnames = structure(list(c("-2", "-1", "0", "1", "2", 
    NA), c("A", "G", NA)), .Names = c("", "")), class = "table"), 
        N = 3513L), Tag.Distribution = structure(c(`1` = 116L, 
    `2` = 46L, `3` = 43L, `4` = 31L, `5` = 29L, `6` = 22L, `7` = 26L, 
    `8` = 17L, `9` = 13L, `10` = 17L, `11` = 21L, `12` = 10L, 
    `13` = 14L, `14` = 11L, `15` = 7L, `16` = 5L, `17` = 9L, 
    `18` = 6L, `19` = 3L, `20` = 8L, `21` = 5L, `22` = 4L, `23` = 4L, 
    `24` = 1L, `25` = 1L, `26` = 1L, `27` = 1L, `28` = 2L, `29` = 1L, 
    `32` = 3L, `33` = 1L, `41` = 1L, `45` = 1L), .Dim = 33L, .Dimnames = list(
        TagUsage = c("1", "2", "3", "4", "5", "6", "7", "8", 
        "9", "10", "11", "12", "13", "14", "15", "16", "17", 
        "18", "19", "20", "21", "22", "23", "24", "25", "26", 
        "27", "28", "29", "32", "33", "41", "45")), class = "table"), 
    No.Tag = structure(c(0L, 5L, 112L, 1L, 1L, 1L, 0L, 0L, 0L, 
    0L, 0L, 0L, 0L, 0L, 13L, 0L, 0L, 0L), .Dim = c(6L, 3L), .Dimnames = structure(list(
        c("-2", "-1", "0", "1", "2", NA), c("A", "G", NA)), .Names = c("", 
    "")), class = "table"), All.Tags = list(Concordant = list(
        Freqs = structure(c(0, 3, 372, 1, 0, 0, 0, 0, 0, 0), .Dim = c(5L, 
        2L), .Dimnames = list(c("-2", "-1", "0", "1", "2"), c("A", 
        "G"))), N = 376), Majority = list(Freqs = structure(c(0, 
    4, 463, 1, 0, 0, 0, 0, 0, 0), .Dim = c(5L, 2L), .Dimnames = list(
        c("-2", "-1", "0", "1", "2"), c("A", "G"))), N = 468)), 
    `2` = structure(c(0, 2, 358, 0, 0, 0, 0, 0, 0, 0), .Dim = c(5L, 
    2L), .Dimnames = list(c("-2", "-1", "0", "1", "2"), c("A", 
    "G"))))))
