Results <-
list(`bwa.out//20220204//BlindCMMRD48_S8.sam` = list(DEPDC2_SNP1 = list(
    All = list(Freqs = structure(c(48L, 3698L, 26L, 1L, 22L, 
    0L, 11L, 1L, 0L, 0L, 1L, 51L, 0L, 0L, 0L), .Dim = c(5L, 3L
    ), .Dimnames = structure(list(c("-1", "0", "1", "2", NA), 
        c("C", "T", NA)), .Names = c("", "")), class = "table"), 
        N = 3859L), Tag.Distribution = structure(c(`1` = 90L, 
    `2` = 45L, `3` = 27L, `4` = 31L, `5` = 26L, `6` = 26L, `7` = 20L, 
    `8` = 18L, `9` = 13L, `10` = 14L, `11` = 18L, `12` = 16L, 
    `13` = 15L, `14` = 13L, `15` = 6L, `16` = 12L, `17` = 8L, 
    `18` = 8L, `19` = 2L, `20` = 7L, `21` = 4L, `22` = 5L, `23` = 3L, 
    `24` = 3L, `25` = 2L, `26` = 4L, `27` = 1L, `28` = 1L, `30` = 5L, 
    `31` = 3L, `34` = 1L, `35` = 2L, `36` = 3L, `37` = 1L, `39` = 1L
    ), .Dim = 35L, .Dimnames = list(TagUsage = c("1", "2", "3", 
    "4", "5", "6", "7", "8", "9", "10", "11", "12", "13", "14", 
    "15", "16", "17", "18", "19", "20", "21", "22", "23", "24", 
    "25", "26", "27", "28", "30", "31", "34", "35", "36", "37", 
    "39")), class = "table"), No.Tag = structure(c(2L, 60L, 0L, 
    0L, 1L, 0L, 0L, 0L, 0L, 0L, 0L, 2L, 0L, 0L, 0L), .Dim = c(5L, 
    3L), .Dimnames = structure(list(c("-1", "0", "1", "2", NA
    ), c("C", "T", NA)), .Names = c("", "")), class = "table"), 
    All.Tags = list(Concordant = list(Freqs = structure(c(1, 
    406, 1, 0, 0, 8, 0, 0), .Dim = c(4L, 2L), .Dimnames = list(
        c("-1", "0", "1", "2"), c("C", "T"))), N = 416), Majority = list(
        Freqs = structure(c(3, 436, 1, 0, 0, 8, 0, 0), .Dim = c(4L, 
        2L), .Dimnames = list(c("-1", "0", "1", "2"), c("C", 
        "T"))), N = 448)), `2` = structure(c(2, 361, 0, 0, 0, 
    0, 0, 0), .Dim = c(4L, 2L), .Dimnames = list(c("-1", "0", 
    "1", "2"), c("C", "T"))))))
