Results <-
list(`bwa.out//20220204//BlindCMMRD75_S34.sam` = list(LR11_SNP1 = list(
    All = list(Freqs = structure(c(6L, 46L, 2590L, 20L, 1L, 5L, 
    0L, 31L, 2144L, 18L, 0L, 7L, 0L, 0L, 1L, 0L, 0L, 0L, 0L, 
    0L, 1L, 0L, 0L, 0L, 0L, 2L, 98L, 3L, 0L, 0L), .Dim = 6:5, .Dimnames = structure(list(
        c("-2", "-1", "0", "1", "2", NA), c("A", "C", "G", "T", 
        NA)), .Names = c("", "")), class = "table"), N = 4973L), 
    Tag.Distribution = structure(c(`1` = 106L, `2` = 55L, `3` = 48L, 
    `4` = 42L, `5` = 50L, `6` = 23L, `7` = 34L, `8` = 31L, `9` = 32L, 
    `10` = 22L, `11` = 16L, `12` = 26L, `13` = 8L, `14` = 15L, 
    `15` = 14L, `16` = 18L, `17` = 14L, `18` = 13L, `19` = 7L, 
    `20` = 5L, `21` = 10L, `22` = 6L, `23` = 3L, `24` = 4L, `25` = 3L, 
    `26` = 3L, `27` = 7L, `31` = 1L, `32` = 2L, `34` = 1L, `39` = 1L
    ), .Dim = 31L, .Dimnames = list(TagUsage = c("1", "2", "3", 
    "4", "5", "6", "7", "8", "9", "10", "11", "12", "13", "14", 
    "15", "16", "17", "18", "19", "20", "21", "22", "23", "24", 
    "25", "26", "27", "31", "32", "34", "39")), class = "table"), 
    No.Tag = structure(c(0L, 0L, 27L, 0L, 0L, 0L, 0L, 0L, 13L, 
    1L, 0L, 0L, 0L, 0L, 0L, 0L, 0L, 0L, 0L, 0L, 0L, 0L, 0L, 0L, 
    0L, 0L, 0L, 0L, 0L, 0L), .Dim = 6:5, .Dimnames = structure(list(
        c("-2", "-1", "0", "1", "2", NA), c("A", "C", "G", "T", 
        NA)), .Names = c("", "")), class = "table"), All.Tags = list(
        Concordant = list(Freqs = structure(c(0, 3, 255, 0, 0, 
        0, 0, 232, 1, 0, 0, 0, 0, 0, 0, 0, 0, 0, 0, 0), .Dim = 5:4, .Dimnames = list(
            c("-2", "-1", "0", "1", "2"), c("A", "C", "G", "T"
            ))), N = 491), Majority = list(Freqs = structure(c(0, 
        3, 323, 0, 0, 0, 0, 281, 1, 0, 0, 0, 0, 0, 0, 0, 0, 0, 
        0, 0), .Dim = 5:4, .Dimnames = list(c("-2", "-1", "0", 
        "1", "2"), c("A", "C", "G", "T"))), N = 608)), `2` = structure(c(0, 
    0, 276, 0, 0, 0, 0, 234, 0, 0, 0, 0, 0, 0, 0, 0, 0, 0, 0, 
    0), .Dim = 5:4, .Dimnames = list(c("-2", "-1", "0", "1", 
    "2"), c("A", "C", "G", "T"))))))
