Results <-
list(`bwa.out//20220204//BlindCMMRD72_S31.sam` = list(GM11_SNP1 = list(
    All = list(Freqs = structure(c(29L, 5494L, 18L, 7L, 0L, 4L, 
    0L, 0L, 0L, 1L, 0L, 0L, 0L, 31L, 0L, 0L), .Dim = c(4L, 4L
    ), .Dimnames = structure(list(c("-1", "0", "1", NA), c("A", 
    "G", "T", NA)), .Names = c("", "")), class = "table"), N = 5584L), 
    Tag.Distribution = structure(c(`1` = 136L, `2` = 74L, `3` = 52L, 
    `4` = 53L, `5` = 43L, `6` = 42L, `7` = 42L, `8` = 45L, `9` = 29L, 
    `10` = 21L, `11` = 27L, `12` = 17L, `13` = 29L, `14` = 13L, 
    `15` = 12L, `16` = 11L, `17` = 11L, `18` = 6L, `19` = 5L, 
    `20` = 10L, `21` = 7L, `22` = 8L, `23` = 7L, `24` = 3L, `25` = 2L, 
    `26` = 1L, `27` = 2L, `28` = 3L, `29` = 3L, `30` = 1L, `31` = 1L, 
    `32` = 2L, `34` = 4L, `35` = 1L, `36` = 1L, `40` = 1L, `41` = 1L
    ), .Dim = 37L, .Dimnames = list(TagUsage = c("1", "2", "3", 
    "4", "5", "6", "7", "8", "9", "10", "11", "12", "13", "14", 
    "15", "16", "17", "18", "19", "20", "21", "22", "23", "24", 
    "25", "26", "27", "28", "29", "30", "31", "32", "34", "35", 
    "36", "40", "41")), class = "table"), No.Tag = structure(c(0L, 
    59L, 0L, 0L, 0L, 1L, 0L, 0L, 0L, 0L, 0L, 0L, 0L, 4L, 0L, 
    0L), .Dim = c(4L, 4L), .Dimnames = structure(list(c("-1", 
    "0", "1", NA), c("A", "G", "T", NA)), .Names = c("", "")), class = "table"), 
    All.Tags = list(Concordant = list(Freqs = structure(c(1, 
    676, 0, 0, 2, 0, 0, 0, 0), .Dim = c(3L, 3L), .Dimnames = list(
        c("-1", "0", "1"), c("A", "G", "T"))), N = 679), Majority = list(
        Freqs = structure(c(1, 719, 0, 0, 2, 0, 0, 0, 0), .Dim = c(3L, 
        3L), .Dimnames = list(c("-1", "0", "1"), c("A", "G", 
        "T"))), N = 722)), `2` = structure(c(0, 589, 0, 0, 0, 
    0, 0, 0, 0), .Dim = c(3L, 3L), .Dimnames = list(c("-1", "0", 
    "1"), c("A", "G", "T"))))))
