Results <-
list(`bwa.out//20220204//MLPA79_S11.sam` = list(GM26_SNP1 = list(
    All = list(Freqs = structure(c(1L, 21L, 3761L, 13L, 7L, 0L, 
    0L, 31L, 0L, 0L), .Dim = c(5L, 2L), .Dimnames = structure(list(
        c("-2", "-1", "0", "1", NA), c("A", NA)), .Names = c("", 
    "")), class = "table"), N = 3834L), Tag.Distribution = structure(c(`1` = 134L, 
    `2` = 62L, `3` = 50L, `4` = 46L, `5` = 32L, `6` = 31L, `7` = 31L, 
    `8` = 28L, `9` = 19L, `10` = 15L, `11` = 18L, `12` = 15L, 
    `13` = 15L, `14` = 10L, `15` = 7L, `16` = 3L, `17` = 2L, 
    `18` = 6L, `19` = 8L, `20` = 6L, `21` = 3L, `22` = 4L, `23` = 2L, 
    `24` = 2L, `25` = 2L, `26` = 1L, `27` = 2L, `29` = 2L, `30` = 4L, 
    `32` = 1L, `33` = 3L, `38` = 1L, `39` = 1L, `43` = 1L), .Dim = 34L, .Dimnames = list(
        TagUsage = c("1", "2", "3", "4", "5", "6", "7", "8", 
        "9", "10", "11", "12", "13", "14", "15", "16", "17", 
        "18", "19", "20", "21", "22", "23", "24", "25", "26", 
        "27", "29", "30", "32", "33", "38", "39", "43")), class = "table"), 
    No.Tag = structure(c(0L, 0L, 47L, 0L, 0L, 0L, 0L, 3L, 0L, 
    0L), .Dim = c(5L, 2L), .Dimnames = structure(list(c("-2", 
    "-1", "0", "1", NA), c("A", NA)), .Names = c("", "")), class = "table"), 
    All.Tags = list(Concordant = list(Freqs = structure(c(0, 
    0, 528, 0), .Dim = c(4L, 1L), .Dimnames = list(c("-2", "-1", 
    "0", "1"), "A")), N = 528), Majority = list(Freqs = structure(c(0, 
    0, 559, 0), .Dim = c(4L, 1L), .Dimnames = list(c("-2", "-1", 
    "0", "1"), "A")), N = 559)), `2` = structure(c(0, 0, 431, 
    0), .Dim = c(4L, 1L), .Dimnames = list(c("-2", "-1", "0", 
    "1"), "A")))))
