Results <-
list(`bwa.out//20220204//Control13_S6.sam` = list(GM29_SNP1 = list(
    All = list(Freqs = structure(c(0L, 2L, 0L, 0L, 45L, 2640L, 
    11L, 5L, 0L, 13L, 0L, 0L), .Dim = 4:3, .Dimnames = structure(list(
        c("-1", "0", "1", NA), c("A", "G", NA)), .Names = c("", 
    "")), class = "table"), N = 2716L), Tag.Distribution = structure(c(`1` = 77L, 
    `2` = 51L, `3` = 34L, `4` = 38L, `5` = 23L, `6` = 30L, `7` = 16L, 
    `8` = 11L, `9` = 17L, `10` = 14L, `11` = 12L, `12` = 12L, 
    `13` = 11L, `14` = 13L, `15` = 7L, `16` = 6L, `17` = 4L, 
    `18` = 5L, `19` = 6L, `20` = 3L, `21` = 1L, `22` = 4L, `25` = 2L, 
    `29` = 1L, `30` = 2L, `34` = 1L, `38` = 1L), .Dim = 27L, .Dimnames = list(
        TagUsage = c("1", "2", "3", "4", "5", "6", "7", "8", 
        "9", "10", "11", "12", "13", "14", "15", "16", "17", 
        "18", "19", "20", "21", "22", "25", "29", "30", "34", 
        "38")), class = "table"), No.Tag = structure(c(0L, 0L, 
    0L, 0L, 0L, 37L, 0L, 1L, 0L, 3L, 0L, 0L), .Dim = 4:3, .Dimnames = structure(list(
        c("-1", "0", "1", NA), c("A", "G", NA)), .Names = c("", 
    "")), class = "table"), All.Tags = list(Concordant = list(
        Freqs = structure(c(0, 1, 0, 2, 358, 0), .Dim = 3:2, .Dimnames = list(
            c("-1", "0", "1"), c("A", "G"))), N = 361), Majority = list(
        Freqs = structure(c(0, 1, 0, 3, 394, 0), .Dim = 3:2, .Dimnames = list(
            c("-1", "0", "1"), c("A", "G"))), N = 398)), `2` = structure(c(0, 
    0, 0, 2, 322, 0), .Dim = 3:2, .Dimnames = list(c("-1", "0", 
    "1"), c("A", "G"))))))
