Results <-
list(`bwa.out//20220204//BlindCMMRD44_S4.sam` = list(LR36_SNP1 = list(
    All = list(Freqs = structure(c(0L, 0L, 1L, 6L, 0L, 0L, 0L, 
    0L, 0L, 1L, 0L, 0L, 0L, 7L, 64L, 3050L, 22L, 13L, 1L, 0L, 
    3L, 148L, 2L, 0L), .Dim = c(6L, 4L), .Dimnames = structure(list(
        c("-3", "-2", "-1", "0", "1", NA), c("A", "C", "T", NA
        )), .Names = c("", "")), class = "table"), N = 3318L), 
    Tag.Distribution = structure(c(`1` = 57L, `2` = 19L, `3` = 26L, 
    `4` = 13L, `5` = 11L, `6` = 13L, `7` = 17L, `8` = 11L, `9` = 13L, 
    `10` = 12L, `11` = 14L, `12` = 4L, `13` = 8L, `14` = 5L, 
    `15` = 8L, `16` = 5L, `17` = 1L, `18` = 8L, `19` = 2L, `20` = 4L, 
    `21` = 2L, `22` = 3L, `23` = 2L, `24` = 4L, `25` = 3L, `26` = 2L, 
    `27` = 6L, `28` = 2L, `29` = 3L, `30` = 2L, `31` = 5L, `32` = 1L, 
    `33` = 2L, `34` = 2L, `35` = 3L, `36` = 1L, `37` = 1L, `38` = 1L, 
    `41` = 1L, `42` = 1L, `43` = 1L, `46` = 1L, `70` = 1L), .Dim = 43L, .Dimnames = list(
        TagUsage = c("1", "2", "3", "4", "5", "6", "7", "8", 
        "9", "10", "11", "12", "13", "14", "15", "16", "17", 
        "18", "19", "20", "21", "22", "23", "24", "25", "26", 
        "27", "28", "29", "30", "31", "32", "33", "34", "35", 
        "36", "37", "38", "41", "42", "43", "46", "70")), class = "table"), 
    No.Tag = structure(c(0L, 0L, 1L, 0L, 0L, 0L, 0L, 0L, 0L, 
    0L, 0L, 0L, 0L, 0L, 1L, 120L, 3L, 2L, 0L, 0L, 0L, 13L, 0L, 
    0L), .Dim = c(6L, 4L), .Dimnames = structure(list(c("-3", 
    "-2", "-1", "0", "1", NA), c("A", "C", "T", NA)), .Names = c("", 
    "")), class = "table"), All.Tags = list(Concordant = list(
        Freqs = structure(c(0, 0, 0, 3, 0, 0, 0, 0, 0, 0, 0, 
        0, 3, 226, 0), .Dim = c(5L, 3L), .Dimnames = list(c("-3", 
        "-2", "-1", "0", "1"), c("A", "C", "T"))), N = 232), 
        Majority = list(Freqs = structure(c(0, 0, 0, 3, 0, 0, 
        0, 0, 0, 0, 0, 0, 3, 290, 0), .Dim = c(5L, 3L), .Dimnames = list(
            c("-3", "-2", "-1", "0", "1"), c("A", "C", "T"))), 
            N = 296)), `2` = structure(c(0, 0, 0, 0, 0, 0, 0, 
    0, 0, 0, 0, 0, 0, 243, 0), .Dim = c(5L, 3L), .Dimnames = list(
        c("-3", "-2", "-1", "0", "1"), c("A", "C", "T"))))))
