Results <-
list(`bwa.out//20220204//Control15_S8.sam` = list(GM26_SNP1 = list(
    All = list(Freqs = structure(c(0L, 0L, 3L, 0L, 0L, 1L, 19L, 
    2432L, 5L, 2L, 0L, 1L, 48L, 0L, 0L), .Dim = c(5L, 3L), .Dimnames = structure(list(
        c("-2", "-1", "0", "1", NA), c("A", "G", NA)), .Names = c("", 
    "")), class = "table"), N = 2511L), Tag.Distribution = structure(c(`1` = 107L, 
    `2` = 45L, `3` = 26L, `4` = 27L, `5` = 15L, `6` = 23L, `7` = 21L, 
    `8` = 10L, `9` = 15L, `10` = 10L, `11` = 9L, `12` = 12L, 
    `13` = 7L, `14` = 6L, `15` = 8L, `16` = 3L, `17` = 2L, `18` = 2L, 
    `19` = 6L, `20` = 6L, `21` = 2L, `22` = 2L, `23` = 1L, `24` = 2L, 
    `25` = 3L, `26` = 2L, `27` = 2L, `28` = 1L, `29` = 1L, `30` = 1L, 
    `32` = 2L, `39` = 1L), .Dim = 32L, .Dimnames = list(TagUsage = c("1", 
    "2", "3", "4", "5", "6", "7", "8", "9", "10", "11", "12", 
    "13", "14", "15", "16", "17", "18", "19", "20", "21", "22", 
    "23", "24", "25", "26", "27", "28", "29", "30", "32", "39"
    )), class = "table"), No.Tag = structure(c(0L, 0L, 0L, 0L, 
    0L, 0L, 0L, 35L, 0L, 0L, 0L, 0L, 0L, 0L, 0L), .Dim = c(5L, 
    3L), .Dimnames = structure(list(c("-2", "-1", "0", "1", NA
    ), c("A", "G", NA)), .Names = c("", "")), class = "table"), 
    All.Tags = list(Concordant = list(Freqs = structure(c(0, 
    0, 2, 0, 0, 0, 350, 0), .Dim = c(4L, 2L), .Dimnames = list(
        c("-2", "-1", "0", "1"), c("A", "G"))), N = 352), Majority = list(
        Freqs = structure(c(0, 0, 2, 0, 0, 0, 369, 0), .Dim = c(4L, 
        2L), .Dimnames = list(c("-2", "-1", "0", "1"), c("A", 
        "G"))), N = 371)), `2` = structure(c(0, 0, 0, 0, 0, 0, 
    271, 0), .Dim = c(4L, 2L), .Dimnames = list(c("-2", "-1", 
    "0", "1"), c("A", "G"))))))
