Results <-
list(`bwa.out//20220204//BlindCMMRD64_S23.sam` = list(GM01_SNP1 = list(
    All = list(Freqs = structure(c(1L, 96L, 6999L, 14L, 12L, 
    0L, 0L, 3L, 0L, 0L, 1L, 2L, 70L, 1L, 0L), .Dim = c(5L, 3L
    ), .Dimnames = structure(list(c("-2", "-1", "0", "1", NA), 
        c("A", "G", NA)), .Names = c("", "")), class = "table"), 
        N = 7199L), Tag.Distribution = structure(c(`1` = 144L, 
    `2` = 85L, `3` = 72L, `4` = 57L, `5` = 62L, `6` = 64L, `7` = 38L, 
    `8` = 39L, `9` = 33L, `10` = 27L, `11` = 34L, `12` = 20L, 
    `13` = 24L, `14` = 19L, `15` = 18L, `16` = 14L, `17` = 14L, 
    `18` = 22L, `19` = 14L, `20` = 7L, `21` = 4L, `22` = 10L, 
    `23` = 9L, `24` = 5L, `25` = 7L, `26` = 3L, `27` = 6L, `28` = 3L, 
    `29` = 4L, `30` = 1L, `31` = 2L, `32` = 2L, `33` = 2L, `34` = 2L, 
    `35` = 1L, `38` = 2L, `41` = 2L, `47` = 1L), .Dim = 38L, .Dimnames = list(
        TagUsage = c("1", "2", "3", "4", "5", "6", "7", "8", 
        "9", "10", "11", "12", "13", "14", "15", "16", "17", 
        "18", "19", "20", "21", "22", "23", "24", "25", "26", 
        "27", "28", "29", "30", "31", "32", "33", "34", "35", 
        "38", "41", "47")), class = "table"), No.Tag = structure(c(0L, 
    1L, 95L, 0L, 2L, 0L, 0L, 0L, 0L, 0L, 0L, 0L, 2L, 0L, 0L), .Dim = c(5L, 
    3L), .Dimnames = structure(list(c("-2", "-1", "0", "1", NA
    ), c("A", "G", NA)), .Names = c("", "")), class = "table"), 
    All.Tags = list(Concordant = list(Freqs = structure(c(0, 
    0, 771, 0, 0, 0, 1, 0), .Dim = c(4L, 2L), .Dimnames = list(
        c("-2", "-1", "0", "1"), c("A", "G"))), N = 772), Majority = list(
        Freqs = structure(c(0, 1, 861, 0, 0, 0, 1, 0), .Dim = c(4L, 
        2L), .Dimnames = list(c("-2", "-1", "0", "1"), c("A", 
        "G"))), N = 863)), `2` = structure(c(0, 1, 726, 0, 0, 
    0, 0, 0), .Dim = c(4L, 2L), .Dimnames = list(c("-2", "-1", 
    "0", "1"), c("A", "G"))))))
