Results <-
list(`bwa.out//20220204//BlindCMMRD97_S56.sam` = list(LR17_SNP1 = list(
    All = list(Freqs = structure(c(6L, 127L, 3709L, 47L, 22L, 
    0L, 2L, 153L, 0L, 0L), .Dim = c(5L, 2L), .Dimnames = structure(list(
        c("-2", "-1", "0", "1", NA), c("A", NA)), .Names = c("", 
    "")), class = "table"), N = 4066L), Tag.Distribution = structure(c(`1` = 109L, 
    `2` = 37L, `3` = 21L, `4` = 28L, `5` = 23L, `6` = 23L, `7` = 18L, 
    `8` = 26L, `9` = 17L, `10` = 20L, `11` = 18L, `12` = 7L, 
    `13` = 13L, `14` = 13L, `15` = 12L, `16` = 7L, `17` = 6L, 
    `18` = 8L, `19` = 7L, `20` = 6L, `21` = 4L, `22` = 7L, `23` = 4L, 
    `24` = 4L, `25` = 4L, `26` = 3L, `27` = 6L, `28` = 3L, `29` = 3L, 
    `30` = 2L, `31` = 2L, `33` = 2L, `34` = 2L, `36` = 2L, `39` = 1L
    ), .Dim = 35L, .Dimnames = list(TagUsage = c("1", "2", "3", 
    "4", "5", "6", "7", "8", "9", "10", "11", "12", "13", "14", 
    "15", "16", "17", "18", "19", "20", "21", "22", "23", "24", 
    "25", "26", "27", "28", "29", "30", "31", "33", "34", "36", 
    "39")), class = "table"), No.Tag = structure(c(0L, 0L, 35L, 
    0L, 0L, 0L, 0L, 5L, 0L, 0L), .Dim = c(5L, 2L), .Dimnames = structure(list(
        c("-2", "-1", "0", "1", NA), c("A", NA)), .Names = c("", 
    "")), class = "table"), All.Tags = list(Concordant = list(
        Freqs = structure(c(1, 2, 343, 1), .Dim = c(4L, 1L), .Dimnames = list(
            c("-2", "-1", "0", "1"), "A")), N = 347), Majority = list(
        Freqs = structure(c(2, 4, 450, 1), .Dim = c(4L, 1L), .Dimnames = list(
            c("-2", "-1", "0", "1"), "A")), N = 457)), `2` = structure(c(1, 
    3, 351, 0), .Dim = c(4L, 1L), .Dimnames = list(c("-2", "-1", 
    "0", "1"), "A")))))
