Results <-
list(`bwa.out//20220204//BlindCMMRD133_S59.sam` = list(GM11_SNP1 = list(
    All = list(Freqs = structure(c(1L, 15L, 3069L, 8L, 3L, 2L, 
    31L, 3282L, 14L, 2L, 0L, 0L, 1L, 0L, 0L, 0L, 0L, 21L, 2L, 
    0L), .Dim = 5:4, .Dimnames = structure(list(c("-2", "-1", 
    "0", "1", NA), c("A", "G", "T", NA)), .Names = c("", "")), class = "table"), 
        N = 6451L), Tag.Distribution = structure(c(`1` = 181L, 
    `2` = 183L, `3` = 140L, `4` = 162L, `5` = 127L, `6` = 88L, 
    `7` = 72L, `8` = 64L, `9` = 38L, `10` = 43L, `11` = 34L, 
    `12` = 18L, `13` = 13L, `14` = 13L, `15` = 8L, `16` = 12L, 
    `17` = 6L, `18` = 1L, `19` = 5L, `20` = 6L, `21` = 2L, `22` = 2L, 
    `23` = 2L, `25` = 1L, `27` = 1L, `35` = 1L), .Dim = 26L, .Dimnames = list(
        TagUsage = c("1", "2", "3", "4", "5", "6", "7", "8", 
        "9", "10", "11", "12", "13", "14", "15", "16", "17", 
        "18", "19", "20", "21", "22", "23", "25", "27", "35")), class = "table"), 
    No.Tag = structure(c(0L, 0L, 51L, 0L, 0L, 0L, 0L, 23L, 0L, 
    0L, 0L, 0L, 0L, 0L, 0L, 0L, 0L, 3L, 1L, 0L), .Dim = 5:4, .Dimnames = structure(list(
        c("-2", "-1", "0", "1", NA), c("A", "G", "T", NA)), .Names = c("", 
    "")), class = "table"), All.Tags = list(Concordant = list(
        Freqs = structure(c(0, 0, 497, 0, 0, 1, 488, 1, 0, 0, 
        0, 0), .Dim = 4:3, .Dimnames = list(c("-2", "-1", "0", 
        "1"), c("A", "G", "T"))), N = 987), Majority = list(Freqs = structure(c(0, 
    0, 589, 0, 0, 1, 604, 1, 0, 0, 0, 0), .Dim = 4:3, .Dimnames = list(
        c("-2", "-1", "0", "1"), c("A", "G", "T"))), N = 1195)), 
    `2` = structure(c(0, 0, 497, 0, 0, 0, 521, 0, 0, 0, 0, 0), .Dim = 4:3, .Dimnames = list(
        c("-2", "-1", "0", "1"), c("A", "G", "T"))))))
