Results <-
list(`bwa.out//20220204//BlindCMMRD68_S27.sam` = list(GM17_SNP1 = list(
    All = list(Freqs = structure(c(41L, 3639L, 12L, 1L, 0L, 9L, 
    0L, 0L, 0L, 38L, 1L, 0L), .Dim = 4:3, .Dimnames = structure(list(
        c("-1", "0", "1", NA), c("C", "T", NA)), .Names = c("", 
    "")), class = "table"), N = 3741L), Tag.Distribution = structure(c(`1` = 98L, 
    `2` = 46L, `3` = 51L, `4` = 46L, `5` = 40L, `6` = 31L, `7` = 21L, 
    `8` = 16L, `9` = 21L, `10` = 13L, `11` = 8L, `12` = 10L, 
    `13` = 9L, `14` = 10L, `15` = 10L, `16` = 6L, `17` = 9L, 
    `18` = 5L, `19` = 2L, `20` = 7L, `21` = 6L, `22` = 8L, `23` = 2L, 
    `24` = 5L, `25` = 3L, `26` = 2L, `27` = 4L, `28` = 1L, `29` = 2L, 
    `30` = 1L, `31` = 1L, `32` = 1L, `33` = 2L, `36` = 2L, `40` = 1L
    ), .Dim = 35L, .Dimnames = list(TagUsage = c("1", "2", "3", 
    "4", "5", "6", "7", "8", "9", "10", "11", "12", "13", "14", 
    "15", "16", "17", "18", "19", "20", "21", "22", "23", "24", 
    "25", "26", "27", "28", "29", "30", "31", "32", "33", "36", 
    "40")), class = "table"), No.Tag = structure(c(1L, 35L, 0L, 
    0L, 0L, 0L, 0L, 0L, 0L, 6L, 0L, 0L), .Dim = 4:3, .Dimnames = structure(list(
        c("-1", "0", "1", NA), c("C", "T", NA)), .Names = c("", 
    "")), class = "table"), All.Tags = list(Concordant = list(
        Freqs = structure(c(1, 440, 0, 0, 3, 0), .Dim = 3:2, .Dimnames = list(
            c("-1", "0", "1"), c("C", "T"))), N = 444), Majority = list(
        Freqs = structure(c(1, 487, 0, 0, 3, 0), .Dim = 3:2, .Dimnames = list(
            c("-1", "0", "1"), c("C", "T"))), N = 491)), `2` = structure(c(0, 
    400, 0, 0, 0, 0), .Dim = 3:2, .Dimnames = list(c("-1", "0", 
    "1"), c("C", "T"))))))
