Results <-
list(`bwa.out//20220204//BlindCMMRD92_S51.sam` = list(GM09_SNP1 = list(
    All = list(Freqs = structure(c(0L, 7L, 0L, 0L, 44L, 5165L, 
    9L, 3L, 0L, 1L, 0L, 0L, 0L, 39L, 0L, 0L), .Dim = c(4L, 4L
    ), .Dimnames = structure(list(c("-1", "0", "1", NA), c("A", 
    "G", "T", NA)), .Names = c("", "")), class = "table"), N = 5268L), 
    Tag.Distribution = structure(c(`1` = 124L, `2` = 40L, `3` = 46L, 
    `4` = 46L, `5` = 44L, `6` = 28L, `7` = 24L, `8` = 25L, `9` = 23L, 
    `10` = 17L, `11` = 21L, `12` = 22L, `13` = 18L, `14` = 13L, 
    `15` = 10L, `16` = 14L, `17` = 8L, `18` = 6L, `19` = 14L, 
    `20` = 6L, `21` = 12L, `22` = 5L, `23` = 8L, `24` = 7L, `25` = 4L, 
    `26` = 2L, `27` = 5L, `28` = 1L, `29` = 2L, `30` = 1L, `31` = 1L, 
    `32` = 4L, `33` = 3L, `36` = 1L, `37` = 1L, `46` = 1L, `59` = 1L, 
    `60` = 1L), .Dim = 38L, .Dimnames = list(TagUsage = c("1", 
    "2", "3", "4", "5", "6", "7", "8", "9", "10", "11", "12", 
    "13", "14", "15", "16", "17", "18", "19", "20", "21", "22", 
    "23", "24", "25", "26", "27", "28", "29", "30", "31", "32", 
    "33", "36", "37", "46", "59", "60")), class = "table"), No.Tag = structure(c(0L, 
    0L, 0L, 0L, 0L, 75L, 0L, 0L, 0L, 0L, 0L, 0L, 0L, 6L, 0L, 
    0L), .Dim = c(4L, 4L), .Dimnames = structure(list(c("-1", 
    "0", "1", NA), c("A", "G", "T", NA)), .Names = c("", "")), class = "table"), 
    All.Tags = list(Concordant = list(Freqs = structure(c(0, 
    5, 0, 2, 560, 0, 0, 0, 0), .Dim = c(3L, 3L), .Dimnames = list(
        c("-1", "0", "1"), c("A", "G", "T"))), N = 567), Majority = list(
        Freqs = structure(c(0, 5, 0, 2, 593, 0, 0, 0, 0), .Dim = c(3L, 
        3L), .Dimnames = list(c("-1", "0", "1"), c("A", "G", 
        "T"))), N = 600)), `2` = structure(c(0, 0, 0, 2, 483, 
    0, 0, 0, 0), .Dim = c(3L, 3L), .Dimnames = list(c("-1", "0", 
    "1"), c("A", "G", "T"))))))
