Results <-
list(`bwa.out//20220204//BlindCMMRD122_S48.sam` = list(LR52_SNP1 = list(
    All = list(Freqs = structure(c(0L, 0L, 0L, 0L, 1L, 0L, 0L, 
    0L, 1L, 1L, 23L, 356L, 3338L, 25L, 0L, 22L, 0L, 0L, 0L, 6L, 
    230L, 0L, 1L, 0L), .Dim = c(8L, 3L), .Dimnames = structure(list(
        c("-4", "-3", "-2", "-1", "0", "1", "2", NA), c("-", 
        "C", NA)), .Names = c("", "")), class = "table"), N = 4004L), 
    Tag.Distribution = structure(c(`1` = 160L, `2` = 117L, `3` = 90L, 
    `4` = 75L, `5` = 74L, `6` = 42L, `7` = 31L, `8` = 38L, `9` = 26L, 
    `10` = 24L, `11` = 17L, `12` = 17L, `13` = 12L, `14` = 7L, 
    `15` = 6L, `16` = 10L, `17` = 7L, `18` = 3L, `19` = 2L, `21` = 2L, 
    `23` = 3L, `24` = 2L, `26` = 1L, `29` = 1L, `39` = 1L), .Dim = 25L, .Dimnames = list(
        TagUsage = c("1", "2", "3", "4", "5", "6", "7", "8", 
        "9", "10", "11", "12", "13", "14", "15", "16", "17", 
        "18", "19", "21", "23", "24", "26", "29", "39")), class = "table"), 
    No.Tag = structure(c(0L, 0L, 0L, 0L, 0L, 0L, 0L, 0L, 0L, 
    0L, 1L, 5L, 48L, 0L, 0L, 1L, 0L, 0L, 0L, 0L, 9L, 0L, 0L, 
    0L), .Dim = c(8L, 3L), .Dimnames = structure(list(c("-4", 
    "-3", "-2", "-1", "0", "1", "2", NA), c("-", "C", NA)), .Names = c("", 
    "")), class = "table"), All.Tags = list(Concordant = list(
        Freqs = structure(c(0, 0, 0, 0, 0, 0, 0, 0, 0, 1, 24, 
        499, 1, 0), .Dim = c(7L, 2L), .Dimnames = list(c("-4", 
        "-3", "-2", "-1", "0", "1", "2"), c("-", "C"))), N = 525), 
        Majority = list(Freqs = structure(c(0, 0, 0, 0, 0, 0, 
        0, 0, 0, 1, 30, 695, 2, 0), .Dim = c(7L, 2L), .Dimnames = list(
            c("-4", "-3", "-2", "-1", "0", "1", "2"), c("-", 
            "C"))), N = 728)), `2` = structure(c(0, 0, 0, 0, 
    0, 0, 0, 0, 0, 0, 15, 560, 2, 0), .Dim = c(7L, 2L), .Dimnames = list(
        c("-4", "-3", "-2", "-1", "0", "1", "2"), c("-", "C"))))))
