Results <-
list(`bwa.out//20220204//BlindCMMRD63_S22.sam` = list(LR20_SNP1 = list(
    All = list(Freqs = structure(c(2L, 1768L, 6L, 1L, 3L, 2042L, 
    3L, 0L, 0L, 19L, 0L, 0L), .Dim = 4:3, .Dimnames = structure(list(
        c("-1", "0", "1", "2"), c("A", "G", NA)), .Names = c("", 
    "")), class = "table"), N = 3844L), Tag.Distribution = structure(c(`1` = 119L, 
    `2` = 67L, `3` = 44L, `4` = 67L, `5` = 47L, `6` = 34L, `7` = 27L, 
    `8` = 23L, `9` = 12L, `10` = 22L, `11` = 11L, `12` = 11L, 
    `13` = 17L, `14` = 14L, `15` = 12L, `16` = 4L, `17` = 6L, 
    `18` = 4L, `19` = 7L, `20` = 3L, `21` = 7L, `22` = 5L, `23` = 1L, 
    `24` = 1L, `26` = 3L, `27` = 1L, `28` = 1L, `29` = 2L, `30` = 1L, 
    `34` = 1L, `37` = 1L, `41` = 1L), .Dim = 32L, .Dimnames = list(
        TagUsage = c("1", "2", "3", "4", "5", "6", "7", "8", 
        "9", "10", "11", "12", "13", "14", "15", "16", "17", 
        "18", "19", "20", "21", "22", "23", "24", "26", "27", 
        "28", "29", "30", "34", "37", "41")), class = "table"), 
    No.Tag = structure(c(0L, 48L, 0L, 0L, 0L, 0L, 82L, 0L, 0L, 
    0L, 0L, 3L, 0L, 0L, 0L), .Dim = c(5L, 3L), .Dimnames = structure(list(
        c("-1", "0", "1", "2", NA), c("A", "G", NA)), .Names = c("", 
    "")), class = "table"), All.Tags = list(Concordant = list(
        Freqs = structure(c(0, 243, 0, 0, 0, 278, 0, 0), .Dim = c(4L, 
        2L), .Dimnames = list(c("-1", "0", "1", "2"), c("A", 
        "G"))), N = 521), Majority = list(Freqs = structure(c(0, 
    263, 0, 0, 0, 305, 0, 0), .Dim = c(4L, 2L), .Dimnames = list(
        c("-1", "0", "1", "2"), c("A", "G"))), N = 568)), `2` = structure(c(0, 
    206, 0, 0, 0, 247, 0, 0), .Dim = c(4L, 2L), .Dimnames = list(
        c("-1", "0", "1", "2"), c("A", "G"))))))
