Results <-
list(`bwa.out//20220204//BlindCMMRD87_S46.sam` = list(GM26_SNP1 = list(
    All = list(Freqs = structure(c(25L, 2588L, 8L, 6L, 18L, 2818L, 
    15L, 3L, 1L, 48L, 0L, 0L), .Dim = 4:3, .Dimnames = structure(list(
        c("-1", "0", "1", NA), c("A", "G", NA)), .Names = c("", 
    "")), class = "table"), N = 5530L), Tag.Distribution = structure(c(`1` = 102L, 
    `2` = 30L, `3` = 32L, `4` = 25L, `5` = 18L, `6` = 27L, `7` = 19L, 
    `8` = 19L, `9` = 13L, `10` = 9L, `11` = 8L, `12` = 15L, `13` = 10L, 
    `14` = 14L, `15` = 7L, `16` = 10L, `17` = 7L, `18` = 6L, 
    `19` = 12L, `20` = 5L, `21` = 5L, `22` = 2L, `23` = 8L, `24` = 1L, 
    `25` = 5L, `26` = 8L, `27` = 4L, `28` = 6L, `29` = 2L, `30` = 3L, 
    `31` = 5L, `32` = 3L, `33` = 5L, `34` = 2L, `35` = 2L, `36` = 2L, 
    `37` = 1L, `39` = 3L, `40` = 1L, `41` = 2L, `43` = 3L, `44` = 1L, 
    `45` = 1L, `46` = 2L, `48` = 1L, `52` = 1L, `59` = 1L, `60` = 1L, 
    `62` = 2L, `68` = 1L, `73` = 1L, `80` = 1L), .Dim = 52L, .Dimnames = list(
        TagUsage = c("1", "2", "3", "4", "5", "6", "7", "8", 
        "9", "10", "11", "12", "13", "14", "15", "16", "17", 
        "18", "19", "20", "21", "22", "23", "24", "25", "26", 
        "27", "28", "29", "30", "31", "32", "33", "34", "35", 
        "36", "37", "39", "40", "41", "43", "44", "45", "46", 
        "48", "52", "59", "60", "62", "68", "73", "80")), class = "table"), 
    No.Tag = structure(c(0L, 31L, 0L, 1L, 1L, 88L, 2L, 0L, 0L, 
    1L, 0L, 0L), .Dim = 4:3, .Dimnames = structure(list(c("-1", 
    "0", "1", NA), c("A", "G", NA)), .Names = c("", "")), class = "table"), 
    All.Tags = list(Concordant = list(Freqs = structure(c(1, 
    202, 0, 0, 204, 2), .Dim = 3:2, .Dimnames = list(c("-1", 
    "0", "1"), c("A", "G"))), N = 409), Majority = list(Freqs = structure(c(1, 
    232, 0, 0, 230, 2), .Dim = 3:2, .Dimnames = list(c("-1", 
    "0", "1"), c("A", "G"))), N = 465)), `2` = structure(c(0, 
    184, 0, 0, 186, 0), .Dim = 3:2, .Dimnames = list(c("-1", 
    "0", "1"), c("A", "G"))))))
