Results <-
list(`bwa.out//20220204//BlindCMMRD83_S42.sam` = list(LR20_SNP1 = list(
    All = list(Freqs = structure(c(0L, 13L, 0L, 0L, 0L, 9L, 5012L, 
    7L, 1L, 5L, 0L, 1L, 0L, 0L, 0L, 0L, 42L, 0L, 0L, 0L), .Dim = 5:4, .Dimnames = structure(list(
        c("-1", "0", "1", "2", NA), c("A", "G", "T", NA)), .Names = c("", 
    "")), class = "table"), N = 5090L), Tag.Distribution = structure(c(`1` = 149L, 
    `2` = 71L, `3` = 46L, `4` = 55L, `5` = 45L, `6` = 34L, `7` = 23L, 
    `8` = 25L, `9` = 23L, `10` = 15L, `11` = 19L, `12` = 34L, 
    `13` = 21L, `14` = 17L, `15` = 8L, `16` = 17L, `17` = 6L, 
    `18` = 6L, `19` = 5L, `20` = 3L, `21` = 8L, `22` = 7L, `23` = 2L, 
    `24` = 5L, `25` = 3L, `26` = 4L, `27` = 1L, `28` = 3L, `29` = 2L, 
    `30` = 2L, `31` = 2L, `33` = 2L, `34` = 1L, `35` = 3L, `36` = 1L, 
    `38` = 1L, `39` = 2L), .Dim = 37L, .Dimnames = list(TagUsage = c("1", 
    "2", "3", "4", "5", "6", "7", "8", "9", "10", "11", "12", 
    "13", "14", "15", "16", "17", "18", "19", "20", "21", "22", 
    "23", "24", "25", "26", "27", "28", "29", "30", "31", "33", 
    "34", "35", "36", "38", "39")), class = "table"), No.Tag = structure(c(0L, 
    1L, 0L, 0L, 0L, 0L, 90L, 0L, 0L, 1L, 0L, 0L, 0L, 0L, 0L, 
    0L, 2L, 0L, 0L, 0L), .Dim = 5:4, .Dimnames = structure(list(
        c("-1", "0", "1", "2", NA), c("A", "G", "T", NA)), .Names = c("", 
    "")), class = "table"), All.Tags = list(Concordant = list(
        Freqs = structure(c(0, 10, 0, 0, 0, 634, 0, 0, 0, 1, 
        0, 0), .Dim = 4:3, .Dimnames = list(c("-1", "0", "1", 
        "2"), c("A", "G", "T"))), N = 645), Majority = list(Freqs = structure(c(0, 
    10, 0, 0, 0, 651, 0, 0, 0, 1, 0, 0), .Dim = 4:3, .Dimnames = list(
        c("-1", "0", "1", "2"), c("A", "G", "T"))), N = 662)), 
    `2` = structure(c(0, 0, 0, 0, 0, 520, 0, 0, 0, 0, 0, 0), .Dim = 4:3, .Dimnames = list(
        c("-1", "0", "1", "2"), c("A", "G", "T"))))))
