Results <-
list(`bwa.out//20220204//BlindCMMRD85_S44.sam` = list(GM01_SNP1 = list(
    All = list(Freqs = structure(c(1L, 76L, 5873L, 13L, 1L, 9L, 
    0L, 0L, 2L, 0L, 0L, 0L, 0L, 1L, 62L, 0L, 0L, 0L), .Dim = c(6L, 
    3L), .Dimnames = structure(list(c("-2", "-1", "0", "1", "2", 
    NA), c("A", "G", NA)), .Names = c("", "")), class = "table"), 
        N = 6038L), Tag.Distribution = structure(c(`1` = 153L, 
    `2` = 84L, `3` = 62L, `4` = 72L, `5` = 52L, `6` = 50L, `7` = 40L, 
    `8` = 37L, `9` = 36L, `10` = 44L, `11` = 27L, `12` = 20L, 
    `13` = 19L, `14` = 21L, `15` = 13L, `16` = 15L, `17` = 13L, 
    `18` = 15L, `19` = 7L, `20` = 13L, `21` = 5L, `22` = 2L, 
    `23` = 10L, `24` = 1L, `25` = 3L, `26` = 4L, `27` = 2L, `29` = 1L, 
    `30` = 2L, `34` = 1L, `35` = 1L, `40` = 1L, `43` = 1L), .Dim = 33L, .Dimnames = list(
        TagUsage = c("1", "2", "3", "4", "5", "6", "7", "8", 
        "9", "10", "11", "12", "13", "14", "15", "16", "17", 
        "18", "19", "20", "21", "22", "23", "24", "25", "26", 
        "27", "29", "30", "34", "35", "40", "43")), class = "table"), 
    No.Tag = structure(c(0L, 1L, 64L, 0L, 0L, 1L, 0L, 0L, 0L, 
    0L, 0L, 0L, 0L, 0L, 3L, 0L, 0L, 0L), .Dim = c(6L, 3L), .Dimnames = structure(list(
        c("-2", "-1", "0", "1", "2", NA), c("A", "G", NA)), .Names = c("", 
    "")), class = "table"), All.Tags = list(Concordant = list(
        Freqs = structure(c(0, 0, 744, 0, 0, 0, 0, 1, 0, 0), .Dim = c(5L, 
        2L), .Dimnames = list(c("-2", "-1", "0", "1", "2"), c("A", 
        "G"))), N = 745), Majority = list(Freqs = structure(c(0, 
    0, 818, 0, 0, 0, 0, 1, 0, 0), .Dim = c(5L, 2L), .Dimnames = list(
        c("-2", "-1", "0", "1", "2"), c("A", "G"))), N = 819)), 
    `2` = structure(c(0, 0, 671, 0, 0, 0, 0, 0, 0, 0), .Dim = c(5L, 
    2L), .Dimnames = list(c("-2", "-1", "0", "1", "2"), c("A", 
    "G"))))))
