Results <-
list(`bwa.out//20220204//BlindCMMRD108_S10.sam` = list(IM49_SNP1 = list(
    All = list(Freqs = structure(c(23L, 696L, 15L, 0L, 1L, 29L, 
    899L, 29L, 1L, 2L, 0L, 78L, 0L, 0L, 0L), .Dim = c(5L, 3L), .Dimnames = structure(list(
        c("-1", "0", "1", "2", NA), c("C", "G", NA)), .Names = c("", 
    "")), class = "table"), N = 1773L), Tag.Distribution = structure(c(`1` = 75L, 
    `2` = 29L, `3` = 13L, `4` = 9L, `5` = 11L, `6` = 13L, `7` = 10L, 
    `8` = 9L, `9` = 6L, `10` = 7L, `11` = 9L, `12` = 9L, `13` = 6L, 
    `14` = 8L, `15` = 4L, `16` = 3L, `17` = 4L, `19` = 2L, `20` = 1L, 
    `21` = 1L, `22` = 2L, `23` = 1L, `24` = 3L, `27` = 2L, `28` = 3L, 
    `30` = 1L, `34` = 1L, `38` = 2L, `42` = 1L), .Dim = 29L, .Dimnames = list(
        TagUsage = c("1", "2", "3", "4", "5", "6", "7", "8", 
        "9", "10", "11", "12", "13", "14", "15", "16", "17", 
        "19", "20", "21", "22", "23", "24", "27", "28", "30", 
        "34", "38", "42")), class = "table"), No.Tag = structure(c(1L, 
    25L, 1L, 0L, 0L, 0L, 23L, 1L, 0L, 0L, 0L, 4L, 0L, 0L, 0L), .Dim = c(5L, 
    3L), .Dimnames = structure(list(c("-1", "0", "1", "2", NA
    ), c("C", "G", NA)), .Names = c("", "")), class = "table"), 
    All.Tags = list(Concordant = list(Freqs = structure(c(2, 
    74, 0, 0, 1, 90, 0, 0), .Dim = c(4L, 2L), .Dimnames = list(
        c("-1", "0", "1", "2"), c("C", "G"))), N = 167), Majority = list(
        Freqs = structure(c(2, 102, 0, 0, 1, 121, 0, 0), .Dim = c(4L, 
        2L), .Dimnames = list(c("-1", "0", "1", "2"), c("C", 
        "G"))), N = 226)), `2` = structure(c(0, 72, 0, 0, 0, 
    95, 0, 0), .Dim = c(4L, 2L), .Dimnames = list(c("-1", "0", 
    "1", "2"), c("C", "G"))))))
