Results <-
list(`bwa.out//20220204//BlindCMMRD71_S30.sam` = list(GM26_SNP1 = list(
    All = list(Freqs = structure(c(0L, 2L, 41L, 3618L, 18L, 10L, 
    1L, 1L, 31L, 3804L, 13L, 12L, 0L, 0L, 0L, 13L, 0L, 0L, 0L, 
    0L, 2L, 57L, 0L, 0L), .Dim = c(6L, 4L), .Dimnames = structure(list(
        c("-3", "-2", "-1", "0", "1", NA), c("A", "G", "T", NA
        )), .Names = c("", "")), class = "table"), N = 7623L), 
    Tag.Distribution = structure(c(`1` = 116L, `2` = 32L, `3` = 26L, 
    `4` = 17L, `5` = 17L, `6` = 20L, `7` = 17L, `8` = 23L, `9` = 15L, 
    `10` = 19L, `11` = 20L, `12` = 22L, `13` = 14L, `14` = 18L, 
    `15` = 8L, `16` = 19L, `17` = 13L, `18` = 12L, `19` = 5L, 
    `20` = 12L, `21` = 11L, `22` = 6L, `23` = 14L, `24` = 5L, 
    `25` = 6L, `27` = 6L, `28` = 4L, `29` = 7L, `30` = 7L, `31` = 3L, 
    `32` = 6L, `33` = 2L, `34` = 1L, `35` = 2L, `36` = 2L, `37` = 6L, 
    `38` = 2L, `39` = 1L, `40` = 4L, `41` = 2L, `42` = 4L, `45` = 2L, 
    `46` = 1L, `47` = 1L, `48` = 1L, `49` = 3L, `50` = 2L, `51` = 1L, 
    `52` = 3L, `55` = 1L, `56` = 1L, `58` = 1L, `67` = 1L, `68` = 1L, 
    `71` = 1L, `72` = 1L, `146` = 1L), .Dim = 57L, .Dimnames = list(
        TagUsage = c("1", "2", "3", "4", "5", "6", "7", "8", 
        "9", "10", "11", "12", "13", "14", "15", "16", "17", 
        "18", "19", "20", "21", "22", "23", "24", "25", "27", 
        "28", "29", "30", "31", "32", "33", "34", "35", "36", 
        "37", "38", "39", "40", "41", "42", "45", "46", "47", 
        "48", "49", "50", "51", "52", "55", "56", "58", "67", 
        "68", "71", "72", "146")), class = "table"), No.Tag = structure(c(0L, 
    0L, 0L, 80L, 0L, 3L, 0L, 0L, 0L, 70L, 0L, 0L, 0L, 0L, 0L, 
    0L, 0L, 0L, 0L, 0L, 0L, 3L, 0L, 0L), .Dim = c(6L, 4L), .Dimnames = structure(list(
        c("-3", "-2", "-1", "0", "1", NA), c("A", "G", "T", NA
        )), .Names = c("", "")), class = "table"), All.Tags = list(
        Concordant = list(Freqs = structure(c(0, 0, 1, 219, 1, 
        0, 0, 1, 252, 0, 0, 0, 0, 2, 0), .Dim = c(5L, 3L), .Dimnames = list(
            c("-3", "-2", "-1", "0", "1"), c("A", "G", "T"))), 
            N = 476), Majority = list(Freqs = structure(c(0, 
        0, 1, 257, 1, 0, 0, 1, 300, 0, 0, 0, 0, 2, 0), .Dim = c(5L, 
        3L), .Dimnames = list(c("-3", "-2", "-1", "0", "1"), 
            c("A", "G", "T"))), N = 562)), `2` = structure(c(0, 
    0, 1, 216, 1, 0, 0, 0, 232, 0, 0, 0, 0, 1, 0), .Dim = c(5L, 
    3L), .Dimnames = list(c("-3", "-2", "-1", "0", "1"), c("A", 
    "G", "T"))))))
