Results <-
list(`bwa.out//20220204//Control19_S12.sam` = list(DEPDC2_SNP1 = list(
    All = list(Freqs = structure(c(15L, 1405L, 5L, 3L, 9L, 1479L, 
    18L, 9L, 0L, 48L, 0L, 0L), .Dim = 4:3, .Dimnames = structure(list(
        c("-1", "0", "1", NA), c("C", "T", NA)), .Names = c("", 
    "")), class = "table"), N = 2991L), Tag.Distribution = structure(c(`1` = 145L, 
    `2` = 92L, `3` = 52L, `4` = 50L, `5` = 52L, `6` = 35L, `7` = 24L, 
    `8` = 26L, `9` = 29L, `10` = 19L, `11` = 9L, `12` = 12L, 
    `13` = 9L, `14` = 6L, `15` = 5L, `16` = 2L, `17` = 5L, `18` = 4L, 
    `19` = 5L, `21` = 1L, `23` = 1L, `26` = 1L), .Dim = 22L, .Dimnames = list(
        TagUsage = c("1", "2", "3", "4", "5", "6", "7", "8", 
        "9", "10", "11", "12", "13", "14", "15", "16", "17", 
        "18", "19", "21", "23", "26")), class = "table"), No.Tag = structure(c(0L, 
    62L, 0L, 1L, 1L, 58L, 0L, 1L, 0L, 13L, 0L, 0L), .Dim = 4:3, .Dimnames = structure(list(
        c("-1", "0", "1", NA), c("C", "T", NA)), .Names = c("", 
    "")), class = "table"), All.Tags = list(Concordant = list(
        Freqs = structure(c(2, 242, 0, 0, 275, 1), .Dim = 3:2, .Dimnames = list(
            c("-1", "0", "1"), c("C", "T"))), N = 520), Majority = list(
        Freqs = structure(c(2, 265, 0, 0, 301, 2), .Dim = 3:2, .Dimnames = list(
            c("-1", "0", "1"), c("C", "T"))), N = 570)), `2` = structure(c(1, 
    200, 0, 0, 231, 2), .Dim = 3:2, .Dimnames = list(c("-1", 
    "0", "1"), c("C", "T"))))))
