Results <-
list(`bwa.out//20220204//BlindCMMRD43_S3.sam` = list(IM16_SNP1 = list(
    All = list(Freqs = structure(c(0L, 8L, 0L, 0L, 0L, 70L, 3710L, 
    45L, 1L, 1L, 0L, 34L, 3L, 0L, 0L), .Dim = c(5L, 3L), .Dimnames = structure(list(
        c("-1", "0", "1", "2", NA), c("A", "G", NA)), .Names = c("", 
    "")), class = "table"), N = 3872L), Tag.Distribution = structure(c(`1` = 90L, 
    `2` = 35L, `3` = 27L, `4` = 22L, `5` = 22L, `6` = 17L, `7` = 18L, 
    `8` = 15L, `9` = 12L, `10` = 16L, `11` = 13L, `12` = 8L, 
    `13` = 10L, `14` = 10L, `15` = 15L, `16` = 6L, `17` = 4L, 
    `18` = 5L, `19` = 7L, `20` = 6L, `21` = 2L, `22` = 1L, `23` = 5L, 
    `24` = 9L, `25` = 2L, `26` = 5L, `27` = 5L, `29` = 5L, `30` = 2L, 
    `31` = 4L, `33` = 2L, `35` = 2L, `37` = 3L, `38` = 2L, `39` = 1L, 
    `42` = 1L, `51` = 1L), .Dim = 37L, .Dimnames = list(TagUsage = c("1", 
    "2", "3", "4", "5", "6", "7", "8", "9", "10", "11", "12", 
    "13", "14", "15", "16", "17", "18", "19", "20", "21", "22", 
    "23", "24", "25", "26", "27", "29", "30", "31", "33", "35", 
    "37", "38", "39", "42", "51")), class = "table"), No.Tag = structure(c(0L, 
    0L, 0L, 0L, 0L, 1L, 79L, 0L, 0L, 0L, 0L, 2L, 0L, 0L, 0L), .Dim = c(5L, 
    3L), .Dimnames = structure(list(c("-1", "0", "1", "2", NA
    ), c("A", "G", NA)), .Names = c("", "")), class = "table"), 
    All.Tags = list(Concordant = list(Freqs = structure(c(0, 
    8, 0, 0, 1, 327, 1, 0), .Dim = c(4L, 2L), .Dimnames = list(
        c("-1", "0", "1", "2"), c("A", "G"))), N = 337), Majority = list(
        Freqs = structure(c(0, 8, 0, 0, 2, 396, 1, 0), .Dim = c(4L, 
        2L), .Dimnames = list(c("-1", "0", "1", "2"), c("A", 
        "G"))), N = 407)), `2` = structure(c(0, 0, 0, 0, 2, 317, 
    0, 0), .Dim = c(4L, 2L), .Dimnames = list(c("-1", "0", "1", 
    "2"), c("A", "G"))))))
