Results <-
list(`bwa.out//20220204//BlindCMMRD60_S19.sam` = list(GM17_SNP1 = list(
    All = list(Freqs = structure(c(1L, 17L, 2173L, 7L, 0L, 1L, 
    0L, 39L, 2490L, 5L, 1L, 2L, 0L, 1L, 34L, 1L, 0L, 0L), .Dim = c(6L, 
    3L), .Dimnames = structure(list(c("-2", "-1", "0", "1", "2", 
    NA), c("C", "T", NA)), .Names = c("", "")), class = "table"), 
        N = 4772L), Tag.Distribution = structure(c(`1` = 103L, 
    `2` = 48L, `3` = 44L, `4` = 40L, `5` = 25L, `6` = 24L, `7` = 25L, 
    `8` = 20L, `9` = 23L, `10` = 15L, `11` = 18L, `12` = 14L, 
    `13` = 14L, `14` = 12L, `15` = 5L, `16` = 7L, `17` = 12L, 
    `18` = 6L, `19` = 9L, `20` = 9L, `21` = 6L, `22` = 6L, `23` = 5L, 
    `24` = 7L, `25` = 4L, `26` = 5L, `27` = 5L, `28` = 3L, `29` = 3L, 
    `30` = 4L, `31` = 3L, `32` = 1L, `33` = 2L, `34` = 1L, `35` = 1L, 
    `36` = 3L, `37` = 1L), .Dim = 37L, .Dimnames = list(TagUsage = c("1", 
    "2", "3", "4", "5", "6", "7", "8", "9", "10", "11", "12", 
    "13", "14", "15", "16", "17", "18", "19", "20", "21", "22", 
    "23", "24", "25", "26", "27", "28", "29", "30", "31", "32", 
    "33", "34", "35", "36", "37")), class = "table"), No.Tag = structure(c(0L, 
    0L, 114L, 0L, 0L, 0L, 0L, 0L, 34L, 0L, 0L, 0L, 0L, 0L, 4L, 
    0L, 0L, 0L), .Dim = c(6L, 3L), .Dimnames = structure(list(
        c("-2", "-1", "0", "1", "2", NA), c("C", "T", NA)), .Names = c("", 
    "")), class = "table"), All.Tags = list(Concordant = list(
        Freqs = structure(c(0, 1, 243, 1, 0, 0, 0, 211, 0, 0), .Dim = c(5L, 
        2L), .Dimnames = list(c("-2", "-1", "0", "1", "2"), c("C", 
        "T"))), N = 456), Majority = list(Freqs = structure(c(0, 
    1, 271, 1, 0, 0, 1, 251, 0, 0), .Dim = c(5L, 2L), .Dimnames = list(
        c("-2", "-1", "0", "1", "2"), c("C", "T"))), N = 525)), 
    `2` = structure(c(0, 0, 213, 1, 0, 0, 1, 211, 0, 0), .Dim = c(5L, 
    2L), .Dimnames = list(c("-2", "-1", "0", "1", "2"), c("C", 
    "T"))))))
