Results <-
list(`bwa.out//20220204//BlindCMMRD122_S48.sam` = list(IM49_SNP1 = list(
    All = list(Freqs = structure(c(0L, 37L, 1351L, 23L, 0L, 4L, 
    1L, 41L, 1184L, 22L, 2L, 4L, 0L, 2L, 75L, 1L, 0L, 0L), .Dim = c(6L, 
    3L), .Dimnames = structure(list(c("-2", "-1", "0", "1", "2", 
    NA), c("C", "G", NA)), .Names = c("", "")), class = "table"), 
        N = 2747L), Tag.Distribution = structure(c(`1` = 239L, 
    `2` = 153L, `3` = 92L, `4` = 65L, `5` = 53L, `6` = 43L, `7` = 22L, 
    `8` = 22L, `9` = 13L, `10` = 9L, `11` = 9L, `12` = 5L, `13` = 11L, 
    `14` = 6L, `15` = 1L, `16` = 3L, `17` = 1L, `19` = 1L, `20` = 1L, 
    `26` = 1L), .Dim = 20L, .Dimnames = list(TagUsage = c("1", 
    "2", "3", "4", "5", "6", "7", "8", "9", "10", "11", "12", 
    "13", "14", "15", "16", "17", "19", "20", "26")), class = "table"), 
    No.Tag = structure(c(0L, 1L, 33L, 0L, 0L, 0L, 0L, 0L, 34L, 
    0L, 0L, 2L, 0L, 0L, 4L, 1L, 0L, 0L), .Dim = c(6L, 3L), .Dimnames = structure(list(
        c("-2", "-1", "0", "1", "2", NA), c("C", "G", NA)), .Names = c("", 
    "")), class = "table"), All.Tags = list(Concordant = list(
        Freqs = structure(c(0, 4, 318, 3, 0, 0, 4, 271, 2, 0), .Dim = c(5L, 
        2L), .Dimnames = list(c("-2", "-1", "0", "1", "2"), c("C", 
        "G"))), N = 602), Majority = list(Freqs = structure(c(0, 
    5, 370, 3, 0, 0, 4, 321, 2, 0), .Dim = c(5L, 2L), .Dimnames = list(
        c("-2", "-1", "0", "1", "2"), c("C", "G"))), N = 705)), 
    `2` = structure(c(0, 1, 261, 0, 0, 0, 0, 222, 0, 0), .Dim = c(5L, 
    2L), .Dimnames = list(c("-2", "-1", "0", "1", "2"), c("C", 
    "G"))))))
