Results <-
list(`bwa.out//20220204//MLPA101_S15.sam` = list(GM07_SNP1 = list(
    All = list(Freqs = structure(c(2L, 130L, 3135L, 107L, 63L, 
    0L, 3L, 31L, 1L, 0L), .Dim = c(5L, 2L), .Dimnames = structure(list(
        c("-2", "-1", "0", "1", NA), c("G", NA)), .Names = c("", 
    "")), class = "table"), N = 3472L), Tag.Distribution = structure(c(`1` = 119L, 
    `2` = 49L, `3` = 37L, `4` = 37L, `5` = 31L, `6` = 23L, `7` = 21L, 
    `8` = 21L, `9` = 16L, `10` = 22L, `11` = 12L, `12` = 13L, 
    `13` = 14L, `14` = 11L, `15` = 11L, `16` = 5L, `17` = 5L, 
    `18` = 6L, `19` = 6L, `20` = 2L, `21` = 4L, `22` = 6L, `23` = 3L, 
    `24` = 1L, `25` = 3L, `26` = 2L, `28` = 2L, `29` = 1L, `31` = 2L, 
    `32` = 1L), .Dim = 30L, .Dimnames = list(TagUsage = c("1", 
    "2", "3", "4", "5", "6", "7", "8", "9", "10", "11", "12", 
    "13", "14", "15", "16", "17", "18", "19", "20", "21", "22", 
    "23", "24", "25", "26", "28", "29", "31", "32")), class = "table"), 
    No.Tag = structure(c(0L, 9L, 164L, 6L, 9L, 0L, 1L, 4L, 0L, 
    0L), .Dim = c(5L, 2L), .Dimnames = structure(list(c("-2", 
    "-1", "0", "1", NA), c("G", NA)), .Names = c("", "")), class = "table"), 
    All.Tags = list(Concordant = list(Freqs = structure(c(0, 
    5, 333, 4), .Dim = c(4L, 1L), .Dimnames = list(c("-2", "-1", 
    "0", "1"), "G")), N = 342), Majority = list(Freqs = structure(c(0, 
    5, 458, 6), .Dim = c(4L, 1L), .Dimnames = list(c("-2", "-1", 
    "0", "1"), "G")), N = 469)), `2` = structure(c(0, 2, 353, 
    4), .Dim = c(4L, 1L), .Dimnames = list(c("-2", "-1", "0", 
    "1"), "G")))))
