Results <-
list(`bwa.out//20220204//17D0944_S7.sam` = list(GM11_SNP1 = list(
    All = list(Freqs = structure(c(22L, 4000L, 10L, 1L, 3L, 0L, 
    1L, 0L, 0L, 0L, 0L, 36L, 0L, 0L, 0L), .Dim = c(5L, 3L), .Dimnames = structure(list(
        c("-1", "0", "1", "2", NA), c("A", "G", NA)), .Names = c("", 
    "")), class = "table"), N = 4073L), Tag.Distribution = structure(c(`1` = 95L, 
    `2` = 47L, `3` = 46L, `4` = 42L, `5` = 33L, `6` = 29L, `7` = 22L, 
    `8` = 17L, `9` = 12L, `10` = 25L, `11` = 12L, `12` = 11L, 
    `13` = 10L, `14` = 10L, `15` = 12L, `16` = 5L, `17` = 6L, 
    `18` = 2L, `19` = 8L, `20` = 5L, `21` = 8L, `22` = 4L, `23` = 5L, 
    `24` = 3L, `25` = 3L, `26` = 7L, `28` = 2L, `29` = 3L, `30` = 3L, 
    `31` = 3L, `32` = 1L, `33` = 3L, `34` = 2L, `37` = 2L, `44` = 1L
    ), .Dim = 35L, .Dimnames = list(TagUsage = c("1", "2", "3", 
    "4", "5", "6", "7", "8", "9", "10", "11", "12", "13", "14", 
    "15", "16", "17", "18", "19", "20", "21", "22", "23", "24", 
    "25", "26", "28", "29", "30", "31", "32", "33", "34", "37", 
    "44")), class = "table"), No.Tag = structure(c(0L, 61L, 1L, 
    0L, 0L, 0L, 0L, 0L, 0L, 0L, 0L, 2L, 0L, 0L, 0L), .Dim = c(5L, 
    3L), .Dimnames = structure(list(c("-1", "0", "1", "2", NA
    ), c("A", "G", NA)), .Names = c("", "")), class = "table"), 
    All.Tags = list(Concordant = list(Freqs = structure(c(2, 
    475, 0, 0, 0, 1, 0, 0), .Dim = c(4L, 2L), .Dimnames = list(
        c("-1", "0", "1", "2"), c("A", "G"))), N = 478), Majority = list(
        Freqs = structure(c(2, 494, 0, 0, 0, 1, 0, 0), .Dim = c(4L, 
        2L), .Dimnames = list(c("-1", "0", "1", "2"), c("A", 
        "G"))), N = 497)), `2` = structure(c(1, 403, 0, 0, 0, 
    0, 0, 0), .Dim = c(4L, 2L), .Dimnames = list(c("-1", "0", 
    "1", "2"), c("A", "G"))))))
