Results <-
list(`bwa.out//20220204//BlindCMMRD98_S57.sam` = list(GM01_SNP1 = list(
    All = list(Freqs = structure(c(0L, 0L, 2L, 0L, 0L, 1L, 126L, 
    9767L, 34L, 15L, 0L, 0L, 5L, 0L, 0L, 0L, 0L, 2L, 0L, 0L, 
    0L, 1L, 95L, 1L, 0L), .Dim = c(5L, 5L), .Dimnames = structure(list(
        c("-2", "-1", "0", "1", NA), c("-", "A", "G", "T", NA
        )), .Names = c("", "")), class = "table"), N = 10049L), 
    Tag.Distribution = structure(c(`1` = 132L, `2` = 77L, `3` = 62L, 
    `4` = 48L, `5` = 53L, `6` = 49L, `7` = 43L, `8` = 31L, `9` = 27L, 
    `10` = 22L, `11` = 24L, `12` = 21L, `13` = 20L, `14` = 17L, 
    `15` = 19L, `16` = 21L, `17` = 13L, `18` = 19L, `19` = 16L, 
    `20` = 16L, `21` = 10L, `22` = 13L, `23` = 13L, `24` = 5L, 
    `25` = 12L, `26` = 13L, `27` = 10L, `28` = 7L, `29` = 5L, 
    `30` = 9L, `31` = 9L, `32` = 6L, `33` = 3L, `34` = 6L, `35` = 10L, 
    `36` = 2L, `37` = 2L, `38` = 2L, `39` = 3L, `40` = 5L, `41` = 1L, 
    `42` = 1L, `45` = 3L, `46` = 1L, `47` = 1L, `55` = 1L, `57` = 1L, 
    `62` = 1L, `69` = 1L, `70` = 1L, `91` = 1L), .Dim = 51L, .Dimnames = list(
        TagUsage = c("1", "2", "3", "4", "5", "6", "7", "8", 
        "9", "10", "11", "12", "13", "14", "15", "16", "17", 
        "18", "19", "20", "21", "22", "23", "24", "25", "26", 
        "27", "28", "29", "30", "31", "32", "33", "34", "35", 
        "36", "37", "38", "39", "40", "41", "42", "45", "46", 
        "47", "55", "57", "62", "69", "70", "91")), class = "table"), 
    No.Tag = structure(c(0L, 0L, 0L, 0L, 0L, 0L, 2L, 177L, 1L, 
    0L, 0L, 0L, 0L, 0L, 0L, 0L, 0L, 0L, 0L, 0L, 0L, 0L, 0L, 0L, 
    0L), .Dim = c(5L, 5L), .Dimnames = structure(list(c("-2", 
    "-1", "0", "1", NA), c("-", "A", "G", "T", NA)), .Names = c("", 
    "")), class = "table"), All.Tags = list(Concordant = list(
        Freqs = structure(c(0, 0, 0, 0, 0, 2, 746, 0, 0, 0, 5, 
        0, 0, 0, 0, 0), .Dim = c(4L, 4L), .Dimnames = list(c("-2", 
        "-1", "0", "1"), c("-", "A", "G", "T"))), N = 753), Majority = list(
        Freqs = structure(c(0, 0, 0, 0, 0, 2, 874, 0, 0, 0, 5, 
        0, 0, 0, 0, 0), .Dim = c(4L, 4L), .Dimnames = list(c("-2", 
        "-1", "0", "1"), c("-", "A", "G", "T"))), N = 881)), 
    `2` = structure(c(0, 0, 0, 0, 0, 0, 754, 0, 0, 0, 0, 0, 0, 
    0, 0, 0), .Dim = c(4L, 4L), .Dimnames = list(c("-2", "-1", 
    "0", "1"), c("-", "A", "G", "T"))))))
