Results <-
list(`bwa.out//20220204//BlindCMMRD114_S40.sam` = list(GM09_SNP1 = list(
    All = list(Freqs = structure(c(19L, 3679L, 4L, 0L, 21L, 3296L, 
    1L, 1L, 0L, 2L, 0L, 0L, 0L, 27L, 0L, 0L), .Dim = c(4L, 4L
    ), .Dimnames = structure(list(c("-1", "0", "1", NA), c("A", 
    "G", "T", NA)), .Names = c("", "")), class = "table"), N = 7050L), 
    Tag.Distribution = structure(c(`1` = 103L, `2` = 86L, `3` = 82L, 
    `4` = 85L, `5` = 89L, `6` = 87L, `7` = 84L, `8` = 66L, `9` = 45L, 
    `10` = 42L, `11` = 32L, `12` = 29L, `13` = 26L, `14` = 21L, 
    `15` = 18L, `16` = 17L, `17` = 17L, `18` = 6L, `19` = 7L, 
    `20` = 6L, `21` = 8L, `22` = 1L, `23` = 2L, `24` = 4L, `25` = 1L, 
    `26` = 2L, `27` = 3L, `28` = 1L, `32` = 1L, `33` = 1L, `35` = 1L, 
    `38` = 1L), .Dim = 32L, .Dimnames = list(TagUsage = c("1", 
    "2", "3", "4", "5", "6", "7", "8", "9", "10", "11", "12", 
    "13", "14", "15", "16", "17", "18", "19", "20", "21", "22", 
    "23", "24", "25", "26", "27", "28", "32", "33", "35", "38"
    )), class = "table"), No.Tag = structure(c(0L, 33L, 0L, 0L, 
    0L, 64L, 0L, 1L, 0L, 0L, 0L, 0L, 0L, 3L, 0L, 0L), .Dim = c(4L, 
    4L), .Dimnames = structure(list(c("-1", "0", "1", NA), c("A", 
    "G", "T", NA)), .Names = c("", "")), class = "table"), All.Tags = list(
        Concordant = list(Freqs = structure(c(1, 446, 0, 0, 379, 
        0, 0, 0, 0), .Dim = c(3L, 3L), .Dimnames = list(c("-1", 
        "0", "1"), c("A", "G", "T"))), N = 826), Majority = list(
            Freqs = structure(c(1, 517, 0, 0, 446, 0, 0, 0, 0
            ), .Dim = c(3L, 3L), .Dimnames = list(c("-1", "0", 
            "1"), c("A", "G", "T"))), N = 964)), `2` = structure(c(0, 
    460, 0, 0, 402, 0, 0, 0, 0), .Dim = c(3L, 3L), .Dimnames = list(
        c("-1", "0", "1"), c("A", "G", "T"))))))
