Results <-
list(`bwa.out//20220204//Control28_S21.sam` = list(GM14_SNP1 = list(
    All = list(Freqs = structure(c(3L, 26L, 895L, 6L, 2L, 1L, 
    11L, 809L, 1L, 0L, 0L, 0L, 28L, 0L, 0L), .Dim = c(5L, 3L), .Dimnames = structure(list(
        c("-2", "-1", "0", "1", NA), c("C", "T", NA)), .Names = c("", 
    "")), class = "table"), N = 1782L), Tag.Distribution = structure(c(`1` = 58L, 
    `2` = 37L, `3` = 17L, `4` = 13L, `5` = 14L, `6` = 22L, `7` = 13L, 
    `8` = 14L, `9` = 16L, `10` = 13L, `11` = 8L, `12` = 5L, `13` = 6L, 
    `14` = 7L, `15` = 3L, `16` = 3L, `17` = 2L, `18` = 2L, `19` = 2L, 
    `20` = 5L, `21` = 2L, `22` = 2L, `23` = 1L, `26` = 1L, `27` = 1L
    ), .Dim = 25L, .Dimnames = list(TagUsage = c("1", "2", "3", 
    "4", "5", "6", "7", "8", "9", "10", "11", "12", "13", "14", 
    "15", "16", "17", "18", "19", "20", "21", "22", "23", "26", 
    "27")), class = "table"), No.Tag = structure(c(0L, 3L, 37L, 
    0L, 0L, 0L, 0L, 34L, 0L, 0L, 0L, 0L, 7L, 0L, 0L), .Dim = c(5L, 
    3L), .Dimnames = structure(list(c("-2", "-1", "0", "1", NA
    ), c("C", "T", NA)), .Names = c("", "")), class = "table"), 
    All.Tags = list(Concordant = list(Freqs = structure(c(1, 
    3, 119, 0, 0, 0, 111, 0), .Dim = c(4L, 2L), .Dimnames = list(
        c("-2", "-1", "0", "1"), c("C", "T"))), N = 234), Majority = list(
        Freqs = structure(c(1, 3, 139, 0, 0, 0, 123, 0), .Dim = c(4L, 
        2L), .Dimnames = list(c("-2", "-1", "0", "1"), c("C", 
        "T"))), N = 266)), `2` = structure(c(0, 0, 109, 0, 0, 
    0, 99, 0), .Dim = c(4L, 2L), .Dimnames = list(c("-2", "-1", 
    "0", "1"), c("C", "T"))))))
