Results <-
list(`bwa.out//20220204//BlindCMMRD74_S33.sam` = list(GM07_SNP1 = list(
    All = list(Freqs = structure(c(0L, 0L, 1L, 0L, 0L, 0L, 2L, 
    91L, 1837L, 38L, 1L, 23L, 1L, 46L, 1369L, 44L, 1L, 17L, 0L, 
    0L, 44L, 1L, 0L, 0L), .Dim = c(6L, 4L), .Dimnames = structure(list(
        c("-2", "-1", "0", "1", "2", NA), c("-", "A", "G", NA
        )), .Names = c("", "")), class = "table"), N = 3516L), 
    Tag.Distribution = structure(c(`1` = 95L, `2` = 48L, `3` = 46L, 
    `4` = 43L, `5` = 37L, `6` = 32L, `7` = 23L, `8` = 25L, `9` = 20L, 
    `10` = 21L, `11` = 8L, `12` = 13L, `13` = 10L, `14` = 14L, 
    `15` = 11L, `16` = 7L, `17` = 7L, `18` = 6L, `19` = 4L, `20` = 5L, 
    `21` = 2L, `22` = 3L, `23` = 1L, `24` = 2L, `25` = 2L, `26` = 2L, 
    `27` = 2L, `28` = 2L, `29` = 1L, `35` = 1L), .Dim = 30L, .Dimnames = list(
        TagUsage = c("1", "2", "3", "4", "5", "6", "7", "8", 
        "9", "10", "11", "12", "13", "14", "15", "16", "17", 
        "18", "19", "20", "21", "22", "23", "24", "25", "26", 
        "27", "28", "29", "35")), class = "table"), No.Tag = structure(c(0L, 
    0L, 0L, 0L, 0L, 0L, 0L, 4L, 93L, 1L, 0L, 5L, 0L, 3L, 62L, 
    3L, 0L, 2L, 0L, 0L, 9L, 0L, 0L, 0L), .Dim = c(6L, 4L), .Dimnames = structure(list(
        c("-2", "-1", "0", "1", "2", NA), c("-", "A", "G", NA
        )), .Names = c("", "")), class = "table"), All.Tags = list(
        Concordant = list(Freqs = structure(c(0, 0, 0, 0, 0, 
        0, 1, 168, 0, 0, 0, 0, 158, 0, 0), .Dim = c(5L, 3L), .Dimnames = list(
            c("-2", "-1", "0", "1", "2"), c("-", "A", "G"))), 
            N = 327), Majority = list(Freqs = structure(c(0, 
        0, 0, 0, 0, 0, 1, 254, 0, 0, 0, 0, 219, 3, 0), .Dim = c(5L, 
        3L), .Dimnames = list(c("-2", "-1", "0", "1", "2"), c("-", 
        "A", "G"))), N = 477)), `2` = structure(c(0, 0, 0, 0, 
    0, 0, 0, 209, 0, 0, 0, 0, 176, 3, 0), .Dim = c(5L, 3L), .Dimnames = list(
        c("-2", "-1", "0", "1", "2"), c("-", "A", "G"))))))
