Results <-
list(`bwa.out//20220204//BlindCMMRD69_S28.sam` = list(LR52_SNP1 = list(
    All = list(Freqs = structure(c(0L, 10L, 120L, 1028L, 3L, 
    1L, 16L, 3L, 10L, 97L, 1329L, 11L, 0L, 8L, 0L, 0L, 19L, 422L, 
    6L, 0L, 0L), .Dim = c(7L, 3L), .Dimnames = structure(list(
        c("-3", "-2", "-1", "0", "1", "2", NA), c("C", "T", NA
        )), .Names = c("", "")), class = "table"), N = 3083L), 
    Tag.Distribution = structure(c(`1` = 77L, `2` = 39L, `3` = 36L, 
    `4` = 34L, `5` = 25L, `6` = 30L, `7` = 27L, `8` = 24L, `9` = 25L, 
    `10` = 20L, `11` = 16L, `12` = 11L, `13` = 20L, `14` = 9L, 
    `15` = 9L, `16` = 6L, `17` = 4L, `19` = 2L, `20` = 2L, `21` = 7L, 
    `22` = 5L, `23` = 3L, `24` = 1L, `27` = 2L, `35` = 1L, `36` = 1L
    ), .Dim = 26L, .Dimnames = list(TagUsage = c("1", "2", "3", 
    "4", "5", "6", "7", "8", "9", "10", "11", "12", "13", "14", 
    "15", "16", "17", "19", "20", "21", "22", "23", "24", "27", 
    "35", "36")), class = "table"), No.Tag = structure(c(0L, 
    0L, 1L, 2L, 0L, 0L, 0L, 0L, 0L, 1L, 18L, 0L, 0L, 0L, 0L, 
    0L, 0L, 5L, 0L, 0L, 0L), .Dim = c(7L, 3L), .Dimnames = structure(list(
        c("-3", "-2", "-1", "0", "1", "2", NA), c("C", "T", NA
        )), .Names = c("", "")), class = "table"), All.Tags = list(
        Concordant = list(Freqs = structure(c(0, 2, 5, 131, 2, 
        0, 0, 0, 2, 125, 2, 0), .Dim = c(6L, 2L), .Dimnames = list(
            c("-3", "-2", "-1", "0", "1", "2"), c("C", "T"))), 
            N = 269), Majority = list(Freqs = structure(c(0, 
        2, 8, 201, 2, 0, 0, 0, 2, 195, 2, 0), .Dim = c(6L, 2L
        ), .Dimnames = list(c("-3", "-2", "-1", "0", "1", "2"
        ), c("C", "T"))), N = 412)), `2` = structure(c(0, 0, 
    4, 180, 0, 0, 0, 0, 1, 163, 0, 0), .Dim = c(6L, 2L), .Dimnames = list(
        c("-3", "-2", "-1", "0", "1", "2"), c("C", "T"))))))
