Results <-
list(`bwa.out//20220204//BlindCMMRD119_S45.sam` = list(LR24_SNP1 = list(
    All = list(Freqs = structure(c(15L, 2526L, 7L, 15L, 12L, 
    2406L, 3L, 5L, 1L, 11L, 1L, 0L), .Dim = 4:3, .Dimnames = structure(list(
        c("-1", "0", "1", NA), c("A", "G", NA)), .Names = c("", 
    "")), class = "table"), N = 5002L), Tag.Distribution = structure(c(`1` = 481L, 
    `2` = 285L, `3` = 215L, `4` = 122L, `5` = 98L, `6` = 71L, 
    `7` = 59L, `8` = 38L, `9` = 36L, `10` = 15L, `11` = 16L, 
    `12` = 8L, `13` = 4L, `14` = 4L, `15` = 2L, `16` = 5L, `17` = 2L, 
    `18` = 2L, `21` = 1L, `23` = 2L), .Dim = 20L, .Dimnames = list(
        TagUsage = c("1", "2", "3", "4", "5", "6", "7", "8", 
        "9", "10", "11", "12", "13", "14", "15", "16", "17", 
        "18", "21", "23")), class = "table"), No.Tag = structure(c(1L, 
    45L, 0L, 0L, 1L, 37L, 0L, 0L, 0L, 0L, 0L, 0L), .Dim = 4:3, .Dimnames = structure(list(
        c("-1", "0", "1", NA), c("A", "G", NA)), .Names = c("", 
    "")), class = "table"), All.Tags = list(Concordant = list(
        Freqs = structure(c(3, 618, 1, 1, 607, 0), .Dim = 3:2, .Dimnames = list(
            c("-1", "0", "1"), c("A", "G"))), N = 1230), Majority = list(
        Freqs = structure(c(3, 711, 1, 1, 698, 0), .Dim = 3:2, .Dimnames = list(
            c("-1", "0", "1"), c("A", "G"))), N = 1414)), `2` = structure(c(0, 
    474, 0, 0, 459, 0), .Dim = 3:2, .Dimnames = list(c("-1", 
    "0", "1"), c("A", "G"))))))
