Results <-
list(`bwa.out//20220204//BlindCMMRD75_S34.sam` = list(IM16_SNP1 = list(
    All = list(Freqs = structure(c(19L, 2410L, 32L, 0L, 44L, 
    2714L, 26L, 2L, 1L, 58L, 3L, 0L), .Dim = 4:3, .Dimnames = structure(list(
        c("-1", "0", "1", NA), c("A", "G", NA)), .Names = c("", 
    "")), class = "table"), N = 5309L), Tag.Distribution = structure(c(`1` = 110L, 
    `2` = 54L, `3` = 40L, `4` = 54L, `5` = 47L, `6` = 31L, `7` = 42L, 
    `8` = 25L, `9` = 30L, `10` = 14L, `11` = 25L, `12` = 20L, 
    `13` = 15L, `14` = 14L, `15` = 9L, `16` = 12L, `17` = 4L, 
    `18` = 9L, `19` = 7L, `20` = 8L, `21` = 9L, `22` = 9L, `23` = 4L, 
    `24` = 1L, `25` = 4L, `26` = 2L, `27` = 2L, `29` = 7L, `30` = 1L, 
    `31` = 1L, `32` = 1L, `33` = 1L, `34` = 1L, `36` = 1L, `37` = 1L, 
    `38` = 1L, `39` = 1L, `41` = 1L, `42` = 1L, `44` = 1L, `48` = 1L, 
    `54` = 1L, `67` = 1L), .Dim = 43L, .Dimnames = list(TagUsage = c("1", 
    "2", "3", "4", "5", "6", "7", "8", "9", "10", "11", "12", 
    "13", "14", "15", "16", "17", "18", "19", "20", "21", "22", 
    "23", "24", "25", "26", "27", "29", "30", "31", "32", "33", 
    "34", "36", "37", "38", "39", "41", "42", "44", "48", "54", 
    "67")), class = "table"), No.Tag = structure(c(0L, 43L, 5L, 
    0L, 0L, 90L, 1L, 1L, 1L, 14L, 1L, 0L), .Dim = 4:3, .Dimnames = structure(list(
        c("-1", "0", "1", NA), c("A", "G", NA)), .Names = c("", 
    "")), class = "table"), All.Tags = list(Concordant = list(
        Freqs = structure(c(1, 241, 0, 0, 269, 1), .Dim = 3:2, .Dimnames = list(
            c("-1", "0", "1"), c("A", "G"))), N = 512), Majority = list(
        Freqs = structure(c(1, 282, 0, 1, 327, 1), .Dim = 3:2, .Dimnames = list(
            c("-1", "0", "1"), c("A", "G"))), N = 612)), `2` = structure(c(0, 
    237, 0, 1, 272, 0), .Dim = 3:2, .Dimnames = list(c("-1", 
    "0", "1"), c("A", "G"))))))
