Results <-
list(`bwa.out//20220204//BlindCMMRD72_S31.sam` = list(LR10_SNP1 = list(
    All = list(Freqs = structure(c(1L, 76L, 3941L, 36L, 3L, 0L, 
    0L, 3L, 0L, 0L, 0L, 1L, 25L, 0L, 0L), .Dim = c(5L, 3L), .Dimnames = structure(list(
        c("-2", "-1", "0", "1", NA), c("C", "T", NA)), .Names = c("", 
    "")), class = "table"), N = 4086L), Tag.Distribution = structure(c(`1` = 83L, 
    `2` = 47L, `3` = 56L, `4` = 53L, `5` = 37L, `6` = 33L, `7` = 39L, 
    `8` = 27L, `9` = 23L, `10` = 24L, `11` = 16L, `12` = 10L, 
    `13` = 14L, `14` = 12L, `15` = 6L, `16` = 8L, `17` = 7L, 
    `18` = 7L, `19` = 6L, `20` = 6L, `21` = 4L, `23` = 2L, `24` = 4L, 
    `25` = 2L, `26` = 2L, `28` = 3L, `29` = 2L, `30` = 1L, `31` = 1L, 
    `36` = 1L, `37` = 1L, `40` = 1L), .Dim = 32L, .Dimnames = list(
        TagUsage = c("1", "2", "3", "4", "5", "6", "7", "8", 
        "9", "10", "11", "12", "13", "14", "15", "16", "17", 
        "18", "19", "20", "21", "23", "24", "25", "26", "28", 
        "29", "30", "31", "36", "37", "40")), class = "table"), 
    No.Tag = structure(c(0L, 4L, 212L, 4L, 0L, 0L, 0L, 0L, 0L, 
    0L, 0L, 0L, 3L, 0L, 0L), .Dim = c(5L, 3L), .Dimnames = structure(list(
        c("-2", "-1", "0", "1", NA), c("C", "T", NA)), .Names = c("", 
    "")), class = "table"), All.Tags = list(Concordant = list(
        Freqs = structure(c(0, 3, 448, 0, 0, 0, 2, 0), .Dim = c(4L, 
        2L), .Dimnames = list(c("-2", "-1", "0", "1"), c("C", 
        "T"))), N = 453), Majority = list(Freqs = structure(c(0, 
    3, 523, 1, 0, 0, 2, 0), .Dim = c(4L, 2L), .Dimnames = list(
        c("-2", "-1", "0", "1"), c("C", "T"))), N = 529)), `2` = structure(c(0, 
    0, 447, 1, 0, 0, 0, 0), .Dim = c(4L, 2L), .Dimnames = list(
        c("-2", "-1", "0", "1"), c("C", "T"))))))
