Results <-
list(`bwa.out//20220204//MLPA101_S15.sam` = list(LR44_SNP1 = list(
    All = list(Freqs = structure(c(5L, 94L, 1567L, 21L, 0L, 7L, 
    5L, 119L, 1747L, 35L, 2L, 15L, 0L, 4L, 73L, 2L, 0L, 0L), .Dim = c(6L, 
    3L), .Dimnames = structure(list(c("-2", "-1", "0", "1", "2", 
    NA), c("C", "T", NA)), .Names = c("", "")), class = "table"), 
        N = 3696L), Tag.Distribution = structure(c(`1` = 134L, 
    `2` = 63L, `3` = 59L, `4` = 54L, `5` = 35L, `6` = 32L, `7` = 21L, 
    `8` = 33L, `9` = 21L, `10` = 13L, `11` = 16L, `12` = 14L, 
    `13` = 13L, `14` = 8L, `15` = 9L, `16` = 7L, `17` = 5L, `18` = 5L, 
    `19` = 8L, `20` = 2L, `21` = 2L, `22` = 2L, `23` = 4L, `25` = 5L, 
    `26` = 2L, `27` = 3L, `28` = 2L, `30` = 1L, `32` = 1L, `33` = 1L
    ), .Dim = 30L, .Dimnames = list(TagUsage = c("1", "2", "3", 
    "4", "5", "6", "7", "8", "9", "10", "11", "12", "13", "14", 
    "15", "16", "17", "18", "19", "20", "21", "22", "23", "25", 
    "26", "27", "28", "30", "32", "33")), class = "table"), No.Tag = structure(c(1L, 
    2L, 57L, 1L, 0L, 1L, 0L, 4L, 42L, 0L, 0L, 2L, 0L, 2L, 8L, 
    0L, 0L, 0L), .Dim = c(6L, 3L), .Dimnames = structure(list(
        c("-2", "-1", "0", "1", "2", NA), c("C", "T", NA)), .Names = c("", 
    "")), class = "table"), All.Tags = list(Concordant = list(
        Freqs = structure(c(0, 5, 186, 1, 0, 0, 8, 189, 1, 0), .Dim = c(5L, 
        2L), .Dimnames = list(c("-2", "-1", "0", "1", "2"), c("C", 
        "T"))), N = 390), Majority = list(Freqs = structure(c(0, 
    6, 259, 2, 0, 0, 11, 274, 2, 0), .Dim = c(5L, 2L), .Dimnames = list(
        c("-2", "-1", "0", "1", "2"), c("C", "T"))), N = 554)), 
    `2` = structure(c(0, 1, 196, 1, 0, 0, 3, 224, 2, 0), .Dim = c(5L, 
    2L), .Dimnames = list(c("-2", "-1", "0", "1", "2"), c("C", 
    "T"))))))
