Results <-
list(`bwa.out//20220204//BlindCMMRD86_S45.sam` = list(GM26_SNP1 = list(
    All = list(Freqs = structure(c(18L, 3340L, 21L, 5L, 0L, 2L, 
    0L, 0L, 0L, 27L, 0L, 0L), .Dim = 4:3, .Dimnames = structure(list(
        c("-1", "0", "1", NA), c("A", "G", NA)), .Names = c("", 
    "")), class = "table"), N = 3413L), Tag.Distribution = structure(c(`1` = 141L, 
    `2` = 109L, `3` = 82L, `4` = 59L, `5` = 50L, `6` = 42L, `7` = 26L, 
    `8` = 29L, `9` = 24L, `10` = 18L, `11` = 18L, `12` = 10L, 
    `13` = 10L, `14` = 7L, `15` = 12L, `16` = 4L, `17` = 6L, 
    `18` = 3L, `20` = 2L, `21` = 4L, `22` = 1L, `23` = 1L, `24` = 1L, 
    `26` = 1L, `31` = 1L), .Dim = 25L, .Dimnames = list(TagUsage = c("1", 
    "2", "3", "4", "5", "6", "7", "8", "9", "10", "11", "12", 
    "13", "14", "15", "16", "17", "18", "20", "21", "22", "23", 
    "24", "26", "31")), class = "table"), No.Tag = structure(c(0L, 
    62L, 0L, 2L, 0L, 0L, 0L, 0L, 0L, 0L, 0L, 0L), .Dim = 4:3, .Dimnames = structure(list(
        c("-1", "0", "1", NA), c("A", "G", NA)), .Names = c("", 
    "")), class = "table"), All.Tags = list(Concordant = list(
        Freqs = structure(c(0, 619, 0, 0, 2, 0), .Dim = 3:2, .Dimnames = list(
            c("-1", "0", "1"), c("A", "G"))), N = 621), Majority = list(
        Freqs = structure(c(0, 647, 0, 0, 2, 0), .Dim = 3:2, .Dimnames = list(
            c("-1", "0", "1"), c("A", "G"))), N = 649)), `2` = structure(c(0, 
    514, 0, 0, 0, 0), .Dim = 3:2, .Dimnames = list(c("-1", "0", 
    "1"), c("A", "G"))))))
