Results <-
list(`bwa.out//20220204//BlindCMMRD43_S3.sam` = list(LR24_SNP1 = list(
    All = list(Freqs = structure(c(0L, 7L, 0L, 0L, 38L, 3290L, 
    12L, 4L, 0L, 15L, 1L, 0L), .Dim = 4:3, .Dimnames = structure(list(
        c("-1", "0", "1", NA), c("A", "G", NA)), .Names = c("", 
    "")), class = "table"), N = 3367L), Tag.Distribution = structure(c(`1` = 134L, 
    `2` = 77L, `3` = 49L, `4` = 53L, `5` = 43L, `6` = 36L, `7` = 31L, 
    `8` = 24L, `9` = 21L, `10` = 21L, `11` = 15L, `12` = 19L, 
    `13` = 6L, `14` = 10L, `15` = 9L, `16` = 3L, `17` = 2L, `18` = 4L, 
    `19` = 1L, `20` = 3L, `21` = 1L, `23` = 2L, `26` = 1L, `28` = 1L, 
    `29` = 3L, `32` = 1L, `33` = 1L, `39` = 1L, `40` = 1L, `47` = 1L
    ), .Dim = 30L, .Dimnames = list(TagUsage = c("1", "2", "3", 
    "4", "5", "6", "7", "8", "9", "10", "11", "12", "13", "14", 
    "15", "16", "17", "18", "19", "20", "21", "23", "26", "28", 
    "29", "32", "33", "39", "40", "47")), class = "table"), No.Tag = structure(c(0L, 
    1L, 0L, 0L, 1L, 100L, 0L, 1L, 0L, 0L, 0L, 0L), .Dim = 4:3, .Dimnames = structure(list(
        c("-1", "0", "1", NA), c("A", "G", NA)), .Names = c("", 
    "")), class = "table"), All.Tags = list(Concordant = list(
        Freqs = structure(c(0, 5, 0, 6, 532, 0), .Dim = 3:2, .Dimnames = list(
            c("-1", "0", "1"), c("A", "G"))), N = 543), Majority = list(
        Freqs = structure(c(0, 5, 0, 6, 559, 0), .Dim = 3:2, .Dimnames = list(
            c("-1", "0", "1"), c("A", "G"))), N = 570)), `2` = structure(c(0, 
    0, 0, 2, 437, 0), .Dim = 3:2, .Dimnames = list(c("-1", "0", 
    "1"), c("A", "G"))))))
