Results <-
list(`bwa.out//20220204//BlindCMMRD94_S53.sam` = list(LR49_SNP1 = list(
    All = list(Freqs = structure(c(0L, 7L, 0L, 0L, 15L, 3672L, 
    1L, 3L, 0L, 18L, 0L, 0L), .Dim = 4:3, .Dimnames = structure(list(
        c("-1", "0", "1", NA), c("A", "G", NA)), .Names = c("", 
    "")), class = "table"), N = 3716L), Tag.Distribution = structure(c(`1` = 110L, 
    `2` = 54L, `3` = 58L, `4` = 51L, `5` = 39L, `6` = 36L, `7` = 28L, 
    `8` = 21L, `9` = 28L, `10` = 18L, `11` = 19L, `12` = 13L, 
    `13` = 6L, `14` = 12L, `15` = 11L, `16` = 2L, `17` = 6L, 
    `18` = 3L, `19` = 6L, `20` = 6L, `21` = 5L, `22` = 7L, `23` = 2L, 
    `24` = 3L, `26` = 1L, `27` = 2L, `30` = 1L, `32` = 1L, `33` = 2L, 
    `34` = 1L), .Dim = 30L, .Dimnames = list(TagUsage = c("1", 
    "2", "3", "4", "5", "6", "7", "8", "9", "10", "11", "12", 
    "13", "14", "15", "16", "17", "18", "19", "20", "21", "22", 
    "23", "24", "26", "27", "30", "32", "33", "34")), class = "table"), 
    No.Tag = structure(c(0L, 0L, 0L, 0L, 0L, 92L, 0L, 0L, 0L, 
    4L, 0L, 0L), .Dim = 4:3, .Dimnames = structure(list(c("-1", 
    "0", "1", NA), c("A", "G", NA)), .Names = c("", "")), class = "table"), 
    All.Tags = list(Concordant = list(Freqs = structure(c(0, 
    3, 0, 1, 531, 0), .Dim = 3:2, .Dimnames = list(c("-1", "0", 
    "1"), c("A", "G"))), N = 535), Majority = list(Freqs = structure(c(0, 
    3, 0, 1, 542, 0), .Dim = 3:2, .Dimnames = list(c("-1", "0", 
    "1"), c("A", "G"))), N = 546)), `2` = structure(c(0, 1, 0, 
    0, 439, 0), .Dim = 3:2, .Dimnames = list(c("-1", "0", "1"
    ), c("A", "G"))))))
