Results <-
list(`bwa.out//20220204//BlindCMMRD90_S49.sam` = list(GM01_SNP1 = list(
    All = list(Freqs = structure(c(0L, 53L, 3499L, 11L, 5L, 1L, 
    64L, 3600L, 13L, 5L, 0L, 0L, 73L, 3L, 0L), .Dim = c(5L, 3L
    ), .Dimnames = structure(list(c("-2", "-1", "0", "1", NA), 
        c("A", "G", NA)), .Names = c("", "")), class = "table"), 
        N = 7327L), Tag.Distribution = structure(c(`1` = 154L, 
    `2` = 84L, `3` = 56L, `4` = 65L, `5` = 73L, `6` = 55L, `7` = 43L, 
    `8` = 47L, `9` = 45L, `10` = 26L, `11` = 31L, `12` = 30L, 
    `13` = 15L, `14` = 18L, `15` = 19L, `16` = 16L, `17` = 20L, 
    `18` = 11L, `19` = 11L, `20` = 5L, `21` = 11L, `22` = 9L, 
    `23` = 7L, `24` = 10L, `25` = 7L, `26` = 5L, `27` = 4L, `28` = 1L, 
    `29` = 3L, `30` = 2L, `31` = 2L, `33` = 1L, `34` = 2L, `38` = 1L, 
    `40` = 1L, `42` = 1L, `45` = 1L, `46` = 1L, `48` = 1L), .Dim = 39L, .Dimnames = list(
        TagUsage = c("1", "2", "3", "4", "5", "6", "7", "8", 
        "9", "10", "11", "12", "13", "14", "15", "16", "17", 
        "18", "19", "20", "21", "22", "23", "24", "25", "26", 
        "27", "28", "29", "30", "31", "33", "34", "38", "40", 
        "42", "45", "46", "48")), class = "table"), No.Tag = structure(c(0L, 
    0L, 75L, 0L, 0L, 0L, 0L, 85L, 1L, 0L, 0L, 0L, 3L, 0L, 0L), .Dim = c(5L, 
    3L), .Dimnames = structure(list(c("-2", "-1", "0", "1", NA
    ), c("A", "G", NA)), .Names = c("", "")), class = "table"), 
    All.Tags = list(Concordant = list(Freqs = structure(c(0, 
    2, 358, 1, 0, 3, 370, 0), .Dim = c(4L, 2L), .Dimnames = list(
        c("-2", "-1", "0", "1"), c("A", "G"))), N = 734), Majority = list(
        Freqs = structure(c(0, 2, 426, 1, 0, 3, 446, 0), .Dim = c(4L, 
        2L), .Dimnames = list(c("-2", "-1", "0", "1"), c("A", 
        "G"))), N = 878)), `2` = structure(c(0, 1, 366, 0, 0, 
    1, 361, 0), .Dim = c(4L, 2L), .Dimnames = list(c("-2", "-1", 
    "0", "1"), c("A", "G"))))))
