Result <-
list(DEPDC2_SNP1 = structure(c(0L, 0L, 1L, 0L, 0L, 0L, 1L, 0L, 
0L, 0L, 1L, 0L, 1L, 33L, 4744L, 17L, 0L, 1L, 45L, 0L), dim = 4:5, dimnames = structure(list(
    c("-2", "-1", "0", "1"), c("A", "C", "G", "T", NA)), names = c("", 
""))), GM01_SNP1 = structure(c(2L, 114L, 9256L, 46L, 0L, 0L, 
0L, 3L, 0L, 0L, 0L, 1L, 148L, 3L, 1L), dim = c(5L, 3L), dimnames = structure(list(
    c("-2", "-1", "0", "1", "2"), c("A", "G", NA)), names = c("", 
""))), GM07_SNP1 = structure(c(0L, 1L, 0L, 0L, 0L, 5L, 252L, 
4947L, 105L, 4L, 0L, 0L, 4L, 0L, 0L, 0L, 4L, 103L, 3L, 0L), dim = 5:4, dimnames = structure(list(
    c("-2", "-1", "0", "1", "2"), c("-", "A", "G", NA)), names = c("", 
""))), GM09_SNP1 = structure(c(11L, 2743L, 7L, 12L, 2743L, 6L, 
0L, 1L, 0L, 0L, 33L, 0L), dim = 3:4, dimnames = structure(list(
    c("-1", "0", "1"), c("A", "G", "T", NA)), names = c("", ""
))), GM11_SNP1 = structure(c(4L, 2317L, 8L, 23L, 2433L, 10L, 
0L, 49L, 1L), dim = c(3L, 3L), dimnames = structure(list(c("-1", 
"0", "1"), c("A", "G", NA)), names = c("", ""))), GM14_SNP1 = structure(c(0L, 
0L, 0L, 0L, 0L, 0L, 1L, 3L, 107L, 3030L, 22L, 1L, 0L, 2L, 64L, 
3542L, 20L, 0L, 0L, 0L, 0L, 105L, 0L, 0L), dim = c(6L, 4L), dimnames = structure(list(
    c("-3", "-2", "-1", "0", "1", "2"), c("A", "C", "T", NA)), names = c("", 
""))), GM17_SNP1 = structure(c(0L, 0L, 1L, 0L, 0L, 0L, 1L, 0L, 
0L, 53L, 4390L, 12L, 0L, 0L, 1L, 0L, 1L, 58L, 4289L, 10L, 0L, 
1L, 75L, 0L), dim = c(4L, 6L), dimnames = structure(list(c("-3", 
"-1", "0", "1"), c("-", "A", "C", "G", "T", NA)), names = c("", 
""))), GM22_SNP1 = structure(c(3L, 107L, 6849L, 33L, 1L, 6L, 
72L, 5577L, 19L, 0L, 0L, 6L, 292L, 5L, 0L), dim = c(5L, 3L), dimnames = structure(list(
    c("-2", "-1", "0", "1", "2"), c("A", "G", NA)), names = c("", 
""))), GM26_SNP1 = structure(c(1L, 1L, 18L, 2798L, 14L, 0L, 0L, 
0L, 1L, 0L, 0L, 0L, 1L, 34L, 0L), dim = c(5L, 3L), dimnames = structure(list(
    c("-3", "-2", "-1", "0", "1"), c("A", "G", NA)), names = c("", 
""))), GM29_SNP1 = structure(c(2L, 39L, 2311L, 5L, 0L, 25L, 2411L, 
2L, 0L, 1L, 35L, 1L), dim = 4:3, dimnames = structure(list(c("-2", 
"-1", "0", "1"), c("A", "G", NA)), names = c("", ""))), IM16_SNP1 = structure(c(0L, 
3L, 0L, 0L, 46L, 4641L, 72L, 2L, 0L, 68L, 2L, 0L), dim = 4:3, dimnames = structure(list(
    c("-1", "0", "1", "2"), c("A", "G", NA)), names = c("", ""
))), IM49_SNP1 = structure(c(1L, 1L, 28L, 1153L, 20L, 0L, 0L, 
0L, 1L, 0L, 0L, 0L, 0L, 22L, 0L), dim = c(5L, 3L), dimnames = structure(list(
    c("-3", "-2", "-1", "0", "1"), c("C", "G", NA)), names = c("", 
""))), LR10_SNP1 = structure(c(1L, 49L, 1915L, 13L, 0L, 0L, 37L, 
1985L, 6L, 1L, 0L, 0L, 44L, 0L, 0L), dim = c(5L, 3L), dimnames = structure(list(
    c("-2", "-1", "0", "1", "2"), c("C", "T", NA)), names = c("", 
""))), LR11_SNP1 = structure(c(0L, 0L, 1L, 0L, 2L, 81L, 3599L, 
24L, 0L, 7L, 78L, 1L), dim = 4:3, dimnames = structure(list(c("-2", 
"-1", "0", "1"), c("A", "C", NA)), names = c("", ""))), LR17_SNP1 = structure(c(3L, 
176L, 3894L, 51L, 0L, 0L, 5L, 0L, 0L, 7L, 389L, 2L), dim = 4:3, dimnames = structure(list(
    c("-2", "-1", "0", "1"), c("A", "G", NA)), names = c("", 
""))), LR20_SNP1 = structure(c(2L, 927L, 1L, 2L, 899L, 1L, 0L, 
6L, 0L), dim = c(3L, 3L), dimnames = structure(list(c("-1", "0", 
"1"), c("A", "G", NA)), names = c("", ""))), LR24_SNP1 = structure(c(1L, 
19L, 3011L, 5L, 1L, 2L, 1440L, 3L, 0L, 0L, 1L, 0L, 0L, 0L, 26L, 
0L), dim = c(4L, 4L), dimnames = structure(list(c("-2", "-1", 
"0", "1"), c("A", "G", "T", NA)), names = c("", ""))), LR36_SNP1 = structure(c(0L, 
0L, 9L, 0L, 0L, 0L, 2L, 0L, 10L, 85L, 3984L, 25L, 1L, 3L, 226L, 
2L), dim = c(4L, 4L), dimnames = structure(list(c("-2", "-1", 
"0", "1"), c("A", "C", "T", NA)), names = c("", ""))), LR40_SNP1 = structure(c(0L, 
7L, 0L, 38L, 2849L, 10L, 0L, 25L, 0L), dim = c(3L, 3L), dimnames = structure(list(
    c("-1", "0", "1"), c("A", "C", NA)), names = c("", ""))), 
    LR44_SNP1 = structure(c(0L, 0L, 1L, 0L, 0L, 66L, 794L, 7L, 
    5L, 82L, 1026L, 8L, 0L, 5L, 41L, 0L), dim = c(4L, 4L), dimnames = structure(list(
        c("-2", "-1", "0", "1"), c("A", "C", "T", NA)), names = c("", 
    ""))), LR46_SNP1 = structure(c(0L, 2L, 0L, 0L, 1L, 0L, 0L, 
    1L, 0L, 0L, 14L, 0L, 29L, 9998L, 15L, 0L, 138L, 0L), dim = c(3L, 
    6L), dimnames = structure(list(c("-1", "0", "1"), c("-", 
    "A", "C", "G", "T", NA)), names = c("", ""))), LR48_SNP1 = structure(c(0L, 
    0L, 1L, 0L, 0L, 1L, 0L, 13L, 0L, 0L, 4L, 250L, 8788L, 84L, 
    1L, 1L, 6L, 279L, 3L, 0L), dim = 5:4, dimnames = structure(list(
        c("-2", "-1", "0", "1", "2"), c("A", "C", "T", NA)), names = c("", 
    ""))), LR49_SNP1 = structure(c(11L, 2060L, 2L, 6L, 2295L, 
    0L, 0L, 60L, 0L), dim = c(3L, 3L), dimnames = structure(list(
        c("-1", "0", "1"), c("A", "G", NA)), names = c("", ""
    ))), LR52_SNP1 = structure(c(0L, 0L, 0L, 1L, 0L, 3L, 21L, 
    271L, 2135L, 21L, 3L, 14L, 189L, 2533L, 18L, 0L, 0L, 20L, 
    495L, 7L), dim = 5:4, dimnames = structure(list(c("-3", "-2", 
    "-1", "0", "1"), c("-", "C", "T", NA)), names = c("", ""))))
