Result <-
list(DEPDC2_SNP1 = structure(c(0L, 1L, 0L, 0L, 8L, 2929L, 263L, 
1L, 0L, 1L, 0L, 0L, 0L, 3L, 0L, 0L, 0L, 77L, 4L, 0L), dim = 4:5, dimnames = structure(list(
    c("-1", "0", "1", "2"), c("A", "C", "G", "T", NA)), names = c("", 
""))), GM01_SNP1 = structure(c(0L, 53L, 3891L, 8L, 1L, 0L, 0L, 
1L, 0L, 0L, 1L, 66L, 4016L, 12L, 1L, 0L, 0L, 1L, 0L, 0L, 0L, 
6L, 92L, 0L, 0L), dim = c(5L, 5L), dimnames = structure(list(
    c("-2", "-1", "0", "1", "2"), c("A", "C", "G", "T", NA)), names = c("", 
""))), GM07_SNP1 = structure(c(0L, 0L, 2L, 0L, 0L, 175L, 1927L, 
4147L, 107L, 3L, 0L, 1L, 0L, 0L, 0L, 5L, 28L, 92L, 4L, 0L), dim = 5:4, dimnames = structure(list(
    c("-2", "-1", "0", "1", "2"), c("-", "A", "G", NA)), names = c("", 
""))), GM09_SNP1 = structure(c(504L, 5873L, 75L, 1L, 0L, 2L, 
0L, 0L, 3L, 54L, 0L, 0L), dim = 4:3, dimnames = structure(list(
    c("-1", "0", "1", "2"), c("A", "G", NA)), names = c("", ""
))), GM11_SNP1 = structure(c(5L, 162L, 3342L, 1043L, 31L, 0L, 
0L, 4L, 0L, 0L, 0L, 3L, 34L, 9L, 0L), dim = c(5L, 3L), dimnames = structure(list(
    c("-2", "-1", "0", "1", "2"), c("A", "G", NA)), names = c("", 
""))), GM14_SNP1 = structure(c(0L, 0L, 5L, 0L, 0L, 5L, 106L, 
3674L, 245L, 9L, 6L, 142L, 4337L, 18L, 0L, 0L, 3L, 113L, 2L, 
0L), dim = 5:4, dimnames = structure(list(c("-2", "-1", "0", 
"1", "2"), c("A", "C", "T", NA)), names = c("", ""))), GM17_SNP1 = structure(c(3L, 
1244L, 7414L, 19L, 0L, 0L, 1L, 0L, 0L, 0L, 10L, 0L, 0L, 7L, 88L, 
1L), dim = c(4L, 4L), dimnames = structure(list(c("-2", "-1", 
"0", "1"), c("C", "G", "T", NA)), names = c("", ""))), GM22_SNP1 = structure(c(5L, 
102L, 7335L, 938L, 5L, 0L, 0L, 3L, 0L, 0L, 0L, 0L, 1L, 0L, 0L, 
1L, 4L, 150L, 20L, 0L), dim = 5:4, dimnames = structure(list(
    c("-2", "-1", "0", "1", "2"), c("A", "G", "T", NA)), names = c("", 
""))), GM26_SNP1 = structure(c(2L, 9L, 2122L, 8L, 3L, 17L, 1878L, 
12L, 0L, 0L, 1L, 0L, 0L, 1L, 70L, 0L), dim = c(4L, 4L), dimnames = structure(list(
    c("-2", "-1", "0", "1"), c("A", "G", "T", NA)), names = c("", 
""))), GM29_SNP1 = structure(c(0L, 1L, 6L, 0L, 0L, 3L, 91L, 5203L, 
15L, 0L, 0L, 0L, 8L, 0L, 0L, 0L, 3L, 47L, 0L, 1L), dim = 5:4, dimnames = structure(list(
    c("-2", "-1", "0", "1", "2"), c("A", "G", "T", NA)), names = c("", 
""))), IM16_SNP1 = structure(c(0L, 1L, 0L, 0L, 0L, 0L, 6L, 698L, 
5076L, 338L, 45L, 3L, 0L, 5L, 74L, 15L, 6L, 0L), dim = c(6L, 
3L), dimnames = structure(list(c("-2", "-1", "0", "1", "2", "3"
), c("A", "G", NA)), names = c("", ""))), IM49_SNP1 = structure(c(0L, 
0L, 2L, 1L, 0L, 72L, 432L, 1666L, 30L, 1L, 0L, 2L, 53L, 0L, 0L
), dim = c(5L, 3L), dimnames = structure(list(c("-2", "-1", "0", 
"1", "2"), c("A", "C", NA)), names = c("", ""))), LR10_SNP1 = structure(c(0L, 
0L, 1L, 0L, 0L, 0L, 2L, 0L, 11L, 305L, 4954L, 26L, 0L, 1L, 84L, 
2L), dim = c(4L, 4L), dimnames = structure(list(c("-2", "-1", 
"0", "1"), c("A", "C", "T", NA)), names = c("", ""))), LR11_SNP1 = structure(c(0L, 
1L, 78L, 2149L, 250L, 4L, 1L, 0L, 265L, 2163L, 22L, 0L, 0L, 0L, 
0L, 1L, 0L, 0L, 0L, 0L, 3L, 77L, 3L, 0L), dim = c(6L, 4L), dimnames = structure(list(
    c("-3", "-2", "-1", "0", "1", "2"), c("A", "C", "G", NA)), names = c("", 
""))), LR17_SNP1 = structure(c(4L, 192L, 2754L, 48L, 1L, 0L, 
0L, 2L, 0L, 0L, 0L, 13L, 311L, 7L, 1L), dim = c(5L, 3L), dimnames = structure(list(
    c("-2", "-1", "0", "1", "2"), c("A", "G", NA)), names = c("", 
""))), LR20_SNP1 = structure(c(2L, 1626L, 2L, 28L, 1752L, 2L, 
0L, 21L, 1L), dim = c(3L, 3L), dimnames = structure(list(c("-1", 
"0", "1"), c("A", "G", NA)), names = c("", ""))), LR24_SNP1 = structure(c(7L, 
1075L, 1L, 3L, 947L, 3L, 0L, 13L, 0L), dim = c(3L, 3L), dimnames = structure(list(
    c("-1", "0", "1"), c("A", "G", NA)), names = c("", ""))), 
    LR36_SNP1 = structure(c(0L, 1L, 0L, 0L, 0L, 0L, 0L, 9L, 48L, 
    2503L, 534L, 9L, 0L, 0L, 0L, 0L, 0L, 0L, 0L, 0L, 0L, 1L, 
    0L, 0L, 13L, 392L, 382L, 2223L, 14L, 0L, 0L, 5L, 10L, 203L, 
    6L, 0L), dim = c(6L, 6L), dimnames = structure(list(c("-3", 
    "-2", "-1", "0", "1", "2"), c("-", "A", "C", "G", "T", NA
    )), names = c("", ""))), LR40_SNP1 = structure(c(0L, 1L, 
    0L, 48L, 4031L, 13L, 0L, 38L, 0L), dim = c(3L, 3L), dimnames = structure(list(
        c("-1", "0", "1"), c("A", "C", NA)), names = c("", ""
    ))), LR44_SNP1 = structure(c(5L, 163L, 144L, 952L, 20L, 0L, 
    0L, 0L, 3L, 9L, 0L, 3L, 1L, 1L, 1L, 20L, 0L, 0L), dim = c(6L, 
    3L), dimnames = structure(list(c("-3", "-2", "-1", "0", "1", 
    "4"), c("C", "T", NA)), names = c("", ""))), LR46_SNP1 = structure(c(77L, 
    4466L, 18L, 62L, 4448L, 11L, 3L, 131L, 2L), dim = c(3L, 3L
    ), dimnames = structure(list(c("-1", "0", "1"), c("G", "T", 
    NA)), names = c("", ""))), LR48_SNP1 = structure(c(0L, 0L, 
    0L, 10L, 0L, 1L, 34L, 1555L, 6332L, 74L, 0L, 0L, 1L, 1L, 
    0L, 0L, 1L, 18L, 205L, 1L), dim = 5:4, dimnames = structure(list(
        c("-3", "-2", "-1", "0", "1"), c("A", "C", "T", NA)), names = c("", 
    ""))), LR49_SNP1 = structure(c(0L, 510L, 583L, 1L, 243L, 
    919L, 0L, 9L, 24L), dim = c(3L, 3L), dimnames = structure(list(
        c("-2", "-1", "0"), c("A", "G", NA)), names = c("", ""
    ))), LR52_SNP1 = structure(c(1L, 1L, 70L, 469L, 1452L, 107L, 
    4L, 0L, 1L, 13L, 256L, 357L, 1283L, 438L, 8L, 0L, 0L, 0L, 
    1L, 23L, 342L, 41L, 1L, 1L), dim = c(8L, 3L), dimnames = structure(list(
        c("-4", "-3", "-2", "-1", "0", "1", "2", "3"), c("C", 
        "T", NA)), names = c("", ""))))
