Result <-
list(DEPDC2_SNP1 = structure(c(0L, 1L, 1L, 0L, 0L, 5L, 1193L, 
8L, 7L, 429L, 1146L, 6L, 0L, 7L, 32L, 0L), dim = c(4L, 4L), dimnames = structure(list(
    c("-2", "-1", "0", "1"), c("A", "C", "T", NA)), names = c("", 
""))), GM01_SNP1 = structure(c(0L, 1L, 0L, 0L, 49L, 3532L, 12L, 
1L, 50L, 3471L, 8L, 0L, 1L, 77L, 0L, 0L), dim = c(4L, 4L), dimnames = structure(list(
    c("-1", "0", "1", "2"), c("-", "A", "G", NA)), names = c("", 
""))), GM07_SNP1 = structure(c(25L, 861L, 3059L, 85L, 3L, 0L, 
0L, 1L, 0L, 0L, 0L, 0L, 2L, 0L, 0L, 0L, 0L, 1L, 0L, 0L, 0L, 7L, 
71L, 1L, 0L), dim = c(5L, 5L), dimnames = structure(list(c("-2", 
"-1", "0", "1", "2"), c("A", "C", "G", "T", NA)), names = c("", 
""))), GM09_SNP1 = structure(c(0L, 17L, 0L, 29L, 3988L, 8L, 0L, 
5L, 0L, 0L, 20L, 0L), dim = 3:4, dimnames = structure(list(c("-1", 
"0", "1"), c("A", "G", "T", NA)), names = c("", ""))), GM11_SNP1 = structure(c(7L, 
1746L, 2L, 0L, 41L, 1605L, 334L, 4L, 0L, 32L, 4L, 0L), dim = 4:3, dimnames = structure(list(
    c("-1", "0", "1", "2"), c("A", "G", NA)), names = c("", ""
))), GM14_SNP1 = structure(c(1L, 32L, 457L, 5395L, 54L, 1L, 0L, 
0L, 0L, 1L, 0L, 0L, 0L, 1L, 2L, 71L, 1L, 0L), dim = c(6L, 3L), dimnames = structure(list(
    c("-4", "-2", "-1", "0", "1", "3"), c("C", "T", NA)), names = c("", 
""))), GM17_SNP1 = structure(c(1L, 138L, 6906L, 24L, 0L, 0L, 
14L, 0L, 0L, 2L, 63L, 0L), dim = 4:3, dimnames = structure(list(
    c("-2", "-1", "0", "1"), c("C", "T", NA)), names = c("", 
""))), GM22_SNP1 = structure(c(26L, 1021L, 3166L, 9L, 1L, 0L, 
74L, 3636L, 14L, 0L, 0L, 0L, 1L, 0L, 0L, 1L, 11L, 158L, 1L, 0L
), dim = 5:4, dimnames = structure(list(c("-2", "-1", "0", "1", 
"2"), c("A", "G", "T", NA)), names = c("", ""))), GM26_SNP1 = structure(c(17L, 
1283L, 3L, 7L, 1066L, 3L, 0L, 39L, 0L), dim = c(3L, 3L), dimnames = structure(list(
    c("-1", "0", "1"), c("A", "G", NA)), names = c("", ""))), 
    GM29_SNP1 = structure(c(1L, 31L, 1628L, 6L, 2L, 57L, 1684L, 
    2L, 0L, 2L, 29L, 0L), dim = 4:3, dimnames = structure(list(
        c("-2", "-1", "0", "1"), c("A", "G", NA)), names = c("", 
    ""))), IM16_SNP1 = structure(c(0L, 89L, 1702L, 19L, 1L, 1L, 
    28L, 1295L, 52L, 0L, 0L, 0L, 11L, 0L, 0L, 0L, 3L, 46L, 4L, 
    0L), dim = 5:4, dimnames = structure(list(c("-2", "-1", "0", 
    "1", "2"), c("A", "G", "T", NA)), names = c("", ""))), IM49_SNP1 = structure(c(0L, 
    0L, 3L, 0L, 5L, 375L, 975L, 23L, 0L, 15L, 59L, 0L), dim = 4:3, dimnames = structure(list(
        c("-2", "-1", "0", "1"), c("C", "G", NA)), names = c("", 
    ""))), LR10_SNP1 = structure(c(0L, 3L, 0L, 0L, 38L, 1556L, 
    12L, 1L, 49L, 1593L, 5L, 0L, 0L, 48L, 0L, 0L), dim = c(4L, 
    4L), dimnames = structure(list(c("-1", "0", "1", "2"), c("A", 
    "C", "T", NA)), names = c("", ""))), LR11_SNP1 = structure(c(0L, 
    0L, 2L, 0L, 0L, 121L, 3087L, 26L, 1L, 0L, 81L, 2L), dim = 4:3, dimnames = structure(list(
        c("-2", "-1", "0", "1"), c("A", "C", NA)), names = c("", 
    ""))), LR17_SNP1 = structure(c(13L, 469L, 2381L, 26L, 0L, 
    0L, 2L, 0L, 0L, 26L, 263L, 2L), dim = 4:3, dimnames = structure(list(
        c("-2", "-1", "0", "1"), c("A", "G", NA)), names = c("", 
    ""))), LR20_SNP1 = structure(c(0L, 0L, 2L, 0L, 1L, 135L, 
    1240L, 2L, 0L, 1L, 13L, 0L), dim = 4:3, dimnames = structure(list(
        c("-2", "-1", "0", "1"), c("A", "G", NA)), names = c("", 
    ""))), LR24_SNP1 = structure(c(1L, 17L, 1231L, 2L, 0L, 4L, 
    1382L, 7L, 0L, 0L, 1L, 0L, 0L, 0L, 18L, 0L), dim = c(4L, 
    4L), dimnames = structure(list(c("-2", "-1", "0", "1"), c("A", 
    "G", "T", NA)), names = c("", ""))), LR36_SNP1 = structure(c(0L, 
    0L, 0L, 7L, 0L, 0L, 0L, 0L, 0L, 1L, 0L, 0L, 1L, 7L, 131L, 
    3027L, 20L, 2L, 0L, 0L, 4L, 181L, 1L, 0L), dim = c(6L, 4L
    ), dimnames = structure(list(c("-5", "-2", "-1", "0", "1", 
    "2"), c("A", "G", "T", NA)), names = c("", ""))), LR40_SNP1 = structure(c(0L, 
    2L, 0L, 120L, 2597L, 20L, 1L, 27L, 1L), dim = c(3L, 3L), dimnames = structure(list(
        c("-1", "0", "1"), c("A", "C", NA)), names = c("", ""
    ))), LR44_SNP1 = structure(c(0L, 14L, 1L, 0L, 0L, 0L, 32L, 
    229L, 1075L, 18L, 1L, 3L, 0L, 4L, 30L, 0L, 0L, 0L, 0L, 3L, 
    28L, 2L, 0L, 0L), dim = c(6L, 4L), dimnames = structure(list(
        c("-2", "-1", "0", "1", "2", "10"), c("A", "C", "T", 
        NA)), names = c("", ""))), LR46_SNP1 = structure(c(0L, 
    0L, 2L, 0L, 0L, 0L, 10L, 0L, 1L, 310L, 6726L, 9L, 0L, 1L, 
    92L, 0L), dim = c(4L, 4L), dimnames = structure(list(c("-2", 
    "-1", "0", "1"), c("A", "G", "T", NA)), names = c("", ""))), 
    LR48_SNP1 = structure(c(0L, 0L, 0L, 1L, 0L, 2L, 21L, 861L, 
    2503L, 35L, 0L, 1L, 142L, 2733L, 32L, 0L, 0L, 12L, 166L, 
    2L), dim = 5:4, dimnames = structure(list(c("-3", "-2", "-1", 
    "0", "1"), c("A", "C", "T", NA)), names = c("", ""))), LR49_SNP1 = structure(c(12L, 
    1450L, 3L, 33L, 1733L, 0L, 0L, 54L, 0L), dim = c(3L, 3L), dimnames = structure(list(
        c("-1", "0", "1"), c("A", "G", NA)), names = c("", ""
    ))), LR52_SNP1 = structure(c(0L, 0L, 0L, 0L, 1L, 0L, 0L, 
    0L, 1L, 2L, 7L, 142L, 1385L, 81L, 61L, 27L, 0L, 4L, 110L, 
    635L, 1362L, 18L, 0L, 0L, 0L, 0L, 1L, 21L, 353L, 16L, 32L, 
    14L), dim = c(8L, 4L), dimnames = structure(list(c("-4", 
    "-3", "-2", "-1", "0", "1", "2", "3"), c("A", "C", "T", NA
    )), names = c("", ""))))
