Result <-
list(DEPDC2_SNP1 = structure(c(0L, 0L, 1L, 0L, 0L, 0L, 2L, 0L, 
9L, 1812L, 3754L, 12L, 0L, 8L, 35L, 0L), dim = c(4L, 4L), dimnames = structure(list(
    c("-2", "-1", "0", "1"), c("A", "C", "T", NA)), names = c("", 
""))), GM01_SNP1 = structure(c(2L, 150L, 6693L, 24L, 1L, 136L, 
6690L, 19L, 0L, 4L, 159L, 3L), dim = 4:3, dimnames = structure(list(
    c("-2", "-1", "0", "1"), c("A", "G", NA)), names = c("", 
""))), GM07_SNP1 = structure(c(10L, 2587L, 655L, 737L, 19L, 0L, 
1L, 0L, 0L, 0L, 0L, 68L, 2900L, 810L, 6L, 0L, 0L, 0L, 1L, 0L, 
0L, 26L, 35L, 32L, 0L), dim = c(5L, 5L), dimnames = structure(list(
    c("-3", "-2", "-1", "0", "1"), c("A", "C", "G", "T", NA)), names = c("", 
""))), GM09_SNP1 = structure(c(35L, 4525L, 4L, 29L, 4527L, 6L, 
0L, 70L, 1L), dim = c(3L, 3L), dimnames = structure(list(c("-1", 
"0", "1"), c("A", "G", NA)), names = c("", ""))), GM11_SNP1 = structure(c(0L, 
0L, 7L, 0L, 3L, 2825L, 3958L, 36L, 0L, 0L, 1L, 0L, 0L, 10L, 23L, 
0L), dim = c(4L, 4L), dimnames = structure(list(c("-2", "-1", 
"0", "1"), c("A", "G", "T", NA)), names = c("", ""))), GM14_SNP1 = structure(c(0L, 
0L, 0L, 0L, 0L, 3L, 0L, 0L, 0L, 0L, 2L, 14L, 0L, 0L, 1L, 2L, 
56L, 3845L, 5768L, 24L, 1L, 0L, 0L, 0L, 28L, 90L, 1L, 0L), dim = c(7L, 
4L), dimnames = structure(list(c("-4", "-3", "-2", "-1", "0", 
"1", "2"), c("-", "C", "T", NA)), names = c("", ""))), GM17_SNP1 = structure(c(0L, 
0L, 1L, 0L, 0L, 0L, 194L, 6174L, 10L, 1L, 2L, 132L, 6395L, 15L, 
0L, 0L, 0L, 109L, 1L, 0L), dim = 5:4, dimnames = structure(list(
    c("-2", "-1", "0", "1", "2"), c("A", "C", "T", NA)), names = c("", 
""))), GM22_SNP1 = structure(c(6L, 317L, 17761L, 107L, 1L, 0L, 
0L, 7L, 0L, 0L, 0L, 8L, 340L, 4L, 0L), dim = c(5L, 3L), dimnames = structure(list(
    c("-2", "-1", "0", "1", "2"), c("A", "G", NA)), names = c("", 
""))), GM26_SNP1 = structure(c(38L, 4835L, 12L, 0L, 2L, 0L, 0L, 
2L, 0L, 5L, 60L, 0L), dim = 3:4, dimnames = structure(list(c("-1", 
"0", "1"), c("A", "G", "T", NA)), names = c("", ""))), GM29_SNP1 = structure(c(0L, 
0L, 1L, 0L, 3L, 161L, 7335L, 21L, 0L, 0L, 3L, 0L, 0L, 0L, 2L, 
0L, 0L, 3L, 75L, 3L), dim = 4:5, dimnames = structure(list(c("-2", 
"-1", "0", "1"), c("-", "A", "G", "T", NA)), names = c("", ""
))), IM16_SNP1 = structure(c(13L, 2583L, 4066L, 65L, 1L, 0L, 
1L, 4L, 0L, 0L, 0L, 1L, 1L, 0L, 0L, 1L, 24L, 67L, 3L, 0L), dim = 5:4, dimnames = structure(list(
    c("-2", "-1", "0", "1", "2"), c("A", "G", "T", NA)), names = c("", 
""))), IM49_SNP1 = structure(c(25L, 677L, 209L, 4L, 3L, 66L, 
757L, 8L, 0L, 1L, 0L, 0L, 0L, 6L, 51L, 1L), dim = c(4L, 4L), dimnames = structure(list(
    c("-2", "-1", "0", "1"), c("C", "G", "T", NA)), names = c("", 
""))), LR10_SNP1 = structure(c(0L, 0L, 1L, 0L, 0L, 0L, 4L, 0L, 
3L, 138L, 5769L, 18L, 0L, 0L, 70L, 3L), dim = c(4L, 4L), dimnames = structure(list(
    c("-2", "-1", "0", "1"), c("A", "C", "T", NA)), names = c("", 
""))), LR11_SNP1 = structure(c(0L, 0L, 2L, 0L, 5L, 348L, 5505L, 
39L, 0L, 6L, 119L, 2L), dim = 4:3, dimnames = structure(list(
    c("-2", "-1", "0", "1"), c("A", "C", NA)), names = c("", 
""))), LR17_SNP1 = structure(c(1L, 109L, 3911L, 4641L, 56L, 0L, 
0L, 2L, 6L, 0L, 0L, 2L, 189L, 535L, 2L), dim = c(5L, 3L), dimnames = structure(list(
    c("-3", "-2", "-1", "0", "1"), c("A", "G", NA)), names = c("", 
""))), LR20_SNP1 = structure(c(5L, 1540L, 1L, 1L, 1457L, 1L, 
0L, 20L, 0L), dim = c(3L, 3L), dimnames = structure(list(c("-1", 
"0", "1"), c("A", "G", NA)), names = c("", ""))), LR24_SNP1 = structure(c(0L, 
1L, 0L, 47L, 2119L, 3L, 25L, 2017L, 3L, 1L, 34L, 0L), dim = 3:4, dimnames = structure(list(
    c("-1", "0", "1"), c("-", "A", "G", NA)), names = c("", ""
))), LR36_SNP1 = structure(c(1L, 1L, 12L, 213L, 3024L, 42L, 0L, 
0L, 0L, 0L, 1L, 0L, 0L, 2L, 5L, 173L, 2855L, 18L, 0L, 0L, 0L, 
6L, 227L, 2L), dim = c(6L, 4L), dimnames = structure(list(c("-4", 
"-3", "-2", "-1", "0", "1"), c("A", "C", "T", NA)), names = c("", 
""))), LR40_SNP1 = structure(c(0L, 3L, 0L, 64L, 5530L, 20L, 0L, 
3L, 0L, 0L, 52L, 0L), dim = 3:4, dimnames = structure(list(c("-1", 
"0", "1"), c("A", "C", "T", NA)), names = c("", ""))), LR44_SNP1 = structure(c(0L, 
0L, 1L, 0L, 0L, 0L, 0L, 6L, 0L, 0L, 56L, 795L, 829L, 11L, 2L, 
0L, 16L, 169L, 2L, 0L, 0L, 7L, 24L, 2L, 0L), dim = c(5L, 5L), dimnames = structure(list(
    c("-2", "-1", "0", "1", "2"), c("-", "A", "C", "T", NA)), names = c("", 
""))), LR46_SNP1 = structure(c(0L, 0L, 2L, 0L, 1L, 532L, 14057L, 
45L, 0L, 0L, 6L, 0L, 0L, 1L, 125L, 0L), dim = c(4L, 4L), dimnames = structure(list(
    c("-2", "-1", "0", "1"), c("A", "G", "T", NA)), names = c("", 
""))), LR48_SNP1 = structure(c(0L, 0L, 0L, 1L, 0L, 0L, 2L, 118L, 
5643L, 7943L, 99L, 3L, 0L, 0L, 2L, 6L, 0L, 0L, 0L, 1L, 56L, 199L, 
3L, 1L), dim = c(6L, 4L), dimnames = structure(list(c("-3", "-2", 
"-1", "0", "1", "2"), c("A", "C", "T", NA)), names = c("", ""
))), LR49_SNP1 = structure(c(62L, 7117L, 2L, 0L, 1L, 0L, 0L, 
1L, 0L, 3L, 163L, 0L), dim = 3:4, dimnames = structure(list(c("-1", 
"0", "1"), c("A", "G", "T", NA)), names = c("", ""))), LR52_SNP1 = structure(c(0L, 
0L, 0L, 0L, 0L, 1L, 0L, 1L, 6L, 319L, 1465L, 2589L, 3822L, 35L, 
0L, 0L, 0L, 1L, 0L, 5L, 0L, 0L, 0L, 1L, 11L, 130L, 775L, 11L), dim = c(7L, 
4L), dimnames = structure(list(c("-5", "-4", "-3", "-2", "-1", 
"0", "1"), c("A", "C", "T", NA)), names = c("", ""))))
