Result <-
list(DEPDC2_SNP1 = structure(c(0L, 1L, 0L, 17L, 1962L, 6L, 17L, 
2341L, 6L, 1L, 73L, 0L), dim = 3:4, dimnames = structure(list(
    c("-1", "0", "1"), c("A", "C", "T", NA)), names = c("", ""
))), GM01_SNP1 = structure(c(0L, 64L, 4048L, 10L, 1L, 55L, 4108L, 
33L, 0L, 0L, 1L, 0L, 0L, 3L, 125L, 1L), dim = c(4L, 4L), dimnames = structure(list(
    c("-2", "-1", "0", "1"), c("A", "G", "T", NA)), names = c("", 
""))), GM07_SNP1 = structure(c(0L, 0L, 3L, 0L, 0L, 63L, 2337L, 
3938L, 80L, 1L, 0L, 1L, 0L, 0L, 0L, 0L, 1L, 5L, 0L, 0L, 1L, 26L, 
83L, 3L, 0L), dim = c(5L, 5L), dimnames = structure(list(c("-2", 
"-1", "0", "1", "2"), c("-", "A", "C", "G", NA)), names = c("", 
""))), GM09_SNP1 = structure(c(43L, 6359L, 7L, 0L, 11L, 0L, 1L, 
70L, 0L), dim = c(3L, 3L), dimnames = structure(list(c("-1", 
"0", "1"), c("A", "G", NA)), names = c("", ""))), GM11_SNP1 = structure(c(2L, 
39L, 5046L, 17L, 0L, 0L, 6L, 0L, 0L, 0L, 3L, 0L, 0L, 0L, 55L, 
0L), dim = c(4L, 4L), dimnames = structure(list(c("-2", "-1", 
"0", "1"), c("A", "G", "T", NA)), names = c("", ""))), GM14_SNP1 = structure(c(0L, 
0L, 19L, 0L, 0L, 9L, 274L, 4378L, 1484L, 17L, 0L, 0L, 3L, 0L, 
0L, 0L, 0L, 53L, 21L, 0L), dim = 5:4, dimnames = structure(list(
    c("-2", "-1", "0", "1", "2"), c("A", "C", "T", NA)), names = c("", 
""))), GM17_SNP1 = structure(c(0L, 0L, 1L, 0L, 0L, 1L, 54L, 4192L, 
23L, 0L, 0L, 47L, 3842L, 69L, 1L, 0L, 1L, 91L, 0L, 0L), dim = 5:4, dimnames = structure(list(
    c("-2", "-1", "0", "1", "2"), c("A", "C", "T", NA)), names = c("", 
""))), GM22_SNP1 = structure(c(4L, 147L, 8190L, 35L, 1L, 0L, 
0L, 7L, 0L, 0L, 0L, 5L, 147L, 2L, 0L), dim = c(5L, 3L), dimnames = structure(list(
    c("-2", "-1", "0", "1", "2"), c("A", "G", NA)), names = c("", 
""))), GM26_SNP1 = structure(c(1L, 39L, 1691L, 1L, 0L, 0L, 3L, 
0L, 0L, 24L, 1636L, 5L, 0L, 0L, 1L, 0L, 0L, 0L, 63L, 0L), dim = 4:5, dimnames = structure(list(
    c("-2", "-1", "0", "1"), c("A", "C", "G", "T", NA)), names = c("", 
""))), GM29_SNP1 = structure(c(1L, 38L, 2535L, 17L, 0L, 42L, 
2490L, 3L, 0L, 0L, 3L, 0L, 0L, 2L, 50L, 0L), dim = c(4L, 4L), dimnames = structure(list(
    c("-2", "-1", "0", "1"), c("A", "G", "T", NA)), names = c("", 
""))), IM16_SNP1 = structure(c(49L, 6198L, 101L, 2L, 0L, 8L, 
0L, 0L, 3L, 113L, 1L, 0L), dim = 4:3, dimnames = structure(list(
    c("-1", "0", "1", "2"), c("A", "G", NA)), names = c("", ""
))), IM49_SNP1 = structure(c(0L, 0L, 0L, 2L, 0L, 0L, 0L, 4L, 
74L, 983L, 9L, 1L, 1L, 29L, 622L, 347L, 5L, 0L, 0L, 0L, 13L, 
51L, 2L, 0L), dim = c(6L, 4L), dimnames = structure(list(c("-3", 
"-2", "-1", "0", "1", "2"), c("A", "C", "G", NA)), names = c("", 
""))), LR10_SNP1 = structure(c(0L, 69L, 2144L, 25L, 1L, 35L, 
2384L, 4L, 0L, 2L, 71L, 1L), dim = 4:3, dimnames = structure(list(
    c("-3", "-1", "0", "1"), c("C", "T", NA)), names = c("", 
""))), LR11_SNP1 = structure(c(4L, 119L, 3860L, 29L, 0L, 0L, 
3L, 0L, 0L, 0L, 1L, 0L, 0L, 0L, 69L, 1L), dim = c(4L, 4L), dimnames = structure(list(
    c("-2", "-1", "0", "1"), c("A", "C", "G", NA)), names = c("", 
""))), LR17_SNP1 = structure(c(1L, 15L, 676L, 2683L, 28L, 0L, 
0L, 28L, 298L, 2L), dim = c(5L, 2L), dimnames = structure(list(
    c("-3", "-2", "-1", "0", "1"), c("A", NA)), names = c("", 
""))), LR20_SNP1 = structure(c(5L, 1449L, 2L, 0L, 401L, 4L, 0L, 
11L, 0L), dim = c(3L, 3L), dimnames = structure(list(c("-1", 
"0", "1"), c("A", "G", NA)), names = c("", ""))), LR24_SNP1 = structure(c(54L, 
3315L, 8L, 0L, 4L, 0L, 0L, 1L, 0L, 0L, 40L, 0L), dim = 3:4, dimnames = structure(list(
    c("-1", "0", "1"), c("A", "G", "T", NA)), names = c("", ""
))), LR36_SNP1 = structure(c(0L, 0L, 0L, 7L, 0L, 1L, 17L, 176L, 
5063L, 41L, 0L, 0L, 4L, 329L, 2L), dim = c(5L, 3L), dimnames = structure(list(
    c("-3", "-2", "-1", "0", "1"), c("A", "T", NA)), names = c("", 
""))), LR40_SNP1 = structure(c(37L, 2123L, 8L, 28L, 1972L, 6L, 
1L, 33L, 0L), dim = c(3L, 3L), dimnames = structure(list(c("-1", 
"0", "1"), c("A", "C", NA)), names = c("", ""))), LR44_SNP1 = structure(c(0L, 
0L, 1L, 3L, 0L, 0L, 0L, 0L, 21L, 363L, 4L, 0L, 12L, 216L, 1424L, 
1229L, 22L, 1L, 0L, 2L, 19L, 45L, 0L, 0L), dim = c(6L, 4L), dimnames = structure(list(
    c("-3", "-2", "-1", "0", "1", "2"), c("A", "C", "T", NA)), names = c("", 
""))), LR46_SNP1 = structure(c(1L, 26L, 3793L, 9L, 0L, 0L, 18L, 
3688L, 64L, 1L, 0L, 1L, 90L, 0L, 0L), dim = c(5L, 3L), dimnames = structure(list(
    c("-2", "-1", "0", "1", "2"), c("G", "T", NA)), names = c("", 
""))), LR48_SNP1 = structure(c(0L, 0L, 1L, 6L, 0L, 0L, 3L, 199L, 
2302L, 1700L, 16L, 0L, 0L, 0L, 1L, 0L, 0L, 0L, 0L, 15L, 410L, 
3649L, 44L, 1L, 0L, 2L, 23L, 174L, 3L, 0L), dim = 6:5, dimnames = structure(list(
    c("-3", "-2", "-1", "0", "1", "2"), c("A", "C", "G", "T", 
    NA)), names = c("", ""))), LR49_SNP1 = structure(c(8L, 506L, 
0L, 17L, 559L, 1L, 1L, 20L, 0L), dim = c(3L, 3L), dimnames = structure(list(
    c("-1", "0", "1"), c("A", "G", NA)), names = c("", ""))), 
    LR52_SNP1 = structure(c(0L, 0L, 0L, 0L, 0L, 11L, 230L, 1663L, 
    2346L, 23L, 0L, 0L, 1L, 5L, 0L, 0L, 2L, 65L, 457L, 7L), dim = 5:4, dimnames = structure(list(
        c("-3", "-2", "-1", "0", "1"), c("A", "C", "T", NA)), names = c("", 
    ""))))
