Result <-
list(DEPDC2_SNP1 = structure(c(0L, 3L, 0L, 12L, 1769L, 7L, 0L, 
1L, 0L, 19L, 2141L, 16L, 1L, 60L, 0L), dim = c(3L, 5L), dimnames = structure(list(
    c("-1", "0", "1"), c("A", "C", "G", "T", NA)), names = c("", 
""))), GM01_SNP1 = structure(c(0L, 0L, 1L, 0L, 1L, 188L, 9730L, 
34L, 0L, 0L, 6L, 0L, 0L, 0L, 2L, 0L, 0L, 2L, 152L, 2L), dim = 4:5, dimnames = structure(list(
    c("-2", "-1", "0", "1"), c("-", "A", "G", "T", NA)), names = c("", 
""))), GM07_SNP1 = structure(c(0L, 0L, 1L, 0L, 0L, 83L, 2510L, 
2818L, 86L, 2L, 0L, 0L, 3L, 0L, 0L, 0L, 55L, 291L, 4L, 0L, 1L, 
29L, 77L, 3L, 1L), dim = c(5L, 5L), dimnames = structure(list(
    c("-2", "-1", "0", "1", "2"), c("-", "A", "G", "T", NA)), names = c("", 
""))), GM09_SNP1 = structure(c(0L, 10L, 0L, 53L, 6617L, 8L, 0L, 
2L, 0L, 0L, 40L, 0L), dim = 3:4, dimnames = structure(list(c("-1", 
"0", "1"), c("A", "G", "T", NA)), names = c("", ""))), GM11_SNP1 = structure(c(0L, 
0L, 7L, 0L, 0L, 1L, 125L, 4638L, 19L, 1L, 0L, 0L, 3L, 0L, 0L, 
0L, 1L, 38L, 0L, 0L), dim = 5:4, dimnames = structure(list(c("-2", 
"-1", "0", "1", "2"), c("A", "G", "T", NA)), names = c("", ""
))), GM14_SNP1 = structure(c(0L, 0L, 0L, 5L, 0L, 0L, 0L, 4L, 
173L, 3534L, 26L, 1L, 1L, 56L, 2937L, 855L, 3L, 0L, 0L, 1L, 24L, 
57L, 1L, 0L), dim = c(6L, 4L), dimnames = structure(list(c("-3", 
"-2", "-1", "0", "1", "2"), c("A", "C", "T", NA)), names = c("", 
""))), GM17_SNP1 = structure(c(0L, 1L, 0L, 456L, 9316L, 31L, 
0L, 4L, 0L, 4L, 84L, 0L), dim = 3:4, dimnames = structure(list(
    c("-1", "0", "1"), c("A", "C", "T", NA)), names = c("", ""
))), GM22_SNP1 = structure(c(5L, 191L, 12069L, 34L, 2L, 0L, 0L, 
3L, 0L, 0L, 1L, 4L, 199L, 5L, 0L), dim = c(5L, 3L), dimnames = structure(list(
    c("-2", "-1", "0", "1", "2"), c("A", "G", NA)), names = c("", 
""))), GM26_SNP1 = structure(c(0L, 18L, 1230L, 2L, 3L, 944L, 
316L, 3L, 0L, 12L, 21L, 0L), dim = 4:3, dimnames = structure(list(
    c("-2", "-1", "0", "1"), c("A", "G", NA)), names = c("", 
""))), GM29_SNP1 = structure(c(2L, 201L, 6361L, 19L, 1L, 0L, 
0L, 2L, 0L, 0L, 0L, 0L, 1L, 0L, 0L, 0L, 1L, 56L, 0L, 0L), dim = 5:4, dimnames = structure(list(
    c("-2", "-1", "0", "1", "2"), c("A", "G", "T", NA)), names = c("", 
""))), IM16_SNP1 = structure(c(0L, 5L, 0L, 0L, 102L, 4800L, 56L, 
1L, 0L, 3L, 0L, 0L, 1L, 76L, 3L, 0L), dim = c(4L, 4L), dimnames = structure(list(
    c("-1", "0", "1", "2"), c("A", "G", "T", NA)), names = c("", 
""))), IM49_SNP1 = structure(c(0L, 0L, 0L, 4L, 0L, 9L, 521L, 
44L, 724L, 14L, 0L, 0L, 0L, 4L, 0L, 0L, 1L, 0L, 16L, 0L), dim = 5:4, dimnames = structure(list(
    c("-3", "-2", "-1", "0", "1"), c("A", "C", "G", NA)), names = c("", 
""))), LR10_SNP1 = structure(c(0L, 0L, 2L, 0L, 0L, 58L, 1926L, 
5L, 1L, 153L, 1738L, 6L, 0L, 1L, 48L, 0L), dim = c(4L, 4L), dimnames = structure(list(
    c("-2", "-1", "0", "1"), c("A", "C", "T", NA)), names = c("", 
""))), LR11_SNP1 = structure(c(0L, 0L, 1L, 0L, 0L, 4L, 98L, 2070L, 
8L, 1L, 6L, 363L, 1453L, 12L, 1L, 0L, 0L, 1L, 0L, 0L, 0L, 6L, 
60L, 0L, 0L), dim = c(5L, 5L), dimnames = structure(list(c("-2", 
"-1", "0", "1", "2"), c("-", "A", "C", "G", NA)), names = c("", 
""))), LR17_SNP1 = structure(c(53L, 1484L, 2217L, 28L, 1L, 0L, 
2L, 1L, 0L, 0L, 1L, 68L, 229L, 3L, 0L), dim = c(5L, 3L), dimnames = structure(list(
    c("-2", "-1", "0", "1", "2"), c("A", "G", NA)), names = c("", 
""))), LR20_SNP1 = structure(c(0L, 4L, 0L, 7L, 2204L, 4L, 0L, 
17L, 0L), dim = c(3L, 3L), dimnames = structure(list(c("-1", 
"0", "1"), c("A", "G", NA)), names = c("", ""))), LR24_SNP1 = structure(c(0L, 
0L, 1L, 0L, 0L, 0L, 13L, 0L, 1L, 14L, 2732L, 6L, 0L, 0L, 20L, 
0L), dim = c(4L, 4L), dimnames = structure(list(c("-3", "-1", 
"0", "1"), c("-", "A", "G", NA)), names = c("", ""))), LR36_SNP1 = structure(c(0L, 
0L, 0L, 0L, 1L, 0L, 1L, 0L, 5L, 76L, 2117L, 17L, 0L, 3L, 44L, 
1685L, 434L, 3L, 0L, 0L, 0L, 44L, 94L, 0L), dim = c(6L, 4L), dimnames = structure(list(
    c("-5", "-3", "-2", "-1", "0", "1"), c("-", "A", "T", NA)), names = c("", 
""))), LR40_SNP1 = structure(c(0L, 0L, 2L, 0L, 1L, 34L, 3562L, 
13L, 0L, 0L, 42L, 0L), dim = 4:3, dimnames = structure(list(c("-3", 
"-1", "0", "1"), c("A", "C", NA)), names = c("", ""))), LR44_SNP1 = structure(c(0L, 
0L, 2L, 0L, 54L, 526L, 739L, 23L, 0L, 6L, 13L, 0L), dim = 4:3, dimnames = structure(list(
    c("-2", "-1", "0", "1"), c("C", "T", NA)), names = c("", 
""))), LR46_SNP1 = structure(c(0L, 1L, 1L, 0L, 0L, 57L, 5949L, 
9L, 16L, 4959L, 1560L, 2L, 1L, 46L, 76L, 0L), dim = c(4L, 4L), dimnames = structure(list(
    c("-2", "-1", "0", "1"), c("A", "G", "T", NA)), names = c("", 
""))), LR48_SNP1 = structure(c(0L, 0L, 1L, 0L, 0L, 2L, 296L, 
6863L, 2227L, 26L, 0L, 0L, 2L, 7L, 0L, 0L, 1L, 54L, 49L, 1L), dim = 5:4, dimnames = structure(list(
    c("-3", "-2", "-1", "0", "1"), c("A", "C", "T", NA)), names = c("", 
""))), LR49_SNP1 = structure(c(1L, 18L, 2568L, 0L, 0L, 0L, 2L, 
0L, 0L, 27L, 2624L, 2L, 0L, 1L, 2L, 0L, 0L, 1L, 90L, 0L), dim = 4:5, dimnames = structure(list(
    c("-2", "-1", "0", "1"), c("A", "C", "G", "T", NA)), names = c("", 
""))), LR52_SNP1 = structure(c(0L, 0L, 0L, 0L, 1L, 0L, 0L, 0L, 
0L, 2L, 3L, 0L, 11L, 90L, 2150L, 387L, 2570L, 29L, 0L, 0L, 23L, 
11L, 118L, 1L), dim = c(6L, 4L), dimnames = structure(list(c("-4", 
"-3", "-2", "-1", "0", "1"), c("A", "C", "T", NA)), names = c("", 
""))))
