Result <-
list(DEPDC2_SNP1 = structure(c(0, 0, 0, 0, 0, 2, 205, 1, 0, 1, 
231, 1), dim = 4:3, dimnames = list(c("-2", "-1", "0", "1"), 
    c("A", "C", "T"))), GM01_SNP1 = structure(c(0, 4, 1112, 1, 
0, 0, 3, 0, 0, 0, 0, 0), dim = 4:3, dimnames = list(c("-2", "-1", 
"0", "1"), c("A", "G", "T"))), GM07_SNP1 = structure(c(0, 0, 
0, 0, 0, 0, 0, 4, 116, 293, 2, 0, 0, 77, 5, 290, 3, 0, 0, 0, 
0, 0, 0, 0), dim = c(6L, 4L), dimnames = list(c("-3", "-2", "-1", 
"0", "1", "2"), c("-", "A", "G", "T"))), GM09_SNP1 = structure(c(0, 
1, 0, 8, 365, 0), dim = 3:2, dimnames = list(c("-1", "0", "1"
), c("A", "G"))), GM11_SNP1 = structure(c(0, 0, 0, 0, 0, 54, 
394, 1, 0, 0, 1, 0), dim = 4:3, dimnames = list(c("-2", "-1", 
"0", "1"), c("-", "A", "G"))), GM14_SNP1 = structure(c(0, 0, 
0, 0, 2, 124, 778, 2, 0, 0, 0, 0), dim = 4:3, dimnames = list(
    c("-2", "-1", "0", "1"), c("A", "C", "T"))), GM17_SNP1 = structure(c(0, 
0, 4, 484, 0, 0, 0, 1, 477, 0), dim = c(5L, 2L), dimnames = list(
    c("-3", "-2", "-1", "0", "1"), c("C", "T"))), GM22_SNP1 = structure(c(0, 
8, 1859, 0, 0, 0, 0, 4, 0, 0, 0, 0, 0, 0, 0), dim = c(5L, 3L), dimnames = list(
    c("-2", "-1", "0", "1", "2"), c("A", "G", "T"))), GM26_SNP1 = structure(c(0, 
47, 175, 0, 0, 0, 198, 0, 0, 0, 0, 0), dim = 4:3, dimnames = list(
    c("-2", "-1", "0", "1"), c("A", "G", "T"))), GM29_SNP1 = structure(c(0, 
111, 671, 1, 0, 0, 1, 0, 0, 0, 0, 0), dim = 4:3, dimnames = list(
    c("-2", "-1", "0", "1"), c("A", "G", "T"))), IM16_SNP1 = structure(c(4, 
306, 1, 0, 2, 309, 0, 0), dim = c(4L, 2L), dimnames = list(c("-1", 
"0", "1", "2"), c("A", "G"))), IM49_SNP1 = structure(c(1, 21, 
56, 2, 0, 0, 24, 72, 1, 0, 0, 0, 0, 0, 0), dim = c(5L, 3L), dimnames = list(
    c("-2", "-1", "0", "1", "2"), c("C", "G", "T"))), LR10_SNP1 = structure(c(0, 
0, 3, 0, 0, 0, 3, 551, 0, 0), dim = c(5L, 2L), dimnames = list(
    c("-2", "-1", "0", "1", "2"), c("C", "T"))), LR11_SNP1 = structure(c(0, 
0, 2, 0, 0, 5, 356, 4, 0, 0, 0, 0), dim = 4:3, dimnames = list(
    c("-2", "-1", "0", "1"), c("A", "C", "T"))), LR17_SNP1 = structure(c(0, 
6, 179, 541, 2, 0, 0, 0, 0, 0), dim = c(5L, 2L), dimnames = list(
    c("-3", "-2", "-1", "0", "1"), c("A", "G"))), LR20_SNP1 = structure(c(0, 
155, 0, 4, 166, 0), dim = 3:2, dimnames = list(c("-1", "0", "1"
), c("A", "G"))), LR24_SNP1 = structure(c(6, 314), dim = 2:1, dimnames = list(
    c("-1", "0"), "A")), LR36_SNP1 = structure(c(0, 0, 0, 0, 
0, 5, 123, 626, 0, 1, 0, 0, 2, 0, 0), dim = c(5L, 3L), dimnames = list(
    c("-2", "-1", "0", "1", "3"), c("-", "A", "T"))), LR40_SNP1 = structure(c(0, 
0, 1, 0, 1, 32, 293, 0), dim = c(4L, 2L), dimnames = list(c("-2", 
"-1", "0", "1"), c("A", "C"))), LR44_SNP1 = structure(c(0, 0, 
0, 0, 0, 0, 20, 16, 124, 0, 0, 0, 0, 0, 1, 0, 0, 0, 1, 0), dim = 5:4, dimnames = list(
    c("-3", "-2", "-1", "0", "1"), c("-", "C", "G", "T"))), LR46_SNP1 = structure(c(0, 
0, 0, 0, 0, 0, 1, 6, 0, 6, 1149, 0), dim = 3:4, dimnames = list(
    c("-1", "0", "1"), c("-", "A", "G", "T"))), LR48_SNP1 = structure(c(0, 
4, 255, 850, 3, 0, 0, 0, 1, 3, 0, 0), dim = c(6L, 2L), dimnames = list(
    c("-3", "-2", "-1", "0", "1", "2"), c("C", "T"))), LR49_SNP1 = structure(c(0, 
2, 0, 63, 492, 0, 0, 0, 0), dim = c(3L, 3L), dimnames = list(
    c("-1", "0", "1"), c("A", "G", "T"))), LR52_SNP1 = structure(c(0, 
0, 0, 0, 0, 0, 0, 2, 91, 69, 435, 0, 0, 0, 0, 0, 0, 0), dim = c(6L, 
3L), dimnames = list(c("-4", "-3", "-2", "-1", "0", "1"), c("-", 
"C", "T"))))
