Result <-
list(DEPDC2_SNP1 = structure(c(0, 0, 0, 2, 324, 5), dim = 3:2, dimnames = list(
    c("-1", "0", "1"), c("A", "T"))), GM01_SNP1 = structure(c(3, 
344, 0, 9, 349, 0, 0, 0, 0), dim = c(3L, 3L), dimnames = list(
    c("-1", "0", "1"), c("A", "G", "T"))), GM07_SNP1 = structure(c(0, 
4, 201, 114, 0, 1, 181, 8, 95, 0), dim = c(5L, 2L), dimnames = list(
    c("-3", "-2", "-1", "0", "1"), c("A", "G"))), GM09_SNP1 = structure(c(0, 
2, 0, 2, 222, 1, 0, 0, 0), dim = c(3L, 3L), dimnames = list(c("-1", 
"0", "1"), c("A", "G", "T"))), GM11_SNP1 = structure(c(0, 20, 
127, 0, 0, 13, 147, 0), dim = c(4L, 2L), dimnames = list(c("-2", 
"-1", "0", "1"), c("A", "G"))), GM14_SNP1 = structure(c(0, 0, 
175, 52, 204, 304, 1, 1, 0, 0, 0, 0, 0, 1, 0, 0), dim = c(8L, 
2L), dimnames = list(c("-5", "-4", "-3", "-2", "-1", "0", "1", 
"2"), c("C", "T"))), GM17_SNP1 = structure(c(0, 0, 0, 0, 2, 224, 
430, 1, 0, 4, 11, 0), dim = 4:3, dimnames = list(c("-2", "-1", 
"0", "1"), c("A", "C", "T"))), GM22_SNP1 = structure(c(0, 1, 
26, 1, 0, 17, 1261, 1, 0, 0, 0, 0), dim = 4:3, dimnames = list(
    c("-2", "-1", "0", "1"), c("A", "G", "T"))), GM26_SNP1 = structure(c(0, 
8, 0, 1, 341, 0), dim = 3:2, dimnames = list(c("-1", "0", "1"
), c("A", "G"))), GM29_SNP1 = structure(c(15, 569, 3, 0, 5, 0
), dim = 3:2, dimnames = list(c("-1", "0", "1"), c("A", "G"))), 
    IM16_SNP1 = structure(c(0, 1, 0, 39, 460, 0), dim = 3:2, dimnames = list(
        c("-1", "0", "1"), c("A", "G"))), IM49_SNP1 = structure(c(0, 
    1, 0, 0, 1, 43, 85, 5), dim = c(4L, 2L), dimnames = list(
        c("-2", "-1", "0", "1"), c("C", "G"))), LR10_SNP1 = structure(c(1, 
    109, 176, 0, 0, 2, 5, 0), dim = c(4L, 2L), dimnames = list(
        c("-2", "-1", "0", "1"), c("C", "T"))), LR11_SNP1 = structure(c(0, 
    2, 0, 0, 3, 151, 76, 0), dim = c(4L, 2L), dimnames = list(
        c("-2", "-1", "0", "1"), c("A", "C"))), LR17_SNP1 = structure(c(1, 
    43, 329, 3, 0, 0, 0, 0), dim = c(4L, 2L), dimnames = list(
        c("-2", "-1", "0", "1"), c("A", "G"))), LR20_SNP1 = structure(c(0, 
    1, 67, 156), dim = c(2L, 2L), dimnames = list(c("-1", "0"
    ), c("A", "G"))), LR24_SNP1 = structure(c(5, 59, 5, 86), dim = c(2L, 
    2L), dimnames = list(c("-1", "0"), c("A", "G"))), LR36_SNP1 = structure(c(0, 
    0, 0, 0, 0, 0, 0, 4, 4, 327, 2, 0, 0, 0, 0, 0, 0, 0, 0, 1, 
    33, 230, 34, 1), dim = c(6L, 4L), dimnames = list(c("-4", 
    "-2", "-1", "0", "1", "2"), c("-", "A", "G", "T"))), LR40_SNP1 = structure(c(0, 
    0, 2, 0, 0, 6, 252, 1), dim = c(4L, 2L), dimnames = list(
        c("-3", "-1", "0", "1"), c("A", "C"))), LR44_SNP1 = structure(c(0, 
    1, 49, 16, 0, 4, 4, 53, 35, 0), dim = c(5L, 2L), dimnames = list(
        c("-3", "-2", "-1", "0", "1"), c("C", "T"))), LR46_SNP1 = structure(c(0, 
    0, 0, 0, 0, 15, 449, 0, 0, 297, 166, 0), dim = 4:3, dimnames = list(
        c("-2", "-1", "0", "1"), c("C", "G", "T"))), LR48_SNP1 = structure(c(0, 
    2, 1, 4, 1, 0, 239, 410, 254, 2), dim = c(5L, 2L), dimnames = list(
        c("-3", "-2", "-1", "0", "1"), c("C", "T"))), LR49_SNP1 = structure(c(6, 
    191, 0, 7, 198, 1), dim = 3:2, dimnames = list(c("-1", "0", 
    "1"), c("A", "G"))), LR52_SNP1 = structure(c(0, 0, 0, 0, 
    0, 0, 0, 18, 29, 99, 3, 6, 69, 0, 0, 0, 11, 111, 6, 73, 0
    ), dim = c(7L, 3L), dimnames = list(c("-5", "-4", "-3", "-2", 
    "-1", "0", "1"), c("A", "C", "T"))))
