Result <-
list(DEPDC2_SNP1 = structure(c(0, 0, 0, 0, 0, 0, 0, 65, 12, 0
), dim = c(5L, 2L), dimnames = list(c("-2", "-1", "0", "1", "2"
), c("G", "T"))), GM01_SNP1 = structure(c(3, 46, 0, 1, 36, 0), dim = 3:2, dimnames = list(
    c("-1", "0", "1"), c("A", "G"))), GM07_SNP1 = structure(c(0, 
0, 0, 0, 0, 0, 0, 25, 53, 63, 1, 0, 0, 0, 0, 2, 0, 0, 0, 0, 0, 
0, 0, 0), dim = c(6L, 4L), dimnames = list(c("-3", "-2", "-1", 
"0", "1", "2"), c("-", "A", "G", "T"))), GM09_SNP1 = structure(c(1, 
17, 0, 1, 23, 0), dim = 3:2, dimnames = list(c("-1", "0", "1"
), c("A", "G"))), GM11_SNP1 = structure(c(0, 0, 0, 0, 0, 0, 0, 
27, 12, 1, 0, 0, 1, 0, 0), dim = c(5L, 3L), dimnames = list(c("-2", 
"-1", "0", "1", "2"), c("-", "A", "G"))), GM14_SNP1 = structure(c(0, 
0, 0, 0, 3, 87, 0, 0, 0, 0, 0, 0, 0, 0, 0, 0, 0, 0, 0, 126, 1
), dim = c(7L, 3L), dimnames = list(c("-5", "-4", "-3", "-2", 
"-1", "0", "1"), c("C", "G", "T"))), GM17_SNP1 = structure(c(0, 
0, 0, 0, 49, 0, 0, 65, 0), dim = c(3L, 3L), dimnames = list(c("-1", 
"0", "1"), c("-", "C", "T"))), GM22_SNP1 = structure(c(0, 0, 
10, 258, 0, 0, 0, 0, 1, 0, 0, 0, 0, 0, 0), dim = c(5L, 3L), dimnames = list(
    c("-3", "-2", "-1", "0", "1"), c("A", "G", "T"))), GM26_SNP1 = structure(c(0, 
1, 0, 1, 61, 0), dim = 3:2, dimnames = list(c("-1", "0", "1"), 
    c("A", "G"))), GM29_SNP1 = structure(c(0, 47, 144, 1, 0, 
1, 1, 0), dim = c(4L, 2L), dimnames = list(c("-2", "-1", "0", 
"1"), c("A", "G"))), IM16_SNP1 = structure(c(0, 24, 22, 0, 1, 
55, 2, 0), dim = c(4L, 2L), dimnames = list(c("-1", "0", "1", 
"2"), c("A", "G"))), IM49_SNP1 = structure(c(0, 3, 27, 0), dim = c(4L, 
1L), dimnames = list(c("-2", "-1", "0", "1"), "G")), LR10_SNP1 = structure(c(0, 
0, 0, 0, 0, 14, 31, 1), dim = c(4L, 2L), dimnames = list(c("-2", 
"-1", "0", "1"), c("C", "T"))), LR11_SNP1 = structure(c(1, 2, 
51, 0), dim = c(4L, 1L), dimnames = list(c("-2", "-1", "0", "1"
), "C")), LR17_SNP1 = structure(c(0, 11, 118, 0, 0, 0, 0, 0, 
0, 0), dim = c(5L, 2L), dimnames = list(c("-2", "-1", "0", "1", 
"2"), c("A", "G"))), LR20_SNP1 = structure(c(0, 20, 0, 0, 13, 
0), dim = 3:2, dimnames = list(c("-1", "0", "1"), c("A", "G"))), 
    LR24_SNP1 = structure(c(2, 88, 0), dim = c(3L, 1L), dimnames = list(
        c("-1", "0", "1"), "A")), LR36_SNP1 = structure(c(0, 
    0, 1, 4, 0, 0, 0, 0, 0, 0, 0, 7, 25, 73, 1), dim = c(5L, 
    3L), dimnames = list(c("-3", "-2", "-1", "0", "1"), c("A", 
    "C", "T"))), LR40_SNP1 = structure(c(1, 15, 14, 0, 1, 28, 
    0, 0), dim = c(4L, 2L), dimnames = list(c("-1", "0", "1", 
    "2"), c("A", "C"))), LR44_SNP1 = structure(c(1, 0, 0, 0, 
    2, 3, 43, 0), dim = c(4L, 2L), dimnames = list(c("-2", "-1", 
    "0", "1"), c("C", "T"))), LR46_SNP1 = structure(c(0, 5, 217, 
    0, 0, 0, 0, 5, 0, 0), dim = c(5L, 2L), dimnames = list(c("-2", 
    "-1", "0", "1", "2"), c("G", "T"))), LR48_SNP1 = structure(c(0, 
    0, 39, 76, 1, 0, 0, 0, 2, 0), dim = c(5L, 2L), dimnames = list(
        c("-4", "-2", "-1", "0", "1"), c("C", "T"))), LR49_SNP1 = structure(c(0, 
    2, 0, 4, 131, 0, 0, 0, 0), dim = c(3L, 3L), dimnames = list(
        c("-1", "0", "1"), c("A", "G", "T"))), LR52_SNP1 = structure(c(0, 
    26, 0, 0, 1, 23, 0, 0, 0, 0, 2, 9, 27, 1), dim = c(7L, 2L
    ), dimnames = list(c("-5", "-4", "-3", "-2", "-1", "0", "1"
    ), c("C", "T"))))
