Result <-
list(DEPDC2_SNP1 = structure(c(0, 170, 449, 1), dim = c(4L, 1L
), dimnames = list(c("-2", "-1", "0", "1"), "T")), GM01_SNP1 = structure(c(1, 
354, 863, 0, 0, 0, 0, 0), dim = c(4L, 2L), dimnames = list(c("-2", 
"-1", "0", "1"), c("A", "G"))), GM07_SNP1 = structure(c(0, 0, 
0, 0, 0, 0, 0, 6, 314, 221, 0, 0, 0, 4, 317, 211, 1, 0), dim = c(6L, 
3L), dimnames = list(c("-3", "-2", "-1", "0", "1", "2"), c("-", 
"A", "G"))), GM09_SNP1 = structure(c(0, 1, 210, 1, 0, 141, 96, 
0, 0, 0, 0, 0), dim = 4:3, dimnames = list(c("-2", "-1", "0", 
"1"), c("A", "G", "T"))), GM11_SNP1 = structure(c(0, 2, 756, 
1, 0, 0, 2, 0), dim = c(4L, 2L), dimnames = list(c("-2", "-1", 
"0", "1"), c("A", "G"))), GM14_SNP1 = structure(c(0, 0, 0, 0, 
0, 1, 279, 40, 647, 1, 0, 0, 0, 2, 0), dim = c(5L, 3L), dimnames = list(
    c("-3", "-2", "-1", "0", "1"), c("A", "C", "T"))), GM17_SNP1 = structure(c(5, 
579, 2, 0, 2, 0), dim = 3:2, dimnames = list(c("-1", "0", "1"
), c("C", "T"))), GM22_SNP1 = structure(c(0, 561, 1469, 16, 0, 
0, 0, 0, 0, 0, 0, 0, 0, 0, 0), dim = c(5L, 3L), dimnames = list(
    c("-2", "-1", "0", "1", "2"), c("A", "G", "T"))), GM26_SNP1 = structure(c(1, 
8, 518, 0), dim = c(4L, 1L), dimnames = list(c("-2", "-1", "0", 
"1"), "A")), GM29_SNP1 = structure(c(0, 5, 423, 0, 0, 239, 160, 
0, 0, 0, 0, 0), dim = 4:3, dimnames = list(c("-2", "-1", "0", 
"1"), c("A", "G", "T"))), IM16_SNP1 = structure(c(0, 6, 538, 
5, 0, 2, 309, 225, 2, 0, 0, 0, 1, 0, 0), dim = c(5L, 3L), dimnames = list(
    c("-2", "-1", "0", "1", "2"), c("A", "G", "T"))), IM49_SNP1 = structure(c(0, 
3, 49, 29, 1, 0, 0, 48, 1, 30, 0, 0), dim = c(6L, 2L), dimnames = list(
    c("-3", "-2", "-1", "0", "1", "2"), c("C", "G"))), LR10_SNP1 = structure(c(0, 
0, 0, 0, 0, 0, 0, 0, 0, 0, 1, 0, 0, 184, 417, 0), dim = c(4L, 
4L), dimnames = list(c("-2", "-1", "0", "1"), c("-", "A", "C", 
"T"))), LR11_SNP1 = structure(c(2, 140, 123, 1, 0, 11, 185, 0, 
0, 0, 0, 0, 0, 0, 0, 0), dim = c(4L, 4L), dimnames = list(c("-2", 
"-1", "0", "1"), c("A", "C", "G", "T"))), LR17_SNP1 = structure(c(1, 
43, 400, 1, 0, 0, 0, 0), dim = c(4L, 2L), dimnames = list(c("-2", 
"-1", "0", "1"), c("A", "G"))), LR20_SNP1 = structure(c(8, 379, 
0), dim = c(3L, 1L), dimnames = list(c("-1", "0", "1"), "A")), 
    LR24_SNP1 = structure(c(81, 214, 0, 1), dim = c(2L, 2L), dimnames = list(
        c("-1", "0"), c("A", "G"))), LR36_SNP1 = structure(c(0, 
    0, 8, 241, 218, 2, 0, 0, 0, 0, 0, 0, 0, 0, 0, 1, 253, 0, 
    197, 2, 0), dim = c(7L, 3L), dimnames = list(c("-4", "-3", 
    "-2", "-1", "0", "1", "2"), c("A", "G", "T"))), LR40_SNP1 = structure(c(3, 
    362, 312, 0), dim = c(4L, 1L), dimnames = list(c("-2", "-1", 
    "0", "1"), "C")), LR44_SNP1 = structure(c(0, 0, 0, 0, 0, 
    0, 1, 1, 56, 1, 0, 44, 0, 0, 0, 3, 84, 1, 57, 0, 0), dim = c(7L, 
    3L), dimnames = list(c("-4", "-3", "-2", "-1", "0", "1", 
    "11"), c("-", "C", "T"))), LR46_SNP1 = structure(c(0, 0, 
    0, 0, 0, 0, 0, 4, 0, 38, 1419, 1), dim = 3:4, dimnames = list(
        c("-1", "0", "1"), c("-", "C", "G", "T"))), LR48_SNP1 = structure(c(0, 
    14, 644, 459, 5, 0, 0, 0, 0, 0, 0, 0, 0, 2, 0), dim = c(5L, 
    3L), dimnames = list(c("-3", "-2", "-1", "0", "1"), c("C", 
    "G", "T"))), LR49_SNP1 = structure(c(0, 2, 0, 55, 654, 0), dim = 3:2, dimnames = list(
        c("-1", "0", "1"), c("A", "G"))), LR52_SNP1 = structure(c(0, 
    0, 37, 172, 5, 167, 0, 0, 0, 0, 19, 202, 7, 163, 1, 0), dim = c(8L, 
    2L), dimnames = list(c("-5", "-4", "-3", "-2", "-1", "0", 
    "1", "2"), c("C", "T"))))
