Result <-
list(DEPDC2_SNP1 = structure(c(0, 124, 5, 12, 1, 1), dim = c(6L, 
1L), dimnames = list(c("-1", "0", "1", "2", "3", "4"), "T")), 
    GM01_SNP1 = structure(c(0, 0, 0, 0, 0, 6, 322, 0, 0, 0, 1, 
    0), dim = 4:3, dimnames = list(c("-2", "-1", "0", "1"), c("-", 
    "A", "G"))), GM07_SNP1 = structure(c(1, 70, 0, 50, 1, 0, 
    0, 3, 75, 57, 0, 0, 0, 0, 0, 0, 0, 0), dim = c(6L, 3L), dimnames = list(
        c("-3", "-2", "-1", "0", "1", "2"), c("A", "G", "T"))), 
    GM09_SNP1 = structure(c(27, 1, 22, 0, 0, 0, 47, 0), dim = c(4L, 
    2L), dimnames = list(c("-2", "-1", "0", "1"), c("A", "G"))), 
    GM11_SNP1 = structure(c(0, 1, 96, 0, 1, 56, 35, 0), dim = c(4L, 
    2L), dimnames = list(c("-2", "-1", "0", "1"), c("A", "G"))), 
    GM14_SNP1 = structure(c(0, 1, 92, 191, 113, 0, 0), dim = c(7L, 
    1L), dimnames = list(c("-4", "-3", "-2", "-1", "0", "1", 
    "2"), "C")), GM17_SNP1 = structure(c(0, 180, 104, 0, 0, 0, 
    1, 0), dim = c(4L, 2L), dimnames = list(c("-2", "-1", "0", 
    "1"), c("C", "T"))), GM22_SNP1 = structure(c(0, 0, 5, 599, 
    1, 0, 0, 0, 0, 1, 0, 0, 0, 0, 0, 0, 0, 0), dim = c(6L, 3L
    ), dimnames = list(c("-3", "-2", "-1", "0", "1", "2"), c("A", 
    "G", "T"))), GM26_SNP1 = structure(c(0, 0, 71, 0, 0, 0, 0, 
    32, 38, 0), dim = c(5L, 2L), dimnames = list(c("-2", "-1", 
    "0", "1", "2"), c("A", "G"))), GM29_SNP1 = structure(c(0, 
    1, 73, 0, 0, 4, 211, 0), dim = c(4L, 2L), dimnames = list(
        c("-2", "-1", "0", "1"), c("A", "G"))), IM16_SNP1 = structure(c(0, 
    0, 1, 0, 0, 0, 144, 86, 0, 0, 0, 1, 0, 0, 0), dim = c(5L, 
    3L), dimnames = list(c("-2", "-1", "0", "1", "2"), c("A", 
    "G", "T"))), IM49_SNP1 = structure(c(0, 42, 1, 19, 0, 0, 
    0, 0, 1, 0), dim = c(5L, 2L), dimnames = list(c("-3", "-2", 
    "-1", "0", "1"), c("C", "G"))), LR10_SNP1 = structure(c(0, 
    0, 0, 0, 0, 33, 18, 0, 0, 0, 54, 0), dim = 4:3, dimnames = list(
        c("-2", "-1", "0", "1"), c("-", "C", "T"))), LR11_SNP1 = structure(c(0, 
    41, 79, 0), dim = c(4L, 1L), dimnames = list(c("-2", "-1", 
    "0", "1"), "C")), LR17_SNP1 = structure(c(1, 61, 5, 123, 
    2, 0, 0, 0, 0, 0, 0, 0), dim = c(6L, 2L), dimnames = list(
        c("-3", "-2", "-1", "0", "1", "2"), c("A", "G"))), LR20_SNP1 = structure(c(2, 
    92), dim = 2:1, dimnames = list(c("-1", "0"), "A")), LR24_SNP1 = structure(c(0, 
    0, 0, 0, 0, 77, 76, 59), dim = c(4L, 2L), dimnames = list(
        c("-3", "-2", "-1", "0"), c("A", "G"))), LR36_SNP1 = structure(c(0, 
    0, 0, 3, 0, 0, 0, 0, 0, 0, 0, 0, 0, 0, 0, 0, 3, 249, 1, 1, 
    0), dim = c(7L, 3L), dimnames = list(c("-3", "-2", "-1", 
    "0", "1", "2", "4"), c("A", "C", "T"))), LR40_SNP1 = structure(c(0, 
    0, 0, 0, 0, 41, 110, 0), dim = c(4L, 2L), dimnames = list(
        c("-2", "-1", "0", "1"), c("A", "C"))), LR44_SNP1 = structure(c(1, 
    16, 1, 11, 0, 0, 0, 1, 19, 18, 0, 0), dim = c(6L, 2L), dimnames = list(
        c("-3", "-2", "-1", "0", "1", "2"), c("C", "T"))), LR46_SNP1 = structure(c(0, 
    0, 0, 0, 0, 0, 0, 0, 0, 4, 1, 0, 0, 435, 2, 0), dim = c(4L, 
    4L), dimnames = list(c("-1", "0", "1", "2"), c("-", "C", 
    "G", "T"))), LR48_SNP1 = structure(c(0, 73, 1, 74, 0, 0, 
    0, 0, 5, 164, 0, 0), dim = c(6L, 2L), dimnames = list(c("-3", 
    "-2", "-1", "0", "1", "2"), c("C", "T"))), LR49_SNP1 = structure(c(0, 
    0, 0, 0, 0, 0, 0, 0, 2, 70, 149, 0), dim = 4:3, dimnames = list(
        c("-2", "-1", "0", "1"), c("A", "C", "G"))), LR52_SNP1 = structure(c(0, 
    0, 0, 0, 0, 0, 1, 50, 0, 1, 51, 0, 0, 8, 40, 1, 44, 0), dim = c(6L, 
    3L), dimnames = list(c("-4", "-3", "-2", "-1", "0", "1"), 
        c("-", "C", "T"))))
