Result <-
list(DEPDC2_SNP1 = structure(c(0, 51, 5, 6, 0, 0, 0, 0, 0, 0, 
0, 0), dim = 4:3, dimnames = list(c("-1", "0", "1", "2"), c("C", 
"G", "T"))), GM01_SNP1 = structure(c(0, 0, 0, 0, 0, 10, 217, 
0), dim = c(4L, 2L), dimnames = list(c("-2", "-1", "0", "1"), 
    c("A", "G"))), GM07_SNP1 = structure(c(0, 0, 0, 0, 0, 0, 
0, 40, 8, 42, 0, 0, 0, 0, 42, 58, 1, 0, 0, 0, 0, 0, 0, 0), dim = c(6L, 
4L), dimnames = list(c("-3", "-2", "-1", "0", "1", "2"), c("-", 
"A", "G", "T"))), GM09_SNP1 = structure(c(0, 48), dim = 2:1, dimnames = list(
    c("-1", "0"), "A")), GM11_SNP1 = structure(c(2, 97, 0, 1, 
0, 0), dim = 3:2, dimnames = list(c("-1", "0", "1"), c("A", "G"
))), GM14_SNP1 = structure(c(15, 72, 21, 130, 1, 0, 0, 0, 4, 
0), dim = c(5L, 2L), dimnames = list(c("-3", "-2", "-1", "0", 
"1"), c("C", "T"))), GM17_SNP1 = structure(c(2, 163, 0, 0, 1, 
0), dim = 3:2, dimnames = list(c("-1", "0", "1"), c("C", "T"))), 
    GM22_SNP1 = structure(c(0, 2, 188, 0, 0, 5, 153, 0, 0, 0, 
    0, 0), dim = 4:3, dimnames = list(c("-2", "-1", "0", "1"), 
        c("A", "G", "T"))), GM26_SNP1 = structure(c(0, 28, 0, 
    5, 42, 0), dim = 3:2, dimnames = list(c("-1", "0", "1"), 
        c("A", "G"))), GM29_SNP1 = structure(c(1, 44, 174, 0, 
    0, 0, 2, 0, 0, 0, 0, 0), dim = 4:3, dimnames = list(c("-2", 
    "-1", "0", "1"), c("A", "G", "T"))), IM16_SNP1 = structure(c(0, 
    5, 47, 0, 0, 0, 27, 32, 0, 0, 0, 0, 0, 0, 0), dim = c(5L, 
    3L), dimnames = list(c("-2", "-1", "0", "1", "2"), c("A", 
    "G", "T"))), IM49_SNP1 = structure(c(0, 0, 8, 3, 12, 0, 0, 
    15, 0, 2, 10, 0), dim = c(6L, 2L), dimnames = list(c("-4", 
    "-3", "-2", "-1", "0", "1"), c("C", "G"))), LR10_SNP1 = structure(c(0, 
    0, 0, 0, 0, 77, 0, 0), dim = c(4L, 2L), dimnames = list(c("-1", 
    "0", "1", "2"), c("A", "T"))), LR11_SNP1 = structure(c(0, 
    4, 56, 0, 0, 4, 16, 0), dim = c(4L, 2L), dimnames = list(
        c("-2", "-1", "0", "1"), c("A", "C"))), LR17_SNP1 = structure(c(0, 
    0, 46, 55, 141, 0, 0, 0, 0, 0, 0, 0), dim = c(6L, 2L), dimnames = list(
        c("-4", "-3", "-2", "-1", "0", "1"), c("A", "G"))), LR20_SNP1 = structure(c(0, 
    38, 0, 0, 1, 0), dim = 3:2, dimnames = list(c("-1", "0", 
    "1"), c("A", "G"))), LR24_SNP1 = structure(c(13, 63, 1, 0, 
    51, 0), dim = 3:2, dimnames = list(c("-1", "0", "1"), c("A", 
    "G"))), LR36_SNP1 = structure(c(0, 0, 2, 0, 3, 54, 86, 0), dim = c(4L, 
    2L), dimnames = list(c("-2", "-1", "0", "1"), c("A", "T"))), 
    LR40_SNP1 = structure(c(0, 22, 68, 0), dim = c(4L, 1L), dimnames = list(
        c("-2", "-1", "0", "1"), "C")), LR44_SNP1 = structure(c(0, 
    2, 10, 14, 0, 0, 14, 0, 18, 0), dim = c(5L, 2L), dimnames = list(
        c("-3", "-2", "-1", "0", "1"), c("C", "T"))), LR46_SNP1 = structure(c(0, 
    0, 0, 0, 160, 0, 2, 165, 0), dim = c(3L, 3L), dimnames = list(
        c("-1", "0", "1"), c("A", "G", "T"))), LR48_SNP1 = structure(c(0, 
    0, 0, 0, 0, 1, 61, 126, 0, 0, 0, 0, 1, 0, 0), dim = c(5L, 
    3L), dimnames = list(c("-2", "-1", "0", "1", "2"), c("A", 
    "C", "T"))), LR49_SNP1 = structure(c(25, 69, 3, 81), dim = c(2L, 
    2L), dimnames = list(c("-1", "0"), c("A", "G"))), LR52_SNP1 = structure(c(0, 
    0, 26, 1, 31, 0, 18, 4, 0, 2, 29, 0), dim = c(6L, 2L), dimnames = list(
        c("-4", "-3", "-2", "-1", "0", "1"), c("C", "T"))))
