Result <-
list(DEPDC2_SNP1 = structure(c(0, 2, 0, 0, 521, 1), dim = 3:2, dimnames = list(
    c("-1", "0", "1"), c("C", "T"))), GM01_SNP1 = structure(c(2, 
811, 0, 0, 6, 0), dim = 3:2, dimnames = list(c("-1", "0", "1"
), c("A", "G"))), GM07_SNP1 = structure(c(0, 8, 389, 5, 0, 0, 
3, 385, 3, 0, 0, 0, 0, 0, 0), dim = c(5L, 3L), dimnames = list(
    c("-2", "-1", "0", "1", "2"), c("A", "G", "T"))), GM09_SNP1 = structure(c(0, 
202, 0, 0, 130, 0, 0, 0, 0), dim = c(3L, 3L), dimnames = list(
    c("-1", "0", "1"), c("A", "G", "T"))), GM11_SNP1 = structure(c(0, 
0, 312, 0, 0, 1, 238, 1), dim = c(4L, 2L), dimnames = list(c("-2", 
"-1", "0", "1"), c("A", "G"))), GM14_SNP1 = structure(c(0, 0, 
4, 462, 0, 0, 0, 3, 486, 0), dim = c(5L, 2L), dimnames = list(
    c("-4", "-2", "-1", "0", "1"), c("C", "T"))), GM17_SNP1 = structure(c(0, 
0, 0, 0, 0, 0, 0, 0, 403, 0, 0, 0, 1, 438, 1), dim = c(5L, 3L
), dimnames = list(c("-3", "-2", "-1", "0", "1"), c("A", "C", 
"T"))), GM22_SNP1 = structure(c(0, 5, 720, 1, 0, 0, 2, 772, 0, 
0), dim = c(5L, 2L), dimnames = list(c("-2", "-1", "0", "1", 
"2"), c("A", "G"))), GM26_SNP1 = structure(c(0, 2, 441, 0, 0, 
0, 8, 0), dim = c(4L, 2L), dimnames = list(c("-2", "-1", "0", 
"1"), c("A", "G"))), GM29_SNP1 = structure(c(0, 5, 848, 1, 0, 
0, 5, 0), dim = c(4L, 2L), dimnames = list(c("-2", "-1", "0", 
"1"), c("A", "G"))), IM16_SNP1 = structure(c(1, 328, 0, 0, 1, 
376, 2, 0), dim = c(4L, 2L), dimnames = list(c("-1", "0", "1", 
"2"), c("A", "G"))), IM49_SNP1 = structure(c(2, 147, 1, 0, 0, 
0), dim = 3:2, dimnames = list(c("-1", "0", "1"), c("C", "G"))), 
    LR10_SNP1 = structure(c(0, 0, 0, 0, 0, 1, 170, 0, 0, 0, 132, 
    0), dim = 4:3, dimnames = list(c("-2", "-1", "0", "1"), c("A", 
    "C", "T"))), LR11_SNP1 = structure(c(0, 0, 2, 0, 0, 5, 345, 
    2), dim = c(4L, 2L), dimnames = list(c("-2", "-1", "0", "1"
    ), c("A", "C"))), LR17_SNP1 = structure(c(0, 0, 6, 699, 2, 
    0, 0, 0, 1, 0), dim = c(5L, 2L), dimnames = list(c("-3", 
    "-2", "-1", "0", "1"), c("A", "G"))), LR20_SNP1 = structure(c(0, 
    1, 0, 0, 0, 0, 0, 205, 0), dim = c(3L, 3L), dimnames = list(
        c("-1", "0", "1"), c("A", "C", "G"))), LR24_SNP1 = structure(c(0, 
    147, 0, 165), dim = c(2L, 2L), dimnames = list(c("-1", "0"
    ), c("A", "G"))), LR36_SNP1 = structure(c(0, 0, 1, 738, 2, 
    1, 0, 0, 0, 0, 0, 0, 0, 0, 0, 3, 1, 0), dim = c(6L, 3L), dimnames = list(
        c("-3", "-2", "-1", "0", "1", "2"), c("A", "G", "T"))), 
    LR40_SNP1 = structure(c(4, 610, 0), dim = c(3L, 1L), dimnames = list(
        c("-1", "0", "1"), "C")), LR44_SNP1 = structure(c(0, 
    2, 128, 0, 0, 0, 0, 2, 0, 0), dim = c(5L, 2L), dimnames = list(
        c("-2", "-1", "0", "1", "2"), c("C", "T"))), LR46_SNP1 = structure(c(0, 
    0, 0, 1, 13, 0, 0, 1209, 1), dim = c(3L, 3L), dimnames = list(
        c("-1", "0", "1"), c("-", "G", "T"))), LR48_SNP1 = structure(c(0, 
    1, 833, 2, 0, 1, 11, 0), dim = c(4L, 2L), dimnames = list(
        c("-2", "-1", "0", "1"), c("C", "T"))), LR49_SNP1 = structure(c(1, 
    11, 0, 1, 788, 0, 0, 0, 0), dim = c(3L, 3L), dimnames = list(
        c("-1", "0", "1"), c("A", "G", "T"))), LR52_SNP1 = structure(c(0, 
    1, 1, 18, 244, 0, 0, 0, 2, 7, 348, 0), dim = c(6L, 2L), dimnames = list(
        c("-4", "-3", "-2", "-1", "0", "1"), c("C", "T"))))
