Result <-
list(DEPDC2_SNP1 = structure(c(0, 1, 0, 1, 713, 0), dim = 3:2, dimnames = list(
    c("-1", "0", "1"), c("A", "T"))), GM01_SNP1 = structure(c(0, 
0, 0, 0, 0, 5, 914, 3, 0, 1, 1, 0, 0, 0, 0, 0), dim = c(4L, 4L
), dimnames = list(c("-2", "-1", "0", "1"), c("-", "A", "G", 
"T"))), GM07_SNP1 = structure(c(0, 0, 0, 0, 0, 0, 0, 8, 860, 
4, 0, 0), dim = c(6L, 2L), dimnames = list(c("-2", "-1", "0", 
"1", "2", "3"), c("A", "G"))), GM09_SNP1 = structure(c(0, 217, 
0, 0, 233, 0), dim = 3:2, dimnames = list(c("-1", "0", "1"), 
    c("A", "G"))), GM11_SNP1 = structure(c(0, 1, 348, 0, 0, 1, 
206, 0), dim = c(4L, 2L), dimnames = list(c("-2", "-1", "0", 
"1"), c("A", "G"))), GM14_SNP1 = structure(c(0, 2, 571, 1, 0, 
0, 4, 563, 0, 0), dim = c(5L, 2L), dimnames = list(c("-2", "-1", 
"0", "1", "2"), c("C", "T"))), GM17_SNP1 = structure(c(0, 8, 
1136, 1, 0, 0, 3, 0), dim = c(4L, 2L), dimnames = list(c("-2", 
"-1", "0", "1"), c("C", "T"))), GM22_SNP1 = structure(c(0, 0, 
0, 0, 0, 3, 1695, 1, 0, 0, 1, 0, 0, 0, 0, 0), dim = c(4L, 4L), dimnames = list(
    c("-2", "-1", "0", "1"), c("-", "A", "G", "T"))), GM26_SNP1 = structure(c(0, 
255, 0, 1, 210, 3), dim = 3:2, dimnames = list(c("-1", "0", "1"
), c("A", "G"))), GM29_SNP1 = structure(c(0, 6, 975, 0, 0, 1, 
0, 0, 0, 0, 0, 0), dim = 4:3, dimnames = list(c("-2", "-1", "0", 
"1"), c("A", "G", "T"))), IM16_SNP1 = structure(c(0, 1, 258, 
1, 0, 0, 3, 406, 0, 0), dim = c(5L, 2L), dimnames = list(c("-2", 
"-1", "0", "1", "2"), c("A", "G"))), IM49_SNP1 = structure(c(2, 
144, 2, 0, 0, 0), dim = 3:2, dimnames = list(c("-1", "0", "1"
), c("G", "T"))), LR10_SNP1 = structure(c(0, 1, 0, 0, 197, 2, 
1, 121, 0), dim = c(3L, 3L), dimnames = list(c("-1", "0", "1"
), c("A", "C", "T"))), LR11_SNP1 = structure(c(0, 0, 282, 0, 
0, 0, 1, 205, 3, 0), dim = c(5L, 2L), dimnames = list(c("-2", 
"-1", "0", "1", "2"), c("A", "C"))), LR17_SNP1 = structure(c(0, 
6, 644, 2, 0, 0, 0, 0), dim = c(4L, 2L), dimnames = list(c("-2", 
"-1", "0", "1"), c("A", "G"))), LR20_SNP1 = structure(c(0, 213, 
0, 0, 0, 0), dim = 3:2, dimnames = list(c("-1", "0", "1"), c("A", 
"G"))), LR24_SNP1 = structure(c(0, 0, 0, 2, 153, 0, 0, 195, 0
), dim = c(3L, 3L), dimnames = list(c("-1", "0", "1"), c("-", 
"A", "G"))), LR36_SNP1 = structure(c(0, 0, 6, 925, 3, 0, 0, 0, 
0, 0, 0, 0), dim = c(6L, 2L), dimnames = list(c("-3", "-2", "-1", 
"0", "1", "2"), c("A", "T"))), LR40_SNP1 = structure(c(0, 0, 
0, 0, 0, 2, 663, 0, 0, 0, 0, 0), dim = 4:3, dimnames = list(c("-2", 
"-1", "0", "1"), c("-", "C", "T"))), LR44_SNP1 = structure(c(0, 
4, 82, 0, 0, 0, 1, 0, 1, 3, 77, 0), dim = 4:3, dimnames = list(
    c("-2", "-1", "0", "1"), c("C", "G", "T"))), LR46_SNP1 = structure(c(0, 
0, 0, 0, 0, 0, 0, 0, 0, 0, 3, 0, 0, 0, 1525, 0), dim = c(4L, 
4L), dimnames = list(c("-2", "-1", "0", "1"), c("-", "C", "G", 
"T"))), LR48_SNP1 = structure(c(0, 0, 0, 0, 0, 0, 0, 0, 10, 927, 
2, 0, 0, 0, 0, 1, 0, 0, 0, 1, 0, 1, 0, 0), dim = c(6L, 4L), dimnames = list(
    c("-3", "-2", "-1", "0", "1", "2"), c("-", "C", "G", "T"))), 
    LR49_SNP1 = structure(c(0, 3, 0, 1, 874, 0, 0, 0, 0), dim = c(3L, 
    3L), dimnames = list(c("-1", "0", "1"), c("A", "G", "T"))), 
    LR52_SNP1 = structure(c(0, 0, 0, 0, 0, 0, 0, 0, 1, 15, 339, 
    0, 0, 0, 3, 14, 349, 1), dim = c(6L, 3L), dimnames = list(
        c("-4", "-3", "-2", "-1", "0", "1"), c("-", "C", "T"))))
