Result <-
list(DEPDC2_SNP1 = structure(c(0, 0, 142, 183, 1), dim = c(5L, 
1L), dimnames = list(c("-2", "-1", "0", "1", "2"), "T")), GM01_SNP1 = structure(c(1, 
482, 0, 0, 1, 0), dim = 3:2, dimnames = list(c("-1", "0", "1"
), c("A", "G"))), GM07_SNP1 = structure(c(0, 0, 0, 0, 0, 0, 10, 
501, 5, 0, 0, 0, 1, 0, 0, 0, 0, 0, 0, 0), dim = 5:4, dimnames = list(
    c("-2", "-1", "0", "1", "2"), c("-", "A", "G", "T"))), GM09_SNP1 = structure(c(1, 
73, 0, 0, 73, 0), dim = 3:2, dimnames = list(c("-1", "0", "1"
), c("A", "G"))), GM11_SNP1 = structure(c(1, 255, 1, 0, 0, 0, 
0, 0), dim = c(4L, 2L), dimnames = list(c("-1", "0", "1", "2"
), c("A", "G"))), GM14_SNP1 = structure(c(0, 0, 7, 646, 3, 0, 
0, 0, 0, 1, 0, 0), dim = c(6L, 2L), dimnames = list(c("-3", "-2", 
"-1", "0", "1", "2"), c("C", "T"))), GM17_SNP1 = structure(c(0, 
0, 0, 484, 0, 0, 0, 0, 0, 0), dim = c(5L, 2L), dimnames = list(
    c("-3", "-2", "-1", "0", "1"), c("C", "T"))), GM22_SNP1 = structure(c(0, 
3, 434, 0, 0, 2, 380, 2, 0, 0, 0, 0), dim = 4:3, dimnames = list(
    c("-2", "-1", "0", "1"), c("A", "G", "T"))), GM26_SNP1 = structure(c(0, 
122, 1, 0, 139, 0), dim = 3:2, dimnames = list(c("-1", "0", "1"
), c("A", "G"))), GM29_SNP1 = structure(c(0, 0, 258, 0, 0, 0, 
1, 304, 0, 0, 0, 0, 0, 0, 0), dim = c(5L, 3L), dimnames = list(
    c("-2", "-1", "0", "1", "2"), c("A", "G", "T"))), IM16_SNP1 = structure(c(0, 
0, 315, 2, 0, 0, 0, 0, 2, 0, 0, 0, 0, 0, 1, 0, 0, 0), dim = c(6L, 
3L), dimnames = list(c("-3", "-1", "0", "1", "2", "3"), c("A", 
"G", "T"))), IM49_SNP1 = structure(c(1, 35, 1, 0, 0, 20, 0, 0
), dim = c(4L, 2L), dimnames = list(c("-1", "0", "1", "2"), c("C", 
"G"))), LR10_SNP1 = structure(c(0, 59, 0, 0, 104, 0), dim = 3:2, dimnames = list(
    c("-1", "0", "1"), c("C", "T"))), LR11_SNP1 = structure(c(0, 
112, 0, 0, 80, 0, 0, 0, 0), dim = c(3L, 3L), dimnames = list(
    c("-1", "0", "1"), c("A", "C", "G"))), LR17_SNP1 = structure(c(0, 
1, 521, 1, 0, 0, 0, 0, 0, 0), dim = c(5L, 2L), dimnames = list(
    c("-2", "-1", "0", "1", "2"), c("A", "G"))), LR20_SNP1 = structure(c(0, 
115, 0, 0, 2, 0), dim = 3:2, dimnames = list(c("-1", "0", "1"
), c("A", "G"))), LR24_SNP1 = structure(c(122, 1, 104, 0), dim = c(2L, 
2L), dimnames = list(c("0", "1"), c("A", "G"))), LR36_SNP1 = structure(c(0, 
2, 236, 0, 0, 4, 157, 0), dim = c(4L, 2L), dimnames = list(c("-2", 
"-1", "0", "1"), c("A", "T"))), LR40_SNP1 = structure(c(1, 181, 
0, 0, 114, 0), dim = 3:2, dimnames = list(c("-1", "0", "1"), 
    c("A", "C"))), LR44_SNP1 = structure(c(0, 1, 36, 1, 0, 0, 
0, 33, 1, 0), dim = c(5L, 2L), dimnames = list(c("-2", "-1", 
"0", "1", "2"), c("C", "T"))), LR46_SNP1 = structure(c(0, 0, 
0, 0, 0, 0, 0, 0, 0, 0, 0, 0, 370, 0, 0, 0, 2, 468, 0, 0), dim = 5:4, dimnames = list(
    c("-2", "-1", "0", "1", "2"), c("-", "C", "G", "T"))), LR48_SNP1 = structure(c(0, 
0, 0, 0, 0, 0, 2, 244, 0, 0, 0, 2, 237, 1, 0), dim = c(5L, 3L
), dimnames = list(c("-2", "-1", "0", "1", "2"), c("A", "C", 
"T"))), LR49_SNP1 = structure(c(0, 217, 0, 0, 262, 0, 0, 0, 0
), dim = c(3L, 3L), dimnames = list(c("-1", "0", "1"), c("A", 
"G", "T"))), LR52_SNP1 = structure(c(0, 0, 0, 1, 0, 0, 0, 4, 
280, 1), dim = c(5L, 2L), dimnames = list(c("-3", "-2", "-1", 
"0", "1"), c("C", "T"))))
