Result <-
list(DEPDC2_SNP1 = structure(c(0, 0, 0, 2, 307, 0), dim = 3:2, dimnames = list(
    c("-1", "0", "1"), c("A", "T"))), GM01_SNP1 = structure(c(0, 
0, 0, 0, 3, 611, 0, 0, 0, 1, 0, 0), dim = 4:3, dimnames = list(
    c("-1", "0", "1", "2"), c("-", "A", "G"))), GM07_SNP1 = structure(c(0, 
0, 0, 0, 0, 1, 4, 233, 0, 0, 0, 1, 272, 3, 0, 0, 0, 0, 0, 0), dim = 5:4, dimnames = list(
    c("-2", "-1", "0", "1", "2"), c("-", "A", "G", "T"))), GM09_SNP1 = structure(c(0, 
1, 216, 0), dim = c(4L, 1L), dimnames = list(c("-2", "-1", "0", 
"1"), "A")), GM11_SNP1 = structure(c(0, 0, 0, 0, 0, 0, 221, 0, 
0, 0, 1, 0), dim = 4:3, dimnames = list(c("-2", "-1", "0", "1"
), c("-", "A", "G"))), GM14_SNP1 = structure(c(2, 6, 680, 2), dim = c(4L, 
1L), dimnames = list(c("-2", "-1", "0", "1"), "C")), GM17_SNP1 = structure(c(0, 
1, 221, 0, 0, 0, 357, 1), dim = c(4L, 2L), dimnames = list(c("-2", 
"-1", "0", "1"), c("C", "T"))), GM22_SNP1 = structure(c(0, 0, 
0, 568, 1, 0, 0, 0, 0, 463, 0, 0, 0, 0, 0, 0, 0, 0), dim = c(6L, 
3L), dimnames = list(c("-3", "-2", "-1", "0", "1", "2"), c("A", 
"G", "T"))), GM26_SNP1 = structure(c(0, 0, 160, 0, 0, 0, 125, 
0), dim = c(4L, 2L), dimnames = list(c("-3", "-1", "0", "1"), 
    c("A", "G"))), GM29_SNP1 = structure(c(0, 1, 598, 1, 0, 1, 
0, 0), dim = c(4L, 2L), dimnames = list(c("-2", "-1", "0", "1"
), c("A", "G"))), IM16_SNP1 = structure(c(0, 1, 205, 1, 0, 0, 
1, 176, 1, 0), dim = c(5L, 2L), dimnames = list(c("-2", "-1", 
"0", "1", "2"), c("A", "G"))), IM49_SNP1 = structure(c(0, 0, 
106, 0, 1), dim = c(5L, 1L), dimnames = list(c("-2", "-1", "0", 
"1", "2"), "G")), LR10_SNP1 = structure(c(1, 193, 0, 0, 2, 0), dim = 3:2, dimnames = list(
    c("-1", "0", "1"), c("C", "T"))), LR11_SNP1 = structure(c(0, 
0, 0, 3, 0, 0, 0, 0, 2, 309, 1, 0), dim = c(6L, 2L), dimnames = list(
    c("-3", "-2", "-1", "0", "1", "2"), c("A", "C"))), LR17_SNP1 = structure(c(0, 
5, 523, 4, 0, 0, 0, 0, 0, 0, 0, 0, 0, 0, 0), dim = c(5L, 3L), dimnames = list(
    c("-2", "-1", "0", "1", "2"), c("A", "C", "G"))), LR20_SNP1 = structure(c(0, 
51, 0, 0, 0, 0, 0, 73, 1), dim = c(3L, 3L), dimnames = list(c("-1", 
"0", "1"), c("A", "C", "G"))), LR24_SNP1 = structure(c(0, 151, 
2, 1, 144, 0), dim = 3:2, dimnames = list(c("-1", "0", "1"), 
    c("A", "G"))), LR36_SNP1 = structure(c(0, 0, 0, 3, 0, 0, 
0, 0, 1, 0, 0, 0, 3, 504, 1), dim = c(5L, 3L), dimnames = list(
    c("-3", "-2", "-1", "0", "1"), c("A", "C", "T"))), LR40_SNP1 = structure(c(0, 
0, 0, 0, 0, 1, 312, 0), dim = c(4L, 2L), dimnames = list(c("-2", 
"-1", "0", "1"), c("A", "C"))), LR44_SNP1 = structure(c(0, 1, 
52, 1, 0, 0, 2, 73, 0, 0), dim = c(5L, 2L), dimnames = list(c("-2", 
"-1", "0", "1", "4"), c("C", "T"))), LR46_SNP1 = structure(c(0, 
0, 0, 0, 319, 0, 1, 436, 1), dim = c(3L, 3L), dimnames = list(
    c("-1", "0", "1"), c("A", "G", "T"))), LR48_SNP1 = structure(c(0, 
0, 0, 0, 0, 0, 5, 579, 0, 0, 0, 0, 1, 0, 0), dim = c(5L, 3L), dimnames = list(
    c("-2", "-1", "0", "1", "2"), c("A", "C", "T"))), LR49_SNP1 = structure(c(0, 
0, 0, 0, 1, 501, 50, 0), dim = c(4L, 2L), dimnames = list(c("-1", 
"0", "1", "2"), c("A", "G"))), LR52_SNP1 = structure(c(0, 0, 
0, 0, 1, 0, 0, 0, 0, 19, 384, 0), dim = c(6L, 2L), dimnames = list(
    c("-4", "-3", "-2", "-1", "0", "1"), c("C", "T"))))
