Result <-
list(DEPDC2_SNP1 = structure(c(0, 0, 0, 0, 1, 6, 223, 0), dim = c(4L, 
2L), dimnames = list(c("-2", "-1", "0", "1"), c("A", "T"))), 
    GM01_SNP1 = structure(c(0, 0, 0, 0, 0, 0, 51, 266, 0, 0, 
    0, 0, 0, 0, 0), dim = c(5L, 3L), dimnames = list(c("-2", 
    "-1", "0", "1", "3"), c("-", "A", "T"))), GM07_SNP1 = structure(c(0, 
    0, 0, 1, 0, 0, 0, 68, 46, 209, 2, 1), dim = c(6L, 2L), dimnames = list(
        c("-3", "-2", "-1", "0", "1", "2"), c("A", "G"))), GM09_SNP1 = structure(c(0, 
    2, 0, 29, 123, 0), dim = 3:2, dimnames = list(c("-1", "0", 
    "1"), c("A", "G"))), GM11_SNP1 = structure(c(16, 136, 0, 
    0, 2, 0), dim = 3:2, dimnames = list(c("-1", "0", "1"), c("A", 
    "G"))), GM14_SNP1 = structure(c(4, 72, 52, 349, 1, 0, 0, 
    1, 0, 2, 0, 0), dim = c(6L, 2L), dimnames = list(c("-3", 
    "-2", "-1", "0", "1", "2"), c("C", "T"))), GM17_SNP1 = structure(c(0, 
    0, 0, 0, 0, 0, 0, 1, 60, 116, 0, 0, 0, 0, 0, 0, 0, 0, 0, 
    0, 1, 159, 0, 0), dim = c(6L, 4L), dimnames = list(c("-3", 
    "-2", "-1", "0", "1", "2"), c("A", "C", "G", "T"))), GM22_SNP1 = structure(c(0, 
    4, 688, 79, 1, 0, 0, 1, 0, 0, 0, 0, 0, 0, 0), dim = c(5L, 
    3L), dimnames = list(c("-2", "-1", "0", "1", "2"), c("A", 
    "G", "T"))), GM26_SNP1 = structure(c(0, 34, 40, 0, 0, 0, 
    74, 0), dim = c(4L, 2L), dimnames = list(c("-2", "-1", "0", 
    "1"), c("A", "G"))), GM29_SNP1 = structure(c(0, 3, 204, 0, 
    1, 54, 140, 0), dim = c(4L, 2L), dimnames = list(c("-2", 
    "-1", "0", "1"), c("A", "G"))), IM16_SNP1 = structure(c(4, 
    99, 2, 0, 0, 0, 0, 0, 1, 103, 1, 0), dim = 4:3, dimnames = list(
        c("-1", "0", "1", "2"), c("A", "C", "G"))), IM49_SNP1 = structure(c(1, 
    10, 17, 0, 0, 0, 7, 25, 0, 0), dim = c(5L, 2L), dimnames = list(
        c("-2", "-1", "0", "1", "2"), c("C", "G"))), LR10_SNP1 = structure(c(0, 
    0, 64, 0, 0, 21, 47, 0), dim = c(4L, 2L), dimnames = list(
        c("-2", "-1", "0", "1"), c("C", "T"))), LR11_SNP1 = structure(c(0, 
    0, 0, 0, 0, 0, 0, 13, 221, 0), dim = c(5L, 2L), dimnames = list(
        c("-3", "-2", "-1", "0", "1"), c("-", "A"))), LR17_SNP1 = structure(c(0, 
    5, 192, 299, 3, 0, 0, 0, 0, 0, 0, 0), dim = c(6L, 2L), dimnames = list(
        c("-3", "-2", "-1", "0", "1", "2"), c("A", "G"))), LR20_SNP1 = structure(c(17, 
    81, 0), dim = c(3L, 1L), dimnames = list(c("-1", "0", "1"
    ), "A")), LR24_SNP1 = structure(c(27, 0, 243, 0), dim = c(4L, 
    1L), dimnames = list(c("-2", "-1", "0", "1"), "A")), LR36_SNP1 = structure(c(0, 
    0, 0, 13, 58, 116, 0, 0, 0, 0, 0, 0, 0, 0, 0, 0, 0, 0, 0, 
    0, 0, 0, 0, 0, 15, 39, 115, 0), dim = c(7L, 4L), dimnames = list(
        c("-5", "-4", "-3", "-2", "-1", "0", "1"), c("A", "C", 
        "G", "T"))), LR40_SNP1 = structure(c(0, 0, 1, 0, 2, 3, 
    160, 1), dim = c(4L, 2L), dimnames = list(c("-2", "-1", "0", 
    "1"), c("A", "C"))), LR44_SNP1 = structure(c(2, 12, 1, 19, 
    0, 0, 0, 1, 0, 0, 0, 0, 0, 2, 9, 30, 0, 0), dim = c(6L, 3L
    ), dimnames = list(c("-3", "-2", "-1", "0", "1", "2"), c("C", 
    "G", "T"))), LR46_SNP1 = structure(c(0, 0, 0, 0, 0, 0, 0, 
    0, 0, 175, 180, 0, 0, 7, 244, 1), dim = c(4L, 4L), dimnames = list(
        c("-2", "-1", "0", "1"), c("A", "C", "G", "T"))), LR48_SNP1 = structure(c(0, 
    0, 85, 311, 1, 0, 0, 0, 0, 1, 0, 0), dim = c(6L, 2L), dimnames = list(
        c("-3", "-2", "-1", "0", "1", "2"), c("C", "T"))), LR49_SNP1 = structure(c(0, 
    0, 1, 1, 0, 0, 0, 0, 0, 0, 0, 79, 49, 246, 0), dim = c(5L, 
    3L), dimnames = list(c("-3", "-2", "-1", "0", "1"), c("A", 
    "C", "G"))), LR52_SNP1 = structure(c(0, 7, 22, 54, 0, 2, 
    37, 2, 58, 0), dim = c(5L, 2L), dimnames = list(c("-3", "-2", 
    "-1", "0", "1"), c("C", "T"))))
