Result <-
list(DEPDC2_SNP1 = structure(c(0, 129, 0, 0, 0, 83, 14, 13), dim = c(4L, 
2L), dimnames = list(c("-1", "0", "1", "2"), c("C", "T"))), GM01_SNP1 = structure(c(0, 
1, 5, 0, 0, 3, 376, 1), dim = c(4L, 2L), dimnames = list(c("-2", 
"-1", "0", "1"), c("A", "G"))), GM07_SNP1 = structure(c(0, 0, 
0, 0, 0, 0, 3, 44, 165, 2, 0, 0, 0, 4, 155, 10, 1, 0, 0, 0, 0, 
0, 0, 0), dim = c(6L, 4L), dimnames = list(c("-2", "-1", "0", 
"1", "2", "3"), c("-", "A", "G", "T"))), GM09_SNP1 = structure(c(0, 
68, 0, 2, 79, 0), dim = 3:2, dimnames = list(c("-1", "0", "1"
), c("A", "G"))), GM11_SNP1 = structure(c(5, 121, 0, 4, 106, 
0), dim = 3:2, dimnames = list(c("-1", "0", "1"), c("A", "G"))), 
    GM14_SNP1 = structure(c(0, 0, 0, 0, 0, 0, 0, 1, 38, 233, 
    0, 0, 0, 1, 0, 211, 64, 0), dim = c(6L, 3L), dimnames = list(
        c("-3", "-2", "-1", "0", "1", "2"), c("A", "C", "T"))), 
    GM17_SNP1 = structure(c(0, 0, 0, 0, 0, 1, 30, 342, 1, 0, 
    0, 0, 8, 0, 0), dim = c(5L, 3L), dimnames = list(c("-2", 
    "-1", "0", "1", "2"), c("A", "C", "T"))), GM22_SNP1 = structure(c(0, 
    6, 412, 2, 0, 3, 392, 0), dim = c(4L, 2L), dimnames = list(
        c("-2", "-1", "0", "1"), c("A", "G"))), GM26_SNP1 = structure(c(0, 
    17, 165, 0, 0, 0, 1, 0), dim = c(4L, 2L), dimnames = list(
        c("-2", "-1", "0", "1"), c("A", "G"))), GM29_SNP1 = structure(c(0, 
    0, 3, 1, 0, 2, 466, 1, 0, 0, 0, 0), dim = 4:3, dimnames = list(
        c("-2", "-1", "0", "1"), c("A", "G", "T"))), IM16_SNP1 = structure(c(0, 
    0, 1, 0, 0, 0, 36, 238, 3, 0, 0, 0, 0, 0, 0), dim = c(5L, 
    3L), dimnames = list(c("-2", "-1", "0", "1", "2"), c("A", 
    "G", "T"))), IM49_SNP1 = structure(c(0, 2, 23, 79, 0), dim = c(5L, 
    1L), dimnames = list(c("-3", "-2", "-1", "0", "1"), "C")), 
    LR10_SNP1 = structure(c(0, 0, 0, 1, 86, 1, 1, 65, 0), dim = c(3L, 
    3L), dimnames = list(c("-1", "0", "1"), c("A", "C", "T"))), 
    LR11_SNP1 = structure(c(0, 0, 1, 0, 0, 1, 23, 152, 0, 0, 
    0, 0, 0, 0, 0), dim = c(5L, 3L), dimnames = list(c("-2", 
    "-1", "0", "1", "2"), c("A", "C", "T"))), LR17_SNP1 = structure(c(1, 
    2, 156, 292, 2, 0, 0, 0, 0, 0, 0, 0), dim = c(6L, 2L), dimnames = list(
        c("-3", "-2", "-1", "0", "1", "2"), c("A", "G"))), LR20_SNP1 = structure(c(0, 
    37, 0, 1, 72, 0), dim = 3:2, dimnames = list(c("-1", "0", 
    "1"), c("A", "G"))), LR24_SNP1 = structure(c(30, 98, 0, 6, 
    138, 0), dim = 3:2, dimnames = list(c("-1", "0", "1"), c("A", 
    "G"))), LR36_SNP1 = structure(c(0, 0, 56, 161, 0, 0, 0, 0, 
    0, 0, 0, 0, 0, 0, 0, 0, 1, 5, 213, 1), dim = 5:4, dimnames = list(
        c("-3", "-2", "-1", "0", "1"), c("A", "C", "G", "T"))), 
    LR40_SNP1 = structure(c(0, 2, 96, 0, 0, 1, 109, 0), dim = c(4L, 
    2L), dimnames = list(c("-2", "-1", "0", "1"), c("A", "C"))), 
    LR44_SNP1 = structure(c(2, 10, 2, 82, 0), dim = c(5L, 1L), dimnames = list(
        c("-3", "-2", "-1", "0", "1"), "T")), LR46_SNP1 = structure(c(0, 
    0, 0, 0, 0, 0, 5, 0, 0, 2, 618, 0), dim = 4:3, dimnames = list(
        c("-2", "-1", "0", "1"), c("-", "G", "T"))), LR48_SNP1 = structure(c(0, 
    0, 85, 350, 0, 0, 0, 0, 0, 0, 0, 0, 0, 0, 0, 2, 0, 0), dim = c(6L, 
    3L), dimnames = list(c("-3", "-2", "-1", "0", "1", "2"), 
        c("C", "G", "T"))), LR49_SNP1 = structure(c(1, 211, 0, 
    2, 237, 0), dim = 3:2, dimnames = list(c("-1", "0", "1"), 
        c("A", "G"))), LR52_SNP1 = structure(c(0, 0, 4, 21, 113, 
    1, 0, 0, 26, 7, 83, 0), dim = c(6L, 2L), dimnames = list(
        c("-4", "-3", "-2", "-1", "0", "1"), c("C", "T"))))
