Result <-
list(DEPDC2_SNP1 = structure(c(0, 143, 0, 7, 0, 1, 151, 4, 4, 
0), dim = c(5L, 2L), dimnames = list(c("-1", "0", "1", "2", "3"
), c("C", "T"))), GM01_SNP1 = structure(c(0, 1, 12, 1, 0, 1, 
226, 930, 0, 0, 0, 0, 0, 0, 0), dim = c(5L, 3L), dimnames = list(
    c("-2", "-1", "0", "1", "2"), c("A", "G", "T"))), GM07_SNP1 = structure(c(0, 
1, 3, 10, 3, 0, 0, 29, 199, 609, 2, 0), dim = c(6L, 2L), dimnames = list(
    c("-3", "-2", "-1", "0", "1", "2"), c("A", "G"))), GM09_SNP1 = structure(c(2, 
43, 276, 0, 0, 0, 2, 0), dim = c(4L, 2L), dimnames = list(c("-2", 
"-1", "0", "1"), c("A", "G"))), GM11_SNP1 = structure(c(0, 0, 
0, 0, 0, 0, 1, 591, 1, 0, 0, 0, 2, 0, 0, 0, 0, 0, 0, 0), dim = 5:4, dimnames = list(
    c("-2", "-1", "0", "1", "2"), c("-", "A", "G", "T"))), GM14_SNP1 = structure(c(0, 
0, 0, 0, 0, 0, 0, 141, 42, 133, 672, 3, 0, 0, 0, 0, 4, 2), dim = c(6L, 
3L), dimnames = list(c("-4", "-3", "-2", "-1", "0", "1"), c("A", 
"C", "T"))), GM17_SNP1 = structure(c(0, 0, 0, 0, 0, 0, 0, 0, 
0, 0, 0, 4, 12, 0, 0, 0, 11, 825, 2, 0), dim = 5:4, dimnames = list(
    c("-2", "-1", "0", "1", "2"), c("-", "A", "C", "T"))), GM22_SNP1 = structure(c(0, 
45, 1855, 5, 0, 0, 0, 3, 0, 0, 0, 0, 0, 0, 0), dim = c(5L, 3L
), dimnames = list(c("-2", "-1", "0", "1", "2"), c("A", "G", 
"T"))), GM26_SNP1 = structure(c(0, 0, 223, 0, 0, 2, 185, 0), dim = c(4L, 
2L), dimnames = list(c("-2", "-1", "0", "1"), c("A", "G"))), 
    GM29_SNP1 = structure(c(0, 0, 0, 0, 0, 0, 8, 181, 599, 1, 
    0, 0, 0, 3, 0, 0, 0, 0, 0, 0), dim = 5:4, dimnames = list(
        c("-3", "-2", "-1", "0", "1"), c("-", "A", "G", "T"))), 
    IM16_SNP1 = structure(c(2, 111, 304, 1, 0, 0, 0, 0, 0, 0, 
    0, 8, 438, 2, 0, 0, 0, 0, 0, 0), dim = 5:4, dimnames = list(
        c("-2", "-1", "0", "1", "2"), c("A", "C", "G", "T"))), 
    IM49_SNP1 = structure(c(1, 3, 32, 85, 1, 0, 1, 0, 1, 0), dim = c(5L, 
    2L), dimnames = list(c("-3", "-2", "-1", "0", "1"), c("C", 
    "G"))), LR10_SNP1 = structure(c(0, 0, 0, 0, 0, 0, 24, 188, 
    3, 0, 0, 0, 0, 0, 0, 0, 6, 239, 1, 0), dim = 5:4, dimnames = list(
        c("-2", "-1", "0", "1", "2"), c("A", "C", "G", "T"))), 
    LR11_SNP1 = structure(c(0, 0, 0, 0, 0, 13, 242, 0, 0, 45, 
    176, 1, 0, 0, 0, 0), dim = c(4L, 4L), dimnames = list(c("-2", 
    "-1", "0", "1"), c("-", "A", "C", "G"))), LR17_SNP1 = structure(c(0, 
    0, 0, 2, 0, 0, 0, 76, 137, 501, 1, 0, 0, 0, 0, 0, 0, 0), dim = c(6L, 
    3L), dimnames = list(c("-3", "-2", "-1", "0", "1", "2"), 
        c("-", "A", "G"))), LR20_SNP1 = structure(c(0, 0, 1, 
    0, 0, 0, 0, 0, 0, 66, 255, 0), dim = 4:3, dimnames = list(
        c("-2", "-1", "0", "1"), c("A", "C", "G"))), LR24_SNP1 = structure(c(1, 
    7, 173, 1, 0, 1, 120, 0), dim = c(4L, 2L), dimnames = list(
        c("-3", "-1", "0", "1"), c("A", "G"))), LR36_SNP1 = structure(c(0, 
    0, 1, 4, 2, 0, 0, 0, 0, 0, 0, 0, 3, 2, 25, 161, 629, 3), dim = c(6L, 
    3L), dimnames = list(c("-4", "-3", "-2", "-1", "0", "1"), 
        c("A", "C", "T"))), LR40_SNP1 = structure(c(0, 0, 0, 
    0, 0, 5, 655, 1), dim = c(4L, 2L), dimnames = list(c("-2", 
    "-1", "0", "1"), c("A", "C"))), LR44_SNP1 = structure(c(0, 
    20, 3, 2, 43, 1, 0, 7, 16, 3, 69, 1), dim = c(6L, 2L), dimnames = list(
        c("-4", "-3", "-2", "-1", "0", "1"), c("C", "T"))), LR46_SNP1 = structure(c(0, 
    0, 0, 0, 0, 0, 0, 0, 0, 0, 13, 0, 0, 185, 1240, 3), dim = c(4L, 
    4L), dimnames = list(c("-2", "-1", "0", "1"), c("-", "C", 
    "G", "T"))), LR48_SNP1 = structure(c(1, 122, 74, 788, 5, 
    0, 0, 0, 0, 0, 0, 0, 0, 0, 0, 3, 0, 0), dim = c(6L, 3L), dimnames = list(
        c("-3", "-2", "-1", "0", "1", "2"), c("C", "G", "T"))), 
    LR49_SNP1 = structure(c(2, 90, 421, 0, 0, 7, 0, 0, 0), dim = c(3L, 
    3L), dimnames = list(c("-2", "-1", "0"), c("A", "G", "T"))), 
    LR52_SNP1 = structure(c(0, 0, 0, 0, 0, 0, 0, 5, 43, 67, 254, 
    0, 0, 0, 0, 0, 0, 0, 0, 2, 39, 56, 274, 1), dim = c(6L, 4L
    ), dimnames = list(c("-4", "-3", "-2", "-1", "0", "1"), c("-", 
    "C", "G", "T"))))
