Result <-
list(DEPDC2_SNP1 = structure(c(0, 0, 0, 2, 145, 2), dim = 3:2, dimnames = list(
    c("-1", "0", "1"), c("C", "T"))), GM01_SNP1 = structure(c(0, 
10, 377, 0, 0, 0, 0, 0), dim = c(4L, 2L), dimnames = list(c("-2", 
"-1", "0", "1"), c("A", "G"))), GM07_SNP1 = structure(c(0, 0, 
0, 0, 0, 2, 60, 84, 0, 0, 1, 72, 59, 0, 0), dim = c(5L, 3L), dimnames = list(
    c("-2", "-1", "0", "1", "2"), c("-", "A", "G"))), GM09_SNP1 = structure(c(0, 
74, 0, 0, 63, 0), dim = 3:2, dimnames = list(c("-1", "0", "1"
), c("A", "G"))), GM11_SNP1 = structure(c(1, 131, 0, 0, 108, 
0, 0, 0, 0), dim = c(3L, 3L), dimnames = list(c("-1", "0", "1"
), c("A", "G", "T"))), GM14_SNP1 = structure(c(0, 0, 0, 0, 0, 
0, 0, 4, 12, 102, 196, 88, 8, 0), dim = c(7L, 2L), dimnames = list(
    c("-3", "-2", "-1", "0", "1", "2", "3"), c("-", "C"))), GM17_SNP1 = structure(c(0, 
1, 321, 0, 0, 0, 1, 0), dim = c(4L, 2L), dimnames = list(c("-2", 
"-1", "0", "1"), c("C", "T"))), GM22_SNP1 = structure(c(0, 0, 
10, 0, 0, 0, 0, 0, 0, 23, 751, 0, 0, 0, 0, 0), dim = c(4L, 4L
), dimnames = list(c("-2", "-1", "0", "1"), c("A", "C", "G", 
"T"))), GM26_SNP1 = structure(c(2, 86, 0, 0, 88, 1, 0, 0, 0), dim = c(3L, 
3L), dimnames = list(c("-1", "0", "1"), c("A", "G", "T"))), GM29_SNP1 = structure(c(0, 
7, 210, 0, 0, 1, 185, 0), dim = c(4L, 2L), dimnames = list(c("-2", 
"-1", "0", "1"), c("A", "G"))), IM16_SNP1 = structure(c(0, 78, 
85, 1, 0, 0, 3, 147, 2, 0), dim = c(5L, 2L), dimnames = list(
    c("-2", "-1", "0", "1", "2"), c("A", "G"))), IM49_SNP1 = structure(c(0, 
2, 23, 35, 0), dim = c(5L, 1L), dimnames = list(c("-3", "-2", 
"-1", "0", "1"), "C")), LR10_SNP1 = structure(c(2, 77, 0, 0, 
0, 0, 3, 75, 0), dim = c(3L, 3L), dimnames = list(c("-1", "0", 
"1"), c("C", "G", "T"))), LR11_SNP1 = structure(c(0, 0, 0, 0, 
0, 9, 165, 0), dim = c(4L, 2L), dimnames = list(c("-2", "-1", 
"0", "1"), c("-", "A"))), LR17_SNP1 = structure(c(0, 6, 114, 
222, 0, 0, 0, 0, 0, 0, 0, 0), dim = c(6L, 2L), dimnames = list(
    c("-3", "-2", "-1", "0", "1", "2"), c("A", "G"))), LR20_SNP1 = structure(c(0, 
0, 0, 4, 54, 0, 0, 40, 0), dim = c(3L, 3L), dimnames = list(c("-1", 
"0", "1"), c("-", "A", "G"))), LR24_SNP1 = structure(c(5, 91, 
11, 145), dim = c(2L, 2L), dimnames = list(c("-1", "0"), c("A", 
"G"))), LR36_SNP1 = structure(c(0, 0, 67, 65, 0, 0, 0, 0, 0, 
0, 0, 0, 0, 0, 0, 0, 0, 6, 168, 0), dim = 5:4, dimnames = list(
    c("-3", "-2", "-1", "0", "1"), c("A", "C", "G", "T"))), LR40_SNP1 = structure(c(0, 
1, 0, 4, 205, 0), dim = 3:2, dimnames = list(c("-1", "0", "1"
), c("A", "C"))), LR44_SNP1 = structure(c(0, 29, 1, 11, 0, 0, 
8, 25, 12, 1), dim = c(5L, 2L), dimnames = list(c("-3", "-2", 
"-1", "0", "1"), c("C", "T"))), LR46_SNP1 = structure(c(0, 0, 
0, 0, 0, 0, 0, 0, 0, 0, 0, 0, 0, 0, 0, 0, 0, 6, 0, 0, 2, 371, 
260, 0, 0), dim = c(5L, 5L), dimnames = list(c("-2", "-1", "0", 
"1", "2"), c("-", "A", "C", "G", "T"))), LR48_SNP1 = structure(c(0, 
0, 0, 0, 0, 0, 0, 0, 97, 0, 76, 0, 0, 0, 0, 0, 0, 0, 0, 0, 1, 
75, 120, 0), dim = c(6L, 4L), dimnames = list(c("-4", "-3", "-2", 
"-1", "0", "1"), c("A", "C", "G", "T"))), LR49_SNP1 = structure(c(1, 
171, 2, 182), dim = c(2L, 2L), dimnames = list(c("-1", "0"), 
    c("A", "G"))), LR52_SNP1 = structure(c(0, 0, 0, 0, 0, 0, 
0, 0, 0, 1, 23, 69, 40, 99, 1, 0), dim = c(8L, 2L), dimnames = list(
    c("-5", "-4", "-3", "-2", "-1", "0", "1", "2"), c("C", "T"
    ))))
