Result <-
list(DEPDC2_SNP1 = structure(c(0, 94, 206, 1, 0, 3, 181, 0), dim = c(4L, 
2L), dimnames = list(c("-2", "-1", "0", "1"), c("C", "T"))), 
    GM01_SNP1 = structure(c(0, 0, 0, 8, 1185, 2, 1, 1, 0, 0, 
    0, 0), dim = 3:4, dimnames = list(c("-1", "0", "1"), c("-", 
    "A", "G", "T"))), GM07_SNP1 = structure(c(0, 0, 0, 0, 0, 
    0, 0, 38, 207, 238, 0, 0, 0, 0, 3, 216, 2, 0), dim = c(6L, 
    3L), dimnames = list(c("-3", "-2", "-1", "0", "1", "2"), 
        c("-", "A", "G"))), GM09_SNP1 = structure(c(71, 346, 
    0, 0, 2, 0), dim = 3:2, dimnames = list(c("-1", "0", "1"), 
        c("A", "G"))), GM11_SNP1 = structure(c(0, 146, 170, 0, 
    0, 2, 174, 0, 0, 0, 0, 0), dim = 4:3, dimnames = list(c("-2", 
    "-1", "0", "1"), c("A", "G", "T"))), GM14_SNP1 = structure(c(0, 
    0, 4, 197, 771, 1, 0, 0, 0, 1, 1, 0, 0, 0), dim = c(7L, 2L
    ), dimnames = list(c("-4", "-3", "-2", "-1", "0", "1", "2"
    ), c("C", "T"))), GM17_SNP1 = structure(c(0, 0, 0, 0, 0, 
    0, 4, 342, 0, 0, 0, 104, 213, 0, 0), dim = c(5L, 3L), dimnames = list(
        c("-2", "-1", "0", "1", "2"), c("A", "C", "T"))), GM22_SNP1 = structure(c(0, 
    0, 0, 0, 0, 0, 12, 1974, 1, 0, 0, 0, 4, 0, 0, 0, 0, 0, 0, 
    0), dim = 5:4, dimnames = list(c("-2", "-1", "0", "1", "2"
    ), c("-", "A", "G", "T"))), GM26_SNP1 = structure(c(2, 48, 
    320, 0, 0, 0, 1, 0), dim = c(4L, 2L), dimnames = list(c("-2", 
    "-1", "0", "1"), c("A", "G"))), GM29_SNP1 = structure(c(0, 
    0, 3, 341, 0, 0, 0, 11, 301, 0), dim = c(5L, 2L), dimnames = list(
        c("-3", "-2", "-1", "0", "1"), c("A", "G"))), IM16_SNP1 = structure(c(0, 
    0, 0, 0, 2, 122, 449, 0, 0, 0, 0, 0), dim = 4:3, dimnames = list(
        c("-2", "-1", "0", "1"), c("A", "G", "T"))), IM49_SNP1 = structure(c(0, 
    0, 24, 1, 1, 9, 11, 1), dim = c(4L, 2L), dimnames = list(
        c("-2", "-1", "0", "1"), c("C", "G"))), LR10_SNP1 = structure(c(0, 
    0, 0, 0, 0, 0, 81, 448, 0, 0), dim = c(5L, 2L), dimnames = list(
        c("-2", "-1", "0", "1", "2"), c("C", "T"))), LR11_SNP1 = structure(c(0, 
    16, 313, 0, 0, 7, 209, 0, 0, 0, 0, 0, 0, 0, 0, 0), dim = c(4L, 
    4L), dimnames = list(c("-2", "-1", "0", "1"), c("A", "C", 
    "G", "T"))), LR17_SNP1 = structure(c(0, 65, 890, 4, 0, 0, 
    0, 0, 0, 0, 0, 0, 0, 0, 0), dim = c(5L, 3L), dimnames = list(
        c("-2", "-1", "0", "1", "2"), c("A", "G", "T"))), LR20_SNP1 = structure(c(0, 
    193, 0, 0, 183, 1, 0, 0, 0), dim = c(3L, 3L), dimnames = list(
        c("-1", "0", "1"), c("A", "G", "T"))), LR24_SNP1 = structure(c(11, 
    384, 1), dim = c(3L, 1L), dimnames = list(c("-1", "0", "1"
    ), "G")), LR36_SNP1 = structure(c(0, 6, 64, 10, 672, 1, 0, 
    0, 0, 0, 3, 0), dim = c(6L, 2L), dimnames = list(c("-4", 
    "-3", "-2", "-1", "0", "1"), c("A", "T"))), LR40_SNP1 = structure(c(42, 
    366, 0, 0, 0, 0), dim = 3:2, dimnames = list(c("-1", "0", 
    "1"), c("C", "T"))), LR44_SNP1 = structure(c(0, 0, 1, 0, 
    0, 0, 1, 18, 26, 0, 0, 18, 9, 45, 0), dim = c(5L, 3L), dimnames = list(
        c("-3", "-2", "-1", "0", "1"), c("A", "C", "T"))), LR46_SNP1 = structure(c(0, 
    0, 0, 3, 1182, 0, 0, 7, 0), dim = c(3L, 3L), dimnames = list(
        c("-1", "0", "1"), c("A", "G", "T"))), LR48_SNP1 = structure(c(0, 
    0, 0, 0, 0, 0, 0, 0, 0, 344, 1, 0, 0, 6, 335, 318, 0, 0), dim = c(6L, 
    3L), dimnames = list(c("-3", "-2", "-1", "0", "1", "2"), 
        c("A", "C", "T"))), LR49_SNP1 = structure(c(0, 1, 2, 
    3, 264, 387, 0, 0, 0), dim = c(3L, 3L), dimnames = list(c("-2", 
    "-1", "0"), c("A", "G", "T"))), LR52_SNP1 = structure(c(0, 
    1, 0, 4, 182, 0, 0, 3, 45, 101, 233, 5), dim = c(6L, 2L), dimnames = list(
        c("-4", "-3", "-2", "-1", "0", "1"), c("C", "T"))))
