Result <-
list(DEPDC2_SNP1 = structure(c(0, 0, 292, 1, 0, 0, 277, 1), dim = c(4L, 
2L), dimnames = list(c("-2", "-1", "0", "1"), c("C", "T"))), 
    GM01_SNP1 = structure(c(0, 1, 681, 1, 0, 0, 0, 705, 1, 0), dim = c(5L, 
    2L), dimnames = list(c("-2", "-1", "0", "1", "2"), c("A", 
    "G"))), GM07_SNP1 = structure(c(0, 0, 0, 0, 0, 0, 0, 9, 467, 
    3, 0, 0, 0, 11, 415, 2, 0, 0, 0, 0, 1, 0, 0, 0), dim = c(6L, 
    4L), dimnames = list(c("-2", "-1", "0", "1", "2", "3"), c("-", 
    "A", "G", "T"))), GM09_SNP1 = structure(c(0, 301, 0, 0, 307, 
    0), dim = 3:2, dimnames = list(c("-1", "0", "1"), c("A", 
    "G"))), GM11_SNP1 = structure(c(0, 0, 291, 0, 0, 1, 301, 
    0), dim = c(4L, 2L), dimnames = list(c("-2", "-1", "0", "1"
    ), c("A", "G"))), GM14_SNP1 = structure(c(0, 0, 0, 0, 0, 
    0, 0, 6, 0, 0, 1, 7, 1186, 0, 0), dim = c(5L, 3L), dimnames = list(
        c("-2", "-1", "0", "1", "2"), c("A", "C", "T"))), GM17_SNP1 = structure(c(0, 
    0, 385, 0, 0, 2, 373, 0), dim = c(4L, 2L), dimnames = list(
        c("-2", "-1", "0", "1"), c("C", "T"))), GM22_SNP1 = structure(c(0, 
    4, 2298, 5, 0, 0, 0, 0, 0, 0, 0, 0, 0, 0, 0), dim = c(5L, 
    3L), dimnames = list(c("-2", "-1", "0", "1", "2"), c("A", 
    "G", "T"))), GM26_SNP1 = structure(c(0, 1, 527, 0, 0), dim = c(5L, 
    1L), dimnames = list(c("-2", "-1", "0", "1", "2"), "A")), 
    GM29_SNP1 = structure(c(0, 1, 0, 2, 816, 1, 0, 0, 0), dim = c(3L, 
    3L), dimnames = list(c("-1", "0", "1"), c("A", "G", "T"))), 
    IM16_SNP1 = structure(c(0, 0, 1, 0, 0, 0, 2, 892, 2, 0), dim = c(5L, 
    2L), dimnames = list(c("-2", "-1", "0", "1", "2"), c("A", 
    "G"))), IM49_SNP1 = structure(c(1, 81, 0), dim = c(3L, 1L
    ), dimnames = list(c("-1", "0", "1"), "C")), LR10_SNP1 = structure(c(0, 
    0, 0, 2, 307, 0, 1, 370, 0), dim = c(3L, 3L), dimnames = list(
        c("-1", "0", "1"), c("A", "C", "T"))), LR11_SNP1 = structure(c(1, 
    1, 420, 2, 0, 1, 344, 0, 0, 0, 0, 0), dim = 4:3, dimnames = list(
        c("-2", "-1", "0", "1"), c("A", "C", "G"))), LR17_SNP1 = structure(c(1, 
    11, 1053, 2, 0, 0, 0, 0, 0, 0), dim = c(5L, 2L), dimnames = list(
        c("-2", "-1", "0", "1", "2"), c("A", "G"))), LR20_SNP1 = structure(c(0, 
    155, 0, 196), dim = c(2L, 2L), dimnames = list(c("-1", "0"
    ), c("A", "G"))), LR24_SNP1 = structure(c(0, 1, 0, 0, 408, 
    0), dim = 3:2, dimnames = list(c("-1", "0", "1"), c("A", 
    "G"))), LR36_SNP1 = structure(c(0, 0, 0, 1, 0, 0, 1, 0, 469, 
    2, 1, 1, 0, 444, 0), dim = c(5L, 3L), dimnames = list(c("-3", 
    "-2", "-1", "0", "1"), c("-", "A", "T"))), LR40_SNP1 = structure(c(0, 
    0, 2, 0, 0, 0, 564, 1), dim = c(4L, 2L), dimnames = list(
        c("-2", "-1", "0", "1"), c("A", "C"))), LR44_SNP1 = structure(c(0, 
    5, 175, 1, 0), dim = c(5L, 1L), dimnames = list(c("-2", "-1", 
    "0", "1", "2"), "T")), LR46_SNP1 = structure(c(0, 2, 0, 1, 
    857, 0, 2, 811, 0), dim = c(3L, 3L), dimnames = list(c("-1", 
    "0", "1"), c("A", "G", "T"))), LR48_SNP1 = structure(c(0, 
    0, 0, 0, 0, 0, 0, 0, 0, 0, 0, 0, 0, 0, 0, 0, 9, 1218, 2, 
    0, 0, 0, 0, 0, 0, 0, 0, 0, 0, 0, 0, 1, 0, 0, 0), dim = c(7L, 
    5L), dimnames = list(c("-3", "-2", "-1", "0", "1", "2", "3"
    ), c("-", "A", "C", "G", "T"))), LR49_SNP1 = structure(c(0, 
    3, 0, 0, 873, 0), dim = 3:2, dimnames = list(c("-1", "0", 
    "1"), c("A", "G"))), LR52_SNP1 = structure(c(0, 0, 0, 0, 
    0, 0, 0, 14, 328, 1, 0, 0, 6, 383, 1), dim = c(5L, 3L), dimnames = list(
        c("-3", "-2", "-1", "0", "1"), c("A", "C", "T"))))
