Result <-
list(DEPDC2_SNP1 = structure(c(0, 0, 0, 0, 0, 0, 252, 0, 0, 1, 
393, 0), dim = 4:3, dimnames = list(c("-3", "-1", "0", "1"), 
    c("A", "C", "T"))), GM01_SNP1 = structure(c(2, 779, 0, 0, 
0, 2, 0, 0), dim = c(4L, 2L), dimnames = list(c("-1", "0", "1", 
"2"), c("A", "G"))), GM07_SNP1 = structure(c(0, 0, 0, 0, 0, 0, 
0, 0, 16, 796, 3, 0, 0, 0, 0, 0, 0, 0), dim = c(6L, 3L), dimnames = list(
    c("-3", "-2", "-1", "0", "1", "2"), c("-", "A", "G"))), GM09_SNP1 = structure(c(0, 
162, 0, 0, 73, 0), dim = 3:2, dimnames = list(c("-1", "0", "1"
), c("A", "G"))), GM11_SNP1 = structure(c(0, 202, 0, 0, 172, 
0, 0, 1, 0), dim = c(3L, 3L), dimnames = list(c("-1", "0", "1"
), c("A", "G", "T"))), GM14_SNP1 = structure(c(0, 0, 0, 1, 0, 
0, 0, 0, 0, 0, 0, 0, 1, 0, 12, 741, 1, 0, 0, 1, 0, 1, 0, 0), dim = c(6L, 
4L), dimnames = list(c("-3", "-2", "-1", "0", "1", "2"), c("-", 
"A", "C", "T"))), GM17_SNP1 = structure(c(0, 0, 2, 0, 0, 0, 398, 
0), dim = c(4L, 2L), dimnames = list(c("-3", "-1", "0", "1"), 
    c("C", "T"))), GM22_SNP1 = structure(c(0, 0, 0, 488, 0, 0, 
0, 0, 0, 0, 0, 0, 4, 953, 0, 0, 0, 0, 0, 0), dim = 5:4, dimnames = list(
    c("-3", "-2", "-1", "0", "1"), c("A", "C", "G", "T"))), GM26_SNP1 = structure(c(0, 
227, 0, 0, 110, 0), dim = 3:2, dimnames = list(c("-1", "0", "1"
), c("A", "G"))), GM29_SNP1 = structure(c(0, 3, 575, 0, 0, 0, 
0, 0, 0, 0, 0, 0), dim = 4:3, dimnames = list(c("-2", "-1", "0", 
"1"), c("A", "G", "T"))), IM16_SNP1 = structure(c(0, 2, 322, 
1, 0, 0, 151, 0, 0, 0, 0, 0), dim = 4:3, dimnames = list(c("-3", 
"-1", "0", "1"), c("A", "G", "T"))), IM49_SNP1 = structure(c(0, 
0, 0, 33, 0, 0, 0, 0, 18, 0), dim = c(5L, 2L), dimnames = list(
    c("-3", "-2", "-1", "0", "1"), c("C", "G"))), LR10_SNP1 = structure(c(0, 
0, 273, 0, 1, 0, 1, 1, 0, 0), dim = c(5L, 2L), dimnames = list(
    c("-2", "-1", "0", "1", "2"), c("C", "T"))), LR11_SNP1 = structure(c(0, 
4, 327, 0, 0), dim = c(5L, 1L), dimnames = list(c("-2", "-1", 
"0", "1", "2"), "C")), LR17_SNP1 = structure(c(0, 2, 456, 5, 
0, 0, 0, 0), dim = c(4L, 2L), dimnames = list(c("-2", "-1", "0", 
"1"), c("A", "G"))), LR20_SNP1 = structure(c(0, 0, 0, 0, 201, 
0), dim = 3:2, dimnames = list(c("-1", "0", "1"), c("-", "A"))), 
    LR24_SNP1 = structure(c(1, 125, 0, 0, 193, 0), dim = 3:2, dimnames = list(
        c("-1", "0", "1"), c("A", "G"))), LR36_SNP1 = structure(c(0, 
    0, 231, 1, 0, 0, 0, 0, 0, 0, 325, 0), dim = 4:3, dimnames = list(
        c("-2", "-1", "0", "1"), c("A", "G", "T"))), LR40_SNP1 = structure(c(0, 
    1, 464, 1), dim = c(4L, 1L), dimnames = list(c("-2", "-1", 
    "0", "1"), "C")), LR44_SNP1 = structure(c(0, 0, 50, 0, 0, 
    0, 2, 56, 0, 0), dim = c(5L, 2L), dimnames = list(c("-2", 
    "-1", "0", "1", "2"), c("C", "T"))), LR46_SNP1 = structure(c(0, 
    0, 0, 0, 1, 545, 0, 0, 1, 252, 0, 0), dim = 4:3, dimnames = list(
        c("-1", "0", "1", "2"), c("A", "G", "T"))), LR48_SNP1 = structure(c(0, 
    0, 0, 0, 0, 0, 0, 1, 7, 741, 2, 0, 0, 0, 1, 1, 0, 0), dim = c(6L, 
    3L), dimnames = list(c("-3", "-2", "-1", "0", "1", "2"), 
        c("A", "C", "T"))), LR49_SNP1 = structure(c(0, 471, 0, 
    0, 0, 0, 0, 163, 0), dim = c(3L, 3L), dimnames = list(c("-1", 
    "0", "1"), c("A", "C", "G"))), LR52_SNP1 = structure(c(0, 
    0, 1, 12, 332, 0, 0, 0, 0, 3, 136, 0), dim = c(6L, 2L), dimnames = list(
        c("-4", "-3", "-2", "-1", "0", "1"), c("C", "T"))))
