Result <-
list(DEPDC2_SNP1 = structure(c(0, 2, 0, 0, 125, 0), dim = 3:2, dimnames = list(
    c("-1", "0", "1"), c("C", "T"))), GM01_SNP1 = structure(c(0, 
0, 1, 0, 0, 90, 303, 2, 0, 0, 0, 0), dim = 4:3, dimnames = list(
    c("-2", "-1", "0", "1"), c("A", "G", "T"))), GM07_SNP1 = structure(c(0, 
0, 1, 0, 2, 89, 107, 0, 0, 1, 0, 0), dim = 4:3, dimnames = list(
    c("-2", "-1", "0", "1"), c("-", "A", "G"))), GM09_SNP1 = structure(c(0, 
149, 0, 0, 1, 0), dim = 3:2, dimnames = list(c("-1", "0", "1"
), c("A", "G"))), GM11_SNP1 = structure(c(0, 1, 87, 0, 1, 50, 
66, 0, 0, 0, 0, 0), dim = 4:3, dimnames = list(c("-2", "-1", 
"0", "1"), c("A", "G", "T"))), GM14_SNP1 = structure(c(5, 214, 
0, 4, 247, 0), dim = 3:2, dimnames = list(c("-1", "0", "1"), 
    c("C", "T"))), GM17_SNP1 = structure(c(0, 0, 0, 0, 0, 2, 
223, 0, 0, 0, 266, 1), dim = 4:3, dimnames = list(c("-2", "-1", 
"0", "1"), c("A", "C", "T"))), GM22_SNP1 = structure(c(0, 6, 
293, 0, 0, 0, 209, 0), dim = c(4L, 2L), dimnames = list(c("-2", 
"-1", "0", "1"), c("A", "G"))), GM26_SNP1 = structure(c(0, 0, 
73, 0, 0, 1, 62, 0), dim = c(4L, 2L), dimnames = list(c("-2", 
"-1", "0", "1"), c("A", "G"))), GM29_SNP1 = structure(c(0, 0, 
0, 1, 0, 0, 1, 148, 211, 0), dim = c(5L, 2L), dimnames = list(
    c("-3", "-2", "-1", "0", "1"), c("A", "G"))), IM16_SNP1 = structure(c(0, 
0, 0, 0, 0, 1, 38, 115, 40, 0), dim = c(5L, 2L), dimnames = list(
    c("-2", "-1", "0", "1", "2"), c("A", "G"))), IM49_SNP1 = structure(c(0, 
0, 1, 0, 0, 0, 52, 42, 0, 0), dim = c(5L, 2L), dimnames = list(
    c("-2", "-1", "0", "1", "2"), c("C", "G"))), LR10_SNP1 = structure(c(1, 
31, 112, 0, 0, 0, 1, 0), dim = c(4L, 2L), dimnames = list(c("-2", 
"-1", "0", "1"), c("C", "T"))), LR11_SNP1 = structure(c(0, 1, 
1, 0, 0, 4, 47, 182, 0, 0), dim = c(5L, 2L), dimnames = list(
    c("-2", "-1", "0", "1", "2"), c("A", "C"))), LR17_SNP1 = structure(c(0, 
2, 224, 281, 0, 0), dim = c(6L, 1L), dimnames = list(c("-3", 
"-2", "-1", "0", "1", "2"), "A")), LR20_SNP1 = structure(c(59, 
66, 0, 2), dim = c(2L, 2L), dimnames = list(c("-1", "0"), c("A", 
"G"))), LR24_SNP1 = structure(c(7, 160, 0, 1, 134, 0), dim = 3:2, dimnames = list(
    c("-1", "0", "1"), c("A", "G"))), LR36_SNP1 = structure(c(0, 
65, 3, 78, 1, 0, 0, 3, 139, 1), dim = c(5L, 2L), dimnames = list(
    c("-3", "-2", "-1", "0", "1"), c("A", "T"))), LR40_SNP1 = structure(c(1, 
131, 0, 21, 69, 0), dim = 3:2, dimnames = list(c("-1", "0", "1"
), c("A", "C"))), LR44_SNP1 = structure(c(0, 16, 12, 29, 0, 0, 
1, 0, 1, 0), dim = c(5L, 2L), dimnames = list(c("-3", "-2", "-1", 
"0", "1"), c("C", "T"))), LR46_SNP1 = structure(c(0, 0, 0, 0, 
14, 100, 129, 0, 0, 2, 221, 0), dim = 4:3, dimnames = list(c("-2", 
"-1", "0", "1"), c("A", "G", "T"))), LR48_SNP1 = structure(c(0, 
2, 162, 0, 0, 76, 114, 1), dim = c(4L, 2L), dimnames = list(c("-2", 
"-1", "0", "1"), c("C", "T"))), LR49_SNP1 = structure(c(1, 106, 
133, 0, 0, 1, 238, 1), dim = c(4L, 2L), dimnames = list(c("-2", 
"-1", "0", "1"), c("A", "G"))), LR52_SNP1 = structure(c(0, 0, 
0, 0, 2, 0, 0, 47, 40, 4, 152, 1), dim = c(6L, 2L), dimnames = list(
    c("-4", "-3", "-2", "-1", "0", "1"), c("C", "T"))))
