Result <-
list(DEPDC2_SNP1 = structure(c(0, 198, 0), dim = c(3L, 1L), dimnames = list(
    c("-1", "0", "1"), "T")), GM01_SNP1 = structure(c(5, 15, 
473, 1, 0, 0, 1, 0), dim = c(4L, 2L), dimnames = list(c("-2", 
"-1", "0", "1"), c("A", "G"))), GM07_SNP1 = structure(c(0, 0, 
0, 0, 43, 5, 91, 1, 1, 41, 95, 1), dim = 4:3, dimnames = list(
    c("-2", "-1", "0", "1"), c("-", "A", "G"))), GM09_SNP1 = structure(c(0, 
1, 0, 0, 234, 0), dim = 3:2, dimnames = list(c("-1", "0", "1"
), c("A", "G"))), GM11_SNP1 = structure(c(0, 5, 0, 74, 216, 3
), dim = 3:2, dimnames = list(c("-1", "0", "1"), c("A", "G"))), 
    GM14_SNP1 = structure(c(1, 164, 4, 262, 2, 0, 1, 8, 346, 
    3), dim = c(5L, 2L), dimnames = list(c("-3", "-2", "-1", 
    "0", "1"), c("C", "T"))), GM17_SNP1 = structure(c(0, 5, 250, 
    0, 0, 0, 69, 132, 0, 0), dim = c(5L, 2L), dimnames = list(
        c("-2", "-1", "0", "1", "2"), c("C", "T"))), GM22_SNP1 = structure(c(0, 
    5, 458, 397, 29, 2, 0, 0, 2, 0, 0, 0), dim = c(6L, 2L), dimnames = list(
        c("-2", "-1", "0", "1", "2", "3"), c("A", "G"))), GM26_SNP1 = structure(c(0, 
    11, 98, 0, 0, 3, 110, 1), dim = c(4L, 2L), dimnames = list(
        c("-2", "-1", "0", "1"), c("A", "G"))), GM29_SNP1 = structure(c(4, 
    54, 197, 0, 0, 16, 222, 1), dim = c(4L, 2L), dimnames = list(
        c("-2", "-1", "0", "1"), c("A", "G"))), IM16_SNP1 = structure(c(1, 
    217, 1, 0), dim = c(4L, 1L), dimnames = list(c("-1", "0", 
    "1", "2"), "G")), IM49_SNP1 = structure(c(3, 18, 57, 1, 4, 
    11, 32, 0), dim = c(4L, 2L), dimnames = list(c("-2", "-1", 
    "0", "1"), c("C", "G"))), LR10_SNP1 = structure(c(0, 1, 0, 
    3, 172, 0), dim = 3:2, dimnames = list(c("-1", "0", "1"), 
        c("C", "T"))), LR11_SNP1 = structure(c(0, 58, 13, 326, 
    5, 0, 0, 0, 0, 1, 0, 0, 0, 0, 0, 0, 0, 0), dim = c(6L, 3L
    ), dimnames = list(c("-3", "-2", "-1", "0", "1", "2"), c("A", 
    "C", "T"))), LR17_SNP1 = structure(c(0, 8, 113, 385, 2, 0, 
    0, 0, 0, 0, 0, 0, 0, 0, 0), dim = c(5L, 3L), dimnames = list(
        c("-3", "-2", "-1", "0", "1"), c("A", "G", "T"))), LR20_SNP1 = structure(c(20, 
    36, 0, 55), dim = c(2L, 2L), dimnames = list(c("-1", "0"), 
        c("A", "G"))), LR24_SNP1 = structure(c(1, 21, 326, 1), dim = c(4L, 
    1L), dimnames = list(c("-2", "-1", "0", "1"), "G")), LR36_SNP1 = structure(c(0, 
    0, 0, 3, 0, 0, 0, 0, 0, 0, 0, 0, 0, 10, 81, 303, 1, 0), dim = c(6L, 
    3L), dimnames = list(c("-3", "-2", "-1", "0", "1", "2"), 
        c("A", "C", "T"))), LR40_SNP1 = structure(c(2, 107, 0, 
    0, 4, 119, 0, 0), dim = c(4L, 2L), dimnames = list(c("-1", 
    "0", "1", "2"), c("A", "C"))), LR44_SNP1 = structure(c(0, 
    1, 1, 17, 25, 0, 0, 0, 0, 0, 7, 65, 1, 0), dim = c(7L, 2L
    ), dimnames = list(c("-4", "-3", "-2", "-1", "0", "1", "2"
    ), c("C", "T"))), LR46_SNP1 = structure(c(0, 0, 0, 0, 0, 
    110, 187, 0, 4, 116, 206, 0), dim = 4:3, dimnames = list(
        c("-2", "-1", "0", "1"), c("A", "G", "T"))), LR48_SNP1 = structure(c(0, 
    5, 93, 148, 0, 0, 0, 3, 73, 162, 0, 0), dim = c(6L, 2L), dimnames = list(
        c("-3", "-2", "-1", "0", "1", "2"), c("C", "T"))), LR49_SNP1 = structure(c(0, 
    1, 6, 463), dim = c(2L, 2L), dimnames = list(c("-1", "0"), 
        c("A", "G"))), LR52_SNP1 = structure(c(0, 0, 0, 0, 0, 
    0, 0, 0, 0, 0, 2, 0, 16, 65, 64, 7, 240, 0), dim = c(6L, 
    3L), dimnames = list(c("-4", "-3", "-2", "-1", "0", "1"), 
        c("A", "C", "T"))))
