Result <-
list(DEPDC2_SNP1 = structure(c(0, 0, 1, 0, 0, 0, 6, 214, 87, 
3), dim = c(5L, 2L), dimnames = list(c("-2", "-1", "0", "1", 
"2"), c("C", "T"))), GM01_SNP1 = structure(c(0, 6, 287, 1, 0, 
2, 285, 1), dim = c(4L, 2L), dimnames = list(c("-2", "-1", "0", 
"1"), c("A", "G"))), GM07_SNP1 = structure(c(0, 0, 0, 0, 0, 0, 
0, 2, 158, 87, 2, 0, 1, 10, 159, 94, 1, 0), dim = c(6L, 3L), dimnames = list(
    c("-3", "-2", "-1", "0", "1", "2"), c("-", "A", "G"))), GM09_SNP1 = structure(c(0, 
2, 99, 0, 2, 1, 181, 0), dim = c(4L, 2L), dimnames = list(c("-2", 
"-1", "0", "1"), c("A", "G"))), GM11_SNP1 = structure(c(3, 357, 
0, 0, 2, 0, 0, 0, 0), dim = c(3L, 3L), dimnames = list(c("-1", 
"0", "1"), c("A", "G", "T"))), GM14_SNP1 = structure(c(1, 0, 
13, 328, 0, 1, 124, 74, 114, 0), dim = c(5L, 2L), dimnames = list(
    c("-3", "-2", "-1", "0", "1"), c("C", "T"))), GM17_SNP1 = structure(c(2, 
229, 0, 2, 264, 0), dim = 3:2, dimnames = list(c("-1", "0", "1"
), c("C", "T"))), GM22_SNP1 = structure(c(0, 0, 15, 0, 0, 1, 
378, 816, 0, 0, 0, 0, 0, 0, 0), dim = c(5L, 3L), dimnames = list(
    c("-2", "-1", "0", "1", "2"), c("A", "G", "T"))), GM26_SNP1 = structure(c(2, 
141, 0, 0, 141, 0), dim = 3:2, dimnames = list(c("-1", "0", "1"
), c("A", "G"))), GM29_SNP1 = structure(c(0, 1, 175, 381, 0, 
0, 0, 0, 0, 0, 0, 0, 0, 2, 0), dim = c(5L, 3L), dimnames = list(
    c("-3", "-2", "-1", "0", "1"), c("A", "C", "G"))), IM16_SNP1 = structure(c(0, 
0, 2, 0, 0, 0, 0, 141, 191, 149, 2, 0), dim = c(6L, 2L), dimnames = list(
    c("-2", "-1", "0", "1", "2", "3"), c("A", "G"))), IM49_SNP1 = structure(c(0, 
0, 0, 0, 0, 0, 0, 0, 4, 0, 0, 31, 29, 31, 0), dim = c(5L, 3L), dimnames = list(
    c("-3", "-2", "-1", "0", "1"), c("A", "C", "G"))), LR10_SNP1 = structure(c(0, 
0, 2, 0, 0, 86, 198, 0), dim = c(4L, 2L), dimnames = list(c("-2", 
"-1", "0", "1"), c("C", "T"))), LR11_SNP1 = structure(c(0, 1, 
107, 57, 0, 0, 0, 26, 114, 0), dim = c(5L, 2L), dimnames = list(
    c("-4", "-2", "-1", "0", "1"), c("A", "C"))), LR17_SNP1 = structure(c(0, 
0, 19, 391, 2, 0, 0, 0, 0, 0), dim = c(5L, 2L), dimnames = list(
    c("-3", "-2", "-1", "0", "1"), c("A", "G"))), LR20_SNP1 = structure(c(0, 
73, 0, 0, 67, 0), dim = 3:2, dimnames = list(c("-1", "0", "1"
), c("A", "G"))), LR24_SNP1 = structure(c(0, 185, 2), dim = c(3L, 
1L), dimnames = list(c("-1", "0", "1"), "G")), LR36_SNP1 = structure(c(0, 
0, 0, 2, 0, 0, 0, 0, 0, 0, 5, 174, 196, 1, 15, 126, 5, 1), dim = c(9L, 
2L), dimnames = list(c("-3", "-2", "-1", "0", "1", "2", "3", 
"4", "5"), c("A", "T"))), LR40_SNP1 = structure(c(0, 6, 166, 
0, 1, 111, 61, 0), dim = c(4L, 2L), dimnames = list(c("-2", "-1", 
"0", "1"), c("A", "C"))), LR44_SNP1 = structure(c(0, 38, 35, 
46, 2, 0, 0, 0, 2, 0), dim = c(5L, 2L), dimnames = list(c("-3", 
"-2", "-1", "0", "1"), c("C", "T"))), LR46_SNP1 = structure(c(0, 
0, 0, 0, 0, 0, 0, 10, 0, 23, 1176, 1), dim = 3:4, dimnames = list(
    c("-1", "0", "1"), c("-", "A", "G", "T"))), LR48_SNP1 = structure(c(0, 
0, 0, 0, 0, 0, 0, 3, 200, 110, 0, 0, 0, 4, 361, 117, 0, 0), dim = c(6L, 
3L), dimnames = list(c("-3", "-2", "-1", "0", "1", "2"), c("A", 
"C", "T"))), LR49_SNP1 = structure(c(0, 5, 3, 487), dim = c(2L, 
2L), dimnames = list(c("-1", "0"), c("A", "G"))), LR52_SNP1 = structure(c(0, 
0, 0, 0, 0, 1, 0, 0, 7, 154, 0, 6, 69, 0, 0, 0, 0, 8, 76, 150, 
0), dim = c(7L, 3L), dimnames = list(c("-5", "-4", "-3", "-2", 
"-1", "0", "1"), c("A", "C", "T"))))
