Result <-
list(DEPDC2_SNP1 = structure(c(0, 2, 156, 0, 1, 101, 62, 0), dim = c(4L, 
2L), dimnames = list(c("-2", "-1", "0", "1"), c("C", "T"))), 
    GM01_SNP1 = structure(c(2, 14, 0, 8, 669, 0), dim = 3:2, dimnames = list(
        c("-1", "0", "1"), c("A", "G"))), GM07_SNP1 = structure(c(0, 
    3, 2, 0, 43, 295, 191, 0), dim = c(4L, 2L), dimnames = list(
        c("-2", "-1", "0", "1"), c("A", "G"))), GM09_SNP1 = structure(c(0, 
    2, 0, 5, 258, 0), dim = 3:2, dimnames = list(c("-1", "0", 
    "1"), c("A", "G"))), GM11_SNP1 = structure(c(5, 217, 2, 20, 
    212, 0, 0, 0, 0), dim = c(3L, 3L), dimnames = list(c("-1", 
    "0", "1"), c("A", "G", "T"))), GM14_SNP1 = structure(c(0, 
    4, 277, 516, 2, 0, 0, 1, 1, 0), dim = c(5L, 2L), dimnames = list(
        c("-3", "-2", "-1", "0", "1"), c("C", "T"))), GM17_SNP1 = structure(c(4, 
    256, 0, 5, 286, 0), dim = 3:2, dimnames = list(c("-1", "0", 
    "1"), c("C", "T"))), GM22_SNP1 = structure(c(1, 389, 847, 
    1, 0, 0, 2, 0, 0, 0, 1, 0), dim = 4:3, dimnames = list(c("-2", 
    "-1", "0", "1"), c("A", "G", "T"))), GM26_SNP1 = structure(c(3, 
    328, 1, 0, 1, 0), dim = 3:2, dimnames = list(c("-1", "0", 
    "1"), c("A", "G"))), GM29_SNP1 = structure(c(0, 0, 6, 0, 
    0, 197, 419, 0), dim = c(4L, 2L), dimnames = list(c("-2", 
    "-1", "0", "1"), c("A", "G"))), IM16_SNP1 = structure(c(0, 
    0, 7, 0, 2, 173, 317, 1), dim = c(4L, 2L), dimnames = list(
        c("-2", "-1", "0", "1"), c("A", "G"))), IM49_SNP1 = structure(c(8, 
    116, 1, 0, 0, 0), dim = 3:2, dimnames = list(c("-1", "0", 
    "1"), c("C", "T"))), LR10_SNP1 = structure(c(0, 1, 0, 2, 
    148, 1, 3, 139, 0), dim = c(3L, 3L), dimnames = list(c("-1", 
    "0", "1"), c("A", "C", "T"))), LR11_SNP1 = structure(c(0, 
    13, 178, 3, 1, 110, 55, 0), dim = c(4L, 2L), dimnames = list(
        c("-2", "-1", "0", "1"), c("A", "C"))), LR17_SNP1 = structure(c(2, 
    188, 388, 1, 0, 0, 0, 0, 0, 0), dim = c(5L, 2L), dimnames = list(
        c("-2", "-1", "0", "1", "2"), c("A", "G"))), LR20_SNP1 = structure(c(2, 
    73, 0, 0, 71, 0), dim = 3:2, dimnames = list(c("-1", "0", 
    "1"), c("A", "G"))), LR24_SNP1 = structure(c(3, 232, 0, 2
    ), dim = c(2L, 2L), dimnames = list(c("-1", "0"), c("A", 
    "G"))), LR36_SNP1 = structure(c(0, 0, 1, 2, 3, 0, 0, 2, 186, 
    163, 198, 2), dim = c(6L, 2L), dimnames = list(c("-4", "-3", 
    "-2", "-1", "0", "1"), c("A", "T"))), LR40_SNP1 = structure(c(1, 
    129, 286, 0, 0, 0, 0, 0), dim = c(4L, 2L), dimnames = list(
        c("-2", "-1", "0", "1"), c("C", "T"))), LR44_SNP1 = structure(c(0, 
    0, 1, 0, 1, 8, 86, 1, 0, 0, 5, 0), dim = 4:3, dimnames = list(
        c("-2", "-1", "0", "1"), c("-", "C", "T"))), LR46_SNP1 = structure(c(0, 
    0, 0, 0, 0, 0, 0, 312, 7, 613, 0, 0, 0, 0, 0, 13, 0, 0), dim = c(6L, 
    3L), dimnames = list(c("-3", "-2", "-1", "0", "1", "2"), 
        c("A", "G", "T"))), LR48_SNP1 = structure(c(0, 0, 0, 
    0, 0, 0, 1, 202, 208, 259, 3, 0, 0, 0, 2, 4, 0, 0), dim = c(6L, 
    3L), dimnames = list(c("-3", "-2", "-1", "0", "1", "2"), 
        c("A", "C", "T"))), LR49_SNP1 = structure(c(213, 93, 
    0, 8, 334, 0, 0, 0, 0), dim = c(3L, 3L), dimnames = list(
        c("-1", "0", "1"), c("A", "G", "T"))), LR52_SNP1 = structure(c(0, 
    0, 0, 0, 0, 0, 0, 2, 22, 121, 75, 0, 0, 163, 3, 2, 76, 0), dim = c(6L, 
    3L), dimnames = list(c("-4", "-3", "-2", "-1", "0", "1"), 
        c("A", "C", "T"))))
