Result <-
list(DEPDC2_SNP1 = structure(c(1, 186, 293, 1, 0, 0, 3, 316, 
6, 0), dim = c(5L, 2L), dimnames = list(c("-2", "-1", "0", "1", 
"2"), c("C", "T"))), GM01_SNP1 = structure(c(8, 523, 3, 0, 6, 
520, 1, 0), dim = c(4L, 2L), dimnames = list(c("-1", "0", "1", 
"2"), c("A", "G"))), GM07_SNP1 = structure(c(0, 1, 0, 0, 0, 60, 
639, 353, 5, 0, 0, 0, 0, 0, 0, 0, 0, 0, 0, 0), dim = 5:4, dimnames = list(
    c("-2", "-1", "0", "1", "2"), c("-", "A", "G", "T"))), GM09_SNP1 = structure(c(3, 
194, 0, 2, 201, 0), dim = 3:2, dimnames = list(c("-1", "0", "1"
), c("A", "G"))), GM11_SNP1 = structure(c(0, 3, 373, 1, 0, 210, 
140, 0), dim = c(4L, 2L), dimnames = list(c("-2", "-1", "0", 
"1"), c("A", "G"))), GM14_SNP1 = structure(c(0, 0, 3, 153, 0, 
0, 0, 7, 594, 250, 0, 0), dim = c(6L, 2L), dimnames = list(c("-3", 
"-2", "-1", "0", "1", "2"), c("C", "T"))), GM17_SNP1 = structure(c(0, 
0, 0, 8, 426, 2, 3, 432, 1), dim = c(3L, 3L), dimnames = list(
    c("-1", "0", "1"), c("A", "C", "T"))), GM22_SNP1 = structure(c(0, 
0, 8, 2142, 3, 0, 0, 0, 0, 3, 0, 0, 0, 0, 0, 0, 0, 0), dim = c(6L, 
3L), dimnames = list(c("-4", "-2", "-1", "0", "1", "2"), c("A", 
"G", "T"))), GM26_SNP1 = structure(c(0, 29, 468, 0), dim = c(4L, 
1L), dimnames = list(c("-2", "-1", "0", "1"), "A")), GM29_SNP1 = structure(c(5, 
290, 143, 0, 0, 211, 203, 0), dim = c(4L, 2L), dimnames = list(
    c("-2", "-1", "0", "1"), c("A", "G"))), IM16_SNP1 = structure(c(0, 
0, 1, 0, 85, 651, 402, 3, 0, 0, 0, 0), dim = 4:3, dimnames = list(
    c("-2", "-1", "0", "1"), c("A", "G", "T"))), IM49_SNP1 = structure(c(1, 
51, 1, 20, 0, 0, 35, 10, 13, 0), dim = c(5L, 2L), dimnames = list(
    c("-3", "-2", "-1", "0", "1"), c("C", "G"))), LR10_SNP1 = structure(c(0, 
0, 1, 0, 1, 3, 565, 0), dim = c(4L, 2L), dimnames = list(c("-2", 
"-1", "0", "1"), c("C", "T"))), LR11_SNP1 = structure(c(6, 202, 
151, 1), dim = c(4L, 1L), dimnames = list(c("-2", "-1", "0", 
"1"), "C")), LR17_SNP1 = structure(c(0, 5, 369, 194, 1), dim = c(5L, 
1L), dimnames = list(c("-3", "-2", "-1", "0", "1"), "A")), LR20_SNP1 = structure(c(1, 
59, 74, 0, 0, 114), dim = 3:2, dimnames = list(c("-2", "-1", 
"0"), c("A", "G"))), LR24_SNP1 = structure(c(0, 1, 0, 20, 188, 
2), dim = 3:2, dimnames = list(c("-1", "0", "1"), c("A", "G"))), 
    LR36_SNP1 = structure(c(0, 1, 5, 405, 32, 0, 0, 1, 13, 495, 
    2, 0), dim = c(6L, 2L), dimnames = list(c("-3", "-2", "-1", 
    "0", "1", "2"), c("A", "T"))), LR40_SNP1 = structure(c(0, 
    0, 1, 0, 7, 166, 398, 0), dim = c(4L, 2L), dimnames = list(
        c("-2", "-1", "0", "1"), c("A", "C"))), LR44_SNP1 = structure(c(4, 
    172, 2, 98, 0), dim = c(5L, 1L), dimnames = list(c("-3", 
    "-2", "-1", "0", "1"), "C")), LR46_SNP1 = structure(c(0, 
    0, 0, 15, 1608, 3, 0, 1, 0), dim = c(3L, 3L), dimnames = list(
        c("-1", "0", "1"), c("A", "G", "T"))), LR48_SNP1 = structure(c(2, 
    106, 1027, 5, 0, 0, 1, 1, 0, 0), dim = c(5L, 2L), dimnames = list(
        c("-2", "-1", "0", "1", "2"), c("C", "T"))), LR49_SNP1 = structure(c(0, 
    0, 1, 0, 201, 462), dim = 3:2, dimnames = list(c("-2", "-1", 
    "0"), c("A", "G"))), LR52_SNP1 = structure(c(0, 0, 0, 0, 
    0, 0, 0, 17, 549, 18, 256, 1, 0, 0, 1, 0, 0, 0), dim = c(6L, 
    3L), dimnames = list(c("-4", "-3", "-2", "-1", "0", "1"), 
        c("A", "C", "T"))))
