Result <-
list(DEPDC2_SNP1 = structure(c(0, 2, 0, 0, 425, 2), dim = 3:2, dimnames = list(
    c("-1", "0", "1"), c("C", "T"))), GM01_SNP1 = structure(c(0, 
7, 553, 0, 0, 2, 550, 1), dim = c(4L, 2L), dimnames = list(c("-2", 
"-1", "0", "1"), c("A", "G"))), GM07_SNP1 = structure(c(0, 0, 
1, 0, 35, 369, 397, 2), dim = c(4L, 2L), dimnames = list(c("-2", 
"-1", "0", "1"), c("A", "G"))), GM09_SNP1 = structure(c(8, 451, 
0, 0, 1, 0, 0, 0, 0), dim = c(3L, 3L), dimnames = list(c("-1", 
"0", "1"), c("A", "G", "T"))), GM11_SNP1 = structure(c(6, 323, 
0, 17, 285, 0), dim = 3:2, dimnames = list(c("-1", "0", "1"), 
    c("A", "G"))), GM14_SNP1 = structure(c(0, 0, 0, 1, 0, 0, 
0, 0, 1, 0, 4, 0, 4, 565, 559, 0), dim = c(4L, 4L), dimnames = list(
    c("-2", "-1", "0", "1"), c("-", "A", "C", "T"))), GM17_SNP1 = structure(c(0, 
209, 15, 684, 0, 0, 0, 0, 0, 0), dim = c(5L, 2L), dimnames = list(
    c("-3", "-2", "-1", "0", "1"), c("C", "T"))), GM22_SNP1 = structure(c(0, 
1, 416, 1402, 1, 0, 0, 0, 3, 0), dim = c(5L, 2L), dimnames = list(
    c("-3", "-2", "-1", "0", "1"), c("A", "G"))), GM26_SNP1 = structure(c(0, 
0, 265, 2, 0, 130, 122, 0), dim = c(4L, 2L), dimnames = list(
    c("-2", "-1", "0", "1"), c("A", "G"))), GM29_SNP1 = structure(c(1, 
9, 901, 0, 0, 0, 1, 0), dim = c(4L, 2L), dimnames = list(c("-2", 
"-1", "0", "1"), c("A", "G"))), IM16_SNP1 = structure(c(0, 0, 
1, 0, 0, 0, 392, 390, 3, 0), dim = c(5L, 2L), dimnames = list(
    c("-2", "-1", "0", "1", "2"), c("A", "G"))), IM49_SNP1 = structure(c(0, 
0, 0, 1, 0, 0, 14, 21, 101, 0), dim = c(5L, 2L), dimnames = list(
    c("-3", "-2", "-1", "0", "1"), c("C", "G"))), LR10_SNP1 = structure(c(0, 
0, 0, 0, 1, 135, 144, 1, 0, 2, 287, 0), dim = 4:3, dimnames = list(
    c("-2", "-1", "0", "1"), c("A", "C", "T"))), LR11_SNP1 = structure(c(3, 
276, 276, 2, 0), dim = c(5L, 1L), dimnames = list(c("-2", "-1", 
"0", "1", "2"), "C")), LR17_SNP1 = structure(c(0, 20, 761, 3, 
0, 0, 0, 0, 0, 0, 0, 0), dim = 4:3, dimnames = list(c("-2", "-1", 
"0", "1"), c("A", "G", "T"))), LR20_SNP1 = structure(c(0, 168, 
165, 0, 0, 2), dim = 3:2, dimnames = list(c("-2", "-1", "0"), 
    c("A", "G"))), LR24_SNP1 = structure(c(0, 0, 0, 0, 0, 0, 
7, 339, 1), dim = c(3L, 3L), dimnames = list(c("-1", "0", "1"
), c("-", "A", "G"))), LR36_SNP1 = structure(c(0, 1, 184, 213, 
0, 0, 0, 0, 0, 0, 0, 0, 5, 399, 3), dim = c(5L, 3L), dimnames = list(
    c("-3", "-2", "-1", "0", "1"), c("A", "G", "T"))), LR40_SNP1 = structure(c(0, 
0, 0, 1, 0, 0, 1, 270, 322, 0, 0, 0, 0, 0, 0), dim = c(5L, 3L
), dimnames = list(c("-3", "-2", "-1", "0", "1"), c("A", "C", 
"G"))), LR44_SNP1 = structure(c(0, 1, 92, 8, 0, 2, 43, 63, 1, 
0), dim = c(5L, 2L), dimnames = list(c("-2", "-1", "0", "1", 
"2"), c("C", "T"))), LR46_SNP1 = structure(c(0, 0, 0, 0, 1, 746, 
0, 0, 1, 760, 3, 0), dim = 4:3, dimnames = list(c("-1", "0", 
"1", "2"), c("C", "G", "T"))), LR48_SNP1 = structure(c(0, 0, 
0, 0, 0, 0, 258, 267, 0, 0, 3, 239, 298, 4, 0), dim = c(5L, 3L
), dimnames = list(c("-2", "-1", "0", "1", "2"), c("A", "C", 
"T"))), LR49_SNP1 = structure(c(0, 1, 200, 542, 0, 1), dim = 2:3, dimnames = list(
    c("-1", "0"), c("A", "G", "T"))), LR52_SNP1 = structure(c(0, 
0, 6, 174, 8, 190, 1, 0, 0, 0, 13, 148, 250, 0), dim = c(7L, 
2L), dimnames = list(c("-5", "-4", "-3", "-2", "-1", "0", "1"
), c("C", "T"))))
