Result <-
list(DEPDC2_SNP1 = structure(c(0, 0, 0, 7, 514, 0), dim = 3:2, dimnames = list(
    c("-1", "0", "1"), c("C", "T"))), GM01_SNP1 = structure(c(0, 
0, 0, 0, 0, 3, 480, 16, 0, 4, 478, 0, 0, 0, 0, 0), dim = c(4L, 
4L), dimnames = list(c("-2", "-1", "0", "1"), c("-", "A", "G", 
"T"))), GM07_SNP1 = structure(c(0, 1, 215, 208, 1, 0, 0, 2, 249, 
150, 0, 0, 0, 0, 0, 0, 0, 0), dim = c(6L, 3L), dimnames = list(
    c("-3", "-2", "-1", "0", "1", "2"), c("A", "G", "T"))), GM09_SNP1 = structure(c(1, 
203, 0, 127, 80, 0), dim = 3:2, dimnames = list(c("-1", "0", 
"1"), c("A", "G"))), GM11_SNP1 = structure(c(0, 162, 152, 0, 
0, 198, 157, 0), dim = c(4L, 2L), dimnames = list(c("-2", "-1", 
"0", "1"), c("A", "G"))), GM14_SNP1 = structure(c(0, 0, 0, 1, 
0, 0, 2, 307, 44, 709, 22, 0, 0, 0, 0, 3, 0, 0), dim = c(6L, 
3L), dimnames = list(c("-3", "-2", "-1", "0", "1", "2"), c("A", 
"C", "T"))), GM17_SNP1 = structure(c(0, 0, 3, 0, 0, 47, 823, 
2), dim = c(4L, 2L), dimnames = list(c("-2", "-1", "0", "1"), 
    c("C", "T"))), GM22_SNP1 = structure(c(0, 0, 5, 0, 0, 0, 
0, 0, 1, 545, 1196, 1), dim = 4:3, dimnames = list(c("-2", "-1", 
"0", "1"), c("A", "C", "G"))), GM26_SNP1 = structure(c(3, 512, 
0, 0, 1, 0), dim = 3:2, dimnames = list(c("-1", "0", "1"), c("A", 
"G"))), GM29_SNP1 = structure(c(2, 37, 871, 2, 0, 0, 1, 0), dim = c(4L, 
2L), dimnames = list(c("-2", "-1", "0", "1"), c("A", "G"))), 
    IM16_SNP1 = structure(c(0, 11, 574, 252, 4, 0, 0, 2, 0, 0
    ), dim = c(5L, 2L), dimnames = list(c("-2", "-1", "0", "1", 
    "2"), c("A", "G"))), IM49_SNP1 = structure(c(2, 40, 26, 0, 
    1, 44, 19, 0), dim = c(4L, 2L), dimnames = list(c("-2", "-1", 
    "0", "1"), c("C", "G"))), LR10_SNP1 = structure(c(2, 120, 
    100, 0, 0, 1, 228, 0), dim = c(4L, 2L), dimnames = list(c("-2", 
    "-1", "0", "1"), c("C", "T"))), LR11_SNP1 = structure(c(0, 
    0, 0, 1, 0, 0, 0, 27, 426, 2, 0, 0, 0, 0, 0, 0, 0, 0, 0, 
    0), dim = 5:4, dimnames = list(c("-3", "-2", "-1", "0", "1"
    ), c("A", "C", "G", "T"))), LR17_SNP1 = structure(c(0, 15, 
    346, 259, 0), dim = c(5L, 1L), dimnames = list(c("-3", "-2", 
    "-1", "0", "1"), "A")), LR20_SNP1 = structure(c(0, 0, 2, 
    0, 0, 77, 184, 0), dim = c(4L, 2L), dimnames = list(c("-2", 
    "-1", "0", "1"), c("A", "G"))), LR24_SNP1 = structure(c(1, 
    138, 1, 1, 118, 0), dim = 3:2, dimnames = list(c("-1", "0", 
    "1"), c("A", "G"))), LR36_SNP1 = structure(c(0, 0, 1, 0, 
    0, 0, 0, 0, 0, 0, 0, 0, 0, 0, 0, 0, 0, 0, 22, 478, 336, 5, 
    22, 0), dim = c(8L, 3L), dimnames = list(c("-4", "-3", "-2", 
    "-1", "0", "1", "2", "3"), c("A", "G", "T"))), LR40_SNP1 = structure(c(1, 
    186, 445, 2, 0, 0, 0, 0), dim = c(4L, 2L), dimnames = list(
        c("-2", "-1", "0", "1"), c("C", "T"))), LR44_SNP1 = structure(c(0, 
    1, 16, 90, 1, 1, 81, 1, 62, 1), dim = c(5L, 2L), dimnames = list(
        c("-3", "-2", "-1", "0", "1"), c("C", "T"))), LR46_SNP1 = structure(c(0, 
    404, 987, 1, 0, 0, 0, 2, 0, 0), dim = c(5L, 2L), dimnames = list(
        c("-2", "-1", "0", "1", "2"), c("G", "T"))), LR48_SNP1 = structure(c(6, 
    289, 231, 1, 0, 1, 57, 443, 3, 0), dim = c(5L, 2L), dimnames = list(
        c("-2", "-1", "0", "1", "2"), c("C", "T"))), LR49_SNP1 = structure(c(4, 
    371, 247, 158), dim = c(2L, 2L), dimnames = list(c("-1", 
    "0"), c("A", "G"))), LR52_SNP1 = structure(c(0, 0, 0, 0, 
    0, 0, 0, 1, 1, 51, 476, 15, 236, 2, 0, 0, 1, 1, 0, 2, 0), dim = c(7L, 
    3L), dimnames = list(c("-5", "-4", "-3", "-2", "-1", "0", 
    "1"), c("A", "C", "T"))))
