Result <-
list(DEPDC2_SNP1 = structure(c(1, 104, 0, 0, 150, 3), dim = 3:2, dimnames = list(
    c("-1", "0", "1"), c("C", "T"))), GM01_SNP1 = structure(c(5, 
258, 0, 0, 2, 244, 0, 0), dim = c(4L, 2L), dimnames = list(c("-1", 
"0", "1", "2"), c("A", "G"))), GM07_SNP1 = structure(c(0, 0, 
0, 0, 0, 1, 81, 29, 102, 0, 0, 1, 105, 114, 0, 0, 0, 0, 0, 0), dim = 5:4, dimnames = list(
    c("-3", "-2", "-1", "0", "1"), c("-", "A", "G", "T"))), GM09_SNP1 = structure(c(3, 
117, 0, 9, 105, 0), dim = 3:2, dimnames = list(c("-1", "0", "1"
), c("A", "G"))), GM11_SNP1 = structure(c(0, 0, 3, 0, 0, 13, 
308, 3), dim = c(4L, 2L), dimnames = list(c("-2", "-1", "0", 
"1"), c("A", "G"))), GM14_SNP1 = structure(c(0, 0, 2, 0, 0, 8, 
97, 454, 145, 0), dim = c(5L, 2L), dimnames = list(c("-2", "-1", 
"0", "1", "2"), c("C", "T"))), GM17_SNP1 = structure(c(0, 0, 
242, 0, 0, 1, 234, 1), dim = c(4L, 2L), dimnames = list(c("-3", 
"-1", "0", "1"), c("C", "T"))), GM22_SNP1 = structure(c(4, 130, 
877, 1, 0, 0, 0, 1, 0, 0, 0, 0, 0, 0, 0), dim = c(5L, 3L), dimnames = list(
    c("-2", "-1", "0", "1", "2"), c("A", "G", "T"))), GM26_SNP1 = structure(c(4, 
295, 1), dim = c(3L, 1L), dimnames = list(c("-1", "0", "1"), 
    "A")), GM29_SNP1 = structure(c(0, 34, 271, 0, 0, 64, 247, 
0), dim = c(4L, 2L), dimnames = list(c("-2", "-1", "0", "1"), 
    c("A", "G"))), IM16_SNP1 = structure(c(0, 5, 167, 0, 7, 18, 
169, 0), dim = c(4L, 2L), dimnames = list(c("-2", "-1", "0", 
"1"), c("A", "G"))), IM49_SNP1 = structure(c(0, 12, 28, 0, 0, 
22, 21, 0), dim = c(4L, 2L), dimnames = list(c("-2", "-1", "0", 
"1"), c("C", "G"))), LR10_SNP1 = structure(c(0, 5, 216, 1, 0, 
0, 0, 1, 0, 0), dim = c(5L, 2L), dimnames = list(c("-3", "-1", 
"0", "1", "2"), c("C", "T"))), LR11_SNP1 = structure(c(4, 76, 
231, 0), dim = c(4L, 1L), dimnames = list(c("-2", "-1", "0", 
"1"), "C")), LR17_SNP1 = structure(c(3, 23, 210, 250, 1, 0, 0, 
0, 0, 0), dim = c(5L, 2L), dimnames = list(c("-3", "-2", "-1", 
"0", "1"), c("A", "G"))), LR20_SNP1 = structure(c(3, 118, 0, 
0, 0, 0), dim = 3:2, dimnames = list(c("-1", "0", "1"), c("A", 
"T"))), LR24_SNP1 = structure(c(31, 188, 0), dim = c(3L, 1L), dimnames = list(
    c("-1", "0", "1"), "A")), LR36_SNP1 = structure(c(0, 0, 0, 
0, 0, 0, 0, 0, 0, 0, 0, 0, 0, 0, 0, 0, 0, 0, 0, 8, 129, 392, 
1, 0), dim = c(6L, 4L), dimnames = list(c("-3", "-2", "-1", "0", 
"1", "2"), c("A", "C", "G", "T"))), LR40_SNP1 = structure(c(0, 
0, 0, 0, 0, 56, 247, 0), dim = c(4L, 2L), dimnames = list(c("-2", 
"-1", "0", "1"), c("A", "C"))), LR44_SNP1 = structure(c(0, 0, 
0, 0, 0, 2, 6, 118, 13, 2), dim = c(5L, 2L), dimnames = list(
    c("-2", "-1", "0", "1", "2"), c("C", "T"))), LR46_SNP1 = structure(c(0, 
0, 0, 0, 0, 0, 0, 0, 0, 1, 3, 0, 12, 204, 618, 1), dim = c(4L, 
4L), dimnames = list(c("-2", "-1", "0", "1"), c("-", "C", "G", 
"T"))), LR48_SNP1 = structure(c(0, 0, 1, 0, 4, 29, 548, 8, 0, 
0, 1, 0), dim = 4:3, dimnames = list(c("-2", "-1", "0", "1"), 
    c("A", "C", "T"))), LR49_SNP1 = structure(c(4, 327, 0, 17, 
340, 0), dim = 3:2, dimnames = list(c("-1", "0", "1"), c("A", 
"G"))), LR52_SNP1 = structure(c(0, 3, 80, 45, 94, 0, 0, 30, 66, 
1, 109, 0), dim = c(6L, 2L), dimnames = list(c("-4", "-3", "-2", 
"-1", "0", "1"), c("C", "T"))))
