Result <-
list(DEPDC2_SNP1 = structure(c(0, 0, 0, 0, 0, 2, 0, 0, 0, 316, 
214, 3), dim = 4:3, dimnames = list(c("-1", "0", "1", "2"), c("A", 
"C", "T"))), GM01_SNP1 = structure(c(0, 81, 775, 0, 0, 1, 3, 
0), dim = c(4L, 2L), dimnames = list(c("-2", "-1", "0", "1"), 
    c("A", "G"))), GM07_SNP1 = structure(c(0, 0, 0, 0, 5, 377, 
422, 6, 0, 1, 5, 0, 0, 0, 0, 0), dim = c(4L, 4L), dimnames = list(
    c("-2", "-1", "0", "1"), c("-", "A", "G", "T"))), GM09_SNP1 = structure(c(2, 
308, 1), dim = c(3L, 1L), dimnames = list(c("-1", "0", "1"), 
    "A")), GM11_SNP1 = structure(c(1, 286, 0, 8, 255, 0), dim = 3:2, dimnames = list(
    c("-1", "0", "1"), c("A", "G"))), GM14_SNP1 = structure(c(0, 
10, 791, 11, 0, 0, 0, 1, 0, 0), dim = c(5L, 2L), dimnames = list(
    c("-2", "-1", "0", "1", "2"), c("C", "T"))), GM17_SNP1 = structure(c(0, 
0, 0, 0, 0, 3, 0, 0, 38, 736, 6, 0), dim = 4:3, dimnames = list(
    c("-1", "0", "1", "2"), c("A", "C", "T"))), GM22_SNP1 = structure(c(1, 
133, 1773, 0, 0, 0, 7, 0, 0, 0, 0, 0), dim = 4:3, dimnames = list(
    c("-2", "-1", "0", "1"), c("A", "G", "T"))), GM26_SNP1 = structure(c(0, 
8, 550, 0, 0, 0, 1, 0), dim = c(4L, 2L), dimnames = list(c("-2", 
"-1", "0", "1"), c("A", "G"))), GM29_SNP1 = structure(c(1, 0, 
9, 804, 3, 0, 0, 1, 3, 0), dim = c(5L, 2L), dimnames = list(c("-3", 
"-2", "-1", "0", "1"), c("A", "G"))), IM16_SNP1 = structure(c(0, 
0, 3, 0, 0, 1, 89, 533, 4, 1), dim = c(5L, 2L), dimnames = list(
    c("-2", "-1", "0", "1", "2"), c("A", "G"))), IM49_SNP1 = structure(c(0, 
45, 34, 2, 0, 0, 14, 57, 1, 0), dim = c(5L, 2L), dimnames = list(
    c("-2", "-1", "0", "1", "2"), c("C", "G"))), LR10_SNP1 = structure(c(1, 
14, 171, 386, 0, 0, 0, 0, 0, 0), dim = c(5L, 2L), dimnames = list(
    c("-3", "-2", "-1", "0", "1"), c("C", "T"))), LR11_SNP1 = structure(c(0, 
0, 1, 0, 1, 136, 190, 1), dim = c(4L, 2L), dimnames = list(c("-2", 
"-1", "0", "1"), c("A", "C"))), LR17_SNP1 = structure(c(0, 39, 
531, 5, 0, 0, 0, 0), dim = c(4L, 2L), dimnames = list(c("-2", 
"-1", "0", "1"), c("A", "G"))), LR20_SNP1 = structure(c(0, 1, 
0, 1, 300, 0), dim = 3:2, dimnames = list(c("-1", "0", "1"), 
    c("A", "G"))), LR24_SNP1 = structure(c(0, 132, 3, 68), dim = c(2L, 
2L), dimnames = list(c("-1", "0"), c("A", "G"))), LR36_SNP1 = structure(c(0, 
0, 0, 0, 0, 3, 40, 183, 70, 1, 0, 8, 242, 85, 1), dim = c(5L, 
3L), dimnames = list(c("-3", "-2", "-1", "0", "1"), c("-", "A", 
"T"))), LR40_SNP1 = structure(c(0, 1, 0, 24, 446, 0), dim = 3:2, dimnames = list(
    c("-1", "0", "1"), c("A", "C"))), LR44_SNP1 = structure(c(0, 
20, 50, 151, 54, 4), dim = c(6L, 1L), dimnames = list(c("-3", 
"-2", "-1", "0", "1", "2"), "T")), LR46_SNP1 = structure(c(0, 
15, 1131, 2, 0, 1, 9, 0), dim = c(4L, 2L), dimnames = list(c("-2", 
"-1", "0", "1"), c("G", "T"))), LR48_SNP1 = structure(c(0, 1, 
4, 532, 608, 3, 0, 0, 0, 0, 0, 2, 0, 0), dim = c(7L, 2L), dimnames = list(
    c("-4", "-3", "-2", "-1", "0", "1", "2"), c("C", "T"))), 
    LR49_SNP1 = structure(c(1, 146, 107, 0, 0, 7, 251, 0, 0, 
    0, 0, 0), dim = 4:3, dimnames = list(c("-2", "-1", "0", "1"
    ), c("A", "G", "T"))), LR52_SNP1 = structure(c(0, 0, 0, 0, 
    0, 0, 0, 13, 224, 41, 94, 0, 0, 0, 20, 255, 157, 1), dim = c(6L, 
    3L), dimnames = list(c("-4", "-3", "-2", "-1", "0", "1"), 
        c("A", "C", "T"))))
