Result <-
list(DEPDC2_SNP1 = structure(c(0, 243, 62, 13, 0, 1, 0, 0), dim = c(4L, 
2L), dimnames = list(c("-1", "0", "1", "2"), c("C", "T"))), GM01_SNP1 = structure(c(256, 
522, 0), dim = c(3L, 1L), dimnames = list(c("-1", "0", "1"), 
    "A")), GM07_SNP1 = structure(c(1, 221, 188, 220, 3, 0, 0, 
0, 0, 1, 0, 0), dim = c(6L, 2L), dimnames = list(c("-3", "-2", 
"-1", "0", "1", "2"), c("A", "G"))), GM09_SNP1 = structure(c(0, 
2, 0, 0, 283, 0), dim = 3:2, dimnames = list(c("-1", "0", "1"
), c("A", "G"))), GM11_SNP1 = structure(c(0, 3, 212, 0, 1, 147, 
109, 0), dim = c(4L, 2L), dimnames = list(c("-2", "-1", "0", 
"1"), c("A", "G"))), GM14_SNP1 = structure(c(4, 291, 286, 295, 
0, 0, 0, 0, 0, 0, 0, 0, 0, 1, 0), dim = c(5L, 3L), dimnames = list(
    c("-3", "-2", "-1", "0", "1"), c("C", "G", "T"))), GM17_SNP1 = structure(c(0, 
215, 519, 1, 0, 0, 1, 0), dim = c(4L, 2L), dimnames = list(c("-2", 
"-1", "0", "1"), c("C", "T"))), GM22_SNP1 = structure(c(0, 2, 
707, 2, 0, 0, 7, 618, 0, 0), dim = c(5L, 2L), dimnames = list(
    c("-2", "-1", "0", "1", "3"), c("A", "G"))), GM26_SNP1 = structure(c(0, 
0, 0, 0, 0, 142, 296, 1), dim = c(4L, 2L), dimnames = list(c("-2", 
"-1", "0", "1"), c("A", "G"))), GM29_SNP1 = structure(c(27, 415, 
134, 0, 0, 0, 151, 0), dim = c(4L, 2L), dimnames = list(c("-2", 
"-1", "0", "1"), c("A", "G"))), IM16_SNP1 = structure(c(0, 1, 
0, 0, 0, 19, 527, 63, 2, 0, 0, 0, 0, 0, 0), dim = c(5L, 3L), dimnames = list(
    c("-1", "0", "1", "2", "3"), c("A", "G", "T"))), IM49_SNP1 = structure(c(0, 
2, 58, 38, 0, 0, 0, 24, 0, 0), dim = c(5L, 2L), dimnames = list(
    c("-2", "-1", "0", "1", "2"), c("C", "G"))), LR10_SNP1 = structure(c(3, 
154, 0, 1, 160, 1), dim = 3:2, dimnames = list(c("-1", "0", "1"
), c("C", "T"))), LR11_SNP1 = structure(c(0, 0, 0, 0, 1, 230, 
145, 1), dim = c(4L, 2L), dimnames = list(c("-2", "-1", "0", 
"1"), c("A", "C"))), LR17_SNP1 = structure(c(151, 0, 21, 358, 
0, 0, 0, 0, 0, 0), dim = c(5L, 2L), dimnames = list(c("-3", "-2", 
"-1", "0", "1"), c("A", "G"))), LR20_SNP1 = structure(c(0, 64, 
52, 0, 0, 98), dim = 3:2, dimnames = list(c("-3", "-1", "0"), 
    c("A", "G"))), LR24_SNP1 = structure(c(0, 273, 0), dim = c(3L, 
1L), dimnames = list(c("-1", "0", "1"), "A")), LR36_SNP1 = structure(c(0, 
1, 212, 0, 108, 0, 0, 0, 0, 0, 0, 0, 0, 0, 0, 0, 0, 7, 323, 1, 
0), dim = c(7L, 3L), dimnames = list(c("-4", "-3", "-2", "-1", 
"0", "1", "2"), c("A", "G", "T"))), LR40_SNP1 = structure(c(8, 
508, 0), dim = c(3L, 1L), dimnames = list(c("-1", "0", "1"), 
    "C")), LR44_SNP1 = structure(c(1, 67, 7, 93, 0), dim = c(5L, 
1L), dimnames = list(c("-3", "-2", "-1", "0", "1"), "C")), LR46_SNP1 = structure(c(1, 
567, 0, 98, 499, 0), dim = 3:2, dimnames = list(c("-1", "0", 
"1"), c("G", "T"))), LR48_SNP1 = structure(c(0, 0, 0, 0, 0, 0, 
17, 788, 2, 0, 0, 0, 1, 0, 0), dim = c(5L, 3L), dimnames = list(
    c("-2", "-1", "0", "1", "2"), c("A", "C", "T"))), LR49_SNP1 = structure(c(10, 
797, 0, 0, 1, 0), dim = 3:2, dimnames = list(c("-1", "0", "1"
), c("A", "G"))), LR52_SNP1 = structure(c(0, 0, 0, 0, 0, 0, 0, 
25, 154, 48, 356, 3), dim = c(6L, 2L), dimnames = list(c("-4", 
"-3", "-2", "-1", "0", "1"), c("C", "T"))))
