Result <-
list(DEPDC2_SNP1 = structure(c(6, 568, 3), dim = c(3L, 1L), dimnames = list(
    c("-1", "0", "1"), "T")), GM01_SNP1 = structure(c(3, 160, 
322, 0, 0, 43, 497, 2, 0, 0, 0, 0), dim = 4:3, dimnames = list(
    c("-2", "-1", "0", "1"), c("A", "G", "T"))), GM07_SNP1 = structure(c(7, 
139, 275, 3, 0, 4, 126, 213, 5, 0), dim = c(5L, 2L), dimnames = list(
    c("-2", "-1", "0", "1", "2"), c("A", "G"))), GM09_SNP1 = structure(c(1, 
7, 429, 0, 0, 0, 0, 0), dim = c(4L, 2L), dimnames = list(c("-2", 
"-1", "0", "1"), c("A", "T"))), GM11_SNP1 = structure(c(0, 0, 
0, 0, 24, 745, 2, 0), dim = c(4L, 2L), dimnames = list(c("-1", 
"0", "1", "2"), c("A", "G"))), GM14_SNP1 = structure(c(0, 0, 
0, 0, 0, 0, 0, 48, 180, 865, 3, 0, 0, 0, 0, 4, 0, 0), dim = c(6L, 
3L), dimnames = list(c("-4", "-2", "-1", "0", "1", "2"), c("A", 
"C", "T"))), GM17_SNP1 = structure(c(0, 2, 2, 0, 3, 146, 778, 
0), dim = c(4L, 2L), dimnames = list(c("-2", "-1", "0", "1"), 
    c("C", "T"))), GM22_SNP1 = structure(c(0, 21, 1887, 1, 0, 
0, 0, 1, 0, 0), dim = c(5L, 2L), dimnames = list(c("-2", "-1", 
"0", "1", "2"), c("A", "G"))), GM26_SNP1 = structure(c(1, 95, 
468, 2), dim = c(4L, 1L), dimnames = list(c("-2", "-1", "0", 
"1"), "A")), GM29_SNP1 = structure(c(0, 0, 54, 874, 2, 0, 0, 
0, 2, 0), dim = c(5L, 2L), dimnames = list(c("-3", "-2", "-1", 
"0", "1"), c("A", "G"))), IM16_SNP1 = structure(c(0, 0, 1, 0, 
0, 0, 0, 171, 559, 145, 3, 1), dim = c(6L, 2L), dimnames = list(
    c("-2", "-1", "0", "1", "2", "3"), c("A", "G"))), IM49_SNP1 = structure(c(0, 
1, 0, 0, 1, 2, 70, 0, 1, 29, 49, 1), dim = 4:3, dimnames = list(
    c("-2", "-1", "0", "1"), c("A", "C", "G"))), LR10_SNP1 = structure(c(1, 
0, 0, 2, 464, 0), dim = 3:2, dimnames = list(c("-1", "0", "1"
), c("C", "T"))), LR11_SNP1 = structure(c(0, 0, 2, 0, 8, 173, 
289, 0), dim = c(4L, 2L), dimnames = list(c("-2", "-1", "0", 
"1"), c("A", "C"))), LR17_SNP1 = structure(c(0, 18, 706, 5), dim = c(4L, 
1L), dimnames = list(c("-2", "-1", "0", "1"), "A")), LR20_SNP1 = structure(c(0, 
278, 0, 0, 1, 0), dim = 3:2, dimnames = list(c("-1", "0", "1"
), c("A", "G"))), LR24_SNP1 = structure(c(0, 0, 1, 0, 0, 0, 1, 
0, 1, 46, 209, 0), dim = 4:3, dimnames = list(c("-2", "-1", "0", 
"1"), c("-", "A", "G"))), LR36_SNP1 = structure(c(0, 0, 0, 0, 
0, 0, 0, 0, 0, 119, 186, 526, 0, 0), dim = c(7L, 2L), dimnames = list(
    c("-4", "-3", "-2", "-1", "0", "1", "2"), c("A", "T"))), 
    LR40_SNP1 = structure(c(0, 9, 746, 1, 0, 0, 0, 0), dim = c(4L, 
    2L), dimnames = list(c("-2", "-1", "0", "1"), c("C", "T"))), 
    LR44_SNP1 = structure(c(0, 3, 44, 176, 1, 0, 0, 0, 0, 0, 
    0, 0, 0, 1, 0), dim = c(5L, 3L), dimnames = list(c("-3", 
    "-2", "-1", "0", "1"), c("C", "G", "T"))), LR46_SNP1 = structure(c(0, 
    0, 0, 0, 0, 0, 0, 2, 0, 49, 1469, 0), dim = 3:4, dimnames = list(
        c("-1", "0", "1"), c("A", "C", "G", "T"))), LR48_SNP1 = structure(c(0, 
    0, 0, 0, 0, 0, 46, 517, 0, 0, 0, 0, 1, 0, 0, 6, 186, 329, 
    1, 0), dim = 5:4, dimnames = list(c("-2", "-1", "0", "1", 
    "2"), c("A", "C", "G", "T"))), LR49_SNP1 = structure(c(0, 
    152, 268, 0, 0, 9, 434, 0), dim = c(4L, 2L), dimnames = list(
        c("-2", "-1", "0", "1"), c("A", "G"))), LR52_SNP1 = structure(c(0, 
    0, 0, 0, 0, 0, 7, 121, 33, 102, 543, 3), dim = c(6L, 2L), dimnames = list(
        c("-4", "-3", "-2", "-1", "0", "1"), c("A", "C"))))
