Result <-
list(DEPDC2_SNP1 = structure(c(0, 0, 0, 0, 1, 0, 2, 575, 1), dim = c(3L, 
3L), dimnames = list(c("-1", "0", "1"), c("A", "C", "T"))), GM01_SNP1 = structure(c(0, 
23, 962, 92, 0, 0, 0, 1, 0, 0), dim = c(5L, 2L), dimnames = list(
    c("-2", "-1", "0", "1", "2"), c("A", "G"))), GM07_SNP1 = structure(c(0, 
0, 0, 0, 0, 0, 0, 0, 63, 119, 620, 3, 0, 0, 0, 0, 0, 0, 0, 0, 
0, 0, 0, 0, 0, 0, 0, 0), dim = c(7L, 4L), dimnames = list(c("-3", 
"-2", "-1", "0", "1", "2", "3"), c("-", "A", "G", "T"))), GM09_SNP1 = structure(c(0, 
2, 0, 1, 498, 1, 0, 1, 0), dim = c(3L, 3L), dimnames = list(c("-1", 
"0", "1"), c("A", "G", "T"))), GM11_SNP1 = structure(c(9, 281, 
0, 3, 243, 0), dim = 3:2, dimnames = list(c("-1", "0", "1"), 
    c("A", "G"))), GM14_SNP1 = structure(c(0, 0, 0, 0, 0, 0, 
0, 9, 160, 1021, 2, 0, 0, 0, 0, 1, 0, 0), dim = c(6L, 3L), dimnames = list(
    c("-3", "-2", "-1", "0", "1", "2"), c("A", "C", "T"))), GM17_SNP1 = structure(c(0, 
91, 865, 1, 0, 0, 0, 0, 0, 0, 4, 0), dim = 4:3, dimnames = list(
    c("-2", "-1", "0", "1"), c("C", "G", "T"))), GM22_SNP1 = structure(c(0, 
4, 1826, 1, 0, 0, 2, 0, 0, 0, 0, 0), dim = 4:3, dimnames = list(
    c("-2", "-1", "0", "1"), c("A", "G", "T"))), GM26_SNP1 = structure(c(0, 
0, 1, 0, 0, 8, 575, 1), dim = c(4L, 2L), dimnames = list(c("-2", 
"-1", "0", "1"), c("A", "G"))), GM29_SNP1 = structure(c(0, 0, 
0, 1, 452, 1, 0, 0, 0, 87, 18, 315, 0, 0), dim = c(7L, 2L), dimnames = list(
    c("-4", "-3", "-2", "-1", "0", "1", "2"), c("A", "G"))), 
    IM16_SNP1 = structure(c(0, 0, 2, 0, 0, 0, 0, 2, 575, 115, 
    1, 0), dim = c(6L, 2L), dimnames = list(c("-2", "-1", "0", 
    "1", "2", "3"), c("A", "G"))), IM49_SNP1 = structure(c(27, 
    4, 70, 0, 0, 0, 82, 1), dim = c(4L, 2L), dimnames = list(
        c("-2", "-1", "0", "1"), c("C", "G"))), LR10_SNP1 = structure(c(0, 
    50, 450, 1, 0, 0, 2, 0), dim = c(4L, 2L), dimnames = list(
        c("-2", "-1", "0", "1"), c("C", "T"))), LR11_SNP1 = structure(c(0, 
    3, 683, 1, 0, 0, 0, 0, 0, 0), dim = c(5L, 2L), dimnames = list(
        c("-2", "-1", "0", "1", "2"), c("C", "T"))), LR17_SNP1 = structure(c(0, 
    1, 238, 687, 4, 0, 0, 0, 0, 0, 0, 0), dim = c(6L, 2L), dimnames = list(
        c("-3", "-2", "-1", "0", "1", "2"), c("A", "G"))), LR20_SNP1 = structure(c(0, 
    144, 0, 1, 145, 0), dim = 3:2, dimnames = list(c("-1", "0", 
    "1"), c("A", "G"))), LR24_SNP1 = structure(c(1, 40, 151, 
    1, 0, 1, 229, 0), dim = c(4L, 2L), dimnames = list(c("-2", 
    "-1", "0", "1"), c("A", "G"))), LR36_SNP1 = structure(c(0, 
    0, 0, 90, 275, 1, 0, 1, 0, 0, 0, 14, 88, 310, 0, 0, 0, 0), dim = c(9L, 
    2L), dimnames = list(c("-4", "-3", "-2", "-1", "0", "1", 
    "2", "5", "6"), c("A", "T"))), LR40_SNP1 = structure(c(0, 
    23, 552, 1), dim = c(4L, 1L), dimnames = list(c("-2", "-1", 
    "0", "1"), "C")), LR44_SNP1 = structure(c(0, 20, 5, 91, 0, 
    0, 26, 1, 83, 0), dim = c(5L, 2L), dimnames = list(c("-3", 
    "-2", "-1", "0", "1"), c("C", "T"))), LR46_SNP1 = structure(c(0, 
    0, 0, 0, 0, 162, 1206, 2, 0, 0, 4, 0), dim = 4:3, dimnames = list(
        c("-2", "-1", "0", "1"), c("A", "G", "T"))), LR48_SNP1 = structure(c(0, 
    4, 350, 760, 2, 0, 0, 0, 0, 2, 0, 0), dim = c(6L, 2L), dimnames = list(
        c("-3", "-2", "-1", "0", "1", "2"), c("C", "T"))), LR49_SNP1 = structure(c(1, 
    0, 0, 0, 0, 0, 25, 1160, 0, 0, 0, 0), dim = 3:4, dimnames = list(
        c("-1", "0", "1"), c("A", "C", "G", "T"))), LR52_SNP1 = structure(c(0, 
    0, 0, 0, 0, 0, 0, 0, 1, 0, 4, 83, 95, 600, 2), dim = c(5L, 
    3L), dimnames = list(c("-3", "-2", "-1", "0", "1"), c("A", 
    "C", "T"))))
