Result <-
list(DEPDC2_SNP1 = structure(c(0, 0, 0, 182, 533, 0), dim = 3:2, dimnames = list(
    c("-1", "0", "1"), c("C", "T"))), GM01_SNP1 = structure(c(0, 
11, 1360, 0, 0, 0, 0, 0, 0, 0, 0, 0), dim = 4:3, dimnames = list(
    c("-2", "-1", "0", "1"), c("A", "G", "T"))), GM07_SNP1 = structure(c(0, 
0, 0, 0, 9, 229, 800, 13, 2, 2, 5, 0, 0, 0, 0, 0), dim = c(4L, 
4L), dimnames = list(c("-2", "-1", "0", "1"), c("-", "A", "G", 
"T"))), GM09_SNP1 = structure(c(3, 670, 0, 0, 4, 0, 0, 0, 0), dim = c(3L, 
3L), dimnames = list(c("-1", "0", "1"), c("A", "G", "T"))), GM11_SNP1 = structure(c(0, 
8, 0, 8, 872, 4), dim = 3:2, dimnames = list(c("-1", "0", "1"
), c("A", "G"))), GM14_SNP1 = structure(c(0, 6, 88, 575, 0, 0, 
0, 3, 696, 0), dim = c(5L, 2L), dimnames = list(c("-3", "-2", 
"-1", "0", "1"), c("C", "T"))), GM17_SNP1 = structure(c(7, 581, 
1, 0, 0, 0, 2, 593, 2), dim = c(3L, 3L), dimnames = list(c("-1", 
"0", "1"), c("C", "G", "T"))), GM22_SNP1 = structure(c(1, 9, 
1850, 437, 1, 0, 0, 0, 0, 0, 0, 0, 0, 0, 0, 0, 0, 0), dim = c(6L, 
3L), dimnames = list(c("-2", "-1", "0", "1", "2", "3"), c("A", 
"G", "T"))), GM26_SNP1 = structure(c(1, 739, 0, 0, 5, 0), dim = 3:2, dimnames = list(
    c("-1", "0", "1"), c("A", "G"))), GM29_SNP1 = structure(c(0, 
1, 219, 889, 0, 0, 0, 2, 5, 0), dim = c(5L, 2L), dimnames = list(
    c("-3", "-2", "-1", "0", "1"), c("A", "G"))), IM16_SNP1 = structure(c(8, 
487, 4, 6, 518, 1), dim = 3:2, dimnames = list(c("-1", "0", "1"
), c("A", "G"))), IM49_SNP1 = structure(c(0, 1, 0, 7, 193, 0), dim = 3:2, dimnames = list(
    c("-1", "0", "1"), c("C", "G"))), LR10_SNP1 = structure(c(0, 
2, 0, 3, 697, 0), dim = 3:2, dimnames = list(c("-1", "0", "1"
), c("C", "T"))), LR11_SNP1 = structure(c(0, 1, 180, 466, 0, 
0, 0, 0, 2, 236, 0, 0, 0, 0, 0, 0, 0, 0, 0, 0, 0, 0, 0, 0), dim = c(6L, 
4L), dimnames = list(c("-3", "-2", "-1", "0", "1", "2"), c("A", 
"C", "G", "T"))), LR17_SNP1 = structure(c(55, 181, 145, 571, 
2, 0, 0, 0, 0, 0, 0, 0), dim = c(6L, 2L), dimnames = list(c("-3", 
"-2", "-1", "0", "1", "2"), c("A", "G"))), LR20_SNP1 = structure(c(0, 
2, 191, 0, 1, 76, 107, 0), dim = c(4L, 2L), dimnames = list(c("-2", 
"-1", "0", "1"), c("A", "G"))), LR24_SNP1 = structure(c(4, 403, 
1, 0, 0, 0), dim = 3:2, dimnames = list(c("-1", "0", "1"), c("A", 
"C"))), LR36_SNP1 = structure(c(0, 1, 12, 0, 0, 0, 0, 0, 3, 17, 
1049, 2), dim = 4:3, dimnames = list(c("-2", "-1", "0", "1"), 
    c("A", "C", "T"))), LR40_SNP1 = structure(c(0, 9, 882, 2, 
0, 0, 0, 0), dim = c(4L, 2L), dimnames = list(c("-2", "-1", "0", 
"1"), c("C", "G"))), LR44_SNP1 = structure(c(1, 9, 141, 1, 0, 
0, 9, 154, 0, 0), dim = c(5L, 2L), dimnames = list(c("-2", "-1", 
"0", "1", "2"), c("C", "T"))), LR46_SNP1 = structure(c(0, 1, 
0, 9, 902, 1, 123, 715, 0), dim = c(3L, 3L), dimnames = list(
    c("-1", "0", "1"), c("A", "G", "T"))), LR48_SNP1 = structure(c(0, 
0, 0, 0, 0, 0, 0, 304, 1195, 3), dim = c(5L, 2L), dimnames = list(
    c("-3", "-2", "-1", "0", "1"), c("A", "C"))), LR49_SNP1 = structure(c(0, 
0, 1, 0, 0, 0, 3, 247, 889), dim = c(3L, 3L), dimnames = list(
    c("-2", "-1", "0"), c("A", "C", "G"))), LR52_SNP1 = structure(c(0, 
0, 0, 0, 0, 0, 0, 0, 0, 3, 47, 434, 0, 0, 0, 0, 11, 35, 473, 
2, 0), dim = c(7L, 3L), dimnames = list(c("-4", "-3", "-2", "-1", 
"0", "1", "2"), c("A", "C", "T"))))
