Result <-
list(DEPDC2_SNP1 = structure(c(0, 0, 0, 13, 858, 2), dim = 3:2, dimnames = list(
    c("-1", "0", "1"), c("A", "T"))), GM01_SNP1 = structure(c(0, 
0, 4, 0, 0, 136, 1154, 1), dim = c(4L, 2L), dimnames = list(c("-2", 
"-1", "0", "1"), c("A", "G"))), GM07_SNP1 = structure(c(0, 0, 
0, 1, 0, 0, 2, 97, 255, 972, 9, 0, 0, 0, 0, 0, 0, 0), dim = c(6L, 
3L), dimnames = list(c("-3", "-2", "-1", "0", "1", "2"), c("A", 
"G", "T"))), GM09_SNP1 = structure(c(16, 572, 1, 0, 0, 0), dim = 3:2, dimnames = list(
    c("-1", "0", "1"), c("A", "G"))), GM11_SNP1 = structure(c(0, 
21, 914, 5, 0, 0, 1, 0), dim = c(4L, 2L), dimnames = list(c("-2", 
"-1", "0", "1"), c("A", "G"))), GM14_SNP1 = structure(c(0, 126, 
183, 1012, 5, 0, 0, 0, 0, 1, 0, 0), dim = c(6L, 2L), dimnames = list(
    c("-3", "-2", "-1", "0", "1", "3"), c("C", "T"))), GM17_SNP1 = structure(c(0, 
0, 0, 0, 0, 0, 0, 0, 25, 1142, 3, 0, 0, 0, 1, 1, 0, 0), dim = c(6L, 
3L), dimnames = list(c("-3", "-2", "-1", "0", "1", "2"), c("A", 
"C", "T"))), GM22_SNP1 = structure(c(0, 0, 131, 2358, 5, 0, 0, 
0, 0, 0, 0, 0, 0, 0, 0, 0, 0, 0), dim = c(6L, 3L), dimnames = list(
    c("-3", "-2", "-1", "0", "1", "2"), c("A", "G", "T"))), GM26_SNP1 = structure(c(1, 
25, 738, 2, 0, 0, 2, 0), dim = c(4L, 2L), dimnames = list(c("-2", 
"-1", "0", "1"), c("A", "G"))), GM29_SNP1 = structure(c(0, 0, 
10, 543, 2, 0, 0, 19, 569, 1), dim = c(5L, 2L), dimnames = list(
    c("-3", "-2", "-1", "0", "1"), c("A", "G"))), IM16_SNP1 = structure(c(0, 
269, 1057, 5, 0, 1, 3, 0), dim = c(4L, 2L), dimnames = list(c("-2", 
"-1", "0", "1"), c("A", "G"))), IM49_SNP1 = structure(c(1, 1, 
81, 3, 0, 7, 101, 0), dim = c(4L, 2L), dimnames = list(c("-2", 
"-1", "0", "1"), c("C", "G"))), LR10_SNP1 = structure(c(0, 3, 
300, 1, 1, 51, 278, 0), dim = c(4L, 2L), dimnames = list(c("-2", 
"-1", "0", "1"), c("C", "T"))), LR11_SNP1 = structure(c(0, 75, 
293, 0, 0, 0, 6, 283, 5, 0, 0, 0, 0, 0, 0), dim = c(5L, 3L), dimnames = list(
    c("-2", "-1", "0", "1", "2"), c("A", "C", "T"))), LR17_SNP1 = structure(c(0, 
22, 968, 2, 0, 0, 1, 0), dim = c(4L, 2L), dimnames = list(c("-2", 
"-1", "0", "1"), c("A", "G"))), LR20_SNP1 = structure(c(4, 198, 
0, 1, 193, 0), dim = 3:2, dimnames = list(c("-1", "0", "1"), 
    c("A", "G"))), LR24_SNP1 = structure(c(2, 192, 1, 6, 200, 
1), dim = 3:2, dimnames = list(c("-1", "0", "1"), c("A", "G"))), 
    LR36_SNP1 = structure(c(1, 19, 101, 524, 17, 0, 0, 0, 0, 
    0, 0, 0, 0, 5, 80, 596, 5, 0), dim = c(6L, 3L), dimnames = list(
        c("-3", "-2", "-1", "0", "1", "2"), c("A", "C", "T"))), 
    LR40_SNP1 = structure(c(0, 72, 796, 3), dim = c(4L, 1L), dimnames = list(
        c("-2", "-1", "0", "1"), "C")), LR44_SNP1 = structure(c(0, 
    0, 0, 1, 1, 0, 0, 1, 0, 31, 69, 196, 4, 0), dim = c(7L, 2L
    ), dimnames = list(c("-4", "-3", "-2", "-1", "0", "1", "2"
    ), c("C", "T"))), LR46_SNP1 = structure(c(0, 0, 0, 0, 0, 
    134, 1819, 3, 0, 0, 1, 0), dim = 4:3, dimnames = list(c("-2", 
    "-1", "0", "1"), c("A", "G", "T"))), LR48_SNP1 = structure(c(0, 
    1, 48, 1358, 6, 0, 0, 0, 0, 1, 0, 0), dim = c(6L, 2L), dimnames = list(
        c("-3", "-2", "-1", "0", "1", "2"), c("C", "T"))), LR49_SNP1 = structure(c(0, 
    2, 525, 0, 0, 0, 0, 0, 0, 6, 543, 7, 0, 0, 0, 0), dim = c(4L, 
    4L), dimnames = list(c("-2", "-1", "0", "1"), c("A", "C", 
    "G", "T"))), LR52_SNP1 = structure(c(0, 0, 0, 0, 0, 0, 0, 
    60, 185, 779, 22, 0, 0, 0, 0, 7, 0, 0), dim = c(6L, 3L), dimnames = list(
        c("-3", "-2", "-1", "0", "1", "2"), c("A", "C", "T"))))
