Result <-
list(DEPDC2_SNP1 = structure(c(0, 0, 0, 99, 303, 0), dim = 3:2, dimnames = list(
    c("-1", "0", "1"), c("A", "T"))), GM01_SNP1 = structure(c(0, 
0, 0, 0, 0, 28, 699, 0, 0, 0, 0, 0), dim = 4:3, dimnames = list(
    c("-2", "-1", "0", "1"), c("-", "A", "G"))), GM07_SNP1 = structure(c(2, 
165, 166, 1, 0, 9, 115, 153, 1, 1), dim = c(5L, 2L), dimnames = list(
    c("-2", "-1", "0", "1", "2"), c("A", "G"))), GM09_SNP1 = structure(c(0, 
1, 2, 210), dim = c(2L, 2L), dimnames = list(c("-1", "0"), c("A", 
"G"))), GM11_SNP1 = structure(c(0, 40, 490, 2, 0, 0, 0, 0), dim = c(4L, 
2L), dimnames = list(c("-2", "-1", "0", "1"), c("A", "G"))), 
    GM14_SNP1 = structure(c(6, 159, 3, 198, 0, 0, 0, 46, 271, 
    0), dim = c(5L, 2L), dimnames = list(c("-3", "-2", "-1", 
    "0", "1"), c("C", "T"))), GM17_SNP1 = structure(c(0, 11, 
    329, 0, 0, 59, 271, 0), dim = c(4L, 2L), dimnames = list(
        c("-2", "-1", "0", "1"), c("C", "T"))), GM22_SNP1 = structure(c(0, 
    0, 2, 718, 0, 0, 0, 0, 6, 618, 0, 0), dim = c(6L, 2L), dimnames = list(
        c("-3", "-2", "-1", "0", "1", "2"), c("A", "G"))), GM26_SNP1 = structure(c(5, 
    366, 1, 0, 0, 0), dim = 3:2, dimnames = list(c("-1", "0", 
    "1"), c("A", "G"))), GM29_SNP1 = structure(c(0, 0, 0, 0, 
    0, 1, 161, 470, 3, 0), dim = c(5L, 2L), dimnames = list(c("-2", 
    "-1", "0", "1", "2"), c("-", "A"))), IM16_SNP1 = structure(c(0, 
    5, 322, 4, 0, 0, 143, 173, 0, 0), dim = c(5L, 2L), dimnames = list(
        c("-2", "-1", "0", "1", "2"), c("A", "G"))), IM49_SNP1 = structure(c(1, 
    27, 37, 0, 0, 0, 54, 0), dim = c(4L, 2L), dimnames = list(
        c("-2", "-1", "0", "1"), c("C", "G"))), LR10_SNP1 = structure(c(0, 
    13, 58, 273, 1, 0, 0, 0, 0, 0), dim = c(5L, 2L), dimnames = list(
        c("-3", "-2", "-1", "0", "1"), c("C", "T"))), LR11_SNP1 = structure(c(0, 
    20, 292, 0, 0, 0, 1, 0), dim = c(4L, 2L), dimnames = list(
        c("-2", "-1", "0", "1"), c("A", "C"))), LR17_SNP1 = structure(c(3, 
    133, 160, 2, 0, 0, 0, 0), dim = c(4L, 2L), dimnames = list(
        c("-2", "-1", "0", "1"), c("A", "G"))), LR20_SNP1 = structure(c(1, 
    0, 0, 0, 0, 0, 6, 180, 0), dim = c(3L, 3L), dimnames = list(
        c("-1", "0", "1"), c("A", "C", "G"))), LR24_SNP1 = structure(c(0, 
    1, 81, 0, 0, 0, 70, 0), dim = c(4L, 2L), dimnames = list(
        c("-2", "-1", "0", "1"), c("A", "G"))), LR36_SNP1 = structure(c(0, 
    0, 0, 0, 0, 0, 13, 271, 3, 1, 0, 33, 270, 6, 0), dim = c(5L, 
    3L), dimnames = list(c("-2", "-1", "0", "1", "3"), c("-", 
    "A", "T"))), LR40_SNP1 = structure(c(0, 0, 1, 0, 2, 105, 
    362, 1), dim = c(4L, 2L), dimnames = list(c("-2", "-1", "0", 
    "1"), c("A", "C"))), LR44_SNP1 = structure(c(1, 2, 12, 57, 
    0, 0, 8, 31, 55, 0), dim = c(5L, 2L), dimnames = list(c("-3", 
    "-2", "-1", "0", "1"), c("C", "T"))), LR46_SNP1 = structure(c(0, 
    0, 1, 0, 0, 11, 501, 0, 0, 200, 274, 0), dim = 4:3, dimnames = list(
        c("-2", "-1", "0", "1"), c("-", "G", "T"))), LR48_SNP1 = structure(c(0, 
    0, 0, 0, 0, 0, 0, 1, 51, 787, 22, 0, 0, 0, 0, 1, 0, 0), dim = c(6L, 
    3L), dimnames = list(c("-3", "-2", "-1", "0", "1", "2"), 
        c("A", "C", "T"))), LR49_SNP1 = structure(c(0, 3, 3, 
    466, 0, 0), dim = 2:3, dimnames = list(c("-1", "0"), c("A", 
    "G", "T"))), LR52_SNP1 = structure(c(0, 0, 0, 18, 123, 137, 
    0, 3, 98, 23, 3, 3, 128, 2), dim = c(7L, 2L), dimnames = list(
        c("-5", "-4", "-3", "-2", "-1", "0", "1"), c("C", "T"
        ))))
