Result <-
list(DEPDC2_SNP1 = structure(c(1, 212, 0, 1, 174, 0), dim = 3:2, dimnames = list(
    c("-1", "0", "1"), c("C", "T"))), GM01_SNP1 = structure(c(0, 
2, 0, 0, 0, 0, 0, 0, 1, 1044, 4, 0), dim = 4:3, dimnames = list(
    c("-1", "0", "1", "2"), c("A", "C", "G"))), GM07_SNP1 = structure(c(0, 
0, 0, 0, 0, 0, 0, 165, 258, 156, 1, 0), dim = c(6L, 2L), dimnames = list(
    c("-2", "-1", "0", "1", "2", "3"), c("A", "G"))), GM09_SNP1 = structure(c(0, 
0, 0, 0, 354, 1), dim = 3:2, dimnames = list(c("-1", "0", "1"
), c("A", "G"))), GM11_SNP1 = structure(c(1, 5, 0, 1, 500, 0), dim = 3:2, dimnames = list(
    c("-1", "0", "1"), c("A", "G"))), GM14_SNP1 = structure(c(0, 
0, 0, 0, 0, 0, 0, 0, 0, 11, 345, 2, 0, 2, 354, 2), dim = c(4L, 
4L), dimnames = list(c("-2", "-1", "0", "1"), c("-", "A", "C", 
"T"))), GM17_SNP1 = structure(c(0, 0, 221, 566, 0, 0, 0, 0, 0, 
1, 0, 0), dim = c(6L, 2L), dimnames = list(c("-3", "-2", "-1", 
"0", "1", "2"), c("C", "T"))), GM22_SNP1 = structure(c(0, 0, 
0, 0, 0, 0, 169, 1463, 1, 0, 0, 0, 2, 0, 0), dim = c(5L, 3L), dimnames = list(
    c("-2", "-1", "0", "1", "2"), c("-", "A", "G"))), GM26_SNP1 = structure(c(1, 
164, 0, 0, 0, 207, 1, 0), dim = c(4L, 2L), dimnames = list(c("-1", 
"0", "1", "2"), c("A", "G"))), GM29_SNP1 = structure(c(1, 167, 
495, 0, 0, 0, 0, 0, 0, 0, 0, 0), dim = 4:3, dimnames = list(c("-2", 
"-1", "0", "1"), c("A", "C", "G"))), IM16_SNP1 = structure(c(0, 
1, 312, 1, 0, 189, 127, 2), dim = c(4L, 2L), dimnames = list(
    c("-2", "-1", "0", "1"), c("A", "G"))), IM49_SNP1 = structure(c(0, 
7, 61, 0, 1, 1, 65, 0), dim = c(4L, 2L), dimnames = list(c("-2", 
"-1", "0", "1"), c("C", "G"))), LR10_SNP1 = structure(c(15, 537, 
0), dim = c(3L, 1L), dimnames = list(c("-1", "0", "1"), "T")), 
    LR11_SNP1 = structure(c(1, 148, 102, 0, 0, 0, 6, 205, 0, 
    0, 0, 0, 0, 0, 0, 0, 0, 0, 0, 0), dim = 5:4, dimnames = list(
        c("-2", "-1", "0", "1", "2"), c("A", "C", "G", "T"))), 
    LR17_SNP1 = structure(c(0, 8, 487, 0, 0, 0, 0, 0), dim = c(4L, 
    2L), dimnames = list(c("-2", "-1", "0", "1"), c("A", "G"))), 
    LR20_SNP1 = structure(c(10, 139, 0, 0, 128, 0), dim = 3:2, dimnames = list(
        c("-1", "0", "1"), c("A", "G"))), LR24_SNP1 = structure(c(1, 
    291, 0), dim = c(3L, 1L), dimnames = list(c("-1", "0", "1"
    ), "A")), LR36_SNP1 = structure(c(3, 164, 160, 292, 0, 0, 
    0, 0, 1, 0), dim = c(5L, 2L), dimnames = list(c("-3", "-2", 
    "-1", "0", "1"), c("A", "T"))), LR40_SNP1 = structure(c(2, 
    389, 2), dim = c(3L, 1L), dimnames = list(c("-1", "0", "1"
    ), "C")), LR44_SNP1 = structure(c(0, 39, 68, 73, 0, 0, 0, 
    0, 2, 0), dim = c(5L, 2L), dimnames = list(c("-3", "-2", 
    "-1", "0", "1"), c("C", "T"))), LR46_SNP1 = structure(c(0, 
    0, 0, 0, 0, 0, 0, 0, 0, 1, 514, 0, 0, 293, 203, 0), dim = c(4L, 
    4L), dimnames = list(c("-2", "-1", "0", "1"), c("A", "C", 
    "G", "T"))), LR48_SNP1 = structure(c(0, 0, 0, 0, 0, 0, 0, 
    0, 0, 4, 0, 0, 0, 0, 5, 995, 1, 0), dim = c(6L, 3L), dimnames = list(
        c("-3", "-2", "-1", "0", "1", "2"), c("A", "C", "T"))), 
    LR49_SNP1 = structure(c(0, 1, 0, 2, 519, 0), dim = 3:2, dimnames = list(
        c("-1", "0", "1"), c("A", "G"))), LR52_SNP1 = structure(c(1, 
    8, 141, 133, 0, 0, 0, 6, 29, 255, 0, 0), dim = c(6L, 2L), dimnames = list(
        c("-3", "-2", "-1", "0", "1", "2"), c("C", "T"))))
