Result <-
list(DEPDC2_SNP1 = structure(c(0, 0, 3, 0, 0, 1, 92, 269, 1, 
0), dim = c(5L, 2L), dimnames = list(c("-2", "-1", "0", "1", 
"2"), c("C", "T"))), GM01_SNP1 = structure(c(0, 3, 329, 0, 0, 
4, 363, 0), dim = c(4L, 2L), dimnames = list(c("-2", "-1", "0", 
"1"), c("A", "G"))), GM07_SNP1 = structure(c(1, 111, 4, 101, 
1, 0, 0, 5, 147, 127, 0, 0), dim = c(6L, 2L), dimnames = list(
    c("-3", "-2", "-1", "0", "1", "2"), c("A", "G"))), GM09_SNP1 = structure(c(4, 
501, 8, 0, 0, 3, 0, 0), dim = c(4L, 2L), dimnames = list(c("-1", 
"0", "1", "2"), c("A", "G"))), GM11_SNP1 = structure(c(17, 255, 
0, 0, 5, 0), dim = 3:2, dimnames = list(c("-1", "0", "1"), c("A", 
"G"))), GM14_SNP1 = structure(c(0, 40, 542, 479, 1, 0, 0, 0, 
0, 1, 0, 0), dim = c(6L, 2L), dimnames = list(c("-3", "-2", "-1", 
"0", "1", "2"), c("C", "T"))), GM17_SNP1 = structure(c(0, 179, 
179, 0, 0, 199, 138, 0), dim = c(4L, 2L), dimnames = list(c("-2", 
"-1", "0", "1"), c("C", "T"))), GM22_SNP1 = structure(c(0, 0, 
0, 0, 0, 4, 588, 1, 2, 263, 262, 0), dim = 4:3, dimnames = list(
    c("-2", "-1", "0", "1"), c("-", "A", "G"))), GM26_SNP1 = structure(c(0, 
0, 138, 0, 0, 2, 177, 0, 0, 0, 0, 0), dim = 4:3, dimnames = list(
    c("-3", "-1", "0", "1"), c("A", "G", "T"))), GM29_SNP1 = structure(c(0, 
180, 485, 0, 0, 0, 0, 1, 0, 0), dim = c(5L, 2L), dimnames = list(
    c("-2", "-1", "0", "1", "2"), c("A", "G"))), IM16_SNP1 = structure(c(0, 
1, 169, 3, 0, 0, 69, 71, 2, 0), dim = c(5L, 2L), dimnames = list(
    c("-2", "-1", "0", "1", "2"), c("A", "G"))), IM49_SNP1 = structure(c(1, 
14, 120, 0, 0, 0, 1, 94, 1, 0), dim = c(5L, 2L), dimnames = list(
    c("-2", "-1", "0", "1", "2"), c("C", "G"))), LR10_SNP1 = structure(c(2, 
254, 1), dim = c(3L, 1L), dimnames = list(c("-1", "0", "1"), 
    "T")), LR11_SNP1 = structure(c(0, 0, 5, 0, 0, 21, 557, 2), dim = c(4L, 
2L), dimnames = list(c("-2", "-1", "0", "1"), c("A", "C"))), 
    LR17_SNP1 = structure(c(0, 10, 287, 720, 4, 0, 0, 0, 0, 1, 
    0, 0, 0, 0, 0, 0, 0, 0), dim = c(6L, 3L), dimnames = list(
        c("-3", "-2", "-1", "0", "1", "2"), c("A", "G", "T"))), 
    LR20_SNP1 = structure(c(0, 4, 156, 0, 0, 0, 1, 0), dim = c(4L, 
    2L), dimnames = list(c("-3", "-1", "0", "1"), c("A", "G"))), 
    LR24_SNP1 = structure(c(0, 4, 165, 1, 0, 4, 243, 0), dim = c(4L, 
    2L), dimnames = list(c("-2", "-1", "0", "1"), c("A", "G"))), 
    LR36_SNP1 = structure(c(0, 0, 5, 51, 241, 1, 0, 1, 6, 165, 
    144, 0), dim = c(6L, 2L), dimnames = list(c("-4", "-3", "-2", 
    "-1", "0", "1"), c("A", "T"))), LR40_SNP1 = structure(c(0, 
    0, 0, 0, 0, 93, 236, 0), dim = c(4L, 2L), dimnames = list(
        c("-2", "-1", "0", "1"), c("A", "C"))), LR44_SNP1 = structure(c(2, 
    60, 37, 72, 2, 0, 1, 0, 1, 0), dim = c(5L, 2L), dimnames = list(
        c("-3", "-2", "-1", "0", "1"), c("C", "T"))), LR46_SNP1 = structure(c(3, 
    579, 0, 4, 349, 0), dim = 3:2, dimnames = list(c("-1", "0", 
    "1"), c("G", "T"))), LR48_SNP1 = structure(c(0, 17, 297, 
    311, 1, 0, 0, 0, 0, 0), dim = c(5L, 2L), dimnames = list(
        c("-3", "-2", "-1", "0", "1"), c("C", "T"))), LR49_SNP1 = structure(c(0, 
    129, 889, 1, 0, 0, 1, 0, 0, 0, 0, 0), dim = 4:3, dimnames = list(
        c("-2", "-1", "0", "1"), c("A", "G", "T"))), LR52_SNP1 = structure(c(0, 
    0, 0, 0, 5, 0, 0, 0, 16, 105, 23, 304, 0, 0), dim = c(7L, 
    2L), dimnames = list(c("-4", "-3", "-2", "-1", "0", "1", 
    "2"), c("C", "T"))))
