Result <-
list(DEPDC2_SNP1 = structure(c(0, 0, 0, 2, 493, 0), dim = 3:2, dimnames = list(
    c("-1", "0", "1"), c("A", "T"))), GM01_SNP1 = structure(c(2, 
270, 0, 23, 848, 1), dim = 3:2, dimnames = list(c("-1", "0", 
"1"), c("A", "G"))), GM07_SNP1 = structure(c(0, 2, 224, 212, 
4, 0, 0, 1, 255, 188, 0, 0), dim = c(6L, 2L), dimnames = list(
    c("-3", "-2", "-1", "0", "1", "2"), c("A", "G"))), GM09_SNP1 = structure(c(6, 
437, 1), dim = c(3L, 1L), dimnames = list(c("-1", "0", "1"), 
    "G")), GM11_SNP1 = structure(c(0, 20, 315, 0, 0, 4, 347, 
5), dim = c(4L, 2L), dimnames = list(c("-2", "-1", "0", "1"), 
    c("A", "G"))), GM14_SNP1 = structure(c(0, 0, 7, 582, 3, 0, 
0, 44, 271, 226, 0, 0), dim = c(6L, 2L), dimnames = list(c("-3", 
"-2", "-1", "0", "1", "3"), c("C", "T"))), GM17_SNP1 = structure(c(0, 
0, 0, 0, 0, 8, 506, 1, 0, 2, 472, 0), dim = 4:3, dimnames = list(
    c("-2", "-1", "0", "1"), c("A", "C", "T"))), GM22_SNP1 = structure(c(0, 
11, 1987, 4, 0, 0, 0, 2, 0, 0), dim = c(5L, 2L), dimnames = list(
    c("-2", "-1", "0", "1", "2"), c("A", "G"))), GM26_SNP1 = structure(c(5, 
550, 1), dim = c(3L, 1L), dimnames = list(c("-1", "0", "1"), 
    "A")), GM29_SNP1 = structure(c(0, 0, 0, 0, 0, 0, 0, 6, 909, 
1, 0, 0, 0, 0, 0), dim = c(5L, 3L), dimnames = list(c("-3", "-2", 
"-1", "0", "1"), c("-", "A", "G"))), IM16_SNP1 = structure(c(0, 
0, 1, 0, 0, 0, 1, 247, 548, 57, 0, 0), dim = c(6L, 2L), dimnames = list(
    c("-2", "-1", "0", "1", "2", "3"), c("A", "G"))), IM49_SNP1 = structure(c(14, 
20, 131, 1, 0, 0, 1, 1, 0, 0), dim = c(5L, 2L), dimnames = list(
    c("-2", "-1", "0", "1", "2"), c("C", "G"))), LR10_SNP1 = structure(c(0, 
1, 263, 1, 3, 136, 133, 0), dim = c(4L, 2L), dimnames = list(
    c("-2", "-1", "0", "1"), c("C", "T"))), LR11_SNP1 = structure(c(0, 
0, 0, 0, 0, 7, 340, 0, 0, 3, 267, 0), dim = 4:3, dimnames = list(
    c("-2", "-1", "0", "1"), c("-", "A", "C"))), LR17_SNP1 = structure(c(1, 
120, 224, 359, 0, 0, 0, 0, 0, 0, 0, 0), dim = c(6L, 2L), dimnames = list(
    c("-3", "-2", "-1", "0", "1", "2"), c("A", "G"))), LR20_SNP1 = structure(c(0, 
145, 0, 0, 165, 0), dim = 3:2, dimnames = list(c("-1", "0", "1"
), c("A", "G"))), LR24_SNP1 = structure(c(0, 170, 0, 172), dim = c(2L, 
2L), dimnames = list(c("-1", "0"), c("A", "G"))), LR36_SNP1 = structure(c(0, 
2, 216, 8, 183, 0, 0, 0, 5, 229, 232, 0), dim = c(6L, 2L), dimnames = list(
    c("-5", "-3", "-2", "-1", "0", "1"), c("A", "T"))), LR40_SNP1 = structure(c(0, 
173, 485, 0), dim = c(4L, 1L), dimnames = list(c("-2", "-1", 
"0", "1"), "C")), LR44_SNP1 = structure(c(0, 74, 50, 128, 1), dim = c(5L, 
1L), dimnames = list(c("-3", "-2", "-1", "0", "1"), "C")), LR46_SNP1 = structure(c(0, 
0, 0, 0, 2, 773, 0, 0, 12, 697, 1, 0), dim = 4:3, dimnames = list(
    c("-1", "0", "1", "2"), c("-", "G", "T"))), LR48_SNP1 = structure(c(0, 
2, 251, 815, 6, 0), dim = c(6L, 1L), dimnames = list(c("-3", 
"-2", "-1", "0", "1", "2"), "C")), LR49_SNP1 = structure(c(0, 
1, 222, 589), dim = c(2L, 2L), dimnames = list(c("-1", "0"), 
    c("A", "G"))), LR52_SNP1 = structure(c(0, 0, 0, 0, 0, 0, 
1, 15, 197, 14, 163, 0, 0, 1, 35, 168, 192, 0), dim = c(6L, 3L
), dimnames = list(c("-4", "-3", "-2", "-1", "0", "1"), c("A", 
"C", "T"))))
