Result <-
list(DEPDC2_SNP1 = structure(c(0, 0, 738, 4), dim = c(4L, 1L), dimnames = list(
    c("-2", "-1", "0", "1"), "T")), GM01_SNP1 = structure(c(0, 
0, 0, 0, 0, 0, 4, 839, 0, 0, 0, 1, 800, 0, 0), dim = c(5L, 3L
), dimnames = list(c("-2", "-1", "0", "1", "2"), c("-", "A", 
"G"))), GM07_SNP1 = structure(c(0, 0, 0, 0, 0, 2, 17, 482, 4, 
0, 0, 23, 547, 4, 0, 0, 0, 0, 0, 0), dim = 5:4, dimnames = list(
    c("-2", "-1", "0", "1", "2"), c("-", "A", "G", "T"))), GM09_SNP1 = structure(c(1, 
381, 1, 1, 301, 0), dim = 3:2, dimnames = list(c("-1", "0", "1"
), c("A", "G"))), GM11_SNP1 = structure(c(0, 132, 296, 0, 0, 
151, 290, 1), dim = c(4L, 2L), dimnames = list(c("-2", "-1", 
"0", "1"), c("A", "G"))), GM14_SNP1 = structure(c(0, 0, 0, 0, 
1, 0, 0, 0, 0, 0, 0, 0, 0, 0, 9, 722, 1, 0, 0, 3, 324, 402, 1, 
0), dim = c(6L, 4L), dimnames = list(c("-3", "-2", "-1", "0", 
"1", "2"), c("-", "A", "C", "T"))), GM17_SNP1 = structure(c(3, 
783, 0, 1, 696, 2), dim = 3:2, dimnames = list(c("-1", "0", "1"
), c("C", "T"))), GM22_SNP1 = structure(c(0, 5, 1331, 1, 0, 23, 
1117, 1), dim = c(4L, 2L), dimnames = list(c("-2", "-1", "0", 
"1"), c("A", "G"))), GM26_SNP1 = structure(c(1, 334, 0, 1, 352, 
0), dim = 3:2, dimnames = list(c("-1", "0", "1"), c("A", "G"))), 
    GM29_SNP1 = structure(c(0, 5, 1007, 1, 1, 0, 0, 1, 0, 0, 
    0, 0, 0, 0, 0), dim = c(5L, 3L), dimnames = list(c("-2", 
    "-1", "0", "1", "2"), c("A", "G", "T"))), IM16_SNP1 = structure(c(0, 
    0, 1, 0, 0, 1, 3, 1197, 7, 0), dim = c(5L, 2L), dimnames = list(
        c("-2", "-1", "0", "1", "2"), c("A", "G"))), IM49_SNP1 = structure(c(4, 
    145, 1, 0, 1, 0), dim = 3:2, dimnames = list(c("-1", "0", 
    "1"), c("C", "G"))), LR10_SNP1 = structure(c(0, 4, 950, 6, 
    0, 0, 1, 0), dim = c(4L, 2L), dimnames = list(c("-2", "-1", 
    "0", "1"), c("C", "T"))), LR11_SNP1 = structure(c(0, 0, 1, 
    0, 0, 9, 486, 1, 0, 6, 410, 1), dim = 4:3, dimnames = list(
        c("-2", "-1", "0", "1"), c("-", "A", "C"))), LR17_SNP1 = structure(c(1, 
    20, 1150, 5, 0, 0, 0, 0, 0, 0), dim = c(5L, 2L), dimnames = list(
        c("-2", "-1", "0", "1", "2"), c("A", "G"))), LR20_SNP1 = structure(c(0, 
    268, 2, 0, 165, 0), dim = 3:2, dimnames = list(c("-2", "0", 
    "1"), c("A", "G"))), LR24_SNP1 = structure(c(0, 0, 0, 0, 
    0, 0, 0, 0, 0, 1, 457, 1), dim = 3:4, dimnames = list(c("-1", 
    "0", "1"), c("-", "A", "C", "G"))), LR36_SNP1 = structure(c(0, 
    9, 1055, 2, 1, 0, 1, 1, 0, 0), dim = c(5L, 2L), dimnames = list(
        c("-2", "-1", "0", "1", "2"), c("A", "T"))), LR40_SNP1 = structure(c(0, 
    0, 0, 0, 0, 239, 619, 0, 0, 0, 0, 0, 0, 0, 1, 0), dim = c(4L, 
    4L), dimnames = list(c("-2", "-1", "0", "1"), c("A", "C", 
    "G", "T"))), LR44_SNP1 = structure(c(5, 45, 44, 0, 0, 1, 
    21, 94, 2, 0), dim = c(5L, 2L), dimnames = list(c("-2", "-1", 
    "0", "1", "2"), c("C", "T"))), LR46_SNP1 = structure(c(0, 
    0, 0, 0, 0, 0, 0, 0, 0, 4, 1704, 1, 0, 0, 2, 0), dim = c(4L, 
    4L), dimnames = list(c("-2", "-1", "0", "1"), c("-", "A", 
    "G", "T"))), LR48_SNP1 = structure(c(0, 1, 1, 0, 2, 308, 
    1401, 4, 0, 0, 1, 0), dim = 4:3, dimnames = list(c("-2", 
    "-1", "0", "1"), c("A", "C", "T"))), LR49_SNP1 = structure(c(1, 
    742, 0, 0, 307, 0), dim = 3:2, dimnames = list(c("-1", "0", 
    "1"), c("A", "G"))), LR52_SNP1 = structure(c(0, 2, 107, 33, 
    685, 1, 0, 0, 0, 0, 2, 0), dim = c(6L, 2L), dimnames = list(
        c("-4", "-3", "-2", "-1", "0", "1"), c("C", "T"))))
