Result <-
list(DEPDC2_SNP1 = structure(c(0, 9, 765, 4, 1), dim = c(5L, 
1L), dimnames = list(c("-2", "-1", "0", "1", "2"), "T")), GM01_SNP1 = structure(c(0, 
7, 631, 1, 0, 0, 2, 644, 0, 0, 0, 0, 0, 0, 0), dim = c(5L, 3L
), dimnames = list(c("-2", "-1", "0", "1", "2"), c("A", "G", 
"T"))), GM07_SNP1 = structure(c(4, 523, 146, 625, 8, 1, 0, 0, 
0, 2, 0, 0, 0, 0, 0, 0, 0, 0), dim = c(6L, 3L), dimnames = list(
    c("-3", "-2", "-1", "0", "1", "2"), c("A", "G", "T"))), GM09_SNP1 = structure(c(0, 
237, 333, 1, 0, 0, 0, 1, 0, 0, 0, 0), dim = 4:3, dimnames = list(
    c("-2", "-1", "0", "1"), c("A", "G", "T"))), GM11_SNP1 = structure(c(0, 
40, 894, 3, 0, 0, 0, 0), dim = c(4L, 2L), dimnames = list(c("-2", 
"-1", "0", "1"), c("A", "G"))), GM14_SNP1 = structure(c(0, 0, 
0, 0, 0, 0, 9, 469, 140, 1, 0, 1, 25, 679, 3), dim = c(5L, 3L
), dimnames = list(c("-3", "-2", "-1", "0", "1"), c("A", "C", 
"T"))), GM17_SNP1 = structure(c(12, 590, 0, 2, 559, 0), dim = 3:2, dimnames = list(
    c("-1", "0", "1"), c("C", "T"))), GM22_SNP1 = structure(c(0, 
0, 0, 0, 5, 809, 1466, 3, 0, 0, 0, 0), dim = 4:3, dimnames = list(
    c("-2", "-1", "0", "1"), c("-", "A", "G"))), GM26_SNP1 = structure(c(20, 
698, 2, 0, 0, 2, 0, 0), dim = c(4L, 2L), dimnames = list(c("-1", 
"0", "1", "2"), c("A", "G"))), GM29_SNP1 = structure(c(0, 0, 
0, 1, 0, 0, 2, 471, 683, 1, 0, 0, 1, 1, 0), dim = c(5L, 3L), dimnames = list(
    c("-3", "-2", "-1", "0", "1"), c("A", "G", "T"))), IM16_SNP1 = structure(c(0, 
16, 636, 4, 0, 0, 495, 136, 0, 0), dim = c(5L, 2L), dimnames = list(
    c("-2", "-1", "0", "1", "2"), c("A", "G"))), IM49_SNP1 = structure(c(0, 
0, 1, 0, 0, 0, 0, 52, 11, 35, 1, 0), dim = c(6L, 2L), dimnames = list(
    c("-3", "-2", "-1", "0", "1", "2"), c("C", "G"))), LR10_SNP1 = structure(c(9, 
607, 1), dim = c(3L, 1L), dimnames = list(c("-1", "0", "1"), 
    "T")), LR11_SNP1 = structure(c(0, 5, 310, 1, 0, 13, 247, 
0), dim = c(4L, 2L), dimnames = list(c("-2", "-1", "0", "1"), 
    c("A", "C"))), LR17_SNP1 = structure(c(0, 14, 289, 445, 10, 
0, 0, 0, 0, 0), dim = c(5L, 2L), dimnames = list(c("-3", "-2", 
"-1", "0", "1"), c("A", "G"))), LR20_SNP1 = structure(c(3, 410, 
0), dim = c(3L, 1L), dimnames = list(c("-1", "0", "2"), "A")), 
    LR24_SNP1 = structure(c(1, 264, 65, 0, 0, 0), dim = 3:2, dimnames = list(
        c("-2", "-1", "0"), c("A", "G"))), LR36_SNP1 = structure(c(0, 
    27, 479, 105, 0, 0, 0, 0, 0, 0, 18, 7, 423, 138, 0), dim = c(5L, 
    3L), dimnames = list(c("-3", "-2", "-1", "0", "1"), c("A", 
    "G", "T"))), LR40_SNP1 = structure(c(0, 0, 1, 0, 1, 30, 871, 
    5, 0, 0, 0, 0), dim = 4:3, dimnames = list(c("-2", "-1", 
    "0", "1"), c("A", "C", "T"))), LR44_SNP1 = structure(c(0, 
    1, 105, 2, 44, 0, 0, 0, 6, 125, 29, 1), dim = c(6L, 2L), dimnames = list(
        c("-4", "-3", "-2", "-1", "0", "1"), c("C", "T"))), LR46_SNP1 = structure(c(0, 
    0, 2, 0, 0, 22, 1012, 2, 0, 37, 899, 0), dim = 4:3, dimnames = list(
        c("-2", "-1", "0", "1"), c("A", "G", "T"))), LR48_SNP1 = structure(c(6, 
    595, 853, 2, 0, 0, 0, 2, 0, 0), dim = c(5L, 2L), dimnames = list(
        c("-2", "-1", "0", "1", "2"), c("C", "T"))), LR49_SNP1 = structure(c(0, 
    1, 3, 0, 0, 457, 1001, 0, 0, 0, 0, 0), dim = 4:3, dimnames = list(
        c("-2", "-1", "0", "1"), c("A", "G", "T"))), LR52_SNP1 = structure(c(0, 
    0, 0, 0, 0, 0, 0, 0, 16, 463, 341, 195, 1, 0), dim = c(7L, 
    2L), dimnames = list(c("-4", "-3", "-2", "-1", "0", "1", 
    "2"), c("C", "T"))))
