Result <-
list(DEPDC2_SNP1 = structure(c(0, 1, 224, 0), dim = c(4L, 1L), dimnames = list(
    c("-2", "-1", "0", "1"), "T")), GM01_SNP1 = structure(c(0, 
0, 306, 0, 0, 0, 340, 0), dim = c(4L, 2L), dimnames = list(c("-2", 
"-1", "0", "1"), c("A", "G"))), GM07_SNP1 = structure(c(0, 25, 
175, 1, 0, 0, 2, 176, 0, 0, 0, 0, 0, 0, 0), dim = c(5L, 3L), dimnames = list(
    c("-2", "-1", "0", "1", "2"), c("A", "G", "T"))), GM09_SNP1 = structure(c(0, 
128, 0, 0, 118, 0), dim = 3:2, dimnames = list(c("-1", "0", "1"
), c("A", "G"))), GM11_SNP1 = structure(c(0, 235, 0, 0, 2, 0, 
0, 0, 0), dim = c(3L, 3L), dimnames = list(c("-1", "0", "1"), 
    c("A", "G", "T"))), GM14_SNP1 = structure(c(0, 0, 0, 0, 1, 
3, 279, 0, 0, 1, 241, 0), dim = 4:3, dimnames = list(c("-2", 
"-1", "0", "1"), c("A", "C", "T"))), GM17_SNP1 = structure(c(0, 
1, 261, 0, 0, 2, 277, 0), dim = c(4L, 2L), dimnames = list(c("-2", 
"-1", "0", "1"), c("C", "T"))), GM22_SNP1 = structure(c(0, 2, 
1111, 0, 0, 0, 0, 7, 0, 0, 0, 0, 0, 0, 0), dim = c(5L, 3L), dimnames = list(
    c("-2", "-1", "0", "1", "2"), c("A", "G", "T"))), GM26_SNP1 = structure(c(0, 
212, 1, 0, 3, 0), dim = 3:2, dimnames = list(c("-1", "0", "1"
), c("A", "G"))), GM29_SNP1 = structure(c(0, 0, 0, 2, 490, 0, 
1, 1, 0, 0, 0, 0), dim = 3:4, dimnames = list(c("-1", "0", "1"
), c("-", "A", "G", "T"))), IM16_SNP1 = structure(c(1, 306, 2, 
0, 0, 10, 0, 0, 0, 0, 0, 0), dim = 4:3, dimnames = list(c("-1", 
"0", "1", "2"), c("A", "G", "T"))), IM49_SNP1 = structure(c(0, 
0, 32, 1, 0, 0, 37, 1), dim = c(4L, 2L), dimnames = list(c("-2", 
"-1", "0", "1"), c("C", "G"))), LR10_SNP1 = structure(c(0, 1, 
116, 0, 0, 0, 134, 0), dim = c(4L, 2L), dimnames = list(c("-2", 
"-1", "0", "1"), c("C", "T"))), LR11_SNP1 = structure(c(0, 1, 
2, 0, 0, 2, 268, 0, 0, 0, 0, 0), dim = 4:3, dimnames = list(c("-2", 
"-1", "0", "1"), c("A", "C", "G"))), LR17_SNP1 = structure(c(0, 
1, 7, 621, 5, 0, 0, 0, 0, 0, 0, 0), dim = c(6L, 2L), dimnames = list(
    c("-3", "-2", "-1", "0", "1", "2"), c("A", "G"))), LR20_SNP1 = structure(c(0, 
59, 0, 0, 63, 0), dim = 3:2, dimnames = list(c("-1", "0", "1"
), c("A", "G"))), LR24_SNP1 = structure(c(0, 227, 0, 0, 2, 0), dim = 3:2, dimnames = list(
    c("-1", "0", "1"), c("A", "G"))), LR36_SNP1 = structure(c(0, 
2, 118, 1, 0, 0, 188, 0), dim = c(4L, 2L), dimnames = list(c("-2", 
"-1", "0", "1"), c("A", "T"))), LR40_SNP1 = structure(c(1, 264, 
0, 0, 0, 0, 0, 0), dim = c(4L, 2L), dimnames = list(c("-1", "0", 
"1", "2"), c("C", "G"))), LR44_SNP1 = structure(c(0, 0, 1, 0, 
0, 4, 119, 0), dim = c(4L, 2L), dimnames = list(c("-2", "-1", 
"0", "1"), c("C", "T"))), LR46_SNP1 = structure(c(0, 0, 0, 0, 
0, 0, 0, 0, 0, 1, 401, 0, 0, 0, 389, 0), dim = c(4L, 4L), dimnames = list(
    c("-2", "-1", "0", "1"), c("A", "C", "G", "T"))), LR48_SNP1 = structure(c(1, 
0, 1, 3, 300, 0, 0, 0, 0, 0, 0, 0, 308, 1, 0, 0), dim = c(8L, 
2L), dimnames = list(c("-4", "-3", "-2", "-1", "0", "1", "2", 
"3"), c("C", "T"))), LR49_SNP1 = structure(c(0, 6, 1, 300), dim = c(2L, 
2L), dimnames = list(c("-1", "0"), c("A", "G"))), LR52_SNP1 = structure(c(0, 
0, 2, 4, 172, 0, 0, 0, 0, 0, 1, 169, 0, 0), dim = c(7L, 2L), dimnames = list(
    c("-4", "-3", "-2", "-1", "0", "1", "2"), c("C", "T"))))
