Result <-
list(DEPDC2_SNP1 = structure(c(0, 0, 0, 0, 0, 1, 761, 2), dim = c(4L, 
2L), dimnames = list(c("-2", "-1", "0", "1"), c("G", "T"))), 
    GM01_SNP1 = structure(c(0, 0, 474, 0, 0, 3, 505, 1), dim = c(4L, 
    2L), dimnames = list(c("-2", "-1", "0", "1"), c("A", "G"))), 
    GM07_SNP1 = structure(c(0, 0, 0, 0, 0, 0, 0, 15, 674, 4, 
    0, 0, 1, 5, 405, 3, 0, 0), dim = c(6L, 3L), dimnames = list(
        c("-2", "-1", "0", "1", "2", "3"), c("-", "A", "G"))), 
    GM09_SNP1 = structure(c(1, 0, 1, 0, 0, 0, 257, 0), dim = c(4L, 
    2L), dimnames = list(c("-2", "-1", "0", "1"), c("A", "G"))), 
    GM11_SNP1 = structure(c(0, 0, 0, 0, 0, 310, 0, 0, 1, 292, 
    1, 0), dim = 4:3, dimnames = list(c("-1", "0", "1", "2"), 
        c("-", "A", "G"))), GM14_SNP1 = structure(c(0, 0, 6, 
    467, 0, 0, 0, 2, 479, 1), dim = c(5L, 2L), dimnames = list(
        c("-3", "-2", "-1", "0", "1"), c("C", "T"))), GM17_SNP1 = structure(c(0, 
    1, 374, 1, 0, 2, 344, 0), dim = c(4L, 2L), dimnames = list(
        c("-2", "-1", "0", "1"), c("C", "T"))), GM22_SNP1 = structure(c(0, 
    3, 946, 2, 0, 5, 823, 0), dim = c(4L, 2L), dimnames = list(
        c("-2", "-1", "0", "1"), c("A", "G"))), GM26_SNP1 = structure(c(0, 
    1, 505, 0, 0, 0, 1, 0), dim = c(4L, 2L), dimnames = list(
        c("-2", "-1", "0", "1"), c("A", "G"))), GM29_SNP1 = structure(c(0, 
    0, 1, 457, 0, 0, 0, 3, 438, 0, 0, 0, 0, 0, 0), dim = c(5L, 
    3L), dimnames = list(c("-3", "-2", "-1", "0", "1"), c("A", 
    "G", "T"))), IM16_SNP1 = structure(c(0, 0, 2, 0, 0, 0, 2, 
    567, 1, 0, 0, 0, 1, 0, 0), dim = c(5L, 3L), dimnames = list(
        c("-2", "-1", "0", "1", "2"), c("A", "G", "T"))), IM49_SNP1 = structure(c(2, 
    53, 0, 0, 71, 0), dim = 3:2, dimnames = list(c("-1", "0", 
    "1"), c("C", "G"))), LR10_SNP1 = structure(c(2, 212, 1, 0, 
    0, 221, 0, 0), dim = c(4L, 2L), dimnames = list(c("-1", "0", 
    "1", "2"), c("C", "T"))), LR11_SNP1 = structure(c(4, 239, 
    0, 3, 165, 0), dim = 3:2, dimnames = list(c("-1", "0", "1"
    ), c("A", "C"))), LR17_SNP1 = structure(c(0, 1, 10, 591, 
    1, 0, 0, 0, 0, 0, 0, 0, 0, 0, 0), dim = c(5L, 3L), dimnames = list(
        c("-3", "-2", "-1", "0", "1"), c("A", "G", "T"))), LR20_SNP1 = structure(c(0, 
    132, 1, 0, 137, 0), dim = 3:2, dimnames = list(c("-1", "0", 
    "1"), c("A", "G"))), LR24_SNP1 = structure(c(1, 289), dim = 1:2, dimnames = list(
        "0", c("A", "G"))), LR36_SNP1 = structure(c(0, 0, 3, 
    421, 2, 0, 0, 4, 441, 3), dim = c(5L, 2L), dimnames = list(
        c("-3", "-2", "-1", "0", "1"), c("A", "T"))), LR40_SNP1 = structure(c(1, 
    512, 2, 0), dim = c(4L, 1L), dimnames = list(c("-1", "0", 
    "1", "2"), "C")), LR44_SNP1 = structure(c(0, 5, 183, 1, 0, 
    1, 0), dim = c(7L, 1L), dimnames = list(c("-2", "-1", "0", 
    "1", "2", "3", "4"), "T")), LR46_SNP1 = structure(c(0, 779, 
    3, 0, 291, 0), dim = 3:2, dimnames = list(c("-1", "0", "1"
    ), c("G", "T"))), LR48_SNP1 = structure(c(0, 0, 0, 1, 0, 
    0, 0, 0, 0, 1, 0, 0, 0, 0, 8, 983, 3, 0, 0, 0, 0, 1, 0, 0
    ), dim = c(6L, 4L), dimnames = list(c("-3", "-2", "-1", "0", 
    "1", "2"), c("-", "A", "C", "T"))), LR49_SNP1 = structure(c(1, 
    481, 0, 0, 0, 0), dim = 3:2, dimnames = list(c("-1", "0", 
    "1"), c("A", "G"))), LR52_SNP1 = structure(c(0, 0, 0, 0, 
    0, 0, 0, 1, 2, 22, 778, 1, 0, 0, 0, 0, 4, 0), dim = c(6L, 
    3L), dimnames = list(c("-4", "-3", "-2", "-1", "0", "1"), 
        c("A", "C", "T"))))
