Result <-
list(DEPDC2_SNP1 = structure(c(0, 492, 3), dim = c(3L, 1L), dimnames = list(
    c("-1", "0", "1"), "T")), GM01_SNP1 = structure(c(0, 1, 401, 
0, 0, 1, 380, 0), dim = c(4L, 2L), dimnames = list(c("-2", "-1", 
"0", "1"), c("A", "G"))), GM07_SNP1 = structure(c(0, 2, 2, 0, 
0, 0, 23, 783, 10, 0), dim = c(5L, 2L), dimnames = list(c("-2", 
"-1", "0", "1", "2"), c("A", "G"))), GM09_SNP1 = structure(c(0, 
2, 0, 0, 5, 383, 1, 1), dim = c(4L, 2L), dimnames = list(c("-1", 
"0", "1", "2"), c("A", "G"))), GM11_SNP1 = structure(c(3, 221, 
0, 0, 312, 0, 0, 0, 0), dim = c(3L, 3L), dimnames = list(c("-1", 
"0", "1"), c("A", "G", "T"))), GM14_SNP1 = structure(c(0, 0, 
0, 1, 0, 0, 0, 2, 428, 1, 0, 0, 4, 544, 1), dim = c(5L, 3L), dimnames = list(
    c("-3", "-2", "-1", "0", "1"), c("-", "C", "T"))), GM17_SNP1 = structure(c(2, 
357, 0, 1, 343, 0), dim = 3:2, dimnames = list(c("-1", "0", "1"
), c("C", "T"))), GM22_SNP1 = structure(c(0, 1, 5, 1558, 2, 0, 
0, 0, 4, 1), dim = c(5L, 2L), dimnames = list(c("-3", "-2", "-1", 
"0", "1"), c("A", "G"))), GM26_SNP1 = structure(c(0, 0, 215, 
1, 0, 1, 260, 0), dim = c(4L, 2L), dimnames = list(c("-2", "-1", 
"0", "1"), c("A", "G"))), GM29_SNP1 = structure(c(1, 413, 0, 
0, 2, 477, 1, 0, 0, 0, 0, 0), dim = 4:3, dimnames = list(c("-1", 
"0", "1", "2"), c("A", "G", "T"))), IM16_SNP1 = structure(c(0, 
1, 0, 0, 3, 556, 4, 0, 0, 2, 0, 0), dim = 4:3, dimnames = list(
    c("-1", "0", "1", "2"), c("A", "G", "T"))), IM49_SNP1 = structure(c(0, 
2, 136, 1), dim = c(4L, 1L), dimnames = list(c("-2", "-1", "0", 
"1"), "C")), LR10_SNP1 = structure(c(3, 158, 0, 2, 144, 0), dim = 3:2, dimnames = list(
    c("-1", "0", "1"), c("C", "T"))), LR11_SNP1 = structure(c(0, 
0, 0, 0, 0, 1, 419, 0, 0, 0, 0, 0), dim = 4:3, dimnames = list(
    c("-2", "-1", "0", "1"), c("A", "C", "T"))), LR17_SNP1 = structure(c(0, 
10, 620, 3, 0, 0, 0, 0, 0, 0, 0, 0, 0, 0, 0), dim = c(5L, 3L), dimnames = list(
    c("-2", "-1", "0", "1", "2"), c("A", "G", "T"))), LR20_SNP1 = structure(c(0, 
0, 102, 0, 0, 0, 99, 0), dim = c(4L, 2L), dimnames = list(c("-2", 
"-1", "0", "1"), c("A", "G"))), LR24_SNP1 = structure(c(2, 310, 
1, 0, 0, 0), dim = 3:2, dimnames = list(c("-1", "0", "1"), c("A", 
"G"))), LR36_SNP1 = structure(c(0, 0, 4, 0, 0, 0, 0, 0, 0, 0, 
0, 6, 785, 1, 0), dim = c(5L, 3L), dimnames = list(c("-2", "-1", 
"0", "1", "2"), c("A", "C", "T"))), LR40_SNP1 = structure(c(0, 
1, 283, 0, 0, 2, 298, 1, 0, 0, 0, 0), dim = 4:3, dimnames = list(
    c("-2", "-1", "0", "1"), c("A", "C", "T"))), LR44_SNP1 = structure(c(0, 
2, 46, 0, 0, 1, 111, 0), dim = c(4L, 2L), dimnames = list(c("-2", 
"-1", "0", "1"), c("C", "T"))), LR46_SNP1 = structure(c(0, 1, 
0, 0, 1417, 0, 0, 3, 0), dim = c(3L, 3L), dimnames = list(c("-1", 
"0", "1"), c("A", "G", "T"))), LR48_SNP1 = structure(c(0, 8, 
873, 0, 0, 0, 0, 3, 0, 0), dim = c(5L, 2L), dimnames = list(c("-2", 
"-1", "0", "1", "2"), c("C", "T"))), LR49_SNP1 = structure(c(0, 
3, 0, 5, 824, 0), dim = 3:2, dimnames = list(c("-1", "0", "1"
), c("A", "G"))), LR52_SNP1 = structure(c(0, 0, 0, 0, 0, 0, 0, 
0, 0, 0, 0, 0, 1, 3, 32, 549, 1, 0, 0, 0, 0, 0, 0, 0, 0, 0, 0, 
1, 0, 0), dim = 6:5, dimnames = list(c("-3", "-2", "-1", "0", 
"1", "2"), c("-", "A", "C", "G", "T"))))
