Result <-
list(DEPDC2_SNP1 = structure(c(0, 0, 0, 0, 281, 0, 1, 344, 1), dim = c(3L, 
3L), dimnames = list(c("-1", "0", "1"), c("A", "C", "T"))), GM01_SNP1 = structure(c(0, 
0, 0, 0, 0, 8, 1019, 2, 0, 0, 1, 0), dim = 4:3, dimnames = list(
    c("-2", "-1", "0", "1"), c("-", "A", "G"))), GM07_SNP1 = structure(c(0, 
14, 458, 2, 0, 0, 15, 472, 3, 0), dim = c(5L, 2L), dimnames = list(
    c("-2", "-1", "0", "1", "2"), c("A", "G"))), GM09_SNP1 = structure(c(0, 
256, 0, 0, 228, 0), dim = 3:2, dimnames = list(c("-1", "0", "1"
), c("A", "G"))), GM11_SNP1 = structure(c(0, 788, 2, 0), dim = c(4L, 
1L), dimnames = list(c("-1", "0", "1", "2"), "A")), GM14_SNP1 = structure(c(1, 
11, 1190, 5, 0, 0, 0, 2, 0, 0), dim = c(5L, 2L), dimnames = list(
    c("-2", "-1", "0", "1", "2"), c("C", "T"))), GM17_SNP1 = structure(c(0, 
0, 6, 933, 1, 0, 0, 0, 2, 0), dim = c(5L, 2L), dimnames = list(
    c("-3", "-2", "-1", "0", "1"), c("C", "T"))), GM22_SNP1 = structure(c(0, 
2, 846, 0, 0, 1, 784, 2, 0, 0, 0, 0), dim = 4:3, dimnames = list(
    c("-2", "-1", "0", "1"), c("A", "G", "T"))), GM26_SNP1 = structure(c(0, 
287, 0, 0, 245, 0), dim = 3:2, dimnames = list(c("-1", "0", "1"
), c("A", "G"))), GM29_SNP1 = structure(c(1, 9, 996, 0, 0, 0, 
0, 0, 0, 0, 0, 0, 0, 0, 1, 0), dim = c(4L, 4L), dimnames = list(
    c("-2", "-1", "0", "1"), c("A", "C", "G", "T"))), IM16_SNP1 = structure(c(0, 
1, 0, 1, 996, 6), dim = 3:2, dimnames = list(c("-1", "0", "1"
), c("A", "G"))), IM49_SNP1 = structure(c(2, 77, 2, 2, 66, 2), dim = 3:2, dimnames = list(
    c("-1", "0", "1"), c("C", "G"))), LR10_SNP1 = structure(c(0, 
0, 0, 0, 0, 0, 2, 457, 0), dim = c(3L, 3L), dimnames = list(c("-1", 
"0", "1"), c("A", "C", "T"))), LR11_SNP1 = structure(c(0, 2, 
0, 4, 574, 1), dim = 3:2, dimnames = list(c("-1", "0", "1"), 
    c("A", "C"))), LR17_SNP1 = structure(c(0, 7, 650, 3, 0), dim = c(5L, 
1L), dimnames = list(c("-2", "-1", "0", "1", "2"), "A")), LR20_SNP1 = structure(c(0, 
1, 0, 1, 271, 0), dim = 3:2, dimnames = list(c("-1", "0", "1"
), c("A", "G"))), LR24_SNP1 = structure(c(1, 2, 0, 2, 424, 0), dim = 3:2, dimnames = list(
    c("-1", "0", "1"), c("A", "G"))), LR36_SNP1 = structure(c(0, 
0, 2, 325, 0, 0, 0, 0, 0, 0, 0, 0, 2, 390, 1), dim = c(5L, 3L
), dimnames = list(c("-3", "-2", "-1", "0", "1"), c("A", "C", 
"T"))), LR40_SNP1 = structure(c(0, 4, 819, 1), dim = c(4L, 1L
), dimnames = list(c("-2", "-1", "0", "1"), "C")), LR44_SNP1 = structure(c(0, 
2, 108, 0, 0, 0, 1, 0, 0, 2, 118, 0), dim = 4:3, dimnames = list(
    c("-2", "-1", "0", "1"), c("C", "G", "T"))), LR46_SNP1 = structure(c(0, 
1552, 1, 0, 3, 0), dim = 3:2, dimnames = list(c("-1", "0", "1"
), c("G", "T"))), LR48_SNP1 = structure(c(0, 7, 863, 9, 0, 0, 
0, 1, 0, 0), dim = c(5L, 2L), dimnames = list(c("-2", "-1", "0", 
"1", "2"), c("C", "T"))), LR49_SNP1 = structure(c(0, 3, 0, 0, 
0, 0, 2, 1146, 0), dim = c(3L, 3L), dimnames = list(c("-1", "0", 
"1"), c("A", "C", "G"))), LR52_SNP1 = structure(c(1, 0, 27, 835, 
5, 0), dim = c(6L, 1L), dimnames = list(c("-3", "-2", "-1", "0", 
"1", "2"), "T")))
