Result <-
list(DEPDC2_SNP1 = structure(c(0, 0, 0, 0, 0, 0, 0, 0, 115, 0, 
0, 0, 76, 64, 0), dim = c(5L, 3L), dimnames = list(c("-3", "-2", 
"-1", "0", "1"), c("A", "C", "T"))), GM01_SNP1 = structure(c(1, 
151, 319, 0, 0, 0, 1, 0), dim = c(4L, 2L), dimnames = list(c("-2", 
"-1", "0", "1"), c("A", "G"))), GM07_SNP1 = structure(c(0, 0, 
7, 189, 1, 0, 0, 46, 26, 126, 0, 0, 0, 0, 0, 0, 0, 0), dim = c(6L, 
3L), dimnames = list(c("-3", "-2", "-1", "0", "1", "2"), c("A", 
"G", "T"))), GM09_SNP1 = structure(c(1, 67, 1, 1, 62, 0), dim = 3:2, dimnames = list(
    c("-1", "0", "1"), c("A", "G"))), GM11_SNP1 = structure(c(0, 
21, 96, 0, 0, 1, 126, 0, 0, 0, 1, 0), dim = 4:3, dimnames = list(
    c("-2", "-1", "0", "1"), c("A", "G", "T"))), GM14_SNP1 = structure(c(0, 
0, 0, 0, 0, 0, 0, 1, 7, 267, 2, 0, 0, 0, 22, 264, 1, 0), dim = c(6L, 
3L), dimnames = list(c("-4", "-2", "-1", "0", "1", "2"), c("A", 
"C", "T"))), GM17_SNP1 = structure(c(0, 2, 186, 0, 0, 4, 178, 
0), dim = c(4L, 2L), dimnames = list(c("-2", "-1", "0", "1"), 
    c("C", "T"))), GM22_SNP1 = structure(c(0, 0, 433, 0, 0, 0, 
0, 0, 0, 2, 449, 0, 0, 0, 0, 0), dim = c(4L, 4L), dimnames = list(
    c("-2", "-1", "0", "1"), c("A", "C", "G", "T"))), GM26_SNP1 = structure(c(0, 
3, 0, 0, 0, 161, 32, 0), dim = c(4L, 2L), dimnames = list(c("-1", 
"0", "1", "2"), c("A", "G"))), GM29_SNP1 = structure(c(0, 0, 
0, 0, 0, 0, 0, 0, 0, 0, 10, 0, 0, 0, 0, 104, 339, 0), dim = c(6L, 
3L), dimnames = list(c("-4", "-3", "-2", "-1", "0", "1"), c("-", 
"A", "G"))), IM16_SNP1 = structure(c(0, 0, 3, 0, 36, 2, 271, 
2, 0, 0, 0, 0), dim = 4:3, dimnames = list(c("-2", "-1", "0", 
"1"), c("A", "G", "T"))), IM49_SNP1 = structure(c(0, 1, 28, 0, 
8, 0, 29, 0), dim = c(4L, 2L), dimnames = list(c("-2", "-1", 
"0", "1"), c("C", "G"))), LR10_SNP1 = structure(c(14, 164, 0, 
0, 2, 1), dim = 3:2, dimnames = list(c("-1", "0", "1"), c("C", 
"T"))), LR11_SNP1 = structure(c(0, 7, 107, 0, 0, 11, 92, 0, 0, 
0, 0, 0), dim = 4:3, dimnames = list(c("-2", "-1", "0", "1"), 
    c("A", "C", "T"))), LR17_SNP1 = structure(c(0, 0, 140, 349, 
3, 0, 0, 0, 0, 0, 0, 0), dim = c(6L, 2L), dimnames = list(c("-3", 
"-2", "-1", "0", "1", "2"), c("A", "G"))), LR20_SNP1 = structure(c(1, 
133, 0), dim = c(3L, 1L), dimnames = list(c("-1", "0", "1"), 
    "A")), LR24_SNP1 = structure(c(3, 50, 195, 0), dim = c(4L, 
1L), dimnames = list(c("-2", "-1", "0", "1"), "A")), LR36_SNP1 = structure(c(0, 
0, 0, 0, 0, 0, 0, 0, 0, 51, 2, 315, 0, 0, 0, 0, 0, 1, 3, 0, 0
), dim = c(7L, 3L), dimnames = list(c("-4", "-3", "-2", "-1", 
"0", "1", "2"), c("-", "A", "T"))), LR40_SNP1 = structure(c(0, 
134, 0, 0, 117, 0, 0, 0, 0, 0, 0, 0), dim = 3:4, dimnames = list(
    c("-1", "0", "1"), c("A", "C", "G", "T"))), LR44_SNP1 = structure(c(0, 
2, 5, 24, 1, 0, 0, 4, 39, 0), dim = c(5L, 2L), dimnames = list(
    c("-3", "-2", "-1", "0", "1"), c("C", "T"))), LR46_SNP1 = structure(c(2, 
311, 0, 54, 253, 0), dim = 3:2, dimnames = list(c("-1", "0", 
"1"), c("G", "T"))), LR48_SNP1 = structure(c(0, 0, 0, 0, 0, 0, 
0, 5, 142, 161, 1, 0, 0, 18, 61, 135, 0, 0), dim = c(6L, 3L), dimnames = list(
    c("-3", "-2", "-1", "0", "1", "2"), c("A", "C", "T"))), LR49_SNP1 = structure(c(1, 
71, 373, 0, 0, 0, 3, 0, 0, 0, 0, 0), dim = 4:3, dimnames = list(
    c("-2", "-1", "0", "1"), c("A", "G", "T"))), LR52_SNP1 = structure(c(0, 
0, 0, 0, 0, 0, 0, 4, 37, 39, 159, 0, 0, 0, 0, 0, 0, 0), dim = c(6L, 
3L), dimnames = list(c("-4", "-3", "-2", "-1", "0", "1"), c("-", 
"C", "T"))))
