Result <-
list(DEPDC2_SNP1 = structure(c(0, 0, 0, 0, 0, 0, 0, 0, 0, 1, 
449, 0), dim = 4:3, dimnames = list(c("-2", "-1", "0", "1"), 
    c("A", "C", "T"))), GM01_SNP1 = structure(c(0, 0, 480, 1, 
0, 0, 0, 716, 1, 0), dim = c(5L, 2L), dimnames = list(c("-2", 
"-1", "0", "1", "2"), c("A", "G"))), GM07_SNP1 = structure(c(1, 
2, 7, 1, 0, 0, 4, 565, 4, 0), dim = c(5L, 2L), dimnames = list(
    c("-2", "-1", "0", "1", "2"), c("A", "G"))), GM09_SNP1 = structure(c(1, 
207, 0, 0, 188, 0, 0, 1, 0), dim = c(3L, 3L), dimnames = list(
    c("-1", "0", "1"), c("A", "G", "T"))), GM11_SNP1 = structure(c(0, 
0, 195, 0, 0, 0, 309, 0, 0, 0, 0, 0), dim = 4:3, dimnames = list(
    c("-2", "-1", "0", "1"), c("A", "G", "T"))), GM14_SNP1 = structure(c(0, 
0, 1, 0, 0, 6, 557, 1, 0, 2, 374, 2), dim = 4:3, dimnames = list(
    c("-2", "-1", "0", "1"), c("A", "C", "T"))), GM17_SNP1 = structure(c(0, 
4, 0, 2, 785, 0), dim = 3:2, dimnames = list(c("-1", "0", "1"
), c("C", "T"))), GM22_SNP1 = structure(c(0, 0, 4, 1716, 0, 0, 
0, 0, 0, 7, 0, 0, 0, 0, 0, 0, 0, 0), dim = c(6L, 3L), dimnames = list(
    c("-3", "-2", "-1", "0", "1", "2"), c("A", "G", "T"))), GM26_SNP1 = structure(c(0, 
96, 0, 0, 0, 236, 0, 0), dim = c(4L, 2L), dimnames = list(c("-1", 
"0", "1", "2"), c("A", "G"))), GM29_SNP1 = structure(c(0, 1, 
754, 0, 0, 0, 3, 0), dim = c(4L, 2L), dimnames = list(c("-2", 
"-1", "0", "1"), c("A", "G"))), IM16_SNP1 = structure(c(1, 173, 
1, 0, 0, 404, 2, 0), dim = c(4L, 2L), dimnames = list(c("-1", 
"0", "1", "2"), c("A", "G"))), IM49_SNP1 = structure(c(1, 1, 
133, 0), dim = c(4L, 1L), dimnames = list(c("-2", "-1", "0", 
"1"), "G")), LR10_SNP1 = structure(c(0, 0, 0, 0, 0, 1, 356, 0, 
0, 0, 227, 0), dim = 4:3, dimnames = list(c("-2", "-1", "0", 
"1"), c("-", "C", "T"))), LR11_SNP1 = structure(c(2, 281, 0, 
1, 297, 2), dim = 3:2, dimnames = list(c("-1", "0", "1"), c("A", 
"C"))), LR17_SNP1 = structure(c(0, 1, 5, 675, 3, 0, 0, 0, 0, 
0, 0, 0, 0, 0, 0, 0, 0, 0), dim = c(6L, 3L), dimnames = list(
    c("-3", "-2", "-1", "0", "1", "2"), c("A", "C", "G"))), LR20_SNP1 = structure(c(0, 
0, 1, 0, 0, 0, 335, 0), dim = c(4L, 2L), dimnames = list(c("-2", 
"-1", "0", "1"), c("A", "G"))), LR24_SNP1 = structure(c(1, 240, 
1, 0, 0, 199, 1, 1), dim = c(4L, 2L), dimnames = list(c("-1", 
"0", "1", "2"), c("A", "G"))), LR36_SNP1 = structure(c(0, 0, 
0, 0, 0, 8, 0, 0, 0, 0, 0, 0, 0, 0, 0, 0, 0, 0, 0, 0, 0, 0, 0, 
0, 0, 0, 1, 1, 1, 637, 3, 0), dim = c(8L, 4L), dimnames = list(
    c("-5", "-4", "-3", "-2", "-1", "0", "1", "2"), c("A", "C", 
    "G", "T"))), LR40_SNP1 = structure(c(0, 207, 0, 1, 234, 0
), dim = 3:2, dimnames = list(c("-1", "0", "1"), c("A", "C"))), 
    LR44_SNP1 = structure(c(0, 4, 144, 0, 0, 0, 1, 0), dim = c(4L, 
    2L), dimnames = list(c("-2", "-1", "0", "1"), c("C", "T"))), 
    LR46_SNP1 = structure(c(0, 0, 0, 0, 0, 0, 0, 0, 0, 0, 499, 
    0, 0, 1, 482, 0), dim = c(4L, 4L), dimnames = list(c("-2", 
    "-1", "0", "1"), c("-", "C", "G", "T"))), LR48_SNP1 = structure(c(0, 
    0, 0, 0, 0, 0, 0, 3, 629, 2, 0, 0, 0, 2, 433, 3, 0, 0), dim = c(6L, 
    3L), dimnames = list(c("-2", "-1", "0", "1", "2", "3"), c("A", 
    "C", "T"))), LR49_SNP1 = structure(c(0, 1, 1, 0, 110, 394
    ), dim = 3:2, dimnames = list(c("-2", "-1", "0"), c("A", 
    "G"))), LR52_SNP1 = structure(c(0, 0, 0, 0, 0, 0, 0, 0, 1, 
    0, 1, 0, 24, 721, 2, 0, 0, 1, 5, 0), dim = 5:4, dimnames = list(
        c("-3", "-2", "-1", "0", "1"), c("-", "A", "C", "T"))))
