Result <-
list(DEPDC2_SNP1 = structure(c(0, 0, 0, 2, 392, 0), dim = 3:2, dimnames = list(
    c("-1", "0", "1"), c("C", "T"))), GM01_SNP1 = structure(c(5, 
645, 0, 0, 1, 527, 1, 0), dim = c(4L, 2L), dimnames = list(c("-1", 
"0", "1", "2"), c("A", "G"))), GM07_SNP1 = structure(c(1, 2, 
1, 0, 0, 0, 32, 853, 1, 0), dim = c(5L, 2L), dimnames = list(
    c("-2", "-1", "0", "1", "2"), c("A", "G"))), GM09_SNP1 = structure(c(1, 
306, 0, 0, 234, 0, 0, 2, 0), dim = c(3L, 3L), dimnames = list(
    c("-1", "0", "1"), c("A", "G", "T"))), GM11_SNP1 = structure(c(0, 
1, 554, 1, 0, 0, 1, 0), dim = c(4L, 2L), dimnames = list(c("-2", 
"-1", "0", "1"), c("A", "G"))), GM14_SNP1 = structure(c(0, 0, 
2, 0, 0, 0, 4, 702, 2, 0, 0, 3, 607, 1, 0), dim = c(5L, 3L), dimnames = list(
    c("-2", "-1", "0", "1", "2"), c("A", "C", "T"))), GM17_SNP1 = structure(c(0, 
4, 848, 0, 0, 0, 6, 0), dim = c(4L, 2L), dimnames = list(c("-2", 
"-1", "0", "1"), c("C", "T"))), GM22_SNP1 = structure(c(0, 1, 
10, 1, 0, 1, 1639, 1, 0, 0, 0, 0), dim = 4:3, dimnames = list(
    c("-2", "-1", "0", "1"), c("A", "G", "T"))), GM26_SNP1 = structure(c(0, 
0, 194, 0, 0, 1, 237, 1), dim = c(4L, 2L), dimnames = list(c("-2", 
"-1", "0", "1"), c("A", "G"))), GM29_SNP1 = structure(c(0, 0, 
2, 0, 0, 5, 811, 0), dim = c(4L, 2L), dimnames = list(c("-2", 
"-1", "0", "1"), c("A", "G"))), IM16_SNP1 = structure(c(0, 0, 
0, 1, 0, 0, 1, 810, 0, 0, 1, 0), dim = 3:4, dimnames = list(c("-1", 
"0", "1"), c("-", "A", "G", "T"))), IM49_SNP1 = structure(c(2, 
86, 1, 1, 35, 0), dim = 3:2, dimnames = list(c("-1", "0", "1"
), c("C", "G"))), LR10_SNP1 = structure(c(1, 453, 0, 0, 0, 0), dim = 3:2, dimnames = list(
    c("-1", "0", "1"), c("C", "T"))), LR11_SNP1 = structure(c(0, 
0, 0, 0, 0, 0, 0, 0, 0, 2, 577, 0, 0, 0, 0, 0, 0, 0), dim = c(6L, 
3L), dimnames = list(c("-4", "-3", "-2", "-1", "0", "1"), c("A", 
"C", "T"))), LR17_SNP1 = structure(c(0, 6, 748, 2, 0, 0, 0, 0, 
0, 0, 0, 1, 0, 0, 1, 0), dim = c(4L, 4L), dimnames = list(c("-2", 
"-1", "0", "1"), c("A", "C", "G", "T"))), LR20_SNP1 = structure(c(0, 
130, 0, 143), dim = c(2L, 2L), dimnames = list(c("-1", "0"), 
    c("A", "G"))), LR24_SNP1 = structure(c(0, 1, 0, 2, 229, 0, 
0, 153, 1), dim = c(3L, 3L), dimnames = list(c("-1", "0", "1"
), c("-", "A", "G"))), LR36_SNP1 = structure(c(0, 0, 0, 0, 0, 
0, 0, 0, 0, 527, 244, 3, 0, 0, 0, 0, 1, 0, 0, 0, 0), dim = c(7L, 
3L), dimnames = list(c("-2", "-1", "0", "1", "2", "3", "5"), 
    c("-", "A", "T"))), LR40_SNP1 = structure(c(1, 519, 2), dim = c(3L, 
1L), dimnames = list(c("-1", "0", "1"), "C")), LR44_SNP1 = structure(c(0, 
0, 0, 1, 0, 0, 0, 8, 227, 2), dim = c(5L, 2L), dimnames = list(
    c("-4", "-2", "-1", "0", "1"), c("C", "T"))), LR46_SNP1 = structure(c(0, 
0, 0, 0, 0, 0, 0, 0, 0, 0, 0, 1, 1556, 0, 1, 0, 0, 8, 0, 0), dim = 5:4, dimnames = list(
    c("-2", "-1", "0", "1", "2"), c("-", "A", "G", "T"))), LR48_SNP1 = structure(c(0, 
4, 1033, 2, 0, 0, 0, 0, 0, 0), dim = c(5L, 2L), dimnames = list(
    c("-2", "-1", "0", "1", "2"), c("C", "T"))), LR49_SNP1 = structure(c(1, 
2, 0, 0, 2, 651), dim = 2:3, dimnames = list(c("-1", "0"), c("A", 
"C", "G"))), LR52_SNP1 = structure(c(0, 0, 0, 0, 0, 0, 0, 0, 
2, 0, 0, 0, 18, 659, 0), dim = c(5L, 3L), dimnames = list(c("-3", 
"-2", "-1", "0", "1"), c("A", "C", "T"))))
