Result <-
list(DEPDC2_SNP1 = structure(c(0, 0, 0, 0, 0, 1, 165, 0, 0, 1, 
184, 0), dim = 4:3, dimnames = list(c("-2", "-1", "0", "1"), 
    c("A", "C", "T"))), GM01_SNP1 = structure(c(0, 3, 940, 0, 
0, 0, 0, 0, 0, 0, 0, 0), dim = 4:3, dimnames = list(c("-2", "-1", 
"0", "1"), c("A", "G", "T"))), GM07_SNP1 = structure(c(0, 0, 
0, 0, 0, 0, 0, 3, 94, 244, 0, 0, 0, 63, 1, 246, 1, 0, 0, 0, 0, 
0, 0, 0), dim = c(6L, 4L), dimnames = list(c("-3", "-2", "-1", 
"0", "1", "2"), c("-", "A", "G", "T"))), GM09_SNP1 = structure(c(0, 
0, 0, 8, 298, 0), dim = 3:2, dimnames = list(c("-1", "0", "1"
), c("A", "G"))), GM11_SNP1 = structure(c(0, 0, 0, 0, 0, 43, 
318, 0, 0, 0, 0, 0), dim = 4:3, dimnames = list(c("-2", "-1", 
"0", "1"), c("-", "A", "G"))), GM14_SNP1 = structure(c(0, 0, 
0, 0, 2, 100, 631, 1, 0, 0, 0, 0), dim = 4:3, dimnames = list(
    c("-2", "-1", "0", "1"), c("A", "C", "T"))), GM17_SNP1 = structure(c(0, 
0, 3, 409, 0, 0, 0, 1, 395, 0), dim = c(5L, 2L), dimnames = list(
    c("-3", "-2", "-1", "0", "1"), c("C", "T"))), GM22_SNP1 = structure(c(0, 
5, 1634, 0, 0, 0, 0, 0, 0, 0, 0, 0, 0, 0, 0), dim = c(5L, 3L), dimnames = list(
    c("-2", "-1", "0", "1", "2"), c("A", "G", "T"))), GM26_SNP1 = structure(c(0, 
40, 144, 0, 0, 0, 164, 0, 0, 0, 0, 0), dim = 4:3, dimnames = list(
    c("-2", "-1", "0", "1"), c("A", "G", "T"))), GM29_SNP1 = structure(c(0, 
91, 559, 0, 0, 0, 0, 0, 0, 0, 0, 0), dim = 4:3, dimnames = list(
    c("-2", "-1", "0", "1"), c("A", "G", "T"))), IM16_SNP1 = structure(c(4, 
257, 0, 0, 2, 258, 0, 0), dim = c(4L, 2L), dimnames = list(c("-1", 
"0", "1", "2"), c("A", "G"))), IM49_SNP1 = structure(c(1, 16, 
45, 1, 0, 0, 19, 53, 1, 0, 0, 0, 0, 0, 0), dim = c(5L, 3L), dimnames = list(
    c("-2", "-1", "0", "1", "2"), c("C", "G", "T"))), LR10_SNP1 = structure(c(0, 
0, 0, 0, 0, 0, 3, 468, 0, 0), dim = c(5L, 2L), dimnames = list(
    c("-2", "-1", "0", "1", "2"), c("C", "T"))), LR11_SNP1 = structure(c(0, 
0, 0, 0, 0, 2, 290, 1, 0, 0, 0, 0), dim = 4:3, dimnames = list(
    c("-2", "-1", "0", "1"), c("A", "C", "T"))), LR17_SNP1 = structure(c(0, 
5, 153, 462, 0, 0, 0, 0, 0, 0), dim = c(5L, 2L), dimnames = list(
    c("-3", "-2", "-1", "0", "1"), c("A", "G"))), LR20_SNP1 = structure(c(0, 
133, 0, 4, 132, 0), dim = 3:2, dimnames = list(c("-1", "0", "1"
), c("A", "G"))), LR24_SNP1 = structure(c(2, 137), dim = 2:1, dimnames = list(
    c("-1", "0"), "A")), LR36_SNP1 = structure(c(0, 0, 0, 0, 
0, 4, 105, 530, 0, 1, 0, 0, 0, 0, 0), dim = c(5L, 3L), dimnames = list(
    c("-2", "-1", "0", "1", "3"), c("-", "A", "T"))), LR40_SNP1 = structure(c(0, 
0, 0, 0, 1, 25, 233, 0), dim = c(4L, 2L), dimnames = list(c("-2", 
"-1", "0", "1"), c("A", "C"))), LR44_SNP1 = structure(c(0, 0, 
0, 0, 0, 0, 15, 13, 104, 0, 0, 0, 0, 0, 1, 0, 0, 0, 1, 0), dim = 5:4, dimnames = list(
    c("-3", "-2", "-1", "0", "1"), c("-", "C", "G", "T"))), LR46_SNP1 = structure(c(0, 
0, 0, 0, 0, 0, 0, 0, 0, 4, 956, 0), dim = 3:4, dimnames = list(
    c("-1", "0", "1"), c("-", "A", "G", "T"))), LR48_SNP1 = structure(c(0, 
4, 217, 738, 2, 0, 0, 0, 0, 0, 0, 0), dim = c(6L, 2L), dimnames = list(
    c("-3", "-2", "-1", "0", "1", "2"), c("C", "T"))), LR49_SNP1 = structure(c(0, 
0, 0, 53, 385, 0, 0, 0, 0), dim = c(3L, 3L), dimnames = list(
    c("-1", "0", "1"), c("A", "G", "T"))), LR52_SNP1 = structure(c(0, 
0, 0, 0, 0, 0, 0, 1, 82, 60, 393, 0, 0, 0, 0, 0, 0, 0), dim = c(6L, 
3L), dimnames = list(c("-4", "-3", "-2", "-1", "0", "1"), c("-", 
"C", "T"))))
