Result <-
list(DEPDC2_SNP1 = structure(c(0, 0, 0, 1, 244, 3), dim = 3:2, dimnames = list(
    c("-1", "0", "1"), c("A", "T"))), GM01_SNP1 = structure(c(1, 
270, 0, 6, 288, 0, 0, 0, 0), dim = c(3L, 3L), dimnames = list(
    c("-1", "0", "1"), c("A", "G", "T"))), GM07_SNP1 = structure(c(0, 
3, 158, 91, 0, 0, 156, 0, 79, 0), dim = c(5L, 2L), dimnames = list(
    c("-3", "-2", "-1", "0", "1"), c("A", "G"))), GM09_SNP1 = structure(c(0, 
0, 0, 2, 172, 1, 0, 0, 0), dim = c(3L, 3L), dimnames = list(c("-1", 
"0", "1"), c("A", "G", "T"))), GM11_SNP1 = structure(c(0, 15, 
96, 0, 0, 10, 120, 0), dim = c(4L, 2L), dimnames = list(c("-2", 
"-1", "0", "1"), c("A", "G"))), GM14_SNP1 = structure(c(0, 0, 
143, 40, 170, 246, 1, 0, 0, 0, 0, 0, 0, 0, 0, 0), dim = c(8L, 
2L), dimnames = list(c("-5", "-4", "-3", "-2", "-1", "0", "1", 
"2"), c("C", "T"))), GM17_SNP1 = structure(c(0, 0, 0, 0, 2, 199, 
364, 1, 0, 0, 0, 0), dim = 4:3, dimnames = list(c("-2", "-1", 
"0", "1"), c("A", "C", "T"))), GM22_SNP1 = structure(c(0, 0, 
1, 0, 0, 9, 1063, 0, 0, 0, 0, 0), dim = 4:3, dimnames = list(
    c("-2", "-1", "0", "1"), c("A", "G", "T"))), GM26_SNP1 = structure(c(0, 
1, 0, 1, 276, 0), dim = 3:2, dimnames = list(c("-1", "0", "1"
), c("A", "G"))), GM29_SNP1 = structure(c(8, 465, 1, 0, 0, 0), dim = 3:2, dimnames = list(
    c("-1", "0", "1"), c("A", "G"))), IM16_SNP1 = structure(c(0, 
0, 0, 31, 361, 0), dim = 3:2, dimnames = list(c("-1", "0", "1"
), c("A", "G"))), IM49_SNP1 = structure(c(0, 0, 0, 0, 1, 34, 
75, 5), dim = c(4L, 2L), dimnames = list(c("-2", "-1", "0", "1"
), c("C", "G"))), LR10_SNP1 = structure(c(1, 87, 147, 0, 0, 0, 
1, 0), dim = c(4L, 2L), dimnames = list(c("-2", "-1", "0", "1"
), c("C", "T"))), LR11_SNP1 = structure(c(0, 0, 0, 0, 3, 125, 
59, 0), dim = c(4L, 2L), dimnames = list(c("-2", "-1", "0", "1"
), c("A", "C"))), LR17_SNP1 = structure(c(0, 29, 282, 1, 0, 0, 
0, 0), dim = c(4L, 2L), dimnames = list(c("-2", "-1", "0", "1"
), c("A", "G"))), LR20_SNP1 = structure(c(0, 0, 57, 117), dim = c(2L, 
2L), dimnames = list(c("-1", "0"), c("A", "G"))), LR24_SNP1 = structure(c(0, 
14, 0, 35), dim = c(2L, 2L), dimnames = list(c("-1", "0"), c("A", 
"G"))), LR36_SNP1 = structure(c(0, 0, 0, 0, 0, 0, 0, 1, 2, 273, 
2, 0, 0, 0, 0, 0, 0, 0, 0, 0, 29, 179, 27, 1), dim = c(6L, 4L
), dimnames = list(c("-4", "-2", "-1", "0", "1", "2"), c("-", 
"A", "G", "T"))), LR40_SNP1 = structure(c(0, 0, 0, 0, 0, 4, 198, 
0), dim = c(4L, 2L), dimnames = list(c("-3", "-1", "0", "1"), 
    c("A", "C"))), LR44_SNP1 = structure(c(0, 0, 37, 12, 0, 3, 
1, 44, 31, 0), dim = c(5L, 2L), dimnames = list(c("-3", "-2", 
"-1", "0", "1"), c("C", "T"))), LR46_SNP1 = structure(c(0, 0, 
0, 0, 0, 12, 359, 0, 0, 253, 133, 0), dim = 4:3, dimnames = list(
    c("-2", "-1", "0", "1"), c("C", "G", "T"))), LR48_SNP1 = structure(c(0, 
0, 0, 0, 0, 0, 209, 353, 211, 0), dim = c(5L, 2L), dimnames = list(
    c("-3", "-2", "-1", "0", "1"), c("C", "T"))), LR49_SNP1 = structure(c(5, 
136, 0, 2, 157, 1), dim = 3:2, dimnames = list(c("-1", "0", "1"
), c("A", "G"))), LR52_SNP1 = structure(c(0, 0, 0, 0, 0, 0, 0, 
12, 25, 84, 3, 2, 59, 0, 0, 0, 8, 86, 4, 64, 0), dim = c(7L, 
3L), dimnames = list(c("-5", "-4", "-3", "-2", "-1", "0", "1"
), c("A", "C", "T"))))
