Result <-
list(DEPDC2_SNP1 = structure(c(0, 137, 358, 1), dim = c(4L, 1L
), dimnames = list(c("-2", "-1", "0", "1"), "T")), GM01_SNP1 = structure(c(0, 
302, 733, 0, 0, 0, 0, 0), dim = c(4L, 2L), dimnames = list(c("-2", 
"-1", "0", "1"), c("A", "G"))), GM07_SNP1 = structure(c(0, 0, 
0, 0, 0, 0, 0, 3, 270, 175, 0, 0, 0, 4, 266, 169, 0, 0), dim = c(6L, 
3L), dimnames = list(c("-3", "-2", "-1", "0", "1", "2"), c("-", 
"A", "G"))), GM09_SNP1 = structure(c(0, 0, 164, 0, 0, 113, 80, 
0, 0, 0, 0, 0), dim = 4:3, dimnames = list(c("-2", "-1", "0", 
"1"), c("A", "G", "T"))), GM11_SNP1 = structure(c(0, 2, 621, 
1, 0, 0, 0, 0), dim = c(4L, 2L), dimnames = list(c("-2", "-1", 
"0", "1"), c("A", "G"))), GM14_SNP1 = structure(c(0, 0, 0, 0, 
0, 0, 225, 28, 532, 0, 0, 0, 0, 0, 0), dim = c(5L, 3L), dimnames = list(
    c("-3", "-2", "-1", "0", "1"), c("A", "C", "T"))), GM17_SNP1 = structure(c(4, 
492, 0, 0, 0, 0), dim = 3:2, dimnames = list(c("-1", "0", "1"
), c("C", "T"))), GM22_SNP1 = structure(c(0, 484, 1293, 15, 0, 
0, 0, 0, 0, 0, 0, 0, 0, 0, 0), dim = c(5L, 3L), dimnames = list(
    c("-2", "-1", "0", "1", "2"), c("A", "G", "T"))), GM26_SNP1 = structure(c(1, 
6, 419, 0), dim = c(4L, 1L), dimnames = list(c("-2", "-1", "0", 
"1"), "A")), GM29_SNP1 = structure(c(0, 5, 335, 0, 0, 197, 130, 
0, 0, 0, 0, 0), dim = 4:3, dimnames = list(c("-2", "-1", "0", 
"1"), c("A", "G", "T"))), IM16_SNP1 = structure(c(0, 5, 446, 
1, 0, 2, 265, 189, 0, 0, 0, 0, 0, 0, 0), dim = c(5L, 3L), dimnames = list(
    c("-2", "-1", "0", "1", "2"), c("A", "G", "T"))), IM49_SNP1 = structure(c(0, 
0, 36, 21, 1, 0, 0, 38, 0, 24, 0, 0), dim = c(6L, 2L), dimnames = list(
    c("-3", "-2", "-1", "0", "1", "2"), c("C", "G"))), LR10_SNP1 = structure(c(0, 
0, 0, 0, 0, 0, 0, 0, 0, 0, 0, 0, 0, 157, 334, 0), dim = c(4L, 
4L), dimnames = list(c("-2", "-1", "0", "1"), c("-", "A", "C", 
"T"))), LR11_SNP1 = structure(c(1, 118, 101, 0, 0, 7, 157, 0, 
0, 0, 0, 0, 0, 0, 0, 0), dim = c(4L, 4L), dimnames = list(c("-2", 
"-1", "0", "1"), c("A", "C", "G", "T"))), LR17_SNP1 = structure(c(0, 
40, 333, 1, 0, 0, 0, 0), dim = c(4L, 2L), dimnames = list(c("-2", 
"-1", "0", "1"), c("A", "G"))), LR20_SNP1 = structure(c(8, 290, 
0), dim = c(3L, 1L), dimnames = list(c("-1", "0", "1"), "A")), 
    LR24_SNP1 = structure(c(35, 91, 0, 0), dim = c(2L, 2L), dimnames = list(
        c("-1", "0"), c("A", "G"))), LR36_SNP1 = structure(c(0, 
    0, 6, 196, 181, 2, 0, 0, 0, 0, 0, 0, 0, 0, 0, 0, 207, 0, 
    163, 1, 0), dim = c(7L, 3L), dimnames = list(c("-4", "-3", 
    "-2", "-1", "0", "1", "2"), c("A", "G", "T"))), LR40_SNP1 = structure(c(1, 
    283, 245, 0), dim = c(4L, 1L), dimnames = list(c("-2", "-1", 
    "0", "1"), "C")), LR44_SNP1 = structure(c(0, 0, 0, 0, 0, 
    0, 1, 1, 43, 1, 0, 38, 0, 0, 0, 1, 69, 1, 42, 0, 0), dim = c(7L, 
    3L), dimnames = list(c("-4", "-3", "-2", "-1", "0", "1", 
    "11"), c("-", "C", "T"))), LR46_SNP1 = structure(c(0, 0, 
    0, 0, 0, 0, 0, 0, 0, 30, 1207, 1), dim = 3:4, dimnames = list(
        c("-1", "0", "1"), c("-", "C", "G", "T"))), LR48_SNP1 = structure(c(0, 
    13, 565, 404, 3, 0, 0, 0, 0, 0, 0, 0, 0, 0, 0), dim = c(5L, 
    3L), dimnames = list(c("-3", "-2", "-1", "0", "1"), c("C", 
    "G", "T"))), LR49_SNP1 = structure(c(0, 1, 0, 43, 517, 0), dim = 3:2, dimnames = list(
        c("-1", "0", "1"), c("A", "G"))), LR52_SNP1 = structure(c(0, 
    0, 28, 152, 5, 145, 0, 0, 0, 0, 15, 185, 4, 143, 0, 0), dim = c(8L, 
    2L), dimnames = list(c("-5", "-4", "-3", "-2", "-1", "0", 
    "1", "2"), c("C", "T"))))
