Result <-
list(DEPDC2_SNP1 = structure(c(0, 91, 5, 11, 0, 1), dim = c(6L, 
1L), dimnames = list(c("-1", "0", "1", "2", "3", "4"), "T")), 
    GM01_SNP1 = structure(c(0, 0, 0, 0, 0, 3, 279, 0, 0, 0, 0, 
    0), dim = 4:3, dimnames = list(c("-2", "-1", "0", "1"), c("-", 
    "A", "G"))), GM07_SNP1 = structure(c(1, 59, 0, 41, 1, 0, 
    0, 3, 66, 48, 0, 0, 0, 0, 0, 0, 0, 0), dim = c(6L, 3L), dimnames = list(
        c("-3", "-2", "-1", "0", "1", "2"), c("A", "G", "T"))), 
    GM09_SNP1 = structure(c(25, 0, 19, 0, 0, 0, 40, 0), dim = c(4L, 
    2L), dimnames = list(c("-2", "-1", "0", "1"), c("A", "G"))), 
    GM11_SNP1 = structure(c(0, 1, 81, 0, 1, 50, 27, 0), dim = c(4L, 
    2L), dimnames = list(c("-2", "-1", "0", "1"), c("A", "G"))), 
    GM14_SNP1 = structure(c(0, 1, 77, 163, 91, 0, 0), dim = c(7L, 
    1L), dimnames = list(c("-4", "-3", "-2", "-1", "0", "1", 
    "2"), "C")), GM17_SNP1 = structure(c(0, 159, 90, 0, 0, 0, 
    0, 0), dim = c(4L, 2L), dimnames = list(c("-2", "-1", "0", 
    "1"), c("C", "T"))), GM22_SNP1 = structure(c(0, 0, 3, 493, 
    1, 0, 0, 0, 0, 0, 0, 0, 0, 0, 0, 0, 0, 0), dim = c(6L, 3L
    ), dimnames = list(c("-3", "-2", "-1", "0", "1", "2"), c("A", 
    "G", "T"))), GM26_SNP1 = structure(c(0, 0, 59, 0, 0, 0, 0, 
    28, 33, 0), dim = c(5L, 2L), dimnames = list(c("-2", "-1", 
    "0", "1", "2"), c("A", "G"))), GM29_SNP1 = structure(c(0, 
    0, 63, 0, 0, 3, 194, 0), dim = c(4L, 2L), dimnames = list(
        c("-2", "-1", "0", "1"), c("A", "G"))), IM16_SNP1 = structure(c(0, 
    0, 0, 0, 0, 0, 130, 73, 0, 0, 0, 1, 0, 0, 0), dim = c(5L, 
    3L), dimnames = list(c("-2", "-1", "0", "1", "2"), c("A", 
    "G", "T"))), IM49_SNP1 = structure(c(0, 35, 0, 14, 0, 0, 
    0, 0, 0, 0), dim = c(5L, 2L), dimnames = list(c("-3", "-2", 
    "-1", "0", "1"), c("C", "G"))), LR10_SNP1 = structure(c(0, 
    0, 0, 0, 0, 30, 17, 0, 0, 0, 47, 0), dim = 4:3, dimnames = list(
        c("-2", "-1", "0", "1"), c("-", "C", "T"))), LR11_SNP1 = structure(c(0, 
    34, 67, 0), dim = c(4L, 1L), dimnames = list(c("-2", "-1", 
    "0", "1"), "C")), LR17_SNP1 = structure(c(1, 52, 4, 97, 1, 
    0, 0, 0, 0, 0, 0, 0), dim = c(6L, 2L), dimnames = list(c("-3", 
    "-2", "-1", "0", "1", "2"), c("A", "G"))), LR20_SNP1 = structure(c(1, 
    77), dim = 2:1, dimnames = list(c("-1", "0"), "A")), LR24_SNP1 = structure(c(0, 
    0, 0, 0, 0, 26, 30, 19), dim = c(4L, 2L), dimnames = list(
        c("-3", "-2", "-1", "0"), c("A", "G"))), LR36_SNP1 = structure(c(0, 
    0, 0, 0, 0, 0, 0, 0, 0, 0, 0, 0, 0, 0, 0, 0, 3, 199, 1, 1, 
    0), dim = c(7L, 3L), dimnames = list(c("-3", "-2", "-1", 
    "0", "1", "2", "4"), c("A", "C", "T"))), LR40_SNP1 = structure(c(0, 
    0, 0, 0, 0, 38, 97, 0), dim = c(4L, 2L), dimnames = list(
        c("-2", "-1", "0", "1"), c("A", "C"))), LR44_SNP1 = structure(c(1, 
    14, 1, 9, 0, 0, 0, 1, 19, 15, 0, 0), dim = c(6L, 2L), dimnames = list(
        c("-3", "-2", "-1", "0", "1", "2"), c("C", "T"))), LR46_SNP1 = structure(c(0, 
    0, 0, 0, 0, 0, 0, 0, 0, 0, 0, 0, 0, 364, 1, 0), dim = c(4L, 
    4L), dimnames = list(c("-1", "0", "1", "2"), c("-", "C", 
    "G", "T"))), LR48_SNP1 = structure(c(0, 62, 0, 62, 0, 0, 
    0, 0, 3, 135, 0, 0), dim = c(6L, 2L), dimnames = list(c("-3", 
    "-2", "-1", "0", "1", "2"), c("C", "T"))), LR49_SNP1 = structure(c(0, 
    0, 0, 0, 0, 0, 0, 0, 2, 64, 133, 0), dim = 4:3, dimnames = list(
        c("-2", "-1", "0", "1"), c("A", "C", "G"))), LR52_SNP1 = structure(c(0, 
    0, 0, 0, 0, 0, 1, 45, 0, 1, 49, 0, 0, 7, 37, 0, 39, 0), dim = c(6L, 
    3L), dimnames = list(c("-4", "-3", "-2", "-1", "0", "1"), 
        c("-", "C", "T"))))
