Result <-
list(DEPDC2_SNP1 = structure(c(0, 0, 0, 1, 244, 0), dim = 3:2, dimnames = list(
    c("-1", "0", "1"), c("A", "T"))), GM01_SNP1 = structure(c(0, 
0, 0, 0, 1, 530, 0, 0, 0, 0, 0, 0), dim = 4:3, dimnames = list(
    c("-1", "0", "1", "2"), c("-", "A", "G"))), GM07_SNP1 = structure(c(0, 
0, 0, 0, 0, 0, 3, 198, 0, 0, 0, 0, 240, 1, 0, 0, 0, 0, 0, 0), dim = 5:4, dimnames = list(
    c("-2", "-1", "0", "1", "2"), c("-", "A", "G", "T"))), GM09_SNP1 = structure(c(0, 
0, 192, 0), dim = c(4L, 1L), dimnames = list(c("-2", "-1", "0", 
"1"), "A")), GM11_SNP1 = structure(c(0, 0, 0, 0, 0, 0, 191, 0, 
0, 0, 0, 0), dim = 4:3, dimnames = list(c("-2", "-1", "0", "1"
), c("-", "A", "G"))), GM14_SNP1 = structure(c(0, 3, 572, 0), dim = c(4L, 
1L), dimnames = list(c("-2", "-1", "0", "1"), "C")), GM17_SNP1 = structure(c(0, 
1, 195, 0, 0, 0, 305, 0), dim = c(4L, 2L), dimnames = list(c("-2", 
"-1", "0", "1"), c("C", "T"))), GM22_SNP1 = structure(c(0, 0, 
0, 506, 1, 0, 0, 0, 0, 405, 0, 0, 0, 0, 0, 0, 0, 0), dim = c(6L, 
3L), dimnames = list(c("-3", "-2", "-1", "0", "1", "2"), c("A", 
"G", "T"))), GM26_SNP1 = structure(c(0, 0, 138, 0, 0, 0, 103, 
0), dim = c(4L, 2L), dimnames = list(c("-3", "-1", "0", "1"), 
    c("A", "G"))), GM29_SNP1 = structure(c(0, 1, 531, 0, 0, 0, 
0, 0), dim = c(4L, 2L), dimnames = list(c("-2", "-1", "0", "1"
), c("A", "G"))), IM16_SNP1 = structure(c(0, 0, 183, 0, 0, 0, 
0, 151, 1, 0), dim = c(5L, 2L), dimnames = list(c("-2", "-1", 
"0", "1", "2"), c("A", "G"))), IM49_SNP1 = structure(c(0, 0, 
87, 0, 0), dim = c(5L, 1L), dimnames = list(c("-2", "-1", "0", 
"1", "2"), "G")), LR10_SNP1 = structure(c(0, 168, 0, 0, 0, 0), dim = 3:2, dimnames = list(
    c("-1", "0", "1"), c("C", "T"))), LR11_SNP1 = structure(c(0, 
0, 0, 2, 0, 0, 0, 0, 0, 260, 0, 0), dim = c(6L, 2L), dimnames = list(
    c("-3", "-2", "-1", "0", "1", "2"), c("A", "C"))), LR17_SNP1 = structure(c(0, 
2, 454, 2, 0, 0, 0, 0, 0, 0, 0, 0, 0, 0, 0), dim = c(5L, 3L), dimnames = list(
    c("-2", "-1", "0", "1", "2"), c("A", "C", "G"))), LR20_SNP1 = structure(c(0, 
46, 0, 0, 0, 0, 0, 64, 0), dim = c(3L, 3L), dimnames = list(c("-1", 
"0", "1"), c("A", "C", "G"))), LR24_SNP1 = structure(c(0, 65, 
1, 0, 64, 0), dim = 3:2, dimnames = list(c("-1", "0", "1"), c("A", 
"G"))), LR36_SNP1 = structure(c(0, 0, 0, 0, 0, 0, 0, 0, 0, 0, 
0, 0, 0, 422, 0), dim = c(5L, 3L), dimnames = list(c("-3", "-2", 
"-1", "0", "1"), c("A", "C", "T"))), LR40_SNP1 = structure(c(0, 
0, 0, 0, 0, 0, 260, 0), dim = c(4L, 2L), dimnames = list(c("-2", 
"-1", "0", "1"), c("A", "C"))), LR44_SNP1 = structure(c(0, 1, 
43, 0, 0, 0, 0, 61, 0, 0), dim = c(5L, 2L), dimnames = list(c("-2", 
"-1", "0", "1", "4"), c("C", "T"))), LR46_SNP1 = structure(c(0, 
0, 0, 0, 275, 0, 0, 368, 0), dim = c(3L, 3L), dimnames = list(
    c("-1", "0", "1"), c("A", "G", "T"))), LR48_SNP1 = structure(c(0, 
0, 0, 0, 0, 0, 2, 497, 0, 0, 0, 0, 0, 0, 0), dim = c(5L, 3L), dimnames = list(
    c("-2", "-1", "0", "1", "2"), c("A", "C", "T"))), LR49_SNP1 = structure(c(0, 
0, 0, 0, 0, 437, 43, 0), dim = c(4L, 2L), dimnames = list(c("-1", 
"0", "1", "2"), c("A", "G"))), LR52_SNP1 = structure(c(0, 0, 
0, 0, 0, 0, 0, 0, 0, 11, 354, 0), dim = c(6L, 2L), dimnames = list(
    c("-4", "-3", "-2", "-1", "0", "1"), c("C", "T"))))
