Result <-
list(DEPDC2_SNP1 = structure(c(0, 0, 0, 0, 1, 4, 178, 0), dim = c(4L, 
2L), dimnames = list(c("-2", "-1", "0", "1"), c("A", "T"))), 
    GM01_SNP1 = structure(c(0, 0, 0, 0, 0, 0, 44, 225, 0, 0, 
    0, 0, 0, 0, 0), dim = c(5L, 3L), dimnames = list(c("-2", 
    "-1", "0", "1", "3"), c("-", "A", "T"))), GM07_SNP1 = structure(c(0, 
    0, 0, 1, 0, 0, 0, 55, 41, 173, 1, 0), dim = c(6L, 2L), dimnames = list(
        c("-3", "-2", "-1", "0", "1", "2"), c("A", "G"))), GM09_SNP1 = structure(c(0, 
    1, 0, 25, 105, 0), dim = 3:2, dimnames = list(c("-1", "0", 
    "1"), c("A", "G"))), GM11_SNP1 = structure(c(13, 120, 0, 
    0, 0, 0), dim = 3:2, dimnames = list(c("-1", "0", "1"), c("A", 
    "G"))), GM14_SNP1 = structure(c(4, 60, 39, 289, 1, 0, 0, 
    0, 0, 0, 0, 0), dim = c(6L, 2L), dimnames = list(c("-3", 
    "-2", "-1", "0", "1", "2"), c("C", "T"))), GM17_SNP1 = structure(c(0, 
    0, 0, 0, 0, 0, 0, 0, 51, 104, 0, 0, 0, 0, 0, 0, 0, 0, 0, 
    0, 1, 130, 0, 0), dim = c(6L, 4L), dimnames = list(c("-3", 
    "-2", "-1", "0", "1", "2"), c("A", "C", "G", "T"))), GM22_SNP1 = structure(c(0, 
    3, 570, 75, 0, 0, 0, 0, 0, 0, 0, 0, 0, 0, 0), dim = c(5L, 
    3L), dimnames = list(c("-2", "-1", "0", "1", "2"), c("A", 
    "G", "T"))), GM26_SNP1 = structure(c(0, 27, 35, 0, 0, 0, 
    62, 0), dim = c(4L, 2L), dimnames = list(c("-2", "-1", "0", 
    "1"), c("A", "G"))), GM29_SNP1 = structure(c(0, 1, 177, 0, 
    1, 46, 127, 0), dim = c(4L, 2L), dimnames = list(c("-2", 
    "-1", "0", "1"), c("A", "G"))), IM16_SNP1 = structure(c(4, 
    84, 0, 0, 0, 0, 0, 0, 1, 88, 1, 0), dim = 4:3, dimnames = list(
        c("-1", "0", "1", "2"), c("A", "C", "G"))), IM49_SNP1 = structure(c(1, 
    9, 14, 0, 0, 0, 6, 23, 0, 0), dim = c(5L, 2L), dimnames = list(
        c("-2", "-1", "0", "1", "2"), c("C", "G"))), LR10_SNP1 = structure(c(0, 
    0, 54, 0, 0, 18, 39, 0), dim = c(4L, 2L), dimnames = list(
        c("-2", "-1", "0", "1"), c("C", "T"))), LR11_SNP1 = structure(c(0, 
    0, 0, 0, 0, 0, 0, 10, 184, 0), dim = c(5L, 2L), dimnames = list(
        c("-3", "-2", "-1", "0", "1"), c("-", "A"))), LR17_SNP1 = structure(c(0, 
    2, 166, 242, 1, 0, 0, 0, 0, 0, 0, 0), dim = c(6L, 2L), dimnames = list(
        c("-3", "-2", "-1", "0", "1", "2"), c("A", "G"))), LR20_SNP1 = structure(c(14, 
    67, 0), dim = c(3L, 1L), dimnames = list(c("-1", "0", "1"
    ), "A")), LR24_SNP1 = structure(c(14, 0, 107, 0), dim = c(4L, 
    1L), dimnames = list(c("-2", "-1", "0", "1"), "A")), LR36_SNP1 = structure(c(0, 
    0, 0, 11, 46, 93, 0, 0, 0, 0, 0, 0, 0, 0, 0, 0, 0, 0, 0, 
    0, 0, 0, 0, 0, 13, 35, 93, 0), dim = c(7L, 4L), dimnames = list(
        c("-5", "-4", "-3", "-2", "-1", "0", "1"), c("A", "C", 
        "G", "T"))), LR40_SNP1 = structure(c(0, 0, 0, 0, 1, 3, 
    138, 0), dim = c(4L, 2L), dimnames = list(c("-2", "-1", "0", 
    "1"), c("A", "C"))), LR44_SNP1 = structure(c(2, 11, 1, 17, 
    0, 0, 0, 1, 0, 0, 0, 0, 0, 2, 8, 25, 0, 0), dim = c(6L, 3L
    ), dimnames = list(c("-3", "-2", "-1", "0", "1", "2"), c("C", 
    "G", "T"))), LR46_SNP1 = structure(c(0, 0, 0, 0, 0, 0, 0, 
    0, 0, 149, 139, 0, 0, 7, 202, 0), dim = c(4L, 4L), dimnames = list(
        c("-2", "-1", "0", "1"), c("A", "C", "G", "T"))), LR48_SNP1 = structure(c(0, 
    0, 64, 253, 1, 0, 0, 0, 0, 1, 0, 0), dim = c(6L, 2L), dimnames = list(
        c("-3", "-2", "-1", "0", "1", "2"), c("C", "T"))), LR49_SNP1 = structure(c(0, 
    0, 0, 0, 0, 0, 0, 0, 0, 0, 0, 67, 43, 208, 0), dim = c(5L, 
    3L), dimnames = list(c("-3", "-2", "-1", "0", "1"), c("A", 
    "C", "G"))), LR52_SNP1 = structure(c(0, 5, 21, 52, 0, 2, 
    32, 2, 54, 0), dim = c(5L, 2L), dimnames = list(c("-3", "-2", 
    "-1", "0", "1"), c("C", "T"))))
