Result <-
list(DEPDC2_SNP1 = structure(c(0, 117, 0, 6, 0, 1, 120, 4, 4, 
0), dim = c(5L, 2L), dimnames = list(c("-1", "0", "1", "2", "3"
), c("C", "T"))), GM01_SNP1 = structure(c(0, 0, 0, 1, 0, 1, 192, 
808, 0, 0, 0, 0, 0, 0, 0), dim = c(5L, 3L), dimnames = list(c("-2", 
"-1", "0", "1", "2"), c("A", "G", "T"))), GM07_SNP1 = structure(c(0, 
0, 0, 0, 0, 0, 0, 21, 174, 536, 0, 0), dim = c(6L, 2L), dimnames = list(
    c("-3", "-2", "-1", "0", "1", "2"), c("A", "G"))), GM09_SNP1 = structure(c(2, 
39, 239, 0, 0, 0, 0, 0), dim = c(4L, 2L), dimnames = list(c("-2", 
"-1", "0", "1"), c("A", "G"))), GM11_SNP1 = structure(c(0, 0, 
0, 0, 0, 0, 1, 520, 0, 0, 0, 0, 0, 0, 0, 0, 0, 0, 0, 0), dim = 5:4, dimnames = list(
    c("-2", "-1", "0", "1", "2"), c("-", "A", "G", "T"))), GM14_SNP1 = structure(c(0, 
0, 0, 0, 0, 0, 0, 127, 33, 114, 562, 1, 0, 0, 0, 0, 0, 0), dim = c(6L, 
3L), dimnames = list(c("-4", "-3", "-2", "-1", "0", "1"), c("A", 
"C", "T"))), GM17_SNP1 = structure(c(0, 0, 0, 0, 0, 0, 0, 0, 
0, 0, 0, 0, 0, 0, 0, 0, 11, 753, 2, 0), dim = 5:4, dimnames = list(
    c("-2", "-1", "0", "1", "2"), c("-", "A", "C", "T"))), GM22_SNP1 = structure(c(0, 
37, 1649, 4, 0, 0, 0, 0, 0, 0, 0, 0, 0, 0, 0), dim = c(5L, 3L
), dimnames = list(c("-2", "-1", "0", "1", "2"), c("A", "G", 
"T"))), GM26_SNP1 = structure(c(0, 0, 194, 0, 0, 2, 165, 0), dim = c(4L, 
2L), dimnames = list(c("-2", "-1", "0", "1"), c("A", "G"))), 
    GM29_SNP1 = structure(c(0, 0, 0, 0, 0, 0, 8, 164, 520, 1, 
    0, 0, 0, 0, 0, 0, 0, 0, 0, 0), dim = 5:4, dimnames = list(
        c("-3", "-2", "-1", "0", "1"), c("-", "A", "G", "T"))), 
    IM16_SNP1 = structure(c(2, 101, 278, 0, 0, 0, 0, 0, 0, 0, 
    0, 5, 382, 2, 0, 0, 0, 0, 0, 0), dim = 5:4, dimnames = list(
        c("-2", "-1", "0", "1", "2"), c("A", "C", "G", "T"))), 
    IM49_SNP1 = structure(c(1, 3, 28, 71, 0, 0, 0, 0, 0, 0), dim = c(5L, 
    2L), dimnames = list(c("-3", "-2", "-1", "0", "1"), c("C", 
    "G"))), LR10_SNP1 = structure(c(0, 0, 0, 0, 0, 0, 21, 160, 
    2, 0, 0, 0, 0, 0, 0, 0, 4, 210, 0, 0), dim = 5:4, dimnames = list(
        c("-2", "-1", "0", "1", "2"), c("A", "C", "G", "T"))), 
    LR11_SNP1 = structure(c(0, 0, 0, 0, 0, 11, 206, 0, 0, 37, 
    150, 0, 0, 0, 0, 0), dim = c(4L, 4L), dimnames = list(c("-2", 
    "-1", "0", "1"), c("-", "A", "C", "G"))), LR17_SNP1 = structure(c(0, 
    0, 0, 1, 0, 0, 0, 66, 119, 433, 1, 0, 0, 0, 0, 0, 0, 0), dim = c(6L, 
    3L), dimnames = list(c("-3", "-2", "-1", "0", "1", "2"), 
        c("-", "A", "G"))), LR20_SNP1 = structure(c(0, 0, 0, 
    0, 0, 0, 0, 0, 0, 55, 221, 0), dim = 4:3, dimnames = list(
        c("-2", "-1", "0", "1"), c("A", "C", "G"))), LR24_SNP1 = structure(c(0, 
    4, 79, 0, 0, 0, 47, 0), dim = c(4L, 2L), dimnames = list(
        c("-3", "-1", "0", "1"), c("A", "G"))), LR36_SNP1 = structure(c(0, 
    0, 0, 0, 0, 0, 0, 0, 0, 0, 0, 0, 3, 2, 22, 145, 535, 1), dim = c(6L, 
    3L), dimnames = list(c("-4", "-3", "-2", "-1", "0", "1"), 
        c("A", "C", "T"))), LR40_SNP1 = structure(c(0, 0, 0, 
    0, 0, 2, 570, 1), dim = c(4L, 2L), dimnames = list(c("-2", 
    "-1", "0", "1"), c("A", "C"))), LR44_SNP1 = structure(c(0, 
    18, 3, 2, 39, 1, 0, 7, 12, 0, 57, 0), dim = c(6L, 2L), dimnames = list(
        c("-4", "-3", "-2", "-1", "0", "1"), c("C", "T"))), LR46_SNP1 = structure(c(0, 
    0, 0, 0, 0, 0, 0, 0, 0, 0, 0, 0, 0, 165, 1084, 1), dim = c(4L, 
    4L), dimnames = list(c("-2", "-1", "0", "1"), c("-", "C", 
    "G", "T"))), LR48_SNP1 = structure(c(0, 108, 56, 696, 2, 
    0, 0, 0, 0, 0, 0, 0, 0, 0, 0, 0, 0, 0), dim = c(6L, 3L), dimnames = list(
        c("-3", "-2", "-1", "0", "1", "2"), c("C", "G", "T"))), 
    LR49_SNP1 = structure(c(2, 78, 346, 0, 0, 0, 0, 0, 0), dim = c(3L, 
    3L), dimnames = list(c("-2", "-1", "0"), c("A", "G", "T"))), 
    LR52_SNP1 = structure(c(0, 0, 0, 0, 0, 0, 0, 5, 38, 59, 249, 
    0, 0, 0, 0, 0, 0, 0, 0, 1, 38, 50, 250, 0), dim = c(6L, 4L
    ), dimnames = list(c("-4", "-3", "-2", "-1", "0", "1"), c("-", 
    "C", "G", "T"))))
