Result <-
list(DEPDC2_SNP1 = structure(c(0, 80, 169, 1, 0, 1, 149, 0), dim = c(4L, 
2L), dimnames = list(c("-2", "-1", "0", "1"), c("C", "T"))), 
    GM01_SNP1 = structure(c(0, 0, 0, 6, 1043, 2, 0, 0, 0, 0, 
    0, 0), dim = 3:4, dimnames = list(c("-1", "0", "1"), c("-", 
    "A", "G", "T"))), GM07_SNP1 = structure(c(0, 0, 0, 0, 0, 
    0, 0, 33, 183, 208, 0, 0, 0, 0, 1, 181, 1, 0), dim = c(6L, 
    3L), dimnames = list(c("-3", "-2", "-1", "0", "1", "2"), 
        c("-", "A", "G"))), GM09_SNP1 = structure(c(59, 292, 
    0, 0, 1, 0), dim = 3:2, dimnames = list(c("-1", "0", "1"), 
        c("A", "G"))), GM11_SNP1 = structure(c(0, 131, 148, 0, 
    0, 1, 157, 0, 0, 0, 0, 0), dim = 4:3, dimnames = list(c("-2", 
    "-1", "0", "1"), c("A", "G", "T"))), GM14_SNP1 = structure(c(0, 
    0, 3, 179, 660, 0, 0, 0, 0, 1, 0, 0, 0, 0), dim = c(7L, 2L
    ), dimnames = list(c("-4", "-3", "-2", "-1", "0", "1", "2"
    ), c("C", "T"))), GM17_SNP1 = structure(c(0, 0, 0, 0, 0, 
    0, 2, 307, 0, 0, 0, 91, 187, 0, 0), dim = c(5L, 3L), dimnames = list(
        c("-2", "-1", "0", "1", "2"), c("A", "C", "T"))), GM22_SNP1 = structure(c(0, 
    0, 0, 0, 0, 0, 7, 1775, 1, 0, 0, 0, 1, 0, 0, 0, 0, 0, 0, 
    0), dim = 5:4, dimnames = list(c("-2", "-1", "0", "1", "2"
    ), c("-", "A", "G", "T"))), GM26_SNP1 = structure(c(2, 42, 
    276, 0, 0, 0, 0, 0), dim = c(4L, 2L), dimnames = list(c("-2", 
    "-1", "0", "1"), c("A", "G"))), GM29_SNP1 = structure(c(0, 
    0, 2, 297, 0, 0, 0, 7, 274, 0), dim = c(5L, 2L), dimnames = list(
        c("-3", "-2", "-1", "0", "1"), c("A", "G"))), IM16_SNP1 = structure(c(0, 
    0, 0, 0, 1, 107, 395, 0, 0, 0, 0, 0), dim = 4:3, dimnames = list(
        c("-2", "-1", "0", "1"), c("A", "G", "T"))), IM49_SNP1 = structure(c(0, 
    0, 20, 1, 1, 9, 10, 0), dim = c(4L, 2L), dimnames = list(
        c("-2", "-1", "0", "1"), c("C", "G"))), LR10_SNP1 = structure(c(0, 
    0, 0, 0, 0, 0, 72, 401, 0, 0), dim = c(5L, 2L), dimnames = list(
        c("-2", "-1", "0", "1", "2"), c("C", "T"))), LR11_SNP1 = structure(c(0, 
    15, 270, 0, 0, 5, 194, 0, 0, 0, 0, 0, 0, 0, 0, 0), dim = c(4L, 
    4L), dimnames = list(c("-2", "-1", "0", "1"), c("A", "C", 
    "G", "T"))), LR17_SNP1 = structure(c(0, 55, 782, 1, 0, 0, 
    0, 0, 0, 0, 0, 0, 0, 0, 0), dim = c(5L, 3L), dimnames = list(
        c("-2", "-1", "0", "1", "2"), c("A", "G", "T"))), LR20_SNP1 = structure(c(0, 
    169, 0, 0, 145, 1, 0, 0, 0), dim = c(3L, 3L), dimnames = list(
        c("-1", "0", "1"), c("A", "G", "T"))), LR24_SNP1 = structure(c(3, 
    206, 0), dim = c(3L, 1L), dimnames = list(c("-1", "0", "1"
    ), "G")), LR36_SNP1 = structure(c(0, 6, 55, 8, 580, 1, 0, 
    0, 0, 0, 1, 0), dim = c(6L, 2L), dimnames = list(c("-4", 
    "-3", "-2", "-1", "0", "1"), c("A", "T"))), LR40_SNP1 = structure(c(33, 
    309, 0, 0, 0, 0), dim = 3:2, dimnames = list(c("-1", "0", 
    "1"), c("C", "T"))), LR44_SNP1 = structure(c(0, 0, 1, 0, 
    0, 0, 1, 17, 25, 0, 0, 17, 7, 44, 0), dim = c(5L, 3L), dimnames = list(
        c("-3", "-2", "-1", "0", "1"), c("A", "C", "T"))), LR46_SNP1 = structure(c(0, 
    0, 0, 3, 1010, 0, 0, 1, 0), dim = c(3L, 3L), dimnames = list(
        c("-1", "0", "1"), c("A", "G", "T"))), LR48_SNP1 = structure(c(0, 
    0, 0, 0, 0, 0, 0, 0, 0, 293, 0, 0, 0, 3, 295, 289, 0, 0), dim = c(6L, 
    3L), dimnames = list(c("-3", "-2", "-1", "0", "1", "2"), 
        c("A", "C", "T"))), LR49_SNP1 = structure(c(0, 1, 2, 
    3, 223, 323, 0, 0, 0), dim = c(3L, 3L), dimnames = list(c("-2", 
    "-1", "0"), c("A", "G", "T"))), LR52_SNP1 = structure(c(0, 
    0, 0, 4, 170, 0, 0, 3, 42, 93, 206, 3), dim = c(6L, 2L), dimnames = list(
        c("-4", "-3", "-2", "-1", "0", "1"), c("C", "T"))))
