Result <-
list(DEPDC2_SNP1 = structure(c(0, 155, 0), dim = c(3L, 1L), dimnames = list(
    c("-1", "0", "1"), "T")), GM01_SNP1 = structure(c(5, 12, 
385, 1, 0, 0, 1, 0), dim = c(4L, 2L), dimnames = list(c("-2", 
"-1", "0", "1"), c("A", "G"))), GM07_SNP1 = structure(c(0, 0, 
0, 0, 34, 5, 78, 0, 1, 33, 77, 0), dim = 4:3, dimnames = list(
    c("-2", "-1", "0", "1"), c("-", "A", "G"))), GM09_SNP1 = structure(c(0, 
0, 0, 0, 191, 0), dim = 3:2, dimnames = list(c("-1", "0", "1"
), c("A", "G"))), GM11_SNP1 = structure(c(0, 0, 0, 63, 189, 0
), dim = 3:2, dimnames = list(c("-1", "0", "1"), c("A", "G"))), 
    GM14_SNP1 = structure(c(0, 130, 1, 214, 2, 0, 0, 5, 285, 
    1), dim = c(5L, 2L), dimnames = list(c("-3", "-2", "-1", 
    "0", "1"), c("C", "T"))), GM17_SNP1 = structure(c(0, 4, 214, 
    0, 0, 0, 57, 118, 0, 0), dim = c(5L, 2L), dimnames = list(
        c("-2", "-1", "0", "1", "2"), c("C", "T"))), GM22_SNP1 = structure(c(0, 
    3, 388, 342, 23, 2, 0, 0, 0, 0, 0, 0), dim = c(6L, 2L), dimnames = list(
        c("-2", "-1", "0", "1", "2", "3"), c("A", "G"))), GM26_SNP1 = structure(c(0, 
    9, 85, 0, 0, 2, 88, 0), dim = c(4L, 2L), dimnames = list(
        c("-2", "-1", "0", "1"), c("A", "G"))), GM29_SNP1 = structure(c(4, 
    45, 165, 0, 0, 13, 176, 1), dim = c(4L, 2L), dimnames = list(
        c("-2", "-1", "0", "1"), c("A", "G"))), IM16_SNP1 = structure(c(0, 
    170, 0, 0), dim = c(4L, 1L), dimnames = list(c("-1", "0", 
    "1", "2"), "G")), IM49_SNP1 = structure(c(2, 13, 46, 1, 3, 
    11, 27, 0), dim = c(4L, 2L), dimnames = list(c("-2", "-1", 
    "0", "1"), c("C", "G"))), LR10_SNP1 = structure(c(0, 0, 0, 
    2, 139, 0), dim = 3:2, dimnames = list(c("-1", "0", "1"), 
        c("C", "T"))), LR11_SNP1 = structure(c(0, 47, 11, 279, 
    3, 0, 0, 0, 0, 1, 0, 0, 0, 0, 0, 0, 0, 0), dim = c(6L, 3L
    ), dimnames = list(c("-3", "-2", "-1", "0", "1", "2"), c("A", 
    "C", "T"))), LR17_SNP1 = structure(c(0, 7, 96, 333, 0, 0, 
    0, 0, 0, 0, 0, 0, 0, 0, 0), dim = c(5L, 3L), dimnames = list(
        c("-3", "-2", "-1", "0", "1"), c("A", "G", "T"))), LR20_SNP1 = structure(c(16, 
    27, 0, 40), dim = c(2L, 2L), dimnames = list(c("-1", "0"), 
        c("A", "G"))), LR24_SNP1 = structure(c(1, 10, 163, 0), dim = c(4L, 
    1L), dimnames = list(c("-2", "-1", "0", "1"), "G")), LR36_SNP1 = structure(c(0, 
    0, 0, 0, 0, 0, 0, 0, 0, 0, 0, 0, 0, 9, 67, 254, 1, 0), dim = c(6L, 
    3L), dimnames = list(c("-3", "-2", "-1", "0", "1", "2"), 
        c("A", "C", "T"))), LR40_SNP1 = structure(c(2, 90, 0, 
    0, 4, 102, 0, 0), dim = c(4L, 2L), dimnames = list(c("-1", 
    "0", "1", "2"), c("A", "C"))), LR44_SNP1 = structure(c(0, 
    1, 1, 14, 19, 0, 0, 0, 0, 0, 5, 52, 1, 0), dim = c(7L, 2L
    ), dimnames = list(c("-4", "-3", "-2", "-1", "0", "1", "2"
    ), c("C", "T"))), LR46_SNP1 = structure(c(0, 0, 0, 0, 0, 
    90, 150, 0, 4, 101, 161, 0), dim = 4:3, dimnames = list(c("-2", 
    "-1", "0", "1"), c("A", "G", "T"))), LR48_SNP1 = structure(c(0, 
    3, 81, 123, 0, 0, 0, 3, 62, 136, 0, 0), dim = c(6L, 2L), dimnames = list(
        c("-3", "-2", "-1", "0", "1", "2"), c("C", "T"))), LR49_SNP1 = structure(c(0, 
    0, 4, 367), dim = c(2L, 2L), dimnames = list(c("-1", "0"), 
        c("A", "G"))), LR52_SNP1 = structure(c(0, 0, 0, 0, 0, 
    0, 0, 0, 0, 0, 0, 0, 14, 58, 55, 5, 211, 0), dim = c(6L, 
    3L), dimnames = list(c("-4", "-3", "-2", "-1", "0", "1"), 
        c("A", "C", "T"))))
