Result <-
list(DEPDC2_SNP1 = structure(c(0, 0, 0, 0, 102, 0), dim = 3:2, dimnames = list(
    c("-1", "0", "1"), c("C", "T"))), GM01_SNP1 = structure(c(0, 
0, 0, 0, 0, 77, 267, 0, 0, 0, 0, 0), dim = 4:3, dimnames = list(
    c("-2", "-1", "0", "1"), c("A", "G", "T"))), GM07_SNP1 = structure(c(0, 
0, 0, 0, 1, 81, 91, 0, 0, 1, 0, 0), dim = 4:3, dimnames = list(
    c("-2", "-1", "0", "1"), c("-", "A", "G"))), GM09_SNP1 = structure(c(0, 
120, 0, 0, 0, 0), dim = 3:2, dimnames = list(c("-1", "0", "1"
), c("A", "G"))), GM11_SNP1 = structure(c(0, 1, 81, 0, 0, 43, 
53, 0, 0, 0, 0, 0), dim = 4:3, dimnames = list(c("-2", "-1", 
"0", "1"), c("A", "G", "T"))), GM14_SNP1 = structure(c(5, 176, 
0, 4, 213, 0), dim = 3:2, dimnames = list(c("-1", "0", "1"), 
    c("C", "T"))), GM17_SNP1 = structure(c(0, 0, 0, 0, 0, 2, 
192, 0, 0, 0, 234, 1), dim = 4:3, dimnames = list(c("-2", "-1", 
"0", "1"), c("A", "C", "T"))), GM22_SNP1 = structure(c(0, 5, 
253, 0, 0, 0, 183, 0), dim = c(4L, 2L), dimnames = list(c("-2", 
"-1", "0", "1"), c("A", "G"))), GM26_SNP1 = structure(c(0, 0, 
61, 0, 0, 1, 55, 0), dim = c(4L, 2L), dimnames = list(c("-2", 
"-1", "0", "1"), c("A", "G"))), GM29_SNP1 = structure(c(0, 0, 
0, 0, 0, 0, 1, 128, 187, 0), dim = c(5L, 2L), dimnames = list(
    c("-3", "-2", "-1", "0", "1"), c("A", "G"))), IM16_SNP1 = structure(c(0, 
0, 0, 0, 0, 1, 36, 97, 33, 0), dim = c(5L, 2L), dimnames = list(
    c("-2", "-1", "0", "1", "2"), c("A", "G"))), IM49_SNP1 = structure(c(0, 
0, 1, 0, 0, 0, 45, 35, 0, 0), dim = c(5L, 2L), dimnames = list(
    c("-2", "-1", "0", "1", "2"), c("C", "G"))), LR10_SNP1 = structure(c(1, 
23, 93, 0, 0, 0, 0, 0), dim = c(4L, 2L), dimnames = list(c("-2", 
"-1", "0", "1"), c("C", "T"))), LR11_SNP1 = structure(c(0, 0, 
1, 0, 0, 3, 42, 157, 0, 0), dim = c(5L, 2L), dimnames = list(
    c("-2", "-1", "0", "1", "2"), c("A", "C"))), LR17_SNP1 = structure(c(0, 
2, 205, 241, 0, 0), dim = c(6L, 1L), dimnames = list(c("-3", 
"-2", "-1", "0", "1", "2"), "A")), LR20_SNP1 = structure(c(53, 
54, 0, 1), dim = c(2L, 2L), dimnames = list(c("-1", "0"), c("A", 
"G"))), LR24_SNP1 = structure(c(2, 81, 0, 0, 53, 0), dim = 3:2, dimnames = list(
    c("-1", "0", "1"), c("A", "G"))), LR36_SNP1 = structure(c(0, 
55, 3, 64, 0, 0, 0, 2, 116, 1), dim = c(5L, 2L), dimnames = list(
    c("-3", "-2", "-1", "0", "1"), c("A", "T"))), LR40_SNP1 = structure(c(0, 
104, 0, 19, 60, 0), dim = 3:2, dimnames = list(c("-1", "0", "1"
), c("A", "C"))), LR44_SNP1 = structure(c(0, 15, 12, 24, 0, 0, 
1, 0, 1, 0), dim = c(5L, 2L), dimnames = list(c("-3", "-2", "-1", 
"0", "1"), c("C", "T"))), LR46_SNP1 = structure(c(0, 0, 0, 0, 
13, 81, 106, 0, 0, 1, 187, 0), dim = 4:3, dimnames = list(c("-2", 
"-1", "0", "1"), c("A", "G", "T"))), LR48_SNP1 = structure(c(0, 
1, 139, 0, 0, 60, 103, 1), dim = c(4L, 2L), dimnames = list(c("-2", 
"-1", "0", "1"), c("C", "T"))), LR49_SNP1 = structure(c(1, 91, 
109, 0, 0, 1, 204, 1), dim = c(4L, 2L), dimnames = list(c("-2", 
"-1", "0", "1"), c("A", "G"))), LR52_SNP1 = structure(c(0, 0, 
0, 0, 2, 0, 0, 43, 36, 3, 131, 0), dim = c(6L, 2L), dimnames = list(
    c("-4", "-3", "-2", "-1", "0", "1"), c("C", "T"))))
