Result <-
list(DEPDC2_SNP1 = structure(c(0, 0, 0, 0, 0, 0, 4, 165, 68, 
1), dim = c(5L, 2L), dimnames = list(c("-2", "-1", "0", "1", 
"2"), c("C", "T"))), GM01_SNP1 = structure(c(0, 2, 240, 0, 0, 
0, 241, 0), dim = c(4L, 2L), dimnames = list(c("-2", "-1", "0", 
"1"), c("A", "G"))), GM07_SNP1 = structure(c(0, 0, 0, 0, 0, 0, 
0, 0, 141, 66, 0, 0, 1, 10, 135, 81, 1, 0), dim = c(6L, 3L), dimnames = list(
    c("-3", "-2", "-1", "0", "1", "2"), c("-", "A", "G"))), GM09_SNP1 = structure(c(0, 
2, 76, 0, 2, 0, 149, 0), dim = c(4L, 2L), dimnames = list(c("-2", 
"-1", "0", "1"), c("A", "G"))), GM11_SNP1 = structure(c(1, 301, 
0, 0, 1, 0, 0, 0, 0), dim = c(3L, 3L), dimnames = list(c("-1", 
"0", "1"), c("A", "G", "T"))), GM14_SNP1 = structure(c(0, 0, 
13, 262, 0, 1, 96, 65, 90, 0), dim = c(5L, 2L), dimnames = list(
    c("-3", "-2", "-1", "0", "1"), c("C", "T"))), GM17_SNP1 = structure(c(1, 
189, 0, 2, 226, 0), dim = 3:2, dimnames = list(c("-1", "0", "1"
), c("C", "T"))), GM22_SNP1 = structure(c(0, 0, 0, 0, 0, 0, 327, 
700, 0, 0, 0, 0, 0, 0, 0), dim = c(5L, 3L), dimnames = list(c("-2", 
"-1", "0", "1", "2"), c("A", "G", "T"))), GM26_SNP1 = structure(c(2, 
106, 0, 0, 117, 0), dim = 3:2, dimnames = list(c("-1", "0", "1"
), c("A", "G"))), GM29_SNP1 = structure(c(0, 1, 146, 310, 0, 
0, 0, 0, 0, 0, 0, 0, 0, 0, 0), dim = c(5L, 3L), dimnames = list(
    c("-3", "-2", "-1", "0", "1"), c("A", "C", "G"))), IM16_SNP1 = structure(c(0, 
0, 0, 0, 0, 0, 0, 121, 162, 128, 2, 0), dim = c(6L, 2L), dimnames = list(
    c("-2", "-1", "0", "1", "2", "3"), c("A", "G"))), IM49_SNP1 = structure(c(0, 
0, 0, 0, 0, 0, 0, 0, 0, 0, 0, 25, 23, 23, 0), dim = c(5L, 3L), dimnames = list(
    c("-3", "-2", "-1", "0", "1"), c("A", "C", "G"))), LR10_SNP1 = structure(c(0, 
0, 0, 0, 0, 70, 159, 0), dim = c(4L, 2L), dimnames = list(c("-2", 
"-1", "0", "1"), c("C", "T"))), LR11_SNP1 = structure(c(0, 1, 
91, 47, 0, 0, 0, 21, 99, 0), dim = c(5L, 2L), dimnames = list(
    c("-4", "-2", "-1", "0", "1"), c("A", "C"))), LR17_SNP1 = structure(c(0, 
0, 12, 328, 1, 0, 0, 0, 0, 0), dim = c(5L, 2L), dimnames = list(
    c("-3", "-2", "-1", "0", "1"), c("A", "G"))), LR20_SNP1 = structure(c(0, 
56, 0, 0, 56, 0), dim = 3:2, dimnames = list(c("-1", "0", "1"
), c("A", "G"))), LR24_SNP1 = structure(c(0, 79, 0), dim = c(3L, 
1L), dimnames = list(c("-1", "0", "1"), "G")), LR36_SNP1 = structure(c(0, 
0, 0, 0, 0, 0, 0, 0, 0, 0, 4, 137, 157, 0, 12, 93, 3, 0), dim = c(9L, 
2L), dimnames = list(c("-3", "-2", "-1", "0", "1", "2", "3", 
"4", "5"), c("A", "T"))), LR40_SNP1 = structure(c(0, 6, 132, 
0, 1, 94, 41, 0), dim = c(4L, 2L), dimnames = list(c("-2", "-1", 
"0", "1"), c("A", "C"))), LR44_SNP1 = structure(c(0, 30, 31, 
40, 0, 0, 0, 0, 0, 0), dim = c(5L, 2L), dimnames = list(c("-3", 
"-2", "-1", "0", "1"), c("C", "T"))), LR46_SNP1 = structure(c(0, 
0, 0, 0, 0, 0, 0, 0, 0, 20, 994, 1), dim = 3:4, dimnames = list(
    c("-1", "0", "1"), c("-", "A", "G", "T"))), LR48_SNP1 = structure(c(0, 
0, 0, 0, 0, 0, 0, 2, 173, 80, 0, 0, 0, 3, 317, 106, 0, 0), dim = c(6L, 
3L), dimnames = list(c("-3", "-2", "-1", "0", "1", "2"), c("A", 
"C", "T"))), LR49_SNP1 = structure(c(0, 0, 3, 390), dim = c(2L, 
2L), dimnames = list(c("-1", "0"), c("A", "G"))), LR52_SNP1 = structure(c(0, 
0, 0, 0, 0, 0, 0, 0, 7, 130, 0, 5, 60, 0, 0, 0, 0, 8, 68, 123, 
0), dim = c(7L, 3L), dimnames = list(c("-5", "-4", "-3", "-2", 
"-1", "0", "1"), c("A", "C", "T"))))
