Result <-
list(DEPDC2_SNP1 = structure(c(0, 0, 0, 2, 388, 0), dim = 3:2, dimnames = list(
    c("-1", "0", "1"), c("C", "T"))), GM01_SNP1 = structure(c(0, 
0, 0, 0, 0, 1, 378, 13, 0, 3, 384, 0, 0, 0, 0, 0), dim = c(4L, 
4L), dimnames = list(c("-2", "-1", "0", "1"), c("-", "A", "G", 
"T"))), GM07_SNP1 = structure(c(0, 1, 171, 164, 0, 0, 0, 2, 200, 
118, 0, 0, 0, 0, 0, 0, 0, 0), dim = c(6L, 3L), dimnames = list(
    c("-3", "-2", "-1", "0", "1", "2"), c("A", "G", "T"))), GM09_SNP1 = structure(c(0, 
152, 0, 98, 57, 0), dim = 3:2, dimnames = list(c("-1", "0", "1"
), c("A", "G"))), GM11_SNP1 = structure(c(0, 122, 116, 0, 0, 
153, 128, 0), dim = c(4L, 2L), dimnames = list(c("-2", "-1", 
"0", "1"), c("A", "G"))), GM14_SNP1 = structure(c(0, 0, 0, 0, 
0, 0, 1, 238, 28, 563, 14, 0, 0, 0, 0, 2, 0, 0), dim = c(6L, 
3L), dimnames = list(c("-3", "-2", "-1", "0", "1", "2"), c("A", 
"C", "T"))), GM17_SNP1 = structure(c(0, 0, 0, 0, 0, 34, 673, 
0), dim = c(4L, 2L), dimnames = list(c("-2", "-1", "0", "1"), 
    c("C", "T"))), GM22_SNP1 = structure(c(0, 0, 0, 0, 0, 0, 
0, 0, 0, 450, 988, 0), dim = 4:3, dimnames = list(c("-2", "-1", 
"0", "1"), c("A", "C", "G"))), GM26_SNP1 = structure(c(2, 374, 
0, 0, 0, 0), dim = 3:2, dimnames = list(c("-1", "0", "1"), c("A", 
"G"))), GM29_SNP1 = structure(c(0, 24, 694, 0, 0, 0, 0, 0), dim = c(4L, 
2L), dimnames = list(c("-2", "-1", "0", "1"), c("A", "G"))), 
    IM16_SNP1 = structure(c(0, 8, 445, 192, 1, 0, 0, 0, 0, 0), dim = c(5L, 
    2L), dimnames = list(c("-2", "-1", "0", "1", "2"), c("A", 
    "G"))), IM49_SNP1 = structure(c(0, 26, 21, 0, 1, 31, 17, 
    0), dim = c(4L, 2L), dimnames = list(c("-2", "-1", "0", "1"
    ), c("C", "G"))), LR10_SNP1 = structure(c(0, 93, 70, 0, 0, 
    1, 177, 0), dim = c(4L, 2L), dimnames = list(c("-2", "-1", 
    "0", "1"), c("C", "T"))), LR11_SNP1 = structure(c(0, 0, 0, 
    1, 0, 0, 0, 15, 328, 1, 0, 0, 0, 0, 0, 0, 0, 0, 0, 0), dim = 5:4, dimnames = list(
        c("-3", "-2", "-1", "0", "1"), c("A", "C", "G", "T"))), 
    LR17_SNP1 = structure(c(0, 12, 289, 210, 0), dim = c(5L, 
    1L), dimnames = list(c("-3", "-2", "-1", "0", "1"), "A")), 
    LR20_SNP1 = structure(c(0, 0, 0, 0, 0, 54, 124, 0), dim = c(4L, 
    2L), dimnames = list(c("-2", "-1", "0", "1"), c("A", "G"))), 
    LR24_SNP1 = structure(c(1, 54, 0, 0, 40, 0), dim = 3:2, dimnames = list(
        c("-1", "0", "1"), c("A", "G"))), LR36_SNP1 = structure(c(0, 
    0, 0, 0, 0, 0, 0, 0, 0, 0, 0, 0, 0, 0, 0, 0, 0, 0, 11, 362, 
    267, 4, 18, 0), dim = c(8L, 3L), dimnames = list(c("-4", 
    "-3", "-2", "-1", "0", "1", "2", "3"), c("A", "G", "T"))), 
    LR40_SNP1 = structure(c(1, 134, 330, 0, 0, 0, 0, 0), dim = c(4L, 
    2L), dimnames = list(c("-2", "-1", "0", "1"), c("C", "T"))), 
    LR44_SNP1 = structure(c(0, 0, 11, 64, 0, 1, 59, 1, 48, 1), dim = c(5L, 
    2L), dimnames = list(c("-3", "-2", "-1", "0", "1"), c("C", 
    "T"))), LR46_SNP1 = structure(c(0, 333, 785, 1, 0, 0, 0, 
    0, 0, 0), dim = c(5L, 2L), dimnames = list(c("-2", "-1", 
    "0", "1", "2"), c("G", "T"))), LR48_SNP1 = structure(c(5, 
    234, 191, 0, 0, 0, 45, 372, 1, 0), dim = c(5L, 2L), dimnames = list(
        c("-2", "-1", "0", "1", "2"), c("C", "T"))), LR49_SNP1 = structure(c(2, 
    279, 170, 111), dim = c(2L, 2L), dimnames = list(c("-1", 
    "0"), c("A", "G"))), LR52_SNP1 = structure(c(0, 0, 0, 0, 
    0, 0, 0, 0, 1, 34, 382, 10, 195, 2, 0, 0, 0, 0, 0, 0, 0), dim = c(7L, 
    3L), dimnames = list(c("-5", "-4", "-3", "-2", "-1", "0", 
    "1"), c("A", "C", "T"))))
