Result <-
list(DEPDC2_SNP1 = structure(c(1, 119, 188, 1, 0, 0, 1, 227, 
4, 0), dim = c(5L, 2L), dimnames = list(c("-2", "-1", "0", "1", 
"2"), c("C", "T"))), GM01_SNP1 = structure(c(4, 402, 1, 0, 1, 
381, 0, 0), dim = c(4L, 2L), dimnames = list(c("-1", "0", "1", 
"2"), c("A", "G"))), GM07_SNP1 = structure(c(0, 0, 0, 0, 0, 45, 
502, 266, 1, 0, 0, 0, 0, 0, 0, 0, 0, 0, 0, 0), dim = 5:4, dimnames = list(
    c("-2", "-1", "0", "1", "2"), c("-", "A", "G", "T"))), GM09_SNP1 = structure(c(2, 
134, 0, 1, 136, 0), dim = 3:2, dimnames = list(c("-1", "0", "1"
), c("A", "G"))), GM11_SNP1 = structure(c(0, 2, 260, 1, 0, 145, 
104, 0), dim = c(4L, 2L), dimnames = list(c("-2", "-1", "0", 
"1"), c("A", "G"))), GM14_SNP1 = structure(c(0, 0, 1, 118, 0, 
0, 0, 6, 438, 185, 0, 0), dim = c(6L, 2L), dimnames = list(c("-3", 
"-2", "-1", "0", "1", "2"), c("C", "T"))), GM17_SNP1 = structure(c(0, 
0, 0, 6, 315, 0, 2, 326, 0), dim = c(3L, 3L), dimnames = list(
    c("-1", "0", "1"), c("A", "C", "T"))), GM22_SNP1 = structure(c(0, 
0, 5, 1746, 0, 0, 0, 0, 0, 1, 0, 0, 0, 0, 0, 0, 0, 0), dim = c(6L, 
3L), dimnames = list(c("-4", "-2", "-1", "0", "1", "2"), c("A", 
"G", "T"))), GM26_SNP1 = structure(c(0, 21, 314, 0), dim = c(4L, 
1L), dimnames = list(c("-2", "-1", "0", "1"), "A")), GM29_SNP1 = structure(c(3, 
217, 92, 0, 0, 153, 147, 0), dim = c(4L, 2L), dimnames = list(
    c("-2", "-1", "0", "1"), c("A", "G"))), IM16_SNP1 = structure(c(0, 
0, 0, 0, 60, 476, 289, 0, 0, 0, 0, 0), dim = 4:3, dimnames = list(
    c("-2", "-1", "0", "1"), c("A", "G", "T"))), IM49_SNP1 = structure(c(1, 
39, 1, 18, 0, 0, 27, 6, 11, 0), dim = c(5L, 2L), dimnames = list(
    c("-3", "-2", "-1", "0", "1"), c("C", "G"))), LR10_SNP1 = structure(c(0, 
0, 0, 0, 0, 1, 411, 0), dim = c(4L, 2L), dimnames = list(c("-2", 
"-1", "0", "1"), c("C", "T"))), LR11_SNP1 = structure(c(4, 145, 
121, 1), dim = c(4L, 1L), dimnames = list(c("-2", "-1", "0", 
"1"), "C")), LR17_SNP1 = structure(c(0, 4, 305, 145, 0), dim = c(5L, 
1L), dimnames = list(c("-3", "-2", "-1", "0", "1"), "A")), LR20_SNP1 = structure(c(0, 
45, 42, 0, 0, 73), dim = 3:2, dimnames = list(c("-2", "-1", "0"
), c("A", "G"))), LR24_SNP1 = structure(c(0, 0, 0, 6, 59, 0), dim = 3:2, dimnames = list(
    c("-1", "0", "1"), c("A", "G"))), LR36_SNP1 = structure(c(0, 
0, 3, 312, 21, 0, 0, 0, 5, 373, 0, 0), dim = c(6L, 2L), dimnames = list(
    c("-3", "-2", "-1", "0", "1", "2"), c("A", "T"))), LR40_SNP1 = structure(c(0, 
0, 0, 0, 5, 119, 288, 0), dim = c(4L, 2L), dimnames = list(c("-2", 
"-1", "0", "1"), c("A", "C"))), LR44_SNP1 = structure(c(1, 132, 
0, 70, 0), dim = c(5L, 1L), dimnames = list(c("-3", "-2", "-1", 
"0", "1"), "C")), LR46_SNP1 = structure(c(0, 0, 0, 7, 1234, 2, 
0, 0, 0), dim = c(3L, 3L), dimnames = list(c("-1", "0", "1"), 
    c("A", "G", "T"))), LR48_SNP1 = structure(c(2, 82, 844, 1, 
0, 0, 0, 0, 0, 0), dim = c(5L, 2L), dimnames = list(c("-2", "-1", 
"0", "1", "2"), c("C", "T"))), LR49_SNP1 = structure(c(0, 0, 
0, 0, 131, 313), dim = 3:2, dimnames = list(c("-2", "-1", "0"
), c("A", "G"))), LR52_SNP1 = structure(c(0, 0, 0, 0, 0, 0, 0, 
9, 411, 12, 203, 1, 0, 0, 1, 0, 0, 0), dim = c(6L, 3L), dimnames = list(
    c("-4", "-3", "-2", "-1", "0", "1"), c("A", "C", "T"))))
