Result <-
list(DEPDC2_SNP1 = structure(c(0, 0, 0, 0, 311, 1), dim = 3:2, dimnames = list(
    c("-1", "0", "1"), c("C", "T"))), GM01_SNP1 = structure(c(0, 
6, 446, 0, 0, 0, 467, 0), dim = c(4L, 2L), dimnames = list(c("-2", 
"-1", "0", "1"), c("A", "G"))), GM07_SNP1 = structure(c(0, 0, 
0, 0, 25, 311, 311, 0), dim = c(4L, 2L), dimnames = list(c("-2", 
"-1", "0", "1"), c("A", "G"))), GM09_SNP1 = structure(c(7, 361, 
0, 0, 0, 0, 0, 0, 0), dim = c(3L, 3L), dimnames = list(c("-1", 
"0", "1"), c("A", "G", "T"))), GM11_SNP1 = structure(c(4, 264, 
0, 13, 231, 0), dim = 3:2, dimnames = list(c("-1", "0", "1"), 
    c("A", "G"))), GM14_SNP1 = structure(c(0, 0, 0, 1, 0, 0, 
0, 0, 0, 0, 0, 0, 4, 461, 458, 0), dim = c(4L, 4L), dimnames = list(
    c("-2", "-1", "0", "1"), c("-", "A", "C", "T"))), GM17_SNP1 = structure(c(0, 
178, 8, 557, 0, 0, 0, 0, 0, 0), dim = c(5L, 2L), dimnames = list(
    c("-3", "-2", "-1", "0", "1"), c("C", "T"))), GM22_SNP1 = structure(c(0, 
0, 340, 1205, 0, 0, 0, 0, 1, 0), dim = c(5L, 2L), dimnames = list(
    c("-3", "-2", "-1", "0", "1"), c("A", "G"))), GM26_SNP1 = structure(c(0, 
0, 208, 1, 0, 97, 94, 0), dim = c(4L, 2L), dimnames = list(c("-2", 
"-1", "0", "1"), c("A", "G"))), GM29_SNP1 = structure(c(0, 2, 
722, 0, 0, 0, 0, 0), dim = c(4L, 2L), dimnames = list(c("-2", 
"-1", "0", "1"), c("A", "G"))), IM16_SNP1 = structure(c(0, 0, 
0, 0, 0, 0, 320, 319, 2, 0), dim = c(5L, 2L), dimnames = list(
    c("-2", "-1", "0", "1", "2"), c("A", "G"))), IM49_SNP1 = structure(c(0, 
0, 0, 0, 0, 0, 10, 14, 75, 0), dim = c(5L, 2L), dimnames = list(
    c("-3", "-2", "-1", "0", "1"), c("C", "G"))), LR10_SNP1 = structure(c(0, 
0, 0, 0, 1, 109, 121, 1, 0, 2, 235, 0), dim = 4:3, dimnames = list(
    c("-2", "-1", "0", "1"), c("A", "C", "T"))), LR11_SNP1 = structure(c(1, 
216, 236, 1, 0), dim = c(5L, 1L), dimnames = list(c("-2", "-1", 
"0", "1", "2"), "C")), LR17_SNP1 = structure(c(0, 9, 633, 3, 
0, 0, 0, 0, 0, 0, 0, 0), dim = 4:3, dimnames = list(c("-2", "-1", 
"0", "1"), c("A", "G", "T"))), LR20_SNP1 = structure(c(0, 131, 
116, 0, 0, 1), dim = 3:2, dimnames = list(c("-2", "-1", "0"), 
    c("A", "G"))), LR24_SNP1 = structure(c(0, 0, 0, 0, 0, 0, 
3, 144, 0), dim = c(3L, 3L), dimnames = list(c("-1", "0", "1"
), c("-", "A", "G"))), LR36_SNP1 = structure(c(0, 0, 147, 162, 
0, 0, 0, 0, 0, 0, 0, 0, 4, 308, 2), dim = c(5L, 3L), dimnames = list(
    c("-3", "-2", "-1", "0", "1"), c("A", "G", "T"))), LR40_SNP1 = structure(c(0, 
0, 0, 0, 0, 0, 1, 197, 250, 0, 0, 0, 0, 0, 0), dim = c(5L, 3L
), dimnames = list(c("-3", "-2", "-1", "0", "1"), c("A", "C", 
"G"))), LR44_SNP1 = structure(c(0, 0, 67, 6, 0, 2, 31, 43, 0, 
0), dim = c(5L, 2L), dimnames = list(c("-2", "-1", "0", "1", 
"2"), c("C", "T"))), LR46_SNP1 = structure(c(0, 0, 0, 0, 0, 627, 
0, 0, 1, 625, 1, 0), dim = 4:3, dimnames = list(c("-1", "0", 
"1", "2"), c("C", "G", "T"))), LR48_SNP1 = structure(c(0, 0, 
0, 0, 0, 0, 228, 234, 0, 0, 3, 204, 262, 2, 0), dim = c(5L, 3L
), dimnames = list(c("-2", "-1", "0", "1", "2"), c("A", "C", 
"T"))), LR49_SNP1 = structure(c(0, 0, 149, 400, 0, 0), dim = 2:3, dimnames = list(
    c("-1", "0"), c("A", "G", "T"))), LR52_SNP1 = structure(c(0, 
0, 3, 149, 6, 159, 1, 0, 0, 0, 12, 117, 218, 0), dim = c(7L, 
2L), dimnames = list(c("-5", "-4", "-3", "-2", "-1", "0", "1"
), c("C", "T"))))
