Result <-
list(DEPDC2_SNP1 = structure(c(0, 81, 0, 0, 119, 3), dim = 3:2, dimnames = list(
    c("-1", "0", "1"), c("C", "T"))), GM01_SNP1 = structure(c(1, 
204, 0, 0, 2, 204, 0, 0), dim = c(4L, 2L), dimnames = list(c("-1", 
"0", "1", "2"), c("A", "G"))), GM07_SNP1 = structure(c(0, 0, 
0, 0, 0, 1, 63, 21, 82, 0, 0, 1, 85, 94, 0, 0, 0, 0, 0, 0), dim = 5:4, dimnames = list(
    c("-3", "-2", "-1", "0", "1"), c("-", "A", "G", "T"))), GM09_SNP1 = structure(c(1, 
88, 0, 6, 83, 0), dim = 3:2, dimnames = list(c("-1", "0", "1"
), c("A", "G"))), GM11_SNP1 = structure(c(0, 0, 0, 0, 0, 9, 255, 
2), dim = c(4L, 2L), dimnames = list(c("-2", "-1", "0", "1"), 
    c("A", "G"))), GM14_SNP1 = structure(c(0, 0, 0, 0, 0, 7, 
80, 367, 119, 0), dim = c(5L, 2L), dimnames = list(c("-2", "-1", 
"0", "1", "2"), c("C", "T"))), GM17_SNP1 = structure(c(0, 0, 
192, 0, 0, 1, 204, 0), dim = c(4L, 2L), dimnames = list(c("-3", 
"-1", "0", "1"), c("C", "T"))), GM22_SNP1 = structure(c(1, 106, 
756, 0, 0, 0, 0, 0, 0, 0, 0, 0, 0, 0, 0), dim = c(5L, 3L), dimnames = list(
    c("-2", "-1", "0", "1", "2"), c("A", "G", "T"))), GM26_SNP1 = structure(c(1, 
239, 0), dim = c(3L, 1L), dimnames = list(c("-1", "0", "1"), 
    "A")), GM29_SNP1 = structure(c(0, 25, 219, 0, 0, 50, 195, 
0), dim = c(4L, 2L), dimnames = list(c("-2", "-1", "0", "1"), 
    c("A", "G"))), IM16_SNP1 = structure(c(0, 5, 133, 0, 5, 12, 
130, 0), dim = c(4L, 2L), dimnames = list(c("-2", "-1", "0", 
"1"), c("A", "G"))), IM49_SNP1 = structure(c(0, 10, 24, 0, 0, 
21, 19, 0), dim = c(4L, 2L), dimnames = list(c("-2", "-1", "0", 
"1"), c("C", "G"))), LR10_SNP1 = structure(c(0, 3, 169, 0, 0, 
0, 0, 0, 0, 0), dim = c(5L, 2L), dimnames = list(c("-3", "-1", 
"0", "1", "2"), c("C", "T"))), LR11_SNP1 = structure(c(3, 56, 
188, 0), dim = c(4L, 1L), dimnames = list(c("-2", "-1", "0", 
"1"), "C")), LR17_SNP1 = structure(c(2, 19, 178, 214, 0, 0, 0, 
0, 0, 0), dim = c(5L, 2L), dimnames = list(c("-3", "-2", "-1", 
"0", "1"), c("A", "G"))), LR20_SNP1 = structure(c(3, 83, 0, 0, 
0, 0), dim = 3:2, dimnames = list(c("-1", "0", "1"), c("A", "T"
))), LR24_SNP1 = structure(c(11, 70, 0), dim = c(3L, 1L), dimnames = list(
    c("-1", "0", "1"), "A")), LR36_SNP1 = structure(c(0, 0, 0, 
0, 0, 0, 0, 0, 0, 0, 0, 0, 0, 0, 0, 0, 0, 0, 0, 5, 96, 312, 1, 
0), dim = c(6L, 4L), dimnames = list(c("-3", "-2", "-1", "0", 
"1", "2"), c("A", "C", "G", "T"))), LR40_SNP1 = structure(c(0, 
0, 0, 0, 0, 43, 198, 0), dim = c(4L, 2L), dimnames = list(c("-2", 
"-1", "0", "1"), c("A", "C"))), LR44_SNP1 = structure(c(0, 0, 
0, 0, 0, 2, 5, 97, 8, 2), dim = c(5L, 2L), dimnames = list(c("-2", 
"-1", "0", "1", "2"), c("C", "T"))), LR46_SNP1 = structure(c(0, 
0, 0, 0, 0, 0, 0, 0, 0, 1, 0, 0, 11, 169, 518, 1), dim = c(4L, 
4L), dimnames = list(c("-2", "-1", "0", "1"), c("-", "C", "G", 
"T"))), LR48_SNP1 = structure(c(0, 0, 1, 0, 4, 24, 486, 7, 0, 
0, 0, 0), dim = 4:3, dimnames = list(c("-2", "-1", "0", "1"), 
    c("A", "C", "T"))), LR49_SNP1 = structure(c(4, 244, 0, 12, 
270, 0), dim = 3:2, dimnames = list(c("-1", "0", "1"), c("A", 
"G"))), LR52_SNP1 = structure(c(0, 2, 67, 34, 85, 0, 0, 24, 53, 
1, 93, 0), dim = c(6L, 2L), dimnames = list(c("-4", "-3", "-2", 
"-1", "0", "1"), c("C", "T"))))
