Result <-
list(DEPDC2_SNP1 = structure(c(0, 0, 0, 0, 0, 2, 0, 0, 0, 250, 
177, 3), dim = 4:3, dimnames = list(c("-1", "0", "1", "2"), c("A", 
"C", "T"))), GM01_SNP1 = structure(c(0, 63, 649, 0, 0, 0, 3, 
0), dim = c(4L, 2L), dimnames = list(c("-2", "-1", "0", "1"), 
    c("A", "G"))), GM07_SNP1 = structure(c(0, 0, 0, 0, 3, 312, 
351, 4, 0, 0, 3, 0, 0, 0, 0, 0), dim = c(4L, 4L), dimnames = list(
    c("-2", "-1", "0", "1"), c("-", "A", "G", "T"))), GM09_SNP1 = structure(c(2, 
251, 1), dim = c(3L, 1L), dimnames = list(c("-1", "0", "1"), 
    "A")), GM11_SNP1 = structure(c(0, 233, 0, 7, 205, 0), dim = 3:2, dimnames = list(
    c("-1", "0", "1"), c("A", "G"))), GM14_SNP1 = structure(c(0, 
7, 656, 8, 0, 0, 0, 1, 0, 0), dim = c(5L, 2L), dimnames = list(
    c("-2", "-1", "0", "1", "2"), c("C", "T"))), GM17_SNP1 = structure(c(0, 
0, 0, 0, 0, 1, 0, 0, 30, 612, 2, 0), dim = 4:3, dimnames = list(
    c("-1", "0", "1", "2"), c("A", "C", "T"))), GM22_SNP1 = structure(c(0, 
120, 1538, 0, 0, 0, 5, 0, 0, 0, 0, 0), dim = 4:3, dimnames = list(
    c("-2", "-1", "0", "1"), c("A", "G", "T"))), GM26_SNP1 = structure(c(0, 
6, 461, 0, 0, 0, 0, 0), dim = c(4L, 2L), dimnames = list(c("-2", 
"-1", "0", "1"), c("A", "G"))), GM29_SNP1 = structure(c(0, 0, 
9, 664, 2, 0, 0, 1, 1, 0), dim = c(5L, 2L), dimnames = list(c("-3", 
"-2", "-1", "0", "1"), c("A", "G"))), IM16_SNP1 = structure(c(0, 
0, 2, 0, 0, 1, 71, 450, 1, 0), dim = c(5L, 2L), dimnames = list(
    c("-2", "-1", "0", "1", "2"), c("A", "G"))), IM49_SNP1 = structure(c(0, 
31, 29, 1, 0, 0, 12, 41, 1, 0), dim = c(5L, 2L), dimnames = list(
    c("-2", "-1", "0", "1", "2"), c("C", "G"))), LR10_SNP1 = structure(c(1, 
11, 142, 336, 0, 0, 0, 0, 0, 0), dim = c(5L, 2L), dimnames = list(
    c("-3", "-2", "-1", "0", "1"), c("C", "T"))), LR11_SNP1 = structure(c(0, 
0, 0, 0, 1, 112, 159, 1), dim = c(4L, 2L), dimnames = list(c("-2", 
"-1", "0", "1"), c("A", "C"))), LR17_SNP1 = structure(c(0, 30, 
456, 2, 0, 0, 0, 0), dim = c(4L, 2L), dimnames = list(c("-2", 
"-1", "0", "1"), c("A", "G"))), LR20_SNP1 = structure(c(0, 0, 
0, 1, 240, 0), dim = 3:2, dimnames = list(c("-1", "0", "1"), 
    c("A", "G"))), LR24_SNP1 = structure(c(0, 53, 2, 21), dim = c(2L, 
2L), dimnames = list(c("-1", "0"), c("A", "G"))), LR36_SNP1 = structure(c(0, 
0, 0, 0, 0, 3, 36, 152, 53, 0, 0, 6, 201, 62, 1), dim = c(5L, 
3L), dimnames = list(c("-3", "-2", "-1", "0", "1"), c("-", "A", 
"T"))), LR40_SNP1 = structure(c(0, 0, 0, 19, 355, 0), dim = 3:2, dimnames = list(
    c("-1", "0", "1"), c("A", "C"))), LR44_SNP1 = structure(c(0, 
18, 45, 116, 43, 2), dim = c(6L, 1L), dimnames = list(c("-3", 
"-2", "-1", "0", "1", "2"), "T")), LR46_SNP1 = structure(c(0, 
10, 934, 2, 0, 0, 6, 0), dim = c(4L, 2L), dimnames = list(c("-2", 
"-1", "0", "1"), c("G", "T"))), LR48_SNP1 = structure(c(0, 0, 
3, 464, 532, 3, 0, 0, 0, 0, 0, 0, 0, 0), dim = c(7L, 2L), dimnames = list(
    c("-4", "-3", "-2", "-1", "0", "1", "2"), c("C", "T"))), 
    LR49_SNP1 = structure(c(1, 121, 87, 0, 0, 5, 202, 0, 0, 0, 
    0, 0), dim = 4:3, dimnames = list(c("-2", "-1", "0", "1"), 
        c("A", "G", "T"))), LR52_SNP1 = structure(c(0, 0, 0, 
    0, 0, 0, 0, 11, 194, 33, 89, 0, 0, 0, 17, 227, 138, 1), dim = c(6L, 
    3L), dimnames = list(c("-4", "-3", "-2", "-1", "0", "1"), 
        c("A", "C", "T"))))
