Result <-
list(DEPDC2_SNP1 = structure(c(0, 168, 43, 11, 0, 0, 0, 0), dim = c(4L, 
2L), dimnames = list(c("-1", "0", "1", "2"), c("C", "T"))), GM01_SNP1 = structure(c(199, 
418, 0), dim = c(3L, 1L), dimnames = list(c("-1", "0", "1"), 
    "A")), GM07_SNP1 = structure(c(0, 182, 147, 177, 1, 0, 0, 
0, 0, 1, 0, 0), dim = c(6L, 2L), dimnames = list(c("-3", "-2", 
"-1", "0", "1", "2"), c("A", "G"))), GM09_SNP1 = structure(c(0, 
0, 0, 0, 220, 0), dim = 3:2, dimnames = list(c("-1", "0", "1"
), c("A", "G"))), GM11_SNP1 = structure(c(0, 3, 165, 0, 1, 117, 
93, 0), dim = c(4L, 2L), dimnames = list(c("-2", "-1", "0", "1"
), c("A", "G"))), GM14_SNP1 = structure(c(2, 217, 214, 228, 0, 
0, 0, 0, 0, 0, 0, 0, 0, 0, 0), dim = c(5L, 3L), dimnames = list(
    c("-3", "-2", "-1", "0", "1"), c("C", "G", "T"))), GM17_SNP1 = structure(c(0, 
177, 439, 0, 0, 0, 0, 0), dim = c(4L, 2L), dimnames = list(c("-2", 
"-1", "0", "1"), c("C", "T"))), GM22_SNP1 = structure(c(0, 1, 
598, 0, 0, 0, 6, 526, 0, 0), dim = c(5L, 2L), dimnames = list(
    c("-2", "-1", "0", "1", "3"), c("A", "G"))), GM26_SNP1 = structure(c(0, 
0, 0, 0, 0, 106, 225, 0), dim = c(4L, 2L), dimnames = list(c("-2", 
"-1", "0", "1"), c("A", "G"))), GM29_SNP1 = structure(c(23, 336, 
103, 0, 0, 0, 122, 0), dim = c(4L, 2L), dimnames = list(c("-2", 
"-1", "0", "1"), c("A", "G"))), IM16_SNP1 = structure(c(0, 0, 
0, 0, 0, 18, 434, 50, 1, 0, 0, 0, 0, 0, 0), dim = c(5L, 3L), dimnames = list(
    c("-1", "0", "1", "2", "3"), c("A", "G", "T"))), IM49_SNP1 = structure(c(0, 
1, 46, 30, 0, 0, 0, 20, 0, 0), dim = c(5L, 2L), dimnames = list(
    c("-2", "-1", "0", "1", "2"), c("C", "G"))), LR10_SNP1 = structure(c(1, 
122, 0, 0, 128, 1), dim = 3:2, dimnames = list(c("-1", "0", "1"
), c("C", "T"))), LR11_SNP1 = structure(c(0, 0, 0, 0, 0, 185, 
111, 0), dim = c(4L, 2L), dimnames = list(c("-2", "-1", "0", 
"1"), c("A", "C"))), LR17_SNP1 = structure(c(122, 0, 13, 287, 
0, 0, 0, 0, 0, 0), dim = c(5L, 2L), dimnames = list(c("-3", "-2", 
"-1", "0", "1"), c("A", "G"))), LR20_SNP1 = structure(c(0, 51, 
39, 0, 0, 73), dim = 3:2, dimnames = list(c("-3", "-1", "0"), 
    c("A", "G"))), LR24_SNP1 = structure(c(0, 126, 0), dim = c(3L, 
1L), dimnames = list(c("-1", "0", "1"), "A")), LR36_SNP1 = structure(c(0, 
0, 158, 0, 89, 0, 0, 0, 0, 0, 0, 0, 0, 0, 0, 0, 0, 0, 241, 1, 
0), dim = c(7L, 3L), dimnames = list(c("-4", "-3", "-2", "-1", 
"0", "1", "2"), c("A", "G", "T"))), LR40_SNP1 = structure(c(4, 
390, 0), dim = c(3L, 1L), dimnames = list(c("-1", "0", "1"), 
    "C")), LR44_SNP1 = structure(c(1, 51, 5, 73, 0), dim = c(5L, 
1L), dimnames = list(c("-3", "-2", "-1", "0", "1"), "C")), LR46_SNP1 = structure(c(1, 
470, 0, 83, 403, 0), dim = 3:2, dimnames = list(c("-1", "0", 
"1"), c("G", "T"))), LR48_SNP1 = structure(c(0, 0, 0, 0, 0, 0, 
13, 677, 0, 0, 0, 0, 0, 0, 0), dim = c(5L, 3L), dimnames = list(
    c("-2", "-1", "0", "1", "2"), c("A", "C", "T"))), LR49_SNP1 = structure(c(2, 
588, 0, 0, 0, 0), dim = 3:2, dimnames = list(c("-1", "0", "1"
), c("A", "G"))), LR52_SNP1 = structure(c(0, 0, 0, 0, 0, 0, 0, 
18, 125, 39, 300, 3), dim = c(6L, 2L), dimnames = list(c("-4", 
"-3", "-2", "-1", "0", "1"), c("C", "T"))))
