Result <-
list(DEPDC2_SNP1 = structure(c(0, 0, 0, 132, 371, 0), dim = 3:2, dimnames = list(
    c("-1", "0", "1"), c("C", "T"))), GM01_SNP1 = structure(c(0, 
2, 1046, 0, 0, 0, 0, 0, 0, 0, 0, 0), dim = 4:3, dimnames = list(
    c("-2", "-1", "0", "1"), c("A", "G", "T"))), GM07_SNP1 = structure(c(0, 
0, 0, 0, 4, 170, 592, 6, 0, 0, 0, 0, 0, 0, 0, 0), dim = c(4L, 
4L), dimnames = list(c("-2", "-1", "0", "1"), c("-", "A", "G", 
"T"))), GM09_SNP1 = structure(c(0, 490, 0, 0, 0, 0, 0, 0, 0), dim = c(3L, 
3L), dimnames = list(c("-1", "0", "1"), c("A", "G", "T"))), GM11_SNP1 = structure(c(0, 
0, 0, 4, 663, 2), dim = 3:2, dimnames = list(c("-1", "0", "1"
), c("A", "G"))), GM14_SNP1 = structure(c(0, 2, 65, 431, 0, 0, 
0, 0, 516, 0), dim = c(5L, 2L), dimnames = list(c("-3", "-2", 
"-1", "0", "1"), c("C", "T"))), GM17_SNP1 = structure(c(3, 434, 
0, 0, 0, 0, 0, 443, 0), dim = c(3L, 3L), dimnames = list(c("-1", 
"0", "1"), c("C", "G", "T"))), GM22_SNP1 = structure(c(0, 1, 
1518, 351, 0, 0, 0, 0, 0, 0, 0, 0, 0, 0, 0, 0, 0, 0), dim = c(6L, 
3L), dimnames = list(c("-2", "-1", "0", "1", "2", "3"), c("A", 
"G", "T"))), GM26_SNP1 = structure(c(0, 544, 0, 0, 0, 0), dim = 3:2, dimnames = list(
    c("-1", "0", "1"), c("A", "G"))), GM29_SNP1 = structure(c(0, 
1, 154, 682, 0, 0, 0, 0, 2, 0), dim = c(5L, 2L), dimnames = list(
    c("-3", "-2", "-1", "0", "1"), c("A", "G"))), IM16_SNP1 = structure(c(6, 
342, 1, 5, 383, 1), dim = 3:2, dimnames = list(c("-1", "0", "1"
), c("A", "G"))), IM49_SNP1 = structure(c(0, 1, 0, 2, 140, 0), dim = 3:2, dimnames = list(
    c("-1", "0", "1"), c("C", "G"))), LR10_SNP1 = structure(c(0, 
0, 0, 1, 482, 0), dim = 3:2, dimnames = list(c("-1", "0", "1"
), c("C", "T"))), LR11_SNP1 = structure(c(0, 0, 133, 341, 0, 
0, 0, 0, 1, 173, 0, 0, 0, 0, 0, 0, 0, 0, 0, 0, 0, 0, 0, 0), dim = c(6L, 
4L), dimnames = list(c("-3", "-2", "-1", "0", "1", "2"), c("A", 
"C", "G", "T"))), LR17_SNP1 = structure(c(47, 134, 98, 447, 1, 
0, 0, 0, 0, 0, 0, 0), dim = c(6L, 2L), dimnames = list(c("-3", 
"-2", "-1", "0", "1", "2"), c("A", "G"))), LR20_SNP1 = structure(c(0, 
1, 124, 0, 1, 61, 82, 0), dim = c(4L, 2L), dimnames = list(c("-2", 
"-1", "0", "1"), c("A", "G"))), LR24_SNP1 = structure(c(0, 160, 
0, 0, 0, 0), dim = 3:2, dimnames = list(c("-1", "0", "1"), c("A", 
"C"))), LR36_SNP1 = structure(c(0, 0, 0, 0, 0, 0, 0, 0, 1, 10, 
809, 0), dim = 4:3, dimnames = list(c("-2", "-1", "0", "1"), 
    c("A", "C", "T"))), LR40_SNP1 = structure(c(0, 6, 659, 0, 
0, 0, 0, 0), dim = c(4L, 2L), dimnames = list(c("-2", "-1", "0", 
"1"), c("C", "G"))), LR44_SNP1 = structure(c(0, 6, 110, 1, 0, 
0, 4, 103, 0, 0), dim = c(5L, 2L), dimnames = list(c("-2", "-1", 
"0", "1", "2"), c("C", "T"))), LR46_SNP1 = structure(c(0, 0, 
0, 3, 710, 0, 90, 556, 0), dim = c(3L, 3L), dimnames = list(c("-1", 
"0", "1"), c("A", "G", "T"))), LR48_SNP1 = structure(c(0, 0, 
0, 0, 0, 0, 0, 235, 980, 2), dim = c(5L, 2L), dimnames = list(
    c("-3", "-2", "-1", "0", "1"), c("A", "C"))), LR49_SNP1 = structure(c(0, 
0, 0, 0, 0, 0, 0, 174, 636), dim = c(3L, 3L), dimnames = list(
    c("-2", "-1", "0"), c("A", "C", "G"))), LR52_SNP1 = structure(c(0, 
0, 0, 0, 0, 0, 0, 0, 0, 3, 32, 361, 0, 0, 0, 0, 8, 27, 361, 1, 
0), dim = c(7L, 3L), dimnames = list(c("-4", "-3", "-2", "-1", 
"0", "1", "2"), c("A", "C", "T"))))
