Result <-
list(DEPDC2_SNP1 = structure(c(0, 172, 20, 10, 352, 3), dim = 3:2, dimnames = list(
    c("-1", "0", "1"), c("C", "T"))), GM01_SNP1 = structure(c(0, 
0, 301, 238, 0, 0, 3, 297, 237, 1), dim = c(5L, 2L), dimnames = list(
    c("-3", "-2", "-1", "0", "1"), c("A", "G"))), GM07_SNP1 = structure(c(0, 
3, 225, 178, 2, 0, 3, 175, 168, 0), dim = c(5L, 2L), dimnames = list(
    c("-3", "-2", "-1", "0", "1"), c("A", "G"))), GM09_SNP1 = structure(c(0, 
446, 0, 0, 1, 0), dim = 3:2, dimnames = list(c("-1", "0", "1"
), c("A", "G"))), GM11_SNP1 = structure(c(0, 0, 184, 137, 0, 
0, 186, 15, 140, 0), dim = c(5L, 2L), dimnames = list(c("-3", 
"-2", "-1", "0", "1"), c("A", "G"))), GM14_SNP1 = structure(c(0, 
17, 292, 596, 21, 0, 0, 0, 0, 0, 0, 0), dim = c(6L, 2L), dimnames = list(
    c("-3", "-2", "-1", "0", "1", "2"), c("C", "T"))), GM17_SNP1 = structure(c(1, 
27, 923, 0, 0, 0, 0, 0), dim = c(4L, 2L), dimnames = list(c("-2", 
"-1", "0", "1"), c("C", "T"))), GM22_SNP1 = structure(c(0, 9, 
1840, 1, 0, 0, 0, 0, 0, 0, 0, 0, 0, 0, 0), dim = c(5L, 3L), dimnames = list(
    c("-2", "-1", "0", "1", "2"), c("A", "G", "T"))), GM26_SNP1 = structure(c(2, 
229, 0, 4, 212, 0), dim = 3:2, dimnames = list(c("-1", "0", "1"
), c("A", "G"))), GM29_SNP1 = structure(c(0, 0, 0, 0, 0, 2, 380, 
0, 0, 10, 367, 0, 0, 0, 0, 0), dim = c(4L, 4L), dimnames = list(
    c("-2", "-1", "0", "1"), c("-", "A", "G", "T"))), IM16_SNP1 = structure(c(26, 
186, 178, 0, 0, 0, 233, 183, 0, 0), dim = c(5L, 2L), dimnames = list(
    c("-2", "-1", "0", "1", "2"), c("A", "G"))), IM49_SNP1 = structure(c(0, 
0, 6, 73, 1, 0, 39, 0, 29, 1), dim = c(5L, 2L), dimnames = list(
    c("-3", "-2", "-1", "0", "1"), c("C", "G"))), LR10_SNP1 = structure(c(0, 
235, 278, 0, 0, 0, 0, 0), dim = c(4L, 2L), dimnames = list(c("-2", 
"-1", "0", "1"), c("C", "T"))), LR11_SNP1 = structure(c(0, 43, 
227, 0, 7, 126, 104, 0), dim = c(4L, 2L), dimnames = list(c("-2", 
"-1", "0", "1"), c("A", "C"))), LR17_SNP1 = structure(c(0, 3, 
397, 266, 0, 0), dim = c(6L, 1L), dimnames = list(c("-3", "-2", 
"-1", "0", "1", "2"), "A")), LR20_SNP1 = structure(c(3, 141, 
0, 0, 137, 0), dim = 3:2, dimnames = list(c("-1", "0", "1"), 
    c("A", "G"))), LR24_SNP1 = structure(c(3, 33, 111, 0, 0, 
0, 0, 0), dim = c(4L, 2L), dimnames = list(c("-2", "-1", "0", 
"1"), c("A", "G"))), LR36_SNP1 = structure(c(0, 0, 0, 0, 0, 0, 
0, 0, 4, 206, 0, 1, 157, 0, 0, 0, 1, 213, 0, 175, 3), dim = c(7L, 
3L), dimnames = list(c("-5", "-4", "-3", "-2", "-1", "0", "1"
), c("-", "A", "T"))), LR40_SNP1 = structure(c(0, 0, 0, 1, 0, 
0, 163, 150, 251, 0), dim = c(5L, 2L), dimnames = list(c("-3", 
"-2", "-1", "0", "1"), c("A", "C"))), LR44_SNP1 = structure(c(0, 
0, 1, 0, 0, 0, 1, 29, 72, 6, 82, 0), dim = c(6L, 2L), dimnames = list(
    c("-4", "-3", "-2", "-1", "0", "1"), c("A", "C"))), LR46_SNP1 = structure(c(0, 
0, 0, 0, 1, 362, 910, 1, 0, 0, 0, 0), dim = 4:3, dimnames = list(
    c("-2", "-1", "0", "1"), c("A", "G", "T"))), LR48_SNP1 = structure(c(0, 
275, 32, 752, 5, 0, 0, 0, 0, 0, 0, 0), dim = c(6L, 2L), dimnames = list(
    c("-3", "-2", "-1", "0", "1", "2"), c("C", "T"))), LR49_SNP1 = structure(c(1, 
304, 3, 314), dim = c(2L, 2L), dimnames = list(c("-1", "0"), 
    c("A", "G"))), LR52_SNP1 = structure(c(0, 0, 0, 0, 0, 0, 
0, 0, 22, 187, 146, 1, 0, 1, 70, 156, 159, 0), dim = c(6L, 3L
), dimnames = list(c("-4", "-3", "-2", "-1", "0", "1"), c("A", 
"C", "T"))))
