Result <-
list(DEPDC2_SNP1 = structure(c(0, 0, 0, 10, 668, 2), dim = 3:2, dimnames = list(
    c("-1", "0", "1"), c("A", "T"))), GM01_SNP1 = structure(c(0, 
0, 1, 0, 0, 102, 940, 0), dim = c(4L, 2L), dimnames = list(c("-2", 
"-1", "0", "1"), c("A", "G"))), GM07_SNP1 = structure(c(0, 0, 
0, 0, 0, 0, 2, 81, 210, 780, 4, 0, 0, 0, 0, 0, 0, 0), dim = c(6L, 
3L), dimnames = list(c("-3", "-2", "-1", "0", "1", "2"), c("A", 
"G", "T"))), GM09_SNP1 = structure(c(13, 448, 0, 0, 0, 0), dim = 3:2, dimnames = list(
    c("-1", "0", "1"), c("A", "G"))), GM11_SNP1 = structure(c(0, 
16, 735, 4, 0, 0, 0, 0), dim = c(4L, 2L), dimnames = list(c("-2", 
"-1", "0", "1"), c("A", "G"))), GM14_SNP1 = structure(c(0, 97, 
146, 824, 2, 0, 0, 0, 0, 1, 0, 0), dim = c(6L, 2L), dimnames = list(
    c("-3", "-2", "-1", "0", "1", "3"), c("C", "T"))), GM17_SNP1 = structure(c(0, 
0, 0, 0, 0, 0, 0, 0, 14, 937, 2, 0, 0, 0, 0, 0, 0, 0), dim = c(6L, 
3L), dimnames = list(c("-3", "-2", "-1", "0", "1", "2"), c("A", 
"C", "T"))), GM22_SNP1 = structure(c(0, 0, 110, 2096, 4, 0, 0, 
0, 0, 0, 0, 0, 0, 0, 0, 0, 0, 0), dim = c(6L, 3L), dimnames = list(
    c("-3", "-2", "-1", "0", "1", "2"), c("A", "G", "T"))), GM26_SNP1 = structure(c(0, 
17, 569, 0, 0, 0, 0, 0), dim = c(4L, 2L), dimnames = list(c("-2", 
"-1", "0", "1"), c("A", "G"))), GM29_SNP1 = structure(c(0, 0, 
7, 456, 0, 0, 0, 14, 472, 1), dim = c(5L, 2L), dimnames = list(
    c("-3", "-2", "-1", "0", "1"), c("A", "G"))), IM16_SNP1 = structure(c(0, 
228, 884, 3, 0, 0, 0, 0), dim = c(4L, 2L), dimnames = list(c("-2", 
"-1", "0", "1"), c("A", "G"))), IM49_SNP1 = structure(c(1, 1, 
58, 1, 0, 4, 82, 0), dim = c(4L, 2L), dimnames = list(c("-2", 
"-1", "0", "1"), c("C", "G"))), LR10_SNP1 = structure(c(0, 3, 
233, 1, 1, 35, 207, 0), dim = c(4L, 2L), dimnames = list(c("-2", 
"-1", "0", "1"), c("C", "T"))), LR11_SNP1 = structure(c(0, 59, 
236, 0, 0, 0, 5, 243, 5, 0, 0, 0, 0, 0, 0), dim = c(5L, 3L), dimnames = list(
    c("-2", "-1", "0", "1", "2"), c("A", "C", "T"))), LR17_SNP1 = structure(c(0, 
15, 805, 0, 0, 0, 0, 0), dim = c(4L, 2L), dimnames = list(c("-2", 
"-1", "0", "1"), c("A", "G"))), LR20_SNP1 = structure(c(1, 138, 
0, 0, 138, 0), dim = 3:2, dimnames = list(c("-1", "0", "1"), 
    c("A", "G"))), LR24_SNP1 = structure(c(0, 64, 0, 1, 79, 0
), dim = 3:2, dimnames = list(c("-1", "0", "1"), c("A", "G"))), 
    LR36_SNP1 = structure(c(0, 18, 83, 435, 12, 0, 0, 0, 0, 0, 
    0, 0, 0, 4, 62, 477, 5, 0), dim = c(6L, 3L), dimnames = list(
        c("-3", "-2", "-1", "0", "1", "2"), c("A", "C", "T"))), 
    LR40_SNP1 = structure(c(0, 51, 613, 0), dim = c(4L, 1L), dimnames = list(
        c("-2", "-1", "0", "1"), "C")), LR44_SNP1 = structure(c(0, 
    0, 0, 0, 0, 0, 0, 0, 0, 21, 54, 141, 1, 0), dim = c(7L, 2L
    ), dimnames = list(c("-4", "-3", "-2", "-1", "0", "1", "2"
    ), c("C", "T"))), LR46_SNP1 = structure(c(0, 0, 0, 0, 0, 
    111, 1535, 3, 0, 0, 0, 0), dim = 4:3, dimnames = list(c("-2", 
    "-1", "0", "1"), c("A", "G", "T"))), LR48_SNP1 = structure(c(0, 
    0, 38, 1194, 2, 0, 0, 0, 0, 0, 0, 0), dim = c(6L, 2L), dimnames = list(
        c("-3", "-2", "-1", "0", "1", "2"), c("C", "T"))), LR49_SNP1 = structure(c(0, 
    1, 403, 0, 0, 0, 0, 0, 0, 6, 423, 5, 0, 0, 0, 0), dim = c(4L, 
    4L), dimnames = list(c("-2", "-1", "0", "1"), c("A", "C", 
    "G", "T"))), LR52_SNP1 = structure(c(0, 0, 0, 0, 0, 0, 0, 
    52, 154, 690, 19, 0, 0, 0, 0, 3, 0, 0), dim = c(6L, 3L), dimnames = list(
        c("-3", "-2", "-1", "0", "1", "2"), c("A", "C", "T"))))
