Result <-
list(DEPDC2_SNP1 = structure(c(0, 0, 0, 69, 201, 0), dim = 3:2, dimnames = list(
    c("-1", "0", "1"), c("A", "T"))), GM01_SNP1 = structure(c(0, 
0, 0, 0, 0, 16, 521, 0, 0, 0, 0, 0), dim = 4:3, dimnames = list(
    c("-2", "-1", "0", "1"), c("-", "A", "G"))), GM07_SNP1 = structure(c(0, 
124, 130, 1, 0, 8, 91, 113, 0, 0), dim = c(5L, 2L), dimnames = list(
    c("-2", "-1", "0", "1", "2"), c("A", "G"))), GM09_SNP1 = structure(c(0, 
0, 2, 147), dim = c(2L, 2L), dimnames = list(c("-1", "0"), c("A", 
"G"))), GM11_SNP1 = structure(c(0, 31, 371, 1, 0, 0, 0, 0), dim = c(4L, 
2L), dimnames = list(c("-2", "-1", "0", "1"), c("A", "G"))), 
    GM14_SNP1 = structure(c(3, 116, 1, 152, 0, 0, 0, 32, 207, 
    0), dim = c(5L, 2L), dimnames = list(c("-3", "-2", "-1", 
    "0", "1"), c("C", "T"))), GM17_SNP1 = structure(c(0, 9, 263, 
    0, 0, 46, 220, 0), dim = c(4L, 2L), dimnames = list(c("-2", 
    "-1", "0", "1"), c("C", "T"))), GM22_SNP1 = structure(c(0, 
    0, 2, 567, 0, 0, 0, 0, 5, 483, 0, 0), dim = c(6L, 2L), dimnames = list(
        c("-3", "-2", "-1", "0", "1", "2"), c("A", "G"))), GM26_SNP1 = structure(c(2, 
    283, 0, 0, 0, 0), dim = 3:2, dimnames = list(c("-1", "0", 
    "1"), c("A", "G"))), GM29_SNP1 = structure(c(0, 0, 0, 0, 
    0, 1, 121, 363, 2, 0), dim = c(5L, 2L), dimnames = list(c("-2", 
    "-1", "0", "1", "2"), c("-", "A"))), IM16_SNP1 = structure(c(0, 
    3, 243, 3, 0, 0, 109, 127, 0, 0), dim = c(5L, 2L), dimnames = list(
        c("-2", "-1", "0", "1", "2"), c("A", "G"))), IM49_SNP1 = structure(c(1, 
    17, 27, 0, 0, 0, 37, 0), dim = c(4L, 2L), dimnames = list(
        c("-2", "-1", "0", "1"), c("C", "G"))), LR10_SNP1 = structure(c(0, 
    10, 43, 194, 1, 0, 0, 0, 0, 0), dim = c(5L, 2L), dimnames = list(
        c("-3", "-2", "-1", "0", "1"), c("C", "T"))), LR11_SNP1 = structure(c(0, 
    12, 223, 0, 0, 0, 1, 0), dim = c(4L, 2L), dimnames = list(
        c("-2", "-1", "0", "1"), c("A", "C"))), LR17_SNP1 = structure(c(3, 
    108, 122, 0, 0, 0, 0, 0), dim = c(4L, 2L), dimnames = list(
        c("-2", "-1", "0", "1"), c("A", "G"))), LR20_SNP1 = structure(c(0, 
    0, 0, 0, 0, 0, 2, 125, 0), dim = c(3L, 3L), dimnames = list(
        c("-1", "0", "1"), c("A", "C", "G"))), LR24_SNP1 = structure(c(0, 
    0, 20, 0, 0, 0, 28, 0), dim = c(4L, 2L), dimnames = list(
        c("-2", "-1", "0", "1"), c("A", "G"))), LR36_SNP1 = structure(c(0, 
    0, 0, 0, 0, 0, 13, 193, 2, 1, 0, 25, 210, 6, 0), dim = c(5L, 
    3L), dimnames = list(c("-2", "-1", "0", "1", "3"), c("-", 
    "A", "T"))), LR40_SNP1 = structure(c(0, 0, 0, 0, 1, 83, 271, 
    0), dim = c(4L, 2L), dimnames = list(c("-2", "-1", "0", "1"
    ), c("A", "C"))), LR44_SNP1 = structure(c(0, 1, 8, 41, 0, 
    0, 7, 24, 35, 0), dim = c(5L, 2L), dimnames = list(c("-3", 
    "-2", "-1", "0", "1"), c("C", "T"))), LR46_SNP1 = structure(c(0, 
    0, 0, 0, 0, 8, 392, 0, 0, 153, 205, 0), dim = 4:3, dimnames = list(
        c("-2", "-1", "0", "1"), c("-", "G", "T"))), LR48_SNP1 = structure(c(0, 
    0, 0, 0, 0, 0, 0, 1, 45, 657, 15, 0, 0, 0, 0, 1, 0, 0), dim = c(6L, 
    3L), dimnames = list(c("-3", "-2", "-1", "0", "1", "2"), 
        c("A", "C", "T"))), LR49_SNP1 = structure(c(0, 2, 2, 
    322, 0, 0), dim = 2:3, dimnames = list(c("-1", "0"), c("A", 
    "G", "T"))), LR52_SNP1 = structure(c(0, 0, 0, 10, 97, 108, 
    0, 3, 74, 21, 2, 2, 105, 0), dim = c(7L, 2L), dimnames = list(
        c("-5", "-4", "-3", "-2", "-1", "0", "1"), c("C", "T"
        ))))
