Result <-
list(DEPDC2_SNP1 = structure(c(0, 168, 0, 1, 129, 0), dim = 3:2, dimnames = list(
    c("-1", "0", "1"), c("C", "T"))), GM01_SNP1 = structure(c(0, 
0, 0, 0, 0, 0, 0, 0, 1, 901, 1, 0), dim = 4:3, dimnames = list(
    c("-1", "0", "1", "2"), c("A", "C", "G"))), GM07_SNP1 = structure(c(0, 
0, 0, 0, 0, 0, 0, 134, 211, 123, 0, 0), dim = c(6L, 2L), dimnames = list(
    c("-2", "-1", "0", "1", "2", "3"), c("A", "G"))), GM09_SNP1 = structure(c(0, 
0, 0, 0, 298, 0), dim = 3:2, dimnames = list(c("-1", "0", "1"
), c("A", "G"))), GM11_SNP1 = structure(c(0, 1, 0, 1, 426, 0), dim = 3:2, dimnames = list(
    c("-1", "0", "1"), c("A", "G"))), GM14_SNP1 = structure(c(0, 
0, 0, 0, 0, 0, 0, 0, 0, 8, 290, 0, 0, 0, 290, 0), dim = c(4L, 
4L), dimnames = list(c("-2", "-1", "0", "1"), c("-", "A", "C", 
"T"))), GM17_SNP1 = structure(c(0, 0, 189, 490, 0, 0, 0, 0, 0, 
0, 0, 0), dim = c(6L, 2L), dimnames = list(c("-3", "-2", "-1", 
"0", "1", "2"), c("C", "T"))), GM22_SNP1 = structure(c(0, 0, 
0, 0, 0, 0, 142, 1282, 0, 0, 0, 0, 1, 0, 0), dim = c(5L, 3L), dimnames = list(
    c("-2", "-1", "0", "1", "2"), c("-", "A", "G"))), GM26_SNP1 = structure(c(0, 
140, 0, 0, 0, 173, 0, 0), dim = c(4L, 2L), dimnames = list(c("-1", 
"0", "1", "2"), c("A", "G"))), GM29_SNP1 = structure(c(1, 142, 
427, 0, 0, 0, 0, 0, 0, 0, 0, 0), dim = 4:3, dimnames = list(c("-2", 
"-1", "0", "1"), c("A", "C", "G"))), IM16_SNP1 = structure(c(0, 
0, 261, 1, 0, 151, 107, 0), dim = c(4L, 2L), dimnames = list(
    c("-2", "-1", "0", "1"), c("A", "G"))), IM49_SNP1 = structure(c(0, 
7, 51, 0, 1, 1, 53, 0), dim = c(4L, 2L), dimnames = list(c("-2", 
"-1", "0", "1"), c("C", "G"))), LR10_SNP1 = structure(c(13, 448, 
0), dim = c(3L, 1L), dimnames = list(c("-1", "0", "1"), "T")), 
    LR11_SNP1 = structure(c(0, 127, 87, 0, 0, 0, 4, 174, 0, 0, 
    0, 0, 0, 0, 0, 0, 0, 0, 0, 0), dim = 5:4, dimnames = list(
        c("-2", "-1", "0", "1", "2"), c("A", "C", "G", "T"))), 
    LR17_SNP1 = structure(c(0, 2, 411, 0, 0, 0, 0, 0), dim = c(4L, 
    2L), dimnames = list(c("-2", "-1", "0", "1"), c("A", "G"))), 
    LR20_SNP1 = structure(c(9, 114, 0, 0, 90, 0), dim = 3:2, dimnames = list(
        c("-1", "0", "1"), c("A", "G"))), LR24_SNP1 = structure(c(1, 
    127, 0), dim = c(3L, 1L), dimnames = list(c("-1", "0", "1"
    ), "A")), LR36_SNP1 = structure(c(1, 135, 132, 231, 0, 0, 
    0, 0, 0, 0), dim = c(5L, 2L), dimnames = list(c("-3", "-2", 
    "-1", "0", "1"), c("A", "T"))), LR40_SNP1 = structure(c(0, 
    322, 1), dim = c(3L, 1L), dimnames = list(c("-1", "0", "1"
    ), "C")), LR44_SNP1 = structure(c(0, 28, 63, 60, 0, 0, 0, 
    0, 1, 0), dim = c(5L, 2L), dimnames = list(c("-3", "-2", 
    "-1", "0", "1"), c("C", "T"))), LR46_SNP1 = structure(c(0, 
    0, 0, 0, 0, 0, 0, 0, 0, 0, 428, 0, 0, 250, 175, 0), dim = c(4L, 
    4L), dimnames = list(c("-2", "-1", "0", "1"), c("A", "C", 
    "G", "T"))), LR48_SNP1 = structure(c(0, 0, 0, 0, 0, 0, 0, 
    0, 0, 1, 0, 0, 0, 0, 2, 882, 1, 0), dim = c(6L, 3L), dimnames = list(
        c("-3", "-2", "-1", "0", "1", "2"), c("A", "C", "T"))), 
    LR49_SNP1 = structure(c(0, 1, 0, 2, 411, 0), dim = 3:2, dimnames = list(
        c("-1", "0", "1"), c("A", "G"))), LR52_SNP1 = structure(c(1, 
    4, 130, 120, 0, 0, 0, 6, 26, 218, 0, 0), dim = c(6L, 2L), dimnames = list(
        c("-3", "-2", "-1", "0", "1", "2"), c("C", "T"))))
