Result <-
list(DEPDC2_SNP1 = structure(c(0, 0, 0, 1, 358, 0), dim = 3:2, dimnames = list(
    c("-1", "0", "1"), c("A", "T"))), GM01_SNP1 = structure(c(1, 
227, 0, 19, 715, 1), dim = 3:2, dimnames = list(c("-1", "0", 
"1"), c("A", "G"))), GM07_SNP1 = structure(c(0, 0, 181, 168, 
2, 0, 0, 0, 207, 149, 0, 0), dim = c(6L, 2L), dimnames = list(
    c("-3", "-2", "-1", "0", "1", "2"), c("A", "G"))), GM09_SNP1 = structure(c(3, 
363, 0), dim = c(3L, 1L), dimnames = list(c("-1", "0", "1"), 
    "G")), GM11_SNP1 = structure(c(0, 16, 249, 0, 0, 2, 275, 
5), dim = c(4L, 2L), dimnames = list(c("-2", "-1", "0", "1"), 
    c("A", "G"))), GM14_SNP1 = structure(c(0, 0, 4, 475, 1, 0, 
0, 37, 211, 187, 0, 0), dim = c(6L, 2L), dimnames = list(c("-3", 
"-2", "-1", "0", "1", "3"), c("C", "T"))), GM17_SNP1 = structure(c(0, 
0, 0, 0, 0, 5, 414, 1, 0, 1, 390, 0), dim = 4:3, dimnames = list(
    c("-2", "-1", "0", "1"), c("A", "C", "T"))), GM22_SNP1 = structure(c(0, 
6, 1705, 2, 0, 0, 0, 0, 0, 0), dim = c(5L, 2L), dimnames = list(
    c("-2", "-1", "0", "1", "2"), c("A", "G"))), GM26_SNP1 = structure(c(3, 
432, 0), dim = c(3L, 1L), dimnames = list(c("-1", "0", "1"), 
    "A")), GM29_SNP1 = structure(c(0, 0, 0, 0, 0, 0, 0, 3, 723, 
0, 0, 0, 0, 0, 0), dim = c(5L, 3L), dimnames = list(c("-3", "-2", 
"-1", "0", "1"), c("-", "A", "G"))), IM16_SNP1 = structure(c(0, 
0, 0, 0, 0, 0, 0, 201, 440, 42, 0, 0), dim = c(6L, 2L), dimnames = list(
    c("-2", "-1", "0", "1", "2", "3"), c("A", "G"))), IM49_SNP1 = structure(c(9, 
18, 104, 1, 0, 0, 0, 0, 0, 0), dim = c(5L, 2L), dimnames = list(
    c("-2", "-1", "0", "1", "2"), c("C", "G"))), LR10_SNP1 = structure(c(0, 
0, 210, 0, 2, 100, 102, 0), dim = c(4L, 2L), dimnames = list(
    c("-2", "-1", "0", "1"), c("C", "T"))), LR11_SNP1 = structure(c(0, 
0, 0, 0, 0, 2, 291, 0, 0, 2, 210, 0), dim = 4:3, dimnames = list(
    c("-2", "-1", "0", "1"), c("-", "A", "C"))), LR17_SNP1 = structure(c(1, 
104, 192, 304, 0, 0, 0, 0, 0, 0, 0, 0), dim = c(6L, 2L), dimnames = list(
    c("-3", "-2", "-1", "0", "1", "2"), c("A", "G"))), LR20_SNP1 = structure(c(0, 
111, 0, 0, 121, 0), dim = 3:2, dimnames = list(c("-1", "0", "1"
), c("A", "G"))), LR24_SNP1 = structure(c(0, 60, 0, 68), dim = c(2L, 
2L), dimnames = list(c("-1", "0"), c("A", "G"))), LR36_SNP1 = structure(c(0, 
2, 180, 2, 152, 0, 0, 0, 5, 181, 191, 0), dim = c(6L, 2L), dimnames = list(
    c("-5", "-3", "-2", "-1", "0", "1"), c("A", "T"))), LR40_SNP1 = structure(c(0, 
128, 378, 0), dim = c(4L, 1L), dimnames = list(c("-2", "-1", 
"0", "1"), "C")), LR44_SNP1 = structure(c(0, 58, 42, 100, 0), dim = c(5L, 
1L), dimnames = list(c("-3", "-2", "-1", "0", "1"), "C")), LR46_SNP1 = structure(c(0, 
0, 0, 0, 2, 641, 0, 0, 10, 588, 1, 0), dim = 4:3, dimnames = list(
    c("-1", "0", "1", "2"), c("-", "G", "T"))), LR48_SNP1 = structure(c(0, 
1, 209, 718, 4, 0), dim = c(6L, 1L), dimnames = list(c("-3", 
"-2", "-1", "0", "1", "2"), "C")), LR49_SNP1 = structure(c(0, 
1, 161, 434), dim = c(2L, 2L), dimnames = list(c("-1", "0"), 
    c("A", "G"))), LR52_SNP1 = structure(c(0, 0, 0, 0, 0, 0, 
0, 13, 163, 8, 142, 0, 0, 1, 27, 139, 150, 0), dim = c(6L, 3L
), dimnames = list(c("-4", "-3", "-2", "-1", "0", "1"), c("A", 
"C", "T"))))
