Result <-
list(DEPDC2_SNP1 = structure(c(0, 0, 0, 0, 0, 201, 14, 0), dim = c(4L, 
2L), dimnames = list(c("-1", "0", "1", "2"), c("C", "T"))), GM01_SNP1 = structure(c(0, 
215, 0, 0, 203, 0), dim = 3:2, dimnames = list(c("-1", "0", "1"
), c("A", "G"))), GM07_SNP1 = structure(c(0, 0, 0, 0, 0, 7, 16, 
160, 1, 0, 0, 30, 156, 2, 0), dim = c(5L, 3L), dimnames = list(
    c("-2", "-1", "0", "1", "2"), c("-", "A", "G"))), GM09_SNP1 = structure(c(0, 
0, 0, 0, 179, 0), dim = 3:2, dimnames = list(c("-1", "0", "1"
), c("A", "G"))), GM11_SNP1 = structure(c(2, 129, 0, 14, 111, 
0), dim = 3:2, dimnames = list(c("-1", "0", "1"), c("A", "G"))), 
    GM14_SNP1 = structure(c(0, 2, 29, 18, 509, 5, 0, 0, 0, 0, 
    0, 0), dim = c(6L, 2L), dimnames = list(c("-4", "-3", "-2", 
    "-1", "0", "1"), c("C", "T"))), GM17_SNP1 = structure(c(0, 
    0, 0, 0, 0, 2, 187, 0, 2, 30, 175, 0), dim = 4:3, dimnames = list(
        c("-2", "-1", "0", "1"), c("-", "C", "T"))), GM22_SNP1 = structure(c(0, 
    0, 1, 449, 0, 0, 0, 1, 385, 0, 0, 0, 0, 0, 0), dim = c(5L, 
    3L), dimnames = list(c("-3", "-2", "-1", "0", "1"), c("A", 
    "G", "T"))), GM26_SNP1 = structure(c(15, 96, 0, 1, 121, 0
    ), dim = 3:2, dimnames = list(c("-1", "0", "1"), c("A", "G"
    ))), GM29_SNP1 = structure(c(0, 0, 7, 489, 0, 0, 0, 0, 0, 
    0, 0, 0, 0, 0, 0), dim = c(5L, 3L), dimnames = list(c("-3", 
    "-2", "-1", "0", "1"), c("A", "G", "T"))), IM16_SNP1 = structure(c(0, 
    0, 0, 0, 0, 63, 275, 1), dim = c(4L, 2L), dimnames = list(
        c("-2", "-1", "0", "1"), c("A", "G"))), IM49_SNP1 = structure(c(0, 
    0, 0, 0, 0, 14, 56, 0), dim = c(4L, 2L), dimnames = list(
        c("-2", "-1", "0", "1"), c("C", "G"))), LR10_SNP1 = structure(c(0, 
    0, 0, 0, 0, 0, 0, 0, 1, 1, 174, 0), dim = 4:3, dimnames = list(
        c("-2", "-1", "0", "1"), c("A", "C", "T"))), LR11_SNP1 = structure(c(0, 
    3, 205, 0), dim = c(4L, 1L), dimnames = list(c("-2", "-1", 
    "0", "1"), "C")), LR17_SNP1 = structure(c(0, 0, 8, 339, 1, 
    0, 0, 0, 0, 0, 0, 0), dim = c(6L, 2L), dimnames = list(c("-3", 
    "-2", "-1", "0", "1", "2"), c("A", "G"))), LR20_SNP1 = structure(c(110, 
    0, 0, 0), dim = c(2L, 2L), dimnames = list(c("0", "1"), c("G", 
    "T"))), LR24_SNP1 = structure(c(0, 117, 0, 0, 0, 0), dim = 3:2, dimnames = list(
        c("-1", "0", "1"), c("A", "G"))), LR36_SNP1 = structure(c(0, 
    0, 4, 35, 169, 0, 0, 0, 0, 0, 0, 0, 0, 1, 26, 1, 182, 0), dim = c(6L, 
    3L), dimnames = list(c("-4", "-3", "-2", "-1", "0", "1"), 
        c("A", "C", "T"))), LR40_SNP1 = structure(c(0, 0, 0, 
    0, 22, 203, 0, 0), dim = c(4L, 2L), dimnames = list(c("-1", 
    "0", "1", "2"), c("A", "C"))), LR44_SNP1 = structure(c(0, 
    2, 96, 0, 0, 0, 0, 0, 0, 0), dim = c(5L, 2L), dimnames = list(
        c("-2", "-1", "0", "1", "2"), c("C", "T"))), LR46_SNP1 = structure(c(0, 
    0, 0, 0, 0, 0, 2, 371, 0, 0, 325, 0), dim = 3:4, dimnames = list(
        c("-1", "0", "1"), c("-", "A", "G", "T"))), LR48_SNP1 = structure(c(0, 
    0, 0, 0, 0, 0, 8, 243, 0, 0, 0, 0, 218, 28, 0), dim = c(5L, 
    3L), dimnames = list(c("-2", "-1", "0", "1", "2"), c("A", 
    "C", "T"))), LR49_SNP1 = structure(c(2, 3, 198, 0, 0, 1, 
    230, 0), dim = c(4L, 2L), dimnames = list(c("-2", "-1", "0", 
    "1"), c("A", "G"))), LR52_SNP1 = structure(c(0, 0, 0, 0, 
    0, 0, 0, 0, 0, 0, 0, 0, 0, 4, 56, 289, 0, 0, 0, 0, 0, 0, 
    0, 0), dim = c(6L, 4L), dimnames = list(c("-3", "-2", "-1", 
    "0", "1", "2"), c("-", "A", "C", "T"))))
