Result <-
list(DEPDC2_SNP1 = structure(c(0, 0, 0, 0, 0, 1, 615, 0), dim = c(4L, 
2L), dimnames = list(c("-2", "-1", "0", "1"), c("G", "T"))), 
    GM01_SNP1 = structure(c(0, 0, 389, 0, 0, 1, 426, 0), dim = c(4L, 
    2L), dimnames = list(c("-2", "-1", "0", "1"), c("A", "G"))), 
    GM07_SNP1 = structure(c(0, 0, 0, 0, 0, 0, 0, 6, 553, 2, 0, 
    0, 0, 2, 343, 1, 0, 0), dim = c(6L, 3L), dimnames = list(
        c("-2", "-1", "0", "1", "2", "3"), c("-", "A", "G"))), 
    GM09_SNP1 = structure(c(0, 0, 0, 0, 0, 0, 218, 0), dim = c(4L, 
    2L), dimnames = list(c("-2", "-1", "0", "1"), c("A", "G"))), 
    GM11_SNP1 = structure(c(0, 0, 0, 0, 0, 251, 0, 0, 1, 247, 
    1, 0), dim = 4:3, dimnames = list(c("-1", "0", "1", "2"), 
        c("-", "A", "G"))), GM14_SNP1 = structure(c(0, 0, 1, 
    386, 0, 0, 0, 0, 403, 0), dim = c(5L, 2L), dimnames = list(
        c("-3", "-2", "-1", "0", "1"), c("C", "T"))), GM17_SNP1 = structure(c(0, 
    1, 309, 1, 0, 0, 284, 0), dim = c(4L, 2L), dimnames = list(
        c("-2", "-1", "0", "1"), c("C", "T"))), GM22_SNP1 = structure(c(0, 
    2, 812, 2, 0, 1, 713, 0), dim = c(4L, 2L), dimnames = list(
        c("-2", "-1", "0", "1"), c("A", "G"))), GM26_SNP1 = structure(c(0, 
    1, 412, 0, 0, 0, 0, 0), dim = c(4L, 2L), dimnames = list(
        c("-2", "-1", "0", "1"), c("A", "G"))), GM29_SNP1 = structure(c(0, 
    0, 0, 386, 0, 0, 0, 1, 367, 0, 0, 0, 0, 0, 0), dim = c(5L, 
    3L), dimnames = list(c("-3", "-2", "-1", "0", "1"), c("A", 
    "G", "T"))), IM16_SNP1 = structure(c(0, 0, 0, 0, 0, 0, 2, 
    471, 1, 0, 0, 0, 1, 0, 0), dim = c(5L, 3L), dimnames = list(
        c("-2", "-1", "0", "1", "2"), c("A", "G", "T"))), IM49_SNP1 = structure(c(1, 
    41, 0, 0, 59, 0), dim = 3:2, dimnames = list(c("-1", "0", 
    "1"), c("C", "G"))), LR10_SNP1 = structure(c(1, 175, 0, 0, 
    0, 178, 0, 0), dim = c(4L, 2L), dimnames = list(c("-1", "0", 
    "1", "2"), c("C", "T"))), LR11_SNP1 = structure(c(2, 200, 
    0, 0, 135, 0), dim = 3:2, dimnames = list(c("-1", "0", "1"
    ), c("A", "C"))), LR17_SNP1 = structure(c(0, 0, 4, 496, 0, 
    0, 0, 0, 0, 0, 0, 0, 0, 0, 0), dim = c(5L, 3L), dimnames = list(
        c("-3", "-2", "-1", "0", "1"), c("A", "G", "T"))), LR20_SNP1 = structure(c(0, 
    107, 0, 0, 111, 0), dim = 3:2, dimnames = list(c("-1", "0", 
    "1"), c("A", "G"))), LR24_SNP1 = structure(c(0, 133), dim = 1:2, dimnames = list(
        "0", c("A", "G"))), LR36_SNP1 = structure(c(0, 0, 1, 
    346, 1, 0, 0, 4, 360, 0), dim = c(5L, 2L), dimnames = list(
        c("-3", "-2", "-1", "0", "1"), c("A", "T"))), LR40_SNP1 = structure(c(0, 
    396, 1, 0), dim = c(4L, 1L), dimnames = list(c("-1", "0", 
    "1", "2"), "C")), LR44_SNP1 = structure(c(0, 4, 160, 0, 0, 
    1, 0), dim = c(7L, 1L), dimnames = list(c("-2", "-1", "0", 
    "1", "2", "3", "4"), "T")), LR46_SNP1 = structure(c(0, 641, 
    1, 0, 249, 0), dim = 3:2, dimnames = list(c("-1", "0", "1"
    ), c("G", "T"))), LR48_SNP1 = structure(c(0, 0, 0, 0, 0, 
    0, 0, 0, 0, 0, 0, 0, 0, 0, 5, 863, 1, 0, 0, 0, 0, 0, 0, 0
    ), dim = c(6L, 4L), dimnames = list(c("-3", "-2", "-1", "0", 
    "1", "2"), c("-", "A", "C", "T"))), LR49_SNP1 = structure(c(0, 
    368, 0, 0, 0, 0), dim = 3:2, dimnames = list(c("-1", "0", 
    "1"), c("A", "G"))), LR52_SNP1 = structure(c(0, 0, 0, 0, 
    0, 0, 0, 0, 2, 18, 707, 1, 0, 0, 0, 0, 3, 0), dim = c(6L, 
    3L), dimnames = list(c("-4", "-3", "-2", "-1", "0", "1"), 
        c("A", "C", "T"))))
