Result <-
list(DEPDC2_SNP1 = structure(c(0, 0, 0, 0, 192, 0, 130, 0, 0, 
1, 311, 2), dim = 4:3, dimnames = list(c("-2", "-1", "0", "1"
), c("A", "C", "T"))), GM01_SNP1 = structure(c(0, 0, 332, 887, 
0, 0, 0, 0, 0, 0, 0, 0), dim = c(6L, 2L), dimnames = list(c("-3", 
"-2", "-1", "0", "1", "2"), c("A", "G"))), GM07_SNP1 = structure(c(0, 
0, 0, 0, 0, 1, 294, 594, 3, 0), dim = c(5L, 2L), dimnames = list(
    c("-2", "-1", "0", "1", "2"), c("A", "G"))), GM09_SNP1 = structure(c(0, 
0, 0, 2, 485, 0), dim = 3:2, dimnames = list(c("-1", "0", "1"
), c("A", "G"))), GM11_SNP1 = structure(c(2, 207, 437, 0, 0, 
0, 0, 0), dim = c(4L, 2L), dimnames = list(c("-2", "-1", "0", 
"1"), c("A", "T"))), GM14_SNP1 = structure(c(0, 0, 0, 0, 0, 0, 
10, 301, 594, 7, 0, 0, 0, 0, 0), dim = c(5L, 3L), dimnames = list(
    c("-3", "-2", "-1", "0", "1"), c("A", "C", "T"))), GM17_SNP1 = structure(c(14, 
337, 2, 6, 334, 0), dim = 3:2, dimnames = list(c("-1", "0", "1"
), c("C", "T"))), GM22_SNP1 = structure(c(0, 0, 9, 1102, 0, 0, 
0, 0, 0, 0, 0, 0, 11, 973, 0, 0, 0, 0, 0, 0), dim = 5:4, dimnames = list(
    c("-3", "-2", "-1", "0", "1"), c("A", "C", "G", "T"))), GM26_SNP1 = structure(c(5, 
258, 0, 2, 253, 0), dim = 3:2, dimnames = list(c("-1", "0", "1"
), c("A", "G"))), GM29_SNP1 = structure(c(0, 1, 391, 0, 0, 7, 
346, 0, 0, 0, 0, 0), dim = 4:3, dimnames = list(c("-2", "-1", 
"0", "1"), c("A", "G", "T"))), IM16_SNP1 = structure(c(0, 0, 
0, 0, 0, 0, 0, 0, 0, 0, 0, 269, 640, 4, 0), dim = c(5L, 3L), dimnames = list(
    c("-2", "-1", "0", "1", "2"), c("A", "C", "G"))), IM49_SNP1 = structure(c(4, 
27, 7, 47, 1, 0, 0, 0, 0, 0), dim = c(5L, 2L), dimnames = list(
    c("-3", "-2", "-1", "0", "1"), c("C", "G"))), LR10_SNP1 = structure(c(0, 
0, 0, 0, 0, 0, 10, 199, 476, 4, 0, 0, 0, 0, 0, 0, 0, 0, 0, 0), dim = 5:4, dimnames = list(
    c("-3", "-2", "-1", "0", "1"), c("-", "C", "G", "T"))), LR11_SNP1 = structure(c(0, 
9, 153, 123, 0, 0, 0, 3, 124, 83, 0, 0, 0, 0, 0, 0, 0, 0, 0, 
0, 0, 0, 0, 0), dim = c(6L, 4L), dimnames = list(c("-4", "-2", 
"-1", "0", "1", "2"), c("A", "C", "G", "T"))), LR17_SNP1 = structure(c(0, 
0, 0, 0, 0, 0, 2, 163, 8, 438, 0, 0, 0, 0, 0, 0, 0, 0), dim = c(6L, 
3L), dimnames = list(c("-3", "-2", "-1", "0", "1", "2"), c("-", 
"A", "G"))), LR20_SNP1 = structure(c(0, 158, 0, 0, 141, 0), dim = 3:2, dimnames = list(
    c("-1", "0", "1"), c("A", "G"))), LR24_SNP1 = structure(c(0, 
0, 0, 0, 0, 0, 0, 0, 2, 44, 203, 0), dim = 4:3, dimnames = list(
    c("-2", "-1", "0", "1"), c("-", "A", "G"))), LR36_SNP1 = structure(c(0, 
0, 0, 0, 0, 0, 0, 0, 0, 0, 1, 6, 83, 625, 0), dim = c(5L, 3L), dimnames = list(
    c("-3", "-2", "-1", "0", "1"), c("A", "C", "T"))), LR40_SNP1 = structure(c(0, 
0, 0, 0, 0, 139, 376, 0), dim = c(4L, 2L), dimnames = list(c("-2", 
"-1", "0", "1"), c("A", "C"))), LR44_SNP1 = structure(c(0, 0, 
0, 1, 0, 1, 32, 69, 75, 0, 0, 0, 2, 0, 0), dim = c(5L, 3L), dimnames = list(
    c("-3", "-2", "-1", "0", "1"), c("A", "C", "T"))), LR46_SNP1 = structure(c(0, 
0, 0, 0, 0, 0, 0, 0, 0, 0, 0, 0, 0, 0, 0, 0, 9, 1385, 2, 0, 0, 
0, 0, 0, 0), dim = c(5L, 5L), dimnames = list(c("-2", "-1", "0", 
"1", "2"), c("-", "A", "C", "G", "T"))), LR48_SNP1 = structure(c(0, 
0, 0, 0, 0, 1, 106, 1108, 6, 0, 0, 0, 0, 0, 0), dim = c(5L, 3L
), dimnames = list(c("-2", "-1", "0", "1", "2"), c("A", "C", 
"T"))), LR49_SNP1 = structure(c(4, 240, 517, 0, 0, 0, 0, 0), dim = c(4L, 
2L), dimnames = list(c("-2", "-1", "0", "1"), c("A", "G"))), 
    LR52_SNP1 = structure(c(0, 0, 0, 0, 0, 0, 3, 213, 31, 195, 
    308, 2), dim = c(6L, 2L), dimnames = list(c("-4", "-3", "-2", 
    "-1", "0", "1"), c("C", "T"))))
