Result <-
list(DEPDC2_SNP1 = structure(c(0, 0, 0, 0, 0, 0, 0, 0, 91, 0, 
0, 0, 52, 50, 0), dim = c(5L, 3L), dimnames = list(c("-3", "-2", 
"-1", "0", "1"), c("A", "C", "T"))), GM01_SNP1 = structure(c(1, 
135, 282, 0, 0, 0, 1, 0), dim = c(4L, 2L), dimnames = list(c("-2", 
"-1", "0", "1"), c("A", "G"))), GM07_SNP1 = structure(c(0, 0, 
6, 162, 1, 0, 0, 36, 18, 114, 0, 0, 0, 0, 0, 0, 0, 0), dim = c(6L, 
3L), dimnames = list(c("-3", "-2", "-1", "0", "1", "2"), c("A", 
"G", "T"))), GM09_SNP1 = structure(c(1, 60, 1, 1, 56, 0), dim = 3:2, dimnames = list(
    c("-1", "0", "1"), c("A", "G"))), GM11_SNP1 = structure(c(0, 
17, 84, 0, 0, 1, 100, 0, 0, 0, 1, 0), dim = 4:3, dimnames = list(
    c("-2", "-1", "0", "1"), c("A", "G", "T"))), GM14_SNP1 = structure(c(0, 
0, 0, 0, 0, 0, 0, 1, 6, 218, 1, 0, 0, 0, 20, 210, 1, 0), dim = c(6L, 
3L), dimnames = list(c("-4", "-2", "-1", "0", "1", "2"), c("A", 
"C", "T"))), GM17_SNP1 = structure(c(0, 2, 165, 0, 0, 3, 151, 
0), dim = c(4L, 2L), dimnames = list(c("-2", "-1", "0", "1"), 
    c("C", "T"))), GM22_SNP1 = structure(c(0, 0, 362, 0, 0, 0, 
0, 0, 0, 1, 391, 0, 0, 0, 0, 0), dim = c(4L, 4L), dimnames = list(
    c("-2", "-1", "0", "1"), c("A", "C", "G", "T"))), GM26_SNP1 = structure(c(0, 
2, 0, 0, 0, 143, 24, 0), dim = c(4L, 2L), dimnames = list(c("-1", 
"0", "1", "2"), c("A", "G"))), GM29_SNP1 = structure(c(0, 0, 
0, 0, 0, 0, 0, 0, 0, 0, 8, 0, 0, 0, 0, 88, 303, 0), dim = c(6L, 
3L), dimnames = list(c("-4", "-3", "-2", "-1", "0", "1"), c("-", 
"A", "G"))), IM16_SNP1 = structure(c(0, 0, 2, 0, 32, 2, 235, 
1, 0, 0, 0, 0), dim = 4:3, dimnames = list(c("-2", "-1", "0", 
"1"), c("A", "G", "T"))), IM49_SNP1 = structure(c(0, 0, 26, 0, 
6, 0, 24, 0), dim = c(4L, 2L), dimnames = list(c("-2", "-1", 
"0", "1"), c("C", "G"))), LR10_SNP1 = structure(c(12, 145, 0, 
0, 0, 0), dim = 3:2, dimnames = list(c("-1", "0", "1"), c("C", 
"T"))), LR11_SNP1 = structure(c(0, 3, 88, 0, 0, 10, 77, 0, 0, 
0, 0, 0), dim = 4:3, dimnames = list(c("-2", "-1", "0", "1"), 
    c("A", "C", "T"))), LR17_SNP1 = structure(c(0, 0, 117, 295, 
3, 0, 0, 0, 0, 0, 0, 0), dim = c(6L, 2L), dimnames = list(c("-3", 
"-2", "-1", "0", "1", "2"), c("A", "G"))), LR20_SNP1 = structure(c(1, 
109, 0), dim = c(3L, 1L), dimnames = list(c("-1", "0", "1"), 
    "A")), LR24_SNP1 = structure(c(2, 16, 90, 0), dim = c(4L, 
1L), dimnames = list(c("-2", "-1", "0", "1"), "A")), LR36_SNP1 = structure(c(0, 
0, 0, 0, 0, 0, 0, 0, 0, 46, 0, 269, 0, 0, 0, 0, 0, 0, 2, 0, 0
), dim = c(7L, 3L), dimnames = list(c("-4", "-3", "-2", "-1", 
"0", "1", "2"), c("-", "A", "T"))), LR40_SNP1 = structure(c(0, 
114, 0, 0, 99, 0, 0, 0, 0, 0, 0, 0), dim = 3:4, dimnames = list(
    c("-1", "0", "1"), c("A", "C", "G", "T"))), LR44_SNP1 = structure(c(0, 
2, 5, 21, 0, 0, 0, 3, 34, 0), dim = c(5L, 2L), dimnames = list(
    c("-3", "-2", "-1", "0", "1"), c("C", "T"))), LR46_SNP1 = structure(c(2, 
260, 0, 46, 203, 0), dim = 3:2, dimnames = list(c("-1", "0", 
"1"), c("G", "T"))), LR48_SNP1 = structure(c(0, 0, 0, 0, 0, 0, 
0, 5, 123, 126, 0, 0, 0, 18, 50, 117, 0, 0), dim = c(6L, 3L), dimnames = list(
    c("-3", "-2", "-1", "0", "1", "2"), c("A", "C", "T"))), LR49_SNP1 = structure(c(1, 
65, 326, 0, 0, 0, 0, 0, 0, 0, 0, 0), dim = 4:3, dimnames = list(
    c("-2", "-1", "0", "1"), c("A", "G", "T"))), LR52_SNP1 = structure(c(0, 
0, 0, 0, 0, 0, 0, 4, 33, 35, 149, 0, 0, 0, 0, 0, 0, 0), dim = c(6L, 
3L), dimnames = list(c("-4", "-3", "-2", "-1", "0", "1"), c("-", 
"C", "T"))))
