Result <-
list(DEPDC2_SNP1 = structure(c(0, 0, 112, 1, 0, 126, 0, 0), dim = c(4L, 
2L), dimnames = list(c("-1", "0", "1", "2"), c("C", "T"))), GM01_SNP1 = structure(c(0, 
1, 524, 0, 0, 0, 0, 555, 0, 0), dim = c(5L, 2L), dimnames = list(
    c("-2", "-1", "0", "1", "2"), c("A", "G"))), GM07_SNP1 = structure(c(0, 
4, 229, 1, 0, 0, 1, 272, 0, 0), dim = c(5L, 2L), dimnames = list(
    c("-2", "-1", "0", "1", "2"), c("A", "G"))), GM09_SNP1 = structure(c(0, 
589, 0, 0, 0, 0, 0, 0, 0), dim = c(3L, 3L), dimnames = list(c("-1", 
"0", "1"), c("A", "G", "T"))), GM11_SNP1 = structure(c(1, 379, 
2), dim = c(3L, 1L), dimnames = list(c("-1", "0", "1"), "A")), 
    GM14_SNP1 = structure(c(0, 0, 0, 0, 0, 0, 0, 0, 0, 510, 0, 
    0, 0, 0, 0, 462, 0, 0), dim = c(6L, 3L), dimnames = list(
        c("-3", "-2", "-1", "0", "1", "2"), c("A", "C", "T"))), 
    GM17_SNP1 = structure(c(0, 2, 298, 0, 0, 2, 297, 0), dim = c(4L, 
    2L), dimnames = list(c("-2", "-1", "0", "1"), c("C", "T"))), 
    GM22_SNP1 = structure(c(0, 0, 849, 0, 0, 1, 771, 0), dim = c(4L, 
    2L), dimnames = list(c("-2", "-1", "0", "1"), c("A", "G"))), 
    GM26_SNP1 = structure(c(0, 158, 0, 1, 180, 0, 0, 0, 0), dim = c(3L, 
    3L), dimnames = list(c("-1", "0", "1"), c("A", "G", "T"))), 
    GM29_SNP1 = structure(c(0, 0, 2, 338, 0, 0, 0, 0, 317, 0, 
    0, 0, 0, 0, 0), dim = c(5L, 3L), dimnames = list(c("-3", 
    "-2", "-1", "0", "1"), c("A", "G", "T"))), IM16_SNP1 = structure(c(0, 
    523, 1, 0, 0, 0), dim = 3:2, dimnames = list(c("-1", "0", 
    "1"), c("G", "T"))), IM49_SNP1 = structure(c(0, 0, 62, 0, 
    0, 0, 46, 0), dim = c(4L, 2L), dimnames = list(c("-2", "-1", 
    "0", "1"), c("C", "G"))), LR10_SNP1 = structure(c(0, 0, 0, 
    3, 506, 0), dim = 3:2, dimnames = list(c("-1", "0", "1"), 
        c("C", "T"))), LR11_SNP1 = structure(c(0, 0, 0, 0, 0, 
    0, 0, 0, 1, 566, 0, 0, 0, 0, 0, 0, 0, 0), dim = c(6L, 3L), dimnames = list(
        c("-3", "-2", "-1", "0", "1", "2"), c("A", "C", "T"))), 
    LR17_SNP1 = structure(c(0, 2, 778, 0, 0, 0, 0, 0, 0, 0, 0, 
    0), dim = 4:3, dimnames = list(c("-2", "-1", "0", "1"), c("A", 
    "G", "T"))), LR20_SNP1 = structure(c(0, 215, 0), dim = c(3L, 
    1L), dimnames = list(c("-1", "0", "1"), "A")), LR24_SNP1 = structure(c(0, 
    115, 0, 0, 0, 0, 0, 110, 0), dim = c(3L, 3L), dimnames = list(
        c("-1", "0", "1"), c("A", "C", "G"))), LR36_SNP1 = structure(c(0, 
    0, 0, 0, 0, 0, 0, 0, 0, 0, 0, 0, 0, 0, 0, 0, 0, 0, 0, 0, 
    1, 668, 1, 0), dim = c(6L, 4L), dimnames = list(c("-3", "-2", 
    "-1", "0", "1", "2"), c("A", "C", "G", "T"))), LR40_SNP1 = structure(c(0, 
    142, 0, 0, 145, 0), dim = 3:2, dimnames = list(c("-1", "0", 
    "1"), c("A", "C"))), LR44_SNP1 = structure(c(1, 162, 0, 0, 
    1, 0, 0, 2, 0), dim = c(3L, 3L), dimnames = list(c("-1", 
    "0", "1"), c("C", "G", "T"))), LR46_SNP1 = structure(c(0, 
    0, 0, 0, 0, 0, 614, 0, 0, 0, 539, 0), dim = 4:3, dimnames = list(
        c("-2", "-1", "0", "1"), c("A", "G", "T"))), LR48_SNP1 = structure(c(0, 
    3, 1028, 0, 0, 0, 0, 0, 0, 0), dim = c(5L, 2L), dimnames = list(
        c("-2", "-1", "0", "1", "2"), c("C", "T"))), LR49_SNP1 = structure(c(0, 
    195, 1, 173), dim = c(2L, 2L), dimnames = list(c("-1", "0"
    ), c("A", "G"))), LR52_SNP1 = structure(c(0, 0, 0, 0, 0, 
    0, 0, 0, 0, 0, 0, 0, 0, 2, 12, 604, 2, 0), dim = c(6L, 3L
    ), dimnames = list(c("-3", "-2", "-1", "0", "1", "2"), c("A", 
    "C", "T"))))
