Result <-
list(DEPDC2_SNP1 = structure(c(0, 0, 0, 0, 0, 0, 0, 0, 0, 0, 
367, 0), dim = 4:3, dimnames = list(c("-2", "-1", "0", "1"), 
    c("A", "C", "T"))), GM01_SNP1 = structure(c(0, 0, 421, 0, 
0, 0, 0, 632, 0, 0), dim = c(5L, 2L), dimnames = list(c("-2", 
"-1", "0", "1", "2"), c("A", "G"))), GM07_SNP1 = structure(c(0, 
0, 0, 0, 0, 0, 1, 505, 3, 0), dim = c(5L, 2L), dimnames = list(
    c("-2", "-1", "0", "1", "2"), c("A", "G"))), GM09_SNP1 = structure(c(0, 
181, 0, 0, 162, 0, 0, 0, 0), dim = c(3L, 3L), dimnames = list(
    c("-1", "0", "1"), c("A", "G", "T"))), GM11_SNP1 = structure(c(0, 
0, 168, 0, 0, 0, 279, 0, 0, 0, 0, 0), dim = 4:3, dimnames = list(
    c("-2", "-1", "0", "1"), c("A", "G", "T"))), GM14_SNP1 = structure(c(0, 
0, 1, 0, 0, 2, 468, 0, 0, 0, 317, 1), dim = 4:3, dimnames = list(
    c("-2", "-1", "0", "1"), c("A", "C", "T"))), GM17_SNP1 = structure(c(0, 
0, 0, 0, 686, 0), dim = 3:2, dimnames = list(c("-1", "0", "1"
), c("C", "T"))), GM22_SNP1 = structure(c(0, 0, 1, 1529, 0, 0, 
0, 0, 0, 0, 0, 0, 0, 0, 0, 0, 0, 0), dim = c(6L, 3L), dimnames = list(
    c("-3", "-2", "-1", "0", "1", "2"), c("A", "G", "T"))), GM26_SNP1 = structure(c(0, 
83, 0, 0, 0, 206, 0, 0), dim = c(4L, 2L), dimnames = list(c("-1", 
"0", "1", "2"), c("A", "G"))), GM29_SNP1 = structure(c(0, 1, 
665, 0, 0, 0, 0, 0), dim = c(4L, 2L), dimnames = list(c("-2", 
"-1", "0", "1"), c("A", "G"))), IM16_SNP1 = structure(c(0, 158, 
0, 0, 0, 360, 1, 0), dim = c(4L, 2L), dimnames = list(c("-1", 
"0", "1", "2"), c("A", "G"))), IM49_SNP1 = structure(c(0, 1, 
113, 0), dim = c(4L, 1L), dimnames = list(c("-2", "-1", "0", 
"1"), "G")), LR10_SNP1 = structure(c(0, 0, 0, 0, 0, 1, 310, 0, 
0, 0, 187, 0), dim = 4:3, dimnames = list(c("-2", "-1", "0", 
"1"), c("-", "C", "T"))), LR11_SNP1 = structure(c(1, 240, 0, 
1, 258, 1), dim = 3:2, dimnames = list(c("-1", "0", "1"), c("A", 
"C"))), LR17_SNP1 = structure(c(0, 0, 3, 587, 0, 0, 0, 0, 0, 
0, 0, 0, 0, 0, 0, 0, 0, 0), dim = c(6L, 3L), dimnames = list(
    c("-3", "-2", "-1", "0", "1", "2"), c("A", "C", "G"))), LR20_SNP1 = structure(c(0, 
0, 0, 0, 0, 0, 295, 0), dim = c(4L, 2L), dimnames = list(c("-2", 
"-1", "0", "1"), c("A", "G"))), LR24_SNP1 = structure(c(0, 120, 
0, 0, 0, 104, 0, 0), dim = c(4L, 2L), dimnames = list(c("-1", 
"0", "1", "2"), c("A", "G"))), LR36_SNP1 = structure(c(0, 0, 
0, 0, 0, 0, 0, 0, 0, 0, 0, 0, 0, 0, 0, 0, 0, 0, 0, 0, 0, 0, 0, 
0, 0, 0, 0, 0, 0, 542, 2, 0), dim = c(8L, 4L), dimnames = list(
    c("-5", "-4", "-3", "-2", "-1", "0", "1", "2"), c("A", "C", 
    "G", "T"))), LR40_SNP1 = structure(c(0, 185, 0, 1, 198, 0
), dim = 3:2, dimnames = list(c("-1", "0", "1"), c("A", "C"))), 
    LR44_SNP1 = structure(c(0, 2, 129, 0, 0, 0, 1, 0), dim = c(4L, 
    2L), dimnames = list(c("-2", "-1", "0", "1"), c("C", "T"))), 
    LR46_SNP1 = structure(c(0, 0, 0, 0, 0, 0, 0, 0, 0, 0, 424, 
    0, 0, 0, 416, 0), dim = c(4L, 4L), dimnames = list(c("-2", 
    "-1", "0", "1"), c("-", "C", "G", "T"))), LR48_SNP1 = structure(c(0, 
    0, 0, 0, 0, 0, 0, 2, 540, 2, 0, 0, 0, 1, 378, 2, 0, 0), dim = c(6L, 
    3L), dimnames = list(c("-2", "-1", "0", "1", "2", "3"), c("A", 
    "C", "T"))), LR49_SNP1 = structure(c(0, 0, 0, 0, 94, 330), dim = 3:2, dimnames = list(
        c("-2", "-1", "0"), c("A", "G"))), LR52_SNP1 = structure(c(0, 
    0, 0, 0, 0, 0, 0, 0, 0, 0, 1, 0, 16, 676, 2, 0, 0, 0, 3, 
    0), dim = 5:4, dimnames = list(c("-3", "-2", "-1", "0", "1"
    ), c("-", "A", "C", "T"))))
