Result <-
list(DEPDC2_SNP1 = structure(c(0, 52, 116, 1, 0, 0, 207, 0), dim = c(4L, 
2L), dimnames = list(c("-2", "-1", "0", "1"), c("C", "T"))), 
    GM01_SNP1 = structure(c(0, 43, 69, 0, 1, 49, 53, 0), dim = c(4L, 
    2L), dimnames = list(c("-2", "-1", "0", "1"), c("A", "G"))), 
    GM07_SNP1 = structure(c(0, 59, 113, 1, 0, 0, 0, 0, 0, 1, 
    1, 0), dim = 4:3, dimnames = list(c("-2", "-1", "0", "1"), 
        c("A", "C", "G"))), GM09_SNP1 = structure(c(0, 144, 0, 
    0, 163, 0, 0, 0, 0), dim = c(3L, 3L), dimnames = list(c("-1", 
    "0", "1"), c("A", "G", "T"))), GM11_SNP1 = structure(c(2, 
    45, 0, 0, 44, 0), dim = 3:2, dimnames = list(c("-1", "0", 
    "1"), c("A", "G"))), GM14_SNP1 = structure(c(0, 0, 6, 0, 
    1, 85, 124, 0), dim = c(4L, 2L), dimnames = list(c("-2", 
    "-1", "0", "1"), c("C", "T"))), GM17_SNP1 = structure(c(0, 
    175, 0, 1, 7, 0), dim = 3:2, dimnames = list(c("-1", "0", 
    "1"), c("C", "T"))), GM22_SNP1 = structure(c(0, 27, 110, 
    0, 0, 0, 0, 1, 0, 0), dim = c(5L, 2L), dimnames = list(c("-2", 
    "-1", "0", "1", "2"), c("A", "G"))), GM26_SNP1 = structure(c(3, 
    31, 119, 0, 0, 0, 1, 0), dim = c(4L, 2L), dimnames = list(
        c("-2", "-1", "0", "1"), c("A", "G"))), GM29_SNP1 = structure(c(0, 
    31, 105, 0, 0, 0, 1, 0), dim = c(4L, 2L), dimnames = list(
        c("-2", "-1", "0", "1"), c("A", "G"))), IM16_SNP1 = structure(c(0, 
    38, 103, 0, 0, 0, 2, 0), dim = c(4L, 2L), dimnames = list(
        c("-2", "-1", "0", "1"), c("A", "G"))), IM49_SNP1 = structure(c(0, 
    0, 0, 0, 0, 3, 81, 269, 1, 0, 0, 0, 1, 0, 0), dim = c(5L, 
    3L), dimnames = list(c("-2", "-1", "0", "1", "2"), c("A", 
    "C", "G"))), LR10_SNP1 = structure(c(3, 177, 0, 0, 3, 0), dim = 3:2, dimnames = list(
        c("-1", "0", "1"), c("C", "T"))), LR11_SNP1 = structure(c(0, 
    0, 3, 0, 0, 1, 2, 136, 0, 0), dim = c(5L, 2L), dimnames = list(
        c("-2", "-1", "0", "1", "2"), c("A", "C"))), LR17_SNP1 = structure(c(0, 
    0, 0, 0, 0, 0, 29, 19, 99, 0, 0, 0, 0, 0, 0), dim = c(5L, 
    3L), dimnames = list(c("-3", "-2", "-1", "0", "1"), c("-", 
    "A", "G"))), LR20_SNP1 = structure(c(0, 0, 2, 0, 0, 71, 114, 
    0), dim = c(4L, 2L), dimnames = list(c("-2", "-1", "0", "1"
    ), c("A", "G"))), LR24_SNP1 = structure(c(0, 4, 287, 0, 1, 
    2, 284, 0), dim = c(4L, 2L), dimnames = list(c("-3", "-1", 
    "0", "1"), c("A", "G"))), LR36_SNP1 = structure(c(0, 0, 0, 
    0, 1, 0, 0, 0, 0, 0, 0, 0, 0, 0, 51, 9, 84, 0), dim = c(6L, 
    3L), dimnames = list(c("-4", "-3", "-2", "-1", "0", "1"), 
        c("A", "G", "T"))), LR40_SNP1 = structure(c(1, 141, 1, 
    2, 1, 0), dim = 3:2, dimnames = list(c("-1", "0", "1"), c("A", 
    "C"))), LR44_SNP1 = structure(c(0, 0, 45, 4, 69, 0, 0, 44, 
    0, 2, 65, 0), dim = c(6L, 2L), dimnames = list(c("-4", "-3", 
    "-2", "-1", "0", "1"), c("C", "T"))), LR46_SNP1 = structure(c(0, 
    69, 0, 24, 46, 0), dim = 3:2, dimnames = list(c("-1", "0", 
    "1"), c("G", "T"))), LR48_SNP1 = structure(c(0, 18, 26, 0, 
    0, 0, 64, 0), dim = c(4L, 2L), dimnames = list(c("-2", "-1", 
    "0", "1"), c("C", "T"))), LR49_SNP1 = structure(c(0, 1, 1, 
    249), dim = c(2L, 2L), dimnames = list(c("-1", "0"), c("A", 
    "G"))), LR52_SNP1 = structure(c(0, 2, 26, 1, 33, 0, 0, 0, 
    0, 20, 40, 0), dim = c(6L, 2L), dimnames = list(c("-4", "-3", 
    "-2", "-1", "0", "1"), c("C", "T"))))
