Result <-
list(DEPDC2_SNP1 = structure(c(3, 331, 2, 2, 388, 0), dim = 3:2, dimnames = list(
    c("-1", "0", "1"), c("C", "T"))), GM01_SNP1 = structure(c(0, 
1, 2, 0, 0, 76, 357, 0), dim = c(4L, 2L), dimnames = list(c("-2", 
"-1", "0", "1"), c("A", "G"))), GM07_SNP1 = structure(c(15, 18, 
93, 9, 1, 0, 8, 99, 34, 1), dim = c(5L, 2L), dimnames = list(
    c("-2", "-1", "0", "1", "2"), c("A", "G"))), GM09_SNP1 = structure(c(0, 
90, 458, 0, 0, 0, 4, 0), dim = c(4L, 2L), dimnames = list(c("-2", 
"-1", "0", "1"), c("A", "G"))), GM11_SNP1 = structure(c(0, 5, 
181, 0), dim = c(4L, 1L), dimnames = list(c("-2", "-1", "0", 
"1"), "A")), GM14_SNP1 = structure(c(0, 30, 342, 0, 0, 0, 1, 
0), dim = c(4L, 2L), dimnames = list(c("-2", "-1", "0", "1"), 
    c("C", "T"))), GM17_SNP1 = structure(c(0, 2, 341, 0, 0, 0, 
4, 0), dim = c(4L, 2L), dimnames = list(c("-2", "-1", "0", "1"
), c("C", "T"))), GM22_SNP1 = structure(c(7, 45, 233, 0, 0, 0, 
2, 0), dim = c(4L, 2L), dimnames = list(c("-2", "-1", "0", "1"
), c("A", "G"))), GM26_SNP1 = structure(c(1, 3, 0, 0, 0, 0, 1, 
261, 0), dim = c(3L, 3L), dimnames = list(c("-1", "0", "1"), 
    c("A", "C", "G"))), GM29_SNP1 = structure(c(0, 0, 137, 0, 
0, 3, 157, 0), dim = c(4L, 2L), dimnames = list(c("-2", "-1", 
"0", "1"), c("A", "G"))), IM16_SNP1 = structure(c(0, 0, 0, 0, 
0, 0, 271, 1), dim = c(4L, 2L), dimnames = list(c("-2", "-1", 
"0", "1"), c("A", "G"))), IM49_SNP1 = structure(c(0, 0, 0, 0, 
0, 0, 0, 1, 6, 177, 55, 1, 0, 3, 78, 116, 1, 0), dim = c(6L, 
3L), dimnames = list(c("-3", "-2", "-1", "0", "1", "2"), c("A", 
"C", "G"))), LR10_SNP1 = structure(c(0, 0, 126, 0, 0, 2, 153, 
0), dim = c(4L, 2L), dimnames = list(c("-2", "-1", "0", "1"), 
    c("C", "T"))), LR11_SNP1 = structure(c(0, 0, 1, 0, 0, 7, 
305, 1, 0, 0, 0, 0), dim = 4:3, dimnames = list(c("-2", "-1", 
"0", "1"), c("A", "C", "T"))), LR17_SNP1 = structure(c(0, 0, 
49, 188, 1), dim = c(5L, 1L), dimnames = list(c("-3", "-2", "-1", 
"0", "1"), "A")), LR20_SNP1 = structure(c(0, 72, 107, 0, 0, 1, 
164, 0, 0, 0, 0, 0), dim = 4:3, dimnames = list(c("-3", "-1", 
"0", "1"), c("A", "G", "T"))), LR24_SNP1 = structure(c(0, 11, 
978, 0, 0, 2, 2, 0, 0, 0, 0, 0), dim = 4:3, dimnames = list(c("-2", 
"-1", "0", "1"), c("A", "G", "T"))), LR36_SNP1 = structure(c(0, 
0, 0, 1, 0, 1, 20, 89, 208, 0), dim = c(5L, 2L), dimnames = list(
    c("-3", "-2", "-1", "0", "1"), c("A", "T"))), LR40_SNP1 = structure(c(5, 
246, 0, 0, 0, 0), dim = 3:2, dimnames = list(c("-1", "0", "1"
), c("C", "T"))), LR44_SNP1 = structure(c(0, 0, 0, 0, 1, 0, 0, 
0, 0, 0, 0, 81, 102, 0, 0, 0, 0, 0, 3, 77, 156, 1, 0, 0), dim = c(8L, 
3L), dimnames = list(c("-4", "-3", "-2", "-1", "0", "1", "2", 
"3"), c("A", "C", "T"))), LR46_SNP1 = structure(c(1, 250, 0, 
0, 6, 0), dim = 3:2, dimnames = list(c("-1", "0", "1"), c("G", 
"T"))), LR48_SNP1 = structure(c(0, 0, 0, 4, 0, 0, 0, 76, 116, 
0), dim = c(5L, 2L), dimnames = list(c("-3", "-2", "-1", "0", 
"1"), c("C", "T"))), LR49_SNP1 = structure(c(148, 321, 0, 0, 
1, 0), dim = 3:2, dimnames = list(c("-1", "0", "1"), c("A", "G"
))), LR52_SNP1 = structure(c(11, 35, 44, 142, 0, 0, 0, 1, 5, 
0), dim = c(5L, 2L), dimnames = list(c("-3", "-2", "-1", "0", 
"1"), c("C", "T"))))
