Result <-
list(DEPDC2_SNP1 = structure(c(0, 0, 0, 0, 0, 0, 1, 0, 0, 48, 
799, 0), dim = 4:3, dimnames = list(c("-2", "-1", "0", "1"), 
    c("A", "C", "T"))), GM01_SNP1 = structure(c(0, 23, 432, 0, 
0, 0, 2, 0), dim = c(4L, 2L), dimnames = list(c("-2", "-1", "0", 
"1"), c("A", "G"))), GM07_SNP1 = structure(c(0, 1, 2, 0, 0, 0, 
37, 293, 4, 0), dim = c(5L, 2L), dimnames = list(c("-2", "-1", 
"0", "1", "2"), c("A", "G"))), GM09_SNP1 = structure(c(2, 733, 
0, 0, 10, 0), dim = 3:2, dimnames = list(c("-1", "0", "1"), c("A", 
"G"))), GM11_SNP1 = structure(c(0, 0, 112, 0, 0, 11, 98, 0), dim = c(4L, 
2L), dimnames = list(c("-2", "-1", "0", "1"), c("A", "G"))), 
    GM14_SNP1 = structure(c(0, 0, 6, 225, 8, 1, 0, 3, 217, 0), dim = c(5L, 
    2L), dimnames = list(c("-3", "-2", "-1", "0", "1"), c("C", 
    "T"))), GM17_SNP1 = structure(c(0, 0, 16, 193, 0, 0, 0, 0, 
    211, 0), dim = c(5L, 2L), dimnames = list(c("-3", "-2", "-1", 
    "0", "1"), c("C", "T"))), GM22_SNP1 = structure(c(0, 0, 297, 
    0), dim = c(4L, 1L), dimnames = list(c("-2", "-1", "0", "1"
    ), "A")), GM26_SNP1 = structure(c(0, 14, 266, 0, 0, 0, 1, 
    0), dim = c(4L, 2L), dimnames = list(c("-3", "-1", "0", "1"
    ), c("A", "G"))), GM29_SNP1 = structure(c(0, 10, 121, 0, 
    0, 0, 155, 0), dim = c(4L, 2L), dimnames = list(c("-2", "-1", 
    "0", "1"), c("A", "G"))), IM16_SNP1 = structure(c(0, 1, 316, 
    1, 0), dim = c(5L, 1L), dimnames = list(c("-2", "-1", "0", 
    "1", "2"), "A")), IM49_SNP1 = structure(c(0, 16, 337, 2, 
    0, 28, 4, 312, 2, 0, 0, 0, 0, 0, 0), dim = c(5L, 3L), dimnames = list(
        c("-2", "-1", "0", "1", "2"), c("C", "G", "T"))), LR10_SNP1 = structure(c(0, 
    0, 16, 151, 0, 0, 16, 4, 172, 0), dim = c(5L, 2L), dimnames = list(
        c("-3", "-2", "-1", "0", "1"), c("C", "T"))), LR11_SNP1 = structure(c(0, 
    0, 1, 0, 0, 21, 367, 0), dim = c(4L, 2L), dimnames = list(
        c("-2", "-1", "0", "1"), c("A", "C"))), LR17_SNP1 = structure(c(0, 
    0, 29, 346, 0, 0, 0, 0, 0, 0, 0, 0), dim = c(6L, 2L), dimnames = list(
        c("-3", "-2", "-1", "0", "1", "2"), c("A", "G"))), LR20_SNP1 = structure(c(1, 
    0, 411, 0, 0, 0, 6, 0, 0, 0, 1, 0), dim = 4:3, dimnames = list(
        c("-2", "-1", "0", "1"), c("A", "G", "T"))), LR24_SNP1 = structure(c(0, 
    19, 1169, 1, 0, 0, 0, 0), dim = c(4L, 2L), dimnames = list(
        c("-2", "-1", "0", "1"), c("A", "G"))), LR36_SNP1 = structure(c(0, 
    4, 230, 2, 0, 26, 221, 0), dim = c(4L, 2L), dimnames = list(
        c("-2", "-1", "0", "1"), c("A", "T"))), LR40_SNP1 = structure(c(0, 
    2, 313, 0), dim = c(4L, 1L), dimnames = list(c("-2", "-1", 
    "0", "1"), "C")), LR44_SNP1 = structure(c(0, 0, 0, 1, 0, 
    0, 0, 0, 0, 0, 0, 0, 0, 0, 0, 0, 0, 0, 0, 1, 21, 17, 326, 
    0, 0, 0, 0, 0, 0, 0, 0, 0, 0, 0, 0, 0, 1, 0, 1, 1, 4, 0, 
    0, 0, 0), dim = c(9L, 5L), dimnames = list(c("-4", "-3", 
    "-2", "-1", "0", "1", "2", "4", "6"), c("-", "A", "C", "G", 
    "T"))), LR46_SNP1 = structure(c(0, 0, 0, 0, 2, 0, 8, 274, 
    0), dim = c(3L, 3L), dimnames = list(c("-1", "0", "1"), c("-", 
    "G", "T"))), LR48_SNP1 = structure(c(0, 10, 193, 0, 0), dim = c(5L, 
    1L), dimnames = list(c("-2", "-1", "0", "1", "2"), "C")), 
    LR49_SNP1 = structure(c(1, 258, 2, 239), dim = c(2L, 2L), dimnames = list(
        c("-1", "0"), c("A", "G"))), LR52_SNP1 = structure(c(0, 
    8, 14, 198, 1, 0, 0, 0, 4, 0), dim = c(5L, 2L), dimnames = list(
        c("-3", "-2", "-1", "0", "1"), c("C", "T"))))
