Result <-
list(DEPDC2_SNP1 = structure(c(0, 0, 0, 0, 0, 0, 0, 1, 0, 0, 
2, 52, 1958, 43, 0), dim = c(5L, 3L), dimnames = list(c("-2", 
"-1", "0", "1", "2"), c("A", "C", "T"))), GM01_SNP1 = structure(c(0, 
13, 1218, 2, 0, 0, 0, 2, 0, 0), dim = c(5L, 2L), dimnames = list(
    c("-2", "-1", "0", "1", "2"), c("A", "G"))), GM07_SNP1 = structure(c(0, 
0, 0, 0, 0, 10, 220, 733, 8, 0, 0, 2, 1, 0, 0), dim = c(5L, 3L
), dimnames = list(c("-2", "-1", "0", "1", "2"), c("-", "A", 
"G"))), GM09_SNP1 = structure(c(3, 513, 133, 6, 0, 0, 8, 0, 0, 
0, 0, 0), dim = 4:3, dimnames = list(c("-2", "-1", "0", "1"), 
    c("A", "G", "T"))), GM11_SNP1 = structure(c(0, 21, 732, 2
), dim = c(4L, 1L), dimnames = list(c("-2", "-1", "0", "1"), 
    "A")), GM14_SNP1 = structure(c(0, 0, 0, 0, 7, 270, 811, 4, 
0, 0, 2, 0), dim = 4:3, dimnames = list(c("-2", "-1", "0", "1"
), c("-", "C", "T"))), GM17_SNP1 = structure(c(3, 447, 0, 3, 
452, 1), dim = 3:2, dimnames = list(c("-1", "0", "1"), c("C", 
"T"))), GM22_SNP1 = structure(c(0, 7, 892, 4, 0, 0, 1, 0, 0, 
0, 0, 0), dim = 4:3, dimnames = list(c("-2", "-1", "0", "1"), 
    c("A", "G", "T"))), GM26_SNP1 = structure(c(0, 3, 534, 0, 
0, 1, 461, 0, 0, 0, 1, 0), dim = 4:3, dimnames = list(c("-2", 
"-1", "0", "1"), c("A", "G", "T"))), GM29_SNP1 = structure(c(0, 
8, 771, 1, 0, 0, 0, 0, 0, 0, 1, 0), dim = 4:3, dimnames = list(
    c("-2", "-1", "0", "1"), c("A", "G", "T"))), IM16_SNP1 = structure(c(0, 
2, 341, 103, 3, 0, 6, 434, 2, 0), dim = c(5L, 2L), dimnames = list(
    c("-2", "-1", "0", "1", "2"), c("A", "G"))), IM49_SNP1 = structure(c(0, 
0, 0, 1, 0, 0, 1, 196, 124, 336, 3, 1), dim = c(6L, 2L), dimnames = list(
    c("-3", "-2", "-1", "0", "1", "2"), c("C", "G"))), LR10_SNP1 = structure(c(1, 
130, 398, 9, 0, 0, 7, 538, 1, 0), dim = c(5L, 2L), dimnames = list(
    c("-2", "-1", "0", "1", "2"), c("C", "T"))), LR11_SNP1 = structure(c(0, 
1, 68, 957, 5, 0, 0, 0, 0, 2, 0, 0, 0, 0, 0, 0, 0, 0), dim = c(6L, 
3L), dimnames = list(c("-3", "-2", "-1", "0", "1", "2"), c("A", 
"C", "T"))), LR17_SNP1 = structure(c(3, 145, 507, 6, 0), dim = c(5L, 
1L), dimnames = list(c("-2", "-1", "0", "1", "2"), "A")), LR20_SNP1 = structure(c(6, 
457, 0, 27, 477, 0, 0, 0, 0), dim = c(3L, 3L), dimnames = list(
    c("-1", "0", "1"), c("A", "G", "T"))), LR24_SNP1 = structure(c(0, 
0, 0, 8, 0, 0, 0, 16, 2158, 2), dim = c(5L, 2L), dimnames = list(
    c("-3", "-2", "-1", "0", "1"), c("A", "G"))), LR36_SNP1 = structure(c(0, 
0, 0, 0, 4, 0, 0, 0, 6, 190, 72, 656, 23, 0), dim = c(7L, 2L), dimnames = list(
    c("-4", "-3", "-2", "-1", "0", "1", "2"), c("A", "T"))), 
    LR40_SNP1 = structure(c(0, 183, 607, 1, 0, 0, 0, 0), dim = c(4L, 
    2L), dimnames = list(c("-2", "-1", "0", "1"), c("C", "T"))), 
    LR44_SNP1 = structure(c(0, 0, 0, 0, 0, 0, 0, 0, 1, 0, 0, 
    0, 0, 0, 0, 0, 0, 0, 1, 85, 109, 66, 745, 5, 0, 0, 0, 0, 
    0, 0, 0, 1, 0, 0, 0, 0, 0, 1, 0, 0, 6, 0, 0, 0, 0), dim = c(9L, 
    5L), dimnames = list(c("-4", "-3", "-2", "-1", "0", "1", 
    "2", "7", "8"), c("-", "A", "C", "G", "T"))), LR46_SNP1 = structure(c(0, 
    0, 4, 455, 0, 0, 0, 2, 468, 0), dim = c(5L, 2L), dimnames = list(
        c("-3", "-2", "-1", "0", "1"), c("G", "T"))), LR48_SNP1 = structure(c(29, 
    323, 408, 0, 0, 0, 0, 0), dim = c(4L, 2L), dimnames = list(
        c("-2", "-1", "0", "1"), c("C", "T"))), LR49_SNP1 = structure(c(0, 
    6, 0, 4, 1416, 1), dim = 3:2, dimnames = list(c("-1", "0", 
    "1"), c("A", "G"))), LR52_SNP1 = structure(c(0, 7, 100, 111, 
    27, 153, 0, 1, 17, 98, 76, 248, 0, 0), dim = c(7L, 2L), dimnames = list(
        c("-4", "-3", "-2", "-1", "0", "1", "2"), c("C", "T"))))
