Result <-
list(DEPDC2_SNP1 = structure(c(0, 0, 0, 0, 0, 1, 4, 0, 0, 1, 
564, 0), dim = 4:3, dimnames = list(c("-2", "-1", "0", "1"), 
    c("A", "C", "T"))), GM01_SNP1 = structure(c(0, 34, 108, 0, 
0, 2, 135, 0), dim = c(4L, 2L), dimnames = list(c("-2", "-1", 
"0", "1"), c("A", "G"))), GM07_SNP1 = structure(c(0, 1, 1, 0, 
6, 22, 151, 1), dim = c(4L, 2L), dimnames = list(c("-2", "-1", 
"0", "1"), c("A", "G"))), GM09_SNP1 = structure(c(1, 425, 0, 
1, 11, 0), dim = 3:2, dimnames = list(c("-1", "0", "1"), c("A", 
"G"))), GM11_SNP1 = structure(c(0, 108, 0, 0, 1, 0), dim = 3:2, dimnames = list(
    c("-1", "0", "1"), c("A", "G"))), GM14_SNP1 = structure(c(1, 
30, 112, 0, 0, 2, 118, 0), dim = c(4L, 2L), dimnames = list(c("-2", 
"-1", "0", "1"), c("C", "T"))), GM17_SNP1 = structure(c(0, 96, 
0, 26, 87, 0), dim = 3:2, dimnames = list(c("-1", "0", "1"), 
    c("C", "T"))), GM22_SNP1 = structure(c(0, 155, 0, 0, 0, 1
), dim = 3:2, dimnames = list(c("-1", "0", "1"), c("A", "G"))), 
    GM26_SNP1 = structure(c(18, 96, 0, 0, 1, 0), dim = 3:2, dimnames = list(
        c("-1", "0", "1"), c("A", "G"))), GM29_SNP1 = structure(c(0, 
    15, 208, 0, 0, 0, 1, 0), dim = c(4L, 2L), dimnames = list(
        c("-2", "-1", "0", "1"), c("A", "G"))), IM16_SNP1 = structure(c(0, 
    2, 0, 3, 182, 1), dim = 3:2, dimnames = list(c("-1", "0", 
    "1"), c("A", "G"))), IM49_SNP1 = structure(c(0, 8, 331, 1, 
    0, 4, 56, 219, 1, 0), dim = c(5L, 2L), dimnames = list(c("-2", 
    "-1", "0", "1", "2"), c("C", "G"))), LR10_SNP1 = structure(c(0, 
    171, 0, 0, 4, 0), dim = 3:2, dimnames = list(c("-1", "0", 
    "1"), c("C", "T"))), LR11_SNP1 = structure(c(0, 1, 131, 0, 
    1, 8, 14, 82, 0, 0), dim = c(5L, 2L), dimnames = list(c("-2", 
    "-1", "0", "1", "2"), c("A", "C"))), LR17_SNP1 = structure(c(0, 
    20, 188, 0, 0, 0, 0, 0), dim = c(4L, 2L), dimnames = list(
        c("-2", "-1", "0", "1"), c("A", "G"))), LR20_SNP1 = structure(c(3, 
    120, 0, 5, 119, 0), dim = 3:2, dimnames = list(c("-1", "0", 
    "1"), c("A", "G"))), LR24_SNP1 = structure(c(0, 0, 116, 316, 
    0, 0, 0, 0, 0, 0, 0, 0, 0, 0, 5, 421, 0, 0), dim = c(6L, 
    3L), dimnames = list(c("-3", "-2", "-1", "0", "1", "2"), 
        c("A", "C", "G"))), LR36_SNP1 = structure(c(0, 0, 0, 
    3, 0, 0, 0, 0, 0, 0, 0, 1, 7, 303, 2), dim = c(5L, 3L), dimnames = list(
        c("-3", "-2", "-1", "0", "1"), c("A", "G", "T"))), LR40_SNP1 = structure(c(1, 
    0, 0, 3, 147, 0), dim = 3:2, dimnames = list(c("-1", "0", 
    "1"), c("A", "C"))), LR44_SNP1 = structure(c(0, 1, 5, 0, 
    0, 1, 18, 281, 2, 0), dim = c(5L, 2L), dimnames = list(c("-2", 
    "-1", "0", "1", "2"), c("C", "T"))), LR46_SNP1 = structure(c(0, 
    0, 0, 0, 0, 0, 0, 149, 0, 0, 6, 0), dim = 3:4, dimnames = list(
        c("-1", "0", "1"), c("A", "C", "G", "T"))), LR48_SNP1 = structure(c(0, 
    2, 145, 0), dim = c(4L, 1L), dimnames = list(c("-2", "-1", 
    "0", "1"), "C")), LR49_SNP1 = structure(c(0, 0, 3, 0, 3, 
    329), dim = 3:2, dimnames = list(c("-2", "-1", "0"), c("A", 
    "G"))), LR52_SNP1 = structure(c(0, 0, 1, 10, 47, 0, 1, 17, 
    0, 1, 45, 0), dim = c(6L, 2L), dimnames = list(c("-4", "-3", 
    "-2", "-1", "0", "1"), c("C", "T"))))
