Result <-
list(DEPDC2_SNP1 = structure(c(0, 0, 3, 0, 1, 135, 1144, 8), dim = c(4L, 
2L), dimnames = list(c("-2", "-1", "0", "1"), c("C", "T"))), 
    GM01_SNP1 = structure(c(0, 132, 187, 0, 0, 139, 165, 0), dim = c(4L, 
    2L), dimnames = list(c("-2", "-1", "0", "1"), c("A", "G"))), 
    GM07_SNP1 = structure(c(1, 114, 104, 0, 2, 101, 123, 1), dim = c(4L, 
    2L), dimnames = list(c("-2", "-1", "0", "1"), c("A", "G"))), 
    GM09_SNP1 = structure(c(1, 9, 0, 4, 835, 0), dim = 3:2, dimnames = list(
        c("-1", "0", "1"), c("A", "G"))), GM11_SNP1 = structure(c(1, 
    299, 1, 0, 2, 0), dim = 3:2, dimnames = list(c("-1", "0", 
    "1"), c("A", "G"))), GM14_SNP1 = structure(c(0, 0, 0, 0, 
    0, 0, 15, 52, 214, 0, 0, 2, 119, 169, 2), dim = c(5L, 3L), dimnames = list(
        c("-3", "-2", "-1", "0", "1"), c("A", "C", "T"))), GM17_SNP1 = structure(c(1, 
    9, 0, 4, 550, 0), dim = 3:2, dimnames = list(c("-1", "0", 
    "1"), c("C", "T"))), GM22_SNP1 = structure(c(0, 214, 0, 0, 
    165, 0), dim = 3:2, dimnames = list(c("-1", "0", "1"), c("A", 
    "G"))), GM26_SNP1 = structure(c(0, 33, 197, 1, 1, 2, 206, 
    0), dim = c(4L, 2L), dimnames = list(c("-2", "-1", "0", "1"
    ), c("A", "G"))), GM29_SNP1 = structure(c(0, 5, 407, 0, 0, 
    0, 5, 0), dim = c(4L, 2L), dimnames = list(c("-2", "-1", 
    "0", "1"), c("A", "G"))), IM16_SNP1 = structure(c(0, 0, 2, 
    0, 0, 1, 59, 369, 29, 0), dim = c(5L, 2L), dimnames = list(
        c("-2", "-1", "0", "1", "2"), c("A", "G"))), IM49_SNP1 = structure(c(0, 
    0, 0, 0, 0, 0, 0, 0, 1, 5, 0, 0, 1, 68, 167, 463, 6, 0), dim = c(6L, 
    3L), dimnames = list(c("-3", "-2", "-1", "0", "1", "2"), 
        c("A", "C", "G"))), LR10_SNP1 = structure(c(0, 100, 132, 
    0, 0, 0, 1, 0, 0, 0, 0, 1, 260, 0, 0), dim = c(5L, 3L), dimnames = list(
        c("-2", "-1", "0", "1", "2"), c("C", "G", "T"))), LR11_SNP1 = structure(c(0, 
    39, 482, 1, 0, 0, 0, 9, 0, 0), dim = c(5L, 2L), dimnames = list(
        c("-2", "-1", "0", "1", "2"), c("A", "C"))), LR17_SNP1 = structure(c(0, 
    13, 359, 2, 0, 0, 0, 0, 0, 0), dim = c(5L, 2L), dimnames = list(
        c("-2", "-1", "0", "1", "2"), c("A", "G"))), LR20_SNP1 = structure(c(0, 
    261, 0, 0, 277, 0), dim = 3:2, dimnames = list(c("-1", "0", 
    "1"), c("A", "G"))), LR24_SNP1 = structure(c(12, 693, 0, 
    6, 710, 1, 0, 0, 0), dim = c(3L, 3L), dimnames = list(c("-1", 
    "0", "1"), c("A", "G", "T"))), LR36_SNP1 = structure(c(0, 
    2, 166, 310, 2, 0, 0, 0, 0, 0, 0, 0, 1, 0, 0), dim = c(5L, 
    3L), dimnames = list(c("-3", "-2", "-1", "0", "1"), c("A", 
    "G", "T"))), LR40_SNP1 = structure(c(0, 89, 290, 0, 0, 0, 
    0, 0), dim = c(4L, 2L), dimnames = list(c("-2", "-1", "0", 
    "1"), c("C", "T"))), LR44_SNP1 = structure(c(0, 0, 0, 0, 
    1, 0, 0, 0, 0, 0, 0, 0, 0, 0, 0, 0, 9, 202, 47, 0, 0, 0, 
    0, 0, 1, 0, 0, 0, 4, 22, 130, 173, 1, 0, 0), dim = c(7L, 
    5L), dimnames = list(c("-3", "-2", "-1", "0", "1", "2", "3"
    ), c("-", "A", "C", "G", "T"))), LR46_SNP1 = structure(c(85, 
    290, 0, 0, 3, 0), dim = 3:2, dimnames = list(c("-1", "0", 
    "1"), c("G", "T"))), LR48_SNP1 = structure(c(0, 3, 105, 227, 
    0, 0, 0, 0, 0, 0, 0, 0, 0, 5, 0), dim = c(5L, 3L), dimnames = list(
        c("-3", "-2", "-1", "0", "1"), c("C", "G", "T"))), LR49_SNP1 = structure(c(0, 
    1, 2, 1, 4, 339, 350, 0, 0, 0, 0, 0), dim = 4:3, dimnames = list(
        c("-2", "-1", "0", "1"), c("A", "G", "T"))), LR52_SNP1 = structure(c(0, 
    0, 0, 0, 2, 0, 0, 87, 1, 21, 247, 1), dim = c(6L, 2L), dimnames = list(
        c("-4", "-3", "-2", "-1", "0", "1"), c("C", "T"))))
