Result <-
list(DEPDC2_SNP1 = structure(c(0, 0, 0, 1, 0, 0, 0, 0, 0, 17, 
1, 0, 0, 0, 0, 0, 0, 0, 0, 0, 7, 1440, 87, 1), dim = c(6L, 4L
), dimnames = list(c("-3", "-2", "-1", "0", "1", "2"), c("A", 
"C", "G", "T"))), GM01_SNP1 = structure(c(0, 0, 0, 0, 0, 0, 0, 
22, 718, 6, 0, 0, 0, 1, 38, 1, 0, 0), dim = c(6L, 3L), dimnames = list(
    c("-2", "-1", "0", "1", "2", "3"), c("-", "A", "G"))), GM07_SNP1 = structure(c(0, 
0, 0, 0, 0, 0, 0, 0, 0, 2, 22, 76, 7, 0, 0, 0, 0, 27, 3, 68, 
5, 1, 0, 0), dim = c(8L, 3L), dimnames = list(c("-3", "-2", "-1", 
"0", "1", "2", "3", "4"), c("-", "A", "G"))), GM09_SNP1 = structure(c(0, 
4, 775, 4, 0, 0, 5, 735, 0, 0), dim = c(5L, 2L), dimnames = list(
    c("-2", "-1", "0", "1", "2"), c("A", "G"))), GM11_SNP1 = structure(c(6, 
623, 4, 0, 2, 8, 0, 0), dim = c(4L, 2L), dimnames = list(c("-1", 
"0", "1", "2"), c("A", "G"))), GM14_SNP1 = structure(c(0, 0, 
0, 0, 0, 0, 0, 0, 0, 13, 227, 5, 1, 0, 0, 1, 10, 170, 3, 0, 0
), dim = c(7L, 3L), dimnames = list(c("-3", "-2", "-1", "0", 
"1", "2", "3"), c("A", "C", "T"))), GM17_SNP1 = structure(c(0, 
0, 35, 0, 0, 0, 121, 668, 9, 0), dim = c(5L, 2L), dimnames = list(
    c("-2", "-1", "0", "1", "2"), c("C", "T"))), GM22_SNP1 = structure(c(0, 
16, 198, 0, 0, 0, 1, 6, 0, 0), dim = c(5L, 2L), dimnames = list(
    c("-2", "-1", "0", "1", "2"), c("A", "G"))), GM26_SNP1 = structure(c(0, 
4, 539, 4, 0, 0, 0, 0, 0, 0, 0, 1, 9, 0, 0, 0, 0, 0, 0, 0), dim = 5:4, dimnames = list(
    c("-2", "-1", "0", "1", "2"), c("A", "C", "G", "T"))), GM29_SNP1 = structure(c(0, 
3, 17, 0, 0, 0, 8, 374, 3, 0), dim = c(5L, 2L), dimnames = list(
    c("-2", "-1", "0", "1", "2"), c("A", "G"))), IM16_SNP1 = structure(c(3, 
17, 0, 0, 3, 68, 0, 0), dim = c(4L, 2L), dimnames = list(c("-1", 
"0", "1", "2"), c("A", "G"))), IM49_SNP1 = structure(c(0, 0, 
0, 0, 0, 0, 0, 1, 37, 449, 18, 1, 0, 0, 6, 77, 254, 17, 1, 1, 
0, 0, 0, 1, 0, 0, 0, 0), dim = c(7L, 4L), dimnames = list(c("-2", 
"-1", "0", "1", "2", "3", "4"), c("A", "C", "G", "T"))), LR10_SNP1 = structure(c(0, 
7, 43, 1, 0, 0, 6, 320, 3, 1), dim = c(5L, 2L), dimnames = list(
    c("-2", "-1", "0", "1", "2"), c("C", "T"))), LR11_SNP1 = structure(c(0, 
0, 2, 24, 0, 0, 0, 0, 2, 31, 561, 18, 1, 0, 0, 0, 0, 0, 0, 0, 
0), dim = c(7L, 3L), dimnames = list(c("-3", "-2", "-1", "0", 
"1", "2", "3"), c("A", "C", "T"))), LR17_SNP1 = structure(c(1, 
47, 428, 11, 1, 0, 0, 0, 0, 0, 0, 0, 0, 0, 0, 0, 0, 0), dim = c(6L, 
3L), dimnames = list(c("-2", "-1", "0", "1", "2", "3"), c("A", 
"C", "G"))), LR20_SNP1 = structure(c(8, 1031, 7, 0, 0, 18, 0, 
0), dim = c(4L, 2L), dimnames = list(c("-1", "0", "1", "2"), 
    c("A", "G"))), LR24_SNP1 = structure(c(0, 0, 0, 0, 0, 0, 
15, 1222, 11, 0, 0, 4, 1146, 4, 1), dim = c(5L, 3L), dimnames = list(
    c("-2", "-1", "0", "1", "2"), c("-", "A", "G"))), LR36_SNP1 = structure(c(1, 
1, 5, 112, 4, 0, 0, 0, 0, 14, 128, 4, 0, 0), dim = c(7L, 2L), dimnames = list(
    c("-4", "-2", "-1", "0", "1", "2", "3"), c("A", "T"))), LR40_SNP1 = structure(c(0, 
2, 0, 0, 25, 379, 2, 1), dim = c(4L, 2L), dimnames = list(c("-1", 
"0", "1", "2"), c("A", "C"))), LR44_SNP1 = structure(c(0, 0, 
0, 0, 0, 1, 0, 0, 0, 0, 0, 0, 1, 12, 41, 597, 102, 6, 0, 1, 0, 
0, 0, 0, 0, 1, 0, 0, 0, 0, 0, 0, 0, 2, 2, 41, 4, 0, 0, 0), dim = c(10L, 
4L), dimnames = list(c("-5", "-4", "-3", "-2", "-1", "0", "1", 
"2", "3", "4"), c("A", "C", "G", "T"))), LR46_SNP1 = structure(c(0, 
0, 0, 0, 0, 0, 0, 0, 0, 0, 0, 1, 404, 3, 0, 1, 75, 287, 2, 0), dim = 5:4, dimnames = list(
    c("-2", "-1", "0", "1", "2"), c("-", "A", "G", "T"))), LR48_SNP1 = structure(c(0, 
0, 0, 0, 0, 0, 0, 0, 1, 3, 38, 0, 0, 0, 0, 1, 114, 354, 9, 0, 
0), dim = c(7L, 3L), dimnames = list(c("-3", "-2", "-1", "0", 
"1", "2", "3"), c("A", "C", "T"))), LR49_SNP1 = structure(c(0, 
6, 670, 1, 0, 11, 641, 1, 0, 0, 0, 0), dim = 4:3, dimnames = list(
    c("-2", "-1", "0", "1"), c("A", "G", "T"))), LR52_SNP1 = structure(c(0, 
0, 2, 4, 8, 0, 0, 0, 0, 2, 8, 84, 410, 21, 1, 0), dim = c(8L, 
2L), dimnames = list(c("-4", "-3", "-2", "-1", "0", "1", "2", 
"3"), c("C", "T"))))
