Result <-
list(DEPDC2_SNP1 = structure(c(0, 0, 0, 0, 0, 0, 0, 4, 0, 0, 
0, 2, 467, 41, 0), dim = c(5L, 3L), dimnames = list(c("-2", "-1", 
"0", "1", "2"), c("A", "C", "T"))), GM01_SNP1 = structure(c(0, 
1, 168, 0, 0, 0, 0, 0), dim = c(4L, 2L), dimnames = list(c("-2", 
"-1", "0", "1"), c("A", "G"))), GM07_SNP1 = structure(c(0, 0, 
0, 0, 0, 1, 17, 53, 0, 0, 0, 13, 52, 1, 0, 0, 0, 0, 0, 0), dim = 5:4, dimnames = list(
    c("-2", "-1", "0", "1", "2"), c("-", "A", "G", "T"))), GM09_SNP1 = structure(c(0, 
175, 0, 2, 166, 0), dim = 3:2, dimnames = list(c("-1", "0", "1"
), c("A", "G"))), GM11_SNP1 = structure(c(0, 16, 33, 0, 0, 1, 
41, 0), dim = c(4L, 2L), dimnames = list(c("-2", "-1", "0", "1"
), c("A", "G"))), GM14_SNP1 = structure(c(0, 0, 2, 8, 0, 0, 0, 
2, 53, 109, 0, 0), dim = c(6L, 2L), dimnames = list(c("-4", "-2", 
"-1", "0", "1", "2"), c("C", "T"))), GM17_SNP1 = structure(c(1, 
173, 0, 0, 7, 0), dim = 3:2, dimnames = list(c("-1", "0", "1"
), c("C", "T"))), GM22_SNP1 = structure(c(0, 0, 66, 0, 1, 15, 
53, 0), dim = c(4L, 2L), dimnames = list(c("-2", "-1", "0", "1"
), c("A", "G"))), GM26_SNP1 = structure(c(0, 21, 82, 0, 0, 0, 
2, 0), dim = c(4L, 2L), dimnames = list(c("-2", "-1", "0", "1"
), c("A", "G"))), GM29_SNP1 = structure(c(0, 74, 0, 3, 69, 0), dim = 3:2, dimnames = list(
    c("-1", "0", "1"), c("A", "G"))), IM16_SNP1 = structure(c(0, 
0, 0, 0, 0, 46, 61, 0, 0, 0, 5, 0), dim = 4:3, dimnames = list(
    c("-2", "-1", "0", "1"), c("-", "A", "G"))), IM49_SNP1 = structure(c(0, 
0, 0, 0, 0, 0, 0, 0, 81, 142, 0, 0, 0, 4, 69, 114, 0, 0), dim = c(6L, 
3L), dimnames = list(c("-3", "-2", "-1", "0", "1", "2"), c("A", 
"C", "G"))), LR10_SNP1 = structure(c(0, 26, 30, 0, 0, 0, 0, 54, 
1, 0), dim = c(5L, 2L), dimnames = list(c("-2", "-1", "0", "1", 
"2"), c("C", "T"))), LR11_SNP1 = structure(c(0, 2, 54, 107, 0, 
0, 0, 1, 8, 0, 0, 0, 0, 0, 0), dim = c(5L, 3L), dimnames = list(
    c("-3", "-2", "-1", "0", "1"), c("A", "C", "T"))), LR17_SNP1 = structure(c(0, 
1, 75, 141, 0, 0, 0, 0, 0, 0, 0, 0), dim = c(6L, 2L), dimnames = list(
    c("-3", "-2", "-1", "0", "1", "2"), c("A", "G"))), LR20_SNP1 = structure(c(0, 
0, 1, 0, 0, 58, 85, 0), dim = c(4L, 2L), dimnames = list(c("-2", 
"-1", "0", "1"), c("A", "G"))), LR24_SNP1 = structure(c(1, 7, 
0, 2, 482, 0), dim = 3:2, dimnames = list(c("-1", "0", "1"), 
    c("A", "G"))), LR36_SNP1 = structure(c(2, 26, 189, 1, 1, 
1, 1, 0), dim = c(4L, 2L), dimnames = list(c("-2", "-1", "0", 
"1"), c("A", "T"))), LR40_SNP1 = structure(c(16, 39, 0, 1, 55, 
0, 0, 0, 0), dim = c(3L, 3L), dimnames = list(c("-1", "0", "1"
), c("A", "C", "T"))), LR44_SNP1 = structure(c(0, 0, 0, 0, 0, 
0, 0, 0, 0, 0, 6, 0, 0, 0, 0, 2, 58, 169, 1, 0, 0), dim = c(7L, 
3L), dimnames = list(c("-3", "-2", "-1", "0", "1", "2", "3"), 
    c("A", "C", "T"))), LR46_SNP1 = structure(c(0, 0, 0, 0, 122, 
0, 0, 3, 0), dim = c(3L, 3L), dimnames = list(c("-1", "0", "1"
), c("A", "G", "T"))), LR48_SNP1 = structure(c(0, 8, 48, 0, 0, 
11, 21, 0), dim = c(4L, 2L), dimnames = list(c("-2", "-1", "0", 
"1"), c("C", "T"))), LR49_SNP1 = structure(c(0, 1, 0, 0, 225, 
0, 0, 0, 0), dim = c(3L, 3L), dimnames = list(c("-1", "0", "1"
), c("A", "G", "T"))), LR52_SNP1 = structure(c(0, 0, 0, 0, 0, 
0, 0, 3, 16, 0, 19, 0, 1, 0, 1, 16, 30, 0), dim = c(6L, 3L), dimnames = list(
    c("-4", "-3", "-2", "-1", "0", "1"), c("A", "C", "T"))))
