Result <-
list(DEPDC2_SNP1 = structure(c(0, 0, 0, 2, 392, 2, 1, 429, 1), dim = c(3L, 
3L), dimnames = list(c("-1", "0", "1"), c("A", "C", "T"))), GM01_SNP1 = structure(c(2, 
19, 177, 0, 0, 0, 179, 0), dim = c(4L, 2L), dimnames = list(c("-2", 
"-1", "0", "1"), c("A", "G"))), GM07_SNP1 = structure(c(0, 0, 
1, 0, 0, 0, 26, 44, 186, 1), dim = c(5L, 2L), dimnames = list(
    c("-3", "-2", "-1", "0", "1"), c("A", "G"))), GM09_SNP1 = structure(c(2, 
291, 0, 2, 321, 0), dim = 3:2, dimnames = list(c("-1", "0", "1"
), c("A", "G"))), GM11_SNP1 = structure(c(0, 0, 82, 27, 0, 32, 
81, 0), dim = c(4L, 2L), dimnames = list(c("-2", "-1", "0", "1"
), c("A", "G"))), GM14_SNP1 = structure(c(0, 0, 0, 0, 0, 0, 0, 
26, 24, 4, 137, 0, 0, 0, 3, 52, 109, 0), dim = c(6L, 3L), dimnames = list(
    c("-4", "-3", "-2", "-1", "0", "1"), c("-", "C", "T"))), 
    GM17_SNP1 = structure(c(0, 0, 0, 0, 11, 0, 9, 320, 1), dim = c(3L, 
    3L), dimnames = list(c("-1", "0", "1"), c("A", "C", "T"))), 
    GM22_SNP1 = structure(c(5, 276, 0, 0, 5, 0), dim = 3:2, dimnames = list(
        c("-1", "0", "1"), c("A", "G"))), GM26_SNP1 = structure(c(25, 
    192, 0, 0, 0, 0), dim = 3:2, dimnames = list(c("-1", "0", 
    "1"), c("A", "G"))), GM29_SNP1 = structure(c(0, 3, 133, 1, 
    1, 0, 3, 137, 0, 0, 0, 0, 0, 0, 0), dim = c(5L, 3L), dimnames = list(
        c("-2", "-1", "0", "1", "2"), c("A", "G", "T"))), IM16_SNP1 = structure(c(0, 
    36, 104, 0, 0, 3, 144, 1), dim = c(4L, 2L), dimnames = list(
        c("-2", "-1", "0", "1"), c("A", "G"))), IM49_SNP1 = structure(c(0, 
    4, 99, 265, 2, 0, 0, 41, 69, 214, 0, 0), dim = c(6L, 2L), dimnames = list(
        c("-3", "-2", "-1", "0", "1", "2"), c("C", "G"))), LR10_SNP1 = structure(c(0, 
    8, 252, 3, 0, 0, 1, 0), dim = c(4L, 2L), dimnames = list(
        c("-2", "-1", "0", "1"), c("C", "T"))), LR11_SNP1 = structure(c(0, 
    0, 2, 0, 0, 5, 286, 1), dim = c(4L, 2L), dimnames = list(
        c("-2", "-1", "0", "1"), c("A", "C"))), LR17_SNP1 = structure(c(0, 
    24, 72, 286, 1, 0, 0, 0, 0, 0, 0, 0, 0, 0, 0), dim = c(5L, 
    3L), dimnames = list(c("-3", "-2", "-1", "0", "1"), c("A", 
    "C", "G"))), LR20_SNP1 = structure(c(0, 0, 1, 0, 1, 46, 283, 
    0, 0, 0, 2, 0), dim = 4:3, dimnames = list(c("-2", "-1", 
    "0", "1"), c("A", "G", "T"))), LR24_SNP1 = structure(c(0, 
    6, 505, 0, 0, 11, 507, 0), dim = c(4L, 2L), dimnames = list(
        c("-2", "-1", "0", "1"), c("A", "G"))), LR36_SNP1 = structure(c(0, 
    0, 0, 4, 0, 0, 0, 0, 0, 0, 0, 0, 0, 0, 0, 0, 3, 69, 345, 
    1), dim = 5:4, dimnames = list(c("-3", "-2", "-1", "0", "1"
    ), c("A", "C", "G", "T"))), LR40_SNP1 = structure(c(0, 0, 
    1, 0, 0, 32, 207, 0, 0, 0, 0, 0, 0, 0, 0, 0), dim = c(4L, 
    4L), dimnames = list(c("-2", "-1", "0", "1"), c("A", "C", 
    "G", "T"))), LR44_SNP1 = structure(c(1, 2, 51, 0, 115, 0, 
    0, 0, 0, 1, 3, 143, 26, 0), dim = c(7L, 2L), dimnames = list(
        c("-4", "-3", "-2", "-1", "0", "1", "2"), c("C", "T"))), 
    LR46_SNP1 = structure(c(0, 0, 0, 1, 261, 0, 0, 5, 0), dim = c(3L, 
    3L), dimnames = list(c("-1", "0", "1"), c("A", "G", "T"))), 
    LR48_SNP1 = structure(c(0, 14, 24, 135, 0), dim = c(5L, 1L
    ), dimnames = list(c("-3", "-2", "-1", "0", "1"), "C")), 
    LR49_SNP1 = structure(c(8, 66, 162, 0, 3, 205), dim = 3:2, dimnames = list(
        c("-2", "-1", "0"), c("A", "G"))), LR52_SNP1 = structure(c(0, 
    0, 0, 0, 0, 0, 0, 4, 31, 4, 70, 0, 0, 19, 0, 2, 84, 0), dim = c(6L, 
    3L), dimnames = list(c("-4", "-3", "-2", "-1", "0", "1"), 
        c("-", "C", "T"))))
