Result <-
list(DEPDC2_SNP1 = structure(c(0, 0, 8, 79, 1, 0, 2, 142, 0, 
0), dim = c(5L, 2L), dimnames = list(c("-2", "-1", "0", "1", 
"2"), c("C", "T"))), GM01_SNP1 = structure(c(1, 32, 0, 0, 39, 
0), dim = 3:2, dimnames = list(c("-1", "0", "1"), c("A", "G"))), 
    GM07_SNP1 = structure(c(2, 1, 20, 2, 0, 3, 1, 20, 0, 0), dim = c(5L, 
    2L), dimnames = list(c("-2", "-1", "0", "1", "2"), c("A", 
    "G"))), GM09_SNP1 = structure(c(0, 7, 1, 5, 130, 0, 0, 0, 
    0), dim = c(3L, 3L), dimnames = list(c("-1", "0", "1"), c("A", 
    "G", "T"))), GM11_SNP1 = structure(c(1, 22, 0, 0, 0, 4, 0, 
    0), dim = c(4L, 2L), dimnames = list(c("-1", "0", "1", "2"
    ), c("A", "G"))), GM14_SNP1 = structure(c(0, 5, 2, 85, 1, 
    0, 0, 0, 0, 5, 0, 0), dim = c(6L, 2L), dimnames = list(c("-3", 
    "-2", "-1", "0", "1", "2"), c("C", "T"))), GM17_SNP1 = structure(c(0, 
    10, 98, 0, 0, 0, 5, 0), dim = c(4L, 2L), dimnames = list(
        c("-2", "-1", "0", "1"), c("C", "T"))), GM22_SNP1 = structure(c(0, 
    21, 0, 0, 28, 0), dim = 3:2, dimnames = list(c("-1", "0", 
    "1"), c("A", "G"))), GM26_SNP1 = structure(c(0, 4, 27, 0, 
    0, 0, 6, 0), dim = c(4L, 2L), dimnames = list(c("-2", "-1", 
    "0", "1"), c("A", "G"))), GM29_SNP1 = structure(c(0, 1, 23, 
    0, 0, 0, 1, 0, 0, 3, 24, 0), dim = 4:3, dimnames = list(c("-2", 
    "-1", "0", "1"), c("A", "C", "G"))), IM16_SNP1 = structure(c(5, 
    15, 0, 0, 12, 1), dim = 3:2, dimnames = list(c("-1", "0", 
    "1"), c("A", "G"))), IM49_SNP1 = structure(c(0, 0, 0, 1, 
    0, 0, 15, 12, 4, 92, 1, 0, 0, 0, 27, 100, 1, 0, 0, 0, 0, 
    0, 0, 0), dim = c(6L, 4L), dimnames = list(c("-3", "-2", 
    "-1", "0", "1", "2"), c("A", "C", "G", "T"))), LR10_SNP1 = structure(c(0, 
    0, 0, 1, 2, 0, 0, 30, 0), dim = c(3L, 3L), dimnames = list(
        c("-1", "0", "1"), c("A", "C", "T"))), LR11_SNP1 = structure(c(0, 
    0, 0, 0, 0, 0, 1, 28, 3, 0, 0, 1, 24, 0, 0, 0, 0, 0, 0, 0
    ), dim = 5:4, dimnames = list(c("-2", "-1", "0", "1", "2"
    ), c("-", "A", "C", "T"))), LR17_SNP1 = structure(c(0, 6, 
    65, 0, 0), dim = c(5L, 1L), dimnames = list(c("-2", "-1", 
    "0", "1", "2"), "A")), LR20_SNP1 = structure(c(0, 35, 0, 
    0, 33, 0), dim = 3:2, dimnames = list(c("-1", "0", "1"), 
        c("A", "G"))), LR24_SNP1 = structure(c(0, 0, 0, 0, 7, 
    0, 9, 221, 0), dim = c(3L, 3L), dimnames = list(c("-1", "0", 
    "1"), c("-", "A", "G"))), LR36_SNP1 = structure(c(0, 0, 0, 
    6, 0, 0, 0, 0, 0, 0, 0, 0, 13, 64, 0), dim = c(5L, 3L), dimnames = list(
        c("-3", "-2", "-1", "0", "1"), c("A", "C", "T"))), LR40_SNP1 = structure(c(0, 
    22, 0, 0, 23, 0), dim = 3:2, dimnames = list(c("-1", "0", 
    "1"), c("A", "C"))), LR44_SNP1 = structure(c(0, 0, 0, 0, 
    1, 0, 0, 1, 0, 0, 32, 1, 0, 0, 1, 6, 35, 0), dim = c(6L, 
    3L), dimnames = list(c("-4", "-3", "-2", "-1", "0", "1"), 
        c("-", "C", "T"))), LR46_SNP1 = structure(c(0, 47, 0, 
    0, 6, 0), dim = 3:2, dimnames = list(c("-1", "0", "1"), c("G", 
    "T"))), LR48_SNP1 = structure(c(0, 4, 39, 0, 0, 1, 1, 0), dim = c(4L, 
    2L), dimnames = list(c("-2", "-1", "0", "1"), c("C", "T"))), 
    LR49_SNP1 = structure(c(3, 32, 0, 0, 58, 0), dim = 3:2, dimnames = list(
        c("-1", "0", "1"), c("A", "G"))), LR52_SNP1 = structure(c(0, 
    1, 2, 1, 9, 0, 0, 0, 0, 8), dim = c(5L, 2L), dimnames = list(
        c("-4", "-3", "-2", "-1", "0"), c("C", "T"))))
