Result <-
list(DEPDC2_SNP1 = structure(c(0, 0, 465, 84, 1, 0, 0, 541, 0, 
0), dim = c(5L, 2L), dimnames = list(c("-2", "-1", "0", "1", 
"2"), c("C", "T"))), GM01_SNP1 = structure(c(0, 1, 480, 0, 0, 
0, 1, 2, 0, 0), dim = c(5L, 2L), dimnames = list(c("-2", "-1", 
"0", "1", "2"), c("A", "G"))), GM07_SNP1 = structure(c(0, 1, 
2, 0, 0, 5, 127, 316, 4, 0), dim = c(5L, 2L), dimnames = list(
    c("-2", "-1", "0", "1", "2"), c("A", "G"))), GM09_SNP1 = structure(c(1, 
5, 0, 3, 636, 0), dim = 3:2, dimnames = list(c("-1", "0", "1"
), c("A", "G"))), GM11_SNP1 = structure(c(0, 87, 0, 8, 92, 0), dim = 3:2, dimnames = list(
    c("-1", "0", "1"), c("A", "G"))), GM14_SNP1 = structure(c(0, 
0, 0, 0, 0, 0, 0, 1, 0, 0, 11, 22, 479, 17, 2, 0, 0, 4, 0, 0), dim = 5:4, dimnames = list(
    c("-2", "-1", "0", "1", "2"), c("-", "A", "C", "T"))), GM17_SNP1 = structure(c(0, 
0, 0, 0, 0, 0, 1, 0, 0, 141, 473, 2), dim = 4:3, dimnames = list(
    c("-2", "-1", "0", "1"), c("A", "C", "T"))), GM22_SNP1 = structure(c(0, 
3, 172, 0, 0, 0, 147, 0), dim = c(4L, 2L), dimnames = list(c("-2", 
"-1", "0", "1"), c("A", "G"))), GM26_SNP1 = structure(c(0, 301, 
1, 0, 4, 0), dim = 3:2, dimnames = list(c("-1", "0", "1"), c("A", 
"G"))), GM29_SNP1 = structure(c(0, 5, 227, 0, 0, 23, 163, 0), dim = c(4L, 
2L), dimnames = list(c("-2", "-1", "0", "1"), c("A", "G"))), 
    IM16_SNP1 = structure(c(2, 32, 94, 0, 0, 0, 0, 119, 1, 0), dim = c(5L, 
    2L), dimnames = list(c("-2", "-1", "0", "1", "2"), c("A", 
    "G"))), IM49_SNP1 = structure(c(0, 14, 148, 795, 0, 0, 0, 
    0, 1, 1, 0, 0), dim = c(6L, 2L), dimnames = list(c("-3", 
    "-2", "-1", "0", "1", "2"), c("C", "G"))), LR10_SNP1 = structure(c(0, 
    0, 3, 0, 0, 38, 323, 4), dim = c(4L, 2L), dimnames = list(
        c("-2", "-1", "0", "1"), c("C", "T"))), LR11_SNP1 = structure(c(0, 
    0, 3, 0, 0, 0, 0, 5, 198, 25, 1, 0), dim = c(6L, 2L), dimnames = list(
        c("-2", "-1", "0", "1", "2", "3"), c("A", "C"))), LR17_SNP1 = structure(c(0, 
    46, 222, 2, 0), dim = c(5L, 1L), dimnames = list(c("-2", 
    "-1", "0", "1", "2"), "A")), LR20_SNP1 = structure(c(0, 0, 
    0, 36, 171, 0, 0, 222, 0, 0, 0, 0), dim = 3:4, dimnames = list(
        c("-1", "0", "1"), c("-", "A", "G", "T"))), LR24_SNP1 = structure(c(0, 
    0, 0, 0, 0, 30, 492, 0, 3, 87, 391, 1, 0, 1, 0, 0), dim = c(4L, 
    4L), dimnames = list(c("-2", "-1", "0", "1"), c("-", "A", 
    "G", "T"))), LR36_SNP1 = structure(c(0, 0, 0, 0, 4, 0, 0, 
    0, 0, 0, 0, 0, 0, 0, 0, 0, 17, 120, 482, 3, 0), dim = c(7L, 
    3L), dimnames = list(c("-4", "-3", "-2", "-1", "0", "1", 
    "2"), c("A", "C", "T"))), LR40_SNP1 = structure(c(4, 191, 
    0, 0, 0, 0), dim = 3:2, dimnames = list(c("-1", "0", "1"), 
        c("C", "T"))), LR44_SNP1 = structure(c(0, 0, 0, 1, 2, 
    0, 0, 0, 0, 4, 54, 310, 2, 0, 0, 0, 0, 0, 0, 0, 0, 0, 0, 
    0, 0, 9, 0, 1), dim = c(7L, 4L), dimnames = list(c("-4", 
    "-3", "-2", "-1", "0", "1", "2"), c("A", "C", "G", "T"))), 
    LR46_SNP1 = structure(c(2, 148, 0, 35, 120, 0), dim = 3:2, dimnames = list(
        c("-1", "0", "1"), c("G", "T"))), LR48_SNP1 = structure(c(0, 
    0, 0, 0, 0, 0, 2, 112, 0, 0, 0, 36, 116, 0, 0), dim = c(5L, 
    3L), dimnames = list(c("-2", "-1", "0", "1", "2"), c("A", 
    "C", "T"))), LR49_SNP1 = structure(c(0, 6, 0, 4, 629, 0), dim = 3:2, dimnames = list(
        c("-1", "0", "1"), c("A", "G"))), LR52_SNP1 = structure(c(0, 
    4, 19, 61, 0, 0, 0, 0, 13, 77, 1, 0), dim = c(6L, 2L), dimnames = list(
        c("-3", "-2", "-1", "0", "1", "2"), c("C", "T"))))
