Result <-
list(DEPDC2_SNP1 = structure(c(0, 0, 0, 0, 0, 0, 0, 0, 2, 0, 
0, 0, 5, 2611, 11), dim = c(5L, 3L), dimnames = list(c("-3", 
"-2", "-1", "0", "1"), c("A", "C", "T"))), GM01_SNP1 = structure(c(11, 
1772, 3, 0, 1, 2, 0, 0), dim = c(4L, 2L), dimnames = list(c("-1", 
"0", "1", "2"), c("A", "G"))), GM07_SNP1 = structure(c(0, 0, 
0, 0, 0, 2, 40, 801, 14, 1, 2, 52, 737, 9, 0), dim = c(5L, 3L
), dimnames = list(c("-2", "-1", "0", "1", "2"), c("-", "A", 
"G"))), GM09_SNP1 = structure(c(0, 6, 1443, 0, 0, 0, 0, 1258, 
0, 0, 0, 0, 0, 0, 0), dim = c(5L, 3L), dimnames = list(c("-2", 
"-1", "0", "1", "2"), c("A", "G", "T"))), GM11_SNP1 = structure(c(0, 
1, 461, 1, 0, 6, 434, 1), dim = c(4L, 2L), dimnames = list(c("-2", 
"-1", "0", "1"), c("A", "G"))), GM14_SNP1 = structure(c(1, 31, 
932, 9, 0, 10, 878, 0), dim = c(4L, 2L), dimnames = list(c("-2", 
"-1", "0", "1"), c("C", "T"))), GM17_SNP1 = structure(c(0, 0, 
0, 0, 0, 6, 1389, 2, 0, 7, 1362, 2), dim = 4:3, dimnames = list(
    c("-2", "-1", "0", "1"), c("-", "C", "T"))), GM22_SNP1 = structure(c(1, 
5, 809, 1, 0, 5, 849, 1, 0, 0, 0, 0), dim = 4:3, dimnames = list(
    c("-2", "-1", "0", "1"), c("A", "G", "T"))), GM26_SNP1 = structure(c(6, 
1236, 1, 0, 1, 0), dim = 3:2, dimnames = list(c("-1", "0", "1"
), c("A", "G"))), GM29_SNP1 = structure(c(0, 0, 40, 1515, 4, 
0, 0, 0, 0, 2, 0, 0), dim = c(6L, 2L), dimnames = list(c("-3", 
"-2", "-1", "0", "1", "2"), c("A", "G"))), IM16_SNP1 = structure(c(15, 
1218, 7, 0, 0, 3, 0, 1), dim = c(4L, 2L), dimnames = list(c("-1", 
"0", "1", "2"), c("A", "G"))), IM49_SNP1 = structure(c(0, 18, 
401, 847, 11, 0, 0, 0, 4, 363, 738, 7, 0, 0), dim = c(7L, 2L), dimnames = list(
    c("-3", "-2", "-1", "0", "1", "2", "3"), c("C", "G"))), LR10_SNP1 = structure(c(10, 
1474, 7, 0, 3, 0), dim = 3:2, dimnames = list(c("-1", "0", "1"
), c("C", "T"))), LR11_SNP1 = structure(c(0, 0, 0, 0, 0, 2, 255, 
1251, 2, 0), dim = c(5L, 2L), dimnames = list(c("-2", "-1", "0", 
"1", "2"), c("A", "C"))), LR17_SNP1 = structure(c(0, 7, 305, 
1394, 16, 0, 0, 0, 0, 0, 0, 0), dim = c(6L, 2L), dimnames = list(
    c("-3", "-2", "-1", "0", "1", "2"), c("A", "G"))), LR20_SNP1 = structure(c(0, 
1, 0, 0, 3, 1284, 1, 0), dim = c(4L, 2L), dimnames = list(c("-1", 
"0", "1", "2"), c("A", "G"))), LR24_SNP1 = structure(c(0, 0, 
1, 0, 0, 0, 4, 1428, 0, 0, 0, 4, 1340, 1, 0), dim = c(5L, 3L), dimnames = list(
    c("-2", "-1", "0", "1", "2"), c("-", "A", "G"))), LR36_SNP1 = structure(c(0, 
0, 0, 0, 0, 0, 5, 346, 1899, 10, 0, 0, 0, 1, 0, 0, 0, 0, 1, 0
), dim = 5:4, dimnames = list(c("-3", "-2", "-1", "0", "1"), 
    c("-", "A", "G", "T"))), LR40_SNP1 = structure(c(0, 0, 0, 
0, 0, 12, 1186, 0, 0, 0, 0, 0), dim = 4:3, dimnames = list(c("-2", 
"-1", "0", "1"), c("A", "C", "T"))), LR44_SNP1 = structure(c(0, 
0, 0, 0, 0, 0, 4, 136, 10, 230, 2, 0, 0, 5, 63, 353, 4, 0), dim = c(6L, 
3L), dimnames = list(c("-3", "-2", "-1", "0", "1", "2"), c("A", 
"C", "T"))), LR46_SNP1 = structure(c(3, 1391, 3, 0, 2, 0), dim = 3:2, dimnames = list(
    c("-1", "0", "1"), c("G", "T"))), LR48_SNP1 = structure(c(1, 
16, 1068, 10, 0), dim = c(5L, 1L), dimnames = list(c("-2", "-1", 
"0", "1", "2"), "C")), LR49_SNP1 = structure(c(0, 0, 0, 8, 1976, 
0, 0, 2, 0), dim = c(3L, 3L), dimnames = list(c("-1", "0", "1"
), c("-", "A", "G"))), LR52_SNP1 = structure(c(2, 4, 67, 406, 
3, 0, 1, 27, 436, 6), dim = c(5L, 2L), dimnames = list(c("-3", 
"-2", "-1", "0", "1"), c("C", "T"))))
