Result <-
list(DEPDC2_SNP1 = structure(c(0, 0, 0, 0, 4, 330, 94, 4, 1, 
400, 2, 1), dim = 4:3, dimnames = list(c("-1", "0", "1", "2"), 
    c("A", "C", "T"))), GM01_SNP1 = structure(c(0, 0, 0, 0, 0, 
4, 375, 0, 0, 0, 1, 0, 0, 0, 0, 0), dim = c(4L, 4L), dimnames = list(
    c("-2", "-1", "0", "1"), c("-", "A", "G", "T"))), GM07_SNP1 = structure(c(0, 
0, 6, 0, 0, 4, 83, 200, 4, 0), dim = c(5L, 2L), dimnames = list(
    c("-2", "-1", "0", "1", "2"), c("A", "G"))), GM09_SNP1 = structure(c(5, 
6, 1, 30, 93, 8, 0, 1, 0), dim = c(3L, 3L), dimnames = list(c("-1", 
"0", "1"), c("A", "G", "T"))), GM11_SNP1 = structure(c(0, 0, 
0, 1, 81, 0, 11, 73, 0), dim = c(3L, 3L), dimnames = list(c("-1", 
"0", "1"), c("-", "A", "G"))), GM14_SNP1 = structure(c(0, 0, 
0, 0, 0, 0, 0, 3, 19, 408, 10, 0, 0, 0, 1, 4, 0, 0), dim = c(6L, 
3L), dimnames = list(c("-3", "-2", "-1", "0", "1", "2"), c("A", 
"C", "T"))), GM17_SNP1 = structure(c(0, 0, 13, 0, 0, 87, 264, 
0), dim = c(4L, 2L), dimnames = list(c("-2", "-1", "0", "1"), 
    c("C", "T"))), GM22_SNP1 = structure(c(0, 5, 157, 0, 0, 3, 
127, 0), dim = c(4L, 2L), dimnames = list(c("-2", "-1", "0", 
"1"), c("A", "G"))), GM26_SNP1 = structure(c(1, 165, 1, 0, 4, 
0), dim = 3:2, dimnames = list(c("-1", "0", "1"), c("A", "G"))), 
    GM29_SNP1 = structure(c(0, 5, 145, 0, 0, 17, 105, 0), dim = c(4L, 
    2L), dimnames = list(c("-2", "-1", "0", "1"), c("A", "G"))), 
    IM16_SNP1 = structure(c(4, 31, 85, 0, 0, 0, 4, 130, 0, 0), dim = c(5L, 
    2L), dimnames = list(c("-2", "-1", "0", "1", "2"), c("A", 
    "G"))), IM49_SNP1 = structure(c(1, 26, 149, 796, 5, 0, 0, 
    0, 1, 5, 0, 0), dim = c(6L, 2L), dimnames = list(c("-3", 
    "-2", "-1", "0", "1", "2"), c("C", "G"))), LR10_SNP1 = structure(c(0, 
    0, 6, 0, 0, 35, 194, 0), dim = c(4L, 2L), dimnames = list(
        c("-2", "-1", "0", "1"), c("C", "T"))), LR11_SNP1 = structure(c(0, 
    0, 3, 0, 0, 0, 5, 261, 23, 0, 0, 0, 1, 0, 0), dim = c(5L, 
    3L), dimnames = list(c("-2", "-1", "0", "1", "2"), c("A", 
    "C", "T"))), LR17_SNP1 = structure(c(0, 1, 41, 206, 0, 0, 
    0, 0, 0, 0), dim = c(5L, 2L), dimnames = list(c("-3", "-2", 
    "-1", "0", "1"), c("A", "T"))), LR20_SNP1 = structure(c(32, 
    86, 0, 0, 162, 0), dim = 3:2, dimnames = list(c("-1", "0", 
    "1"), c("A", "G"))), LR24_SNP1 = structure(c(0, 0, 23, 490, 
    0, 0, 1, 127, 314, 0, 0, 0, 0, 0, 0), dim = c(5L, 3L), dimnames = list(
        c("-3", "-2", "-1", "0", "1"), c("A", "G", "T"))), LR36_SNP1 = structure(c(0, 
    0, 2, 7, 0, 0, 0, 0, 0, 0, 0, 0, 0, 0, 0, 0, 8, 121, 356, 
    3), dim = 5:4, dimnames = list(c("-3", "-2", "-1", "0", "1"
    ), c("A", "C", "G", "T"))), LR40_SNP1 = structure(c(7, 180, 
    3), dim = c(3L, 1L), dimnames = list(c("-1", "0", "1"), "C")), 
    LR44_SNP1 = structure(c(0, 0, 0, 0, 0, 0, 0, 0, 0, 1, 0, 
    0, 1, 16, 52, 238, 7, 0, 0, 0, 0, 1, 0, 0, 0, 0, 1, 13, 0, 
    0), dim = 6:5, dimnames = list(c("-3", "-2", "-1", "0", "1", 
    "2"), c("-", "A", "C", "G", "T"))), LR46_SNP1 = structure(c(1, 
    98, 0, 24, 64, 0), dim = 3:2, dimnames = list(c("-1", "0", 
    "1"), c("G", "T"))), LR48_SNP1 = structure(c(0, 9, 96, 0, 
    0, 0, 0, 0, 0, 12, 64, 0), dim = 4:3, dimnames = list(c("-2", 
    "-1", "0", "1"), c("C", "G", "T"))), LR49_SNP1 = structure(c(0, 
    7, 0, 9, 395, 0), dim = 3:2, dimnames = list(c("-1", "0", 
    "1"), c("A", "G"))), LR52_SNP1 = structure(c(0, 3, 18, 47, 
    0, 0, 0, 0, 0, 0, 0, 0, 0, 2, 5, 66, 0, 0), dim = c(6L, 3L
    ), dimnames = list(c("-3", "-2", "-1", "0", "1", "2"), c("C", 
    "G", "T"))))
