Result <-
list(DEPDC2_SNP1 = structure(c(0, 0, 45, 245, 2), dim = c(5L, 
1L), dimnames = list(c("-3", "-2", "-1", "0", "1"), "T")), GM01_SNP1 = structure(c(0, 
33, 101, 0, 0, 0, 1, 0), dim = c(4L, 2L), dimnames = list(c("-2", 
"-1", "0", "1"), c("A", "G"))), GM07_SNP1 = structure(c(0, 1, 
0, 3, 0, 0, 0, 0, 0, 0, 0, 0, 0, 0, 21, 65, 2, 0), dim = c(6L, 
3L), dimnames = list(c("-3", "-2", "-1", "0", "1", "2"), c("A", 
"C", "G"))), GM09_SNP1 = structure(c(0, 2, 114, 0, 0, 1, 132, 
0), dim = c(4L, 2L), dimnames = list(c("-2", "-1", "0", "1"), 
    c("A", "G"))), GM11_SNP1 = structure(c(0, 3, 19, 0, 0, 1, 
36, 0), dim = c(4L, 2L), dimnames = list(c("-2", "-1", "0", "1"
), c("A", "G"))), GM14_SNP1 = structure(c(2, 25, 150, 0, 0, 0, 
0, 2, 0, 0), dim = c(5L, 2L), dimnames = list(c("-2", "-1", "0", 
"1", "2"), c("C", "T"))), GM17_SNP1 = structure(c(0, 15, 65, 
0, 0, 5, 86, 0), dim = c(4L, 2L), dimnames = list(c("-2", "-1", 
"0", "1"), c("C", "T"))), GM22_SNP1 = structure(c(0, 30, 86, 
0, 0, 0, 4, 0, 0, 0, 0, 0), dim = 4:3, dimnames = list(c("-2", 
"-1", "0", "1"), c("A", "G", "T"))), GM26_SNP1 = structure(c(0, 
5, 0, 1, 74, 0), dim = 3:2, dimnames = list(c("-1", "0", "1"), 
    c("A", "G"))), GM29_SNP1 = structure(c(0, 2, 72, 0), dim = c(4L, 
1L), dimnames = list(c("-2", "-1", "0", "1"), "G")), IM16_SNP1 = structure(c(0, 
1, 0, 2, 75, 2), dim = 3:2, dimnames = list(c("-1", "0", "1"), 
    c("A", "G"))), IM49_SNP1 = structure(c(0, 10, 177, 1, 0, 
0, 10, 140, 1, 0), dim = c(5L, 2L), dimnames = list(c("-2", "-1", 
"0", "1", "2"), c("C", "G"))), LR10_SNP1 = structure(c(0, 1, 
2, 0, 0, 19, 112, 0), dim = c(4L, 2L), dimnames = list(c("-2", 
"-1", "0", "1"), c("C", "T"))), LR11_SNP1 = structure(c(0, 0, 
0, 0, 0, 5, 69, 0, 0, 3, 39, 0), dim = 4:3, dimnames = list(c("-2", 
"-1", "0", "1"), c("-", "A", "C"))), LR17_SNP1 = structure(c(0, 
1, 43, 81, 0, 0, 0, 0, 0, 0), dim = c(5L, 2L), dimnames = list(
    c("-3", "-2", "-1", "0", "1"), c("A", "G"))), LR20_SNP1 = structure(c(3, 
61, 0, 0, 61, 0), dim = 3:2, dimnames = list(c("-1", "0", "1"
), c("A", "G"))), LR24_SNP1 = structure(c(0, 0, 0, 0, 1, 25, 
187, 0, 0, 7, 194, 0), dim = 4:3, dimnames = list(c("-2", "-1", 
"0", "1"), c("-", "A", "G"))), LR36_SNP1 = structure(c(0, 0, 
0, 3, 66, 0, 0, 0, 0, 0, 0, 0, 0, 0, 0, 0, 3, 10, 45, 0, 0), dim = c(7L, 
3L), dimnames = list(c("-4", "-3", "-2", "-1", "0", "1", "2"), 
    c("A", "G", "T"))), LR40_SNP1 = structure(c(0, 0, 0, 8, 48, 
0), dim = 3:2, dimnames = list(c("-1", "0", "1"), c("A", "C"))), 
    LR44_SNP1 = structure(c(0, 6, 45, 99, 1, 0, 0, 1, 10, 0), dim = c(5L, 
    2L), dimnames = list(c("-3", "-2", "-1", "0", "1"), c("C", 
    "T"))), LR46_SNP1 = structure(c(1, 35, 1, 30), dim = c(2L, 
    2L), dimnames = list(c("-1", "0"), c("G", "T"))), LR48_SNP1 = structure(c(0, 
    2, 37, 2, 3, 18, 14, 0), dim = c(4L, 2L), dimnames = list(
        c("-2", "-1", "0", "1"), c("C", "T"))), LR49_SNP1 = structure(c(0, 
    59, 0, 2, 52, 0, 0, 0, 0), dim = c(3L, 3L), dimnames = list(
        c("-1", "0", "1"), c("A", "G", "T"))), LR52_SNP1 = structure(c(0, 
    9, 13, 32, 0), dim = c(5L, 1L), dimnames = list(c("-3", "-2", 
    "-1", "0", "1"), "T")))
