Result <-
list(DEPDC2_SNP1 = structure(c(0, 0, 3, 0, 1, 18, 2351, 5), dim = c(4L, 
2L), dimnames = list(c("-2", "-1", "0", "1"), c("C", "T"))), 
    GM01_SNP1 = structure(c(0, 0, 0, 0, 0, 0, 12, 2184, 4, 0, 
    0, 0, 1, 0, 0, 0, 0, 0, 0, 0), dim = 5:4, dimnames = list(
        c("-2", "-1", "0", "1", "2"), c("-", "A", "G", "T"))), 
    GM07_SNP1 = structure(c(0, 0, 0, 0, 0, 0, 0, 2, 152, 540, 
    3, 0, 1, 16, 244, 426, 7, 0, 0, 0, 0, 0, 0, 0), dim = c(6L, 
    4L), dimnames = list(c("-3", "-2", "-1", "0", "1", "2"), 
        c("-", "A", "G", "T"))), GM09_SNP1 = structure(c(0, 2, 
    0, 49, 261, 20, 49, 239, 18, 0, 1, 0), dim = 3:4, dimnames = list(
        c("-1", "0", "1"), c("-", "A", "G", "T"))), GM11_SNP1 = structure(c(1, 
    209, 1093, 0, 0, 0, 0, 0, 0, 0, 4, 0), dim = 4:3, dimnames = list(
        c("-2", "-1", "0", "1"), c("A", "C", "G"))), GM14_SNP1 = structure(c(0, 
    0, 0, 0, 0, 0, 0, 0, 0, 1, 0, 0, 0, 3, 155, 2039, 12, 0, 
    0, 0, 0, 4, 0, 0), dim = c(6L, 4L), dimnames = list(c("-3", 
    "-2", "-1", "0", "1", "2"), c("-", "A", "C", "T"))), GM17_SNP1 = structure(c(0, 
    0, 0, 0, 0, 8, 1339, 3, 0, 5, 1354, 4), dim = 4:3, dimnames = list(
        c("-2", "-1", "0", "1"), c("A", "C", "T"))), GM22_SNP1 = structure(c(0, 
    104, 1702, 1, 0, 0, 1, 0, 0, 0, 0, 0), dim = 4:3, dimnames = list(
        c("-2", "-1", "0", "1"), c("A", "G", "T"))), GM26_SNP1 = structure(c(0, 
    0, 35, 1171, 1, 0, 0, 0, 2, 0), dim = c(5L, 2L), dimnames = list(
        c("-3", "-2", "-1", "0", "1"), c("A", "G"))), GM29_SNP1 = structure(c(4, 
    15, 700, 0, 0, 0, 0, 0, 0, 22, 737, 4), dim = 4:3, dimnames = list(
        c("-2", "-1", "0", "1"), c("A", "C", "G"))), IM16_SNP1 = structure(c(0, 
    116, 676, 6, 13, 273, 566, 3), dim = c(4L, 2L), dimnames = list(
        c("-2", "-1", "0", "1"), c("A", "G"))), IM49_SNP1 = structure(c(0, 
    0, 0, 0, 0, 0, 1, 137, 1110, 11, 0, 0, 0, 63, 1002, 10, 0, 
    0), dim = c(6L, 3L), dimnames = list(c("-2", "-1", "0", "1", 
    "2", "3"), c("A", "C", "G"))), LR10_SNP1 = structure(c(0, 
    0, 0, 4, 0, 0, 0, 215, 1562, 11), dim = c(5L, 2L), dimnames = list(
        c("-3", "-2", "-1", "0", "1"), c("C", "T"))), LR11_SNP1 = structure(c(0, 
    0, 2, 0, 10, 171, 1990, 7, 0, 0, 0, 0), dim = 4:3, dimnames = list(
        c("-2", "-1", "0", "1"), c("A", "C", "G"))), LR17_SNP1 = structure(c(0, 
    2, 199, 1849, 54, 1, 0, 0, 0, 0, 0, 0), dim = c(6L, 2L), dimnames = list(
        c("-3", "-2", "-1", "0", "1", "2"), c("A", "G"))), LR20_SNP1 = structure(c(0, 
    4, 0, 0, 0, 0, 103, 1731, 0), dim = c(3L, 3L), dimnames = list(
        c("-1", "0", "1"), c("A", "C", "G"))), LR24_SNP1 = structure(c(5, 
    146, 1333, 0, 0, 18, 1639, 2, 0, 0, 0, 0), dim = 4:3, dimnames = list(
        c("-2", "-1", "0", "1"), c("A", "G", "T"))), LR36_SNP1 = structure(c(0, 
    42, 201, 824, 2, 0, 0, 0, 0, 0, 0, 6, 127, 910, 8), dim = c(5L, 
    3L), dimnames = list(c("-3", "-2", "-1", "0", "1"), c("A", 
    "G", "T"))), LR40_SNP1 = structure(c(0, 6, 778, 1, 0, 3, 
    770, 1, 0, 0, 0, 0), dim = 4:3, dimnames = list(c("-2", "-1", 
    "0", "1"), c("A", "C", "T"))), LR44_SNP1 = structure(c(0, 
    0, 0, 1, 0, 0, 0, 15, 105, 333, 4, 0, 2, 30, 54, 459, 14, 
    1), dim = c(6L, 3L), dimnames = list(c("-3", "-2", "-1", 
    "0", "1", "2"), c("-", "C", "T"))), LR46_SNP1 = structure(c(0, 
    0, 0, 0, 0, 10, 754, 0, 2, 27, 730, 0), dim = 4:3, dimnames = list(
        c("-2", "-1", "0", "1"), c("C", "G", "T"))), LR48_SNP1 = structure(c(0, 
    0, 0, 0, 0, 0, 0, 251, 198, 704, 4, 0, 0, 0, 0, 2, 0, 0), dim = c(6L, 
    3L), dimnames = list(c("-3", "-2", "-1", "0", "1", "2"), 
        c("A", "C", "T"))), LR49_SNP1 = structure(c(0, 2, 0, 
    39, 1796, 0, 0, 0, 0), dim = c(3L, 3L), dimnames = list(c("-1", 
    "0", "1"), c("A", "G", "T"))), LR52_SNP1 = structure(c(0, 
    0, 0, 1, 3, 0, 1, 55, 191, 139, 645, 1), dim = c(6L, 2L), dimnames = list(
        c("-4", "-3", "-2", "-1", "0", "1"), c("C", "T"))))
