Result <-
list(DEPDC2_SNP1 = structure(c(0, 0, 0, 0, 0, 0, 0, 0, 4, 0, 
0, 0, 9, 1671, 5), dim = c(5L, 3L), dimnames = list(c("-3", "-2", 
"-1", "0", "1"), c("A", "C", "T"))), GM01_SNP1 = structure(c(0, 
0, 0, 7, 990, 2, 0, 0, 0, 0, 4, 0, 0, 0, 0), dim = c(3L, 5L), dimnames = list(
    c("-1", "0", "1"), c("-", "A", "C", "G", "T"))), GM07_SNP1 = structure(c(0, 
80, 342, 2, 0, 0, 1, 75, 334, 9, 1, 0), dim = c(6L, 2L), dimnames = list(
    c("-2", "-1", "0", "1", "2", "3"), c("A", "G"))), GM09_SNP1 = structure(c(1, 
708, 0, 14, 626, 1), dim = 3:2, dimnames = list(c("-1", "0", 
"1"), c("A", "G"))), GM11_SNP1 = structure(c(0, 0, 575, 20, 0, 
0, 0, 2, 0, 0), dim = c(5L, 2L), dimnames = list(c("-2", "-1", 
"0", "1", "2"), c("A", "G"))), GM14_SNP1 = structure(c(0, 1, 
12, 1039, 0, 0, 0, 0, 1, 0), dim = c(5L, 2L), dimnames = list(
    c("-3", "-2", "-1", "0", "1"), c("C", "T"))), GM17_SNP1 = structure(c(1, 
6, 1049, 77, 0, 0, 0, 0, 0, 0, 0, 0, 7, 0, 0), dim = c(5L, 3L
), dimnames = list(c("-2", "-1", "0", "1", "2"), c("C", "G", 
"T"))), GM22_SNP1 = structure(c(1, 5, 833, 0, 0, 0, 0, 1, 0, 
0), dim = c(5L, 2L), dimnames = list(c("-2", "-1", "0", "1", 
"2"), c("A", "G"))), GM26_SNP1 = structure(c(0, 73, 596, 1, 0, 
0, 1, 0), dim = c(4L, 2L), dimnames = list(c("-2", "-1", "0", 
"1"), c("A", "G"))), GM29_SNP1 = structure(c(28, 622, 0, 0, 1, 
0, 0, 0, 0), dim = c(3L, 3L), dimnames = list(c("-1", "0", "1"
), c("A", "G", "T"))), IM16_SNP1 = structure(c(6, 694, 4, 0, 
1, 3, 0, 0), dim = c(4L, 2L), dimnames = list(c("-1", "0", "1", 
"2"), c("A", "G"))), IM49_SNP1 = structure(c(0, 1, 0, 0, 0, 0, 
16, 620, 4, 0, 3, 84, 400, 2, 0), dim = c(5L, 3L), dimnames = list(
    c("-2", "-1", "0", "1", "2"), c("-", "C", "G"))), LR10_SNP1 = structure(c(0, 
3, 408, 1, 0, 1, 390, 2), dim = c(4L, 2L), dimnames = list(c("-2", 
"-1", "0", "1"), c("C", "T"))), LR11_SNP1 = structure(c(0, 1, 
87, 801, 2, 0, 0, 0, 0, 8, 1, 0), dim = c(6L, 2L), dimnames = list(
    c("-4", "-2", "-1", "0", "1", "2"), c("A", "C"))), LR17_SNP1 = structure(c(13, 
20, 37, 579, 2, 0, 0, 0, 0, 0, 0, 0, 0, 0, 0, 0, 0, 0), dim = c(6L, 
3L), dimnames = list(c("-3", "-2", "-1", "0", "1", "2"), c("A", 
"G", "T"))), LR20_SNP1 = structure(c(0, 0, 0, 1, 1017, 0), dim = 3:2, dimnames = list(
    c("-1", "0", "1"), c("A", "G"))), LR24_SNP1 = structure(c(0, 
0, 0, 0, 0, 7, 884, 1, 0, 0, 0, 0, 0, 25, 928, 1), dim = c(4L, 
4L), dimnames = list(c("-3", "-1", "0", "1"), c("-", "A", "C", 
"G"))), LR36_SNP1 = structure(c(0, 0, 0, 0, 0, 0, 0, 1, 7, 53, 
12, 778, 4, 0, 0, 0, 0, 0, 1, 0, 0), dim = c(7L, 3L), dimnames = list(
    c("-4", "-3", "-2", "-1", "0", "1", "2"), c("-", "A", "T"
    ))), LR40_SNP1 = structure(c(3, 644, 0, 0, 1, 0), dim = 3:2, dimnames = list(
    c("-1", "0", "1"), c("C", "T"))), LR44_SNP1 = structure(c(0, 
0, 0, 0, 0, 0, 0, 1, 7, 0, 0, 62, 83, 551, 3), dim = c(5L, 3L
), dimnames = list(c("-3", "-2", "-1", "0", "1"), c("A", "C", 
"T"))), LR46_SNP1 = structure(c(2, 630, 0, 0, 0, 0), dim = 3:2, dimnames = list(
    c("-1", "0", "1"), c("G", "T"))), LR48_SNP1 = structure(c(0, 
59, 511, 3, 0, 0, 1, 0), dim = c(4L, 2L), dimnames = list(c("-2", 
"-1", "0", "1"), c("C", "T"))), LR49_SNP1 = structure(c(1, 527, 
2, 498, 0, 0), dim = 2:3, dimnames = list(c("-1", "0"), c("A", 
"G", "T"))), LR52_SNP1 = structure(c(0, 28, 27, 9, 265, 2, 0, 
1, 50, 3, 271, 0), dim = c(6L, 2L), dimnames = list(c("-4", "-3", 
"-2", "-1", "0", "1"), c("C", "T"))))
