Result <-
list(DEPDC2_SNP1 = structure(c(0, 0, 0, 0, 0, 9, 710, 11, 0, 
0, 0, 0, 0, 1, 23, 0), dim = c(4L, 4L), dimnames = list(c("-2", 
"-1", "0", "1"), c("A", "C", "G", "T"))), GM01_SNP1 = structure(c(0, 
9, 279, 1, 0, 0, 5, 0), dim = c(4L, 2L), dimnames = list(c("-2", 
"-1", "0", "1"), c("A", "G"))), GM07_SNP1 = structure(c(0, 2, 
2, 0, 0, 0, 27, 28, 177, 1, 0, 0), dim = c(6L, 2L), dimnames = list(
    c("-2", "-1", "0", "1", "2", "3"), c("A", "G"))), GM09_SNP1 = structure(c(10, 
614, 1, 0, 6, 0, 0, 0, 0), dim = c(3L, 3L), dimnames = list(c("-1", 
"0", "1"), c("A", "G", "T"))), GM11_SNP1 = structure(c(0, 6, 
0, 2, 138, 0), dim = 3:2, dimnames = list(c("-1", "0", "1"), 
    c("A", "G"))), GM14_SNP1 = structure(c(0, 0, 0, 0, 0, 0, 
0, 0, 2, 28, 361, 49, 4, 1, 0, 0, 0, 2, 0, 0, 0), dim = c(7L, 
3L), dimnames = list(c("-4", "-2", "-1", "0", "1", "2", "3"), 
    c("A", "C", "T"))), GM17_SNP1 = structure(c(0, 0, 5, 0, 0, 
1, 104, 369, 0, 1), dim = c(5L, 2L), dimnames = list(c("-2", 
"-1", "0", "1", "2"), c("C", "T"))), GM22_SNP1 = structure(c(0, 
0, 11, 0, 0, 0, 0, 0, 0, 1, 292, 0), dim = 4:3, dimnames = list(
    c("-2", "-1", "0", "1"), c("A", "C", "G"))), GM26_SNP1 = structure(c(0, 
0, 95, 0, 0, 0, 94, 0, 0, 0, 0, 0), dim = 4:3, dimnames = list(
    c("-2", "-1", "0", "1"), c("A", "G", "T"))), GM29_SNP1 = structure(c(0, 
0, 100, 0, 0, 0, 0, 0, 1, 41, 89, 1, 0, 0, 0, 0), dim = c(4L, 
4L), dimnames = list(c("-2", "-1", "0", "1"), c("A", "C", "G", 
"T"))), IM16_SNP1 = structure(c(0, 3, 119, 2, 0, 0, 2, 103, 0, 
0), dim = c(5L, 2L), dimnames = list(c("-2", "-1", "0", "1", 
"2"), c("A", "G"))), IM49_SNP1 = structure(c(0, 0, 0, 0, 0, 0, 
0, 37, 98, 310, 3, 0, 1, 56, 45, 221, 1, 0), dim = c(6L, 3L), dimnames = list(
    c("-3", "-2", "-1", "0", "1", "2"), c("-", "C", "G"))), LR10_SNP1 = structure(c(1, 
105, 0, 0, 108, 3), dim = 3:2, dimnames = list(c("-1", "0", "1"
), c("C", "T"))), LR11_SNP1 = structure(c(0, 3, 38, 100, 0, 0, 
0, 0, 1, 116, 1, 0), dim = c(6L, 2L), dimnames = list(c("-3", 
"-2", "-1", "0", "1", "2"), c("A", "C"))), LR17_SNP1 = structure(c(0, 
10, 53, 230, 0, 0, 0, 0, 0, 0, 0, 0), dim = c(6L, 2L), dimnames = list(
    c("-3", "-2", "-1", "0", "1", "2"), c("A", "G"))), LR20_SNP1 = structure(c(4, 
153, 0, 0, 159, 0), dim = 3:2, dimnames = list(c("-1", "0", "1"
), c("A", "G"))), LR24_SNP1 = structure(c(0, 115, 301, 0, 0, 
13, 384, 0), dim = c(4L, 2L), dimnames = list(c("-2", "-1", "0", 
"1"), c("A", "G"))), LR36_SNP1 = structure(c(0, 0, 0, 0, 0, 0, 
0, 2, 29, 169, 1, 0, 0, 0, 0, 0, 0, 0, 0, 4, 12, 127, 1, 0), dim = c(6L, 
4L), dimnames = list(c("-3", "-2", "-1", "0", "1", "2"), c("-", 
"A", "G", "T"))), LR40_SNP1 = structure(c(0, 0, 0, 6, 165, 0), dim = 3:2, dimnames = list(
    c("-1", "0", "1"), c("A", "C"))), LR44_SNP1 = structure(c(0, 
2, 3, 35, 57, 1, 0, 0, 0, 0, 1, 0, 0, 0, 0, 0, 7, 14, 96, 0, 
0), dim = c(7L, 3L), dimnames = list(c("-4", "-3", "-2", "-1", 
"0", "1", "3"), c("C", "G", "T"))), LR46_SNP1 = structure(c(0, 
41, 106, 0, 0, 0, 0, 7, 0, 0), dim = c(5L, 2L), dimnames = list(
    c("-2", "-1", "0", "1", "2"), c("G", "T"))), LR48_SNP1 = structure(c(3, 
35, 132, 1, 0, 0, 0, 0, 0, 0), dim = c(5L, 2L), dimnames = list(
    c("-2", "-1", "0", "1", "2"), c("C", "T"))), LR49_SNP1 = structure(c(0, 
0, 5, 0, 2, 6, 331, 0, 0, 0, 0, 0), dim = 4:3, dimnames = list(
    c("-2", "-1", "0", "1"), c("A", "G", "T"))), LR52_SNP1 = structure(c(0, 
4, 10, 4, 21, 0, 0, 3, 0, 3, 37, 0), dim = c(6L, 2L), dimnames = list(
    c("-4", "-3", "-2", "-1", "0", "1"), c("C", "T"))))
