Result <-
list(DEPDC2_SNP1 = structure(c(0, 0, 0, 0, 2, 6, 0, 0, 5, 1614, 
38, 0), dim = 4:3, dimnames = list(c("-1", "0", "1", "2"), c("A", 
"C", "T"))), GM01_SNP1 = structure(c(0, 1, 13, 0, 0, 0, 168, 
682, 2, 0), dim = c(5L, 2L), dimnames = list(c("-2", "-1", "0", 
"1", "2"), c("A", "G"))), GM07_SNP1 = structure(c(0, 0, 0, 0, 
0, 0, 0, 0, 0, 22, 352, 48, 2, 0, 0, 139, 4, 259, 1, 0, 0, 0, 
0, 0, 0, 0, 0, 0), dim = c(7L, 4L), dimnames = list(c("-3", "-2", 
"-1", "0", "1", "2", "3"), c("-", "A", "G", "T"))), GM09_SNP1 = structure(c(0, 
12, 0, 2, 1238, 0), dim = 3:2, dimnames = list(c("-1", "0", "1"
), c("A", "G"))), GM11_SNP1 = structure(c(0, 0, 4, 0, 0, 4, 329, 
0), dim = c(4L, 2L), dimnames = list(c("-2", "-1", "0", "1"), 
    c("A", "G"))), GM14_SNP1 = structure(c(0, 0, 0, 0, 0, 0, 
0, 0, 0, 10, 430, 1, 0, 0, 0, 2, 151, 318, 0, 0, 0), dim = c(7L, 
3L), dimnames = list(c("-3", "-2", "-1", "0", "1", "2", "3"), 
    c("A", "C", "T"))), GM17_SNP1 = structure(c(0, 0, 0, 0, 0, 
0, 0, 0, 0, 0, 0, 0, 0, 0, 0, 6, 0, 0, 0, 0, 15, 1050, 1, 0), dim = c(6L, 
4L), dimnames = list(c("-3", "-2", "-1", "0", "1", "2"), c("-", 
"A", "C", "T"))), GM22_SNP1 = structure(c(0, 32, 625, 4, 0, 0, 
0, 2, 0, 0), dim = c(5L, 2L), dimnames = list(c("-2", "-1", "0", 
"1", "2"), c("A", "G"))), GM26_SNP1 = structure(c(0, 0, 333, 
0, 0, 0, 3, 330, 1, 0, 0, 0, 1, 0, 0), dim = c(5L, 3L), dimnames = list(
    c("-2", "-1", "0", "1", "2"), c("A", "G", "T"))), GM29_SNP1 = structure(c(0, 
107, 208, 0, 0, 14, 346, 0, 0, 0, 1, 0), dim = 4:3, dimnames = list(
    c("-2", "-1", "0", "1"), c("A", "G", "T"))), IM16_SNP1 = structure(c(0, 
100, 371, 0, 0, 0, 0, 3, 1, 0, 0, 0, 0, 0, 0), dim = c(5L, 3L
), dimnames = list(c("-2", "-1", "0", "1", "2"), c("A", "G", 
"T"))), IM49_SNP1 = structure(c(0, 0, 0, 1, 0, 0, 0, 0, 0, 6, 
0, 0, 1, 1, 20, 1295, 18, 0), dim = c(6L, 3L), dimnames = list(
    c("-3", "-2", "-1", "0", "1", "2"), c("A", "C", "G"))), LR10_SNP1 = structure(c(0, 
0, 5, 0, 0, 0, 7, 715, 106, 0), dim = c(5L, 2L), dimnames = list(
    c("-2", "-1", "0", "1", "2"), c("C", "T"))), LR11_SNP1 = structure(c(0, 
1, 5, 0, 0, 1, 30, 508, 0, 0, 0, 0, 0, 0, 0), dim = c(5L, 3L), dimnames = list(
    c("-2", "-1", "0", "1", "2"), c("A", "C", "T"))), LR17_SNP1 = structure(c(0, 
14, 149, 374, 3, 0, 0, 0, 0, 0, 0, 0), dim = c(6L, 2L), dimnames = list(
    c("-3", "-2", "-1", "0", "1", "2"), c("A", "G"))), LR20_SNP1 = structure(c(0, 
292, 1, 2, 304, 0), dim = 3:2, dimnames = list(c("-1", "0", "1"
), c("A", "G"))), LR24_SNP1 = structure(c(0, 0, 5, 742, 0, 0, 
0, 2, 230, 489, 0, 0), dim = c(6L, 2L), dimnames = list(c("-3", 
"-2", "-1", "0", "1", "2"), c("A", "G"))), LR36_SNP1 = structure(c(0, 
0, 0, 0, 2, 0, 0, 0, 0, 0, 0, 0, 0, 0, 0, 0, 0, 0, 0, 0, 0, 0, 
1, 46, 122, 590, 11, 1), dim = c(7L, 4L), dimnames = list(c("-4", 
"-3", "-2", "-1", "0", "1", "2"), c("A", "C", "G", "T"))), LR40_SNP1 = structure(c(0, 
4, 340, 0), dim = c(4L, 1L), dimnames = list(c("-2", "-1", "0", 
"1"), "C")), LR44_SNP1 = structure(c(0, 0, 0, 0, 0, 0, 0, 50, 
26, 120, 2, 0, 0, 24, 70, 158, 0, 0), dim = c(6L, 3L), dimnames = list(
    c("-3", "-2", "-1", "0", "1", "2"), c("A", "C", "T"))), LR46_SNP1 = structure(c(0, 
0, 0, 1, 300, 0, 1, 319, 0), dim = c(3L, 3L), dimnames = list(
    c("-1", "0", "1"), c("-", "G", "T"))), LR48_SNP1 = structure(c(0, 
1, 67, 232, 1, 0, 0, 0, 9, 244, 2, 1), dim = c(6L, 2L), dimnames = list(
    c("-3", "-2", "-1", "0", "1", "2"), c("C", "T"))), LR49_SNP1 = structure(c(5, 
1067, 0, 1, 12, 0), dim = 3:2, dimnames = list(c("-1", "0", "1"
), c("A", "G"))), LR52_SNP1 = structure(c(0, 0, 0, 1, 0, 0, 1, 
3, 83, 78, 348, 0, 0, 0, 0, 1, 6, 0), dim = c(6L, 3L), dimnames = list(
    c("-4", "-3", "-2", "-1", "0", "1"), c("A", "C", "T"))))
