Result <-
list(DEPDC2_SNP1 = structure(c(0, 2, 454, 9, 5, 4, 2, 14, 729, 
40, 1, 0), dim = c(6L, 2L), dimnames = list(c("-2", "-1", "0", 
"1", "2", "3"), c("C", "T"))), GM01_SNP1 = structure(c(0, 0, 
7, 1, 3, 317, 1104, 3, 0, 0, 0, 0), dim = 4:3, dimnames = list(
    c("-2", "-1", "0", "1"), c("A", "G", "T"))), GM07_SNP1 = structure(c(1, 
0, 16, 0, 1, 55, 264, 530, 7, 0), dim = c(5L, 2L), dimnames = list(
    c("-2", "-1", "0", "1", "2"), c("A", "G"))), GM09_SNP1 = structure(c(0, 
476, 1805, 2, 0, 0, 10, 0, 0, 0, 0, 0), dim = 4:3, dimnames = list(
    c("-2", "-1", "0", "1"), c("A", "G", "T"))), GM11_SNP1 = structure(c(0, 
7, 672, 20, 1, 0, 0, 6, 0, 0), dim = c(5L, 2L), dimnames = list(
    c("-2", "-1", "0", "1", "2"), c("A", "G"))), GM14_SNP1 = structure(c(3, 
186, 72, 202, 822, 80, 0, 0, 0, 0, 2, 8, 0, 0), dim = c(7L, 2L
), dimnames = list(c("-4", "-3", "-2", "-1", "0", "1", "2"), 
    c("C", "T"))), GM17_SNP1 = structure(c(0, 0, 0, 7, 0, 0, 
0, 0, 44, 1887, 102, 0), dim = c(6L, 2L), dimnames = list(c("-3", 
"-2", "-1", "0", "1", "2"), c("C", "T"))), GM22_SNP1 = structure(c(0, 
77, 1024, 15, 0, 0, 0, 0, 0, 0, 0, 1, 3, 0, 0), dim = c(5L, 3L
), dimnames = list(c("-2", "-1", "0", "1", "2"), c("A", "C", 
"G"))), GM26_SNP1 = structure(c(0, 3, 250, 0, 0, 24, 207, 0), dim = c(4L, 
2L), dimnames = list(c("-2", "-1", "0", "1"), c("A", "G"))), 
    GM29_SNP1 = structure(c(7, 244, 709, 0, 0, 1, 5, 0), dim = c(4L, 
    2L), dimnames = list(c("-2", "-1", "0", "1"), c("A", "G"))), 
    IM16_SNP1 = structure(c(0, 2, 187, 317, 0, 0, 0, 0, 8, 538, 
    5, 0, 0, 0, 0, 2, 0, 0), dim = c(6L, 3L), dimnames = list(
        c("-3", "-2", "-1", "0", "1", "2"), c("A", "G", "T"))), 
    IM49_SNP1 = structure(c(0, 49, 95, 621, 1134, 8, 0, 0, 0, 
    0, 3, 10, 0, 0, 0, 0, 0, 0, 0, 0, 0), dim = c(7L, 3L), dimnames = list(
        c("-4", "-3", "-2", "-1", "0", "1", "2"), c("C", "G", 
        "T"))), LR10_SNP1 = structure(c(0, 28, 411, 1, 0, 84, 
    447, 1), dim = c(4L, 2L), dimnames = list(c("-2", "-1", "0", 
    "1"), c("C", "T"))), LR11_SNP1 = structure(c(0, 2, 60, 570, 
    37, 0, 0, 14, 135, 406, 0, 0), dim = c(6L, 2L), dimnames = list(
        c("-3", "-2", "-1", "0", "1", "2"), c("A", "C"))), LR17_SNP1 = structure(c(0, 
    0, 0, 0, 0, 0, 0, 155, 244, 799, 7, 1, 0, 0, 0, 0, 0, 0), dim = c(6L, 
    3L), dimnames = list(c("-3", "-2", "-1", "0", "1", "2"), 
        c("-", "A", "G"))), LR20_SNP1 = structure(c(0, 0, 10, 
    0, 0, 228, 1185, 1), dim = c(4L, 2L), dimnames = list(c("-2", 
    "-1", "0", "1"), c("A", "G"))), LR24_SNP1 = structure(c(0, 
    0, 0, 0, 0, 191, 1188, 1, 3, 70, 1273, 0, 0, 0, 0, 0), dim = c(4L, 
    4L), dimnames = list(c("-2", "-1", "0", "1"), c("-", "A", 
    "G", "T"))), LR36_SNP1 = structure(c(0, 0, 0, 2, 5, 0, 0, 
    27, 3, 107, 331, 1123, 2, 0), dim = c(7L, 2L), dimnames = list(
        c("-4", "-3", "-2", "-1", "0", "1", "2"), c("A", "T"))), 
    LR40_SNP1 = structure(c(0, 0, 0, 1, 0, 0, 0, 36, 949, 0), dim = c(5L, 
    2L), dimnames = list(c("-3", "-2", "-1", "0", "1"), c("A", 
    "C"))), LR44_SNP1 = structure(c(0, 0, 0, 0, 2, 0, 0, 0, 0, 
    91, 27, 8, 160, 2, 0, 0, 0, 0, 0, 0, 0, 1, 0, 0, 0, 3, 73, 
    23, 239, 1, 1, 0), dim = c(8L, 4L), dimnames = list(c("-4", 
    "-3", "-2", "-1", "0", "1", "2", "3"), c("A", "C", "G", "T"
    ))), LR46_SNP1 = structure(c(0, 0, 0, 0, 0, 0, 0, 0, 0, 0, 
    8, 0, 0, 110, 672, 0), dim = c(4L, 4L), dimnames = list(c("-2", 
    "-1", "0", "1"), c("-", "A", "G", "T"))), LR48_SNP1 = structure(c(66, 
    67, 534, 2, 0, 0, 1, 8, 0, 0), dim = c(5L, 2L), dimnames = list(
        c("-2", "-1", "0", "1", "2"), c("C", "T"))), LR49_SNP1 = structure(c(1, 
    30, 206, 734, 0, 0, 0, 0, 7, 0, 0, 0, 0, 0, 0), dim = c(5L, 
    3L), dimnames = list(c("-3", "-2", "-1", "0", "1"), c("A", 
    "G", "T"))), LR52_SNP1 = structure(c(7, 12, 34, 55, 150, 
    1, 0, 3, 54, 34, 156, 2), dim = c(6L, 2L), dimnames = list(
        c("-4", "-3", "-2", "-1", "0", "1"), c("C", "T"))))
