Result <-
list(DEPDC2_SNP1 = structure(c(0, 2, 0, 6, 904, 0, 0, 9, 0), dim = c(3L, 
3L), dimnames = list(c("-1", "0", "1"), c("A", "C", "T"))), GM01_SNP1 = structure(c(16, 
182, 0, 2, 200, 0), dim = 3:2, dimnames = list(c("-1", "0", "1"
), c("A", "G"))), GM07_SNP1 = structure(c(0, 0, 0, 0, 0, 0, 4, 
15, 2, 313, 0, 0), dim = c(6L, 2L), dimnames = list(c("-3", "-2", 
"-1", "0", "1", "2"), c("A", "G"))), GM09_SNP1 = structure(c(0, 
639, 0, 0, 2, 0, 0, 0, 0), dim = c(3L, 3L), dimnames = list(c("-1", 
"0", "1"), c("A", "G", "T"))), GM11_SNP1 = structure(c(0, 10, 
0, 0, 210, 0), dim = 3:2, dimnames = list(c("-1", "0", "1"), 
    c("A", "G"))), GM14_SNP1 = structure(c(0, 0, 1, 0, 1, 19, 
236, 0, 0, 17, 190, 0), dim = 4:3, dimnames = list(c("-2", "-1", 
"0", "1"), c("A", "C", "T"))), GM17_SNP1 = structure(c(1, 9, 
0, 10, 467, 0), dim = 3:2, dimnames = list(c("-1", "0", "1"), 
    c("C", "T"))), GM22_SNP1 = structure(c(2, 300, 3, 0, 1, 0, 
0, 0, 0), dim = c(3L, 3L), dimnames = list(c("-1", "0", "1"), 
    c("A", "G", "T"))), GM26_SNP1 = structure(c(0, 0, 103, 0, 
0, 3, 114, 0), dim = c(4L, 2L), dimnames = list(c("-2", "-1", 
"0", "1"), c("A", "G"))), GM29_SNP1 = structure(c(0, 0, 151, 
0, 0, 0, 120, 0), dim = c(4L, 2L), dimnames = list(c("-3", "-1", 
"0", "1"), c("A", "G"))), IM16_SNP1 = structure(c(0, 3, 0, 13, 
254, 2), dim = 3:2, dimnames = list(c("-1", "0", "1"), c("A", 
"G"))), IM49_SNP1 = structure(c(8, 25, 355, 1, 2, 4, 332, 2, 
0, 0, 0, 0), dim = 4:3, dimnames = list(c("-2", "-1", "0", "1"
), c("C", "G", "T"))), LR10_SNP1 = structure(c(0, 3, 273, 0, 
0, 0, 3, 0), dim = c(4L, 2L), dimnames = list(c("-2", "-1", "0", 
"1"), c("C", "T"))), LR11_SNP1 = structure(c(0, 0, 0, 0, 0, 0, 
168, 2, 0, 9, 130, 2), dim = 4:3, dimnames = list(c("-2", "-1", 
"0", "1"), c("-", "A", "C"))), LR17_SNP1 = structure(c(0, 14, 
265, 1, 0, 0, 0, 0, 0, 0), dim = c(5L, 2L), dimnames = list(c("-2", 
"-1", "0", "1", "2"), c("A", "G"))), LR20_SNP1 = structure(c(0, 
0, 0, 0, 217, 0, 1, 194, 0), dim = c(3L, 3L), dimnames = list(
    c("-1", "0", "1"), c("-", "A", "G"))), LR24_SNP1 = structure(c(0, 
15, 447, 0, 0, 10, 471, 0), dim = c(4L, 2L), dimnames = list(
    c("-2", "-1", "0", "1"), c("A", "G"))), LR36_SNP1 = structure(c(0, 
1, 14, 206, 0, 0, 3, 13, 181, 1), dim = c(5L, 2L), dimnames = list(
    c("-3", "-2", "-1", "0", "1"), c("A", "T"))), LR40_SNP1 = structure(c(0, 
0, 2, 229, 0), dim = c(5L, 1L), dimnames = list(c("-4", "-2", 
"-1", "0", "1"), "C")), LR44_SNP1 = structure(c(0, 1, 4, 6, 0, 
0, 0, 0, 1, 0, 0, 11, 17, 313, 2), dim = c(5L, 3L), dimnames = list(
    c("-3", "-2", "-1", "0", "1"), c("C", "G", "T"))), LR46_SNP1 = structure(c(7, 
100, 0, 0, 102, 0), dim = 3:2, dimnames = list(c("-1", "0", "1"
), c("G", "T"))), LR48_SNP1 = structure(c(0, 17, 207, 3, 0, 0, 
1, 0), dim = c(4L, 2L), dimnames = list(c("-2", "-1", "0", "1"
), c("C", "T"))), LR49_SNP1 = structure(c(0, 5, 0, 10, 441, 0
), dim = 3:2, dimnames = list(c("-1", "0", "1"), c("A", "G"))), 
    LR52_SNP1 = structure(c(0, 5, 1, 7, 75, 0, 0, 0, 3, 7, 79, 
    1), dim = c(6L, 2L), dimnames = list(c("-4", "-3", "-2", 
    "-1", "0", "1"), c("C", "T"))))
