Result <-
list(DEPDC2_SNP1 = structure(c(0, 0, 0, 0, 0, 0, 2, 881, 186, 
0, 0, 0, 0, 0, 0, 0, 5, 1301, 3, 0), dim = 5:4, dimnames = list(
    c("-3", "-1", "0", "1", "2"), c("A", "C", "G", "T"))), GM01_SNP1 = structure(c(0, 
0, 0, 0, 0, 0, 7, 1375, 3, 0, 0, 0, 6, 0, 0, 0, 0, 0, 0, 0), dim = 5:4, dimnames = list(
    c("-2", "-1", "0", "1", "2"), c("-", "A", "G", "T"))), GM07_SNP1 = structure(c(0, 
0, 0, 0, 0, 0, 0, 3, 123, 438, 2, 0, 0, 2, 30, 533, 1, 0, 0, 
0, 0, 0, 0, 0), dim = c(6L, 4L), dimnames = list(c("-3", "-2", 
"-1", "0", "1", "2"), c("-", "A", "G", "T"))), GM11_SNP1 = structure(c(0, 
2, 500, 1, 0, 0, 5, 461, 0, 0, 0, 0, 0, 0, 0), dim = c(5L, 3L
), dimnames = list(c("-2", "-1", "0", "1", "2"), c("A", "G", 
"T"))), GM14_SNP1 = structure(c(0, 0, 0, 1, 0, 0, 0, 16, 342, 
1194, 1, 0, 0, 0, 1, 7, 0, 0), dim = c(6L, 3L), dimnames = list(
    c("-3", "-2", "-1", "0", "1", "2"), c("A", "C", "T"))), GM17_SNP1 = structure(c(0, 
3, 1530, 0, 0, 0, 0, 0, 0, 0, 0, 0, 14, 0, 0), dim = c(5L, 3L
), dimnames = list(c("-2", "-1", "0", "1", "2"), c("C", "G", 
"T"))), GM22_SNP1 = structure(c(0, 0, 0, 0, 0, 0, 1, 667, 0, 
0, 0, 0, 0, 0, 0, 1, 3, 523, 1, 0), dim = 5:4, dimnames = list(
    c("-2", "-1", "0", "1", "2"), c("-", "A", "C", "G"))), GM26_SNP1 = structure(c(1, 
0, 22, 1055, 0, 0, 0, 0, 2, 0, 0, 0, 0, 0, 0), dim = c(5L, 3L
), dimnames = list(c("-3", "-2", "-1", "0", "1"), c("A", "G", 
"T"))), GM29_SNP1 = structure(c(0, 1, 8, 829, 0, 0, 0, 0, 0, 
0, 0, 0, 0, 0, 1, 2, 0, 0), dim = c(6L, 3L), dimnames = list(
    c("-3", "-2", "-1", "0", "1", "2"), c("A", "C", "G"))), IM16_SNP1 = structure(c(0, 
0, 0, 0, 0, 0, 0, 0, 131, 449, 3, 0, 0, 0, 0, 0, 0, 0, 0, 0, 
144, 442, 1, 0, 0, 0, 0, 1, 0, 0), dim = 6:5, dimnames = list(
    c("-3", "-2", "-1", "0", "1", "2"), c("-", "A", "C", "G", 
    "T"))), IM49_SNP1 = structure(c(0, 0, 0, 0, 0, 0, 0, 6, 168, 
555, 2, 0, 4, 1, 165, 484, 1, 0), dim = c(6L, 3L), dimnames = list(
    c("-3", "-2", "-1", "0", "1", "2"), c("A", "C", "G"))), LR10_SNP1 = structure(c(0, 
0, 0, 0, 0, 0, 0, 2, 145, 1092, 0, 0, 0, 0, 0, 9, 0, 0), dim = c(6L, 
3L), dimnames = list(c("-3", "-2", "-1", "0", "1", "2"), c("A", 
"C", "T"))), LR11_SNP1 = structure(c(0, 0, 0, 0, 0, 0, 0, 0, 
22, 1317, 2, 0, 0, 0, 0, 8, 1, 1, 0, 0, 0, 0, 0, 0, 0, 0, 0, 
0, 0, 0), dim = 6:5, dimnames = list(c("-3", "-2", "-1", "0", 
"1", "2"), c("-", "A", "C", "G", "T"))), LR17_SNP1 = structure(c(0, 
1, 113, 754, 2, 0, 0, 0, 0, 0, 0, 0, 0, 0, 0, 0, 0, 0, 0, 0, 
0), dim = c(7L, 3L), dimnames = list(c("-3", "-2", "-1", "0", 
"1", "2", "3"), c("A", "G", "T"))), LR20_SNP1 = structure(c(0, 
0, 0, 0, 0, 2, 1163, 1, 0, 0, 9, 0), dim = 4:3, dimnames = list(
    c("-2", "-1", "0", "1"), c("-", "A", "G"))), LR24_SNP1 = structure(c(0, 
0, 0, 0, 0, 0, 0, 12, 0, 0, 0, 5, 2734, 1, 0, 0, 0, 0, 0, 0), dim = 5:4, dimnames = list(
    c("-2", "-1", "0", "1", "2"), c("-", "A", "G", "T"))), LR36_SNP1 = structure(c(0, 
0, 0, 0, 12, 0, 0, 0, 0, 0, 0, 0, 0, 0, 0, 0, 0, 0, 0, 0, 0, 
0, 0, 0, 0, 0, 0, 0, 0, 0, 0, 0, 14, 279, 960, 2, 0, 0, 0, 0), dim = c(10L, 
4L), dimnames = list(c("-5", "-3", "-2", "-1", "0", "1", "2", 
"3", "5", "6"), c("A", "C", "G", "T"))), LR40_SNP1 = structure(c(0, 
0, 120, 379, 0, 0, 0, 1, 468, 0, 0, 0, 0, 0, 0), dim = c(5L, 
3L), dimnames = list(c("-3", "-2", "-1", "0", "1"), c("A", "C", 
"T"))), LR44_SNP1 = structure(c(0, 0, 0, 0, 0, 0, 3, 120, 8, 
328, 3, 0, 0, 7, 120, 425, 3, 0), dim = c(6L, 3L), dimnames = list(
    c("-3", "-2", "-1", "0", "1", "2"), c("A", "C", "T"))), LR46_SNP1 = structure(c(0, 
0, 0, 0, 0, 0, 0, 7, 920, 0, 0, 0, 0, 5, 0), dim = c(5L, 3L), dimnames = list(
    c("-3", "-2", "-1", "0", "1"), c("C", "G", "T"))), LR48_SNP1 = structure(c(0, 
0, 13, 389, 0, 0, 0, 0, 0, 0, 0, 0, 0, 1, 4, 399, 2, 0), dim = c(6L, 
3L), dimnames = list(c("-3", "-2", "-1", "0", "1", "2"), c("C", 
"G", "T"))), LR49_SNP1 = structure(c(10, 1469, 0, 0, 0, 0, 0, 
8, 0, 0, 0, 0), dim = 3:4, dimnames = list(c("-1", "0", "1"), 
    c("A", "C", "G", "T"))), LR52_SNP1 = structure(c(0, 0, 0, 
0, 0, 0, 0, 0, 0, 9, 167, 95, 681, 0, 0, 0, 1, 0, 3, 8, 0), dim = c(7L, 
3L), dimnames = list(c("-5", "-4", "-3", "-2", "-1", "0", "1"
), c("A", "C", "T"))))
