Result <-
list(DEPDC2_SNP1 = structure(c(0, 0, 0, 0, 0, 0, 0, 0, 4, 1452, 
5, 0, 0, 0, 0, 0, 4, 1657, 2, 0), dim = 4:5, dimnames = list(
    c("-1", "0", "1", "2"), c("-", "A", "C", "G", "T"))), GM01_SNP1 = structure(c(0, 
0, 0, 0, 0, 12, 2512, 5, 0, 0, 2, 0), dim = 4:3, dimnames = list(
    c("-2", "-1", "0", "1"), c("-", "A", "G"))), GM07_SNP1 = structure(c(0, 
0, 2, 0, 0, 2, 151, 2228, 35, 2, 0, 0, 0, 0, 0), dim = c(5L, 
3L), dimnames = list(c("-2", "-1", "0", "1", "2"), c("A", "G", 
"T"))), GM09_SNP1 = structure(c(0, 0, 0, 0, 3, 1569, 0, 0, 3, 
1426, 0, 0, 0, 0, 0, 0), dim = c(4L, 4L), dimnames = list(c("-1", 
"0", "1", "2"), c("-", "A", "G", "T"))), GM11_SNP1 = structure(c(43, 
1531, 4, 0, 3, 0), dim = 3:2, dimnames = list(c("-1", "0", "1"
), c("A", "G"))), GM14_SNP1 = structure(c(0, 0, 29, 1038, 177, 
5, 0, 0, 23, 1232, 1, 0), dim = c(6L, 2L), dimnames = list(c("-3", 
"-2", "-1", "0", "1", "2"), c("C", "T"))), GM17_SNP1 = structure(c(0, 
0, 0, 0, 0, 0, 0, 75, 2529, 5, 0, 0, 0, 0, 0), dim = c(5L, 3L
), dimnames = list(c("-3", "-2", "-1", "0", "1"), c("A", "C", 
"T"))), GM22_SNP1 = structure(c(0, 6, 1063, 3, 0, 0, 23, 949, 
1, 0), dim = c(5L, 2L), dimnames = list(c("-2", "-1", "0", "1", 
"2"), c("A", "G"))), GM26_SNP1 = structure(c(0, 32, 2257, 7, 
0, 0, 0, 0, 0, 0, 0, 0, 0, 0, 0), dim = c(5L, 3L), dimnames = list(
    c("-2", "-1", "0", "1", "2"), c("A", "G", "T"))), GM29_SNP1 = structure(c(0, 
12, 821, 1, 1, 4, 807, 0, 0, 0, 0, 0), dim = 4:3, dimnames = list(
    c("-2", "-1", "0", "1"), c("A", "G", "T"))), IM16_SNP1 = structure(c(0, 
24, 1725, 15, 0, 0, 3, 0), dim = c(4L, 2L), dimnames = list(c("-2", 
"-1", "0", "1"), c("A", "G"))), IM49_SNP1 = structure(c(7, 84, 
2191, 29, 0, 0, 0, 0, 0, 0, 0, 0, 0, 0, 0), dim = c(5L, 3L), dimnames = list(
    c("-2", "-1", "0", "1", "2"), c("C", "G", "T"))), LR10_SNP1 = structure(c(0, 
0, 2, 0, 0, 35, 2371, 7), dim = c(4L, 2L), dimnames = list(c("-2", 
"-1", "0", "1"), c("C", "T"))), LR11_SNP1 = structure(c(0, 0, 
0, 0, 0, 0, 36, 2178, 9, 1), dim = c(5L, 2L), dimnames = list(
    c("-2", "-1", "0", "1", "2"), c("A", "C"))), LR17_SNP1 = structure(c(1, 
145, 1349, 12, 0, 0, 0, 0, 0, 0), dim = c(5L, 2L), dimnames = list(
    c("-2", "-1", "0", "1", "2"), c("A", "G"))), LR20_SNP1 = structure(c(0, 
1, 0, 4, 901, 1, 8, 867, 0), dim = c(3L, 3L), dimnames = list(
    c("-1", "0", "1"), c("-", "A", "G"))), LR24_SNP1 = structure(c(0, 
0, 4, 3669, 3, 0, 0, 0, 1, 0, 0, 0, 0, 0, 0), dim = c(5L, 3L), dimnames = list(
    c("-3", "-2", "-1", "0", "1"), c("A", "G", "T"))), LR36_SNP1 = structure(c(0, 
1, 21, 1115, 10, 0, 0, 0, 0, 0, 0, 0, 0, 0, 0, 0, 0, 0, 0, 4, 
429, 581, 0, 0), dim = c(6L, 4L), dimnames = list(c("-3", "-2", 
"-1", "0", "1", "2"), c("A", "C", "G", "T"))), LR40_SNP1 = structure(c(0, 
37, 1288, 1), dim = c(4L, 1L), dimnames = list(c("-2", "-1", 
"0", "1"), "C")), LR44_SNP1 = structure(c(0, 32, 770, 46, 2, 
0, 0, 0, 5, 52, 791, 6, 0, 0), dim = c(7L, 2L), dimnames = list(
    c("-3", "-2", "-1", "0", "1", "2", "7"), c("C", "T"))), LR46_SNP1 = structure(c(95, 
911, 2, 0, 3, 956, 2, 0), dim = c(4L, 2L), dimnames = list(c("-1", 
"0", "1", "2"), c("G", "T"))), LR48_SNP1 = structure(c(3, 456, 
380, 4, 0, 1, 46, 862, 7, 0), dim = c(5L, 2L), dimnames = list(
    c("-2", "-1", "0", "1", "2"), c("C", "T"))), LR49_SNP1 = structure(c(1, 
8, 1251, 1, 0, 3, 1264, 0), dim = c(4L, 2L), dimnames = list(
    c("-2", "-1", "0", "1"), c("A", "G"))), LR52_SNP1 = structure(c(0, 
0, 0, 0, 0, 0, 0, 0, 0, 0, 1, 0, 0, 0, 0, 0, 0, 0, 0, 0, 0, 0, 
0, 8, 151, 1869, 34, 1), dim = c(7L, 4L), dimnames = list(c("-4", 
"-3", "-2", "-1", "0", "1", "2"), c("A", "C", "G", "T"))))
