Result <-
list(DEPDC2_SNP1 = structure(c(0, 0, 0, 0, 0, 5, 847, 4, 0, 8, 
901, 3), dim = 4:3, dimnames = list(c("-2", "-1", "0", "1"), 
    c("A", "C", "T"))), GM01_SNP1 = structure(c(20, 1116, 5, 
1, 3, 0), dim = 3:2, dimnames = list(c("-1", "0", "1"), c("A", 
"G"))), GM07_SNP1 = structure(c(0, 2, 3, 0, 0, 0, 0, 4, 135, 
936, 60, 5, 0, 0), dim = c(7L, 2L), dimnames = list(c("-2", "-1", 
"0", "1", "2", "3", "4"), c("A", "G"))), GM09_SNP1 = structure(c(0, 
7, 781, 0, 0, 2, 710, 2), dim = c(4L, 2L), dimnames = list(c("-2", 
"-1", "0", "1"), c("A", "G"))), GM11_SNP1 = structure(c(21, 42, 
368, 4, 0, 0, 1, 0), dim = c(4L, 2L), dimnames = list(c("-2", 
"-1", "0", "1"), c("A", "G"))), GM14_SNP1 = structure(c(3, 66, 
501, 3, 0, 1, 29, 556, 1, 0), dim = c(5L, 2L), dimnames = list(
    c("-2", "-1", "0", "1", "2"), c("C", "T"))), GM17_SNP1 = structure(c(0, 
15, 1144, 4, 0, 1, 6, 0), dim = c(4L, 2L), dimnames = list(c("-2", 
"-1", "0", "1"), c("C", "T"))), GM22_SNP1 = structure(c(0, 7, 
349, 0, 0, 44, 451, 3), dim = c(4L, 2L), dimnames = list(c("-2", 
"-1", "0", "1"), c("A", "G"))), GM26_SNP1 = structure(c(0, 7, 
718, 1, 0, 0, 6, 0), dim = c(4L, 2L), dimnames = list(c("-2", 
"-1", "0", "1"), c("A", "G"))), GM29_SNP1 = structure(c(0, 2, 
128, 264, 1, 0, 0, 0, 28, 379, 0, 0), dim = c(6L, 2L), dimnames = list(
    c("-3", "-2", "-1", "0", "1", "2"), c("A", "G"))), IM16_SNP1 = structure(c(69, 
531, 3, 0, 1, 7, 0, 0), dim = c(4L, 2L), dimnames = list(c("-1", 
"0", "1", "2"), c("A", "G"))), IM49_SNP1 = structure(c(0, 12, 
274, 1187, 20, 0, 0, 0, 0, 4, 0, 0, 0, 0, 0, 1, 0, 0), dim = c(6L, 
3L), dimnames = list(c("-3", "-2", "-1", "0", "1", "2"), c("C", 
"G", "T"))), LR10_SNP1 = structure(c(0, 36, 932, 2), dim = c(4L, 
1L), dimnames = list(c("-2", "-1", "0", "1"), "T")), LR11_SNP1 = structure(c(0, 
0, 0, 4, 0, 0, 0, 6, 252, 494, 2, 1), dim = c(6L, 2L), dimnames = list(
    c("-3", "-2", "-1", "0", "1", "2"), c("A", "C"))), LR17_SNP1 = structure(c(2, 
44, 764, 4, 0), dim = c(5L, 1L), dimnames = list(c("-2", "-1", 
"0", "1", "2"), "A")), LR20_SNP1 = structure(c(3, 500, 2, 2, 
357, 0), dim = 3:2, dimnames = list(c("-1", "0", "1"), c("A", 
"G"))), LR24_SNP1 = structure(c(37, 1573, 5, 1, 5, 0), dim = 3:2, dimnames = list(
    c("-1", "0", "1"), c("A", "G"))), LR36_SNP1 = structure(c(3, 
164, 8, 390, 6, 4, 136, 9, 372, 4), dim = c(5L, 2L), dimnames = list(
    c("-3", "-2", "-1", "0", "1"), c("A", "T"))), LR40_SNP1 = structure(c(0, 
1, 0, 10, 419, 1), dim = 3:2, dimnames = list(c("-1", "0", "1"
), c("A", "C"))), LR44_SNP1 = structure(c(0, 4, 55, 228, 4, 14, 
102, 17, 162, 4), dim = c(5L, 2L), dimnames = list(c("-3", "-2", 
"-1", "0", "1"), c("C", "T"))), LR46_SNP1 = structure(c(0, 2, 
371, 1, 0, 135, 242, 0), dim = c(4L, 2L), dimnames = list(c("-2", 
"-1", "0", "1"), c("G", "T"))), LR48_SNP1 = structure(c(0, 7, 
101, 237, 2, 0, 1, 46, 309, 2), dim = c(5L, 2L), dimnames = list(
    c("-3", "-2", "-1", "0", "1"), c("C", "T"))), LR49_SNP1 = structure(c(1, 
423, 152, 0, 9, 656, 0, 0), dim = c(4L, 2L), dimnames = list(
    c("-1", "0", "1", "2"), c("A", "G"))), LR52_SNP1 = structure(c(0, 
0, 0, 1, 1, 0, 1, 15, 129, 75, 374, 3), dim = c(6L, 2L), dimnames = list(
    c("-4", "-3", "-2", "-1", "0", "1"), c("C", "T"))))
