Result <-
list(DEPDC2_SNP1 = structure(c(0, 0, 0, 0, 0, 0, 3, 0, 0, 3, 
1116, 1), dim = 4:3, dimnames = list(c("-2", "-1", "0", "1"), 
    c("A", "C", "T"))), GM01_SNP1 = structure(c(0, 2, 680, 0, 
0, 4, 666, 0), dim = c(4L, 2L), dimnames = list(c("-2", "-1", 
"0", "1"), c("A", "G"))), GM07_SNP1 = structure(c(0, 0, 0, 0, 
0, 1, 3, 346, 3, 0, 0, 5, 360, 1, 0), dim = c(5L, 3L), dimnames = list(
    c("-2", "-1", "0", "1", "2"), c("-", "A", "G"))), GM09_SNP1 = structure(c(0, 
649, 1, 1, 661, 0), dim = 3:2, dimnames = list(c("-1", "0", "1"
), c("A", "G"))), GM11_SNP1 = structure(c(0, 230, 0, 2, 508, 
0, 0, 0, 0), dim = c(3L, 3L), dimnames = list(c("-1", "0", "1"
), c("A", "G", "T"))), GM14_SNP1 = structure(c(1, 1, 453, 2, 
0, 0, 3, 448, 0, 0), dim = c(5L, 2L), dimnames = list(c("-2", 
"-1", "0", "1", "2"), c("C", "T"))), GM17_SNP1 = structure(c(1, 
789, 2, 3, 598, 0), dim = 3:2, dimnames = list(c("-1", "0", "1"
), c("C", "T"))), GM22_SNP1 = structure(c(1, 3, 462, 0, 0, 0, 
3, 511, 1, 0, 0, 0, 0, 0, 0), dim = c(5L, 3L), dimnames = list(
    c("-2", "-1", "0", "1", "2"), c("A", "G", "T"))), GM26_SNP1 = structure(c(0, 
1, 656, 0, 0, 0, 0, 4, 0, 0, 0, 0, 0, 0, 0), dim = c(5L, 3L), dimnames = list(
    c("-2", "-1", "0", "1", "2"), c("A", "G", "T"))), GM29_SNP1 = structure(c(0, 
0, 248, 0, 0, 2, 495, 3, 0, 0, 0, 0), dim = 4:3, dimnames = list(
    c("-2", "-1", "0", "1"), c("A", "G", "T"))), IM16_SNP1 = structure(c(0, 
575, 2, 0, 4, 570, 0, 0), dim = c(4L, 2L), dimnames = list(c("-1", 
"0", "1", "2"), c("A", "G"))), IM49_SNP1 = structure(c(0, 0, 
0, 0, 0, 0, 10, 750, 4, 0, 0, 0, 4, 1, 0), dim = c(5L, 3L), dimnames = list(
    c("-2", "-1", "0", "1", "2"), c("A", "C", "G"))), LR10_SNP1 = structure(c(0, 
0, 0, 0, 0, 1, 6, 0, 0, 3, 933, 2), dim = 4:3, dimnames = list(
    c("-2", "-1", "0", "1"), c("A", "C", "T"))), LR11_SNP1 = structure(c(0, 
3, 602, 2, 0, 0, 6, 528, 2, 0, 0, 0, 0, 0, 0), dim = c(5L, 3L
), dimnames = list(c("-2", "-1", "0", "1", "2"), c("A", "C", 
"T"))), LR17_SNP1 = structure(c(0, 12, 1431, 5, 0, 0, 0, 0, 0, 
0), dim = c(5L, 2L), dimnames = list(c("-2", "-1", "0", "1", 
"2"), c("A", "G"))), LR20_SNP1 = structure(c(0, 266, 0, 0, 632, 
0), dim = 3:2, dimnames = list(c("-1", "0", "1"), c("A", "G"))), 
    LR24_SNP1 = structure(c(0, 0, 0, 1, 1115, 1, 2, 743, 0, 0, 
    0, 0), dim = 3:4, dimnames = list(c("-1", "0", "1"), c("-", 
    "A", "G", "T"))), LR36_SNP1 = structure(c(0, 0, 0, 17, 589, 
    4, 0, 0, 0, 0, 0, 0, 0, 0, 0, 0, 0, 0, 283, 1, 0), dim = c(7L, 
    3L), dimnames = list(c("-4", "-3", "-2", "-1", "0", "1", 
    "2"), c("A", "G", "T"))), LR40_SNP1 = structure(c(0, 0, 1, 
    0, 0, 3, 1015, 2, 0, 0, 0, 0, 0, 0, 0, 0), dim = c(4L, 4L
    ), dimnames = list(c("-2", "-1", "0", "1"), c("A", "C", "G", 
    "T"))), LR44_SNP1 = structure(c(0, 0, 1, 0, 0, 0, 2, 104, 
    1, 0, 0, 0, 1, 0, 0, 0, 7, 264, 3, 1), dim = 5:4, dimnames = list(
        c("-2", "-1", "0", "1", "2"), c("A", "C", "G", "T"))), 
    LR46_SNP1 = structure(c(0, 0, 1, 0, 0, 4, 792, 1, 0, 0, 1, 
    0), dim = 4:3, dimnames = list(c("-2", "-1", "0", "1"), c("A", 
    "G", "T"))), LR48_SNP1 = structure(c(1, 7, 760, 2, 0, 0, 
    1, 1), dim = c(4L, 2L), dimnames = list(c("-2", "-1", "0", 
    "1"), c("C", "T"))), LR49_SNP1 = structure(c(1, 0, 613, 0, 
    0, 2, 543, 0, 0, 0, 0, 0), dim = 4:3, dimnames = list(c("-2", 
    "-1", "0", "1"), c("A", "G", "T"))), LR52_SNP1 = structure(c(0, 
    3, 11, 375, 1, 0, 0, 1, 12, 404, 0, 0), dim = c(6L, 2L), dimnames = list(
        c("-3", "-2", "-1", "0", "1", "2"), c("C", "T"))))
