Result <-
list(DEPDC2_SNP1 = structure(c(0, 1, 0, 2, 534, 0, 1, 824, 0), dim = c(3L, 
3L), dimnames = list(c("-1", "0", "1"), c("A", "C", "T"))), GM01_SNP1 = structure(c(0, 
0, 0, 0, 0, 0, 0, 4, 839, 0, 1, 0, 2, 818, 0), dim = c(5L, 3L
), dimnames = list(c("-3", "-2", "-1", "0", "1"), c("-", "A", 
"G"))), GM07_SNP1 = structure(c(0, 0, 0, 0, 0, 0, 0, 0, 28, 1090, 
9, 0, 0, 0, 0, 0, 0, 0, 0, 0, 1, 2, 0, 0, 0, 0, 0, 0, 0, 0), dim = 6:5, dimnames = list(
    c("-3", "-2", "-1", "0", "1", "2"), c("-", "A", "C", "G", 
    "T"))), GM09_SNP1 = structure(c(0, 0, 0, 4, 1711, 2, 1, 4, 
0, 0, 0, 0), dim = 3:4, dimnames = list(c("-1", "0", "1"), c("-", 
"A", "G", "T"))), GM11_SNP1 = structure(c(0, 0, 3, 0, 0, 2, 1272, 
1), dim = c(4L, 2L), dimnames = list(c("-2", "-1", "0", "1"), 
    c("A", "G"))), GM14_SNP1 = structure(c(0, 0, 1, 0, 0, 0, 
13, 1234, 3, 0, 0, 0, 0, 0, 0), dim = c(5L, 3L), dimnames = list(
    c("-2", "-1", "0", "1", "2"), c("A", "C", "T"))), GM17_SNP1 = structure(c(0, 
649, 2, 2, 657, 0), dim = 3:2, dimnames = list(c("-1", "0", "1"
), c("C", "T"))), GM22_SNP1 = structure(c(0, 2, 1538, 1, 0, 0, 
0, 0, 0, 0, 0, 0, 0, 0, 0), dim = c(5L, 3L), dimnames = list(
    c("-2", "-1", "0", "1", "2"), c("A", "G", "T"))), GM26_SNP1 = structure(c(0, 
5, 1121, 1, 0, 0, 1, 0), dim = c(4L, 2L), dimnames = list(c("-2", 
"-1", "0", "1"), c("A", "G"))), GM29_SNP1 = structure(c(0, 4, 
1024, 0, 0, 0, 0, 0, 0, 0, 0, 0), dim = 4:3, dimnames = list(
    c("-2", "-1", "0", "1"), c("A", "G", "T"))), IM16_SNP1 = structure(c(0, 
2, 624, 3, 0, 0, 1, 678, 0, 0, 0, 0, 0, 0, 0), dim = c(5L, 3L
), dimnames = list(c("-2", "-1", "0", "1", "2"), c("A", "G", 
"T"))), IM49_SNP1 = structure(c(0, 6, 450, 4, 0, 0, 5, 417, 2, 
0, 0, 0, 0, 0, 0), dim = c(5L, 3L), dimnames = list(c("-2", "-1", 
"0", "1", "2"), c("C", "G", "T"))), LR10_SNP1 = structure(c(0, 
0, 0, 0, 0, 6, 673, 0, 0, 0, 0, 0, 0, 2, 722, 0), dim = c(4L, 
4L), dimnames = list(c("-2", "-1", "0", "1"), c("A", "C", "G", 
"T"))), LR11_SNP1 = structure(c(0, 0, 2, 0, 0, 0, 5, 1602, 5, 
0), dim = c(5L, 2L), dimnames = list(c("-2", "-1", "0", "1", 
"2"), c("A", "C"))), LR17_SNP1 = structure(c(0, 0, 18, 1679, 
6, 0, 0, 0, 0, 0, 0, 0, 0, 0, 0, 0, 0, 0, 0, 0, 0), dim = c(7L, 
3L), dimnames = list(c("-3", "-2", "-1", "0", "1", "2", "3"), 
    c("A", "G", "T"))), LR20_SNP1 = structure(c(0, 0, 0, 1, 1305, 
0, 0, 2, 0), dim = c(3L, 3L), dimnames = list(c("-1", "0", "1"
), c("-", "A", "G"))), LR24_SNP1 = structure(c(0, 0, 860, 0, 
0, 0, 908, 0), dim = c(4L, 2L), dimnames = list(c("-2", "-1", 
"0", "1"), c("A", "G"))), LR36_SNP1 = structure(c(0, 0, 0, 5, 
606, 0, 0, 0, 0, 1, 1, 573, 2, 0), dim = c(7L, 2L), dimnames = list(
    c("-4", "-3", "-2", "-1", "0", "1", "2"), c("A", "T"))), 
    LR40_SNP1 = structure(c(0, 0, 0, 0, 0, 305, 821, 0, 0, 0, 
    0, 0), dim = 4:3, dimnames = list(c("-2", "-1", "0", "1"), 
        c("A", "C", "T"))), LR44_SNP1 = structure(c(1, 6, 369, 
    5, 0, 0, 0, 1, 0, 0, 0, 16, 381, 3, 0), dim = c(5L, 3L), dimnames = list(
        c("-2", "-1", "0", "1", "2"), c("C", "G", "T"))), LR46_SNP1 = structure(c(0, 
    0, 0, 2, 1078, 2, 0, 5, 0), dim = c(3L, 3L), dimnames = list(
        c("-1", "0", "1"), c("A", "G", "T"))), LR48_SNP1 = structure(c(0, 
    0, 0, 0, 0, 1, 5, 1185, 4, 0), dim = c(5L, 2L), dimnames = list(
        c("-2", "-1", "0", "1", "2"), c("A", "C"))), LR49_SNP1 = structure(c(0, 
    3, 0, 4, 1462, 0), dim = 3:2, dimnames = list(c("-1", "0", 
    "1"), c("A", "G"))), LR52_SNP1 = structure(c(0, 0, 0, 0, 
    0, 0, 0, 0, 0, 1, 52, 1013, 1, 0, 0, 0, 0, 0, 0, 0, 0, 0, 
    0, 1, 1, 4, 0, 0), dim = c(7L, 4L), dimnames = list(c("-4", 
    "-3", "-2", "-1", "0", "1", "2"), c("-", "C", "G", "T"))))
