Result <-
list(DEPDC2_SNP1 = structure(c(0, 0, 0, 1, 601, 2, 0, 1, 0), dim = c(3L, 
3L), dimnames = list(c("-1", "0", "1"), c("A", "C", "T"))), GM01_SNP1 = structure(c(0, 
0, 0, 2, 201, 0, 0, 3, 0), dim = c(3L, 3L), dimnames = list(c("-1", 
"0", "1"), c("-", "A", "G"))), GM07_SNP1 = structure(c(0, 0, 
0, 0, 0, 0, 0, 0, 4, 336, 1, 0, 0, 1, 4, 163, 0, 0), dim = c(6L, 
3L), dimnames = list(c("-3", "-2", "-1", "0", "1", "2"), c("-", 
"A", "G"))), GM09_SNP1 = structure(c(0, 214, 0, 0, 206, 0), dim = 3:2, dimnames = list(
    c("-1", "0", "1"), c("A", "G"))), GM11_SNP1 = structure(c(1, 
12, 0, 10), dim = c(2L, 2L), dimnames = list(c("-1", "0"), c("A", 
"G"))), GM14_SNP1 = structure(c(0, 0, 151, 1, 0, 3, 172, 0), dim = c(4L, 
2L), dimnames = list(c("-2", "-1", "0", "1"), c("C", "T"))), 
    GM17_SNP1 = structure(c(0, 0, 0, 0, 0, 1, 620, 0, 0, 0, 230, 
    0), dim = 4:3, dimnames = list(c("-2", "-1", "0", "1"), c("A", 
    "C", "T"))), GM22_SNP1 = structure(c(0, 2, 15, 0, 0, 0, 4, 
    529, 1, 0), dim = c(5L, 2L), dimnames = list(c("-2", "-1", 
    "0", "1", "2"), c("A", "G"))), GM26_SNP1 = structure(c(0, 
    1, 499, 1, 0, 0, 0, 0, 0, 0, 0, 0), dim = 4:3, dimnames = list(
        c("-2", "-1", "0", "1"), c("A", "G", "T"))), GM29_SNP1 = structure(c(0, 
    0, 2, 522, 0, 0, 0, 0, 2, 0), dim = c(5L, 2L), dimnames = list(
        c("-3", "-2", "-1", "0", "1"), c("A", "G"))), IM16_SNP1 = structure(c(0, 
    35, 0, 0, 4, 0), dim = 3:2, dimnames = list(c("-1", "0", 
    "1"), c("A", "G"))), IM49_SNP1 = structure(c(0, 0, 1, 0, 
    4, 0, 0, 0, 1, 0, 0, 14, 600, 9, 0, 0), dim = c(8L, 2L), dimnames = list(
        c("-4", "-3", "-2", "-1", "0", "1", "2", "3"), c("C", 
        "G"))), LR10_SNP1 = structure(c(0, 0, 0, 0, 300, 0, 0, 
    239, 1), dim = c(3L, 3L), dimnames = list(c("-1", "0", "1"
    ), c("A", "C", "T"))), LR11_SNP1 = structure(c(0, 23, 0, 
    1, 2, 0), dim = 3:2, dimnames = list(c("-1", "0", "1"), c("A", 
    "C"))), LR17_SNP1 = structure(c(0, 0, 7, 913, 3, 0, 0, 0, 
    0, 0, 0, 0, 0, 0, 0, 0, 0, 0, 0, 0, 0, 0, 0, 0), dim = c(6L, 
    4L), dimnames = list(c("-3", "-2", "-1", "0", "1", "2"), 
        c("A", "C", "G", "T"))), LR20_SNP1 = structure(c(13, 
    19), dim = 1:2, dimnames = list("0", c("A", "G"))), LR24_SNP1 = structure(c(0, 
    0, 0, 0, 4, 0, 1, 91, 1), dim = c(3L, 3L), dimnames = list(
        c("-1", "0", "1"), c("-", "A", "G"))), LR36_SNP1 = structure(c(0, 
    1, 0, 3, 288, 1, 0, 0, 0, 0, 0, 0, 0, 0, 0, 0, 144, 1), dim = c(6L, 
    3L), dimnames = list(c("-4", "-3", "-2", "-1", "0", "1"), 
        c("A", "G", "T"))), LR44_SNP1 = structure(c(0, 4, 60, 
    0, 0, 0, 0, 106, 0, 0), dim = c(5L, 2L), dimnames = list(
        c("-2", "-1", "0", "1", "2"), c("C", "T"))), LR46_SNP1 = structure(c(0, 
    5, 0, 4, 483, 1), dim = 3:2, dimnames = list(c("-1", "0", 
    "1"), c("G", "T"))), LR48_SNP1 = structure(c(0, 0, 0, 0, 
    0, 0, 0, 0, 4, 542, 0, 0, 0, 0, 0, 0, 0, 0, 0, 0, 0, 2, 0, 
    0), dim = c(6L, 4L), dimnames = list(c("-3", "-2", "-1", 
    "0", "1", "2"), c("A", "C", "G", "T"))), LR49_SNP1 = structure(c(0, 
    417, 0, 0, 0, 0, 0, 436, 0, 0, 0, 0), dim = 3:4, dimnames = list(
        c("-1", "0", "1"), c("A", "C", "G", "T"))), LR52_SNP1 = structure(c(0, 
    0, 0, 0, 0, 0, 0, 0, 0, 7, 349, 0, 0, 0, 0, 0, 6, 0), dim = c(6L, 
    3L), dimnames = list(c("-4", "-3", "-2", "-1", "0", "1"), 
        c("A", "C", "T"))))
