Result <-
list(DEPDC2_SNP1 = structure(c(0, 0, 0, 1, 384, 0, 0, 0, 0, 0, 
711, 1), dim = 3:4, dimnames = list(c("-1", "0", "1"), c("A", 
"C", "G", "T"))), GM01_SNP1 = structure(c(1, 597, 1, 0, 0, 7, 
0, 0), dim = c(4L, 2L), dimnames = list(c("-1", "0", "1", "2"
), c("A", "G"))), GM07_SNP1 = structure(c(0, 0, 1, 0, 0, 0, 6, 
437, 2, 0, 0, 4, 322, 7, 0), dim = c(5L, 3L), dimnames = list(
    c("-2", "-1", "0", "1", "2"), c("-", "A", "G"))), GM09_SNP1 = structure(c(1, 
400, 1, 1, 353, 0), dim = 3:2, dimnames = list(c("-1", "0", "1"
), c("A", "G"))), GM11_SNP1 = structure(c(16, 0, 12, 0), dim = c(2L, 
2L), dimnames = list(c("0", "1"), c("A", "G"))), GM14_SNP1 = structure(c(0, 
0, 3, 313, 1, 0, 0, 1, 341, 0), dim = c(5L, 2L), dimnames = list(
    c("-3", "-2", "-1", "0", "1"), c("C", "T"))), GM17_SNP1 = structure(c(3, 
854, 0, 0, 0, 0, 1, 15, 0), dim = c(3L, 3L), dimnames = list(
    c("-1", "0", "1"), c("C", "G", "T"))), GM22_SNP1 = structure(c(0, 
4, 860, 0, 0, 0, 10, 0), dim = c(4L, 2L), dimnames = list(c("-2", 
"-1", "0", "1"), c("A", "G"))), GM26_SNP1 = structure(c(0, 0, 
1, 684, 0, 0, 0, 0, 4, 0), dim = c(5L, 2L), dimnames = list(c("-3", 
"-2", "-1", "0", "1"), c("A", "G"))), GM29_SNP1 = structure(c(0, 
0, 0, 11, 0, 0, 0, 0, 0, 0, 0, 0, 0, 610, 0, 0, 0, 0, 0, 0), dim = 5:4, dimnames = list(
    c("-3", "-2", "-1", "0", "1"), c("A", "C", "G", "T"))), IM16_SNP1 = structure(c(0, 
0, 4, 0, 0, 0, 1, 267, 0, 0), dim = c(5L, 2L), dimnames = list(
    c("-2", "-1", "0", "1", "2"), c("A", "G"))), IM49_SNP1 = structure(c(0, 
6, 755, 3, 0, 0, 0, 9, 0, 0), dim = c(5L, 2L), dimnames = list(
    c("-2", "-1", "0", "1", "2"), c("C", "G"))), LR10_SNP1 = structure(c(0, 
0, 0, 0, 0, 0, 4, 0, 0, 3, 787, 0), dim = 4:3, dimnames = list(
    c("-2", "-1", "0", "1"), c("A", "C", "T"))), LR11_SNP1 = structure(c(0, 
2, 51, 0, 0, 1, 0, 4, 0, 0), dim = c(5L, 2L), dimnames = list(
    c("-2", "-1", "0", "1", "2"), c("A", "C"))), LR17_SNP1 = structure(c(0, 
0, 16, 1188, 4, 0, 0, 0, 0, 0, 0, 0), dim = c(6L, 2L), dimnames = list(
    c("-3", "-2", "-1", "0", "1", "2"), c("A", "G"))), LR20_SNP1 = structure(c(0, 
48, 0, 0, 24, 0), dim = 3:2, dimnames = list(c("-1", "0", "1"
), c("A", "G"))), LR24_SNP1 = structure(c(2, 365, 0, 0, 5, 0), dim = 3:2, dimnames = list(
    c("-1", "0", "1"), c("A", "G"))), LR36_SNP1 = structure(c(0, 
0, 0, 0, 374, 2, 0, 0, 0, 0, 0, 0, 0, 0, 0, 3, 347, 0), dim = c(6L, 
3L), dimnames = list(c("-4", "-3", "-2", "-1", "0", "1"), c("A", 
"G", "T"))), LR40_SNP1 = structure(c(1, 0, 0, 1, 42, 0, 0, 0, 
0), dim = c(3L, 3L), dimnames = list(c("-1", "0", "1"), c("A", 
"C", "G"))), LR44_SNP1 = structure(c(1, 18, 399, 2, 0, 0, 0, 
0, 5, 0, 0, 1), dim = c(6L, 2L), dimnames = list(c("-2", "-1", 
"0", "1", "2", "7"), c("C", "T"))), LR46_SNP1 = structure(c(0, 
0, 0, 0, 0, 303, 1, 0, 3, 306, 0, 0), dim = 4:3, dimnames = list(
    c("-1", "0", "1", "2"), c("C", "G", "T"))), LR48_SNP1 = structure(c(0, 
10, 707, 2, 0, 0, 1, 2, 0, 0), dim = c(5L, 2L), dimnames = list(
    c("-2", "-1", "0", "1", "2"), c("C", "T"))), LR49_SNP1 = structure(c(0, 
509, 0, 2, 550, 0), dim = 3:2, dimnames = list(c("-1", "0", "1"
), c("A", "G"))), LR52_SNP1 = structure(c(0, 0, 0, 1, 0, 0, 0, 
1, 3, 0, 0, 1, 11, 476, 1), dim = c(5L, 3L), dimnames = list(
    c("-3", "-2", "-1", "0", "1"), c("A", "C", "T"))))
