Result <-
list(DEPDC2_SNP1 = structure(c(0, 239, 0, 0, 282, 0), dim = 3:2, dimnames = list(
    c("-1", "0", "1"), c("C", "T"))), GM01_SNP1 = structure(c(0, 
0, 0, 1, 299, 2, 2, 349, 0), dim = c(3L, 3L), dimnames = list(
    c("-1", "0", "1"), c("-", "A", "G"))), GM07_SNP1 = structure(c(0, 
0, 5, 0, 0, 0, 0, 9, 549, 9, 0, 0, 0, 0, 0, 0, 0, 0), dim = c(6L, 
3L), dimnames = list(c("-2", "-1", "0", "1", "2", "3"), c("A", 
"G", "T"))), GM09_SNP1 = structure(c(0, 252, 0, 1, 216, 0), dim = 3:2, dimnames = list(
    c("-1", "0", "1"), c("A", "G"))), GM11_SNP1 = structure(c(0, 
0, 4, 0, 0, 0, 0, 318, 2, 0, 0, 0, 0, 0, 0), dim = c(5L, 3L), dimnames = list(
    c("-2", "-1", "0", "1", "2"), c("A", "G", "T"))), GM14_SNP1 = structure(c(0, 
0, 0, 0, 0, 0, 0, 4, 0, 0, 0, 1, 491, 0, 0), dim = c(5L, 3L), dimnames = list(
    c("-2", "-1", "0", "1", "2"), c("A", "C", "T"))), GM17_SNP1 = structure(c(0, 
0, 0, 0, 0, 0, 8, 0, 0, 3, 706, 1), dim = 4:3, dimnames = list(
    c("-2", "-1", "0", "1"), c("A", "C", "T"))), GM22_SNP1 = structure(c(3, 
563, 0, 0, 2, 0), dim = 3:2, dimnames = list(c("-1", "0", "1"
), c("A", "G"))), GM26_SNP1 = structure(c(0, 1, 152, 0, 0, 2, 
166, 0), dim = c(4L, 2L), dimnames = list(c("-2", "-1", "0", 
"1"), c("A", "G"))), GM29_SNP1 = structure(c(0, 0, 0, 1, 601, 
0, 0, 1, 0, 0, 0, 0), dim = 3:4, dimnames = list(c("-1", "0", 
"1"), c("-", "A", "G", "T"))), IM16_SNP1 = structure(c(0, 0, 
3, 0, 0, 0, 2, 491, 2, 0), dim = c(5L, 2L), dimnames = list(c("-2", 
"-1", "0", "1", "2"), c("A", "G"))), IM49_SNP1 = structure(c(0, 
2, 273, 2, 0, 0, 7, 287, 1, 0), dim = c(5L, 2L), dimnames = list(
    c("-2", "-1", "0", "1", "2"), c("C", "G"))), LR10_SNP1 = structure(c(0, 
0, 2, 0, 0, 3, 475, 0), dim = c(4L, 2L), dimnames = list(c("-2", 
"-1", "0", "1"), c("C", "T"))), LR11_SNP1 = structure(c(0, 0, 
2, 0, 0, 0, 313, 2), dim = c(4L, 2L), dimnames = list(c("-2", 
"-1", "0", "1"), c("A", "C"))), LR17_SNP1 = structure(c(0, 13, 
916, 2, 0, 0, 0, 0, 0, 0), dim = c(5L, 2L), dimnames = list(c("-2", 
"-1", "0", "1", "2"), c("A", "G"))), LR20_SNP1 = structure(c(0, 
313, 0, 0, 276, 0, 0, 2, 0), dim = c(3L, 3L), dimnames = list(
    c("-1", "0", "1"), c("A", "G", "T"))), LR24_SNP1 = structure(c(0, 
0, 314, 0, 0, 1, 340, 1, 0, 0, 0, 0), dim = 4:3, dimnames = list(
    c("-2", "-1", "0", "1"), c("A", "G", "T"))), LR36_SNP1 = structure(c(0, 
1, 0, 2, 356, 0, 0, 0, 0, 0, 1, 0, 0, 0, 0, 2, 253, 0), dim = c(6L, 
3L), dimnames = list(c("-4", "-3", "-2", "-1", "0", "1"), c("A", 
"G", "T"))), LR40_SNP1 = structure(c(0, 4, 438, 2, 0, 0, 0, 0, 
0, 0, 0, 0), dim = 4:3, dimnames = list(c("-2", "-1", "0", "1"
), c("C", "G", "T"))), LR44_SNP1 = structure(c(0, 0, 1, 0, 0, 
0, 3, 117, 1, 0, 0, 3, 137, 0, 0), dim = c(5L, 3L), dimnames = list(
    c("-2", "-1", "0", "1", "2"), c("A", "C", "T"))), LR46_SNP1 = structure(c(0, 
0, 449, 0, 0, 0, 1, 0), dim = c(4L, 2L), dimnames = list(c("-2", 
"-1", "0", "1"), c("G", "T"))), LR48_SNP1 = structure(c(0, 3, 
225, 1, 0, 0, 1, 204, 0, 0), dim = c(5L, 2L), dimnames = list(
    c("-2", "-1", "0", "1", "2"), c("C", "T"))), LR49_SNP1 = structure(c(0, 
1, 0, 596, 0, 0), dim = 2:3, dimnames = list(c("-1", "0"), c("A", 
"G", "T"))), LR52_SNP1 = structure(c(0, 0, 0, 2, 0, 0, 1, 3, 
286, 1), dim = c(5L, 2L), dimnames = list(c("-4", "-2", "-1", 
"0", "1"), c("C", "T"))))
