Result <-
list(DEPDC2_SNP1 = structure(c(1, 427, 0, 2, 495, 3), dim = 3:2, dimnames = list(
    c("-1", "0", "1"), c("C", "T"))), GM01_SNP1 = structure(c(0, 
0, 3, 641, 1, 0, 0, 0, 3, 649, 0, 0, 0, 0, 0, 0, 0, 0), dim = c(6L, 
3L), dimnames = list(c("-3", "-2", "-1", "0", "1", "2"), c("A", 
"G", "T"))), GM07_SNP1 = structure(c(0, 0, 0, 0, 0, 0, 0, 1, 
0, 6, 400, 1, 0, 0, 0, 1, 4, 156, 238, 2, 0), dim = c(7L, 3L), dimnames = list(
    c("-3", "-2", "-1", "0", "1", "2", "3"), c("-", "A", "G"))), 
    GM09_SNP1 = structure(c(0, 696, 1, 1, 588, 0, 0, 0, 0), dim = c(3L, 
    3L), dimnames = list(c("-1", "0", "1"), c("A", "G", "T"))), 
    GM11_SNP1 = structure(c(0, 0, 876, 0, 0, 0, 3, 0), dim = c(4L, 
    2L), dimnames = list(c("-2", "-1", "0", "1"), c("A", "G"))), 
    GM14_SNP1 = structure(c(0, 5, 523, 1, 0, 0, 2, 489, 0, 0), dim = c(5L, 
    2L), dimnames = list(c("-2", "-1", "0", "1", "2"), c("C", 
    "T"))), GM17_SNP1 = structure(c(0, 1, 7, 0, 0, 6, 1077, 0
    ), dim = c(4L, 2L), dimnames = list(c("-2", "-1", "0", "1"
    ), c("C", "T"))), GM22_SNP1 = structure(c(0, 2, 1225, 2, 
    0, 0, 3, 0, 0, 0, 0, 0), dim = 4:3, dimnames = list(c("-2", 
    "-1", "0", "1"), c("A", "G", "T"))), GM26_SNP1 = structure(c(3, 
    779, 0, 0, 4, 0), dim = 3:2, dimnames = list(c("-1", "0", 
    "1"), c("A", "G"))), GM29_SNP1 = structure(c(0, 0, 0, 2, 
    402, 1, 1, 349, 0, 0, 0, 0), dim = 3:4, dimnames = list(c("-1", 
    "0", "1"), c("-", "A", "G", "T"))), IM16_SNP1 = structure(c(0, 
    1, 476, 2, 0, 0, 4, 532, 4, 0, 0, 0, 1, 0, 0), dim = c(5L, 
    3L), dimnames = list(c("-2", "-1", "0", "1", "2"), c("A", 
    "G", "T"))), IM49_SNP1 = structure(c(0, 17, 868, 8, 0, 0, 
    0, 3, 0, 0), dim = c(5L, 2L), dimnames = list(c("-2", "-1", 
    "0", "1", "2"), c("C", "G"))), LR10_SNP1 = structure(c(0, 
    0, 0, 0, 0, 0, 0, 0, 0, 0, 531, 0, 0, 2, 528, 2), dim = c(4L, 
    4L), dimnames = list(c("-2", "-1", "0", "1"), c("-", "A", 
    "C", "T"))), LR11_SNP1 = structure(c(0, 0, 3, 0, 0, 0, 4, 
    1129, 0, 0), dim = c(5L, 2L), dimnames = list(c("-2", "-1", 
    "0", "1", "2"), c("A", "C"))), LR17_SNP1 = structure(c(0, 
    0, 14, 1312, 8, 0, 0, 0, 0, 0, 0, 0, 0, 0, 0, 0, 0, 0), dim = c(6L, 
    3L), dimnames = list(c("-3", "-2", "-1", "0", "1", "2"), 
        c("A", "G", "T"))), LR20_SNP1 = structure(c(0, 0, 0, 
    0, 0, 1, 533, 0, 0, 0, 521, 0, 0, 0, 0, 0), dim = c(4L, 4L
    ), dimnames = list(c("-2", "-1", "0", "1"), c("-", "A", "G", 
    "T"))), LR24_SNP1 = structure(c(2, 1481, 1, 0, 0, 0, 0, 5, 
    0), dim = c(3L, 3L), dimnames = list(c("-1", "0", "1"), c("A", 
    "C", "G"))), LR36_SNP1 = structure(c(0, 0, 0, 1, 0, 0, 0, 
    1, 1, 539, 0, 0, 0, 0, 0, 0, 0, 0, 0, 0, 0, 0, 0, 0, 0, 2, 
    5, 490, 2, 0), dim = 6:5, dimnames = list(c("-3", "-2", "-1", 
    "0", "1", "2"), c("-", "A", "C", "G", "T"))), LR40_SNP1 = structure(c(0, 
    1, 445, 1, 0, 4, 479, 0, 0, 0, 0, 0), dim = 4:3, dimnames = list(
        c("-2", "-1", "0", "1"), c("A", "C", "G"))), LR44_SNP1 = structure(c(0, 
    21, 547, 5, 0, 0, 0, 1, 0, 0, 0, 0, 6, 0, 0), dim = c(5L, 
    3L), dimnames = list(c("-2", "-1", "0", "1", "2"), c("C", 
    "G", "T"))), LR46_SNP1 = structure(c(0, 0, 0, 2, 398, 1, 
    1, 401, 0), dim = c(3L, 3L), dimnames = list(c("-1", "0", 
    "1"), c("C", "G", "T"))), LR48_SNP1 = structure(c(0, 1, 4, 
    475, 4, 0, 0, 3, 427, 3), dim = c(5L, 2L), dimnames = list(
        c("-3", "-2", "-1", "0", "1"), c("C", "T"))), LR49_SNP1 = structure(c(0, 
    5, 0, 0, 0, 0, 2, 1095, 0, 0, 0, 0), dim = 3:4, dimnames = list(
        c("-1", "0", "1"), c("A", "C", "G", "T"))), LR52_SNP1 = structure(c(0, 
    0, 0, 0, 0, 0, 1, 2, 0, 19, 762, 1, 0, 0, 0, 0, 3, 0), dim = c(6L, 
    3L), dimnames = list(c("-4", "-3", "-2", "-1", "0", "1"), 
        c("A", "C", "T"))))
