Result <-
list(DEPDC2_SNP1 = structure(c(0, 440, 1, 0, 532, 3), dim = 3:2, dimnames = list(
    c("-1", "0", "1"), c("C", "T"))), GM01_SNP1 = structure(c(0, 
0, 0, 0, 0, 0, 2, 1362, 0, 0, 0, 0, 9, 0, 0), dim = c(5L, 3L), dimnames = list(
    c("-2", "-1", "0", "1", "2"), c("-", "A", "G"))), GM07_SNP1 = structure(c(0, 
0, 0, 0, 0, 0, 5, 566, 2, 1, 0, 3, 407, 5, 0, 0, 0, 0, 0, 0), dim = 5:4, dimnames = list(
    c("-2", "-1", "0", "1", "2"), c("-", "A", "G", "T"))), GM09_SNP1 = structure(c(2, 
637, 0, 2, 364, 0), dim = 3:2, dimnames = list(c("-1", "0", "1"
), c("A", "G"))), GM11_SNP1 = structure(c(0, 3, 0, 7, 891, 1), dim = 3:2, dimnames = list(
    c("-1", "0", "1"), c("A", "G"))), GM14_SNP1 = structure(c(0, 
0, 4, 877, 4, 0, 0, 0, 0, 0, 0, 0, 0, 0, 0, 3, 0, 0), dim = c(6L, 
3L), dimnames = list(c("-3", "-2", "-1", "0", "1", "2"), c("C", 
"G", "T"))), GM17_SNP1 = structure(c(4, 482, 0, 4, 554, 1), dim = 3:2, dimnames = list(
    c("-1", "0", "1"), c("C", "T"))), GM22_SNP1 = structure(c(0, 
4, 737, 1, 0, 0, 0, 385, 0, 0), dim = c(5L, 2L), dimnames = list(
    c("-2", "-1", "0", "1", "2"), c("A", "G"))), GM26_SNP1 = structure(c(0, 
0, 715, 1, 0, 0, 1, 0), dim = c(4L, 2L), dimnames = list(c("-3", 
"-1", "0", "1"), c("A", "G"))), GM29_SNP1 = structure(c(0, 0, 
828, 1, 0, 0, 2, 0, 0, 0, 0, 0), dim = 4:3, dimnames = list(c("-2", 
"-1", "0", "1"), c("A", "G", "T"))), IM16_SNP1 = structure(c(0, 
2, 470, 2, 0, 1, 3, 455, 0, 0, 0, 0, 1, 0, 0), dim = c(5L, 3L
), dimnames = list(c("-2", "-1", "0", "1", "2"), c("A", "G", 
"T"))), IM49_SNP1 = structure(c(0, 9, 774, 5, 0, 0, 0, 4, 0, 
0), dim = c(5L, 2L), dimnames = list(c("-2", "-1", "0", "1", 
"2"), c("C", "G"))), LR10_SNP1 = structure(c(0, 0, 0, 0, 0, 8, 
906, 3, 0, 0, 3, 0), dim = 4:3, dimnames = list(c("-2", "-1", 
"0", "1"), c("-", "C", "T"))), LR11_SNP1 = structure(c(0, 6, 
603, 1, 0, 0, 5, 504, 2, 0), dim = c(5L, 2L), dimnames = list(
    c("-2", "-1", "0", "1", "2"), c("A", "C"))), LR17_SNP1 = structure(c(0, 
0, 9, 1500, 4, 0, 0, 0, 0, 0, 0, 0, 0, 0, 0), dim = c(5L, 3L), dimnames = list(
    c("-3", "-2", "-1", "0", "1"), c("A", "C", "G"))), LR20_SNP1 = structure(c(2, 
434, 0, 0, 517, 0, 0, 0, 0), dim = c(3L, 3L), dimnames = list(
    c("-1", "0", "1"), c("A", "G", "T"))), LR24_SNP1 = structure(c(0, 
0, 0, 0, 0, 0, 6, 0, 0, 0, 1403, 0), dim = 4:3, dimnames = list(
    c("-2", "-1", "0", "1"), c("-", "A", "G"))), LR36_SNP1 = structure(c(0, 
3, 536, 0, 0, 0, 0, 0, 0, 0, 0, 0, 0, 4, 496, 2), dim = c(4L, 
4L), dimnames = list(c("-2", "-1", "0", "1"), c("A", "C", "G", 
"T"))), LR40_SNP1 = structure(c(0, 0, 0, 0, 792, 3, 0, 0, 0), dim = c(3L, 
3L), dimnames = list(c("-1", "0", "1"), c("A", "C", "T"))), LR44_SNP1 = structure(c(0, 
0, 8, 233, 3, 0, 0, 0, 9, 265, 0, 0), dim = c(6L, 2L), dimnames = list(
    c("-4", "-2", "-1", "0", "1", "7"), c("C", "T"))), LR46_SNP1 = structure(c(0, 
0, 0, 0, 0, 0, 0, 400, 0, 0, 265, 0), dim = 3:4, dimnames = list(
    c("-1", "0", "1"), c("-", "C", "G", "T"))), LR48_SNP1 = structure(c(0, 
3, 892, 0, 0, 0, 0, 0, 0, 0, 0, 0, 4, 0, 0), dim = c(5L, 3L), dimnames = list(
    c("-2", "-1", "0", "1", "2"), c("C", "G", "T"))), LR49_SNP1 = structure(c(2, 
1138, 1, 0, 0, 0, 1, 8, 0, 0, 0, 0), dim = 3:4, dimnames = list(
    c("-1", "0", "1"), c("A", "C", "G", "T"))), LR52_SNP1 = structure(c(0, 
0, 8, 239, 1, 0, 0, 0, 19, 463, 2, 0), dim = c(6L, 2L), dimnames = list(
    c("-3", "-2", "-1", "0", "1", "3"), c("C", "T"))))
