Result <-
list(DEPDC2_SNP1 = structure(c(0, 0, 4, 0, 0, 0, 1, 477, 1, 0, 
0, 0, 0, 0, 0, 0, 2, 500, 1, 0), dim = 5:4, dimnames = list(c("-2", 
"-1", "0", "1", "2"), c("A", "C", "G", "T"))), GM01_SNP1 = structure(c(0, 
0, 0, 0, 0, 6, 973, 1, 0, 0, 2, 0), dim = 4:3, dimnames = list(
    c("-2", "-1", "0", "1"), c("-", "A", "G"))), GM07_SNP1 = structure(c(0, 
0, 0, 0, 0, 0, 0, 0, 0, 22, 960, 7, 0, 0, 0, 1, 0, 4, 0, 0, 0
), dim = c(7L, 3L), dimnames = list(c("-3", "-2", "-1", "0", 
"1", "2", "3"), c("-", "A", "G"))), GM09_SNP1 = structure(c(1, 
16, 0, 0, 904, 0), dim = 3:2, dimnames = list(c("-1", "0", "1"
), c("A", "G"))), GM11_SNP1 = structure(c(0, 0, 279, 0, 0, 0, 
244, 0), dim = c(4L, 2L), dimnames = list(c("-2", "-1", "0", 
"1"), c("A", "G"))), GM14_SNP1 = structure(c(0, 0, 6, 388, 0, 
0, 0, 1, 386, 1), dim = c(5L, 2L), dimnames = list(c("-3", "-2", 
"-1", "0", "1"), c("C", "T"))), GM17_SNP1 = structure(c(0, 0, 
0, 0, 0, 0, 15, 0, 0, 1, 899, 0), dim = 4:3, dimnames = list(
    c("-2", "-1", "0", "1"), c("A", "C", "T"))), GM22_SNP1 = structure(c(0, 
0, 542, 0, 0, 0, 426, 0), dim = c(4L, 2L), dimnames = list(c("-2", 
"-1", "0", "1"), c("A", "G"))), GM26_SNP1 = structure(c(0, 0, 
4, 0, 0, 2, 686, 1, 0, 0, 0, 0), dim = 4:3, dimnames = list(c("-2", 
"-1", "0", "1"), c("A", "G", "T"))), GM29_SNP1 = structure(c(0, 
2, 918, 5, 0, 0, 0, 0, 0, 0, 0, 0, 0, 0, 0), dim = c(5L, 3L), dimnames = list(
    c("-2", "-1", "0", "1", "2"), c("A", "G", "T"))), IM16_SNP1 = structure(c(0, 
8, 0, 0, 3, 694, 2, 0), dim = c(4L, 2L), dimnames = list(c("-1", 
"0", "1", "2"), c("A", "G"))), IM49_SNP1 = structure(c(0, 0, 
0, 0, 0, 0, 10, 398, 2, 0, 0, 2, 335, 1, 0), dim = c(5L, 3L), dimnames = list(
    c("-2", "-1", "0", "1", "2"), c("A", "C", "G"))), LR10_SNP1 = structure(c(0, 
0, 0, 0, 0, 4, 418, 0, 0, 0, 0, 0, 0, 4, 403, 0), dim = c(4L, 
4L), dimnames = list(c("-2", "-1", "0", "1"), c("A", "C", "G", 
"T"))), LR11_SNP1 = structure(c(0, 0, 0, 0, 0, 0, 0, 23, 0, 0, 
0, 2, 644, 2, 0, 0, 0, 0, 0, 0, 0, 0, 0, 0, 0), dim = c(5L, 5L
), dimnames = list(c("-2", "-1", "0", "1", "2"), c("-", "A", 
"C", "G", "T"))), LR17_SNP1 = structure(c(0, 0, 6, 1180, 1, 0, 
0, 0, 0, 0, 0, 0, 0, 0, 0), dim = c(5L, 3L), dimnames = list(
    c("-3", "-2", "-1", "0", "1"), c("A", "C", "G"))), LR20_SNP1 = structure(c(0, 
0, 285, 0, 0, 0, 263, 0, 0, 0, 0, 0), dim = 4:3, dimnames = list(
    c("-2", "-1", "0", "1"), c("A", "G", "T"))), LR24_SNP1 = structure(c(0, 
1052, 0, 0, 4, 0, 0, 0, 0), dim = c(3L, 3L), dimnames = list(
    c("-1", "0", "1"), c("A", "G", "T"))), LR36_SNP1 = structure(c(0, 
0, 0, 9, 0, 0, 1, 2, 853, 2), dim = c(5L, 2L), dimnames = list(
    c("-3", "-2", "-1", "0", "1"), c("A", "T"))), LR40_SNP1 = structure(c(0, 
616, 0, 0), dim = c(4L, 1L), dimnames = list(c("-1", "0", "1", 
"2"), "C")), LR44_SNP1 = structure(c(0, 0, 2, 146, 1, 0, 0, 0, 
7, 170, 1, 0), dim = c(6L, 2L), dimnames = list(c("-3", "-2", 
"-1", "0", "1", "2"), c("C", "T"))), LR46_SNP1 = structure(c(0, 
0, 0, 0, 0, 0, 1, 439, 2, 0, 418, 0), dim = 3:4, dimnames = list(
    c("-1", "0", "1"), c("-", "A", "G", "T"))), LR48_SNP1 = structure(c(0, 
0, 0, 0, 0, 13, 734, 1, 0, 0, 11, 0), dim = 4:3, dimnames = list(
    c("-2", "-1", "0", "1"), c("A", "C", "T"))), LR49_SNP1 = structure(c(0, 
5, 0, 2, 1157, 0), dim = 3:2, dimnames = list(c("-1", "0", "1"
), c("A", "G"))), LR52_SNP1 = structure(c(0, 0, 0, 0, 0, 0, 0, 
0, 0, 0, 0, 0, 0, 0, 1, 0, 4, 23, 612, 0, 0, 0, 0, 1, 1, 13, 
0, 0), dim = c(7L, 4L), dimnames = list(c("-4", "-3", "-2", "-1", 
"0", "1", "2"), c("-", "A", "C", "T"))))
