Result <-
list(DEPDC2_SNP1 = structure(c(0, 0, 255, 0, 0, 0, 378, 0), dim = c(4L, 
2L), dimnames = list(c("-2", "-1", "0", "1"), c("C", "T"))), 
    GM01_SNP1 = structure(c(0, 575, 0, 2, 394, 0, 0, 0, 0), dim = c(3L, 
    3L), dimnames = list(c("-1", "0", "1"), c("A", "G", "T"))), 
    GM07_SNP1 = structure(c(0, 0, 0, 0, 0, 0, 10, 582, 2, 0, 
    0, 0, 2, 0, 0), dim = c(5L, 3L), dimnames = list(c("-2", 
    "-1", "0", "1", "2"), c("-", "A", "G"))), GM09_SNP1 = structure(c(3, 
    737, 1, 0, 8, 0, 0, 0, 0), dim = c(3L, 3L), dimnames = list(
        c("-1", "0", "1"), c("A", "G", "T"))), GM11_SNP1 = structure(c(0, 
    0, 0, 0, 0, 0, 548, 1, 0, 0, 1, 0, 0, 0, 1, 0), dim = c(4L, 
    4L), dimnames = list(c("-2", "-1", "0", "1"), c("-", "A", 
    "G", "T"))), GM14_SNP1 = structure(c(0, 5, 602, 1, 0, 1, 
    2, 0), dim = c(4L, 2L), dimnames = list(c("-2", "-1", "0", 
    "1"), c("C", "T"))), GM17_SNP1 = structure(c(3, 865, 0, 0, 
    2, 0), dim = 3:2, dimnames = list(c("-1", "0", "1"), c("C", 
    "T"))), GM22_SNP1 = structure(c(0, 3, 832, 1, 0, 0, 4, 0), dim = c(4L, 
    2L), dimnames = list(c("-2", "-1", "0", "1"), c("A", "G"))), 
    GM26_SNP1 = structure(c(1, 0, 3, 0, 0, 1, 425, 0), dim = c(4L, 
    2L), dimnames = list(c("-2", "-1", "0", "1"), c("A", "G"))), 
    GM29_SNP1 = structure(c(0, 0, 311, 0, 0, 1, 358, 0, 0, 0, 
    0, 0), dim = 4:3, dimnames = list(c("-2", "-1", "0", "1"), 
        c("A", "G", "T"))), IM16_SNP1 = structure(c(0, 294, 2, 
    0, 2, 379, 1, 0), dim = c(4L, 2L), dimnames = list(c("-1", 
    "0", "1", "2"), c("A", "G"))), IM49_SNP1 = structure(c(1, 
    1, 6, 0, 0, 0, 6, 572, 5, 0), dim = c(5L, 2L), dimnames = list(
        c("-2", "-1", "0", "1", "2"), c("C", "G"))), LR10_SNP1 = structure(c(1, 
    2, 0, 1, 669, 0), dim = 3:2, dimnames = list(c("-1", "0", 
    "1"), c("C", "T"))), LR11_SNP1 = structure(c(0, 2, 415, 1, 
    0, 1, 314, 1, 0, 0, 0, 0), dim = 4:3, dimnames = list(c("-2", 
    "-1", "0", "1"), c("A", "C", "G"))), LR17_SNP1 = structure(c(0, 
    1, 14, 1314, 4, 1, 0, 0, 0, 0, 0, 0), dim = c(6L, 2L), dimnames = list(
        c("-3", "-2", "-1", "0", "1", "2"), c("A", "G"))), LR20_SNP1 = structure(c(0, 
    7, 0, 1, 901, 0, 0, 0, 0), dim = c(3L, 3L), dimnames = list(
        c("-1", "0", "1"), c("A", "G", "T"))), LR24_SNP1 = structure(c(0, 
    6, 0, 0, 1, 915, 0, 0), dim = c(4L, 2L), dimnames = list(
        c("-1", "0", "1", "2"), c("A", "G"))), LR36_SNP1 = structure(c(0, 
    0, 0, 0, 220, 2, 0, 0, 0, 0, 0, 0, 0, 0, 0, 0, 1, 1, 466, 
    0, 0), dim = c(7L, 3L), dimnames = list(c("-5", "-3", "-2", 
    "-1", "0", "1", "2"), c("A", "G", "T"))), LR40_SNP1 = structure(c(0, 
    0, 735, 0, 0, 0, 0, 0), dim = c(4L, 2L), dimnames = list(
        c("-2", "-1", "0", "1"), c("C", "T"))), LR44_SNP1 = structure(c(0, 
    0, 1, 139, 1, 0, 0, 0, 4, 141, 3, 0), dim = c(6L, 2L), dimnames = list(
        c("-4", "-2", "-1", "0", "1", "2"), c("C", "T"))), LR46_SNP1 = structure(c(0, 
    230, 1, 0, 224, 1), dim = 3:2, dimnames = list(c("-1", "0", 
    "1"), c("G", "T"))), LR48_SNP1 = structure(c(0, 0, 0, 2, 
    0, 0, 0, 0, 4, 618, 2, 0, 0, 0, 0, 2, 0, 0), dim = c(6L, 
    3L), dimnames = list(c("-3", "-2", "-1", "0", "1", "2"), 
        c("A", "C", "T"))), LR49_SNP1 = structure(c(0, 5, 0, 
    0, 695, 0), dim = 3:2, dimnames = list(c("-1", "0", "1"), 
        c("A", "G"))), LR52_SNP1 = structure(c(0, 0, 0, 0, 0, 
    0, 0, 0, 0, 21, 425, 2, 0, 0, 0, 0, 6, 0), dim = c(6L, 3L
    ), dimnames = list(c("-4", "-3", "-2", "-1", "0", "1"), c("A", 
    "C", "T"))))
