Result <-
list(DEPDC2_SNP1 = structure(c(0, 0, 0, 0, 0, 9, 1692, 1), dim = c(4L, 
2L), dimnames = list(c("-2", "-1", "0", "1"), c("C", "T"))), 
    GM01_SNP1 = structure(c(0, 0, 0, 0, 3, 2350, 1, 0, 0, 1, 
    0, 0, 0, 0, 0, 0), dim = c(4L, 4L), dimnames = list(c("-1", 
    "0", "1", "2"), c("-", "A", "G", "T"))), GM07_SNP1 = structure(c(0, 
    0, 0, 0, 0, 0, 0, 1, 0, 0, 1, 28, 1455, 16, 0, 0, 0, 0, 0, 
    0), dim = 5:4, dimnames = list(c("-2", "-1", "0", "1", "2"
    ), c("-", "A", "G", "T"))), GM09_SNP1 = structure(c(0, 0, 
    1166, 0, 0, 1, 1010, 2), dim = c(4L, 2L), dimnames = list(
        c("-2", "-1", "0", "1"), c("A", "G"))), GM11_SNP1 = structure(c(0, 
    1455, 1, 0, 2, 0), dim = 3:2, dimnames = list(c("-1", "0", 
    "1"), c("A", "G"))), GM14_SNP1 = structure(c(0, 0, 0, 0, 
    0, 0, 15, 1884, 8, 0, 0, 0, 3, 0, 0), dim = c(5L, 3L), dimnames = list(
        c("-2", "-1", "0", "1", "2"), c("A", "C", "T"))), GM17_SNP1 = structure(c(0, 
    0, 0, 0, 0, 0, 1, 0, 0, 0, 0, 0, 0, 5, 2045, 0), dim = c(4L, 
    4L), dimnames = list(c("-2", "-1", "0", "1"), c("A", "C", 
    "G", "T"))), GM22_SNP1 = structure(c(0, 3, 1048, 3, 0, 0, 
    8, 917, 1, 0, 0, 0, 1, 0, 0), dim = c(5L, 3L), dimnames = list(
        c("-2", "-1", "0", "1", "2"), c("A", "G", "T"))), GM26_SNP1 = structure(c(0, 
    1, 723, 0, 0, 0, 2, 690, 1, 0, 0, 0, 0, 0, 0), dim = c(5L, 
    3L), dimnames = list(c("-2", "-1", "0", "1", "2"), c("A", 
    "G", "T"))), GM29_SNP1 = structure(c(0, 0, 2, 766, 1, 0, 
    0, 0, 1, 743, 0, 0), dim = c(6L, 2L), dimnames = list(c("-3", 
    "-2", "-1", "0", "1", "2"), c("A", "G"))), IM16_SNP1 = structure(c(0, 
    2, 786, 7, 0, 0, 0, 0, 0, 0, 0, 0, 832, 4, 0, 0, 0, 0, 0, 
    0), dim = 5:4, dimnames = list(c("-2", "-1", "0", "1", "2"
    ), c("A", "C", "G", "T"))), IM49_SNP1 = structure(c(0, 0, 
    0, 0, 0, 0, 11, 730, 3, 0, 0, 14, 634, 4, 0, 0, 0, 0, 0, 
    0), dim = 5:4, dimnames = list(c("-2", "-1", "0", "1", "2"
    ), c("A", "C", "G", "T"))), LR10_SNP1 = structure(c(0, 0, 
    0, 0, 0, 0, 1, 0, 0, 13, 1767, 3, 0, 0, 5, 0), dim = c(4L, 
    4L), dimnames = list(c("-2", "-1", "0", "1"), c("-", "A", 
    "C", "T"))), LR11_SNP1 = structure(c(0, 0, 0, 0, 0, 0, 14, 
    2097, 3, 0, 0, 0, 0, 0, 0), dim = c(5L, 3L), dimnames = list(
        c("-2", "-1", "0", "1", "2"), c("A", "C", "G"))), LR17_SNP1 = structure(c(0, 
    1, 31, 2455, 5, 0, 0, 0, 0, 0, 0, 0, 0, 0, 0, 0, 0, 0), dim = c(6L, 
    3L), dimnames = list(c("-3", "-2", "-1", "0", "1", "2"), 
        c("A", "C", "G"))), LR20_SNP1 = structure(c(0, 0, 0, 
    768, 0, 1, 0, 0, 773, 0, 0, 0, 0, 1, 0), dim = c(5L, 3L), dimnames = list(
        c("-8", "-2", "-1", "0", "1"), c("A", "G", "T"))), LR24_SNP1 = structure(c(0, 
    1, 4, 0, 0, 1, 2047, 0, 0, 0, 0, 0), dim = 4:3, dimnames = list(
        c("-2", "-1", "0", "1"), c("A", "G", "T"))), LR36_SNP1 = structure(c(0, 
    0, 0, 0, 0, 0, 0, 0, 0, 0, 2, 945, 1, 0, 0, 0, 0, 0, 0, 0, 
    0, 0, 0, 0, 0, 0, 0, 0, 1, 0, 1, 9, 902, 2, 0), dim = c(7L, 
    5L), dimnames = list(c("-4", "-3", "-2", "-1", "0", "1", 
    "2"), c("-", "A", "C", "G", "T"))), LR40_SNP1 = structure(c(0, 
    0, 1, 0, 0, 1, 1336, 0, 0, 0, 0, 0), dim = 4:3, dimnames = list(
        c("-3", "-1", "0", "1"), c("A", "C", "T"))), LR44_SNP1 = structure(c(0, 
    0, 0, 0, 0, 0, 11, 598, 3, 0, 0, 1, 8, 0, 0), dim = c(5L, 
    3L), dimnames = list(c("-2", "-1", "0", "1", "2"), c("A", 
    "C", "T"))), LR46_SNP1 = structure(c(0, 0, 0, 2, 1388, 1, 
    0, 1, 0), dim = c(3L, 3L), dimnames = list(c("-1", "0", "1"
    ), c("A", "G", "T"))), LR48_SNP1 = structure(c(0, 0, 0, 0, 
    0, 0, 14, 1557, 6, 0, 0, 0, 0, 0, 0, 0, 1, 1, 0, 0), dim = 5:4, dimnames = list(
        c("-2", "-1", "0", "1", "2"), c("A", "C", "G", "T"))), 
    LR49_SNP1 = structure(c(0, 2, 0, 0, 1963, 1, 0, 0, 0), dim = c(3L, 
    3L), dimnames = list(c("-1", "0", "1"), c("A", "G", "T"))), 
    LR52_SNP1 = structure(c(0, 0, 14, 305, 1144, 4, 0, 0, 0, 
    0, 2, 0), dim = c(6L, 2L), dimnames = list(c("-4", "-3", 
    "-2", "-1", "0", "1"), c("C", "T"))))
