Result <-
list(DEPDC2_SNP1 = structure(c(0, 0, 0, 0, 0, 0, 3, 0, 0, 0, 
785, 0), dim = 4:3, dimnames = list(c("-2", "-1", "0", "1"), 
    c("A", "C", "T"))), GM01_SNP1 = structure(c(0, 0, 3, 437, 
1, 0, 0, 2, 540, 0), dim = c(5L, 2L), dimnames = list(c("-3", 
"-2", "-1", "0", "1"), c("A", "G"))), GM07_SNP1 = structure(c(0, 
0, 0, 2, 0, 0, 0, 0, 9, 523, 8, 0, 0, 0, 0, 0, 0, 0), dim = c(6L, 
3L), dimnames = list(c("-3", "-2", "-1", "0", "1", "2"), c("A", 
"G", "T"))), GM09_SNP1 = structure(c(1, 5, 0, 2, 1227, 0, 0, 
0, 0), dim = c(3L, 3L), dimnames = list(c("-1", "0", "1"), c("A", 
"G", "T"))), GM11_SNP1 = structure(c(0, 0, 249, 0, 0, 1, 196, 
1), dim = c(4L, 2L), dimnames = list(c("-2", "-1", "0", "1"), 
    c("A", "G"))), GM14_SNP1 = structure(c(0, 0, 0, 0, 0, 0, 
0, 0, 8, 756, 4, 0, 0, 0, 1, 5, 0, 0), dim = c(6L, 3L), dimnames = list(
    c("-4", "-2", "-1", "0", "1", "2"), c("A", "C", "T"))), GM17_SNP1 = structure(c(0, 
0, 0, 0, 0, 2, 500, 0, 0, 3, 802, 0), dim = 4:3, dimnames = list(
    c("-2", "-1", "0", "1"), c("A", "C", "T"))), GM22_SNP1 = structure(c(0, 
1, 400, 1, 0, 2, 435, 0, 0, 0, 0, 0), dim = 4:3, dimnames = list(
    c("-2", "-1", "0", "1"), c("A", "G", "T"))), GM26_SNP1 = structure(c(0, 
292, 0, 0, 0, 215, 1, 0, 0, 0, 0, 0), dim = 4:3, dimnames = list(
    c("-1", "0", "1", "2"), c("A", "G", "T"))), GM29_SNP1 = structure(c(0, 
0, 0, 8, 0, 0, 0, 5, 915, 1), dim = c(5L, 2L), dimnames = list(
    c("-3", "-2", "-1", "0", "1"), c("A", "G"))), IM16_SNP1 = structure(c(0, 
0, 5, 0, 0, 0, 0, 0, 0, 0, 0, 1, 632, 3, 0), dim = c(5L, 3L), dimnames = list(
    c("-2", "-1", "0", "1", "2"), c("A", "C", "G"))), IM49_SNP1 = structure(c(0, 
0, 1, 0, 1, 0, 0, 0, 0, 2, 6, 963, 3, 1, 0, 0, 0, 0, 0, 0, 0), dim = c(7L, 
3L), dimnames = list(c("-4", "-3", "-2", "-1", "0", "1", "2"), 
    c("C", "G", "T"))), LR10_SNP1 = structure(c(0, 9, 0, 4, 686, 
2), dim = 3:2, dimnames = list(c("-1", "0", "1"), c("C", "T"))), 
    LR11_SNP1 = structure(c(0, 0, 5, 508, 1, 0, 0, 0, 3, 418, 
    0, 0, 0, 0, 0, 0, 0, 0), dim = c(6L, 3L), dimnames = list(
        c("-3", "-2", "-1", "0", "1", "2"), c("A", "C", "T"))), 
    LR17_SNP1 = structure(c(0, 0, 14, 1277, 9, 0, 0, 0, 0, 0, 
    0, 0), dim = c(6L, 2L), dimnames = list(c("-3", "-2", "-1", 
    "0", "1", "2"), c("A", "G"))), LR20_SNP1 = structure(c(0, 
    405, 0, 0, 276, 0), dim = 3:2, dimnames = list(c("-1", "0", 
    "1"), c("A", "G"))), LR24_SNP1 = structure(c(0, 0, 9, 0, 
    0, 2, 1016, 1, 0, 0, 0, 0), dim = 4:3, dimnames = list(c("-2", 
    "-1", "0", "1"), c("A", "G", "T"))), LR36_SNP1 = structure(c(0, 
    0, 0, 0, 0, 0, 0, 0, 0, 1, 473, 39, 0, 0, 0, 0, 0, 0, 0, 
    0, 0, 0, 1, 1, 430, 3, 0, 0), dim = c(7L, 4L), dimnames = list(
        c("-3", "-2", "-1", "0", "1", "2", "3"), c("-", "A", 
        "G", "T"))), LR40_SNP1 = structure(c(1, 603, 1, 0), dim = c(4L, 
    1L), dimnames = list(c("-1", "0", "1", "2"), "C")), LR44_SNP1 = structure(c(0, 
    6, 110, 3, 0, 0, 0, 1, 0, 0, 0, 1, 113, 0, 0), dim = c(5L, 
    3L), dimnames = list(c("-2", "-1", "0", "1", "2"), c("C", 
    "G", "T"))), LR46_SNP1 = structure(c(0, 0, 0, 0, 0, 1, 603, 
    1, 0, 0, 3, 0), dim = 4:3, dimnames = list(c("-2", "-1", 
    "0", "1"), c("A", "G", "T"))), LR48_SNP1 = structure(c(0, 
    0, 0, 0, 0, 2, 7, 604, 4, 0, 0, 1, 1, 0, 0), dim = c(5L, 
    3L), dimnames = list(c("-2", "-1", "0", "1", "2"), c("A", 
    "C", "T"))), LR49_SNP1 = structure(c(0, 0, 0, 2, 780, 0, 
    0, 7, 0, 0, 0, 0), dim = 3:4, dimnames = list(c("-1", "0", 
    "1"), c("-", "A", "G", "T"))), LR52_SNP1 = structure(c(0, 
    0, 0, 0, 0, 0, 0, 0, 0, 3, 7, 220, 1, 0, 1, 0, 1, 10, 218, 
    0, 0), dim = c(7L, 3L), dimnames = list(c("-4", "-3", "-2", 
    "-1", "0", "1", "2"), c("A", "C", "T"))))
