Result <-
list(DEPDC2_SNP1 = structure(c(0, 0, 0, 0, 0, 2, 694, 1, 0, 0, 
0, 0, 0, 6, 2216, 4), dim = c(4L, 4L), dimnames = list(c("-3", 
"-1", "0", "1"), c("A", "C", "G", "T"))), GM01_SNP1 = structure(c(0, 
0, 0, 0, 0, 0, 14, 3447, 5, 0, 0, 0, 0, 0, 0, 0, 0, 1, 0, 0, 
0, 0, 0, 0, 0), dim = c(5L, 5L), dimnames = list(c("-2", "-1", 
"0", "1", "2"), c("-", "A", "C", "G", "T"))), GM07_SNP1 = structure(c(0, 
0, 2, 0, 0, 0, 0, 62, 2660, 35, 1, 0, 0, 1, 5, 0, 0, 0), dim = c(6L, 
3L), dimnames = list(c("-2", "-1", "0", "1", "2", "3"), c("-", 
"A", "G"))), GM09_SNP1 = structure(c(0, 1, 0, 0, 0, 3, 2260, 
564, 1, 0, 0, 0, 0, 0, 0), dim = c(5L, 3L), dimnames = list(c("-1", 
"0", "1", "2", "3"), c("A", "G", "T"))), GM11_SNP1 = structure(c(0, 
1, 5, 0, 0, 0, 8, 2917, 3, 0, 0, 0, 0, 0, 0), dim = c(5L, 3L), dimnames = list(
    c("-2", "-1", "0", "1", "2"), c("A", "G", "T"))), GM14_SNP1 = structure(c(0, 
0, 0, 0, 0, 0, 0, 0, 0, 0, 0, 0, 0, 2, 30, 2977, 7, 0, 0, 0, 
1, 3, 0, 0), dim = c(6L, 4L), dimnames = list(c("-3", "-2", "-1", 
"0", "1", "2"), c("-", "A", "C", "T"))), GM17_SNP1 = structure(c(0, 
0, 0, 0, 0, 4, 1469, 1, 0, 0, 1, 0, 0, 4, 1489, 2), dim = c(4L, 
4L), dimnames = list(c("-2", "-1", "0", "1"), c("A", "C", "G", 
"T"))), GM22_SNP1 = structure(c(0, 4, 1521, 1, 0, 7, 1465, 2, 
0, 0, 0, 0), dim = 4:3, dimnames = list(c("-2", "-1", "0", "1"
), c("A", "G", "T"))), GM26_SNP1 = structure(c(0, 0, 1141, 2, 
0, 2, 1276, 3, 0, 0, 0, 0), dim = 4:3, dimnames = list(c("-2", 
"-1", "0", "1"), c("A", "G", "T"))), GM29_SNP1 = structure(c(0, 
0, 10, 2354, 1, 0, 0, 0, 0, 4, 0, 0, 0, 0, 0, 0, 0, 0), dim = c(6L, 
3L), dimnames = list(c("-3", "-2", "-1", "0", "1", "2"), c("A", 
"G", "T"))), IM16_SNP1 = structure(c(0, 1, 0, 0, 0, 0, 0, 0, 
15, 2893, 11, 0, 0, 0, 0, 0), dim = c(4L, 4L), dimnames = list(
    c("-1", "0", "1", "2"), c("A", "C", "G", "T"))), IM49_SNP1 = structure(c(0, 
2, 26, 1828, 25, 1, 0, 0, 1, 0, 0, 0), dim = c(6L, 2L), dimnames = list(
    c("-3", "-2", "-1", "0", "1", "2"), c("C", "G"))), LR10_SNP1 = structure(c(0, 
0, 0, 0, 0, 0, 21, 2848, 10, 0, 0, 0, 0, 0, 0, 0, 0, 2, 0, 0), dim = 5:4, dimnames = list(
    c("-2", "-1", "0", "1", "2"), c("A", "C", "G", "T"))), LR11_SNP1 = structure(c(0, 
0, 0, 1, 0, 0, 0, 1, 20, 3146, 5, 0, 0, 0, 0, 0, 0, 0), dim = c(6L, 
3L), dimnames = list(c("-3", "-2", "-1", "0", "1", "2"), c("A", 
"C", "T"))), LR17_SNP1 = structure(c(1, 4, 25, 3348, 12, 0, 0, 
0, 0, 0, 0, 0), dim = c(6L, 2L), dimnames = list(c("-3", "-2", 
"-1", "0", "1", "2"), c("A", "G"))), LR20_SNP1 = structure(c(0, 
1117, 1, 1, 1641, 0, 0, 0, 0), dim = c(3L, 3L), dimnames = list(
    c("-1", "0", "1"), c("A", "G", "T"))), LR24_SNP1 = structure(c(0, 
2, 1551, 1, 0, 2, 1160, 2), dim = c(4L, 2L), dimnames = list(
    c("-3", "-1", "0", "1"), c("A", "G"))), LR36_SNP1 = structure(c(0, 
0, 0, 23, 1495, 11, 0, 0, 0, 0, 0, 0, 0, 0, 0, 0, 0, 11, 1009, 
4, 0), dim = c(7L, 3L), dimnames = list(c("-4", "-3", "-2", "-1", 
"0", "1", "2"), c("A", "G", "T"))), LR40_SNP1 = structure(c(0, 
9, 2796, 1, 0, 0, 0, 0, 0, 0, 0, 0), dim = 4:3, dimnames = list(
    c("-2", "-1", "0", "1"), c("C", "G", "T"))), LR44_SNP1 = structure(c(0, 
0, 0, 0, 1, 0, 0, 0, 0, 0, 0, 1, 0, 0, 0, 0, 0, 0, 3, 0, 0, 0, 
0, 0, 0, 2, 0, 0, 1, 0, 4, 77, 1215, 15, 3), dim = c(7L, 5L), dimnames = list(
    c("-4", "-3", "-2", "-1", "0", "1", "2"), c("-", "A", "C", 
    "G", "T"))), LR46_SNP1 = structure(c(0, 0, 0, 0, 0, 0, 0, 
0, 0, 3, 857, 1, 0, 2, 1620, 3), dim = c(4L, 4L), dimnames = list(
    c("-3", "-1", "0", "1"), c("-", "A", "G", "T"))), LR48_SNP1 = structure(c(0, 
0, 0, 0, 0, 0, 13, 1470, 5, 0, 0, 13, 1043, 4, 0), dim = c(5L, 
3L), dimnames = list(c("-2", "-1", "0", "1", "2"), c("A", "C", 
"T"))), LR49_SNP1 = structure(c(4, 6, 0, 3, 2723, 1, 0, 0, 0), dim = c(3L, 
3L), dimnames = list(c("-1", "0", "1"), c("A", "G", "T"))), LR52_SNP1 = structure(c(0, 
0, 0, 1, 0, 0, 0, 0, 1, 2, 98, 2623, 8, 0), dim = c(7L, 2L), dimnames = list(
    c("-4", "-3", "-2", "-1", "0", "1", "2"), c("C", "T"))))
