Result <-
list(DEPDC2_SNP1 = structure(c(0, 0, 0, 1, 857, 1, 2, 1587, 1
), dim = c(3L, 3L), dimnames = list(c("-1", "0", "1"), c("A", 
"C", "T"))), GM01_SNP1 = structure(c(0, 0, 482, 1, 0, 0, 87, 
0), dim = c(4L, 2L), dimnames = list(c("-2", "-1", "0", "1"), 
    c("A", "G"))), GM07_SNP1 = structure(c(0, 0, 0, 0, 0, 3, 
17, 766, 6, 0, 1, 13, 708, 5, 0), dim = c(5L, 3L), dimnames = list(
    c("-2", "-1", "0", "1", "2"), c("-", "A", "G"))), GM09_SNP1 = structure(c(0, 
0, 0, 0, 0, 978, 1, 0, 1, 480, 0, 0, 0, 0, 0, 0), dim = c(4L, 
4L), dimnames = list(c("-1", "0", "1", "2"), c("-", "A", "G", 
"T"))), GM11_SNP1 = structure(c(7, 123, 0, 0, 3, 0, 0, 0, 0), dim = c(3L, 
3L), dimnames = list(c("-1", "0", "1"), c("A", "G", "T"))), GM14_SNP1 = structure(c(2, 
9, 1185, 10, 0, 0, 1, 10, 0, 0), dim = c(5L, 2L), dimnames = list(
    c("-2", "-1", "0", "1", "2"), c("C", "T"))), GM17_SNP1 = structure(c(0, 
0, 0, 0, 0, 3, 1579, 2, 0, 1, 25, 0), dim = 4:3, dimnames = list(
    c("-2", "-1", "0", "1"), c("A", "C", "T"))), GM22_SNP1 = structure(c(0, 
4, 838, 3, 0, 2, 668, 0, 0, 0, 0, 0), dim = 4:3, dimnames = list(
    c("-2", "-1", "0", "1"), c("A", "G", "T"))), GM26_SNP1 = structure(c(0, 
672, 1, 2, 649, 0, 0, 0, 0), dim = c(3L, 3L), dimnames = list(
    c("-1", "0", "1"), c("A", "G", "T"))), GM29_SNP1 = structure(c(0, 
0, 0, 0, 0, 0, 0, 9, 1479, 2, 0, 0, 0, 2, 0, 0, 0, 0, 0, 0), dim = 5:4, dimnames = list(
    c("-3", "-2", "-1", "0", "1"), c("-", "A", "G", "T"))), IM16_SNP1 = structure(c(7, 
182, 3, 1, 21, 0), dim = 3:2, dimnames = list(c("-1", "0", "1"
), c("A", "G"))), IM49_SNP1 = structure(c(0, 0, 0, 0, 0, 0, 0, 
0, 0, 0, 1, 13, 766, 5, 0, 0, 13, 1022, 6, 0, 0, 0, 1, 0, 0), dim = c(5L, 
5L), dimnames = list(c("-2", "-1", "0", "1", "2"), c("-", "A", 
"C", "G", "T"))), LR10_SNP1 = structure(c(0, 0, 0, 0, 0, 0, 9, 
0, 1, 11, 1585, 2), dim = 4:3, dimnames = list(c("-2", "-1", 
"0", "1"), c("A", "C", "T"))), LR11_SNP1 = structure(c(0, 0, 
4, 0, 0, 4, 210, 0, 0, 0, 0, 0), dim = 4:3, dimnames = list(c("-2", 
"-1", "0", "1"), c("A", "C", "T"))), LR17_SNP1 = structure(c(10, 
30, 1470, 3, 0, 0, 0, 1, 0, 0, 0, 0, 0, 0, 0), dim = c(5L, 3L
), dimnames = list(c("-2", "-1", "0", "1", "2"), c("A", "G", 
"T"))), LR20_SNP1 = structure(c(0, 5, 0, 6, 227, 1), dim = 3:2, dimnames = list(
    c("-1", "0", "1"), c("A", "G"))), LR24_SNP1 = structure(c(3, 
302, 0, 0, 198, 0), dim = 3:2, dimnames = list(c("-1", "0", "1"
), c("A", "G"))), LR36_SNP1 = structure(c(2, 0, 8, 0, 1, 15, 
329, 0), dim = c(4L, 2L), dimnames = list(c("-2", "-1", "0", 
"1"), c("A", "T"))), LR40_SNP1 = structure(c(0, 0, 0, 2, 139, 
2), dim = 3:2, dimnames = list(c("-1", "0", "1"), c("A", "C"))), 
    LR44_SNP1 = structure(c(4, 13, 313, 2, 0, 0, 1, 0, 0, 0, 
    7, 0), dim = 4:3, dimnames = list(c("-2", "-1", "0", "1"), 
        c("C", "G", "T"))), LR46_SNP1 = structure(c(0, 0, 0, 
    0, 1, 23, 0, 0, 2, 1424, 2, 0), dim = 4:3, dimnames = list(
        c("-1", "0", "1", "2"), c("-", "G", "T"))), LR48_SNP1 = structure(c(0, 
    0, 0, 0, 0, 0, 0, 0, 21, 1381, 7, 0, 0, 0, 0, 0, 0, 0, 0, 
    0, 1, 3, 0, 0), dim = c(6L, 4L), dimnames = list(c("-3", 
    "-2", "-1", "0", "1", "2"), c("A", "C", "G", "T"))), LR49_SNP1 = structure(c(0, 
    0, 7, 0, 0, 3, 1799, 0), dim = c(4L, 2L), dimnames = list(
        c("-2", "-1", "0", "1"), c("A", "G"))), LR52_SNP1 = structure(c(0, 
    0, 0, 0, 0, 0, 0, 1, 0, 1, 3, 8, 0, 0, 0, 0, 1, 37, 899, 
    0, 0), dim = c(7L, 3L), dimnames = list(c("-4", "-3", "-2", 
    "-1", "0", "1", "2"), c("A", "C", "T"))))
