Result <-
list(DEPDC2_SNP1 = structure(c(0, 0, 0, 0, 0, 0, 0, 0, 338, 1, 
0, 0, 1, 583, 2), dim = c(5L, 3L), dimnames = list(c("-4", "-2", 
"-1", "0", "1"), c("A", "C", "T"))), GM01_SNP1 = structure(c(0, 
0, 0, 0, 0, 2, 912, 1, 0, 0, 3, 0, 0, 0, 0, 0), dim = c(4L, 4L
), dimnames = list(c("-2", "-1", "0", "1"), c("-", "A", "G", 
"T"))), GM07_SNP1 = structure(c(0, 3, 266, 3, 0, 0, 1, 281, 4, 
0), dim = c(5L, 2L), dimnames = list(c("-2", "-1", "0", "1", 
"2"), c("A", "G"))), GM09_SNP1 = structure(c(0, 7, 0, 1, 1094, 
0), dim = 3:2, dimnames = list(c("-1", "0", "1"), c("A", "G"))), 
    GM11_SNP1 = structure(c(0, 461, 1, 0, 3, 0, 0, 0, 0), dim = c(3L, 
    3L), dimnames = list(c("-1", "0", "1"), c("A", "G", "T"))), 
    GM14_SNP1 = structure(c(0, 0, 0, 0, 0, 0, 0, 0, 335, 1, 0, 
    0, 5, 371, 0), dim = c(5L, 3L), dimnames = list(c("-3", "-2", 
    "-1", "0", "1"), c("A", "C", "T"))), GM17_SNP1 = structure(c(0, 
    0, 0, 3, 338, 0, 0, 0, 0, 1, 331, 1), dim = 3:4, dimnames = list(
        c("-1", "0", "1"), c("A", "C", "G", "T"))), GM22_SNP1 = structure(c(0, 
    1, 336, 2, 0, 4, 378, 0), dim = c(4L, 2L), dimnames = list(
        c("-2", "-1", "0", "1"), c("A", "G"))), GM26_SNP1 = structure(c(0, 
    0, 345, 0, 0, 0, 2, 0, 0, 0, 0, 0), dim = 4:3, dimnames = list(
        c("-2", "-1", "0", "1"), c("A", "G", "T"))), GM29_SNP1 = structure(c(0, 
    3, 305, 0, 0, 2, 310, 0, 0, 0, 0, 0), dim = 4:3, dimnames = list(
        c("-2", "-1", "0", "1"), c("A", "G", "T"))), IM16_SNP1 = structure(c(0, 
    0, 3, 0, 0, 0, 0, 0, 0, 0, 0, 1, 490, 1, 0, 0, 0, 0, 0, 0
    ), dim = 5:4, dimnames = list(c("-2", "-1", "0", "1", "2"
    ), c("A", "C", "G", "T"))), IM49_SNP1 = structure(c(1, 2, 
    469, 2, 0, 0, 3, 376, 0, 0, 0, 0, 0, 0, 0), dim = c(5L, 3L
    ), dimnames = list(c("-2", "-1", "0", "1", "2"), c("C", "G", 
    "T"))), LR10_SNP1 = structure(c(0, 2, 212, 1, 0, 0, 0, 0, 
    0, 0, 241, 0), dim = 4:3, dimnames = list(c("-2", "-1", "0", 
    "1"), c("C", "G", "T"))), LR11_SNP1 = structure(c(0, 0, 0, 
    0, 0, 0, 8, 1230, 3, 0, 0, 0, 4, 1, 0, 0, 0, 0, 0, 0), dim = 5:4, dimnames = list(
        c("-2", "-1", "0", "1", "2"), c("-", "A", "C", "G"))), 
    LR17_SNP1 = structure(c(0, 11, 1108, 6, 0, 0, 0, 0, 0, 0), dim = c(5L, 
    2L), dimnames = list(c("-2", "-1", "0", "1", "2"), c("A", 
    "G"))), LR20_SNP1 = structure(c(0, 269, 0, 0, 232, 0, 0, 
    0, 0), dim = c(3L, 3L), dimnames = list(c("-1", "0", "1"), 
        c("A", "G", "T"))), LR24_SNP1 = structure(c(0, 0, 0, 
    0, 0, 0, 12, 0, 0, 0, 1039, 3), dim = 4:3, dimnames = list(
        c("-2", "-1", "0", "1"), c("-", "A", "G"))), LR36_SNP1 = structure(c(0, 
    0, 0, 9, 0, 0, 0, 0, 0, 0, 0, 0, 0, 0, 0, 0, 0, 0, 0, 0, 
    0, 0, 0, 0, 0, 0, 0, 0, 2, 1, 789, 1, 1, 0, 1, 0), dim = c(9L, 
    4L), dimnames = list(c("-3", "-2", "-1", "0", "1", "2", "3", 
    "4", "5"), c("A", "C", "G", "T"))), LR40_SNP1 = structure(c(0, 
    0, 0, 4, 0, 0, 1, 2, 582, 0), dim = c(5L, 2L), dimnames = list(
        c("-3", "-2", "-1", "0", "1"), c("A", "C"))), LR44_SNP1 = structure(c(0, 
    0, 0, 0, 0, 0, 5, 179, 0, 0, 0, 0, 1, 0, 0, 0, 6, 205, 1, 
    0), dim = 5:4, dimnames = list(c("-2", "-1", "0", "1", "2"
    ), c("A", "C", "G", "T"))), LR46_SNP1 = structure(c(0, 1, 
    587, 0, 0, 0, 0, 3, 0, 0), dim = c(5L, 2L), dimnames = list(
        c("-2", "-1", "0", "1", "2"), c("G", "T"))), LR48_SNP1 = structure(c(0, 
    0, 0, 0, 0, 0, 0, 3, 8, 562, 2, 0, 0, 0, 0, 2, 0, 0), dim = c(6L, 
    3L), dimnames = list(c("-3", "-2", "-1", "0", "1", "2"), 
        c("A", "C", "T"))), LR49_SNP1 = structure(c(0, 0, 0, 
    407, 0, 432, 0, 0), dim = c(2L, 4L), dimnames = list(c("-1", 
    "0"), c("-", "A", "G", "T"))), LR52_SNP1 = structure(c(0, 
    0, 0, 0, 0, 0, 0, 5, 187, 0, 0, 0, 8, 223, 1), dim = c(5L, 
    3L), dimnames = list(c("-3", "-2", "-1", "0", "1"), c("A", 
    "C", "T"))))
