Result <-
list(DEPDC2_SNP1 = structure(c(0, 0, 0, 0, 5, 0, 5, 1046, 2), dim = c(3L, 
3L), dimnames = list(c("-1", "0", "1"), c("A", "C", "T"))), GM01_SNP1 = structure(c(0, 
0, 0, 0, 0, 2, 170, 976, 0, 0, 0, 0, 4, 0, 0), dim = c(5L, 3L
), dimnames = list(c("-2", "-1", "0", "1", "2"), c("-", "A", 
"G"))), GM07_SNP1 = structure(c(0, 0, 0, 0, 0, 2, 186, 508, 3, 
0, 0, 0, 2, 0, 0), dim = c(5L, 3L), dimnames = list(c("-2", "-1", 
"0", "1", "2"), c("-", "A", "G"))), GM09_SNP1 = structure(c(19, 
562, 0, 0, 504, 0), dim = 3:2, dimnames = list(c("-1", "0", "1"
), c("A", "G"))), GM11_SNP1 = structure(c(0, 1, 238, 0, 0, 0, 
0, 0, 0, 0, 1, 3, 227, 1, 0), dim = c(5L, 3L), dimnames = list(
    c("-2", "-1", "0", "1", "2"), c("A", "C", "G"))), GM14_SNP1 = structure(c(0, 
0, 0, 0, 0, 5, 114, 266, 2, 1, 1, 103, 285, 1, 0), dim = c(5L, 
3L), dimnames = list(c("-2", "-1", "0", "1", "2"), c("A", "C", 
"T"))), GM17_SNP1 = structure(c(0, 9, 738, 0, 0, 1, 10, 1), dim = c(4L, 
2L), dimnames = list(c("-2", "-1", "0", "1"), c("C", "T"))), 
    GM22_SNP1 = structure(c(0, 7, 565, 1, 0, 4, 483, 1, 0, 0, 
    1, 0), dim = 4:3, dimnames = list(c("-2", "-1", "0", "1"), 
        c("A", "G", "T"))), GM26_SNP1 = structure(c(0, 4, 375, 
    0, 0, 0, 0, 283, 104, 0), dim = c(5L, 2L), dimnames = list(
        c("-2", "-1", "0", "1", "2"), c("A", "G"))), GM29_SNP1 = structure(c(0, 
    115, 611, 0, 0, 0, 0, 0, 0, 0, 0, 0), dim = 4:3, dimnames = list(
        c("-2", "-1", "0", "1"), c("A", "G", "T"))), IM16_SNP1 = structure(c(0, 
    291, 89, 2, 0, 5, 311, 116, 1, 0, 0, 1, 0, 0, 0), dim = c(5L, 
    3L), dimnames = list(c("-1", "0", "1", "2", "3"), c("A", 
    "G", "T"))), IM49_SNP1 = structure(c(0, 5, 83, 206, 1, 0, 
    0, 0, 3, 234, 1, 0), dim = c(6L, 2L), dimnames = list(c("-3", 
    "-2", "-1", "0", "1", "2"), c("C", "G"))), LR10_SNP1 = structure(c(0, 
    0, 0, 0, 0, 0, 130, 355, 0, 0, 0, 5, 500, 1, 0), dim = c(5L, 
    3L), dimnames = list(c("-2", "-1", "0", "1", "2"), c("A", 
    "C", "T"))), LR11_SNP1 = structure(c(0, 0, 0, 0, 0, 0, 7, 
    470, 1, 0, 3, 37, 323, 0, 0), dim = c(5L, 3L), dimnames = list(
        c("-2", "-1", "0", "1", "2"), c("-", "A", "C"))), LR17_SNP1 = structure(c(1, 
    12, 210, 1011, 1, 0, 0, 0, 0, 0, 0, 0, 0, 0, 0, 0, 0, 0), dim = c(6L, 
    3L), dimnames = list(c("-3", "-2", "-1", "0", "1", "2"), 
        c("A", "G", "T"))), LR20_SNP1 = structure(c(0, 0, 0, 
    80, 471, 2, 0, 3, 0), dim = c(3L, 3L), dimnames = list(c("-1", 
    "0", "1"), c("-", "A", "G"))), LR24_SNP1 = structure(c(0, 
    208, 475, 0, 0, 3, 534, 0), dim = c(4L, 2L), dimnames = list(
        c("-2", "-1", "0", "1"), c("A", "G"))), LR36_SNP1 = structure(c(0, 
    0, 113, 0, 8, 316, 0, 0, 0, 0, 0, 0, 0, 0, 0, 0, 0, 35, 92, 
    262, 0), dim = c(7L, 3L), dimnames = list(c("-8", "-4", "-3", 
    "-2", "-1", "0", "1"), c("A", "C", "T"))), LR40_SNP1 = structure(c(0, 
    0, 1, 0, 0, 70, 407, 0), dim = c(4L, 2L), dimnames = list(
        c("-2", "-1", "0", "1"), c("A", "C"))), LR44_SNP1 = structure(c(0, 
    1, 29, 293, 4, 0, 0, 0, 1, 0, 1, 7, 129, 230, 1), dim = c(5L, 
    3L), dimnames = list(c("-3", "-2", "-1", "0", "1"), c("C", 
    "G", "T"))), LR46_SNP1 = structure(c(0, 0, 0, 0, 0, 0, 2, 
    399, 0, 0, 386, 0), dim = 3:4, dimnames = list(c("-1", "0", 
    "1"), c("-", "A", "G", "T"))), LR48_SNP1 = structure(c(0, 
    0, 0, 0, 0, 0, 0, 5, 233, 555, 0, 0, 0, 0, 0, 0, 0, 0, 0, 
    0, 0, 1, 0, 0), dim = c(6L, 4L), dimnames = list(c("-3", 
    "-2", "-1", "0", "1", "2"), c("-", "C", "G", "T"))), LR49_SNP1 = structure(c(20, 
    544, 1, 203, 418, 0, 0, 0, 0), dim = c(3L, 3L), dimnames = list(
        c("-1", "0", "1"), c("A", "G", "T"))), LR52_SNP1 = structure(c(0, 
    0, 0, 0, 0, 0, 0, 6, 114, 8, 239, 1, 0, 0, 20, 98, 260, 1
    ), dim = c(6L, 3L), dimnames = list(c("-4", "-3", "-2", "-1", 
    "0", "1"), c("A", "C", "T"))))
