Result <-
list(DEPDC2_SNP1 = structure(c(0, 0, 0, 0, 0, 0, 3, 0, 0, 36, 
754, 2), dim = 4:3, dimnames = list(c("-2", "-1", "0", "1"), 
    c("A", "C", "T"))), GM01_SNP1 = structure(c(0, 1, 16, 0, 
0, 0, 0, 0, 0, 5, 1087, 1), dim = 4:3, dimnames = list(c("-2", 
"-1", "0", "1"), c("A", "C", "G"))), GM07_SNP1 = structure(c(0, 
0, 0, 0, 0, 1, 63, 478, 4, 0, 0, 1, 0, 0, 0, 0, 0, 0, 0, 0), dim = 5:4, dimnames = list(
    c("-2", "-1", "0", "1", "2"), c("-", "A", "G", "T"))), GM09_SNP1 = structure(c(1, 
64, 1109, 1, 0, 0, 9, 0, 0, 0, 0, 0), dim = 4:3, dimnames = list(
    c("-2", "-1", "0", "1"), c("A", "G", "T"))), GM11_SNP1 = structure(c(0, 
33, 234, 0, 0, 27, 243, 2, 0, 0, 0, 0), dim = 4:3, dimnames = list(
    c("-2", "-1", "0", "1"), c("A", "G", "T"))), GM14_SNP1 = structure(c(0, 
0, 0, 0, 0, 0, 1, 49, 67, 748, 0, 0, 0, 0, 0, 5, 0, 0), dim = c(6L, 
3L), dimnames = list(c("-3", "-2", "-1", "0", "1", "2"), c("A", 
"C", "T"))), GM17_SNP1 = structure(c(3, 384, 0, 41, 314, 0), dim = 3:2, dimnames = list(
    c("-1", "0", "1"), c("C", "T"))), GM22_SNP1 = structure(c(0, 
4, 487, 1, 0, 2, 427, 0, 0, 0, 0, 0), dim = 4:3, dimnames = list(
    c("-2", "-1", "0", "1"), c("A", "G", "T"))), GM26_SNP1 = structure(c(0, 
0, 284, 1, 1, 1, 277, 0, 0, 0, 0, 0), dim = 4:3, dimnames = list(
    c("-2", "-1", "0", "1"), c("A", "G", "T"))), GM29_SNP1 = structure(c(0, 
0, 1, 341, 0, 0, 0, 0, 36, 262, 0, 0, 0, 0, 0, 0, 0, 0), dim = c(6L, 
3L), dimnames = list(c("-3", "-2", "-1", "0", "1", "2"), c("A", 
"G", "T"))), IM16_SNP1 = structure(c(0, 0, 0, 0, 0, 0, 2, 280, 
34, 0, 0, 1, 381, 2, 0), dim = c(5L, 3L), dimnames = list(c("-2", 
"-1", "0", "1", "2"), c("-", "A", "G"))), IM49_SNP1 = structure(c(0, 
0, 9, 0, 0, 1, 17, 750, 6, 0, 0, 0, 0, 0, 0), dim = c(5L, 3L), dimnames = list(
    c("-2", "-1", "0", "1", "2"), c("C", "G", "T"))), LR10_SNP1 = structure(c(0, 
0, 0, 0, 0, 0, 1, 353, 0, 0, 0, 2, 425, 2, 0), dim = c(5L, 3L
), dimnames = list(c("-2", "-1", "0", "1", "2"), c("-", "C", 
"T"))), LR11_SNP1 = structure(c(0, 0, 1, 0, 0, 1, 10, 1014, 1, 
0, 0, 0, 0, 0, 0, 0, 0, 0, 0, 0), dim = 5:4, dimnames = list(
    c("-2", "-1", "0", "1", "2"), c("A", "C", "G", "T"))), LR17_SNP1 = structure(c(0, 
0, 0, 0, 0, 0, 0, 70, 74, 1105, 5, 0, 0, 0, 0, 0, 0, 0), dim = c(6L, 
3L), dimnames = list(c("-3", "-2", "-1", "0", "1", "2"), c("-", 
"A", "G"))), LR20_SNP1 = structure(c(0, 0, 0, 0, 331, 0, 0, 324, 
1, 0, 1, 0), dim = 3:4, dimnames = list(c("-1", "0", "1"), c("-", 
"A", "G", "T"))), LR24_SNP1 = structure(c(0, 0, 0, 0, 0, 1, 8, 
0, 0, 11, 1278, 1), dim = 4:3, dimnames = list(c("-2", "-1", 
"0", "1"), c("-", "A", "G"))), LR36_SNP1 = structure(c(0, 0, 
1, 9, 0, 0, 0, 0, 1, 0, 0, 0, 0, 0, 0, 0, 89, 5, 790, 1), dim = 5:4, dimnames = list(
    c("-3", "-2", "-1", "0", "1"), c("A", "C", "G", "T"))), LR40_SNP1 = structure(c(0, 
0, 1, 0, 0, 7, 629, 0, 0, 0, 0, 0), dim = 4:3, dimnames = list(
    c("-2", "-1", "0", "1"), c("A", "C", "T"))), LR44_SNP1 = structure(c(0, 
0, 9, 45, 394, 0, 0, 0, 0, 0, 2, 10, 0, 1), dim = c(7L, 2L), dimnames = list(
    c("-4", "-3", "-2", "-1", "0", "1", "5"), c("C", "T"))), 
    LR46_SNP1 = structure(c(0, 18, 232, 0, 0, 1, 262, 0), dim = c(4L, 
    2L), dimnames = list(c("-2", "-1", "0", "1"), c("G", "T"))), 
    LR48_SNP1 = structure(c(0, 0, 0, 0, 0, 1, 69, 581, 1, 0, 
    0, 0, 3, 0, 0), dim = c(5L, 3L), dimnames = list(c("-2", 
    "-1", "0", "1", "2"), c("A", "C", "T"))), LR49_SNP1 = structure(c(1, 
    5, 0, 7, 954, 0, 0, 0, 0), dim = c(3L, 3L), dimnames = list(
        c("-1", "0", "1"), c("A", "G", "T"))), LR52_SNP1 = structure(c(0, 
    0, 0, 0, 0, 0, 0, 0, 0, 7, 89, 454, 0, 0, 0, 0, 1, 1, 1, 
    0, 0), dim = c(7L, 3L), dimnames = list(c("-4", "-3", "-2", 
    "-1", "0", "1", "3"), c("A", "C", "T"))))
