Result <-
list(DEPDC2_SNP1 = structure(c(0, 0, 0, 0, 0, 0, 0, 0, 2, 436, 
34, 2), dim = 4:3, dimnames = list(c("-1", "0", "1", "2"), c("A", 
"C", "T"))), GM01_SNP1 = structure(c(0, 0, 378, 0, 0, 87, 270, 
0), dim = c(4L, 2L), dimnames = list(c("-2", "-1", "0", "1"), 
    c("A", "G"))), GM07_SNP1 = structure(c(0, 0, 0, 0, 0, 0, 
105, 331, 3, 0, 0, 0, 5, 0, 0), dim = c(5L, 3L), dimnames = list(
    c("-2", "-1", "0", "1", "2"), c("-", "A", "G"))), GM09_SNP1 = structure(c(2, 
721, 0, 0, 9, 0, 0, 0, 0), dim = c(3L, 3L), dimnames = list(c("-1", 
"0", "1"), c("A", "G", "T"))), GM11_SNP1 = structure(c(0, 48, 
153, 0, 0, 2, 198, 0), dim = c(4L, 2L), dimnames = list(c("-3", 
"-1", "0", "1"), c("A", "G"))), GM14_SNP1 = structure(c(0, 0, 
0, 0, 0, 0, 0, 2, 0, 0, 2, 48, 218, 1, 0, 2, 56, 194, 0, 0), dim = 5:4, dimnames = list(
    c("-2", "-1", "0", "1", "2"), c("-", "A", "C", "T"))), GM17_SNP1 = structure(c(0, 
0, 0, 0, 0, 4, 276, 1, 0, 2, 314, 0), dim = 4:3, dimnames = list(
    c("-2", "-1", "0", "1"), c("-", "C", "T"))), GM22_SNP1 = structure(c(0, 
0, 351, 1, 0, 0, 0, 0, 0, 0, 295, 1, 0, 0, 0, 0), dim = c(4L, 
4L), dimnames = list(c("-2", "-1", "0", "1"), c("A", "C", "G", 
"T"))), GM26_SNP1 = structure(c(0, 1, 159, 0, 0, 1, 161, 1), dim = c(4L, 
2L), dimnames = list(c("-2", "-1", "0", "1"), c("A", "G"))), 
    GM29_SNP1 = structure(c(0, 5, 462, 0, 0, 0, 1, 0), dim = c(4L, 
    2L), dimnames = list(c("-2", "-1", "0", "1"), c("A", "G"))), 
    IM16_SNP1 = structure(c(0, 2, 210, 1, 0, 0, 230, 0), dim = c(4L, 
    2L), dimnames = list(c("-2", "-1", "0", "1"), c("A", "G"))), 
    IM49_SNP1 = structure(c(2, 99, 761, 2, 0, 1, 0, 1, 0, 0), dim = c(5L, 
    2L), dimnames = list(c("-2", "-1", "0", "1", "2"), c("C", 
    "G"))), LR10_SNP1 = structure(c(0, 0, 0, 0, 0, 0, 2, 241, 
    2, 0, 0, 64, 214, 1, 0), dim = c(5L, 3L), dimnames = list(
        c("-2", "-1", "0", "1", "2"), c("A", "C", "T"))), LR11_SNP1 = structure(c(0, 
    0, 0, 7, 0, 0, 0, 1, 49, 568, 0, 0, 0, 0, 0, 0, 0, 0), dim = c(6L, 
    3L), dimnames = list(c("-3", "-2", "-1", "0", "1", "2"), 
        c("A", "C", "T"))), LR17_SNP1 = structure(c(0, 1, 259, 
    866, 0, 0, 0, 0, 0, 0, 0, 0), dim = c(6L, 2L), dimnames = list(
        c("-3", "-2", "-1", "0", "1", "2"), c("A", "G"))), LR20_SNP1 = structure(c(0, 
    0, 0, 0, 433, 0, 0, 2, 0), dim = c(3L, 3L), dimnames = list(
        c("-1", "0", "1"), c("-", "A", "G"))), LR24_SNP1 = structure(c(0, 
    23, 952, 0, 0, 0, 5, 0, 0, 0, 0, 0), dim = 4:3, dimnames = list(
        c("-2", "-1", "0", "1"), c("A", "G", "T"))), LR36_SNP1 = structure(c(0, 
    0, 0, 0, 0, 0, 0, 0, 0, 0, 265, 69, 0, 0, 0, 0, 0, 0, 0, 
    0, 0, 0, 0, 0, 0, 0, 0, 0, 0, 0, 11, 284, 0, 0, 0), dim = c(7L, 
    5L), dimnames = list(c("-3", "-2", "-1", "0", "1", "2", "3"
    ), c("-", "A", "C", "G", "T"))), LR40_SNP1 = structure(c(0, 
    248, 0, 56, 171, 0, 0, 0, 0), dim = c(3L, 3L), dimnames = list(
        c("-1", "0", "1"), c("A", "C", "G"))), LR44_SNP1 = structure(c(0, 
    0, 0, 2, 0, 0, 21, 64, 281, 0, 0, 0, 0, 0, 0, 0, 0, 2, 9, 
    0), dim = 5:4, dimnames = list(c("-3", "-2", "-1", "0", "1"
    ), c("-", "C", "G", "T"))), LR46_SNP1 = structure(c(0, 0, 
    0, 0, 0, 0, 0, 5, 0, 2, 374, 1), dim = 3:4, dimnames = list(
        c("-1", "0", "1"), c("-", "C", "G", "T"))), LR48_SNP1 = structure(c(0, 
    0, 0, 0, 0, 0, 53, 402, 1, 0, 1, 0, 3, 0, 0), dim = c(5L, 
    3L), dimnames = list(c("-2", "-1", "0", "1", "2"), c("A", 
    "C", "T"))), LR49_SNP1 = structure(c(0, 0, 0, 0, 684, 0, 
    0, 0, 0), dim = c(3L, 3L), dimnames = list(c("-1", "0", "1"
    ), c("A", "G", "T"))), LR52_SNP1 = structure(c(0, 3, 27, 
    58, 265, 0, 0, 0, 0, 0, 0, 0, 0, 0, 0, 0, 0, 0, 2, 0, 0), dim = c(7L, 
    3L), dimnames = list(c("-4", "-3", "-2", "-1", "0", "1", 
    "2"), c("C", "G", "T"))))
