Result <-
list(DEPDC2_SNP1 = structure(c(0, 2, 0, 0, 2, 521, 60, 0), dim = c(4L, 
2L), dimnames = list(c("-1", "0", "1", "2"), c("C", "T"))), GM01_SNP1 = structure(c(0, 
0, 0, 0, 0, 125, 812, 0, 0, 0, 3, 0), dim = 4:3, dimnames = list(
    c("-2", "-1", "0", "1"), c("-", "A", "G"))), GM07_SNP1 = structure(c(0, 
2, 54, 210, 1, 0, 0, 0, 1, 74, 193, 1, 0, 0, 0, 0, 0, 0, 0, 0, 
0), dim = c(7L, 3L), dimnames = list(c("-3", "-2", "-1", "0", 
"1", "2", "3"), c("A", "G", "T"))), GM09_SNP1 = structure(c(1, 
471, 0, 2, 406, 1), dim = 3:2, dimnames = list(c("-1", "0", "1"
), c("A", "G"))), GM11_SNP1 = structure(c(0, 0, 0, 0, 12, 439, 
4, 0, 0, 1, 0, 0), dim = 4:3, dimnames = list(c("-1", "0", "1", 
"2"), c("-", "A", "G"))), GM14_SNP1 = structure(c(5, 34, 45, 
247, 0, 0, 0, 1, 62, 201, 0, 0), dim = c(6L, 2L), dimnames = list(
    c("-3", "-2", "-1", "0", "1", "2"), c("C", "T"))), GM17_SNP1 = structure(c(0, 
0, 0, 0, 0, 7, 354, 0, 0, 1, 312, 1), dim = 4:3, dimnames = list(
    c("-2", "-1", "0", "1"), c("A", "C", "T"))), GM22_SNP1 = structure(c(1, 
2, 805, 0, 0, 0, 1, 0), dim = c(4L, 2L), dimnames = list(c("-2", 
"-1", "0", "1"), c("A", "G"))), GM26_SNP1 = structure(c(5, 492, 
0, 0, 0, 1, 0, 0), dim = c(4L, 2L), dimnames = list(c("-1", "0", 
"1", "2"), c("A", "G"))), GM29_SNP1 = structure(c(0, 26, 527, 
1, 0, 0, 1, 0, 1, 0, 0, 0), dim = 4:3, dimnames = list(c("-2", 
"-1", "0", "1"), c("A", "G", "T"))), IM16_SNP1 = structure(c(1, 
133, 439, 1, 0, 0, 0, 2, 0, 0), dim = c(5L, 2L), dimnames = list(
    c("-2", "-1", "0", "1", "2"), c("A", "G"))), IM49_SNP1 = structure(c(4, 
99, 70, 462, 3, 0, 0, 0, 1, 2, 1, 0), dim = c(6L, 2L), dimnames = list(
    c("-3", "-2", "-1", "0", "1", "2"), c("C", "G"))), LR10_SNP1 = structure(c(1, 
61, 602, 0, 0, 0, 0, 4, 0, 0), dim = c(5L, 2L), dimnames = list(
    c("-2", "-1", "0", "1", "2"), c("C", "T"))), LR11_SNP1 = structure(c(2, 
55, 56, 382, 5, 0, 0, 4, 399, 4, 0, 0, 0, 0, 0, 0, 0, 0, 0, 0
), dim = 5:4, dimnames = list(c("-3", "-2", "-1", "0", "1"), 
    c("A", "C", "G", "T"))), LR17_SNP1 = structure(c(0, 2, 297, 
840, 3, 0, 0, 0, 0, 0), dim = c(5L, 2L), dimnames = list(c("-3", 
"-2", "-1", "0", "1"), c("A", "G"))), LR20_SNP1 = structure(c(0, 
0, 5, 0, 1, 99, 488, 0, 0, 0, 0, 0), dim = 4:3, dimnames = list(
    c("-2", "-1", "0", "1"), c("A", "G", "T"))), LR24_SNP1 = structure(c(72, 
195, 811, 0, 0, 1, 5, 0), dim = c(4L, 2L), dimnames = list(c("-2", 
"-1", "0", "1"), c("A", "G"))), LR36_SNP1 = structure(c(0, 0, 
0, 12, 356, 0, 0, 0, 0, 0, 1, 0, 0, 9, 65, 4, 246, 0), dim = c(6L, 
3L), dimnames = list(c("-4", "-3", "-2", "-1", "0", "1"), c("A", 
"G", "T"))), LR40_SNP1 = structure(c(83, 461, 0), dim = c(3L, 
1L), dimnames = list(c("-1", "0", "1"), "C")), LR44_SNP1 = structure(c(5, 
79, 46, 273, 2, 0, 0, 0, 1, 0, 0, 0, 2, 9, 0), dim = c(5L, 3L
), dimnames = list(c("-3", "-2", "-1", "0", "1"), c("C", "G", 
"T"))), LR46_SNP1 = structure(c(0, 0, 0, 5, 490, 0, 0, 0, 0), dim = c(3L, 
3L), dimnames = list(c("-1", "0", "1"), c("A", "G", "T"))), LR48_SNP1 = structure(c(0, 
0, 0, 0, 0, 7, 140, 396, 2, 0, 0, 1, 2, 0, 0), dim = c(5L, 3L
), dimnames = list(c("-2", "-1", "0", "1", "2"), c("A", "C", 
"T"))), LR49_SNP1 = structure(c(0, 4, 401, 0, 9, 102, 289, 0, 
0, 0, 0, 0), dim = 4:3, dimnames = list(c("-2", "-1", "0", "1"
), c("A", "G", "T"))), LR52_SNP1 = structure(c(0, 0, 0, 0, 0, 
0, 0, 0, 1, 3, 31, 27, 6, 221, 0, 0, 0, 2, 49, 0, 4, 184, 0, 
0), dim = c(8L, 3L), dimnames = list(c("-5", "-4", "-3", "-2", 
"-1", "0", "1", "2"), c("A", "C", "T"))))
