Result <-
list(DEPDC2_SNP1 = structure(c(0, 98, 108, 0, 0, 0, 1, 0, 0, 
4, 267, 15), dim = 4:3, dimnames = list(c("-2", "-1", "0", "1"
), c("C", "G", "T"))), GM01_SNP1 = structure(c(0, 3, 264, 0, 
0, 0, 0, 0, 2, 52, 221, 0), dim = 4:3, dimnames = list(c("-2", 
"-1", "0", "1"), c("A", "C", "G"))), GM07_SNP1 = structure(c(0, 
0, 0, 0, 0, 0, 0, 10, 90, 69, 2, 0, 0, 11, 76, 77, 0, 0, 0, 0, 
0, 1, 0, 0), dim = c(6L, 4L), dimnames = list(c("-3", "-2", "-1", 
"0", "1", "2"), c("-", "A", "G", "T"))), GM09_SNP1 = structure(c(14, 
289, 0, 6, 281, 0), dim = 3:2, dimnames = list(c("-1", "0", "1"
), c("A", "G"))), GM11_SNP1 = structure(c(13, 16, 0, 9, 23, 0
), dim = 3:2, dimnames = list(c("-1", "0", "1"), c("A", "G"))), 
    GM14_SNP1 = structure(c(0, 0, 0, 0, 0, 0, 0, 4, 56, 47, 85, 
    0, 0, 0, 1, 36, 148, 0), dim = c(6L, 3L), dimnames = list(
        c("-5", "-3", "-2", "-1", "0", "1"), c("-", "C", "T"))), 
    GM17_SNP1 = structure(c(0, 2, 115, 122, 0, 0, 1, 118, 122, 
    1), dim = c(5L, 2L), dimnames = list(c("-3", "-2", "-1", 
    "0", "1"), c("C", "T"))), GM22_SNP1 = structure(c(0, 5, 275, 
    0, 0, 2, 230, 0), dim = c(4L, 2L), dimnames = list(c("-2", 
    "-1", "0", "1"), c("A", "G"))), GM26_SNP1 = structure(c(2, 
    162, 170, 0, 0, 0, 2, 0), dim = c(4L, 2L), dimnames = list(
        c("-2", "-1", "0", "1"), c("A", "G"))), GM29_SNP1 = structure(c(1, 
    70, 381, 0, 0, 0, 6, 0, 0, 0, 1, 0), dim = 4:3, dimnames = list(
        c("-2", "-1", "0", "1"), c("A", "G", "T"))), IM16_SNP1 = structure(c(0, 
    0, 2, 0, 4, 66, 209, 0), dim = c(4L, 2L), dimnames = list(
        c("-2", "-1", "0", "1"), c("A", "G"))), IM49_SNP1 = structure(c(3, 
    151, 86, 294, 0, 0, 0, 0, 0, 5, 0, 0), dim = c(6L, 2L), dimnames = list(
        c("-3", "-2", "-1", "0", "1", "2"), c("C", "G"))), LR10_SNP1 = structure(c(0, 
    0, 0, 0, 0, 0, 0, 4, 0, 0, 0, 65, 442, 1, 0), dim = c(5L, 
    3L), dimnames = list(c("-2", "-1", "0", "1", "2"), c("A", 
    "C", "T"))), LR11_SNP1 = structure(c(0, 0, 2, 0, 0, 53, 81, 
    0), dim = c(4L, 2L), dimnames = list(c("-2", "-1", "0", "1"
    ), c("A", "C"))), LR17_SNP1 = structure(c(0, 0, 0, 0, 0, 
    0, 0, 0, 1, 237, 297, 400, 3, 0, 0, 0, 0, 0, 0, 0, 0, 0, 
    0, 0, 0, 1, 0, 0), dim = c(7L, 4L), dimnames = list(c("-4", 
    "-3", "-2", "-1", "0", "1", "2"), c("-", "A", "C", "G"))), 
    LR20_SNP1 = structure(c(0, 39, 63, 1, 0, 0, 3, 0), dim = c(4L, 
    2L), dimnames = list(c("-2", "-1", "0", "1"), c("A", "G"))), 
    LR24_SNP1 = structure(c(0, 1, 8, 0, 1, 134, 259, 0), dim = c(4L, 
    2L), dimnames = list(c("-2", "-1", "0", "1"), c("A", "G"))), 
    LR36_SNP1 = structure(c(0, 0, 2, 0, 4, 0, 0, 0, 0, 0, 0, 
    0, 0, 49, 14, 106, 260, 0), dim = c(6L, 3L), dimnames = list(
        c("-4", "-3", "-2", "-1", "0", "1"), c("A", "C", "T"))), 
    LR40_SNP1 = structure(c(2, 11, 19, 0), dim = c(4L, 1L), dimnames = list(
        c("-2", "-1", "0", "1"), "C")), LR44_SNP1 = structure(c(0, 
    1, 0, 0, 0, 0, 0, 52, 39, 3, 94, 0, 0, 8, 103, 0, 78, 1), dim = c(6L, 
    3L), dimnames = list(c("-4", "-3", "-2", "-1", "0", "1"), 
        c("A", "C", "T"))), LR46_SNP1 = structure(c(2, 79, 247, 
    0, 0, 0, 5, 0), dim = c(4L, 2L), dimnames = list(c("-2", 
    "-1", "0", "1"), c("G", "T"))), LR48_SNP1 = structure(c(0, 
    0, 0, 0, 0, 0, 14, 162, 200, 2, 0, 0, 0, 2, 0), dim = c(5L, 
    3L), dimnames = list(c("-3", "-2", "-1", "0", "1"), c("A", 
    "C", "T"))), LR49_SNP1 = structure(c(0, 0, 3, 0, 0, 0, 0, 
    0, 12, 175, 511, 0), dim = 4:3, dimnames = list(c("-2", "-1", 
    "0", "1"), c("A", "C", "G"))), LR52_SNP1 = structure(c(0, 
    2, 69, 0, 3, 80, 0, 0, 1, 11, 64, 4, 76, 0), dim = c(7L, 
    2L), dimnames = list(c("-5", "-4", "-3", "-2", "-1", "0", 
    "1"), c("C", "T"))))
