Result <-
list(DEPDC2_SNP1 = structure(c(0, 0, 0, 0, 6, 0, 0, 652, 6), dim = c(3L, 
3L), dimnames = list(c("-1", "0", "1"), c("A", "C", "T"))), GM01_SNP1 = structure(c(0, 
1, 304, 0, 0, 0, 12, 267, 1, 0), dim = c(5L, 2L), dimnames = list(
    c("-2", "-1", "0", "1", "2"), c("A", "G"))), GM07_SNP1 = structure(c(4, 
80, 166, 0, 0, 4, 54, 172, 3, 0), dim = c(5L, 2L), dimnames = list(
    c("-2", "-1", "0", "1", "2"), c("A", "G"))), GM09_SNP1 = structure(c(3, 
657, 0, 0, 5, 1), dim = 3:2, dimnames = list(c("-1", "0", "1"
), c("A", "G"))), GM11_SNP1 = structure(c(2, 58, 2, 1, 1, 0), dim = 3:2, dimnames = list(
    c("-1", "0", "1"), c("A", "G"))), GM14_SNP1 = structure(c(0, 
64, 176, 0, 0, 5, 192, 2), dim = c(4L, 2L), dimnames = list(c("-2", 
"-1", "0", "1"), c("C", "T"))), GM17_SNP1 = structure(c(0, 1, 
0, 3, 298, 0, 14, 268, 0), dim = c(3L, 3L), dimnames = list(c("-1", 
"0", "1"), c("A", "C", "T"))), GM22_SNP1 = structure(c(1, 71, 
608, 0, 0, 0, 0, 5, 0, 0), dim = c(5L, 2L), dimnames = list(c("-2", 
"-1", "0", "1", "2"), c("A", "G"))), GM26_SNP1 = structure(c(0, 
1, 215, 0, 0, 0, 2, 218, 0, 0, 0, 0, 0, 0, 0), dim = c(5L, 3L
), dimnames = list(c("-3", "-1", "0", "1", "2"), c("A", "G", 
"T"))), GM29_SNP1 = structure(c(1, 5, 539, 0, 0, 0, 1, 0, 0, 
0, 0, 0), dim = 4:3, dimnames = list(c("-2", "-1", "0", "1"), 
    c("A", "G", "T"))), IM16_SNP1 = structure(c(0, 1, 118, 0, 
0, 0, 131, 2, 0, 0, 0, 0), dim = 4:3, dimnames = list(c("-2", 
"-1", "0", "1"), c("A", "G", "T"))), IM49_SNP1 = structure(c(0, 
0, 0, 1, 0, 0, 0, 1, 49, 758, 5, 0, 0, 0, 0, 6, 0, 0, 0, 0, 0, 
0, 0, 0), dim = c(6L, 4L), dimnames = list(c("-3", "-2", "-1", 
"0", "1", "2"), c("A", "C", "G", "T"))), LR10_SNP1 = structure(c(0, 
0, 1, 0, 0, 1, 109, 423, 4, 0, 0, 0, 4, 0, 0), dim = c(5L, 3L
), dimnames = list(c("-2", "-1", "0", "1", "2"), c("A", "C", 
"T"))), LR11_SNP1 = structure(c(0, 27, 3, 162, 0, 0, 0, 1, 3, 
0, 0, 0, 0, 0, 0, 0, 0, 0, 0, 0), dim = 5:4, dimnames = list(
    c("-3", "-2", "-1", "0", "1"), c("A", "C", "G", "T"))), LR17_SNP1 = structure(c(0, 
3, 171, 838, 3, 0, 0, 0, 0, 0, 0, 0), dim = c(6L, 2L), dimnames = list(
    c("-3", "-2", "-1", "0", "1", "2"), c("A", "G"))), LR20_SNP1 = structure(c(0, 
50, 0, 1, 46, 0), dim = 3:2, dimnames = list(c("-1", "0", "1"
), c("A", "G"))), LR24_SNP1 = structure(c(0, 8, 436, 0, 0, 0, 
5, 0), dim = c(4L, 2L), dimnames = list(c("-2", "-1", "0", "1"
), c("A", "G"))), LR36_SNP1 = structure(c(0, 0, 4, 0, 0, 0, 0, 
0, 0, 0, 0, 0, 9, 68, 469, 1), dim = c(4L, 4L), dimnames = list(
    c("-2", "-1", "0", "1"), c("A", "C", "G", "T"))), LR40_SNP1 = structure(c(0, 
11, 32), dim = c(3L, 1L), dimnames = list(c("-2", "-1", "0"), 
    "C")), LR44_SNP1 = structure(c(0, 3, 46, 16, 137, 2, 0, 0, 
0, 2, 73, 164, 0, 0), dim = c(7L, 2L), dimnames = list(c("-4", 
"-3", "-2", "-1", "0", "1", "2"), c("C", "T"))), LR46_SNP1 = structure(c(0, 
0, 0, 2, 453, 0, 0, 2, 0), dim = c(3L, 3L), dimnames = list(c("-1", 
"0", "1"), c("A", "G", "T"))), LR48_SNP1 = structure(c(0, 0, 
0, 0, 0, 0, 23, 216, 2, 0, 1, 2, 227, 10, 0), dim = c(5L, 3L), dimnames = list(
    c("-2", "-1", "0", "1", "2"), c("A", "C", "T"))), LR49_SNP1 = structure(c(0, 
1, 0, 1, 881, 1), dim = 3:2, dimnames = list(c("-1", "0", "1"
), c("A", "G"))), LR52_SNP1 = structure(c(0, 3, 0, 2, 2, 0, 2, 
11, 45, 16, 280, 1), dim = c(6L, 2L), dimnames = list(c("-4", 
"-3", "-2", "-1", "0", "1"), c("C", "T"))))
