Result <-
list(DEPDC2_SNP1 = structure(c(0, 0, 0, 2, 0, 0, 0, 2, 459, 7
), dim = c(5L, 2L), dimnames = list(c("-4", "-2", "-1", "0", 
"1"), c("C", "T"))), GM01_SNP1 = structure(c(0, 0, 240, 0, 1, 
34, 227, 0), dim = c(4L, 2L), dimnames = list(c("-2", "-1", "0", 
"1"), c("A", "G"))), GM07_SNP1 = structure(c(1, 96, 78, 0, 11, 
52, 112, 0, 0, 0, 0, 0), dim = 4:3, dimnames = list(c("-2", "-1", 
"0", "1"), c("A", "G", "T"))), GM09_SNP1 = structure(c(0, 75, 
378, 0, 0, 0, 10, 0), dim = c(4L, 2L), dimnames = list(c("-2", 
"-1", "0", "1"), c("A", "G"))), GM11_SNP1 = structure(c(8, 35, 
0, 4, 5, 0, 1, 3, 0, 0, 0, 0), dim = c(6L, 2L), dimnames = list(
    c("-1", "0", "1", "2", "3", "4"), c("A", "G"))), GM14_SNP1 = structure(c(0, 
0, 0, 1, 0, 0, 0, 0, 75, 116, 0, 0, 0, 0, 6, 184, 0, 0), dim = c(6L, 
3L), dimnames = list(c("-3", "-2", "-1", "0", "1", "2"), c("A", 
"C", "T"))), GM17_SNP1 = structure(c(0, 0, 0, 0, 0, 114, 293, 
1, 0, 3, 20, 0), dim = 4:3, dimnames = list(c("-2", "-1", "0", 
"1"), c("A", "C", "T"))), GM22_SNP1 = structure(c(0, 4, 449, 
1, 0, 0, 9, 0, 0, 0, 0, 0), dim = 4:3, dimnames = list(c("-2", 
"-1", "0", "1"), c("A", "G", "T"))), GM26_SNP1 = structure(c(0, 
0, 3, 322, 0, 0, 0, 0, 0, 10, 0, 0, 0, 0, 0, 1, 0, 0), dim = c(6L, 
3L), dimnames = list(c("-3", "-2", "-1", "0", "1", "3"), c("A", 
"G", "T"))), GM29_SNP1 = structure(c(0, 44, 403, 0, 0, 0, 3, 
0, 0, 0, 0, 0), dim = 4:3, dimnames = list(c("-2", "-1", "0", 
"1"), c("A", "G", "T"))), IM16_SNP1 = structure(c(1, 119, 1, 
6, 105, 5), dim = 3:2, dimnames = list(c("-1", "0", "1"), c("A", 
"G"))), IM49_SNP1 = structure(c(0, 8, 192, 2, 0, 0, 0, 11, 339, 
0, 0, 0), dim = c(6L, 2L), dimnames = list(c("-2", "-1", "0", 
"1", "2", "3"), c("C", "G"))), LR10_SNP1 = structure(c(0, 27, 
363, 1, 0, 0, 0, 6, 0, 0), dim = c(5L, 2L), dimnames = list(c("-2", 
"-1", "0", "1", "2"), c("C", "T"))), LR11_SNP1 = structure(c(4, 
0, 12, 0, 0, 30, 72, 0), dim = c(4L, 2L), dimnames = list(c("-2", 
"-1", "0", "1"), c("A", "C"))), LR17_SNP1 = structure(c(0, 0, 
144, 46, 536, 3, 0, 0, 0, 0, 0, 0, 0, 0, 0, 0, 0, 0, 0, 0, 0), dim = c(7L, 
3L), dimnames = list(c("-4", "-3", "-2", "-1", "0", "1", "2"), 
    c("A", "C", "G"))), LR20_SNP1 = structure(c(0, 21, 22, 0, 
0, 20, 26, 0), dim = c(4L, 2L), dimnames = list(c("-2", "-1", 
"0", "1"), c("A", "G"))), LR24_SNP1 = structure(c(6, 298, 0, 
0, 0, 0, 0, 0, 1, 6, 0, 0), dim = 4:3, dimnames = list(c("-1", 
"0", "1", "2"), c("A", "C", "G"))), LR36_SNP1 = structure(c(0, 
0, 88, 0, 95, 0, 0, 0, 0, 0, 0, 0, 30, 7, 52, 6, 134, 0), dim = c(6L, 
3L), dimnames = list(c("-4", "-3", "-2", "-1", "0", "1"), c("A", 
"G", "T"))), LR40_SNP1 = structure(c(0, 50, 1, 0, 10, 1), dim = 3:2, dimnames = list(
    c("-1", "0", "1"), c("A", "C"))), LR44_SNP1 = structure(c(0, 
0, 0, 0, 0, 0, 1, 46, 55, 107, 0, 0, 9, 11, 21, 137, 1, 0), dim = c(6L, 
3L), dimnames = list(c("-3", "-2", "-1", "0", "1", "2"), c("A", 
"C", "T"))), LR46_SNP1 = structure(c(0, 0, 0, 0, 206, 0, 0, 203, 
0), dim = c(3L, 3L), dimnames = list(c("-1", "0", "1"), c("A", 
"G", "T"))), LR48_SNP1 = structure(c(0, 4, 147, 19, 0, 0, 30, 
86, 62, 0), dim = c(5L, 2L), dimnames = list(c("-2", "-1", "0", 
"1", "2"), c("C", "T"))), LR49_SNP1 = structure(c(0, 267, 0, 
4, 366, 0), dim = 3:2, dimnames = list(c("-1", "0", "1"), c("A", 
"G"))), LR52_SNP1 = structure(c(0, 0, 0, 0, 0, 0, 0, 1, 33, 35, 
61, 0, 0, 0, 4, 32, 113, 0), dim = c(6L, 3L), dimnames = list(
    c("-4", "-3", "-2", "-1", "0", "1"), c("-", "C", "T"))))
