Result <-
list(DEPDC2_SNP1 = structure(c(0, 0, 0, 0, 0, 0, 0, 1, 0, 0, 
1, 19, 565, 101, 0), dim = c(5L, 3L), dimnames = list(c("-2", 
"-1", "0", "1", "2"), c("A", "C", "T"))), GM01_SNP1 = structure(c(0, 
0, 0, 0, 0, 3, 984, 1, 0, 0, 10, 0, 0, 0, 0, 0), dim = c(4L, 
4L), dimnames = list(c("-2", "-1", "0", "1"), c("-", "A", "G", 
"T"))), GM07_SNP1 = structure(c(0, 9, 240, 304, 1, 0, 0, 0, 0, 
4, 0, 0), dim = c(6L, 2L), dimnames = list(c("-3", "-2", "-1", 
"0", "1", "2"), c("A", "G"))), GM09_SNP1 = structure(c(0, 6, 
0, 40, 876, 1), dim = 3:2, dimnames = list(c("-1", "0", "1"), 
    c("A", "G"))), GM11_SNP1 = structure(c(0, 0, 5, 579, 1, 0, 
0, 0, 1, 0, 0, 0, 0, 0, 0), dim = c(5L, 3L), dimnames = list(
    c("-3", "-2", "-1", "0", "1"), c("A", "G", "T"))), GM14_SNP1 = structure(c(1, 
42, 169, 492, 1, 0, 0, 1, 3, 0), dim = c(5L, 2L), dimnames = list(
    c("-3", "-2", "-1", "0", "1"), c("C", "T"))), GM17_SNP1 = structure(c(0, 
0, 0, 0, 0, 90, 245, 0, 0, 2, 337, 0), dim = 4:3, dimnames = list(
    c("-2", "-1", "0", "1"), c("A", "C", "T"))), GM22_SNP1 = structure(c(0, 
3, 420, 2, 0, 5, 361, 2, 0, 0, 0, 0), dim = 4:3, dimnames = list(
    c("-2", "-1", "0", "1"), c("A", "G", "T"))), GM26_SNP1 = structure(c(2, 
49, 401, 0, 0, 1, 1, 0), dim = c(4L, 2L), dimnames = list(c("-2", 
"-1", "0", "1"), c("A", "G"))), GM29_SNP1 = structure(c(0, 0, 
49, 563, 0, 0, 0, 0, 3, 0), dim = c(5L, 2L), dimnames = list(
    c("-3", "-2", "-1", "0", "1"), c("A", "G"))), IM16_SNP1 = structure(c(0, 
1, 6, 0, 0, 0, 0, 0, 0, 0, 0, 0, 1, 240, 522, 7, 0, 0, 0, 0, 
0, 0, 0, 0), dim = c(6L, 4L), dimnames = list(c("-2", "-1", "0", 
"1", "2", "3"), c("A", "C", "G", "T"))), IM49_SNP1 = structure(c(0, 
3, 44, 340, 1, 0, 0, 1, 138, 13, 168, 2, 0, 0), dim = c(7L, 2L
), dimnames = list(c("-3", "-2", "-1", "0", "1", "2", "3"), c("C", 
"G"))), LR10_SNP1 = structure(c(0, 1, 5, 0, 1, 57, 677, 1), dim = c(4L, 
2L), dimnames = list(c("-2", "-1", "0", "1"), c("C", "T"))), 
    LR11_SNP1 = structure(c(0, 21, 490, 604, 0, 0, 0, 0, 0, 5, 
    0, 0, 0, 0, 0, 0, 0, 0), dim = c(6L, 3L), dimnames = list(
        c("-3", "-2", "-1", "0", "1", "3"), c("A", "C", "G"))), 
    LR17_SNP1 = structure(c(0, 0, 8, 542, 659, 0, 0, 0, 0, 0, 
    0, 0, 0, 0), dim = c(7L, 2L), dimnames = list(c("-4", "-3", 
    "-2", "-1", "0", "1", "2"), c("A", "G"))), LR20_SNP1 = structure(c(0, 
    163, 467, 0, 0, 0, 2, 0), dim = c(4L, 2L), dimnames = list(
        c("-2", "-1", "0", "1"), c("A", "G"))), LR24_SNP1 = structure(c(0, 
    1, 388, 849, 0, 0, 0, 0, 0, 0, 0, 0, 0, 1, 0), dim = c(5L, 
    3L), dimnames = list(c("-3", "-2", "-1", "0", "1"), c("A", 
    "C", "G"))), LR36_SNP1 = structure(c(0, 0, 0, 1, 8, 0, 0, 
    0, 0, 0, 0, 0, 0, 0, 0, 0, 0, 0, 1, 0, 0, 0, 1, 3, 90, 684, 
    1, 0), dim = c(7L, 4L), dimnames = list(c("-4", "-3", "-2", 
    "-1", "0", "1", "2"), c("A", "C", "G", "T"))), LR40_SNP1 = structure(c(0, 
    0, 0, 0, 0, 23, 545, 0, 0, 0, 0, 0), dim = 4:3, dimnames = list(
        c("-2", "-1", "0", "1"), c("A", "C", "T"))), LR44_SNP1 = structure(c(0, 
    0, 25, 59, 98, 1, 0, 0, 0, 0, 0, 1, 0, 0, 0, 0, 24, 90, 96, 
    0, 0), dim = c(7L, 3L), dimnames = list(c("-5", "-3", "-2", 
    "-1", "0", "1", "2"), c("C", "G", "T"))), LR46_SNP1 = structure(c(0, 
    0, 0, 0, 1, 212, 337, 3, 0, 1, 1, 0), dim = 4:3, dimnames = list(
        c("-2", "-1", "0", "1"), c("A", "G", "T"))), LR48_SNP1 = structure(c(0, 
    0, 0, 0, 0, 0, 0, 88, 22, 154, 1, 0, 0, 10, 75, 152, 0, 0
    ), dim = c(6L, 3L), dimnames = list(c("-3", "-2", "-1", "0", 
    "1", "2"), c("A", "C", "T"))), LR49_SNP1 = structure(c(0, 
    38, 461, 3, 214, 259, 0, 0, 0), dim = c(3L, 3L), dimnames = list(
        c("-2", "-1", "0"), c("A", "G", "T"))), LR52_SNP1 = structure(c(0, 
    0, 0, 0, 0, 0, 0, 0, 0, 0, 0, 1, 0, 0, 15, 122, 92, 11, 273, 
    0, 0), dim = c(7L, 3L), dimnames = list(c("-4", "-3", "-2", 
    "-1", "0", "1", "2"), c("A", "C", "T"))))
