Result <-
list(DEPDC2_SNP1 = structure(c(0, 0, 0, 0, 0, 1, 381, 0, 0, 0, 
413, 3), dim = 4:3, dimnames = list(c("-2", "-1", "0", "1"), 
    c("A", "C", "T"))), GM01_SNP1 = structure(c(75, 1033, 0, 
0, 1, 0), dim = 3:2, dimnames = list(c("-1", "0", "1"), c("A", 
"G"))), GM07_SNP1 = structure(c(0, 0, 0, 0, 0, 0, 45, 224, 1, 
0, 2, 53, 238, 1, 0, 0, 0, 0, 0, 0), dim = 5:4, dimnames = list(
    c("-2", "-1", "0", "1", "2"), c("-", "A", "G", "T"))), GM09_SNP1 = structure(c(2, 
623, 1, 0, 551, 1), dim = 3:2, dimnames = list(c("-1", "0", "1"
), c("A", "G"))), GM11_SNP1 = structure(c(11, 603, 1, 0, 1, 0
), dim = 3:2, dimnames = list(c("-1", "0", "1"), c("A", "G"))), 
    GM14_SNP1 = structure(c(0, 0, 0, 0, 0, 0, 0, 0, 0, 0, 1, 
    0, 0, 1, 1, 14, 896, 5, 0, 0, 0, 0, 30, 0), dim = c(6L, 4L
    ), dimnames = list(c("-4", "-3", "-2", "-1", "0", "1"), c("-", 
    "A", "C", "T"))), GM17_SNP1 = structure(c(0, 1, 368, 1, 0, 
    0, 401, 0), dim = c(4L, 2L), dimnames = list(c("-2", "-1", 
    "0", "1"), c("C", "T"))), GM22_SNP1 = structure(c(0, 3, 963, 
    2, 0, 0, 0, 1, 0, 0, 0, 0, 0, 0, 0), dim = c(5L, 3L), dimnames = list(
        c("-2", "-1", "0", "1", "2"), c("A", "G", "T"))), GM26_SNP1 = structure(c(0, 
    1, 540, 1), dim = c(4L, 1L), dimnames = list(c("-2", "-1", 
    "0", "1"), "A")), GM29_SNP1 = structure(c(0, 0, 717, 0, 0, 
    0, 0, 0, 0, 0), dim = c(5L, 2L), dimnames = list(c("-2", 
    "-1", "0", "1", "2"), c("A", "G"))), IM16_SNP1 = structure(c(0, 
    3, 0, 2, 805, 5, 0, 0, 0), dim = c(3L, 3L), dimnames = list(
        c("-1", "0", "1"), c("A", "G", "T"))), IM49_SNP1 = structure(c(0, 
    3, 394, 0, 0, 0, 1, 3, 328, 33, 4, 0, 0, 0, 0, 0, 0, 0), dim = c(6L, 
    3L), dimnames = list(c("-2", "-1", "0", "1", "2", "3"), c("C", 
    "G", "T"))), LR10_SNP1 = structure(c(0, 2, 388, 1, 0, 38, 
    411, 1), dim = c(4L, 2L), dimnames = list(c("-2", "-1", "0", 
    "1"), c("C", "T"))), LR11_SNP1 = structure(c(0, 0, 0, 1, 
    0, 0, 0, 1, 123, 1298, 3, 0, 0, 0, 1, 2, 0, 0, 0, 0, 0, 0, 
    0, 0), dim = c(6L, 4L), dimnames = list(c("-3", "-2", "-1", 
    "0", "1", "2"), c("-", "A", "C", "G"))), LR17_SNP1 = structure(c(0, 
    0, 0, 0, 0, 1, 110, 1249, 90, 0, 0, 0, 0, 0, 0, 0, 0, 0, 
    0, 0), dim = 5:4, dimnames = list(c("-2", "-1", "0", "1", 
    "2"), c("-", "A", "G", "T"))), LR20_SNP1 = structure(c(0, 
    0, 0, 1, 661, 0, 0, 1, 0, 0, 0, 0), dim = 3:4, dimnames = list(
        c("-1", "0", "1"), c("-", "A", "G", "T"))), LR24_SNP1 = structure(c(0, 
    1, 705, 0, 0, 2, 630, 1, 0, 0, 0, 0), dim = 4:3, dimnames = list(
        c("-2", "-1", "0", "1"), c("A", "G", "T"))), LR36_SNP1 = structure(c(0, 
    0, 0, 4, 0, 0, 0, 0, 0, 0, 0, 0, 0, 0, 0, 0, 0, 138, 801, 
    2), dim = 5:4, dimnames = list(c("-3", "-2", "-1", "0", "1"
    ), c("A", "C", "G", "T"))), LR40_SNP1 = structure(c(0, 4, 
    645, 1, 0, 0, 0, 0), dim = c(4L, 2L), dimnames = list(c("-2", 
    "-1", "0", "1"), c("C", "T"))), LR44_SNP1 = structure(c(23, 
    11, 4, 184, 1, 0, 1, 1, 0, 1, 0, 0, 0, 0, 1, 2, 53, 230, 
    1, 0, 0), dim = c(7L, 3L), dimnames = list(c("-3", "-2", 
    "-1", "0", "1", "2", "19"), c("C", "G", "T"))), LR46_SNP1 = structure(c(0, 
    0, 0, 0, 530, 0, 0, 3, 0), dim = c(3L, 3L), dimnames = list(
        c("-1", "0", "1"), c("A", "G", "T"))), LR48_SNP1 = structure(c(0, 
    0, 1, 0, 0, 42, 317, 1, 1, 42, 285, 1), dim = 4:3, dimnames = list(
        c("-2", "-1", "0", "1"), c("A", "C", "T"))), LR49_SNP1 = structure(c(8, 
    64, 451, 0, 0, 1, 506, 0, 0, 0, 0, 0), dim = 4:3, dimnames = list(
        c("-2", "-1", "0", "1"), c("A", "G", "T"))), LR52_SNP1 = structure(c(0, 
    0, 2, 16, 289, 0, 0, 0, 0, 12, 31, 206, 1, 0), dim = c(7L, 
    2L), dimnames = list(c("-4", "-3", "-2", "-1", "0", "1", 
    "2"), c("C", "T"))))
