Result <-
list(DEPDC2_SNP1 = structure(c(0, 8, 0, 3, 1128, 2), dim = 3:2, dimnames = list(
    c("-1", "0", "1"), c("C", "T"))), GM01_SNP1 = structure(c(1, 
5, 1641, 3, 0, 0, 2, 0), dim = c(4L, 2L), dimnames = list(c("-2", 
"-1", "0", "1"), c("A", "G"))), GM07_SNP1 = structure(c(0, 0, 
10, 0, 0, 1, 21, 920, 3, 0, 0, 0, 0, 0, 0), dim = c(5L, 3L), dimnames = list(
    c("-2", "-1", "0", "1", "2"), c("A", "G", "T"))), GM09_SNP1 = structure(c(1, 
1317, 2, 0, 704, 0, 0, 0, 0), dim = c(3L, 3L), dimnames = list(
    c("-1", "0", "1"), c("A", "G", "T"))), GM11_SNP1 = structure(c(1, 
840, 1, 1, 3, 0, 0, 1, 0), dim = c(3L, 3L), dimnames = list(c("-1", 
"0", "1"), c("A", "G", "T"))), GM14_SNP1 = structure(c(0, 0, 
0, 0, 0, 0, 0, 0, 5, 760, 1, 0, 0, 0, 0, 521, 1, 0), dim = c(6L, 
3L), dimnames = list(c("-3", "-2", "-1", "0", "1", "2"), c("A", 
"C", "T"))), GM17_SNP1 = structure(c(1, 6, 1710, 0, 0, 0, 0, 
0, 0, 1, 16, 0), dim = 4:3, dimnames = list(c("-2", "-1", "0", 
"1"), c("C", "G", "T"))), GM22_SNP1 = structure(c(1, 2, 1311, 
0, 0, 0, 1, 7, 0, 0), dim = c(5L, 2L), dimnames = list(c("-2", 
"-1", "0", "1", "2"), c("A", "G"))), GM26_SNP1 = structure(c(1, 
609, 0, 0, 0, 9, 0, 0), dim = c(4L, 2L), dimnames = list(c("-1", 
"0", "1", "2"), c("A", "G"))), GM29_SNP1 = structure(c(0, 0, 
7, 1285, 3, 0, 0, 0, 0, 0, 0, 0, 0, 0, 0), dim = c(5L, 3L), dimnames = list(
    c("-3", "-2", "-1", "0", "1"), c("A", "G", "T"))), IM16_SNP1 = structure(c(0, 
2, 1221, 5, 0, 0, 1, 3, 0, 0), dim = c(5L, 2L), dimnames = list(
    c("-2", "-1", "0", "1", "2"), c("A", "G"))), IM49_SNP1 = structure(c(0, 
0, 0, 0, 0, 0, 0, 0, 1, 7, 0, 0, 0, 0, 24, 1609, 8, 0, 0, 0, 
0, 0, 0, 0), dim = c(6L, 4L), dimnames = list(c("-3", "-2", "-1", 
"0", "1", "2"), c("A", "C", "G", "T"))), LR10_SNP1 = structure(c(0, 
0, 0, 0, 0, 0, 1, 10, 0, 0, 0, 0, 1, 0, 0, 0, 8, 927, 1, 0), dim = 5:4, dimnames = list(
    c("-2", "-1", "0", "1", "2"), c("A", "C", "G", "T"))), LR11_SNP1 = structure(c(0, 
0, 1, 0, 0, 9, 1412, 2, 0, 0, 1, 0), dim = 4:3, dimnames = list(
    c("-2", "-1", "0", "1"), c("A", "C", "T"))), LR17_SNP1 = structure(c(0, 
0, 1, 18, 2210, 3, 0, 0, 0, 0, 0, 1, 0, 0), dim = c(7L, 2L), dimnames = list(
    c("-4", "-3", "-2", "-1", "0", "1", "2"), c("A", "G"))), 
    LR20_SNP1 = structure(c(0, 0, 0, 0, 554, 0, 1, 609, 0, 0, 
    0, 0), dim = 3:4, dimnames = list(c("-1", "0", "1"), c("-", 
    "A", "G", "T"))), LR24_SNP1 = structure(c(0, 0, 0, 0, 0, 
    4, 807, 0, 0, 0, 1058, 2), dim = 4:3, dimnames = list(c("-2", 
    "-1", "0", "1"), c("-", "A", "G"))), LR36_SNP1 = structure(c(0, 
    0, 0, 0, 5, 0, 0, 1, 0, 3, 9, 1663, 5, 0), dim = c(7L, 2L
    ), dimnames = list(c("-4", "-3", "-2", "-1", "0", "1", "2"
    ), c("A", "T"))), LR40_SNP1 = structure(c(1, 0, 0, 4, 1151, 
    1), dim = 3:2, dimnames = list(c("-1", "0", "1"), c("A", 
    "C"))), LR44_SNP1 = structure(c(1, 4, 122, 1, 0, 0, 2, 0, 
    0, 4, 167, 2), dim = 4:3, dimnames = list(c("-2", "-1", "0", 
    "1"), c("C", "G", "T"))), LR46_SNP1 = structure(c(0, 0, 0, 
    0, 953, 1, 0, 11, 0), dim = c(3L, 3L), dimnames = list(c("-1", 
    "0", "1"), c("C", "G", "T"))), LR48_SNP1 = structure(c(0, 
    0, 0, 0, 0, 0, 12, 902, 2, 0, 0, 1, 3, 0, 0), dim = c(5L, 
    3L), dimnames = list(c("-2", "-1", "0", "1", "2"), c("A", 
    "C", "T"))), LR49_SNP1 = structure(c(1, 639, 0, 0, 658, 0, 
    0, 0, 0), dim = c(3L, 3L), dimnames = list(c("-1", "0", "1"
    ), c("A", "G", "T"))), LR52_SNP1 = structure(c(0, 0, 0, 0, 
    0, 0, 0, 0, 3, 18, 328, 0, 0, 0, 0, 10, 247, 0), dim = c(6L, 
    3L), dimnames = list(c("-4", "-3", "-2", "-1", "0", "1"), 
        c("A", "C", "T"))))
