Result <-
list(DEPDC2_SNP1 = structure(c(0, 0, 0, 0, 0, 363, 304, 16, 0, 
2, 0, 0), dim = 4:3, dimnames = list(c("-1", "0", "1", "2"), 
    c("A", "C", "T"))), GM01_SNP1 = structure(c(0, 143, 714, 
0, 0, 1, 1, 0), dim = c(4L, 2L), dimnames = list(c("-2", "-1", 
"0", "1"), c("A", "G"))), GM07_SNP1 = structure(c(0, 15, 248, 
202, 0, 0, 0, 108, 3, 185, 2, 0), dim = c(6L, 2L), dimnames = list(
    c("-3", "-2", "-1", "0", "1", "2"), c("A", "G"))), GM09_SNP1 = structure(c(2, 
616, 0, 1, 543, 0, 0, 0, 0), dim = c(3L, 3L), dimnames = list(
    c("-1", "0", "1"), c("A", "G", "T"))), GM11_SNP1 = structure(c(5, 
605, 0), dim = c(3L, 1L), dimnames = list(c("-1", "0", "1"), 
    "A")), GM14_SNP1 = structure(c(0, 21, 410, 0, 0, 0, 10, 443, 
2, 0), dim = c(5L, 2L), dimnames = list(c("-2", "-1", "0", "1", 
"2"), c("C", "T"))), GM17_SNP1 = structure(c(0, 421, 0, 5, 432, 
1), dim = 3:2, dimnames = list(c("-1", "0", "1"), c("C", "T"))), 
    GM22_SNP1 = structure(c(0, 19, 307, 0, 0, 7, 258, 1), dim = c(4L, 
    2L), dimnames = list(c("-2", "-1", "0", "1"), c("A", "G"))), 
    GM26_SNP1 = structure(c(0, 14, 478, 0, 0, 0, 5, 0), dim = c(4L, 
    2L), dimnames = list(c("-2", "-1", "0", "1"), c("A", "G"))), 
    GM29_SNP1 = structure(c(0, 2, 93, 178, 0, 0, 0, 3, 294, 0
    ), dim = c(5L, 2L), dimnames = list(c("-3", "-2", "-1", "0", 
    "1"), c("A", "G"))), IM16_SNP1 = structure(c(1, 267, 462, 
    4, 0, 0, 4, 0), dim = c(4L, 2L), dimnames = list(c("-2", 
    "-1", "0", "1"), c("A", "G"))), IM49_SNP1 = structure(c(3, 
    46, 748, 4, 0, 0, 0, 1, 0, 0), dim = c(5L, 2L), dimnames = list(
        c("-2", "-1", "0", "1", "2"), c("C", "G"))), LR10_SNP1 = structure(c(3, 
    369, 1, 1, 432, 0), dim = 3:2, dimnames = list(c("-1", "0", 
    "1"), c("C", "T"))), LR11_SNP1 = structure(c(0, 0, 9, 401, 
    0, 1, 116, 4, 225, 0), dim = c(5L, 2L), dimnames = list(c("-3", 
    "-2", "-1", "0", "1"), c("A", "C"))), LR17_SNP1 = structure(c(3, 
    250, 1024, 1), dim = c(4L, 1L), dimnames = list(c("-2", "-1", 
    "0", "1"), "A")), LR20_SNP1 = structure(c(1, 0, 0, 5, 862, 
    0, 0, 2, 0), dim = c(3L, 3L), dimnames = list(c("-1", "0", 
    "1"), c("A", "G", "T"))), LR24_SNP1 = structure(c(8, 27, 
    919, 1, 0, 82, 829, 2), dim = c(4L, 2L), dimnames = list(
        c("-2", "-1", "0", "1"), c("A", "G"))), LR36_SNP1 = structure(c(0, 
    6, 164, 270, 0, 0, 0, 0, 0, 1, 0, 0, 0, 0, 7, 439, 1, 1), dim = c(6L, 
    3L), dimnames = list(c("-3", "-2", "-1", "0", "1", "4"), 
        c("A", "G", "T"))), LR40_SNP1 = structure(c(0, 0, 1, 
    0, 118, 113, 462, 0), dim = c(4L, 2L), dimnames = list(c("-2", 
    "-1", "0", "1"), c("A", "C"))), LR44_SNP1 = structure(c(0, 
    0, 0, 0, 0, 0, 0, 0, 0, 0, 0, 1, 0, 0, 0, 0, 6, 132, 35, 
    383, 1, 0, 0, 0, 0, 0, 0, 4, 0, 0, 0, 0, 1, 3, 1, 11, 0, 
    0, 0, 0), dim = c(8L, 5L), dimnames = list(c("-3", "-2", 
    "-1", "0", "1", "2", "6", "7"), c("-", "A", "C", "G", "T"
    ))), LR46_SNP1 = structure(c(0, 0, 1, 0, 1, 104, 531, 0), dim = c(4L, 
    2L), dimnames = list(c("-2", "-1", "0", "1"), c("G", "T"))), 
    LR48_SNP1 = structure(c(0, 0, 7, 274, 0, 0, 1, 102, 195, 
    0), dim = c(5L, 2L), dimnames = list(c("-3", "-2", "-1", 
    "0", "1"), c("C", "T"))), LR49_SNP1 = structure(c(9, 362, 
    584, 0, 0, 0, 3, 0, 0, 0, 1, 0), dim = 4:3, dimnames = list(
        c("-2", "-1", "0", "1"), c("A", "G", "T"))), LR52_SNP1 = structure(c(1, 
    18, 78, 10, 170, 2, 0, 4, 93, 6, 189, 0), dim = c(6L, 2L), dimnames = list(
        c("-4", "-3", "-2", "-1", "0", "1"), c("C", "T"))))
