Result <-
list(DEPDC2_SNP1 = structure(c(0, 0, 0, 0, 0, 1, 0, 0, 0, 0, 
0, 0, 4, 1600, 68, 0), dim = c(4L, 4L), dimnames = list(c("-1", 
"0", "1", "2"), c("A", "C", "G", "T"))), GM01_SNP1 = structure(c(0, 
0, 0, 0, 0, 1, 8, 2562, 2, 0, 0, 0, 5, 0, 0), dim = c(5L, 3L), dimnames = list(
    c("-2", "-1", "0", "1", "2"), c("-", "A", "G"))), GM07_SNP1 = structure(c(0, 
0, 0, 0, 0, 0, 0, 252, 34, 1380, 6, 0, 0, 0, 0, 2, 0, 0, 0, 0, 
0, 0, 0, 0), dim = c(6L, 4L), dimnames = list(c("-3", "-2", "-1", 
"0", "1", "2"), c("-", "A", "G", "T"))), GM09_SNP1 = structure(c(0, 
0, 3, 0, 0, 11, 2465, 1, 0, 0, 0, 0), dim = 4:3, dimnames = list(
    c("-2", "-1", "0", "1"), c("A", "G", "T"))), GM11_SNP1 = structure(c(1, 
123, 1614, 0, 0, 0, 0, 1, 0, 0), dim = c(5L, 2L), dimnames = list(
    c("-2", "-1", "0", "1", "2"), c("A", "G"))), GM14_SNP1 = structure(c(0, 
0, 0, 0, 0, 0, 0, 1, 152, 1785, 3, 0, 0, 0, 0, 1, 0, 0), dim = c(6L, 
3L), dimnames = list(c("-3", "-2", "-1", "0", "1", "2"), c("A", 
"C", "T"))), GM17_SNP1 = structure(c(0, 0, 0, 1, 0, 0, 0, 0, 
3, 0, 0, 0, 22, 2574, 1), dim = c(5L, 3L), dimnames = list(c("-3", 
"-2", "-1", "0", "1"), c("A", "C", "T"))), GM22_SNP1 = structure(c(0, 
171, 2131, 0, 0, 0, 1, 0, 0, 0, 0, 0), dim = 4:3, dimnames = list(
    c("-2", "-1", "0", "1"), c("A", "G", "T"))), GM26_SNP1 = structure(c(0, 
0, 7, 0, 1, 6, 1421, 1, 0, 0, 0, 0), dim = 4:3, dimnames = list(
    c("-2", "-1", "0", "1"), c("A", "G", "T"))), GM29_SNP1 = structure(c(0, 
0, 34, 1778, 0, 0, 0, 0, 0, 0, 0, 0, 0, 0, 0, 0, 0, 0), dim = c(6L, 
3L), dimnames = list(c("-3", "-2", "-1", "0", "1", "2"), c("A", 
"G", "T"))), IM16_SNP1 = structure(c(0, 0, 0, 0, 0, 2, 128, 827, 
5, 0, 0, 6, 1075, 2, 0, 0, 0, 0, 0, 0), dim = 5:4, dimnames = list(
    c("-2", "-1", "0", "1", "2"), c("-", "A", "G", "T"))), IM49_SNP1 = structure(c(0, 
22, 123, 736, 8, 0, 0, 1, 117, 11, 737, 5, 0, 0), dim = c(7L, 
2L), dimnames = list(c("-3", "-2", "-1", "0", "1", "2", "3"), 
    c("C", "G"))), LR10_SNP1 = structure(c(0, 13, 907, 0, 0, 
9, 969, 3), dim = c(4L, 2L), dimnames = list(c("-2", "-1", "0", 
"1"), c("C", "T"))), LR11_SNP1 = structure(c(0, 0, 0, 0, 0, 0, 
23, 1273, 5, 0, 0, 7, 1106, 2, 0, 0, 0, 0, 0, 0), dim = 5:4, dimnames = list(
    c("-2", "-1", "0", "1", "2"), c("-", "A", "C", "T"))), LR17_SNP1 = structure(c(0, 
20, 248, 2540, 9, 0, 0, 0, 0, 0, 0, 0), dim = c(6L, 2L), dimnames = list(
    c("-3", "-2", "-1", "0", "1", "2"), c("A", "G"))), LR20_SNP1 = structure(c(2, 
926, 0, 0, 2, 1012, 3, 0, 0, 0, 0, 0), dim = 4:3, dimnames = list(
    c("-1", "0", "1", "2"), c("A", "G", "T"))), LR24_SNP1 = structure(c(0, 
6, 2464, 0, 0, 0, 1, 0, 0, 0, 0, 0), dim = 4:3, dimnames = list(
    c("-2", "-1", "0", "1"), c("A", "G", "T"))), LR36_SNP1 = structure(c(0, 
0, 0, 0, 4, 0, 0, 0, 0, 0, 0, 0, 0, 0, 0, 0, 0, 0, 0, 8, 139, 
148, 1842, 8), dim = c(6L, 4L), dimnames = list(c("-4", "-3", 
"-2", "-1", "0", "1"), c("A", "C", "G", "T"))), LR40_SNP1 = structure(c(0, 
0, 0, 0, 0, 18, 1804, 2, 0, 0, 0, 0), dim = 4:3, dimnames = list(
    c("-3", "-1", "0", "1"), c("A", "C", "T"))), LR44_SNP1 = structure(c(0, 
0, 0, 0, 0, 0, 0, 2, 51, 12, 235, 4, 0, 0, 0, 0, 0, 2, 0, 0, 
0, 1, 0, 8, 275, 48, 2, 0), dim = c(7L, 4L), dimnames = list(
    c("-3", "-2", "-1", "0", "1", "2", "3"), c("A", "C", "G", 
    "T"))), LR46_SNP1 = structure(c(0, 0, 1, 0, 0, 1, 1769, 1, 
0, 0, 7, 0), dim = 4:3, dimnames = list(c("-2", "-1", "0", "1"
), c("A", "G", "T"))), LR48_SNP1 = structure(c(1, 9, 835, 9, 
0, 0, 20, 685, 4, 0), dim = c(5L, 2L), dimnames = list(c("-2", 
"-1", "0", "1", "2"), c("C", "T"))), LR49_SNP1 = structure(c(0, 
0, 0, 4, 1976, 0, 0, 3, 0, 0, 1, 0), dim = 3:4, dimnames = list(
    c("-1", "0", "1"), c("-", "A", "G", "T"))), LR52_SNP1 = structure(c(0, 
0, 0, 0, 0, 0, 0, 0, 1, 0, 11, 40, 225, 1167, 4, 0, 0, 0, 0, 
1, 0, 10, 0, 0), dim = c(8L, 3L), dimnames = list(c("-5", "-4", 
"-3", "-2", "-1", "0", "1", "2"), c("A", "C", "T"))))
