Result <-
list(DEPDC2_SNP1 = structure(c(0, 0, 0, 0, 0, 0, 200, 2, 569, 
0, 0, 0, 12, 901, 1), dim = c(5L, 3L), dimnames = list(c("-3", 
"-2", "-1", "0", "1"), c("A", "C", "T"))), GM01_SNP1 = structure(c(0, 
11, 1285, 1, 0, 0, 0, 0, 0, 0, 0, 8, 1309, 1, 0, 0, 0, 0, 0, 
0), dim = 5:4, dimnames = list(c("-2", "-1", "0", "1", "2"), 
    c("A", "C", "G", "T"))), GM07_SNP1 = structure(c(0, 0, 0, 
1, 0, 0, 1, 236, 269, 1349, 9, 0, 0, 0, 0, 0, 0, 0), dim = c(6L, 
3L), dimnames = list(c("-3", "-2", "-1", "0", "1", "2"), c("A", 
"G", "T"))), GM09_SNP1 = structure(c(0, 4, 0, 7, 2314, 0, 0, 
0, 0), dim = c(3L, 3L), dimnames = list(c("-1", "0", "1"), c("A", 
"G", "T"))), GM11_SNP1 = structure(c(1, 166, 1569, 0, 0, 0, 1, 
0, 0, 0, 0, 0), dim = 4:3, dimnames = list(c("-2", "-1", "0", 
"1"), c("A", "G", "T"))), GM14_SNP1 = structure(c(0, 0, 31, 235, 
703, 3, 0, 0, 0, 0, 238, 723, 3, 0), dim = c(7L, 2L), dimnames = list(
    c("-4", "-3", "-2", "-1", "0", "1", "2"), c("C", "T"))), 
    GM17_SNP1 = structure(c(0, 0, 0, 0, 0, 0, 0, 70, 1027, 0, 
    0, 0, 6, 1213, 0), dim = c(5L, 3L), dimnames = list(c("-3", 
    "-2", "-1", "0", "1"), c("A", "C", "T"))), GM22_SNP1 = structure(c(1, 
    107, 2043, 230, 0, 0, 0, 1, 0, 0, 0, 0, 0, 0, 0), dim = c(5L, 
    3L), dimnames = list(c("-2", "-1", "0", "1", "2"), c("A", 
    "G", "T"))), GM26_SNP1 = structure(c(0, 1, 681, 2, 0, 11, 
    711, 1), dim = c(4L, 2L), dimnames = list(c("-2", "-1", "0", 
    "1"), c("A", "G"))), GM29_SNP1 = structure(c(0, 192, 1511, 
    0, 0, 0, 0, 0, 0, 0, 0, 0), dim = 4:3, dimnames = list(c("-2", 
    "-1", "0", "1"), c("A", "G", "T"))), IM16_SNP1 = structure(c(0, 
    39, 957, 4, 0, 0, 2, 270, 777, 5, 0, 0, 0, 0, 0, 0, 0, 0), dim = c(6L, 
    3L), dimnames = list(c("-2", "-1", "0", "1", "2", "3"), c("A", 
    "G", "T"))), IM49_SNP1 = structure(c(0, 1, 25, 749, 5, 0, 
    0, 4, 202, 532, 5, 0), dim = c(6L, 2L), dimnames = list(c("-3", 
    "-2", "-1", "0", "1", "2"), c("C", "G"))), LR10_SNP1 = structure(c(0, 
    0, 0, 0, 0, 0, 5, 0, 0, 16, 1953, 1), dim = 4:3, dimnames = list(
        c("-2", "-1", "0", "1"), c("A", "C", "T"))), LR11_SNP1 = structure(c(0, 
    0, 3, 0, 0, 24, 2125, 2, 0, 0, 0, 0), dim = 4:3, dimnames = list(
        c("-2", "-1", "0", "1"), c("A", "C", "T"))), LR17_SNP1 = structure(c(0, 
    5, 382, 2675, 7, 0, 0, 0, 0, 0, 0, 0, 0, 0, 0, 0, 0, 0, 0, 
    0, 0, 1, 0, 0), dim = c(6L, 4L), dimnames = list(c("-3", 
    "-2", "-1", "0", "1", "2"), c("A", "C", "G", "T"))), LR20_SNP1 = structure(c(0, 
    0, 0, 0, 0, 0, 2, 0, 0, 239, 1820, 0, 0, 0, 0, 0), dim = c(4L, 
    4L), dimnames = list(c("-2", "-1", "0", "1"), c("-", "A", 
    "G", "T"))), LR24_SNP1 = structure(c(0, 251, 30, 1965, 2, 
    0, 0, 0, 0, 0, 0, 0, 0, 3, 0, 0, 0, 0, 0, 0), dim = 5:4, dimnames = list(
        c("-3", "-2", "-1", "0", "1"), c("A", "C", "G", "T"))), 
    LR36_SNP1 = structure(c(0, 0, 0, 0, 0, 0, 0, 0, 0, 0, 0, 
    0, 16, 1133, 4, 0, 0, 0, 0, 0, 0, 0, 0, 0, 0, 264, 0, 0, 
    6, 772, 2, 0), dim = c(8L, 4L), dimnames = list(c("-5", "-4", 
    "-3", "-2", "-1", "0", "1", "2"), c("-", "A", "G", "T"))), 
    LR40_SNP1 = structure(c(0, 0, 1, 0, 0, 10, 1855, 2, 0, 0, 
    0, 0, 0, 0, 0, 0), dim = c(4L, 4L), dimnames = list(c("-2", 
    "-1", "0", "1"), c("A", "C", "G", "T"))), LR44_SNP1 = structure(c(0, 
    0, 0, 2, 0, 0, 0, 6, 88, 8, 221, 1, 0, 0, 0, 0, 0, 4, 0, 
    0, 0, 0, 6, 39, 320, 3, 0, 0), dim = c(7L, 4L), dimnames = list(
        c("-3", "-2", "-1", "0", "1", "2", "10"), c("A", "C", 
        "G", "T"))), LR46_SNP1 = structure(c(0, 0, 0, 0, 0, 0, 
    14, 1732, 1, 0, 0, 0, 4, 0, 0), dim = c(5L, 3L), dimnames = list(
        c("-2", "-1", "0", "1", "2"), c("A", "G", "T"))), LR48_SNP1 = structure(c(0, 
    0, 0, 0, 0, 0, 0, 0, 0, 0, 0, 0, 0, 3, 259, 1570, 4, 0, 0, 
    0, 0, 1, 0, 0), dim = c(6L, 4L), dimnames = list(c("-3", 
    "-2", "-1", "0", "1", "2"), c("-", "A", "C", "T"))), LR49_SNP1 = structure(c(0, 
    9, 1087, 0, 0, 0, 936, 0, 0, 0, 0, 0), dim = 4:3, dimnames = list(
        c("-2", "-1", "0", "1"), c("A", "G", "T"))), LR52_SNP1 = structure(c(0, 
    0, 0, 0, 1, 0, 0, 0, 1, 1, 0, 1, 0, 0, 77, 21, 132, 191, 
    1253, 3, 1), dim = c(7L, 3L), dimnames = list(c("-4", "-3", 
    "-2", "-1", "0", "1", "2"), c("A", "C", "T"))))
