Result <-
list(DEPDC2_SNP1 = structure(c(0, 0, 0, 4, 0, 2, 4, 113, 852, 
6), dim = c(5L, 2L), dimnames = list(c("-3", "-2", "-1", "0", 
"1"), c("C", "T"))), GM01_SNP1 = structure(c(0, 0, 0, 0, 0, 196, 
1405, 1, 0, 0, 3, 0, 0, 0, 0, 0), dim = c(4L, 4L), dimnames = list(
    c("-2", "-1", "0", "1"), c("-", "A", "G", "T"))), GM07_SNP1 = structure(c(0, 
178, 26, 378, 1, 0, 16, 155, 379, 4, 0, 0, 0, 0, 0), dim = c(5L, 
3L), dimnames = list(c("-3", "-2", "-1", "0", "1"), c("A", "G", 
"T"))), GM09_SNP1 = structure(c(23, 806, 0, 7, 748, 0, 0, 0, 
0), dim = c(3L, 3L), dimnames = list(c("-1", "0", "1"), c("A", 
"G", "T"))), GM11_SNP1 = structure(c(0, 0, 3, 0, 1, 190, 651, 
1), dim = c(4L, 2L), dimnames = list(c("-2", "-1", "0", "1"), 
    c("A", "G"))), GM14_SNP1 = structure(c(0, 6, 87, 526, 1, 
0, 0, 2, 30, 578, 2, 0), dim = c(6L, 2L), dimnames = list(c("-4", 
"-2", "-1", "0", "1", "3"), c("C", "T"))), GM17_SNP1 = structure(c(0, 
0, 0, 0, 0, 1, 7, 0, 2, 220, 1470, 2), dim = 4:3, dimnames = list(
    c("-2", "-1", "0", "1"), c("A", "C", "T"))), GM22_SNP1 = structure(c(0, 
0, 13, 0, 0, 0, 157, 1267, 0, 0, 0, 0, 0, 0, 0), dim = c(5L, 
3L), dimnames = list(c("-2", "-1", "0", "1", "2"), c("A", "G", 
"T"))), GM26_SNP1 = structure(c(0, 3, 258, 0, 0, 0, 0, 289, 0, 
0, 0, 0, 0, 0, 0), dim = c(5L, 3L), dimnames = list(c("-2", "-1", 
"0", "1", "2"), c("A", "G", "T"))), GM29_SNP1 = structure(c(11, 
203, 1091, 3, 0, 0, 2, 0, 0, 0, 1, 0), dim = 4:3, dimnames = list(
    c("-2", "-1", "0", "1"), c("A", "G", "T"))), IM16_SNP1 = structure(c(0, 
0, 5, 0, 0, 0, 0, 0, 0, 0, 80, 140, 1088, 9, 0), dim = c(5L, 
3L), dimnames = list(c("-2", "-1", "0", "1", "2"), c("A", "C", 
"G"))), IM49_SNP1 = structure(c(3, 234, 8, 606, 2, 0, 0, 2, 45, 
715, 4, 0, 0, 0, 0, 0, 0, 0), dim = c(6L, 3L), dimnames = list(
    c("-3", "-2", "-1", "0", "1", "2"), c("C", "G", "T"))), LR10_SNP1 = structure(c(0, 
0, 0, 0, 8, 64, 407, 1, 5, 139, 332, 4), dim = 4:3, dimnames = list(
    c("-2", "-1", "0", "1"), c("-", "C", "T"))), LR11_SNP1 = structure(c(0, 
1, 50, 622, 1, 0, 0, 5, 171, 428, 0, 0, 0, 0, 0, 0, 0, 0), dim = c(6L, 
3L), dimnames = list(c("-3", "-2", "-1", "0", "1", "2"), c("A", 
"C", "T"))), LR17_SNP1 = structure(c(0, 5, 342, 1796, 7, 0, 0, 
0, 0, 0, 0, 0), dim = c(6L, 2L), dimnames = list(c("-3", "-2", 
"-1", "0", "1", "2"), c("A", "G"))), LR20_SNP1 = structure(c(10, 
631, 0, 4, 643, 0, 0, 1, 0), dim = c(3L, 3L), dimnames = list(
    c("-1", "0", "1"), c("A", "G", "T"))), LR24_SNP1 = structure(c(12, 
211, 605, 1, 0, 30, 840, 0), dim = c(4L, 2L), dimnames = list(
    c("-2", "-1", "0", "1"), c("A", "G"))), LR36_SNP1 = structure(c(0, 
0, 0, 0, 0, 0, 0, 17, 242, 702, 0, 0, 0, 0, 0, 0, 0, 0, 0, 0, 
0, 0, 0, 0, 0, 26, 195, 691, 1, 0), dim = 6:5, dimnames = list(
    c("-3", "-2", "-1", "0", "1", "2"), c("-", "A", "C", "G", 
    "T"))), LR40_SNP1 = structure(c(0, 0, 1, 0, 6, 214, 876, 
0), dim = c(4L, 2L), dimnames = list(c("-2", "-1", "0", "1"), 
    c("A", "C"))), LR44_SNP1 = structure(c(0, 0, 0, 2, 0, 0, 
0, 5, 21, 166, 0, 0, 0, 0, 0, 1, 0, 0, 3, 42, 29, 173, 1, 0), dim = c(6L, 
4L), dimnames = list(c("-3", "-2", "-1", "0", "1", "2"), c("A", 
"C", "G", "T"))), LR46_SNP1 = structure(c(0, 0, 0, 0, 26, 906, 
2, 0, 0, 4, 0, 0), dim = 4:3, dimnames = list(c("-1", "0", "1", 
"2"), c("A", "G", "T"))), LR48_SNP1 = structure(c(0, 0, 0, 1, 
0, 0, 0, 0, 21, 438, 3, 0, 0, 0, 23, 384, 1, 0), dim = c(6L, 
3L), dimnames = list(c("-3", "-2", "-1", "0", "1", "2"), c("A", 
"C", "T"))), LR49_SNP1 = structure(c(0, 0, 5, 0, 9, 235, 1052, 
0, 0, 0, 0, 0), dim = 4:3, dimnames = list(c("-2", "-1", "0", 
"1"), c("A", "G", "T"))), LR52_SNP1 = structure(c(0, 19, 80, 
54, 11, 468, 1, 0, 0, 1, 0, 0, 3, 0), dim = c(7L, 2L), dimnames = list(
    c("-5", "-4", "-3", "-2", "-1", "0", "1"), c("C", "T"))))
