Result <-
list(DEPDC2_SNP1 = structure(c(0, 0, 0, 0, 0, 0, 4, 852, 2), dim = c(3L, 
3L), dimnames = list(c("-1", "0", "1"), c("A", "C", "T"))), GM01_SNP1 = structure(c(0, 
0, 3, 0, 0, 114, 630, 0), dim = c(4L, 2L), dimnames = list(c("-2", 
"-1", "0", "1"), c("A", "G"))), GM07_SNP1 = structure(c(0, 12, 
76, 186, 1, 0, 0, 0, 91, 5, 170, 2, 0, 0), dim = c(7L, 2L), dimnames = list(
    c("-3", "-2", "-1", "0", "1", "2", "3"), c("A", "G"))), GM09_SNP1 = structure(c(2, 
495, 1, 20, 412, 0, 0, 0, 0), dim = c(3L, 3L), dimnames = list(
    c("-1", "0", "1"), c("A", "G", "T"))), GM11_SNP1 = structure(c(5, 
255, 0, 1, 272, 2), dim = 3:2, dimnames = list(c("-1", "0", "1"
), c("A", "G"))), GM14_SNP1 = structure(c(0, 0, 0, 0, 0, 0, 57, 
39, 233, 0, 0, 0, 108, 241, 0), dim = c(5L, 3L), dimnames = list(
    c("-3", "-2", "-1", "0", "1"), c("-", "C", "T"))), GM17_SNP1 = structure(c(0, 
5, 338, 0, 0, 14, 338, 0), dim = c(4L, 2L), dimnames = list(c("-2", 
"-1", "0", "1"), c("C", "T"))), GM22_SNP1 = structure(c(0, 0, 
256, 0, 0, 21, 241, 1), dim = c(4L, 2L), dimnames = list(c("-2", 
"-1", "0", "1"), c("A", "G"))), GM26_SNP1 = structure(c(2, 410, 
6), dim = c(3L, 1L), dimnames = list(c("-1", "0", "1"), "G")), 
    GM29_SNP1 = structure(c(0, 0, 0, 16, 423, 1), dim = 3:2, dimnames = list(
        c("-1", "0", "1"), c("A", "G"))), IM16_SNP1 = structure(c(0, 
    12, 555, 1, 0, 0, 2, 0), dim = c(4L, 2L), dimnames = list(
        c("-2", "-1", "0", "1"), c("A", "G"))), IM49_SNP1 = structure(c(48, 
    130, 56, 458, 2, 0, 0, 0, 0, 3, 0, 0), dim = c(6L, 2L), dimnames = list(
        c("-3", "-2", "-1", "0", "1", "2"), c("C", "G"))), LR10_SNP1 = structure(c(0, 
    0, 0, 0, 0, 1, 93, 216, 2, 0, 0, 10, 330, 0, 0), dim = c(5L, 
    3L), dimnames = list(c("-2", "-1", "0", "1", "2"), c("A", 
    "C", "T"))), LR11_SNP1 = structure(c(0, 7, 386, 2, 0, 5, 
    325, 0), dim = c(4L, 2L), dimnames = list(c("-2", "-1", "0", 
    "1"), c("A", "C"))), LR17_SNP1 = structure(c(4, 341, 743, 
    1, 0, 0, 0, 0), dim = c(4L, 2L), dimnames = list(c("-2", 
    "-1", "0", "1"), c("A", "G"))), LR20_SNP1 = structure(c(0, 
    0, 1, 0, 43, 87, 549, 0, 0, 0, 0, 0), dim = 4:3, dimnames = list(
        c("-2", "-1", "0", "1"), c("A", "G", "T"))), LR24_SNP1 = structure(c(1, 
    674, 0, 6, 720, 0, 0, 0, 0), dim = c(3L, 3L), dimnames = list(
        c("-1", "0", "1"), c("A", "G", "T"))), LR36_SNP1 = structure(c(1, 
    2, 13, 349, 0, 0, 0, 0, 0, 0, 0, 0, 13, 344, 1), dim = c(5L, 
    3L), dimnames = list(c("-3", "-2", "-1", "0", "1"), c("A", 
    "G", "T"))), LR40_SNP1 = structure(c(12, 74, 513, 0), dim = c(4L, 
    1L), dimnames = list(c("-2", "-1", "0", "1"), "C")), LR44_SNP1 = structure(c(0, 
    0, 0, 0, 0, 0, 1, 0, 0, 0, 0, 1, 0, 0, 0, 6, 87, 69, 291, 
    2, 0, 0, 0, 0, 0, 1, 0, 0, 0, 0, 1, 1, 6, 0, 0), dim = c(7L, 
    5L), dimnames = list(c("-4", "-3", "-2", "-1", "0", "1", 
    "9"), c("-", "A", "C", "G", "T"))), LR46_SNP1 = structure(c(0, 
    0, 0, 0, 0, 79, 448, 0), dim = c(4L, 2L), dimnames = list(
        c("-2", "-1", "0", "1"), c("C", "T"))), LR48_SNP1 = structure(c(0, 
    1, 14, 249, 0, 0, 1, 86, 152, 1), dim = c(5L, 2L), dimnames = list(
        c("-3", "-2", "-1", "0", "1"), c("C", "T"))), LR49_SNP1 = structure(c(6, 
    750, 0, 0, 1, 0, 0, 0, 0), dim = c(3L, 3L), dimnames = list(
        c("-1", "0", "1"), c("A", "G", "T"))), LR52_SNP1 = structure(c(0, 
    9, 37, 222, 0, 11, 63, 2, 169, 2), dim = c(5L, 2L), dimnames = list(
        c("-3", "-2", "-1", "0", "1"), c("C", "T"))))
