Result <-
list(DEPDC2_SNP1 = structure(c(0, 0, 0, 0, 0, 0, 0, 0, 0, 144, 
511, 63), dim = 4:3, dimnames = list(c("-2", "-1", "0", "1"), 
    c("A", "C", "T"))), GM01_SNP1 = structure(c(16, 583, 0, 0, 
3, 0), dim = 3:2, dimnames = list(c("-1", "0", "1"), c("A", "G"
))), GM07_SNP1 = structure(c(2, 157, 47, 264, 0, 0, 0, 0, 0, 
2, 0, 0, 0, 0), dim = c(7L, 2L), dimnames = list(c("-3", "-2", 
"-1", "0", "1", "2", "3"), c("A", "G"))), GM09_SNP1 = structure(c(0, 
2, 383, 2, 1, 153, 190, 0), dim = c(4L, 2L), dimnames = list(
    c("-2", "-1", "0", "1"), c("A", "G"))), GM11_SNP1 = structure(c(1, 
78, 296, 0, 0, 0, 1, 0), dim = c(4L, 2L), dimnames = list(c("-2", 
"-1", "0", "1"), c("A", "G"))), GM14_SNP1 = structure(c(0, 1, 
1, 3, 0, 0, 7, 158, 426, 1), dim = c(5L, 2L), dimnames = list(
    c("-3", "-2", "-1", "0", "1"), c("C", "T"))), GM17_SNP1 = structure(c(0, 
100, 466, 1), dim = c(4L, 1L), dimnames = list(c("-2", "-1", 
"0", "1"), "C")), GM22_SNP1 = structure(c(0, 57, 401, 0, 0, 0, 
0, 0), dim = c(4L, 2L), dimnames = list(c("-2", "-1", "0", "1"
), c("A", "G"))), GM26_SNP1 = structure(c(0, 48, 330, 1), dim = c(4L, 
1L), dimnames = list(c("-2", "-1", "0", "1"), "A")), GM29_SNP1 = structure(c(47, 
168, 0, 85, 121, 0), dim = 3:2, dimnames = list(c("-1", "0", 
"1"), c("A", "G"))), IM16_SNP1 = structure(c(0, 0, 227, 1, 8, 
101, 142, 0), dim = c(4L, 2L), dimnames = list(c("-2", "-1", 
"0", "1"), c("A", "G"))), IM49_SNP1 = structure(c(0, 0, 0, 0, 
0, 0, 60, 165, 302, 1, 0, 0, 0, 0, 0), dim = c(5L, 3L), dimnames = list(
    c("-3", "-2", "-1", "0", "1"), c("A", "C", "G"))), LR10_SNP1 = structure(c(0, 
4, 258, 4, 0, 3, 309, 3), dim = c(4L, 2L), dimnames = list(c("-2", 
"-1", "0", "1"), c("C", "T"))), LR11_SNP1 = structure(c(0, 0, 
196, 0, 1, 172, 181, 1), dim = c(4L, 2L), dimnames = list(c("-2", 
"-1", "0", "1"), c("A", "C"))), LR17_SNP1 = structure(c(0, 49, 
296, 410, 1, 0, 0, 0, 0, 0), dim = c(5L, 2L), dimnames = list(
    c("-3", "-2", "-1", "0", "1"), c("A", "G"))), LR20_SNP1 = structure(c(36, 
498, 0, 0, 2, 0), dim = 3:2, dimnames = list(c("-1", "0", "1"
), c("A", "G"))), LR24_SNP1 = structure(c(0, 29, 657, 1, 25, 
251, 362, 0), dim = c(4L, 2L), dimnames = list(c("-2", "-1", 
"0", "1"), c("A", "G"))), LR36_SNP1 = structure(c(0, 2, 69, 193, 
47, 0, 0, 0, 0, 22, 209, 27, 0, 0), dim = c(7L, 2L), dimnames = list(
    c("-3", "-2", "-1", "0", "1", "2", "3"), c("A", "T"))), LR40_SNP1 = structure(c(109, 
297, 35, 0), dim = c(4L, 1L), dimnames = list(c("-1", "0", "1", 
"2"), "C")), LR44_SNP1 = structure(c(0, 0, 0, 1, 0, 21, 88, 101, 
232, 2, 1, 0, 1, 7, 0), dim = c(5L, 3L), dimnames = list(c("-3", 
"-2", "-1", "0", "1"), c("-", "C", "T"))), LR46_SNP1 = structure(c(0, 
108, 142, 0, 0, 1, 245, 0), dim = c(4L, 2L), dimnames = list(
    c("-2", "-1", "0", "1"), c("G", "T"))), LR48_SNP1 = structure(c(0, 
20, 85, 119, 0, 1, 37, 50, 114, 0), dim = c(5L, 2L), dimnames = list(
    c("-3", "-2", "-1", "0", "1"), c("C", "T"))), LR49_SNP1 = structure(c(0, 
0, 2, 1, 15, 676), dim = 3:2, dimnames = list(c("-2", "-1", "0"
), c("A", "G"))), LR52_SNP1 = structure(c(0, 2, 37, 79, 136, 
0, 2, 63, 30, 4, 142, 1), dim = c(6L, 2L), dimnames = list(c("-4", 
"-3", "-2", "-1", "0", "1"), c("C", "T"))))
