Result <-
list(DEPDC2_SNP1 = structure(c(0, 0, 0, 0, 0, 246, 888, 22), dim = c(4L, 
2L), dimnames = list(c("-2", "-1", "0", "1"), c("C", "T"))), 
    GM01_SNP1 = structure(c(11, 992, 0, 0, 0, 0), dim = 3:2, dimnames = list(
        c("-1", "0", "1"), c("A", "G"))), GM07_SNP1 = structure(c(0, 
    15, 122, 216, 3, 0, 4, 256, 7, 186, 3, 0), dim = c(6L, 2L
    ), dimnames = list(c("-3", "-2", "-1", "0", "1", "2"), c("A", 
    "G"))), GM09_SNP1 = structure(c(7, 88, 4, 15, 70, 1), dim = 3:2, dimnames = list(
        c("-1", "0", "1"), c("A", "G"))), GM11_SNP1 = structure(c(1, 
    251, 431, 0, 0, 0, 0, 0), dim = c(4L, 2L), dimnames = list(
        c("-2", "-1", "0", "1"), c("A", "T"))), GM14_SNP1 = structure(c(0, 
    0, 0, 0, 1, 0, 0, 0, 0, 201, 33, 822, 1, 0, 0, 0, 0, 0, 1, 
    0, 0), dim = c(7L, 3L), dimnames = list(c("-4", "-3", "-2", 
    "-1", "0", "1", "2"), c("A", "C", "T"))), GM17_SNP1 = structure(c(0, 
    0, 0, 0, 2, 198, 798, 0), dim = c(4L, 2L), dimnames = list(
        c("-2", "-1", "0", "1"), c("A", "T"))), GM22_SNP1 = structure(c(3, 
    350, 1, 0, 318, 0), dim = 3:2, dimnames = list(c("-1", "0", 
    "1"), c("A", "G"))), GM26_SNP1 = structure(c(0, 1, 269, 0, 
    0, 107, 175, 0, 0, 1, 0, 0), dim = 4:3, dimnames = list(c("-2", 
    "-1", "0", "1"), c("A", "G", "T"))), GM29_SNP1 = structure(c(0, 
    0, 1, 0, 0, 264, 371, 0), dim = c(4L, 2L), dimnames = list(
        c("-2", "-1", "0", "1"), c("A", "G"))), IM16_SNP1 = structure(c(166, 
    248, 0, 18, 398, 0, 0, 1, 0), dim = c(3L, 3L), dimnames = list(
        c("-1", "0", "1"), c("A", "G", "T"))), IM49_SNP1 = structure(c(0, 
    5, 230, 300, 2, 0, 5, 200, 285, 0, 0, 0, 0, 0, 0), dim = c(5L, 
    3L), dimnames = list(c("-3", "-2", "-1", "0", "1"), c("C", 
    "G", "T"))), LR10_SNP1 = structure(c(3, 178, 256, 2, 0, 0, 
    1, 500, 0, 0), dim = c(5L, 2L), dimnames = list(c("-2", "-1", 
    "0", "1", "2"), c("C", "T"))), LR11_SNP1 = structure(c(0, 
    1, 0, 0, 1, 176, 659, 0), dim = c(4L, 2L), dimnames = list(
        c("-2", "-1", "0", "1"), c("A", "C"))), LR17_SNP1 = structure(c(0, 
    6, 617, 880, 3, 0, 0, 0, 0, 0), dim = c(5L, 2L), dimnames = list(
        c("-3", "-2", "-1", "0", "1"), c("A", "G"))), LR20_SNP1 = structure(c(1, 
    86, 322, 0, 0, 1, 387, 0), dim = c(4L, 2L), dimnames = list(
        c("-2", "-1", "0", "1"), c("A", "G"))), LR24_SNP1 = structure(c(0, 
    5, 0, 24, 2084, 0), dim = 3:2, dimnames = list(c("-1", "0", 
    "1"), c("A", "G"))), LR36_SNP1 = structure(c(0, 0, 0, 0, 
    0, 0, 0, 1, 5, 6, 204, 328, 0, 0, 0, 0, 0, 0, 0, 0, 0, 0, 
    0, 0, 28, 445, 2, 0), dim = c(7L, 4L), dimnames = list(c("-4", 
    "-3", "-2", "-1", "0", "1", "6"), c("-", "A", "G", "T"))), 
    LR40_SNP1 = structure(c(2, 137, 585, 0), dim = c(4L, 1L), dimnames = list(
        c("-2", "-1", "0", "1"), "C")), LR44_SNP1 = structure(c(0, 
    1, 10, 248, 2, 0, 0, 0, 0, 0, 0, 2, 114, 156, 3), dim = c(5L, 
    3L), dimnames = list(c("-3", "-2", "-1", "0", "1"), c("C", 
    "G", "T"))), LR46_SNP1 = structure(c(0, 153, 7, 571, 0, 0, 
    0, 0, 1, 0), dim = c(5L, 2L), dimnames = list(c("-3", "-2", 
    "-1", "0", "1"), c("G", "T"))), LR48_SNP1 = structure(c(0, 
    24, 242, 446, 1), dim = c(5L, 1L), dimnames = list(c("-3", 
    "-2", "-1", "0", "1"), "C")), LR49_SNP1 = structure(c(0, 
    1, 0, 0, 0, 0, 0, 0, 1, 229, 870, 0, 0, 0, 0, 0), dim = c(4L, 
    4L), dimnames = list(c("-2", "-1", "0", "1"), c("A", "C", 
    "G", "T"))), LR52_SNP1 = structure(c(5, 232, 84, 24, 394, 
    1, 0, 0, 1, 0, 3, 0), dim = c(6L, 2L), dimnames = list(c("-4", 
    "-3", "-2", "-1", "0", "1"), c("C", "T"))))
