Result <-
list(DEPDC2_SNP1 = structure(c(4, 283, 2, 1, 280, 1), dim = 3:2, dimnames = list(
    c("-1", "0", "1"), c("C", "T"))), GM01_SNP1 = structure(c(0, 
3, 0, 4, 516, 0), dim = 3:2, dimnames = list(c("-1", "0", "1"
), c("A", "G"))), GM07_SNP1 = structure(c(2, 48, 108, 107, 0, 
0, 0, 4, 112, 95, 1, 0, 0, 0, 1, 0, 0, 0), dim = c(6L, 3L), dimnames = list(
    c("-3", "-2", "-1", "0", "1", "2"), c("A", "G", "T"))), GM09_SNP1 = structure(c(0, 
0, 3, 0, 0, 24, 599, 1, 0, 0, 1, 0), dim = 4:3, dimnames = list(
    c("-2", "-1", "0", "1"), c("A", "G", "T"))), GM11_SNP1 = structure(c(6, 
265, 18, 0, 3, 0), dim = 3:2, dimnames = list(c("-1", "0", "1"
), c("A", "G"))), GM14_SNP1 = structure(c(0, 0, 0, 0, 0, 1, 44, 
158, 457, 0, 0, 0, 0, 2, 0), dim = c(5L, 3L), dimnames = list(
    c("-3", "-2", "-1", "0", "1"), c("-", "C", "T"))), GM17_SNP1 = structure(c(0, 
0, 0, 0, 0, 0, 3, 0, 3, 63, 429, 1), dim = 4:3, dimnames = list(
    c("-2", "-1", "0", "1"), c("A", "C", "T"))), GM22_SNP1 = structure(c(0, 
2, 363, 0, 0, 0, 1, 0), dim = c(4L, 2L), dimnames = list(c("-2", 
"-1", "0", "1"), c("A", "G"))), GM26_SNP1 = structure(c(1, 79, 
194, 1, 0, 0, 1, 0), dim = c(4L, 2L), dimnames = list(c("-2", 
"-1", "0", "1"), c("A", "G"))), GM29_SNP1 = structure(c(0, 5, 
165, 15, 0, 3, 187, 0), dim = c(4L, 2L), dimnames = list(c("-2", 
"-1", "0", "1"), c("A", "G"))), IM16_SNP1 = structure(c(0, 1, 
128, 87, 0, 0, 0, 6, 234, 0, 0, 0, 0, 0, 0), dim = c(5L, 3L), dimnames = list(
    c("-3", "-2", "-1", "0", "1"), c("A", "G", "T"))), IM49_SNP1 = structure(c(1, 
173, 6, 162, 1, 0, 1, 86, 85, 110, 2, 0), dim = c(6L, 2L), dimnames = list(
    c("-3", "-2", "-1", "0", "1", "2"), c("C", "G"))), LR10_SNP1 = structure(c(0, 
112, 111, 1, 1, 14, 249, 0), dim = c(4L, 2L), dimnames = list(
    c("-2", "-1", "0", "1"), c("C", "T"))), LR11_SNP1 = structure(c(0, 
1, 0, 0, 0, 0, 0, 23, 332, 101, 0, 0, 0, 0, 0, 0, 0, 0), dim = c(6L, 
3L), dimnames = list(c("-2", "-1", "0", "1", "2", "3"), c("A", 
"C", "T"))), LR17_SNP1 = structure(c(0, 271, 275, 411, 1, 0), dim = c(6L, 
1L), dimnames = list(c("-3", "-2", "-1", "0", "1", "2"), "A")), 
    LR20_SNP1 = structure(c(1, 237, 0, 1, 141, 0), dim = 3:2, dimnames = list(
        c("-1", "0", "1"), c("A", "G"))), LR24_SNP1 = structure(c(0, 
    8, 621, 0, 2, 300, 305, 0), dim = c(4L, 2L), dimnames = list(
        c("-2", "-1", "0", "1"), c("A", "G"))), LR36_SNP1 = structure(c(0, 
    0, 49, 105, 152, 1, 0, 1, 36, 113, 148, 1), dim = c(6L, 2L
    ), dimnames = list(c("-4", "-3", "-2", "-1", "0", "1"), c("A", 
    "T"))), LR40_SNP1 = structure(c(0, 0, 0, 49, 313, 1), dim = 3:2, dimnames = list(
        c("-1", "0", "1"), c("A", "C"))), LR44_SNP1 = structure(c(0, 
    0, 0, 3, 0, 0, 11, 71, 73, 283, 40, 0), dim = c(6L, 2L), dimnames = list(
        c("-3", "-2", "-1", "0", "1", "2"), c("C", "T"))), LR46_SNP1 = structure(c(1, 
    226, 0, 0, 255, 0), dim = 3:2, dimnames = list(c("-1", "0", 
    "1"), c("G", "T"))), LR48_SNP1 = structure(c(0, 0, 26, 123, 
    1, 0, 0, 117, 59, 1), dim = c(5L, 2L), dimnames = list(c("-3", 
    "-2", "-1", "0", "1"), c("C", "T"))), LR49_SNP1 = structure(c(0, 
    2, 0, 3, 565, 1), dim = 3:2, dimnames = list(c("-1", "0", 
    "1"), c("A", "G"))), LR52_SNP1 = structure(c(0, 42, 141, 
    36, 180, 1, 1, 0, 0, 0, 0, 0, 4, 0, 0, 0), dim = c(8L, 2L
    ), dimnames = list(c("-4", "-3", "-2", "-1", "0", "1", "2", 
    "3"), c("C", "T"))))
