Result <-
list(DEPDC2_SNP1 = structure(c(45, 935, 2), dim = c(3L, 1L), dimnames = list(
    c("-1", "0", "1"), "T")), GM01_SNP1 = structure(c(0, 8, 363, 
0, 0, 0, 377, 1), dim = c(4L, 2L), dimnames = list(c("-2", "-1", 
"0", "1"), c("A", "G"))), GM07_SNP1 = structure(c(0, 0, 0, 1, 
0, 0, 1, 202, 40, 410, 1, 1), dim = c(6L, 2L), dimnames = list(
    c("-3", "-2", "-1", "0", "1", "2"), c("A", "G"))), GM09_SNP1 = structure(c(12, 
45, 1, 19, 41, 3), dim = 3:2, dimnames = list(c("-1", "0", "1"
), c("A", "G"))), GM11_SNP1 = structure(c(0, 124, 406, 0), dim = c(4L, 
1L), dimnames = list(c("-2", "-1", "0", "1"), "A")), GM14_SNP1 = structure(c(2, 
129, 50, 494, 0), dim = c(5L, 1L), dimnames = list(c("-3", "-2", 
"-1", "0", "1"), "C")), GM17_SNP1 = structure(c(4, 363, 1, 0, 
1, 310, 49, 1), dim = c(4L, 2L), dimnames = list(c("-1", "0", 
"1", "2"), c("C", "T"))), GM22_SNP1 = structure(c(0, 6, 531, 
1), dim = c(4L, 1L), dimnames = list(c("-2", "-1", "0", "1"), 
    "A")), GM26_SNP1 = structure(c(0, 0, 59, 369, 0, 0, 0, 0, 
1, 0), dim = c(5L, 2L), dimnames = list(c("-3", "-2", "-1", "0", 
"1"), c("A", "G"))), GM29_SNP1 = structure(c(0, 2, 52, 200, 0, 
0, 2, 58, 173, 0), dim = c(5L, 2L), dimnames = list(c("-3", "-2", 
"-1", "0", "1"), c("A", "G"))), IM16_SNP1 = structure(c(0, 3, 
289, 2, 1, 73, 249, 0), dim = c(4L, 2L), dimnames = list(c("-2", 
"-1", "0", "1"), c("A", "G"))), IM49_SNP1 = structure(c(0, 67, 
69, 463, 2, 0, 0, 0, 0, 2, 0, 0), dim = c(6L, 2L), dimnames = list(
    c("-3", "-2", "-1", "0", "1", "2"), c("C", "G"))), LR10_SNP1 = structure(c(5, 
342, 0, 0, 5, 323, 2, 0), dim = c(4L, 2L), dimnames = list(c("-1", 
"0", "1", "2"), c("C", "T"))), LR11_SNP1 = structure(c(0, 17, 
80, 249, 1, 0, 1, 71, 225, 0), dim = c(5L, 2L), dimnames = list(
    c("-3", "-2", "-1", "0", "1"), c("A", "C"))), LR17_SNP1 = structure(c(1, 
145, 894, 4, 0, 0, 0, 0, 0, 0), dim = c(5L, 2L), dimnames = list(
    c("-2", "-1", "0", "1", "2"), c("A", "G"))), LR20_SNP1 = structure(c(77, 
662, 1, 0, 1, 0), dim = 3:2, dimnames = list(c("-1", "0", "1"
), c("A", "G"))), LR24_SNP1 = structure(c(1, 172, 554, 0, 0, 
173, 543, 0), dim = c(4L, 2L), dimnames = list(c("-2", "-1", 
"0", "1"), c("A", "G"))), LR36_SNP1 = structure(c(0, 2, 260, 
81, 1, 39, 61, 283, 0, 0), dim = c(5L, 2L), dimnames = list(c("-2", 
"-1", "0", "1", "2"), c("A", "T"))), LR40_SNP1 = structure(c(5, 
146, 477, 3), dim = c(4L, 1L), dimnames = list(c("-2", "-1", 
"0", "1"), "C")), LR44_SNP1 = structure(c(3, 103, 22, 280, 1, 
0, 3, 0, 8, 0), dim = c(5L, 2L), dimnames = list(c("-3", "-2", 
"-1", "0", "1"), c("C", "T"))), LR46_SNP1 = structure(c(65, 493, 
0), dim = c(3L, 1L), dimnames = list(c("-1", "0", "1"), "G")), 
    LR48_SNP1 = structure(c(55, 1, 230, 0, 0, 1, 77, 223, 0, 
    0), dim = c(5L, 2L), dimnames = list(c("-2", "-1", "0", "1", 
    "2"), c("C", "T"))), LR49_SNP1 = structure(c(0, 6, 385, 123, 
    306, 2, 0, 0, 0), dim = c(3L, 3L), dimnames = list(c("-2", 
    "-1", "0"), c("A", "G", "T"))), LR52_SNP1 = structure(c(6, 
    55, 16, 193, 2, 26, 38, 4, 194, 1), dim = c(5L, 2L), dimnames = list(
        c("-3", "-2", "-1", "0", "1"), c("C", "T"))))
