Result <-
list(DEPDC2_SNP1 = structure(c(0, 0, 0, 0, 1, 421, 1584, 7), dim = c(4L, 
2L), dimnames = list(c("-2", "-1", "0", "1"), c("C", "T"))), 
    GM01_SNP1 = structure(c(5, 897, 3, 3, 557, 1), dim = 3:2, dimnames = list(
        c("-1", "0", "1"), c("A", "G"))), GM07_SNP1 = structure(c(0, 
    0, 0, 0, 0, 0, 353, 324, 772, 12, 0, 0, 0, 1, 0), dim = c(5L, 
    3L), dimnames = list(c("-3", "-2", "-1", "0", "1"), c("-", 
    "A", "G"))), GM09_SNP1 = structure(c(0, 0, 4, 0, 0, 0, 1, 
    0, 0, 32, 2148, 1, 0, 0, 0, 0), dim = c(4L, 4L), dimnames = list(
        c("-2", "-1", "0", "1"), c("A", "C", "G", "T"))), GM11_SNP1 = structure(c(0, 
    259, 1100, 1), dim = c(4L, 1L), dimnames = list(c("-2", "-1", 
    "0", "1"), "A")), GM14_SNP1 = structure(c(8, 367, 454, 2, 
    1, 5, 362, 419, 0, 0), dim = c(5L, 2L), dimnames = list(c("-2", 
    "-1", "0", "1", "2"), c("C", "T"))), GM17_SNP1 = structure(c(0, 
    13, 1646, 1, 0, 0, 1, 0), dim = c(4L, 2L), dimnames = list(
        c("-2", "-1", "0", "1"), c("C", "T"))), GM22_SNP1 = structure(c(0, 
    10, 794, 3, 0, 10, 678, 0), dim = c(4L, 2L), dimnames = list(
        c("-2", "-1", "0", "1"), c("A", "G"))), GM26_SNP1 = structure(c(4, 
    688, 2, 6, 664, 2), dim = 3:2, dimnames = list(c("-1", "0", 
    "1"), c("A", "G"))), GM29_SNP1 = structure(c(14, 511, 0, 
    0, 0, 0, 9, 517, 1), dim = c(3L, 3L), dimnames = list(c("-1", 
    "0", "1"), c("A", "C", "G"))), IM16_SNP1 = structure(c(3, 
    358, 1224, 6, 0), dim = c(5L, 1L), dimnames = list(c("-2", 
    "-1", "0", "1", "2"), "G")), IM49_SNP1 = structure(c(8, 250, 
    338, 2, 0, 52, 465, 4), dim = c(4L, 2L), dimnames = list(
        c("-2", "-1", "0", "1"), c("C", "G"))), LR10_SNP1 = structure(c(0, 
    0, 1, 0, 0, 1, 162, 1641, 1, 0), dim = c(5L, 2L), dimnames = list(
        c("-2", "-1", "0", "1", "2"), c("C", "T"))), LR11_SNP1 = structure(c(0, 
    0, 0, 0, 0, 0, 0, 0, 0, 0, 0, 0, 0, 1, 31, 1590, 6, 0), dim = c(6L, 
    3L), dimnames = list(c("-3", "-2", "-1", "0", "1", "2"), 
        c("-", "A", "C"))), LR17_SNP1 = structure(c(0, 5, 357, 
    1128, 9, 0, 0, 0, 0, 0), dim = c(5L, 2L), dimnames = list(
        c("-3", "-2", "-1", "0", "1"), c("A", "G"))), LR20_SNP1 = structure(c(0, 
    0, 3, 0, 0, 2, 232, 1195, 1, 0), dim = c(5L, 2L), dimnames = list(
        c("-2", "-1", "0", "1", "2"), c("A", "G"))), LR24_SNP1 = structure(c(0, 
    0, 4, 0, 1, 407, 2085, 1), dim = c(4L, 2L), dimnames = list(
        c("-2", "-1", "0", "1"), c("A", "G"))), LR36_SNP1 = structure(c(2, 
    366, 3, 427, 1, 0, 0, 0, 0, 0, 2, 12, 298, 434, 5), dim = c(5L, 
    3L), dimnames = list(c("-3", "-2", "-1", "0", "1"), c("A", 
    "G", "T"))), LR40_SNP1 = structure(c(0, 0, 0, 0, 10, 281, 
    1089, 3), dim = c(4L, 2L), dimnames = list(c("-2", "-1", 
    "0", "1"), c("A", "C"))), LR44_SNP1 = structure(c(0, 0, 0, 
    0, 0, 0, 0, 3, 245, 42, 13, 281, 5, 1, 0, 2, 56, 53, 534, 
    4, 0), dim = c(7L, 3L), dimnames = list(c("-4", "-3", "-2", 
    "-1", "0", "1", "2"), c("A", "C", "T"))), LR46_SNP1 = structure(c(1, 
    353, 1265, 2, 0, 0, 0, 0), dim = c(4L, 2L), dimnames = list(
        c("-2", "-1", "0", "1"), c("G", "T"))), LR48_SNP1 = structure(c(1, 
    2, 39, 1475, 5, 0), dim = c(6L, 1L), dimnames = list(c("-4", 
    "-2", "-1", "0", "1", "2"), "C")), LR49_SNP1 = structure(c(1, 
    64, 1772, 0, 0, 0, 2, 0, 0, 0, 0, 0), dim = 4:3, dimnames = list(
        c("-2", "-1", "0", "1"), c("A", "G", "T"))), LR52_SNP1 = structure(c(0, 
    0, 0, 0, 0, 0, 0, 0, 0, 0, 1, 0, 4, 415, 335, 61, 894, 5), dim = c(6L, 
    3L), dimnames = list(c("-4", "-3", "-2", "-1", "0", "1"), 
        c("A", "C", "T"))))
