Result <-
list(DEPDC2_SNP1 = structure(c(2, 292, 21, 0, 118, 189, 1, 0), dim = c(4L, 
2L), dimnames = list(c("-1", "0", "1", "2"), c("C", "T"))), GM01_SNP1 = structure(c(0, 
0, 3, 245, 0, 0, 0, 122, 131, 0, 0, 0, 0, 0, 0), dim = c(5L, 
3L), dimnames = list(c("-3", "-2", "-1", "0", "1"), c("A", "G", 
"T"))), GM07_SNP1 = structure(c(0, 0, 0, 0, 0, 0, 0, 2, 39, 145, 
1, 0, 0, 21, 71, 92, 1, 0), dim = c(6L, 3L), dimnames = list(
    c("-3", "-2", "-1", "0", "1", "2"), c("-", "A", "G"))), GM09_SNP1 = structure(c(10, 
353, 0, 2, 325, 0), dim = 3:2, dimnames = list(c("-1", "0", "1"
), c("A", "G"))), GM11_SNP1 = structure(c(3, 244, 1), dim = c(3L, 
1L), dimnames = list(c("-1", "0", "1"), "A")), GM14_SNP1 = structure(c(0, 
11, 63, 417, 1, 1, 0, 0, 0, 2, 0, 0), dim = c(6L, 2L), dimnames = list(
    c("-3", "-2", "-1", "0", "1", "2"), c("C", "T"))), GM17_SNP1 = structure(c(1, 
233, 0, 6, 236, 2), dim = 3:2, dimnames = list(c("-1", "0", "1"
), c("C", "T"))), GM22_SNP1 = structure(c(0, 91, 242, 0, 0, 0, 
2, 0), dim = c(4L, 2L), dimnames = list(c("-2", "-1", "0", "1"
), c("A", "G"))), GM26_SNP1 = structure(c(0, 0, 10, 119, 0, 0, 
0, 0, 139, 0, 0, 0, 0, 0, 0), dim = c(5L, 3L), dimnames = list(
    c("-3", "-2", "-1", "0", "1"), c("A", "G", "T"))), GM29_SNP1 = structure(c(1, 
15, 160, 0, 0, 3, 155, 0), dim = c(4L, 2L), dimnames = list(c("-2", 
"-1", "0", "1"), c("A", "G"))), IM16_SNP1 = structure(c(10, 150, 
15, 0, 6, 176, 1, 0, 0, 0, 0, 0), dim = 4:3, dimnames = list(
    c("-1", "0", "1", "2"), c("A", "G", "T"))), IM49_SNP1 = structure(c(0, 
10, 24, 294, 1, 0, 1, 3, 26, 296, 3, 0), dim = c(6L, 2L), dimnames = list(
    c("-3", "-2", "-1", "0", "1", "2"), c("C", "G"))), LR10_SNP1 = structure(c(2, 
99, 105, 0, 0, 0, 0, 0, 0, 4, 237, 0), dim = 4:3, dimnames = list(
    c("-2", "-1", "0", "1"), c("C", "G", "T"))), LR11_SNP1 = structure(c(0, 
0, 0, 0, 0, 0, 21, 190, 233, 1), dim = c(5L, 2L), dimnames = list(
    c("-4", "-2", "-1", "0", "1"), c("A", "C"))), LR17_SNP1 = structure(c(0, 
4, 208, 489, 3, 0), dim = c(6L, 1L), dimnames = list(c("-3", 
"-2", "-1", "0", "1", "2"), "A")), LR20_SNP1 = structure(c(38, 
429, 0, 0, 2, 0), dim = 3:2, dimnames = list(c("-1", "0", "1"
), c("A", "G"))), LR24_SNP1 = structure(c(8, 77, 1151, 1, 0, 
0, 5, 0), dim = c(4L, 2L), dimnames = list(c("-2", "-1", "0", 
"1"), c("A", "G"))), LR36_SNP1 = structure(c(1, 0, 0, 2, 0, 0, 
108, 16, 411, 1), dim = c(5L, 2L), dimnames = list(c("-3", "-2", 
"-1", "0", "1"), c("A", "T"))), LR40_SNP1 = structure(c(3, 29, 
344, 0), dim = c(4L, 1L), dimnames = list(c("-2", "-1", "0", 
"1"), "C")), LR44_SNP1 = structure(c(0, 0, 0, 0, 0, 0, 0, 0, 
0, 0, 0, 2, 0, 0, 0, 0, 0, 0, 1, 0, 0, 4, 28, 92, 30, 265, 0, 
0), dim = c(7L, 4L), dimnames = list(c("-4", "-3", "-2", "-1", 
"0", "1", "10"), c("-", "C", "G", "T"))), LR46_SNP1 = structure(c(130, 
292, 0, 1, 0, 0), dim = 3:2, dimnames = list(c("-1", "0", "1"
), c("G", "T"))), LR48_SNP1 = structure(c(0, 18, 158, 1, 0, 20, 
157, 0), dim = c(4L, 2L), dimnames = list(c("-2", "-1", "0", 
"1"), c("C", "T"))), LR49_SNP1 = structure(c(0, 2, 2, 1, 189, 
428), dim = 3:2, dimnames = list(c("-2", "-1", "0"), c("A", "G"
))), LR52_SNP1 = structure(c(0, 72, 5, 2, 77, 0, 0, 0, 24, 58, 
3, 78, 0, 0), dim = c(7L, 2L), dimnames = list(c("-4", "-3", 
"-2", "-1", "0", "1", "2"), c("C", "T"))))
