Result <-
list(DEPDC2_SNP1 = structure(c(0, 3, 563, 1, 0, 29, 475, 0), dim = c(4L, 
2L), dimnames = list(c("-4", "-1", "0", "1"), c("C", "T"))), 
    GM01_SNP1 = structure(c(0, 2, 479, 1, 0, 27, 419, 0), dim = c(4L, 
    2L), dimnames = list(c("-2", "-1", "0", "1"), c("A", "G"))), 
    GM07_SNP1 = structure(c(0, 0, 0, 0, 0, 0, 0, 0, 23, 319, 
    4, 0, 0, 15, 9, 319, 6, 0), dim = c(6L, 3L), dimnames = list(
        c("-3", "-2", "-1", "0", "1", "2"), c("-", "A", "G"))), 
    GM09_SNP1 = structure(c(0, 2, 0, 2, 1116, 27, 0, 0, 0), dim = c(3L, 
    3L), dimnames = list(c("-1", "0", "1"), c("A", "G", "T"))), 
    GM11_SNP1 = structure(c(20, 537, 2), dim = c(3L, 1L), dimnames = list(
        c("-1", "0", "1"), "A")), GM14_SNP1 = structure(c(0, 
    49, 6, 835, 1), dim = c(5L, 1L), dimnames = list(c("-3", 
    "-2", "-1", "0", "1"), "C")), GM17_SNP1 = structure(c(0, 
    26, 384, 1, 0, 32, 376, 1), dim = c(4L, 2L), dimnames = list(
        c("-2", "-1", "0", "1"), c("C", "T"))), GM22_SNP1 = structure(c(0, 
    31, 598, 1, 0), dim = c(5L, 1L), dimnames = list(c("-2", 
    "-1", "0", "1", "2"), "A")), GM26_SNP1 = structure(c(0, 2, 
    265, 1, 0, 0, 237, 0), dim = c(4L, 2L), dimnames = list(c("-2", 
    "-1", "0", "1"), c("A", "G"))), GM29_SNP1 = structure(c(12, 
    4, 584, 1, 0, 0, 1, 0), dim = c(4L, 2L), dimnames = list(
        c("-2", "-1", "0", "1"), c("A", "G"))), IM16_SNP1 = structure(c(1, 
    17, 328, 2, 0, 0, 18, 357, 0, 0), dim = c(5L, 2L), dimnames = list(
        c("-2", "-1", "0", "1", "2"), c("A", "G"))), IM49_SNP1 = structure(c(0, 
    0, 0, 0, 0, 0, 1, 36, 9, 759, 11, 0), dim = c(6L, 2L), dimnames = list(
        c("-3", "-2", "-1", "0", "1", "2"), c("C", "G"))), LR10_SNP1 = structure(c(0, 
    36, 786, 1, 0, 1, 1, 0), dim = c(4L, 2L), dimnames = list(
        c("-2", "-1", "0", "1"), c("C", "T"))), LR11_SNP1 = structure(c(0, 
    23, 422, 1, 0, 0, 19, 347, 1, 0), dim = c(5L, 2L), dimnames = list(
        c("-2", "-1", "0", "1", "2"), c("A", "C"))), LR17_SNP1 = structure(c(2, 
    73, 1197, 5, 0, 0, 0, 0, 0, 0), dim = c(5L, 2L), dimnames = list(
        c("-2", "-1", "0", "1", "2"), c("A", "G"))), LR20_SNP1 = structure(c(0, 
    2, 0, 2, 787, 0), dim = 3:2, dimnames = list(c("-1", "0", 
    "1"), c("A", "G"))), LR24_SNP1 = structure(c(0, 0, 8, 0, 
    0, 0, 0, 0, 1, 62, 1793, 1), dim = 4:3, dimnames = list(c("-2", 
    "-1", "0", "1"), c("A", "C", "G"))), LR36_SNP1 = structure(c(0, 
    0, 0, 0, 0, 0, 1, 32, 510, 1, 0, 0, 0, 48, 0), dim = c(5L, 
    3L), dimnames = list(c("-3", "-2", "-1", "0", "1"), c("-", 
    "A", "T"))), LR40_SNP1 = structure(c(0, 0, 0, 20, 656, 1), dim = 3:2, dimnames = list(
        c("-1", "0", "1"), c("A", "C"))), LR44_SNP1 = structure(c(0, 
    16, 5, 231, 1, 0, 0, 0, 4, 0, 0, 20, 11, 266, 0), dim = c(5L, 
    3L), dimnames = list(c("-3", "-2", "-1", "0", "1"), c("C", 
    "G", "T"))), LR46_SNP1 = structure(c(0, 18, 628, 1), dim = c(4L, 
    1L), dimnames = list(c("-2", "-1", "0", "1"), "G")), LR48_SNP1 = structure(c(1, 
    18, 13, 613, 2, 0, 0, 0, 0, 0), dim = c(5L, 2L), dimnames = list(
        c("-3", "-2", "-1", "0", "1"), c("C", "T"))), LR49_SNP1 = structure(c(1, 
    508, 0, 0, 0, 0, 2, 489, 0), dim = c(3L, 3L), dimnames = list(
        c("-1", "0", "1"), c("A", "C", "G"))), LR52_SNP1 = structure(c(0, 
    36, 7, 27, 606, 3, 0, 0, 0, 0, 4, 0), dim = c(6L, 2L), dimnames = list(
        c("-4", "-3", "-2", "-1", "0", "1"), c("C", "T"))))
