Result <-
list(DEPDC2_SNP1 = structure(c(23, 734, 3), dim = c(3L, 1L), dimnames = list(
    c("-1", "0", "1"), "T")), GM01_SNP1 = structure(c(0, 0, 0, 
3, 640, 0, 0, 0, 0), dim = c(3L, 3L), dimnames = list(c("-1", 
"0", "1"), c("-", "A", "G"))), GM07_SNP1 = structure(c(0, 0, 
2, 0, 0, 15, 130, 371, 6, 0), dim = c(5L, 2L), dimnames = list(
    c("-2", "-1", "0", "1", "2"), c("A", "G"))), GM09_SNP1 = structure(c(0, 
0, 1, 0, 0, 92, 645, 0), dim = c(4L, 2L), dimnames = list(c("-2", 
"-1", "0", "1"), c("A", "G"))), GM11_SNP1 = structure(c(85, 371, 
0), dim = c(3L, 1L), dimnames = list(c("-1", "0", "1"), "A")), 
    GM14_SNP1 = structure(c(3, 60, 525, 1, 0, 0, 1, 0), dim = c(4L, 
    2L), dimnames = list(c("-2", "-1", "0", "1"), c("C", "T"))), 
    GM17_SNP1 = structure(c(0, 93, 562, 1, 0, 0, 0, 0), dim = c(4L, 
    2L), dimnames = list(c("-2", "-1", "0", "1"), c("C", "T"))), 
    GM22_SNP1 = structure(c(0, 1, 227, 0, 0, 1, 210, 0), dim = c(4L, 
    2L), dimnames = list(c("-2", "-1", "0", "1"), c("A", "G"))), 
    GM26_SNP1 = structure(c(0, 12, 154, 0, 0, 0, 2, 170, 4, 0
    ), dim = c(5L, 2L), dimnames = list(c("-2", "-1", "0", "1", 
    "2"), c("A", "G"))), GM29_SNP1 = structure(c(39, 415, 0, 
    0, 2, 0), dim = 3:2, dimnames = list(c("-1", "0", "1"), c("A", 
    "G"))), IM16_SNP1 = structure(c(0, 76, 211, 2, 0, 0, 79, 
    173, 0, 0), dim = c(5L, 2L), dimnames = list(c("-2", "-1", 
    "0", "1", "2"), c("A", "G"))), IM49_SNP1 = structure(c(0, 
    0, 0, 0, 0, 0, 17, 193, 440, 1), dim = c(5L, 2L), dimnames = list(
        c("-3", "-2", "-1", "0", "1"), c("C", "G"))), LR10_SNP1 = structure(c(0, 
    1, 0, 2, 618, 2), dim = 3:2, dimnames = list(c("-1", "0", 
    "1"), c("C", "T"))), LR11_SNP1 = structure(c(0, 10, 338, 
    0, 0, 23, 215, 0, 0, 1, 0, 0), dim = 4:3, dimnames = list(
        c("-2", "-1", "0", "1"), c("A", "C", "T"))), LR17_SNP1 = structure(c(1, 
    65, 926, 1, 0, 0, 0, 0, 0, 0, 0, 0), dim = 4:3, dimnames = list(
        c("-2", "-1", "0", "1"), c("A", "G", "T"))), LR20_SNP1 = structure(c(102, 
    542, 0, 0, 3, 0), dim = 3:2, dimnames = list(c("-1", "0", 
    "1"), c("A", "G"))), LR24_SNP1 = structure(c(33, 104, 562, 
    0, 0, 0, 51, 670, 0, 0), dim = c(5L, 2L), dimnames = list(
        c("-2", "-1", "0", "1", "2"), c("A", "G"))), LR36_SNP1 = structure(c(0, 
    4, 116, 250, 0, 1, 0, 4, 305, 0), dim = c(5L, 2L), dimnames = list(
        c("-3", "-2", "-1", "0", "1"), c("A", "T"))), LR40_SNP1 = structure(c(5, 
    223, 1, 18, 213, 0), dim = 3:2, dimnames = list(c("-1", "0", 
    "1"), c("A", "C"))), LR44_SNP1 = structure(c(3, 56, 49, 264, 
    0, 0, 0, 0, 0, 1, 0, 0, 0, 0, 1, 6, 0, 0), dim = c(6L, 3L
    ), dimnames = list(c("-3", "-2", "-1", "0", "1", "4"), c("C", 
    "G", "T"))), LR46_SNP1 = structure(c(0, 0, 0, 0, 223, 0, 
    0, 278, 0), dim = c(3L, 3L), dimnames = list(c("-1", "0", 
    "1"), c("A", "G", "T"))), LR48_SNP1 = structure(c(0, 2, 69, 
    382, 0, 0), dim = c(6L, 1L), dimnames = list(c("-3", "-2", 
    "-1", "0", "1", "2"), "C")), LR49_SNP1 = structure(c(0, 1, 
    101, 238, 14, 8, 109, 245), dim = c(4L, 2L), dimnames = list(
        c("-3", "-2", "-1", "0"), c("A", "G"))), LR52_SNP1 = structure(c(0, 
    0, 0, 0, 0, 0, 0, 0, 2, 42, 40, 49, 308, 1), dim = c(7L, 
    2L), dimnames = list(c("-5", "-4", "-3", "-2", "-1", "0", 
    "1"), c("C", "T"))))
