Result <-
list(DEPDC2_SNP1 = structure(c(1, 169, 54, 2, 0, 0, 0, 0, 0, 
306, 1, 0), dim = 4:3, dimnames = list(c("-1", "0", "1", "2"), 
    c("C", "G", "T"))), GM01_SNP1 = structure(c(0, 0, 0, 3, 390, 
0, 0, 2, 0), dim = c(3L, 3L), dimnames = list(c("-1", "0", "1"
), c("-", "A", "G"))), GM07_SNP1 = structure(c(0, 0, 0, 0, 0, 
0, 3, 138, 150, 0, 0, 0, 0, 1, 0), dim = c(5L, 3L), dimnames = list(
    c("-3", "-2", "-1", "0", "1"), c("-", "A", "G"))), GM09_SNP1 = structure(c(3, 
361, 0, 0, 192, 0), dim = 3:2, dimnames = list(c("-1", "0", "1"
), c("A", "G"))), GM11_SNP1 = structure(c(18, 24, 51, 0, 0, 2, 
98, 0), dim = c(4L, 2L), dimnames = list(c("-2", "-1", "0", "1"
), c("A", "G"))), GM14_SNP1 = structure(c(2, 131, 56, 254, 2, 
0, 0, 0, 1, 0), dim = c(5L, 2L), dimnames = list(c("-3", "-2", 
"-1", "0", "1"), c("C", "T"))), GM17_SNP1 = structure(c(0, 7, 
371, 0, 0, 0, 3, 0), dim = c(4L, 2L), dimnames = list(c("-2", 
"-1", "0", "1"), c("C", "T"))), GM22_SNP1 = structure(c(0, 0, 
242, 0, 0, 0, 0, 0), dim = c(4L, 2L), dimnames = list(c("-2", 
"-1", "0", "1"), c("A", "T"))), GM26_SNP1 = structure(c(1, 45, 
48, 0, 0, 0, 100, 0), dim = c(4L, 2L), dimnames = list(c("-2", 
"-1", "0", "1"), c("A", "G"))), GM29_SNP1 = structure(c(6, 273, 
0), dim = c(3L, 1L), dimnames = list(c("-1", "0", "1"), "A")), 
    IM16_SNP1 = structure(c(1, 102, 71, 0, 0, 5, 164, 2), dim = c(4L, 
    2L), dimnames = list(c("-2", "-1", "0", "1"), c("A", "G"))), 
    IM49_SNP1 = structure(c(0, 49, 85, 284, 0, 0, 0, 1, 24, 369, 
    4, 0), dim = c(6L, 2L), dimnames = list(c("-3", "-2", "-1", 
    "0", "1", "2"), c("C", "G"))), LR10_SNP1 = structure(c(0, 
    0, 0, 0, 0, 2, 161, 1, 0, 15, 148, 0), dim = 4:3, dimnames = list(
        c("-2", "-1", "0", "1"), c("A", "C", "T"))), LR11_SNP1 = structure(c(0, 
    0, 13, 305, 2, 0, 0, 1, 35, 186, 1, 0), dim = c(6L, 2L), dimnames = list(
        c("-3", "-2", "-1", "0", "1", "2"), c("A", "C"))), LR17_SNP1 = structure(c(8, 
    137, 537, 3, 0, 0, 0, 0, 0, 0, 0, 0, 0, 0, 0), dim = c(5L, 
    3L), dimnames = list(c("-2", "-1", "0", "1", "2"), c("A", 
    "G", "T"))), LR20_SNP1 = structure(c(28, 109, 0, 1, 176, 
    0), dim = 3:2, dimnames = list(c("-1", "0", "1"), c("A", 
    "G"))), LR24_SNP1 = structure(c(0, 0, 0, 0, 5, 0, 28, 1256, 
    0, 0, 0, 0), dim = 3:4, dimnames = list(c("-1", "0", "1"), 
        c("-", "A", "G", "T"))), LR36_SNP1 = structure(c(0, 0, 
    0, 0, 0, 0, 0, 0, 0, 66, 66, 0, 147, 1, 0, 0, 0, 1, 64, 194, 
    1), dim = c(7L, 3L), dimnames = list(c("-5", "-4", "-3", 
    "-2", "-1", "0", "1"), c("-", "A", "T"))), LR40_SNP1 = structure(c(0, 
    67, 175, 1), dim = c(4L, 1L), dimnames = list(c("-2", "-1", 
    "0", "1"), "C")), LR44_SNP1 = structure(c(0, 1, 0, 0, 0, 
    0, 30, 67, 1, 55, 1, 0, 0, 9, 111, 77, 0, 1), dim = c(6L, 
    3L), dimnames = list(c("-3", "-2", "-1", "0", "1", "6"), 
        c("A", "C", "T"))), LR46_SNP1 = structure(c(14, 83, 0, 
    59, 48, 0), dim = 3:2, dimnames = list(c("-1", "0", "1"), 
        c("G", "T"))), LR48_SNP1 = structure(c(1, 64, 75, 116, 
    0, 0, 0, 0, 1, 0), dim = c(5L, 2L), dimnames = list(c("-3", 
    "-2", "-1", "0", "1"), c("C", "T"))), LR49_SNP1 = structure(c(0, 
    3, 0, 0, 0, 0, 103, 456, 0), dim = c(3L, 3L), dimnames = list(
        c("-1", "0", "1"), c("A", "C", "G"))), LR52_SNP1 = structure(c(0, 
    2, 51, 1, 4, 51, 0, 0, 0, 4, 23, 31, 53, 0), dim = c(7L, 
    2L), dimnames = list(c("-5", "-4", "-3", "-2", "-1", "0", 
    "1"), c("C", "T"))))
