Result <-
list(DEPDC2_SNP1 = structure(c(0, 0, 0, 0, 0, 0, 12, 523, 1), dim = c(3L, 
3L), dimnames = list(c("-1", "0", "1"), c("A", "C", "T"))), GM01_SNP1 = structure(c(7, 
220, 0, 2, 255, 0), dim = 3:2, dimnames = list(c("-1", "0", "1"
), c("A", "G"))), GM07_SNP1 = structure(c(1, 38, 103, 1, 0, 18, 
164, 1, 0, 0, 0, 0), dim = 4:3, dimnames = list(c("-2", "-1", 
"0", "1"), c("A", "G", "T"))), GM09_SNP1 = structure(c(4, 336, 
0, 0, 317, 0), dim = 3:2, dimnames = list(c("-1", "0", "1"), 
    c("A", "G"))), GM11_SNP1 = structure(c(20, 1, 178, 0), dim = c(4L, 
1L), dimnames = list(c("-2", "-1", "0", "1"), "G")), GM14_SNP1 = structure(c(0, 
0, 2, 0, 0, 62, 386, 0), dim = c(4L, 2L), dimnames = list(c("-2", 
"-1", "0", "1"), c("C", "T"))), GM17_SNP1 = structure(c(1, 55, 
364, 0), dim = c(4L, 1L), dimnames = list(c("-2", "-1", "0", 
"1"), "C")), GM22_SNP1 = structure(c(0, 0, 148, 0, 1, 16, 102, 
0), dim = c(4L, 2L), dimnames = list(c("-2", "-1", "0", "1"), 
    c("A", "G"))), GM26_SNP1 = structure(c(0, 20, 167, 0), dim = c(4L, 
1L), dimnames = list(c("-2", "-1", "0", "1"), "G")), GM29_SNP1 = structure(c(6, 
311, 0), dim = c(3L, 1L), dimnames = list(c("-1", "0", "1"), 
    "A")), IM16_SNP1 = structure(c(8, 37, 106, 0, 0, 0, 140, 
0), dim = c(4L, 2L), dimnames = list(c("-2", "-1", "0", "1"), 
    c("A", "G"))), IM49_SNP1 = structure(c(4, 94, 260, 0, 0, 
0, 6, 332, 1, 0, 0, 0, 0, 0, 0), dim = c(5L, 3L), dimnames = list(
    c("-2", "-1", "0", "1", "2"), c("C", "G", "T"))), LR10_SNP1 = structure(c(0, 
1, 201, 1, 0, 0, 0, 192, 0, 0), dim = c(5L, 2L), dimnames = list(
    c("-2", "-1", "0", "1", "2"), c("C", "T"))), LR11_SNP1 = structure(c(0, 
0, 1, 0, 9, 51, 369, 0), dim = c(4L, 2L), dimnames = list(c("-2", 
"-1", "0", "1"), c("A", "C"))), LR17_SNP1 = structure(c(0, 14, 
152, 502, 3, 0, 0, 0, 0, 0, 0, 0), dim = c(6L, 2L), dimnames = list(
    c("-3", "-2", "-1", "0", "1", "2"), c("A", "G"))), LR20_SNP1 = structure(c(46, 
121, 0, 0, 163, 0), dim = 3:2, dimnames = list(c("-1", "0", "1"
), c("A", "G"))), LR24_SNP1 = structure(c(2, 163, 448, 0, 1, 
178, 488, 0), dim = c(4L, 2L), dimnames = list(c("-2", "-1", 
"0", "1"), c("A", "G"))), LR36_SNP1 = structure(c(0, 1, 0, 0, 
0, 0, 55, 87, 334, 2), dim = c(5L, 2L), dimnames = list(c("-3", 
"-2", "-1", "0", "1"), c("A", "T"))), LR40_SNP1 = structure(c(0, 
0, 2, 146, 0, 0, 0, 1, 119, 2), dim = c(5L, 2L), dimnames = list(
    c("-3", "-2", "-1", "0", "1"), c("A", "C"))), LR44_SNP1 = structure(c(0, 
3, 10, 151, 1, 0, 0, 0, 5, 146, 0, 0), dim = c(6L, 2L), dimnames = list(
    c("-3", "-2", "-1", "0", "1", "2"), c("C", "T"))), LR46_SNP1 = structure(c(1, 
133, 0, 1, 124, 0), dim = 3:2, dimnames = list(c("-1", "0", "1"
), c("G", "T"))), LR48_SNP1 = structure(c(3, 46, 206, 0, 0, 0, 
0, 1, 0, 0), dim = c(5L, 2L), dimnames = list(c("-2", "-1", "0", 
"1", "2"), c("C", "T"))), LR49_SNP1 = structure(c(1, 74, 168, 
0, 66, 186), dim = 3:2, dimnames = list(c("-2", "-1", "0"), c("A", 
"G"))), LR52_SNP1 = structure(c(0, 1, 10, 23, 88, 0, 0, 3, 22, 
0, 2, 72, 1, 0), dim = c(7L, 2L), dimnames = list(c("-4", "-3", 
"-2", "-1", "0", "1", "2"), c("C", "T"))))
