Result <-
list(DEPDC2_SNP1 = structure(c(0, 11, 341, 0, 0, 0, 0, 403, 0, 
0), dim = c(5L, 2L), dimnames = list(c("-2", "-1", "0", "1", 
"2"), c("C", "T"))), GM01_SNP1 = structure(c(4, 297, 0, 1, 327, 
1), dim = 3:2, dimnames = list(c("-1", "0", "1"), c("A", "G"))), 
    GM07_SNP1 = structure(c(0, 6, 158, 262, 0, 0, 0, 0, 0, 0), dim = c(5L, 
    2L), dimnames = list(c("-3", "-2", "-1", "0", "1"), c("A", 
    "G"))), GM09_SNP1 = structure(c(0, 0, 0, 18, 88, 2, 0, 0, 
    0), dim = c(3L, 3L), dimnames = list(c("-1", "0", "1"), c("A", 
    "G", "T"))), GM11_SNP1 = structure(c(2, 326, 1, 0, 0, 0), dim = 3:2, dimnames = list(
        c("-1", "0", "1"), c("A", "G"))), GM14_SNP1 = structure(c(0, 
    0, 0, 0, 0, 4, 121, 396, 1, 1, 0, 0, 1, 0, 0), dim = c(5L, 
    3L), dimnames = list(c("-2", "-1", "0", "1", "2"), c("-", 
    "C", "T"))), GM17_SNP1 = structure(c(0, 7, 280, 1, 0, 3, 
    283, 1), dim = c(4L, 2L), dimnames = list(c("-2", "-1", "0", 
    "1"), c("C", "T"))), GM22_SNP1 = structure(c(0, 1, 200, 1, 
    0, 64, 121, 0), dim = c(4L, 2L), dimnames = list(c("-2", 
    "-1", "0", "1"), c("A", "G"))), GM26_SNP1 = structure(c(36, 
    98, 0, 1, 172, 0), dim = 3:2, dimnames = list(c("-1", "0", 
    "1"), c("A", "G"))), GM29_SNP1 = structure(c(0, 0, 3, 0, 
    0, 4, 407, 2), dim = c(4L, 2L), dimnames = list(c("-2", "-1", 
    "0", "1"), c("A", "G"))), IM16_SNP1 = structure(c(3, 332, 
    70, 0, 0, 1, 0, 0), dim = c(4L, 2L), dimnames = list(c("-1", 
    "0", "1", "2"), c("A", "G"))), IM49_SNP1 = structure(c(1, 
    174, 14, 682, 79, 1, 0, 0, 0, 0, 2, 0, 0, 0), dim = c(7L, 
    2L), dimnames = list(c("-3", "-2", "-1", "0", "1", "2", "3"
    ), c("C", "G"))), LR10_SNP1 = structure(c(0, 10, 557, 0, 
    0, 0, 0, 1, 0, 0), dim = c(5L, 2L), dimnames = list(c("-2", 
    "-1", "0", "1", "2"), c("C", "T"))), LR11_SNP1 = structure(c(0, 
    0, 0, 1, 0, 0, 0, 1, 235, 382, 1, 0), dim = c(6L, 2L), dimnames = list(
        c("-3", "-2", "-1", "0", "1", "2"), c("A", "C"))), LR17_SNP1 = structure(c(0, 
    168, 187, 508, 1, 0, 0, 0, 0, 0, 0, 0, 0, 0, 0), dim = c(5L, 
    3L), dimnames = list(c("-3", "-2", "-1", "0", "1"), c("A", 
    "G", "T"))), LR20_SNP1 = structure(c(16, 224, 0, 0, 222, 
    0), dim = 3:2, dimnames = list(c("-1", "0", "1"), c("A", 
    "G"))), LR24_SNP1 = structure(c(0, 0, 0, 0, 0, 0, 1, 0, 4, 
    0, 0, 288, 5, 1417, 0), dim = c(5L, 3L), dimnames = list(
        c("-3", "-2", "-1", "0", "1"), c("-", "A", "G"))), LR36_SNP1 = structure(c(0, 
    12, 130, 237, 0, 0, 118, 3, 225, 0), dim = c(5L, 2L), dimnames = list(
        c("-3", "-2", "-1", "0", "1"), c("A", "T"))), LR40_SNP1 = structure(c(1, 
    92, 300, 1), dim = c(4L, 1L), dimnames = list(c("-2", "-1", 
    "0", "1"), "C")), LR44_SNP1 = structure(c(0, 0, 0, 0, 0, 
    6, 76, 311, 1, 1, 0, 0, 1, 0, 0, 0, 2, 6, 0, 0), dim = 5:4, dimnames = list(
        c("-2", "-1", "0", "1", "11"), c("-", "C", "G", "T"))), 
    LR46_SNP1 = structure(c(0, 2, 191, 0, 0, 62, 109, 0), dim = c(4L, 
    2L), dimnames = list(c("-2", "-1", "0", "1"), c("G", "T"))), 
    LR48_SNP1 = structure(c(0, 0, 15, 184, 0, 0, 1, 58, 113, 
    0), dim = c(5L, 2L), dimnames = list(c("-3", "-2", "-1", 
    "0", "1"), c("C", "T"))), LR49_SNP1 = structure(c(7, 798, 
    0, 0, 4, 0), dim = 3:2, dimnames = list(c("-1", "0", "1"), 
        c("A", "G"))), LR52_SNP1 = structure(c(0, 2, 141, 2, 
    9, 250, 0, 0, 0, 1, 0, 0, 1, 0), dim = c(7L, 2L), dimnames = list(
        c("-5", "-4", "-3", "-2", "-1", "0", "1"), c("C", "T"
        ))))
