Result <-
list(DEPDC2_SNP1 = structure(c(0, 0, 3, 0, 1, 0, 2, 208, 201, 
2), dim = c(5L, 2L), dimnames = list(c("-2", "-1", "0", "1", 
"2"), c("C", "T"))), GM01_SNP1 = structure(c(1, 363, 1, 0, 0, 
2, 0, 0), dim = c(4L, 2L), dimnames = list(c("-1", "0", "1", 
"2"), c("A", "G"))), GM07_SNP1 = structure(c(0, 42, 88, 0, 0, 
1, 28, 95, 2, 0), dim = c(5L, 2L), dimnames = list(c("-2", "-1", 
"0", "1", "2"), c("A", "G"))), GM09_SNP1 = structure(c(0, 6, 
50, 2, 0, 52, 18, 3), dim = c(4L, 2L), dimnames = list(c("-2", 
"-1", "0", "1"), c("A", "G"))), GM11_SNP1 = structure(c(2, 200, 
1), dim = c(3L, 1L), dimnames = list(c("-1", "0", "1"), "A")), 
    GM14_SNP1 = structure(c(0, 0, 0, 0, 0, 10, 208, 0, 0, 0, 
    0, 0, 0, 0, 195, 0), dim = c(4L, 4L), dimnames = list(c("-2", 
    "-1", "0", "1"), c("A", "C", "G", "T"))), GM17_SNP1 = structure(c(0, 
    0, 6, 0, 0, 1, 347, 0), dim = c(4L, 2L), dimnames = list(
        c("-2", "-1", "0", "1"), c("C", "T"))), GM22_SNP1 = structure(c(0, 
    16, 259, 0, 0, 0, 5, 0), dim = c(4L, 2L), dimnames = list(
        c("-2", "-1", "0", "1"), c("A", "G"))), GM26_SNP1 = structure(c(0, 
    112, 0, 30, 89, 0), dim = 3:2, dimnames = list(c("-1", "0", 
    "1"), c("A", "G"))), GM29_SNP1 = structure(c(0, 1, 127, 0, 
    0, 42, 88, 0), dim = c(4L, 2L), dimnames = list(c("-2", "-1", 
    "0", "1"), c("A", "G"))), IM16_SNP1 = structure(c(0, 0, 103, 
    34, 0, 0, 0, 46, 94, 0, 0, 0), dim = c(6L, 2L), dimnames = list(
        c("-2", "-1", "0", "1", "2", "3"), c("A", "G"))), IM49_SNP1 = structure(c(11, 
    18, 47, 251, 1, 0, 0, 1, 66, 202, 0, 0), dim = c(6L, 2L), dimnames = list(
        c("-3", "-2", "-1", "0", "1", "2"), c("C", "G"))), LR10_SNP1 = structure(c(0, 
    0, 0, 0, 0, 0, 0, 48, 3, 325, 0, 0), dim = c(6L, 2L), dimnames = list(
        c("-3", "-2", "-1", "0", "1", "2"), c("C", "T"))), LR11_SNP1 = structure(c(0, 
    2, 5, 487, 0, 0, 0, 2, 10, 0), dim = c(5L, 2L), dimnames = list(
        c("-3", "-2", "-1", "0", "1"), c("A", "C"))), LR17_SNP1 = structure(c(0, 
    1, 80, 509, 2, 0, 0, 0, 0, 0), dim = c(5L, 2L), dimnames = list(
        c("-3", "-2", "-1", "0", "1"), c("A", "G"))), LR20_SNP1 = structure(c(0, 
    154, 0, 0, 175, 0), dim = 3:2, dimnames = list(c("-1", "0", 
    "1"), c("A", "G"))), LR24_SNP1 = structure(c(4, 1177, 1, 
    0, 5, 0), dim = 3:2, dimnames = list(c("-1", "0", "1"), c("A", 
    "G"))), LR36_SNP1 = structure(c(0, 0, 1, 221, 0, 0, 27, 0, 
    162, 0), dim = c(5L, 2L), dimnames = list(c("-3", "-2", "-1", 
    "0", "1"), c("A", "T"))), LR40_SNP1 = structure(c(10, 241, 
    0, 0, 3, 0, 0, 0, 0), dim = c(3L, 3L), dimnames = list(c("-1", 
    "0", "1"), c("A", "C", "G"))), LR44_SNP1 = structure(c(0, 
    7, 74, 249, 0, 0, 0, 3, 0, 0, 0, 0, 4, 8, 0), dim = c(5L, 
    3L), dimnames = list(c("-3", "-2", "-1", "0", "1"), c("C", 
    "G", "T"))), LR46_SNP1 = structure(c(1, 243, 0, 0, 2, 0), dim = 3:2, dimnames = list(
        c("-1", "0", "1"), c("G", "T"))), LR48_SNP1 = structure(c(1, 
    63, 190, 0, 0, 0, 1, 0), dim = c(4L, 2L), dimnames = list(
        c("-2", "-1", "0", "1"), c("C", "T"))), LR49_SNP1 = structure(c(0, 
    236, 0, 0, 215, 0, 0, 0, 0), dim = c(3L, 3L), dimnames = list(
        c("-1", "0", "1"), c("A", "G", "T"))), LR52_SNP1 = structure(c(0, 
    0, 2, 24, 106, 0, 2, 29, 0, 1, 84, 0), dim = c(6L, 2L), dimnames = list(
        c("-4", "-3", "-2", "-1", "0", "1"), c("C", "T"))))
