Result <-
list(DEPDC2_SNP1 = structure(c(0, 0, 0, 0, 0, 1, 0, 0, 0, 7, 
924, 3), dim = 4:3, dimnames = list(c("-2", "-1", "0", "1"), 
    c("A", "C", "T"))), GM01_SNP1 = structure(c(0, 0, 0, 0, 0, 
0, 162, 526, 1, 0, 0, 0, 0, 0, 0), dim = c(5L, 3L), dimnames = list(
    c("-2", "-1", "0", "1", "2"), c("A", "G", "T"))), GM07_SNP1 = structure(c(1, 
123, 130, 1, 0, 0, 12, 232, 4, 0), dim = c(5L, 2L), dimnames = list(
    c("-2", "-1", "0", "1", "2"), c("A", "G"))), GM09_SNP1 = structure(c(0, 
277, 255, 0, 0, 0, 498, 0), dim = c(4L, 2L), dimnames = list(
    c("-2", "-1", "0", "1"), c("A", "G"))), GM11_SNP1 = structure(c(104, 
0, 111, 0, 4, 113, 122, 0), dim = c(4L, 2L), dimnames = list(
    c("-2", "-1", "0", "1"), c("A", "G"))), GM14_SNP1 = structure(c(0, 
0, 0, 1, 0, 0, 4, 345, 319, 4, 0, 0, 0, 3, 0), dim = c(5L, 3L
), dimnames = list(c("-3", "-2", "-1", "0", "1"), c("-", "C", 
"T"))), GM17_SNP1 = structure(c(2, 339, 0, 33, 340, 0), dim = 3:2, dimnames = list(
    c("-1", "0", "1"), c("C", "T"))), GM22_SNP1 = structure(c(3, 
275, 2, 1, 246, 0), dim = 3:2, dimnames = list(c("-1", "0", "1"
), c("A", "G"))), GM26_SNP1 = structure(c(0, 109, 370, 1, 0, 
0, 1, 0), dim = c(4L, 2L), dimnames = list(c("-2", "-1", "0", 
"1"), c("A", "G"))), GM29_SNP1 = structure(c(0, 116, 397, 0, 
0, 0, 2, 0), dim = c(4L, 2L), dimnames = list(c("-2", "-1", "0", 
"1"), c("A", "G"))), IM16_SNP1 = structure(c(0, 0, 122, 152, 
2, 0, 139, 2, 141, 0), dim = c(5L, 2L), dimnames = list(c("-3", 
"-2", "-1", "0", "1"), c("A", "G"))), IM49_SNP1 = structure(c(0, 
185, 3, 213, 2, 0, 1, 186, 2, 175, 0, 0), dim = c(6L, 2L), dimnames = list(
    c("-3", "-2", "-1", "0", "1", "2"), c("C", "G"))), LR10_SNP1 = structure(c(0, 
4, 349, 1, 0, 1, 345, 0), dim = c(4L, 2L), dimnames = list(c("-2", 
"-1", "0", "1"), c("C", "T"))), LR11_SNP1 = structure(c(0, 186, 
0, 3, 223, 0, 0, 0, 0, 175, 162, 1), dim = c(6L, 2L), dimnames = list(
    c("-4", "-3", "-2", "-1", "0", "1"), c("A", "C"))), LR17_SNP1 = structure(c(7, 
146, 416, 163, 0), dim = c(5L, 1L), dimnames = list(c("-2", "-1", 
"0", "1", "2"), "A")), LR20_SNP1 = structure(c(1, 318, 0, 0, 
267, 1), dim = 3:2, dimnames = list(c("-1", "0", "1"), c("A", 
"G"))), LR24_SNP1 = structure(c(0, 2, 13, 0, 0, 5, 369, 1183, 
1, 0), dim = c(5L, 2L), dimnames = list(c("-2", "-1", "0", "1", 
"2"), c("A", "G"))), LR36_SNP1 = structure(c(0, 0, 0, 3, 0, 0, 
0, 0, 0, 0, 1, 10, 244, 470, 1), dim = c(5L, 3L), dimnames = list(
    c("-3", "-2", "-1", "0", "1"), c("A", "C", "T"))), LR40_SNP1 = structure(c(105, 
405, 0), dim = c(3L, 1L), dimnames = list(c("-1", "0", "1"), 
    "C")), LR44_SNP1 = structure(c(0, 0, 0, 0, 1, 0, 0, 0, 107, 
186, 14, 281, 1, 0), dim = c(7L, 2L), dimnames = list(c("-4", 
"-3", "-2", "-1", "0", "1", "2"), c("C", "T"))), LR46_SNP1 = structure(c(11, 
499, 0, 0, 1, 0), dim = 3:2, dimnames = list(c("-1", "0", "1"
), c("G", "T"))), LR48_SNP1 = structure(c(2, 103, 404, 0), dim = c(4L, 
1L), dimnames = list(c("-2", "-1", "0", "1"), "C")), LR49_SNP1 = structure(c(9, 
394, 0, 427), dim = c(2L, 2L), dimnames = list(c("-1", "0"), 
    c("A", "G"))), LR52_SNP1 = structure(c(4, 143, 119, 226, 
1), dim = c(5L, 1L), dimnames = list(c("-3", "-2", "-1", "0", 
"1"), "T")))
