Result <-
list(DEPDC2_SNP1 = structure(c(6, 334, 0, 0, 427, 3), dim = 3:2, dimnames = list(
    c("-1", "0", "1"), c("C", "T"))), GM01_SNP1 = structure(c(0, 
12, 582, 1, 0, 0, 0, 0), dim = c(4L, 2L), dimnames = list(c("-2", 
"-1", "0", "1"), c("A", "G"))), GM07_SNP1 = structure(c(3, 96, 
129, 2, 0, 1, 83, 147, 1, 0), dim = c(5L, 2L), dimnames = list(
    c("-2", "-1", "0", "1", "2"), c("A", "G"))), GM09_SNP1 = structure(c(2, 
430, 0, 1, 358, 6), dim = 3:2, dimnames = list(c("-1", "0", "1"
), c("A", "G"))), GM11_SNP1 = structure(c(4, 156, 195, 0), dim = c(4L, 
1L), dimnames = list(c("-2", "-1", "0", "1"), "A")), GM14_SNP1 = structure(c(0, 
0, 2, 0, 0, 129, 429, 0), dim = c(4L, 2L), dimnames = list(c("-2", 
"-1", "0", "1"), c("C", "T"))), GM17_SNP1 = structure(c(1, 222, 
65, 0, 2, 303, 1, 0), dim = c(4L, 2L), dimnames = list(c("-1", 
"0", "1", "2"), c("C", "T"))), GM22_SNP1 = structure(c(4, 211, 
0, 1, 204, 0), dim = 3:2, dimnames = list(c("-1", "0", "1"), 
    c("A", "G"))), GM26_SNP1 = structure(c(0, 185, 0, 0, 160, 
0), dim = 3:2, dimnames = list(c("-1", "0", "1"), c("A", "G"))), 
    GM29_SNP1 = structure(c(9, 374, 1), dim = c(3L, 1L), dimnames = list(
        c("-1", "0", "1"), "A")), IM16_SNP1 = structure(c(0, 
    0, 0, 1, 0, 0, 81, 13, 352, 1), dim = c(5L, 2L), dimnames = list(
        c("-3", "-2", "-1", "0", "1"), c("A", "G"))), IM49_SNP1 = structure(c(1, 
    28, 140, 196, 0, 0, 151, 1, 190, 3), dim = c(5L, 2L), dimnames = list(
        c("-3", "-2", "-1", "0", "1"), c("C", "G"))), LR10_SNP1 = structure(c(0, 
    0, 0, 0, 0, 240, 314, 0, 0, 1, 2, 0), dim = 4:3, dimnames = list(
        c("-2", "-1", "0", "1"), c("A", "C", "T"))), LR11_SNP1 = structure(c(0, 
    0, 2, 0, 0, 120, 444, 1), dim = c(4L, 2L), dimnames = list(
        c("-2", "-1", "0", "1"), c("A", "C"))), LR17_SNP1 = structure(c(0, 
    0, 42, 845, 1, 0, 0, 0, 0, 0, 0, 0), dim = c(6L, 2L), dimnames = list(
        c("-3", "-2", "-1", "0", "1", "2"), c("A", "G"))), LR20_SNP1 = structure(c(4, 
    506, 0, 0), dim = c(2L, 2L), dimnames = list(c("-1", "0"), 
        c("A", "G"))), LR24_SNP1 = structure(c(0, 0, 2, 722, 
    0, 0, 9, 297, 402, 0), dim = c(5L, 2L), dimnames = list(c("-3", 
    "-2", "-1", "0", "1"), c("A", "G"))), LR36_SNP1 = structure(c(0, 
    0, 0, 1, 0, 0, 0, 0, 0, 0, 0, 0, 0, 0, 0, 0, 0, 0, 0, 0, 
    0, 0, 113, 112, 366, 3, 1, 0), dim = c(7L, 4L), dimnames = list(
        c("-3", "-2", "-1", "0", "1", "2", "7"), c("A", "C", 
        "G", "T"))), LR40_SNP1 = structure(c(0, 0, 0, 105, 337, 
    1), dim = 3:2, dimnames = list(c("-1", "0", "1"), c("A", 
    "C"))), LR44_SNP1 = structure(c(0, 1, 0, 1, 0, 0, 0, 0, 106, 
    23, 348, 0, 0, 1, 0, 2, 1, 7, 0, 0, 0), dim = c(7L, 3L), dimnames = list(
        c("-3", "-2", "-1", "0", "1", "3", "4"), c("A", "C", 
        "T"))), LR46_SNP1 = structure(c(1, 104, 285, 0, 0, 0, 
    1, 0), dim = c(4L, 2L), dimnames = list(c("-2", "-1", "0", 
    "1"), c("G", "T"))), LR48_SNP1 = structure(c(0, 0, 0, 0, 
    0, 0, 0, 5, 73, 112, 0, 0, 0, 0, 74, 112, 0, 0), dim = c(6L, 
    3L), dimnames = list(c("-3", "-2", "-1", "0", "1", "2"), 
        c("A", "C", "T"))), LR49_SNP1 = structure(c(2, 342, 2, 
    368), dim = c(2L, 2L), dimnames = list(c("-1", "0"), c("A", 
    "G"))), LR52_SNP1 = structure(c(0, 2, 34, 61, 140, 0, 6, 
    86, 0, 2, 123, 0), dim = c(6L, 2L), dimnames = list(c("-4", 
    "-3", "-2", "-1", "0", "1"), c("C", "T"))))
