Result <-
list(DEPDC2_SNP1 = structure(c(1, 44, 373, 0, 0, 183, 211, 0), dim = c(4L, 
2L), dimnames = list(c("-2", "-1", "0", "1"), c("C", "T"))), 
    GM01_SNP1 = structure(c(47, 637, 1, 0, 1, 0), dim = 3:2, dimnames = list(
        c("-1", "0", "1"), c("A", "G"))), GM07_SNP1 = structure(c(0, 
    2, 51, 205, 3, 1, 0, 29, 213, 110, 1, 0), dim = c(6L, 2L), dimnames = list(
        c("-3", "-2", "-1", "0", "1", "2"), c("A", "G"))), GM09_SNP1 = structure(c(0, 
    412, 0, 3, 485, 0, 0, 0, 0), dim = c(3L, 3L), dimnames = list(
        c("-1", "0", "1"), c("A", "G", "T"))), GM11_SNP1 = structure(c(3, 
    191, 242, 1, 0, 0, 1, 0, 0, 0, 0, 0), dim = 4:3, dimnames = list(
        c("-2", "-1", "0", "1"), c("A", "G", "T"))), GM14_SNP1 = structure(c(5, 
    184, 66, 448, 0, 0, 0, 0, 2, 0), dim = c(5L, 2L), dimnames = list(
        c("-3", "-2", "-1", "0", "1"), c("C", "T"))), GM17_SNP1 = structure(c(0, 
    0, 0, 8, 685, 0), dim = 3:2, dimnames = list(c("-1", "0", 
    "1"), c("C", "T"))), GM22_SNP1 = structure(c(0, 4, 230, 0, 
    0, 114, 112, 1), dim = c(4L, 2L), dimnames = list(c("-2", 
    "-1", "0", "1"), c("A", "G"))), GM26_SNP1 = structure(c(1, 
    106, 295, 0), dim = c(4L, 1L), dimnames = list(c("-2", "-1", 
    "0", "1"), "A")), GM29_SNP1 = structure(c(1, 97, 363, 0), dim = c(4L, 
    1L), dimnames = list(c("-2", "-1", "0", "1"), "A")), IM16_SNP1 = structure(c(4, 
    192, 78, 0, 136, 138, 1, 0), dim = c(4L, 2L), dimnames = list(
        c("-1", "0", "1", "2"), c("A", "G"))), IM49_SNP1 = structure(c(13, 
    195, 187, 1, 6, 164, 165, 2), dim = c(4L, 2L), dimnames = list(
        c("-2", "-1", "0", "1"), c("C", "G"))), LR10_SNP1 = structure(c(12, 
    304, 0, 5, 331, 0), dim = 3:2, dimnames = list(c("-1", "0", 
    "1"), c("C", "T"))), LR11_SNP1 = structure(c(0, 0, 0, 0, 
    0, 1, 24, 597, 4, 0), dim = c(5L, 2L), dimnames = list(c("-2", 
    "-1", "0", "1", "2"), c("A", "C"))), LR17_SNP1 = structure(c(3, 
    279, 43, 599, 58, 1, 0, 0, 0, 0, 0, 0), dim = c(6L, 2L), dimnames = list(
        c("-3", "-2", "-1", "0", "1", "2"), c("A", "G"))), LR20_SNP1 = structure(c(2, 
    163, 452, 1, 0, 0, 1, 0), dim = c(4L, 2L), dimnames = list(
        c("-2", "-1", "0", "1"), c("A", "G"))), LR24_SNP1 = structure(c(0, 
    1, 3, 0, 5, 351, 1241, 1), dim = c(4L, 2L), dimnames = list(
        c("-2", "-1", "0", "1"), c("A", "G"))), LR36_SNP1 = structure(c(0, 
    0, 12, 175, 189, 0, 0, 48, 92, 2, 175, 0), dim = c(6L, 2L
    ), dimnames = list(c("-4", "-3", "-2", "-1", "0", "1"), c("A", 
    "T"))), LR40_SNP1 = structure(c(11, 518, 0), dim = c(3L, 
    1L), dimnames = list(c("-1", "0", "1"), "C")), LR44_SNP1 = structure(c(0, 
    137, 0, 6, 126, 1, 0, 0, 0, 0, 0, 1, 0, 0, 0, 8, 133, 4, 
    144, 0, 1), dim = c(7L, 3L), dimnames = list(c("-4", "-3", 
    "-2", "-1", "0", "1", "4"), c("C", "G", "T"))), LR46_SNP1 = structure(c(0, 
    311, 0, 4, 206, 0), dim = 3:2, dimnames = list(c("-1", "0", 
    "1"), c("G", "T"))), LR48_SNP1 = structure(c(0, 12, 455, 
    11, 0, 0, 1, 0), dim = c(4L, 2L), dimnames = list(c("-2", 
    "-1", "0", "1"), c("C", "T"))), LR49_SNP1 = structure(c(0, 
    399, 0, 3, 388, 0, 0, 0, 0), dim = c(3L, 3L), dimnames = list(
        c("-1", "0", "1"), c("A", "G", "T"))), LR52_SNP1 = structure(c(0, 
    22, 130, 3, 150, 0, 1, 9, 109, 8, 137, 0), dim = c(6L, 2L
    ), dimnames = list(c("-4", "-3", "-2", "-1", "0", "1"), c("C", 
    "T"))))
