Result <-
list(DEPDC2_SNP1 = structure(c(0, 340, 0, 2, 409, 1), dim = 3:2, dimnames = list(
    c("-1", "0", "1"), c("C", "T"))), GM01_SNP1 = structure(c(4, 
682, 0, 1, 1, 0), dim = 3:2, dimnames = list(c("-1", "0", "1"
), c("A", "G"))), GM07_SNP1 = structure(c(2, 51, 232, 2, 1, 47, 
195, 1), dim = c(4L, 2L), dimnames = list(c("-2", "-1", "0", 
"1"), c("A", "G"))), GM09_SNP1 = structure(c(0, 401, 0, 2, 351, 
1, 0, 1, 0), dim = c(3L, 3L), dimnames = list(c("-1", "0", "1"
), c("A", "G", "T"))), GM11_SNP1 = structure(c(39, 329, 5, 0, 
1, 0), dim = 3:2, dimnames = list(c("-1", "0", "1"), c("A", "G"
))), GM14_SNP1 = structure(c(1, 66, 71, 583, 1, 0, 0, 1, 1, 0
), dim = c(5L, 2L), dimnames = list(c("-3", "-2", "-1", "0", 
"1"), c("C", "T"))), GM17_SNP1 = structure(c(0, 2, 0, 4, 662, 
1), dim = 3:2, dimnames = list(c("-1", "0", "1"), c("C", "T"))), 
    GM22_SNP1 = structure(c(0, 48, 180, 0, 0, 0, 230, 1), dim = c(4L, 
    2L), dimnames = list(c("-2", "-1", "0", "1"), c("A", "G"))), 
    GM26_SNP1 = structure(c(2, 370, 0, 0, 0, 0), dim = 3:2, dimnames = list(
        c("-1", "0", "1"), c("A", "G"))), GM29_SNP1 = structure(c(14, 
    464, 1), dim = c(3L, 1L), dimnames = list(c("-1", "0", "1"
    ), "A")), IM16_SNP1 = structure(c(0, 59, 214, 0, 0, 2, 274, 
    0), dim = c(4L, 2L), dimnames = list(c("-2", "-1", "0", "1"
    ), c("A", "G"))), IM49_SNP1 = structure(c(0, 51, 1, 263, 
    4, 0, 54, 6, 235, 0), dim = c(5L, 2L), dimnames = list(c("-3", 
    "-2", "-1", "0", "1"), c("C", "G"))), LR10_SNP1 = structure(c(0, 
    62, 245, 0, 0, 62, 283, 0), dim = c(4L, 2L), dimnames = list(
        c("-2", "-1", "0", "1"), c("C", "T"))), LR11_SNP1 = structure(c(0, 
    0, 1, 0, 2, 37, 472, 1), dim = c(4L, 2L), dimnames = list(
        c("-2", "-1", "0", "1"), c("A", "C"))), LR17_SNP1 = structure(c(2, 
    109, 864, 5, 0, 0, 0, 0, 0, 0), dim = c(5L, 2L), dimnames = list(
        c("-2", "-1", "0", "1", "2"), c("A", "G"))), LR20_SNP1 = structure(c(65, 
    561, 0, 1, 2, 0), dim = 3:2, dimnames = list(c("-1", "0", 
    "1"), c("A", "G"))), LR24_SNP1 = structure(c(0, 0, 4, 0, 
    1, 112, 1202, 3), dim = c(4L, 2L), dimnames = list(c("-2", 
    "-1", "0", "1"), c("A", "G"))), LR36_SNP1 = structure(c(2, 
    4, 412, 2, 0, 0, 0, 0, 2, 47, 254, 0), dim = 4:3, dimnames = list(
        c("-2", "-1", "0", "1"), c("A", "G", "T"))), LR40_SNP1 = structure(c(0, 
    0, 1, 0, 1, 36, 454, 0), dim = c(4L, 2L), dimnames = list(
        c("-2", "-1", "0", "1"), c("A", "C"))), LR44_SNP1 = structure(c(0, 
    37, 0, 4, 158, 1, 0, 0, 0, 0, 9, 220, 2, 0), dim = c(7L, 
    2L), dimnames = list(c("-4", "-3", "-2", "-1", "0", "1", 
    "2"), c("C", "T"))), LR46_SNP1 = structure(c(0, 280, 0, 2, 
    275, 0), dim = 3:2, dimnames = list(c("-1", "0", "1"), c("G", 
    "T"))), LR48_SNP1 = structure(c(0, 0, 48, 417, 3, 0, 0, 0, 
    0, 0), dim = c(5L, 2L), dimnames = list(c("-3", "-2", "-1", 
    "0", "1"), c("C", "T"))), LR49_SNP1 = structure(c(2, 359, 
    0, 2, 361, 0), dim = 3:2, dimnames = list(c("-1", "0", "1"
    ), c("A", "G"))), LR52_SNP1 = structure(c(2, 42, 0, 10, 208, 
    0, 0, 14, 2, 32, 207, 1), dim = c(6L, 2L), dimnames = list(
        c("-4", "-3", "-2", "-1", "0", "1"), c("C", "T"))))
