Result <-
list(DEPDC2_SNP1 = structure(c(4, 320, 3, 1, 362, 1), dim = 3:2, dimnames = list(
    c("-1", "0", "1"), c("C", "T"))), GM01_SNP1 = structure(c(1, 
220, 1, 20, 428, 0), dim = 3:2, dimnames = list(c("-1", "0", 
"1"), c("A", "G"))), GM07_SNP1 = structure(c(1, 55, 72, 162, 
1, 0, 0, 6, 69, 146, 1, 0), dim = c(6L, 2L), dimnames = list(
    c("-3", "-2", "-1", "0", "1", "2"), c("A", "G"))), GM09_SNP1 = structure(c(2, 
412, 0, 3, 355, 0), dim = 3:2, dimnames = list(c("-1", "0", "1"
), c("A", "G"))), GM11_SNP1 = structure(c(1, 3, 346, 17, 40, 
0, 0, 0, 1, 0, 0, 0), dim = c(6L, 2L), dimnames = list(c("-2", 
"-1", "0", "1", "2", "3"), c("A", "G"))), GM14_SNP1 = structure(c(0, 
0, 0, 0, 0, 0, 0, 93, 101, 428, 1, 0), dim = c(6L, 2L), dimnames = list(
    c("-3", "-2", "-1", "0", "1", "2"), c("A", "C"))), GM17_SNP1 = structure(c(7, 
68, 573, 2, 0, 0, 1, 0), dim = c(4L, 2L), dimnames = list(c("-2", 
"-1", "0", "1"), c("C", "T"))), GM22_SNP1 = structure(c(6, 414, 
0, 0, 1, 0), dim = 3:2, dimnames = list(c("-1", "0", "1"), c("A", 
"G"))), GM26_SNP1 = structure(c(0, 284, 0, 0, 0, 0), dim = 3:2, dimnames = list(
    c("-1", "0", "1"), c("A", "G"))), GM29_SNP1 = structure(c(0, 
23, 190, 1, 0, 2, 232, 0), dim = c(4L, 2L), dimnames = list(c("-2", 
"-1", "0", "1"), c("A", "G"))), IM16_SNP1 = structure(c(0, 1, 
226, 0, 0, 0, 0, 0, 0, 0, 0, 72, 202, 0, 0, 0, 0, 0, 0, 0), dim = 5:4, dimnames = list(
    c("-2", "-1", "0", "1", "2"), c("A", "C", "G", "T"))), IM49_SNP1 = structure(c(0, 
17, 74, 216, 0, 0, 0, 1, 41, 288, 0, 0), dim = c(6L, 2L), dimnames = list(
    c("-3", "-2", "-1", "0", "1", "2"), c("C", "G"))), LR10_SNP1 = structure(c(1, 
290, 0, 1, 304, 0), dim = 3:2, dimnames = list(c("-1", "0", "1"
), c("C", "T"))), LR11_SNP1 = structure(c(3, 97, 408, 2), dim = c(4L, 
1L), dimnames = list(c("-2", "-1", "0", "1"), "C")), LR17_SNP1 = structure(c(3, 
72, 814, 7, 0, 0, 0, 0), dim = c(4L, 2L), dimnames = list(c("-2", 
"-1", "0", "1"), c("A", "G"))), LR20_SNP1 = structure(c(0, 288, 
0, 0, 306, 0), dim = 3:2, dimnames = list(c("-1", "0", "1"), 
    c("A", "G"))), LR24_SNP1 = structure(c(0, 4, 0, 29, 1413, 
2), dim = 3:2, dimnames = list(c("-1", "0", "1"), c("A", "G"))), 
    LR36_SNP1 = structure(c(0, 0, 0, 0, 0, 1, 98, 55, 517, 0), dim = c(5L, 
    2L), dimnames = list(c("-3", "-2", "-1", "0", "1"), c("A", 
    "T"))), LR40_SNP1 = structure(c(0, 10, 487, 0), dim = c(4L, 
    1L), dimnames = list(c("-3", "-1", "0", "1"), "C")), LR44_SNP1 = structure(c(0, 
    17, 86, 13, 297, 3, 0, 0, 0, 0, 0, 0, 3, 0, 0, 0, 0, 0, 1, 
    0, 7, 0, 0, 0), dim = c(8L, 3L), dimnames = list(c("-4", 
    "-3", "-2", "-1", "0", "1", "2", "3"), c("C", "G", "T"))), 
    LR46_SNP1 = structure(c(64, 163, 0, 66, 154, 0), dim = 3:2, dimnames = list(
        c("-1", "0", "1"), c("G", "T"))), LR48_SNP1 = structure(c(2, 
    114, 300, 0), dim = c(4L, 1L), dimnames = list(c("-2", "-1", 
    "0", "1"), "C")), LR49_SNP1 = structure(c(0, 2, 0, 9, 633, 
    0), dim = 3:2, dimnames = list(c("-1", "0", "1"), c("A", 
    "G"))), LR52_SNP1 = structure(c(0, 31, 7, 28, 6, 162, 0, 
    0, 0, 0, 40, 16, 169, 0), dim = c(7L, 2L), dimnames = list(
        c("-5", "-4", "-3", "-2", "-1", "0", "1"), c("C", "T"
        ))))
