Result <-
list(DEPDC2_SNP1 = structure(c(0, 0, 0, 0, 1, 307, 547, 2), dim = c(4L, 
2L), dimnames = list(c("-2", "-1", "0", "1"), c("C", "T"))), 
    GM01_SNP1 = structure(c(4, 431, 1, 0, 1, 449, 13, 0), dim = c(4L, 
    2L), dimnames = list(c("-1", "0", "1", "2"), c("A", "G"))), 
    GM07_SNP1 = structure(c(0, 0, 2, 0, 0, 64, 290, 399, 6, 1
    ), dim = c(5L, 2L), dimnames = list(c("-2", "-1", "0", "1", 
    "2"), c("A", "G"))), GM09_SNP1 = structure(c(2, 545, 0, 3, 
    458, 0), dim = 3:2, dimnames = list(c("-1", "0", "1"), c("A", 
    "G"))), GM11_SNP1 = structure(c(0, 157, 722, 2, 0, 0, 2, 
    0), dim = c(4L, 2L), dimnames = list(c("-2", "-1", "0", "1"
    ), c("A", "G"))), GM14_SNP1 = structure(c(0, 0, 0, 0, 0, 
    0, 0, 0, 3, 1, 0, 61, 237, 636, 0), dim = c(5L, 3L), dimnames = list(
        c("-3", "-2", "-1", "0", "1"), c("A", "C", "T"))), GM17_SNP1 = structure(c(0, 
    14, 426, 0, 0, 0, 1, 466, 0, 0), dim = c(5L, 2L), dimnames = list(
        c("-2", "-1", "0", "1", "2"), c("C", "T"))), GM22_SNP1 = structure(c(0, 
    187, 587, 1, 0, 0, 0, 0, 0, 0), dim = c(5L, 2L), dimnames = list(
        c("-2", "-1", "0", "1", "2"), c("A", "G"))), GM26_SNP1 = structure(c(0, 
    279, 0, 1, 270, 0), dim = 3:2, dimnames = list(c("-1", "0", 
    "1"), c("A", "G"))), GM29_SNP1 = structure(c(28, 285, 0, 
    5, 337, 0), dim = 3:2, dimnames = list(c("-1", "0", "1"), 
        c("A", "G"))), IM16_SNP1 = structure(c(0, 0, 2, 0, 0, 
    4, 183, 538, 4, 0), dim = c(5L, 2L), dimnames = list(c("-2", 
    "-1", "0", "1", "2"), c("A", "G"))), IM49_SNP1 = structure(c(0, 
    0, 0, 0, 0, 0, 1, 259, 138, 760, 8, 0, 0, 0, 1, 2, 0, 0, 
    0, 0, 0, 0, 0, 0), dim = c(6L, 4L), dimnames = list(c("-3", 
    "-2", "-1", "0", "1", "2"), c("A", "C", "G", "T"))), LR10_SNP1 = structure(c(0, 
    0, 3, 1, 1, 86, 1261, 1), dim = c(4L, 2L), dimnames = list(
        c("-2", "-1", "0", "1"), c("C", "T"))), LR11_SNP1 = structure(c(0, 
    0, 0, 2, 0, 0, 3, 264, 837, 1, 0, 0, 1, 0, 0, 0, 0, 0, 0, 
    0), dim = 5:4, dimnames = list(c("-3", "-2", "-1", "0", "1"
    ), c("A", "C", "G", "T"))), LR17_SNP1 = structure(c(0, 0, 
    0, 0, 0, 0, 0, 0, 3, 300, 303, 577, 0, 0), dim = c(7L, 2L
    ), dimnames = list(c("-4", "-3", "-2", "-1", "0", "1", "2"
    ), c("-", "A"))), LR20_SNP1 = structure(c(0, 8, 392, 0, 0, 
    5, 413, 0), dim = c(4L, 2L), dimnames = list(c("-3", "-1", 
    "0", "1"), c("A", "G"))), LR24_SNP1 = structure(c(0, 350, 
    1172, 2, 0, 0, 0, 0, 0, 0, 0, 0), dim = 4:3, dimnames = list(
        c("-2", "-1", "0", "1"), c("A", "G", "T"))), LR36_SNP1 = structure(c(0, 
    9, 175, 226, 0, 0, 0, 0, 0, 0, 0, 46, 126, 200, 1), dim = c(5L, 
    3L), dimnames = list(c("-3", "-2", "-1", "0", "1"), c("A", 
    "C", "T"))), LR40_SNP1 = structure(c(0, 76, 531, 1), dim = c(4L, 
    1L), dimnames = list(c("-2", "-1", "0", "1"), "C")), LR44_SNP1 = structure(c(0, 
    0, 0, 1, 0, 0, 0, 0, 0, 10, 105, 266, 1, 0, 0, 0, 0, 0, 1, 
    2, 0, 0, 0, 0, 0, 0, 37, 386, 2, 0, 1, 1), dim = c(8L, 4L
    ), dimnames = list(c("-3", "-2", "-1", "0", "1", "2", "3", 
    "5"), c("-", "C", "G", "T"))), LR46_SNP1 = structure(c(0, 
    0, 0, 0, 0, 0, 0, 0, 0, 0, 1, 0, 0, 12, 876, 1), dim = c(4L, 
    4L), dimnames = list(c("-2", "-1", "0", "1"), c("A", "C", 
    "G", "T"))), LR48_SNP1 = structure(c(0, 2, 116, 141, 0, 0, 
    0, 118, 26, 145, 0, 0), dim = c(6L, 2L), dimnames = list(
        c("-3", "-2", "-1", "0", "1", "2"), c("C", "T"))), LR49_SNP1 = structure(c(0, 
    2, 0, 228, 669, 0, 0, 0, 0), dim = c(3L, 3L), dimnames = list(
        c("-1", "0", "1"), c("A", "G", "T"))), LR52_SNP1 = structure(c(0, 
    0, 0, 1, 0, 0, 0, 8, 210, 138, 8, 375, 1, 0), dim = c(7L, 
    2L), dimnames = list(c("-4", "-3", "-2", "-1", "0", "1", 
    "2"), c("C", "T"))))
