Result <-
list(DEPDC2_SNP1 = structure(c(0, 0, 0, 1, 273, 0), dim = 3:2, dimnames = list(
    c("-1", "0", "1"), c("C", "T"))), GM01_SNP1 = structure(c(0, 
0, 162, 1, 0, 1, 169, 0), dim = c(4L, 2L), dimnames = list(c("-2", 
"-1", "0", "1"), c("A", "G"))), GM07_SNP1 = structure(c(0, 3, 
2, 0, 0, 0, 25, 211, 2, 1), dim = c(5L, 2L), dimnames = list(
    c("-2", "-1", "0", "1", "2"), c("A", "G"))), GM09_SNP1 = structure(c(1, 
238, 0, 0, 209, 0), dim = 3:2, dimnames = list(c("-1", "0", "1"
), c("A", "G"))), GM11_SNP1 = structure(c(0, 0, 0, 0, 1, 32, 
282, 0, 0, 0, 0, 0, 0, 0, 0, 0), dim = c(4L, 4L), dimnames = list(
    c("-2", "-1", "0", "1"), c("-", "A", "G", "T"))), GM14_SNP1 = structure(c(6, 
50, 259, 0), dim = c(4L, 1L), dimnames = list(c("-2", "-1", "0", 
"1"), "C")), GM17_SNP1 = structure(c(0, 3, 196, 0, 8, 27, 143, 
0), dim = c(4L, 2L), dimnames = list(c("-2", "-1", "0", "1"), 
    c("C", "T"))), GM22_SNP1 = structure(c(0, 2, 279, 0, 0, 0, 
2, 0), dim = c(4L, 2L), dimnames = list(c("-2", "-1", "0", "1"
), c("A", "G"))), GM26_SNP1 = structure(c(0, 90, 0, 0, 93, 0), dim = 3:2, dimnames = list(
    c("-1", "0", "1"), c("A", "G"))), GM29_SNP1 = structure(c(3, 
243, 0, 0, 2, 0), dim = 3:2, dimnames = list(c("-1", "0", "1"
), c("A", "G"))), IM16_SNP1 = structure(c(23, 30, 194, 0, 0, 
0, 0, 1, 0, 0), dim = c(5L, 2L), dimnames = list(c("-2", "-1", 
"0", "1", "2"), c("G", "T"))), IM49_SNP1 = structure(c(0, 0, 
6, 319, 1, 0, 0, 6, 10, 294, 1, 0), dim = c(6L, 2L), dimnames = list(
    c("-3", "-2", "-1", "0", "1", "2"), c("C", "G"))), LR10_SNP1 = structure(c(0, 
0, 0, 5, 504, 0, 1, 2, 0), dim = c(3L, 3L), dimnames = list(c("-1", 
"0", "1"), c("-", "C", "T"))), LR11_SNP1 = structure(c(0, 0, 
2, 0, 0, 10, 384, 0), dim = c(4L, 2L), dimnames = list(c("-2", 
"-1", "0", "1"), c("A", "C"))), LR17_SNP1 = structure(c(0, 2, 
67, 400, 1, 0, 0, 0, 0, 0, 0, 0), dim = c(6L, 2L), dimnames = list(
    c("-3", "-2", "-1", "0", "1", "2"), c("A", "G"))), LR20_SNP1 = structure(c(1, 
22, 108, 1, 0, 0, 158, 0), dim = c(4L, 2L), dimnames = list(c("-2", 
"-1", "0", "1"), c("A", "G"))), LR24_SNP1 = structure(c(67, 296, 
1, 1, 327, 1), dim = 3:2, dimnames = list(c("-1", "0", "1"), 
    c("A", "G"))), LR36_SNP1 = structure(c(0, 1, 0, 0, 0, 0, 
4, 48, 208, 0), dim = c(5L, 2L), dimnames = list(c("-3", "-2", 
"-1", "0", "1"), c("A", "T"))), LR40_SNP1 = structure(c(1, 118, 
0, 0, 91, 0), dim = 3:2, dimnames = list(c("-1", "0", "1"), c("A", 
"C"))), LR44_SNP1 = structure(c(0, 0, 0, 2, 0, 0, 14, 51, 346, 
2), dim = c(5L, 2L), dimnames = list(c("-3", "-2", "-1", "0", 
"1"), c("C", "T"))), LR46_SNP1 = structure(c(0, 1, 299, 0, 0, 
1, 2, 0), dim = c(4L, 2L), dimnames = list(c("-2", "-1", "0", 
"1"), c("G", "T"))), LR48_SNP1 = structure(c(0, 1, 1, 0, 0, 1, 
38, 167, 0, 0), dim = c(5L, 2L), dimnames = list(c("-2", "-1", 
"0", "1", "2"), c("C", "T"))), LR49_SNP1 = structure(c(0, 32, 
152, 0, 1, 146), dim = 3:2, dimnames = list(c("-2", "-1", "0"
), c("A", "G"))), LR52_SNP1 = structure(c(20, 3, 1, 7, 111, 1, 
0, 0, 2, 3, 28, 100, 1, 0), dim = c(7L, 2L), dimnames = list(
    c("-4", "-3", "-2", "-1", "0", "1", "2"), c("C", "T"))))
