Result <-
list(DEPDC2_SNP1 = structure(c(0, 0, 0, 0, 6, 441, 3, 0, 0, 515, 
0, 0), dim = 4:3, dimnames = list(c("-1", "0", "1", "2"), c("A", 
"C", "T"))), GM01_SNP1 = structure(c(11, 1083, 1, 0, 1, 0), dim = 3:2, dimnames = list(
    c("-1", "0", "1"), c("A", "G"))), GM07_SNP1 = structure(c(0, 
0, 0, 0, 0, 4, 236, 237, 5, 0, 21, 242, 217, 0, 0), dim = c(5L, 
3L), dimnames = list(c("-2", "-1", "0", "1", "2"), c("-", "A", 
"G"))), GM09_SNP1 = structure(c(20, 88, 9, 1, 0, 2, 0, 0), dim = c(4L, 
2L), dimnames = list(c("-1", "0", "1", "2"), c("A", "G"))), GM11_SNP1 = structure(c(4, 
318, 806, 1, 0, 0, 1, 0), dim = c(4L, 2L), dimnames = list(c("-2", 
"-1", "0", "1"), c("A", "G"))), GM14_SNP1 = structure(c(0, 0, 
0, 0, 0, 11, 546, 576, 4, 0), dim = c(5L, 2L), dimnames = list(
    c("-2", "-1", "0", "1", "2"), c("C", "T"))), GM17_SNP1 = structure(c(7, 
538, 3, 21, 547, 0), dim = 3:2, dimnames = list(c("-1", "0", 
"1"), c("C", "T"))), GM22_SNP1 = structure(c(0, 10, 1012, 0, 
0, 0, 0, 0), dim = c(4L, 2L), dimnames = list(c("-2", "-1", "0", 
"1"), c("A", "G"))), GM26_SNP1 = structure(c(0, 163, 561, 2, 
0, 0, 0, 0), dim = c(4L, 2L), dimnames = list(c("-2", "-1", "0", 
"1"), c("A", "G"))), GM29_SNP1 = structure(c(0, 0, 10, 383, 1, 
0, 214, 0, 203, 0), dim = c(5L, 2L), dimnames = list(c("-3", 
"-2", "-1", "0", "1"), c("A", "G"))), IM16_SNP1 = structure(c(0, 
1, 0, 0, 6, 853, 7, 0), dim = c(4L, 2L), dimnames = list(c("-1", 
"0", "1", "2"), c("A", "G"))), IM49_SNP1 = structure(c(0, 257, 
32, 231, 1, 0, 0, 0, 15, 491, 6, 0), dim = c(6L, 2L), dimnames = list(
    c("-3", "-2", "-1", "0", "1", "2"), c("C", "G"))), LR10_SNP1 = structure(c(13, 
757, 6, 0, 0, 0, 13, 780, 0), dim = c(3L, 3L), dimnames = list(
    c("-1", "0", "1"), c("C", "G", "T"))), LR11_SNP1 = structure(c(0, 
0, 1, 3, 0, 0, 0, 2, 44, 1224, 10, 1), dim = c(6L, 2L), dimnames = list(
    c("-3", "-2", "-1", "0", "1", "2"), c("A", "C"))), LR17_SNP1 = structure(c(20, 
638, 532, 3, 0, 0, 0, 0, 0, 0, 0, 0), dim = 4:3, dimnames = list(
    c("-2", "-1", "0", "1"), c("A", "G", "T"))), LR20_SNP1 = structure(c(0, 
0, 2, 0, 0, 239, 731, 0), dim = c(4L, 2L), dimnames = list(c("-2", 
"-1", "0", "1"), c("A", "G"))), LR24_SNP1 = structure(c(0, 0, 
0, 3, 0, 1, 1, 399, 1600, 2), dim = c(5L, 2L), dimnames = list(
    c("-3", "-2", "-1", "0", "1"), c("A", "G"))), LR36_SNP1 = structure(c(0, 
0, 0, 0, 1, 0, 0, 0, 1, 8, 636, 26, 209, 3), dim = c(7L, 2L), dimnames = list(
    c("-3", "-2", "-1", "0", "1", "2", "3"), c("A", "T"))), LR40_SNP1 = structure(c(186, 
549, 2), dim = c(3L, 1L), dimnames = list(c("-1", "0", "1"), 
    "C")), LR44_SNP1 = structure(c(0, 0, 1, 0, 0, 0, 0, 0, 0, 
0, 0, 1, 1, 0, 0, 0, 0, 10, 172, 7, 212, 2, 0, 0, 0, 0, 0, 0, 
1, 0, 0, 0, 0, 1, 7, 101, 357, 5, 2, 0), dim = c(8L, 5L), dimnames = list(
    c("-4", "-3", "-2", "-1", "0", "1", "2", "4"), c("-", "A", 
    "C", "G", "T"))), LR46_SNP1 = structure(c(0, 53, 1237, 0, 
0, 0, 2, 0), dim = c(4L, 2L), dimnames = list(c("-2", "-1", "0", 
"1"), c("G", "T"))), LR48_SNP1 = structure(c(0, 1, 211, 566, 
5, 0, 0, 0, 0, 1, 0, 0), dim = c(6L, 2L), dimnames = list(c("-3", 
"-2", "-1", "0", "1", "2"), c("C", "T"))), LR49_SNP1 = structure(c(1, 
276, 699, 0, 0, 3), dim = 3:2, dimnames = list(c("-2", "-1", 
"0"), c("A", "G"))), LR52_SNP1 = structure(c(0, 16, 237, 11, 
202, 1, 0, 14, 228, 20, 199, 1), dim = c(6L, 2L), dimnames = list(
    c("-4", "-3", "-2", "-1", "0", "1"), c("C", "T"))))
