Result <-
list(DEPDC2_SNP1 = structure(c(0, 0, 1, 0, 0, 0, 1, 0, 0, 3, 
1274, 1), dim = 4:3, dimnames = list(c("-2", "-1", "0", "1"), 
    c("A", "C", "T"))), GM01_SNP1 = structure(c(1, 474, 0, 2, 
451, 0), dim = 3:2, dimnames = list(c("-1", "0", "1"), c("A", 
"G"))), GM07_SNP1 = structure(c(0, 4, 237, 159, 1, 0, 0, 0, 8, 
353, 6, 0), dim = c(6L, 2L), dimnames = list(c("-3", "-2", "-1", 
"0", "1", "2"), c("A", "G"))), GM09_SNP1 = structure(c(0, 3, 
0, 5, 1230, 0, 0, 0, 0), dim = c(3L, 3L), dimnames = list(c("-1", 
"0", "1"), c("A", "G", "T"))), GM11_SNP1 = structure(c(1, 354, 
0, 0, 332, 0), dim = 3:2, dimnames = list(c("-1", "0", "1"), 
    c("A", "G"))), GM14_SNP1 = structure(c(0, 8, 913, 3, 0, 0, 
1, 0), dim = c(4L, 2L), dimnames = list(c("-2", "-1", "0", "1"
), c("C", "T"))), GM17_SNP1 = structure(c(1, 1, 498, 0, 0, 4, 
455, 0), dim = c(4L, 2L), dimnames = list(c("-2", "-1", "0", 
"1"), c("C", "T"))), GM22_SNP1 = structure(c(0, 3, 743, 1, 0, 
0, 1, 0), dim = c(4L, 2L), dimnames = list(c("-2", "-1", "0", 
"1"), c("A", "G"))), GM26_SNP1 = structure(c(0, 0, 3, 0, 0, 3, 
744, 0), dim = c(4L, 2L), dimnames = list(c("-2", "-1", "0", 
"1"), c("A", "G"))), GM29_SNP1 = structure(c(0, 4, 654, 1, 0, 
0, 2, 0, 0, 0, 0, 0), dim = 4:3, dimnames = list(c("-2", "-1", 
"0", "1"), c("A", "G", "T"))), IM16_SNP1 = structure(c(0, 1, 
382, 4, 0, 0, 1, 420, 1, 0), dim = c(5L, 2L), dimnames = list(
    c("-2", "-1", "0", "1", "2"), c("A", "G"))), IM49_SNP1 = structure(c(0, 
0, 0, 11, 428, 3, 2, 384, 3), dim = c(3L, 3L), dimnames = list(
    c("-1", "0", "1"), c("A", "C", "G"))), LR10_SNP1 = structure(c(0, 
3, 0, 5, 962, 1), dim = 3:2, dimnames = list(c("-1", "0", "1"
), c("C", "T"))), LR11_SNP1 = structure(c(1, 7, 900, 1, 0, 1, 
125, 0, 0, 0, 0, 0), dim = 4:3, dimnames = list(c("-2", "-1", 
"0", "1"), c("A", "C", "G"))), LR17_SNP1 = structure(c(0, 9, 
970, 1, 0), dim = c(5L, 1L), dimnames = list(c("-2", "-1", "0", 
"1", "2"), "A")), LR20_SNP1 = structure(c(0, 0, 0, 867, 0, 1), dim = 2:3, dimnames = list(
    c("-1", "0"), c("-", "A", "G"))), LR24_SNP1 = structure(c(5, 
1991, 0, 0, 6, 0), dim = 3:2, dimnames = list(c("-1", "0", "1"
), c("A", "G"))), LR36_SNP1 = structure(c(0, 0, 4, 0, 0, 1, 1, 
913, 6, 0), dim = c(5L, 2L), dimnames = list(c("-2", "-1", "0", 
"1", "2"), c("A", "T"))), LR40_SNP1 = structure(c(0, 0, 0, 3, 
733, 3), dim = 3:2, dimnames = list(c("-1", "0", "1"), c("A", 
"C"))), LR44_SNP1 = structure(c(0, 0, 0, 1, 0, 0, 1, 27, 846, 
2, 0, 1, 0, 3, 0), dim = c(5L, 3L), dimnames = list(c("-3", "-2", 
"-1", "0", "1"), c("A", "C", "T"))), LR46_SNP1 = structure(c(1, 
448, 1, 0, 386, 1), dim = 3:2, dimnames = list(c("-1", "0", "1"
), c("G", "T"))), LR48_SNP1 = structure(c(1, 228, 483, 1, 0, 
0, 0, 0, 0, 0), dim = c(5L, 2L), dimnames = list(c("-2", "-1", 
"0", "1", "2"), c("C", "T"))), LR49_SNP1 = structure(c(0, 572, 
0, 0, 574, 0), dim = 3:2, dimnames = list(c("-1", "0", "1"), 
    c("A", "G"))), LR52_SNP1 = structure(c(0, 1, 0, 3, 0, 0, 
0, 17, 811, 5), dim = c(5L, 2L), dimnames = list(c("-3", "-2", 
"-1", "0", "1"), c("C", "T"))))
