Result <-
list(DEPDC2_SNP1 = structure(c(0, 0, 0, 0, 0, 0, 1, 0, 0, 7, 
1601, 2), dim = 4:3, dimnames = list(c("-2", "-1", "0", "1"), 
    c("A", "C", "T"))), GM01_SNP1 = structure(c(2, 579, 2, 4, 
673, 0, 0, 0, 0), dim = c(3L, 3L), dimnames = list(c("-1", "0", 
"1"), c("A", "G", "T"))), GM07_SNP1 = structure(c(0, 11, 461, 
2, 1, 0, 36, 462, 6, 0), dim = c(5L, 2L), dimnames = list(c("-2", 
"-1", "0", "1", "2"), c("A", "G"))), GM09_SNP1 = structure(c(0, 
0, 1, 0, 0, 3, 2020, 0, 0, 0, 0, 0), dim = 4:3, dimnames = list(
    c("-3", "-1", "0", "1"), c("A", "G", "T"))), GM11_SNP1 = structure(c(0, 
2, 1011, 0, 0, 0, 2, 0), dim = c(4L, 2L), dimnames = list(c("-2", 
"-1", "0", "1"), c("A", "G"))), GM14_SNP1 = structure(c(0, 0, 
1, 0, 1, 11, 1247, 4, 0, 0, 3, 0), dim = 4:3, dimnames = list(
    c("-2", "-1", "0", "1"), c("A", "C", "T"))), GM17_SNP1 = structure(c(0, 
0, 4, 0, 0, 5, 1337, 1), dim = c(4L, 2L), dimnames = list(c("-2", 
"-1", "0", "1"), c("C", "T"))), GM22_SNP1 = structure(c(5, 886, 
1), dim = c(3L, 1L), dimnames = list(c("-1", "0", "1"), "A")), 
    GM26_SNP1 = structure(c(0, 1, 0, 0, 1, 0, 2, 882, 1), dim = c(3L, 
    3L), dimnames = list(c("-1", "0", "1"), c("A", "C", "G"))), 
    GM29_SNP1 = structure(c(1, 420, 0, 0, 379, 0), dim = 3:2, dimnames = list(
        c("-1", "0", "1"), c("A", "G"))), IM16_SNP1 = structure(c(0, 
    1, 0, 0, 0, 0, 3, 982, 7, 0, 0, 0, 1, 0, 0), dim = c(5L, 
    3L), dimnames = list(c("-2", "-1", "0", "1", "2"), c("A", 
    "G", "T"))), IM49_SNP1 = structure(c(0, 13, 1017, 10, 0, 
    0, 1, 0), dim = c(4L, 2L), dimnames = list(c("-2", "-1", 
    "0", "1"), c("C", "G"))), LR10_SNP1 = structure(c(0, 0, 0, 
    0, 0, 8, 641, 1, 0, 5, 633, 0), dim = 4:3, dimnames = list(
        c("-2", "-1", "0", "1"), c("A", "C", "T"))), LR11_SNP1 = structure(c(0, 
    4, 713, 2, 0, 0, 6, 568, 1, 0), dim = c(5L, 2L), dimnames = list(
        c("-2", "-1", "0", "1", "2"), c("A", "C"))), LR17_SNP1 = structure(c(1, 
    22, 1070, 6, 0, 0, 0, 0, 0, 0), dim = c(5L, 2L), dimnames = list(
        c("-2", "-1", "0", "1", "2"), c("A", "G"))), LR20_SNP1 = structure(c(1, 
    582, 0, 0, 616, 0), dim = 3:2, dimnames = list(c("-1", "0", 
    "1"), c("A", "G"))), LR24_SNP1 = structure(c(0, 0, 6, 0, 
    0, 4, 2338, 2), dim = c(4L, 2L), dimnames = list(c("-2", 
    "-1", "0", "1"), c("A", "G"))), LR36_SNP1 = structure(c(1, 
    0, 1, 0, 0, 0, 0, 0, 0, 0, 0, 0, 3, 9, 1188, 8), dim = c(4L, 
    4L), dimnames = list(c("-2", "-1", "0", "1"), c("A", "C", 
    "G", "T"))), LR40_SNP1 = structure(c(3, 1035, 1), dim = c(3L, 
    1L), dimnames = list(c("-1", "0", "1"), "C")), LR44_SNP1 = structure(c(0, 
    0, 0, 3, 0, 1, 1, 1, 31, 821, 1, 0, 0, 0, 0, 0, 0, 0, 0, 
    0, 0, 7, 0, 0), dim = c(6L, 4L), dimnames = list(c("-4", 
    "-2", "-1", "0", "1", "3"), c("A", "C", "G", "T"))), LR46_SNP1 = structure(c(0, 
    0, 0, 0, 496, 0, 0, 792, 1), dim = c(3L, 3L), dimnames = list(
        c("-1", "0", "1"), c("C", "G", "T"))), LR48_SNP1 = structure(c(0, 
    0, 12, 940, 7, 0, 0, 0, 0, 0, 0, 0), dim = c(6L, 2L), dimnames = list(
        c("-3", "-2", "-1", "0", "1", "2"), c("C", "T"))), LR49_SNP1 = structure(c(2, 
    1411, 0, 0, 0, 0, 0, 0, 0), dim = c(3L, 3L), dimnames = list(
        c("-1", "0", "1"), c("A", "G", "T"))), LR52_SNP1 = structure(c(0, 
    1, 21, 520, 0, 0, 0, 14, 527, 0), dim = c(5L, 2L), dimnames = list(
        c("-3", "-2", "-1", "0", "1"), c("C", "T"))))
