Result <-
list(DEPDC2_SNP1 = structure(c(0, 1, 0, 0, 549, 0, 0, 0, 0, 1, 
563, 0), dim = 3:4, dimnames = list(c("-1", "0", "1"), c("A", 
"C", "G", "T"))), GM01_SNP1 = structure(c(0, 5, 899, 2, 0, 0, 
7, 0), dim = c(4L, 2L), dimnames = list(c("-2", "-1", "0", "1"
), c("A", "G"))), GM07_SNP1 = structure(c(3, 363, 4, 0, 4, 321, 
5, 0), dim = c(4L, 2L), dimnames = list(c("-1", "0", "1", "2"
), c("A", "G"))), GM09_SNP1 = structure(c(1, 664, 1, 1, 715, 
0, 0, 0, 0), dim = c(3L, 3L), dimnames = list(c("-1", "0", "1"
), c("A", "G", "T"))), GM11_SNP1 = structure(c(0, 299, 1, 1, 
339, 0), dim = 3:2, dimnames = list(c("-1", "0", "1"), c("A", 
"G"))), GM14_SNP1 = structure(c(0, 5, 959, 1, 0, 0, 0, 0), dim = c(4L, 
2L), dimnames = list(c("-2", "-1", "0", "1"), c("C", "T"))), 
    GM17_SNP1 = structure(c(4, 975, 0, 0, 4, 0), dim = 3:2, dimnames = list(
        c("-1", "0", "1"), c("C", "T"))), GM22_SNP1 = structure(c(0, 
    0, 336, 1, 1, 1, 287, 1), dim = c(4L, 2L), dimnames = list(
        c("-2", "-1", "0", "1"), c("A", "G"))), GM26_SNP1 = structure(c(0, 
    1, 258, 0, 0, 1, 287, 0), dim = c(4L, 2L), dimnames = list(
        c("-2", "-1", "0", "1"), c("A", "G"))), GM29_SNP1 = structure(c(0, 
    0, 331, 0, 0, 2, 286, 0), dim = c(4L, 2L), dimnames = list(
        c("-2", "-1", "0", "1"), c("A", "G"))), IM16_SNP1 = structure(c(2, 
    281, 1, 1, 454, 3, 0, 1, 0), dim = c(3L, 3L), dimnames = list(
        c("-1", "0", "1"), c("A", "G", "T"))), IM49_SNP1 = structure(c(0, 
    14, 1105, 5, 0, 0, 0, 11, 0, 0), dim = c(5L, 2L), dimnames = list(
        c("-2", "-1", "0", "1", "2"), c("C", "G"))), LR10_SNP1 = structure(c(1, 
    422, 0, 6, 400, 1), dim = 3:2, dimnames = list(c("-1", "0", 
    "1"), c("C", "T"))), LR11_SNP1 = structure(c(0, 0, 1, 0, 
    0, 0, 9, 838, 9, 0), dim = c(5L, 2L), dimnames = list(c("-2", 
    "-1", "0", "1", "2"), c("A", "C"))), LR17_SNP1 = structure(c(0, 
    0, 20, 1239, 3, 0, 0, 0, 0, 0, 0, 0, 0, 0, 0, 0, 0, 0), dim = c(6L, 
    3L), dimnames = list(c("-4", "-2", "-1", "0", "1", "2"), 
        c("A", "C", "G"))), LR20_SNP1 = structure(c(0, 4, 0, 
    1, 845, 0), dim = 3:2, dimnames = list(c("-1", "0", "1"), 
        c("A", "G"))), LR24_SNP1 = structure(c(0, 0, 7, 0, 0, 
    3, 2109, 0), dim = c(4L, 2L), dimnames = list(c("-2", "-1", 
    "0", "1"), c("A", "G"))), LR36_SNP1 = structure(c(1, 3, 494, 
    1, 0, 0, 3, 541, 2, 0), dim = c(5L, 2L), dimnames = list(
        c("-2", "-1", "0", "1", "2"), c("A", "T"))), LR40_SNP1 = structure(c(0, 
    0, 0, 2, 694, 0), dim = 3:2, dimnames = list(c("-1", "0", 
    "1"), c("A", "C"))), LR44_SNP1 = structure(c(0, 0, 2, 0, 
    0, 0, 9, 585, 3, 0, 0, 0, 1, 0, 0, 0, 2, 16, 0, 0), dim = 5:4, dimnames = list(
        c("-2", "-1", "0", "1", "2"), c("A", "C", "G", "T"))), 
    LR46_SNP1 = structure(c(0, 351, 0, 0, 342, 0), dim = 3:2, dimnames = list(
        c("-1", "0", "1"), c("G", "T"))), LR48_SNP1 = structure(c(0, 
    64, 587, 0, 0, 0, 1, 0), dim = c(4L, 2L), dimnames = list(
        c("-2", "-1", "0", "1"), c("C", "T"))), LR49_SNP1 = structure(c(1, 
    524, 0, 0, 553, 0, 0, 1, 0), dim = c(3L, 3L), dimnames = list(
        c("-1", "0", "1"), c("A", "G", "T"))), LR52_SNP1 = structure(c(0, 
    0, 0, 0, 0, 0, 0, 0, 4, 0, 1, 3, 18, 623, 3), dim = c(5L, 
    3L), dimnames = list(c("-3", "-2", "-1", "0", "1"), c("A", 
    "C", "T"))))
