Result <-
list(DEPDC2_SNP1 = structure(c(2, 463, 0, 2, 530, 1), dim = 3:2, dimnames = list(
    c("-1", "0", "1"), c("C", "T"))), GM01_SNP1 = structure(c(2, 
851, 0, 0, 0, 2, 0, 0), dim = c(4L, 2L), dimnames = list(c("-1", 
"0", "1", "2"), c("A", "G"))), GM07_SNP1 = structure(c(0, 0, 
0, 0, 0, 0, 8, 325, 2, 0, 0, 6, 303, 4, 0), dim = c(5L, 3L), dimnames = list(
    c("-2", "-1", "0", "1", "2"), c("-", "A", "G"))), GM09_SNP1 = structure(c(1, 
1187, 0, 0, 2, 0), dim = 3:2, dimnames = list(c("-1", "0", "1"
), c("A", "G"))), GM11_SNP1 = structure(c(0, 3, 301, 0, 0, 0, 
246, 1), dim = c(4L, 2L), dimnames = list(c("-2", "-1", "0", 
"1"), c("A", "G"))), GM14_SNP1 = structure(c(0, 0, 1, 347, 1, 
0, 0, 0, 3, 389, 0, 0), dim = c(6L, 2L), dimnames = list(c("-3", 
"-2", "-1", "0", "1", "2"), c("C", "T"))), GM17_SNP1 = structure(c(0, 
0, 0, 0, 0, 0, 402, 0, 0, 0, 0, 0, 0, 1, 404, 0), dim = c(4L, 
4L), dimnames = list(c("-2", "-1", "0", "1"), c("A", "C", "G", 
"T"))), GM22_SNP1 = structure(c(0, 0, 288, 0, 0, 1, 280, 1), dim = c(4L, 
2L), dimnames = list(c("-2", "-1", "0", "1"), c("A", "G"))), 
    GM26_SNP1 = structure(c(0, 1, 274, 0, 0, 0, 250, 0), dim = c(4L, 
    2L), dimnames = list(c("-2", "-1", "0", "1"), c("A", "G"))), 
    GM29_SNP1 = structure(c(0, 3, 288, 2, 0, 0, 299, 0), dim = c(4L, 
    2L), dimnames = list(c("-2", "-1", "0", "1"), c("A", "G"))), 
    IM16_SNP1 = structure(c(0, 3, 0, 0, 4, 637, 3, 0, 0, 0, 0, 
    0), dim = 4:3, dimnames = list(c("-1", "0", "1", "2"), c("A", 
    "G", "T"))), IM49_SNP1 = structure(c(0, 0, 3, 0, 0, 0, 8, 
    816, 4, 0), dim = c(5L, 2L), dimnames = list(c("-2", "-1", 
    "0", "1", "2"), c("C", "G"))), LR10_SNP1 = structure(c(0, 
    1, 0, 5, 800, 1), dim = 3:2, dimnames = list(c("-1", "0", 
    "1"), c("C", "T"))), LR11_SNP1 = structure(c(1, 1, 1, 432, 
    2, 0, 0, 2, 333, 0), dim = c(5L, 2L), dimnames = list(c("-3", 
    "-2", "-1", "0", "1"), c("A", "C"))), LR17_SNP1 = structure(c(0, 
    0, 11, 959, 3), dim = c(5L, 1L), dimnames = list(c("-3", 
    "-2", "-1", "0", "1"), "A")), LR20_SNP1 = structure(c(1, 
    686, 0, 0, 0, 0, 0, 0), dim = c(4L, 2L), dimnames = list(
        c("-1", "0", "1", "2"), c("A", "G"))), LR24_SNP1 = structure(c(5, 
    1702, 0, 2, 3, 0), dim = 3:2, dimnames = list(c("-1", "0", 
    "1"), c("A", "G"))), LR36_SNP1 = structure(c(0, 1, 4, 0, 
    0, 4, 854, 2), dim = c(4L, 2L), dimnames = list(c("-2", "-1", 
    "0", "1"), c("A", "T"))), LR40_SNP1 = structure(c(0, 0, 600, 
    1, 1), dim = c(5L, 1L), dimnames = list(c("-2", "-1", "0", 
    "1", "2"), "C")), LR44_SNP1 = structure(c(0, 0, 0, 1, 0, 
    0, 0, 2, 15, 569, 3, 0, 0, 0, 0, 1, 0, 0, 0, 0, 0, 6, 0, 
    0), dim = c(6L, 4L), dimnames = list(c("-3", "-2", "-1", 
    "0", "1", "2"), c("A", "C", "G", "T"))), LR46_SNP1 = structure(c(0, 
    1, 0, 0, 664, 1, 0, 3, 0), dim = c(3L, 3L), dimnames = list(
        c("-1", "0", "1"), c("A", "G", "T"))), LR48_SNP1 = structure(c(0, 
    4, 265, 0, 0, 2, 352, 2), dim = c(4L, 2L), dimnames = list(
        c("-2", "-1", "0", "1"), c("C", "T"))), LR49_SNP1 = structure(c(0, 
    0, 0, 1, 1024, 0), dim = 3:2, dimnames = list(c("-1", "0", 
    "1"), c("A", "G"))), LR52_SNP1 = structure(c(0, 14, 304, 
    0, 1, 9, 295, 0), dim = c(4L, 2L), dimnames = list(c("-2", 
    "-1", "0", "1"), c("C", "T"))))
