Result <-
list(DEPDC2_SNP1 = structure(c(0, 0, 0, 0, 156, 0, 0, 170, 0), dim = c(3L, 
3L), dimnames = list(c("-1", "0", "1"), c("A", "C", "T"))), GM01_SNP1 = structure(c(0, 
1, 376, 0, 0, 0, 0, 0, 0, 0, 0, 0, 386, 0, 0), dim = c(5L, 3L
), dimnames = list(c("-2", "-1", "0", "1", "2"), c("A", "C", 
"G"))), GM07_SNP1 = structure(c(0, 2, 250, 2, 0, 0, 1, 238, 0, 
1), dim = c(5L, 2L), dimnames = list(c("-2", "-1", "0", "1", 
"2"), c("A", "G"))), GM09_SNP1 = structure(c(0, 476, 0, 0, 0, 
0, 0, 0, 0), dim = c(3L, 3L), dimnames = list(c("-1", "0", "1"
), c("A", "G", "T"))), GM11_SNP1 = structure(c(0, 0, 142, 0, 
0, 0, 214, 0, 0, 0, 1, 0), dim = 4:3, dimnames = list(c("-2", 
"-1", "0", "1"), c("A", "G", "T"))), GM14_SNP1 = structure(c(0, 
0, 1, 0, 0, 1, 289, 0, 0, 0, 286, 0), dim = 4:3, dimnames = list(
    c("-2", "-1", "0", "1"), c("-", "C", "T"))), GM17_SNP1 = structure(c(0, 
0, 0, 0, 0, 0, 342, 0, 0, 0, 325, 0), dim = 4:3, dimnames = list(
    c("-2", "-1", "0", "1"), c("A", "C", "T"))), GM22_SNP1 = structure(c(0, 
1, 989, 0, 0, 0, 0, 0, 0, 0), dim = c(5L, 2L), dimnames = list(
    c("-2", "-1", "0", "1", "2"), c("A", "G"))), GM26_SNP1 = structure(c(1, 
266, 0), dim = c(3L, 1L), dimnames = list(c("-1", "0", "1"), 
    "A")), GM29_SNP1 = structure(c(0, 0, 191, 0, 0, 0, 189, 0, 
0, 0, 1, 0), dim = 4:3, dimnames = list(c("-2", "-1", "0", "1"
), c("A", "G", "T"))), IM16_SNP1 = structure(c(0, 1, 200, 0, 
0, 0, 191, 0), dim = c(4L, 2L), dimnames = list(c("-2", "-1", 
"0", "1"), c("A", "G"))), IM49_SNP1 = structure(c(0, 0, 150, 
0, 0, 0, 0, 0), dim = c(4L, 2L), dimnames = list(c("-2", "-1", 
"0", "1"), c("C", "G"))), LR10_SNP1 = structure(c(0, 383, 0, 
0, 0, 0), dim = 3:2, dimnames = list(c("-1", "0", "1"), c("C", 
"T"))), LR11_SNP1 = structure(c(0, 0, 1, 0, 0, 0, 0, 356, 0, 
0, 0, 0, 0, 0, 0), dim = c(5L, 3L), dimnames = list(c("-2", "-1", 
"0", "1", "2"), c("A", "C", "T"))), LR17_SNP1 = structure(c(2, 
306, 0), dim = c(3L, 1L), dimnames = list(c("-1", "0", "1"), 
    "A")), LR20_SNP1 = structure(c(0, 105, 0, 0, 115, 0), dim = 3:2, dimnames = list(
    c("-1", "0", "1"), c("A", "G"))), LR24_SNP1 = structure(c(0, 
343, 0), dim = c(3L, 1L), dimnames = list(c("-1", "0", "1"), 
    "G")), LR36_SNP1 = structure(c(0, 0, 0, 0, 0, 0, 0, 0, 0, 
0, 0, 0, 0, 0, 0, 0, 0, 0, 373, 0), dim = 5:4, dimnames = list(
    c("-3", "-2", "-1", "0", "1"), c("A", "C", "G", "T"))), LR40_SNP1 = structure(c(0, 
144, 0, 0, 159, 0, 0, 0, 0), dim = c(3L, 3L), dimnames = list(
    c("-1", "0", "1"), c("A", "C", "G"))), LR44_SNP1 = structure(c(0, 
0, 1, 92, 0, 0, 0, 1, 113, 0), dim = c(5L, 2L), dimnames = list(
    c("-3", "-2", "-1", "0", "1"), c("C", "T"))), LR46_SNP1 = structure(c(0, 
0, 0, 0, 0, 0, 0, 0, 0, 0, 797, 0), dim = 4:3, dimnames = list(
    c("-2", "-1", "0", "1"), c("-", "G", "T"))), LR48_SNP1 = structure(c(0, 
0, 1, 0, 0, 0, 1, 620, 1, 0, 0, 0, 0, 0, 0), dim = c(5L, 3L), dimnames = list(
    c("-2", "-1", "0", "1", "2"), c("A", "C", "T"))), LR49_SNP1 = structure(c(0, 
1, 0, 426), dim = c(2L, 2L), dimnames = list(c("-1", "0"), c("A", 
"G"))), LR52_SNP1 = structure(c(0, 0, 0, 0, 0, 0, 0, 10, 205, 
0, 0, 0, 1, 233, 0), dim = c(5L, 3L), dimnames = list(c("-3", 
"-2", "-1", "0", "1"), c("A", "C", "T"))))
