Result <-
list(DEPDC2_SNP1 = structure(c(0, 0, 0, 0, 0, 0, 272, 54), dim = c(4L, 
2L), dimnames = list(c("-2", "-1", "0", "1"), c("C", "T"))), 
    GM01_SNP1 = structure(c(0, 2, 341, 0, 0, 1, 323, 0), dim = c(4L, 
    2L), dimnames = list(c("-2", "-1", "0", "1"), c("A", "G"))), 
    GM07_SNP1 = structure(c(0, 105, 105, 1, 0, 5, 98, 105, 0, 
    0), dim = c(5L, 2L), dimnames = list(c("-2", "-1", "0", "1", 
    "2"), c("A", "G"))), GM09_SNP1 = structure(c(0, 0, 0, 3, 
    401, 0), dim = 3:2, dimnames = list(c("-1", "0", "1"), c("A", 
    "G"))), GM11_SNP1 = structure(c(1, 294, 93, 0), dim = c(4L, 
    1L), dimnames = list(c("-1", "0", "1", "2"), "A")), GM14_SNP1 = structure(c(0, 
    0, 3, 265, 0, 0, 0, 2, 291, 0), dim = c(5L, 2L), dimnames = list(
        c("-3", "-2", "-1", "0", "1"), c("C", "T"))), GM17_SNP1 = structure(c(0, 
    0, 0, 0, 0, 0, 0, 0, 0, 0, 613, 3), dim = 4:3, dimnames = list(
        c("-2", "-1", "0", "1"), c("A", "C", "T"))), GM22_SNP1 = structure(c(0, 
    0, 1, 861, 4, 0, 0, 0, 0, 0, 0, 0, 0, 0, 0, 0, 0, 0), dim = c(6L, 
    3L), dimnames = list(c("-3", "-2", "-1", "0", "1", "2"), 
        c("A", "G", "T"))), GM26_SNP1 = structure(c(0, 110, 0, 
    0, 131, 0), dim = 3:2, dimnames = list(c("-1", "0", "1"), 
        c("A", "G"))), GM29_SNP1 = structure(c(0, 7, 386, 0, 
    0, 0, 0, 0, 0, 0, 0, 0), dim = 4:3, dimnames = list(c("-2", 
    "-1", "0", "1"), c("A", "G", "T"))), IM16_SNP1 = structure(c(0, 
    2, 197, 0, 0, 1, 191, 0), dim = c(4L, 2L), dimnames = list(
        c("-2", "-1", "0", "1"), c("A", "G"))), IM49_SNP1 = structure(c(0, 
    0, 0, 0, 0, 0, 0, 1, 34, 116, 1, 0), dim = c(6L, 2L), dimnames = list(
        c("-3", "-2", "-1", "0", "1", "2"), c("C", "G"))), LR10_SNP1 = structure(c(0, 
    0, 0, 1, 347, 0), dim = 3:2, dimnames = list(c("-1", "0", 
    "1"), c("A", "T"))), LR11_SNP1 = structure(c(0, 1, 161, 0, 
    0, 0, 3, 156, 0, 0), dim = c(5L, 2L), dimnames = list(c("-2", 
    "-1", "0", "1", "2"), c("A", "C"))), LR17_SNP1 = structure(c(2, 
    121, 171, 0, 0, 0, 0, 0, 0, 0, 0, 0, 0, 0, 0), dim = c(5L, 
    3L), dimnames = list(c("-2", "-1", "0", "1", "2"), c("A", 
    "G", "T"))), LR20_SNP1 = structure(c(0, 91, 0, 0, 0, 133, 
    0, 0), dim = c(4L, 2L), dimnames = list(c("-1", "0", "1", 
    "2"), c("A", "G"))), LR24_SNP1 = structure(c(60, 361, 0), dim = c(3L, 
    1L), dimnames = list(c("-1", "0", "1"), "G")), LR36_SNP1 = structure(c(0, 
    0, 0, 0, 0, 0, 12, 371, 2, 0), dim = c(5L, 2L), dimnames = list(
        c("-2", "-1", "0", "1", "2"), c("A", "T"))), LR40_SNP1 = structure(c(1, 
    119, 0, 0, 127, 0, 0, 0, 0), dim = c(3L, 3L), dimnames = list(
        c("-1", "0", "1"), c("A", "C", "T"))), LR44_SNP1 = structure(c(0, 
    0, 0, 1, 0, 0, 0, 0, 0, 0, 0, 1, 38, 108, 0, 0, 0, 0, 0, 
    0), dim = 5:4, dimnames = list(c("-3", "-2", "-1", "0", "1"
    ), c("-", "A", "C", "T"))), LR46_SNP1 = structure(c(0, 0, 
    0, 0, 0, 0, 5, 644, 0), dim = c(3L, 3L), dimnames = list(
        c("-1", "0", "1"), c("-", "G", "T"))), LR48_SNP1 = structure(c(0, 
    1, 256, 0, 0, 1, 6, 283, 1, 0), dim = c(5L, 2L), dimnames = list(
        c("-2", "-1", "0", "1", "2"), c("C", "T"))), LR49_SNP1 = structure(c(0, 
    0, 0, 0, 0, 104, 266, 0), dim = c(4L, 2L), dimnames = list(
        c("-2", "-1", "0", "1"), c("A", "G"))), LR52_SNP1 = structure(c(0, 
    0, 0, 0, 0, 0, 0, 0, 7, 85, 274, 0), dim = c(6L, 2L), dimnames = list(
        c("-4", "-3", "-2", "-1", "0", "1"), c("C", "T"))))
