Result <-
list(DEPDC2_SNP1 = structure(c(0, 254, 65, 0), dim = c(4L, 1L
), dimnames = list(c("-1", "0", "1", "2"), "T")), GM01_SNP1 = structure(c(7, 
612, 0, 0, 0, 0, 0, 0, 0), dim = c(3L, 3L), dimnames = list(c("-1", 
"0", "1"), c("A", "G", "T"))), GM07_SNP1 = structure(c(0, 0, 
0, 0, 0, 0, 34, 337, 1, 0), dim = c(5L, 2L), dimnames = list(
    c("-2", "-1", "0", "1", "2"), c("A", "G"))), GM09_SNP1 = structure(c(0, 
0, 195, 0, 0, 0, 168, 0), dim = c(4L, 2L), dimnames = list(c("-2", 
"-1", "0", "1"), c("A", "G"))), GM11_SNP1 = structure(c(3, 298, 
0), dim = c(3L, 1L), dimnames = list(c("-1", "0", "1"), "A")), 
    GM14_SNP1 = structure(c(0, 17, 227, 0, 1, 2, 243, 1), dim = c(4L, 
    2L), dimnames = list(c("-2", "-1", "0", "1"), c("C", "T"))), 
    GM17_SNP1 = structure(c(3, 523, 1, 0, 0, 0), dim = 3:2, dimnames = list(
        c("-1", "0", "1"), c("C", "T"))), GM22_SNP1 = structure(c(0, 
    0, 0, 0, 0, 5, 462, 1, 0, 3, 411, 0, 0, 0, 0, 0), dim = c(4L, 
    4L), dimnames = list(c("-2", "-1", "0", "1"), c("-", "A", 
    "G", "T"))), GM26_SNP1 = structure(c(0, 224, 0, 0, 0, 0), dim = 3:2, dimnames = list(
        c("-1", "0", "1"), c("A", "G"))), GM29_SNP1 = structure(c(0, 
    0, 0, 0, 0, 0, 0, 0, 0, 2, 326, 0), dim = 4:3, dimnames = list(
        c("-2", "-1", "0", "1"), c("A", "C", "G"))), IM16_SNP1 = structure(c(0, 
    1, 161, 1, 0, 6, 167, 0, 0, 0, 0, 0), dim = 4:3, dimnames = list(
        c("-2", "-1", "0", "1"), c("A", "G", "T"))), IM49_SNP1 = structure(c(0, 
    1, 12, 126, 1), dim = c(5L, 1L), dimnames = list(c("-3", 
    "-2", "-1", "0", "1"), "C")), LR10_SNP1 = structure(c(0, 
    0, 0, 0, 0, 0, 0, 0, 0, 1, 314, 2), dim = 4:3, dimnames = list(
        c("-2", "-1", "0", "1"), c("A", "C", "T"))), LR11_SNP1 = structure(c(0, 
    7, 278, 0), dim = c(4L, 1L), dimnames = list(c("-2", "-1", 
    "0", "1"), "C")), LR17_SNP1 = structure(c(0, 13, 204, 0, 
    0, 0, 0, 0), dim = c(4L, 2L), dimnames = list(c("-2", "-1", 
    "0", "1"), c("A", "G"))), LR20_SNP1 = structure(c(0, 0, 0, 
    0, 73, 0, 0, 62, 0, 0, 0, 0), dim = 3:4, dimnames = list(
        c("-1", "0", "1"), c("-", "A", "G", "T"))), LR24_SNP1 = structure(c(0, 
    336, 0, 0, 0, 0), dim = 3:2, dimnames = list(c("-1", "0", 
    "1"), c("A", "G"))), LR36_SNP1 = structure(c(0, 0, 0, 0, 
    0, 0, 0, 0, 0, 0, 0, 0, 0, 6, 308, 0), dim = c(4L, 4L), dimnames = list(
        c("-2", "-1", "0", "1"), c("A", "C", "G", "T"))), LR40_SNP1 = structure(c(0, 
    0, 0, 1, 230, 0, 0, 0, 0, 0, 0, 0), dim = 3:4, dimnames = list(
        c("-1", "0", "1"), c("A", "C", "G", "T"))), LR44_SNP1 = structure(c(0, 
    1, 42, 136, 1), dim = c(5L, 1L), dimnames = list(c("-3", 
    "-2", "-1", "0", "1"), "C")), LR46_SNP1 = structure(c(0, 
    7, 264, 0, 0, 141, 171, 0), dim = c(4L, 2L), dimnames = list(
        c("-2", "-1", "0", "1"), c("G", "T"))), LR48_SNP1 = structure(c(0, 
    0, 5, 244, 0, 0, 0, 0, 0, 0, 0, 0, 0, 8, 24, 216, 0, 0), dim = c(6L, 
    3L), dimnames = list(c("-3", "-2", "-1", "0", "1", "2"), 
        c("C", "G", "T"))), LR49_SNP1 = structure(c(0, 192, 2, 
    158, 0, 0), dim = 2:3, dimnames = list(c("-1", "0"), c("A", 
    "G", "T"))), LR52_SNP1 = structure(c(0, 2, 19, 149, 1, 0, 
    0, 5, 45, 117, 0, 0), dim = c(6L, 2L), dimnames = list(c("-3", 
    "-2", "-1", "0", "1", "2"), c("C", "T"))))
