Result <-
list(DEPDC2_SNP1 = structure(c(0, 0, 0, 0, 244, 0), dim = 3:2, dimnames = list(
    c("-1", "0", "1"), c("A", "T"))), GM01_SNP1 = structure(c(0, 
0, 0, 0, 0, 0, 228, 1, 0, 13, 189, 0), dim = 4:3, dimnames = list(
    c("-2", "-1", "0", "1"), c("-", "A", "G"))), GM07_SNP1 = structure(c(0, 
0, 0, 0, 0, 0, 18, 277, 2, 0), dim = c(5L, 2L), dimnames = list(
    c("-2", "-1", "0", "1", "2"), c("A", "G"))), GM09_SNP1 = structure(c(0, 
0, 0, 1, 20, 1), dim = 3:2, dimnames = list(c("-1", "0", "1"), 
    c("A", "G"))), GM11_SNP1 = structure(c(3, 106, 0, 0, 2, 117, 
4, 0), dim = c(4L, 2L), dimnames = list(c("-1", "0", "1", "2"
), c("A", "G"))), GM14_SNP1 = structure(c(1, 12, 181, 0, 0, 0, 
0, 0, 0, 0, 167, 0), dim = 4:3, dimnames = list(c("-2", "-1", 
"0", "1"), c("C", "G", "T"))), GM17_SNP1 = structure(c(0, 3, 
188, 0, 0, 0, 177, 0), dim = c(4L, 2L), dimnames = list(c("-2", 
"-1", "0", "1"), c("C", "T"))), GM22_SNP1 = structure(c(0, 4, 
596, 0, 0, 0, 0, 0, 0, 0, 0, 0), dim = 4:3, dimnames = list(c("-2", 
"-1", "0", "1"), c("A", "G", "T"))), GM26_SNP1 = structure(c(0, 
0, 1, 140, 1, 0, 0, 0, 0, 0), dim = c(5L, 2L), dimnames = list(
    c("-3", "-2", "-1", "0", "1"), c("A", "G"))), GM29_SNP1 = structure(c(1, 
239, 0, 0, 0, 0), dim = 3:2, dimnames = list(c("-1", "0", "1"
), c("A", "G"))), IM16_SNP1 = structure(c(0, 0, 0, 4, 223, 1, 
0, 0, 0), dim = c(3L, 3L), dimnames = list(c("-1", "0", "1"), 
    c("A", "G", "T"))), IM49_SNP1 = structure(c(0, 3, 20, 71, 
1, 0, 0, 0, 0, 0), dim = c(5L, 2L), dimnames = list(c("-3", "-2", 
"-1", "0", "1"), c("C", "G"))), LR10_SNP1 = structure(c(0, 82, 
1, 1, 99, 1), dim = 3:2, dimnames = list(c("-1", "0", "1"), c("C", 
"T"))), LR11_SNP1 = structure(c(0, 0, 1, 127, 0, 0, 1, 1, 78, 
0, 0, 0, 0, 0, 0), dim = c(5L, 3L), dimnames = list(c("-3", "-2", 
"-1", "0", "1"), c("A", "C", "T"))), LR17_SNP1 = structure(c(0, 
6, 54, 73, 0, 0, 0, 0, 0, 0), dim = c(5L, 2L), dimnames = list(
    c("-3", "-2", "-1", "0", "1"), c("A", "G"))), LR20_SNP1 = structure(c(0, 
46, 0, 0, 47, 0), dim = 3:2, dimnames = list(c("-1", "0", "1"
), c("A", "G"))), LR24_SNP1 = structure(c(0, 1, 0, 82, 223, 0
), dim = 3:2, dimnames = list(c("-1", "0", "1"), c("A", "G"))), 
    LR36_SNP1 = structure(c(0, 0, 0, 0, 0, 0, 0, 0, 0, 0, 0, 
    0, 0, 0, 5, 86, 138, 0), dim = c(6L, 3L), dimnames = list(
        c("-6", "-3", "-2", "-1", "0", "1"), c("A", "C", "T"))), 
    LR40_SNP1 = structure(c(0, 0, 0, 3, 136, 0, 0, 0, 0), dim = c(3L, 
    3L), dimnames = list(c("-1", "0", "1"), c("A", "C", "T"))), 
    LR44_SNP1 = structure(c(2, 46, 73, 2, 0, 0, 0, 0), dim = c(4L, 
    2L), dimnames = list(c("-2", "-1", "0", "1"), c("C", "T"))), 
    LR46_SNP1 = structure(c(0, 0, 0, 0, 0, 0, 0, 5, 245, 0, 0, 
    0, 3, 217, 0), dim = c(5L, 3L), dimnames = list(c("-3", "-2", 
    "-1", "0", "1"), c("A", "G", "T"))), LR48_SNP1 = structure(c(1, 
    38, 128, 0, 0, 11, 188, 0), dim = c(4L, 2L), dimnames = list(
        c("-2", "-1", "0", "1"), c("C", "T"))), LR49_SNP1 = structure(c(0, 
    0, 1, 224), dim = c(2L, 2L), dimnames = list(c("-1", "0"), 
        c("A", "G"))), LR52_SNP1 = structure(c(0, 0, 0, 0, 0, 
    0, 2, 20, 112, 0, 0, 0, 10, 102, 0), dim = c(5L, 3L), dimnames = list(
        c("-3", "-2", "-1", "0", "1"), c("A", "C", "T"))))
