Result <-
list(DEPDC2_SNP1 = structure(c(1, 399, 0), dim = c(3L, 1L), dimnames = list(
    c("-1", "0", "1"), "T")), GM01_SNP1 = structure(c(0, 0, 0, 
0, 0, 1, 720, 0, 0, 0, 0, 0), dim = 4:3, dimnames = list(c("-2", 
"-1", "0", "1"), c("-", "A", "G"))), GM07_SNP1 = structure(c(0, 
0, 0, 0, 0, 0, 4, 442, 2, 0, 0, 0, 0, 0, 0, 0, 0, 0, 0, 0), dim = 5:4, dimnames = list(
    c("-2", "-1", "0", "1", "2"), c("-", "A", "G", "T"))), GM09_SNP1 = structure(c(0, 
0, 0, 0, 37, 0), dim = 3:2, dimnames = list(c("-1", "0", "1"), 
    c("A", "G"))), GM11_SNP1 = structure(c(0, 0, 195, 0, 2, 0, 
0, 203, 0, 0), dim = c(5L, 2L), dimnames = list(c("-2", "-1", 
"0", "1", "2"), c("A", "G"))), GM14_SNP1 = structure(c(0, 2, 
321, 0, 0, 0, 1, 312, 0, 0), dim = c(5L, 2L), dimnames = list(
    c("-2", "-1", "0", "1", "2"), c("C", "T"))), GM17_SNP1 = structure(c(0, 
0, 0, 0, 0, 7, 635, 0), dim = c(4L, 2L), dimnames = list(c("-2", 
"-1", "0", "1"), c("C", "T"))), GM22_SNP1 = structure(c(1, 1158, 
0, 0, 0, 0), dim = 3:2, dimnames = list(c("-1", "0", "1"), c("A", 
"G"))), GM26_SNP1 = structure(c(0, 116, 3, 0, 140, 0), dim = 3:2, dimnames = list(
    c("-1", "0", "1"), c("A", "G"))), GM29_SNP1 = structure(c(0, 
0, 443, 0), dim = c(4L, 1L), dimnames = list(c("-2", "-1", "0", 
"1"), "A")), IM16_SNP1 = structure(c(1, 238, 0, 3, 240, 0, 0, 
0, 0), dim = c(3L, 3L), dimnames = list(c("-1", "0", "1"), c("A", 
"G", "T"))), IM49_SNP1 = structure(c(0, 4, 83, 0, 0, 0, 1, 81, 
2, 0), dim = c(5L, 2L), dimnames = list(c("-2", "-1", "0", "1", 
"2"), c("C", "G"))), LR10_SNP1 = structure(c(0, 0, 0, 0, 0, 0, 
189, 0, 0, 1, 208, 0), dim = 4:3, dimnames = list(c("-2", "-1", 
"0", "1"), c("A", "C", "T"))), LR11_SNP1 = structure(c(0, 0, 
0, 0, 0, 0, 1, 286, 0, 0), dim = c(5L, 2L), dimnames = list(c("-2", 
"-1", "0", "1", "2"), c("A", "C"))), LR17_SNP1 = structure(c(0, 
2, 307, 1, 0, 0, 0, 0), dim = c(4L, 2L), dimnames = list(c("-2", 
"-1", "0", "1"), c("A", "G"))), LR20_SNP1 = structure(207, dim = c(1L, 
1L), dimnames = list("0", "A")), LR24_SNP1 = structure(c(0, 326, 
0), dim = c(3L, 1L), dimnames = list(c("-1", "0", "1"), "A")), 
    LR36_SNP1 = structure(c(0, 0, 0, 1, 215, 0, 0, 0, 0, 0, 0, 
    0, 0, 0, 0, 0, 0, 0, 205, 0, 0), dim = c(7L, 3L), dimnames = list(
        c("-4", "-3", "-2", "-1", "0", "1", "2"), c("A", "G", 
        "T"))), LR40_SNP1 = structure(c(0, 0, 0, 0, 231, 1), dim = 3:2, dimnames = list(
        c("-1", "0", "1"), c("A", "C"))), LR44_SNP1 = structure(c(0, 
    0, 0, 0, 0, 2, 128, 0, 0, 1, 125, 0), dim = 4:3, dimnames = list(
        c("-2", "-1", "0", "1"), c("-", "C", "T"))), LR46_SNP1 = structure(c(0, 
    0, 1, 0, 0, 0, 0, 0, 0, 0, 404, 0, 0, 0, 433, 0), dim = c(4L, 
    4L), dimnames = list(c("-3", "-1", "0", "1"), c("A", "C", 
    "G", "T"))), LR48_SNP1 = structure(c(0, 5, 620, 2, 0, 0, 
    0, 0), dim = c(4L, 2L), dimnames = list(c("-2", "-1", "0", 
    "1"), c("C", "T"))), LR49_SNP1 = structure(c(0, 420, 0, 0, 
    0, 0, 0, 0, 0), dim = c(3L, 3L), dimnames = list(c("-1", 
    "0", "1"), c("A", "G", "T"))), LR52_SNP1 = structure(c(0, 
    1, 17, 434, 1, 0, 0, 0, 0, 0, 0, 0), dim = c(6L, 2L), dimnames = list(
        c("-3", "-2", "-1", "0", "1", "2"), c("C", "G"))))
