Result <-
list(DEPDC2_SNP1 = structure(c(0, 0, 0, 0, 0, 0, 165, 0, 0, 1, 
166, 1), dim = 4:3, dimnames = list(c("-2", "-1", "0", "1"), 
    c("A", "C", "T"))), GM01_SNP1 = structure(c(0, 0, 0, 0, 0, 
0, 731, 0, 0, 0, 0, 0), dim = 4:3, dimnames = list(c("-2", "-1", 
"0", "1"), c("-", "A", "G"))), GM07_SNP1 = structure(c(0, 0, 
221, 2, 0, 0, 2, 213, 0, 0, 0, 0, 0, 0, 0), dim = c(5L, 3L), dimnames = list(
    c("-2", "-1", "0", "1", "2"), c("A", "G", "T"))), GM09_SNP1 = structure(c(0, 
222, 0, 0, 0, 0, 1, 226, 0), dim = c(3L, 3L), dimnames = list(
    c("-1", "0", "1"), c("A", "C", "G"))), GM11_SNP1 = structure(c(0, 
342, 0), dim = c(3L, 1L), dimnames = list(c("-1", "0", "1"), 
    "A")), GM14_SNP1 = structure(c(0, 1, 335, 1, 0, 1, 306, 0
), dim = c(4L, 2L), dimnames = list(c("-2", "-1", "0", "1"), 
    c("C", "T"))), GM17_SNP1 = structure(c(0, 0, 0, 0, 0, 0, 
0, 0, 1, 658, 0, 0), dim = 4:3, dimnames = list(c("-1", "0", 
"1", "2"), c("A", "C", "T"))), GM22_SNP1 = structure(c(0, 1, 
455, 409, 0, 0, 0, 0, 0, 0, 0, 0), dim = c(6L, 2L), dimnames = list(
    c("-2", "-1", "0", "1", "2", "3"), c("A", "G"))), GM26_SNP1 = structure(c(0, 
0, 112, 0, 0, 0, 125, 0, 0, 0, 0, 0), dim = 4:3, dimnames = list(
    c("-2", "-1", "0", "1"), c("A", "G", "T"))), GM29_SNP1 = structure(c(0, 
0, 198, 0, 0, 0, 217, 0), dim = c(4L, 2L), dimnames = list(c("-2", 
"-1", "0", "1"), c("A", "G"))), IM16_SNP1 = structure(c(0, 0, 
196, 2, 0, 0, 0, 190, 1, 0, 0, 0, 0, 0, 0), dim = c(5L, 3L), dimnames = list(
    c("-2", "-1", "0", "1", "2"), c("A", "G", "T"))), IM49_SNP1 = structure(c(0, 
1, 63, 0, 0, 0, 75, 0), dim = c(4L, 2L), dimnames = list(c("-2", 
"-1", "0", "1"), c("C", "G"))), LR10_SNP1 = structure(c(1, 176, 
0, 1, 200, 0), dim = 3:2, dimnames = list(c("-1", "0", "1"), 
    c("C", "T"))), LR11_SNP1 = structure(c(0, 1, 175, 0, 0, 0, 
143, 0), dim = c(4L, 2L), dimnames = list(c("-2", "-1", "0", 
"1"), c("A", "C"))), LR17_SNP1 = structure(c(0, 3, 361, 0, 0, 
0, 0, 0), dim = c(4L, 2L), dimnames = list(c("-2", "-1", "0", 
"1"), c("A", "G"))), LR20_SNP1 = structure(c(0, 0, 175, 0), dim = c(2L, 
2L), dimnames = list(c("0", "1"), c("-", "A"))), LR24_SNP1 = structure(c(2, 
450, 0, 0, 0, 0), dim = 3:2, dimnames = list(c("-1", "0", "1"
), c("A", "G"))), LR36_SNP1 = structure(c(0, 0, 0, 0, 353, 0), dim = 3:2, dimnames = list(
    c("-1", "0", "1"), c("A", "T"))), LR40_SNP1 = structure(c(0, 
0, 0, 0, 0, 0, 260, 0), dim = c(4L, 2L), dimnames = list(c("-2", 
"-1", "0", "1"), c("A", "C"))), LR44_SNP1 = structure(c(0, 0, 
0, 65, 0, 0, 0, 1, 94, 0), dim = c(5L, 2L), dimnames = list(c("-3", 
"-2", "-1", "0", "1"), c("C", "T"))), LR46_SNP1 = structure(c(0, 
0, 0, 0, 0, 0, 0, 0, 0, 1, 771, 1), dim = 4:3, dimnames = list(
    c("-2", "-1", "0", "1"), c("A", "C", "G"))), LR48_SNP1 = structure(c(0, 
0, 0, 579, 0, 0), dim = c(6L, 1L), dimnames = list(c("-3", "-2", 
"-1", "0", "1", "2"), "C")), LR49_SNP1 = structure(c(0, 217, 
0, 0, 207, 0, 0, 0, 0), dim = c(3L, 3L), dimnames = list(c("-1", 
"0", "1"), c("A", "G", "T"))), LR52_SNP1 = structure(c(0, 0, 
0, 0, 0, 0, 3, 103, 134, 0), dim = c(5L, 2L), dimnames = list(
    c("-2", "-1", "0", "1", "2"), c("A", "C"))))
