Result <-
list(DEPDC2_SNP1 = structure(c(0, 0, 0, 0, 0, 0, 0, 0, 0, 1, 
348, 1), dim = 4:3, dimnames = list(c("-2", "-1", "0", "1"), 
    c("A", "C", "T"))), GM01_SNP1 = structure(c(0, 0, 0, 0, 0, 
56, 543, 1, 0, 0, 0, 0), dim = 4:3, dimnames = list(c("-2", "-1", 
"0", "1"), c("-", "A", "G"))), GM07_SNP1 = structure(c(0, 0, 
0, 0, 0, 0, 23, 371, 1, 0, 0, 0, 0, 0, 0), dim = c(5L, 3L), dimnames = list(
    c("-2", "-1", "0", "1", "2"), c("A", "G", "T"))), GM09_SNP1 = structure(c(0, 
433, 0, 0, 0, 0), dim = 3:2, dimnames = list(c("-1", "0", "1"
), c("A", "G"))), GM11_SNP1 = structure(c(1, 186, 0, 0, 185, 
0), dim = 3:2, dimnames = list(c("-1", "0", "1"), c("A", "G"))), 
    GM14_SNP1 = structure(c(0, 0, 3, 481, 1, 0, 0, 0, 0, 0), dim = c(5L, 
    2L), dimnames = list(c("-3", "-2", "-1", "0", "1"), c("C", 
    "T"))), GM17_SNP1 = structure(c(1, 510, 0, 0, 0, 0), dim = 3:2, dimnames = list(
        c("-1", "0", "1"), c("C", "T"))), GM22_SNP1 = structure(c(0, 
    0, 0, 0, 0, 0, 961, 0, 0, 1, 0, 0, 0, 0, 0, 0), dim = c(4L, 
    4L), dimnames = list(c("-2", "-1", "0", "1"), c("-", "A", 
    "G", "T"))), GM26_SNP1 = structure(c(5, 202, 0, 0, 0, 0), dim = 3:2, dimnames = list(
        c("-1", "0", "1"), c("A", "G"))), GM29_SNP1 = structure(c(0, 
    0, 184, 0, 0, 29, 142, 0), dim = c(4L, 2L), dimnames = list(
        c("-2", "-1", "0", "1"), c("A", "G"))), IM16_SNP1 = structure(c(0, 
    0, 0, 0, 0, 5, 342, 2), dim = c(4L, 2L), dimnames = list(
        c("-2", "-1", "0", "1"), c("A", "G"))), IM49_SNP1 = structure(c(0, 
    2, 62, 0, 0, 16, 0, 45, 0, 0), dim = c(5L, 2L), dimnames = list(
        c("-2", "-1", "0", "1", "2"), c("C", "G"))), LR10_SNP1 = structure(c(0, 
    0, 0, 0, 0, 0, 0, 328, 0), dim = c(3L, 3L), dimnames = list(
        c("-1", "0", "1"), c("A", "C", "T"))), LR11_SNP1 = structure(c(0, 
    9, 152, 0, 0, 0, 4, 149, 0, 0), dim = c(5L, 2L), dimnames = list(
        c("-2", "-1", "0", "1", "2"), c("A", "C"))), LR17_SNP1 = structure(c(0, 
    3, 163, 0), dim = c(4L, 1L), dimnames = list(c("-2", "-1", 
    "0", "1"), "A")), LR20_SNP1 = structure(c(0, 0, 4, 162), dim = c(2L, 
    2L), dimnames = list(c("-1", "0"), c("A", "G"))), LR24_SNP1 = structure(c(13, 
    142, 0, 2, 168, 0), dim = 3:2, dimnames = list(c("-1", "0", 
    "1"), c("A", "G"))), LR36_SNP1 = structure(c(0, 0, 28, 142, 
    0, 0, 0, 0, 0, 0, 0, 0, 0, 0, 0, 0, 2, 12, 165, 0), dim = 5:4, dimnames = list(
        c("-3", "-2", "-1", "0", "1"), c("A", "C", "G", "T"))), 
    LR40_SNP1 = structure(c(0, 0, 0, 0, 0, 1, 249, 0), dim = c(4L, 
    2L), dimnames = list(c("-3", "-1", "0", "1"), c("A", "C"))), 
    LR44_SNP1 = structure(c(1, 19, 51, 0, 0, 2, 85, 0), dim = c(4L, 
    2L), dimnames = list(c("-2", "-1", "0", "1"), c("C", "T"))), 
    LR46_SNP1 = structure(c(0, 0, 0, 0, 0, 0, 1, 644, 0), dim = c(3L, 
    3L), dimnames = list(c("-1", "0", "1"), c("A", "G", "T"))), 
    LR48_SNP1 = structure(c(0, 0, 0, 0, 0, 0, 0, 0, 0, 0, 0, 
    5, 546, 2, 0), dim = c(5L, 3L), dimnames = list(c("-2", "-1", 
    "0", "1", "2"), c("A", "C", "T"))), LR49_SNP1 = structure(c(0, 
    0, 0, 335, 0, 0), dim = 2:3, dimnames = list(c("-1", "0"), 
        c("A", "G", "T"))), LR52_SNP1 = structure(c(0, 0, 0, 
    0, 0, 0, 0, 2, 36, 349, 0, 0), dim = c(6L, 2L), dimnames = list(
        c("-3", "-2", "-1", "0", "1", "2"), c("C", "T"))))
