Result <-
list(DEPDC2_SNP1 = structure(c(0, 0, 0, 0, 403, 0), dim = 3:2, dimnames = list(
    c("-1", "0", "1"), c("A", "T"))), GM01_SNP1 = structure(c(0, 
0, 0, 0, 0, 0, 0, 347, 0, 0, 0, 0, 391, 0, 0), dim = c(5L, 3L
), dimnames = list(c("-2", "-1", "0", "1", "2"), c("-", "A", 
"G"))), GM07_SNP1 = structure(c(0, 0, 0, 0, 0, 0, 2, 239, 0, 
0, 0, 3, 345, 2, 0, 0, 0, 0, 0, 0), dim = 5:4, dimnames = list(
    c("-2", "-1", "0", "1", "2"), c("-", "A", "G", "T"))), GM09_SNP1 = structure(c(0, 
540, 0, 0, 0, 0), dim = 3:2, dimnames = list(c("-1", "0", "1"
), c("A", "G"))), GM11_SNP1 = structure(c(0, 0, 162, 0, 0, 1, 
171, 0), dim = c(4L, 2L), dimnames = list(c("-2", "-1", "0", 
"1"), c("A", "G"))), GM14_SNP1 = structure(c(0, 0, 0, 0, 0, 3, 
539, 3, 0, 0, 0, 0), dim = 4:3, dimnames = list(c("-2", "-1", 
"0", "1"), c("A", "C", "T"))), GM17_SNP1 = structure(c(0, 193, 
0, 0, 301, 0), dim = 3:2, dimnames = list(c("-1", "0", "1"), 
    c("C", "T"))), GM22_SNP1 = structure(c(0, 2, 1412, 0, 0, 
0, 0, 0), dim = c(4L, 2L), dimnames = list(c("-2", "-1", "0", 
"1"), c("A", "G"))), GM26_SNP1 = structure(c(1, 288, 0), dim = c(3L, 
1L), dimnames = list(c("-1", "0", "1"), "A")), GM29_SNP1 = structure(c(0, 
412, 0, 0, 0, 0, 0, 0), dim = c(4L, 2L), dimnames = list(c("-1", 
"0", "1", "2"), c("A", "G"))), IM16_SNP1 = structure(c(0, 0, 
0, 0, 1, 418, 0, 0, 0, 0, 0, 0), dim = 4:3, dimnames = list(c("-1", 
"0", "1", "2"), c("A", "G", "T"))), IM49_SNP1 = structure(c(0, 
2, 157, 0, 0), dim = c(5L, 1L), dimnames = list(c("-2", "-1", 
"0", "1", "2"), "G")), LR10_SNP1 = structure(c(0, 0, 0, 0, 0, 
2, 200, 0, 0, 0, 209, 0), dim = 4:3, dimnames = list(c("-2", 
"-1", "0", "1"), c("-", "C", "T"))), LR11_SNP1 = structure(c(0, 
0, 0, 0, 0, 0, 397, 0), dim = c(4L, 2L), dimnames = list(c("-2", 
"-1", "0", "1"), c("A", "C"))), LR17_SNP1 = structure(c(0, 0, 
1, 334, 1, 0, 0, 0, 0, 0), dim = c(5L, 2L), dimnames = list(c("-3", 
"-2", "-1", "0", "1"), c("A", "G"))), LR20_SNP1 = structure(c(0, 
81, 0, 82), dim = c(2L, 2L), dimnames = list(c("-1", "0"), c("A", 
"G"))), LR24_SNP1 = structure(c(1, 229, 0, 0, 124, 0), dim = 3:2, dimnames = list(
    c("-1", "0", "1"), c("A", "G"))), LR36_SNP1 = structure(c(0, 
0, 209, 0, 0, 0, 177, 0), dim = c(4L, 2L), dimnames = list(c("-2", 
"-1", "0", "1"), c("A", "T"))), LR40_SNP1 = structure(c(0, 1, 
0, 0, 305, 0), dim = 3:2, dimnames = list(c("-1", "0", "1"), 
    c("A", "C"))), LR44_SNP1 = structure(c(0, 0, 0, 20, 0, 0, 
0, 0, 2, 183, 0, 0), dim = c(6L, 2L), dimnames = list(c("-3", 
"-2", "-1", "0", "1", "2"), c("C", "T"))), LR46_SNP1 = structure(c(0, 
0, 0, 0, 0, 0, 0, 871, 2), dim = c(3L, 3L), dimnames = list(c("-1", 
"0", "1"), c("C", "G", "T"))), LR48_SNP1 = structure(c(0, 0, 
0, 0, 0, 0, 0, 780, 0, 0, 0, 0, 0, 0, 0), dim = c(5L, 3L), dimnames = list(
    c("-2", "-1", "0", "1", "2"), c("A", "C", "T"))), LR49_SNP1 = structure(c(0, 
1, 0, 356), dim = c(2L, 2L), dimnames = list(c("-1", "0"), c("A", 
"G"))), LR52_SNP1 = structure(c(0, 0, 0, 0, 0, 0, 6, 434, 0, 
0), dim = c(5L, 2L), dimnames = list(c("-2", "-1", "0", "1", 
"2"), c("C", "T"))))
