Result <-
list(DEPDC2_SNP1 = structure(c(0, 0, 0, 0, 258, 1), dim = 3:2, dimnames = list(
    c("-1", "0", "1"), c("C", "T"))), GM01_SNP1 = structure(c(0, 
114, 112, 0, 0, 0, 2, 207, 0, 0), dim = c(5L, 2L), dimnames = list(
    c("-2", "-1", "0", "1", "2"), c("A", "G"))), GM07_SNP1 = structure(c(1, 
58, 45, 0, 0, 9, 127, 0), dim = c(4L, 2L), dimnames = list(c("-2", 
"-1", "0", "1"), c("A", "G"))), GM09_SNP1 = structure(c(2, 135, 
0, 0, 133, 0), dim = 3:2, dimnames = list(c("-1", "0", "1"), 
    c("A", "G"))), GM11_SNP1 = structure(c(1, 231, 0, 0, 0, 0
), dim = 3:2, dimnames = list(c("-1", "0", "1"), c("A", "G"))), 
    GM14_SNP1 = structure(c(0, 0, 28, 156, 0, 0, 0, 2, 189, 0
    ), dim = c(5L, 2L), dimnames = list(c("-3", "-2", "-1", "0", 
    "1"), c("C", "T"))), GM17_SNP1 = structure(c(0, 0, 0, 0, 
    0, 0, 0, 221, 0, 0, 0, 95, 76, 0, 0), dim = c(5L, 3L), dimnames = list(
        c("-2", "-1", "0", "1", "2"), c("A", "C", "T"))), GM22_SNP1 = structure(c(0, 
    0, 1, 614, 0, 0, 0, 0, 0, 0, 0, 0, 0, 0, 0), dim = c(5L, 
    3L), dimnames = list(c("-4", "-2", "-1", "0", "1"), c("A", 
    "G", "T"))), GM26_SNP1 = structure(c(0, 0, 75, 0, 0, 0, 67, 
    0), dim = c(4L, 2L), dimnames = list(c("-3", "-1", "0", "1"
    ), c("A", "G"))), GM29_SNP1 = structure(c(0, 1, 128, 0, 0, 
    0, 115, 0), dim = c(4L, 2L), dimnames = list(c("-2", "-1", 
    "0", "1"), c("A", "G"))), IM16_SNP1 = structure(c(62, 53, 
    0, 1, 133, 1, 0, 0, 0), dim = c(3L, 3L), dimnames = list(
        c("-1", "0", "1"), c("A", "G", "T"))), IM49_SNP1 = structure(c(0, 
    0, 0, 0, 0, 0, 4, 96, 0, 0, 0, 0, 0, 0, 0), dim = c(5L, 3L
    ), dimnames = list(c("-2", "-1", "0", "1", "2"), c("C", "G", 
    "T"))), LR10_SNP1 = structure(c(0, 0, 92, 0, 0, 1, 123, 1
    ), dim = c(4L, 2L), dimnames = list(c("-2", "-1", "0", "1"
    ), c("C", "T"))), LR11_SNP1 = structure(c(0, 0, 0, 0, 0, 
    3, 173, 0, 0, 0, 0, 0), dim = 4:3, dimnames = list(c("-2", 
    "-1", "0", "1"), c("A", "C", "T"))), LR17_SNP1 = structure(c(0, 
    7, 119, 1, 0, 0, 0, 0), dim = c(4L, 2L), dimnames = list(
        c("-2", "-1", "0", "1"), c("A", "G"))), LR20_SNP1 = structure(c(0, 
    46, 0, 0, 56, 0), dim = 3:2, dimnames = list(c("-1", "0", 
    "1"), c("A", "G"))), LR24_SNP1 = structure(c(0, 109, 0, 23, 
    85, 0), dim = 3:2, dimnames = list(c("-1", "0", "1"), c("A", 
    "G"))), LR36_SNP1 = structure(c(0, 0, 0, 0, 0, 0, 2, 223, 
    0, 0), dim = c(5L, 2L), dimnames = list(c("-2", "-1", "0", 
    "1", "2"), c("A", "T"))), LR40_SNP1 = structure(c(28, 15, 
    118, 0), dim = c(4L, 1L), dimnames = list(c("-2", "-1", "0", 
    "1"), "C")), LR44_SNP1 = structure(c(0, 3, 82, 36, 0, 0, 
    0, 1, 0, 0), dim = c(5L, 2L), dimnames = list(c("-2", "-1", 
    "0", "1", "2"), c("C", "T"))), LR46_SNP1 = structure(c(0, 
    0, 0, 1, 218, 0, 2, 214, 0), dim = c(3L, 3L), dimnames = list(
        c("-1", "0", "1"), c("A", "G", "T"))), LR48_SNP1 = structure(c(0, 
    1, 97, 79, 0, 0, 0, 0, 113, 81, 0, 0), dim = c(6L, 2L), dimnames = list(
        c("-3", "-2", "-1", "0", "1", "2"), c("C", "T"))), LR49_SNP1 = structure(c(1, 
    123, 2, 127), dim = c(2L, 2L), dimnames = list(c("-1", "0"
    ), c("A", "G"))), LR52_SNP1 = structure(c(0, 0, 2, 26, 68, 
    170, 2, 0, 0, 0, 0, 0, 0, 0, 0, 0), dim = c(8L, 2L), dimnames = list(
        c("-5", "-4", "-3", "-2", "-1", "0", "1", "2"), c("C", 
        "T"))))
