Result <-
list(DEPDC2_SNP1 = structure(c(0, 1, 0, 0, 383, 0, 0, 0, 0, 1, 
438, 0), dim = 3:4, dimnames = list(c("-1", "0", "1"), c("A", 
"C", "G", "T"))), GM01_SNP1 = structure(c(0, 0, 0, 0, 0, 9, 1685, 
0, 0, 0, 0, 0, 0, 0, 0, 0), dim = c(4L, 4L), dimnames = list(
    c("-2", "-1", "0", "1"), c("-", "A", "G", "T"))), GM07_SNP1 = structure(c(0, 
0, 0, 0, 0, 10, 468, 570, 3, 0, 0, 0, 0, 0, 0, 0, 8, 62, 0, 0
), dim = 5:4, dimnames = list(c("-2", "-1", "0", "1", "2"), c("-", 
"A", "G", "T"))), GM09_SNP1 = structure(c(0, 1, 0, 5, 70, 0, 
0, 0, 0), dim = c(3L, 3L), dimnames = list(c("-1", "0", "1"), 
    c("A", "G", "T"))), GM11_SNP1 = structure(c(0, 0, 0, 0, 0, 
0, 16, 940, 0, 0, 0, 0, 0, 0, 0), dim = c(5L, 3L), dimnames = list(
    c("-2", "-1", "0", "1", "2"), c("A", "G", "T"))), GM14_SNP1 = structure(c(0, 
0, 0, 1, 0, 0, 0, 0, 11, 723, 0, 0, 0, 3, 586, 158, 0, 0), dim = c(6L, 
3L), dimnames = list(c("-3", "-2", "-1", "0", "1", "2"), c("A", 
"C", "T"))), GM17_SNP1 = structure(c(0, 0, 0, 61, 1706, 2, 0, 
0, 0), dim = c(3L, 3L), dimnames = list(c("-1", "0", "1"), c("A", 
"C", "T"))), GM22_SNP1 = structure(c(0, 2, 2037, 0, 0, 0, 0, 
0, 0, 0), dim = c(5L, 2L), dimnames = list(c("-2", "-1", "0", 
"1", "2"), c("A", "G"))), GM26_SNP1 = structure(c(0, 3, 278, 
0, 0, 210, 67, 0), dim = c(4L, 2L), dimnames = list(c("-2", "-1", 
"0", "1"), c("A", "G"))), GM29_SNP1 = structure(c(0, 10, 1032, 
0, 0, 0, 0, 0, 0, 0, 0, 0, 0, 0, 0), dim = c(5L, 3L), dimnames = list(
    c("-2", "-1", "0", "1", "2"), c("A", "G", "T"))), IM16_SNP1 = structure(c(0, 
0, 0, 0, 12, 1003, 0, 0, 0, 0, 0, 0), dim = 4:3, dimnames = list(
    c("-1", "0", "1", "2"), c("A", "G", "T"))), IM49_SNP1 = structure(c(0, 
0, 0, 1, 0, 1, 120, 6, 168, 1, 0, 0, 0, 0, 0), dim = c(5L, 3L
), dimnames = list(c("-3", "-2", "-1", "0", "1"), c("A", "C", 
"G"))), LR10_SNP1 = structure(c(0, 0, 1, 0, 0, 2, 410, 0, 0, 
28, 368, 1), dim = 4:3, dimnames = list(c("-2", "-1", "0", "1"
), c("A", "C", "T"))), LR11_SNP1 = structure(c(0, 0, 0, 0, 0, 
0, 10, 475, 0, 0, 1, 66, 320, 2, 0, 0, 0, 0, 0, 0), dim = 5:4, dimnames = list(
    c("-2", "-1", "0", "1", "2"), c("-", "A", "C", "G"))), LR17_SNP1 = structure(c(6, 
306, 493, 1, 0, 0, 0, 0, 0, 0), dim = c(5L, 2L), dimnames = list(
    c("-2", "-1", "0", "1", "2"), c("A", "G"))), LR20_SNP1 = structure(c(0, 
0, 0, 1, 519, 0), dim = 3:2, dimnames = list(c("-1", "0", "1"
), c("A", "G"))), LR24_SNP1 = structure(c(0, 0, 0, 0, 0, 0, 0, 
0, 0, 0, 652, 0), dim = 4:3, dimnames = list(c("-3", "-1", "0", 
"1"), c("-", "A", "G"))), LR36_SNP1 = structure(c(0, 0, 0, 0, 
0, 0, 0, 0, 0, 8, 450, 0, 0, 0, 4, 365, 100, 0), dim = c(6L, 
3L), dimnames = list(c("-5", "-3", "-2", "-1", "0", "1"), c("-", 
"A", "T"))), LR40_SNP1 = structure(c(0, 0, 0, 0, 0, 2, 724, 0
), dim = c(4L, 2L), dimnames = list(c("-3", "-1", "0", "1"), 
    c("A", "C"))), LR44_SNP1 = structure(c(0, 0, 0, 0, 7, 123, 
179, 3), dim = c(4L, 2L), dimnames = list(c("-2", "-1", "0", 
"1"), c("C", "T"))), LR46_SNP1 = structure(c(0, 0, 0, 0, 0, 4, 
896, 0, 3, 736, 196, 0), dim = 4:3, dimnames = list(c("-2", "-1", 
"0", "1"), c("A", "G", "T"))), LR48_SNP1 = structure(c(0, 0, 
0, 0, 0, 0, 23, 1109, 306, 0, 0, 0, 0, 0, 0), dim = c(5L, 3L), dimnames = list(
    c("-3", "-2", "-1", "0", "1"), c("A", "C", "T"))), LR49_SNP1 = structure(c(0, 
2, 506, 0, 0, 0, 0, 0, 0, 6, 535, 0, 0, 0, 0, 0), dim = c(4L, 
4L), dimnames = list(c("-2", "-1", "0", "1"), c("A", "C", "G", 
"T"))), LR52_SNP1 = structure(c(0, 0, 0, 0, 0, 0, 0, 0, 0, 0, 
0, 0, 1, 8, 426, 37, 560, 4), dim = c(6L, 3L), dimnames = list(
    c("-4", "-3", "-2", "-1", "0", "1"), c("A", "C", "T"))))
