Result <-
list(DEPDC2_SNP1 = structure(c(0, 0, 0, 0, 1, 662, 65, 0, 0, 
0, 0, 0, 0, 0, 0, 0), dim = c(4L, 4L), dimnames = list(c("-1", 
"0", "1", "2"), c("A", "C", "G", "T"))), GM01_SNP1 = structure(c(0, 
1, 654, 0, 0, 0, 0, 0, 0, 0, 0, 3, 651, 0, 0, 0, 0, 0, 0, 0), dim = 5:4, dimnames = list(
    c("-2", "-1", "0", "1", "2"), c("A", "C", "G", "T"))), GM07_SNP1 = structure(c(0, 
0, 0, 0, 0, 22, 301, 771, 3, 1, 0, 0, 0, 0, 0), dim = c(5L, 3L
), dimnames = list(c("-2", "-1", "0", "1", "2"), c("-", "A", 
"G"))), GM09_SNP1 = structure(c(66, 1035, 9, 0, 0, 0, 0, 0), dim = c(4L, 
2L), dimnames = list(c("-1", "0", "1", "2"), c("A", "G"))), GM11_SNP1 = structure(c(1, 
26, 631, 190, 2, 0, 0, 0, 0, 0), dim = c(5L, 2L), dimnames = list(
    c("-2", "-1", "0", "1", "2"), c("A", "G"))), GM14_SNP1 = structure(c(0, 
0, 1, 0, 0, 0, 3, 676, 38, 0, 0, 11, 765, 0, 0), dim = c(5L, 
3L), dimnames = list(c("-2", "-1", "0", "1", "2"), c("A", "C", 
"T"))), GM17_SNP1 = structure(c(0, 172, 1222, 1, 0, 0, 0, 0, 
0, 0, 1, 0), dim = 4:3, dimnames = list(c("-2", "-1", "0", "1"
), c("C", "G", "T"))), GM22_SNP1 = structure(c(0, 2, 1240, 150, 
0, 0, 0, 0, 0, 0, 0, 0, 0, 0, 0), dim = c(5L, 3L), dimnames = list(
    c("-2", "-1", "0", "1", "2"), c("A", "G", "T"))), GM26_SNP1 = structure(c(0, 
0, 397, 1, 0, 0, 369, 1, 0, 0, 0, 0), dim = 4:3, dimnames = list(
    c("-2", "-1", "0", "1"), c("A", "G", "T"))), GM29_SNP1 = structure(c(0, 
0, 0, 0, 0, 0, 7, 821, 0, 0, 0, 0, 2, 0, 0), dim = c(5L, 3L), dimnames = list(
    c("-2", "-1", "0", "1", "2"), c("A", "G", "T"))), IM16_SNP1 = structure(c(0, 
0, 0, 0, 0, 0, 0, 111, 869, 57, 6, 0), dim = c(6L, 2L), dimnames = list(
    c("-2", "-1", "0", "1", "2", "3"), c("A", "G"))), IM49_SNP1 = structure(c(0, 
0, 1, 0, 0, 9, 84, 359, 1, 0), dim = c(5L, 2L), dimnames = list(
    c("-2", "-1", "0", "1", "2"), c("A", "C"))), LR10_SNP1 = structure(c(0, 
0, 0, 0, 0, 0, 0, 0, 1, 42, 970, 1), dim = 4:3, dimnames = list(
    c("-2", "-1", "0", "1"), c("A", "C", "T"))), LR11_SNP1 = structure(c(0, 
0, 8, 406, 49, 0, 0, 0, 45, 427, 2, 0, 0, 0, 0, 0, 0, 0), dim = c(6L, 
3L), dimnames = list(c("-3", "-2", "-1", "0", "1", "2"), c("A", 
"C", "G"))), LR17_SNP1 = structure(c(0, 21, 567, 5, 0, 0, 0, 
0, 0, 0), dim = c(5L, 2L), dimnames = list(c("-2", "-1", "0", 
"1", "2"), c("A", "G"))), LR20_SNP1 = structure(c(0, 314, 0, 
2, 348, 0), dim = 3:2, dimnames = list(c("-1", "0", "1"), c("A", 
"G"))), LR24_SNP1 = structure(c(1, 239, 0, 0, 206, 1), dim = 3:2, dimnames = list(
    c("-1", "0", "1"), c("A", "G"))), LR36_SNP1 = structure(c(0, 
0, 0, 0, 0, 0, 0, 0, 1, 452, 112, 1, 0, 0, 0, 0, 0, 0, 0, 0, 
0, 0, 0, 0, 2, 64, 64, 407, 0, 0), dim = 6:5, dimnames = list(
    c("-3", "-2", "-1", "0", "1", "2"), c("-", "A", "C", "G", 
    "T"))), LR40_SNP1 = structure(c(0, 0, 0, 2, 753, 1), dim = 3:2, dimnames = list(
    c("-1", "0", "1"), c("A", "C"))), LR44_SNP1 = structure(c(1, 
33, 18, 203, 1, 0, 0, 0, 1, 2, 0, 1), dim = c(6L, 2L), dimnames = list(
    c("-3", "-2", "-1", "0", "1", "4"), c("C", "T"))), LR46_SNP1 = structure(c(4, 
659, 1, 5, 685, 0), dim = 3:2, dimnames = list(c("-1", "0", "1"
), c("G", "T"))), LR48_SNP1 = structure(c(0, 0, 0, 2, 0, 0, 1, 
204, 950, 3, 0, 0, 0, 0, 0), dim = c(5L, 3L), dimnames = list(
    c("-3", "-2", "-1", "0", "1"), c("A", "C", "T"))), LR49_SNP1 = structure(c(0, 
111, 118, 0, 51, 183), dim = 3:2, dimnames = list(c("-2", "-1", 
"0"), c("A", "G"))), LR52_SNP1 = structure(c(0, 0, 6, 65, 331, 
24, 0, 0, 0, 0, 49, 51, 266, 97, 1, 0), dim = c(8L, 2L), dimnames = list(
    c("-4", "-3", "-2", "-1", "0", "1", "2", "3"), c("C", "T"
    ))))
