Result <-
list(DEPDC2_SNP1 = structure(c(0, 0, 0, 0, 0, 0, 263, 0, 0, 0, 
0, 0, 0, 1, 249, 0), dim = c(4L, 4L), dimnames = list(c("-2", 
"-1", "0", "1"), c("A", "C", "G", "T"))), GM01_SNP1 = structure(c(0, 
0, 0, 0, 0, 0, 205, 0, 0, 0, 0, 0), dim = 4:3, dimnames = list(
    c("-2", "-1", "0", "1"), c("-", "A", "G"))), GM07_SNP1 = structure(c(0, 
0, 0, 0, 0, 0, 0, 2, 97, 0, 0, 0, 0, 0, 75, 1, 0, 0), dim = c(6L, 
3L), dimnames = list(c("-2", "-1", "0", "1", "2", "3"), c("-", 
"A", "G"))), GM09_SNP1 = structure(c(0, 0, 0, 0, 499, 0), dim = 3:2, dimnames = list(
    c("-1", "0", "1"), c("A", "G"))), GM11_SNP1 = structure(c(0, 
55, 0, 0, 37, 0), dim = 3:2, dimnames = list(c("-1", "0", "1"
), c("A", "G"))), GM14_SNP1 = structure(c(0, 0, 0, 0, 158, 1, 
0, 0, 0, 0, 166, 0), dim = c(6L, 2L), dimnames = list(c("-4", 
"-3", "-2", "-1", "0", "1"), c("C", "T"))), GM17_SNP1 = structure(c(0, 
0, 159, 0, 0, 0, 0, 0), dim = c(4L, 2L), dimnames = list(c("-2", 
"-1", "0", "1"), c("C", "T"))), GM22_SNP1 = structure(c(0, 40, 
0, 0, 82, 0), dim = 3:2, dimnames = list(c("-1", "0", "1"), c("A", 
"G"))), GM26_SNP1 = structure(c(0, 91, 0, 0, 0, 0), dim = 3:2, dimnames = list(
    c("-1", "0", "1"), c("A", "G"))), GM29_SNP1 = structure(c(0, 
69, 0, 0, 83, 0), dim = 3:2, dimnames = list(c("-1", "0", "1"
), c("A", "G"))), IM16_SNP1 = structure(c(0, 0, 0, 0, 0, 0, 344, 
0, 0, 0, 87, 0, 0, 0, 0, 0), dim = c(4L, 4L), dimnames = list(
    c("-2", "-1", "0", "1"), c("-", "A", "G", "T"))), IM49_SNP1 = structure(c(0, 
0, 0, 0, 0, 0, 0, 0, 0, 185, 0, 0, 0, 0, 1, 195, 0, 0), dim = c(6L, 
3L), dimnames = list(c("-3", "-2", "-1", "0", "1", "2"), c("A", 
"C", "G"))), LR10_SNP1 = structure(c(0, 1, 91, 0, 0, 0, 36, 0
), dim = c(4L, 2L), dimnames = list(c("-2", "-1", "0", "1"), 
    c("C", "T"))), LR11_SNP1 = structure(c(0, 1, 126, 0, 0, 0, 
0, 58, 0, 0), dim = c(5L, 2L), dimnames = list(c("-2", "-1", 
"0", "1", "2"), c("A", "C"))), LR17_SNP1 = structure(c(0, 1, 
133, 1, 0, 0, 0, 0), dim = c(4L, 2L), dimnames = list(c("-2", 
"-1", "0", "1"), c("A", "G"))), LR20_SNP1 = structure(c(0, 103, 
1, 0, 44, 0), dim = 3:2, dimnames = list(c("-1", "0", "1"), c("A", 
"G"))), LR24_SNP1 = structure(c(0, 0, 556, 0, 0, 0, 169, 0), dim = c(4L, 
2L), dimnames = list(c("-2", "-1", "0", "1"), c("A", "G"))), 
    LR36_SNP1 = structure(c(0, 0, 121, 0, 0, 0, 0, 0, 0, 1, 60, 
    0), dim = 4:3, dimnames = list(c("-2", "-1", "0", "1"), c("A", 
    "G", "T"))), LR40_SNP1 = structure(c(0, 0, 0, 0, 138, 0, 
    0, 0, 0), dim = c(3L, 3L), dimnames = list(c("-1", "0", "1"
    ), c("A", "C", "T"))), LR44_SNP1 = structure(c(0, 0, 0, 1, 
    41, 0, 0, 0, 0, 0, 0, 0, 0, 0, 0, 0, 0, 2, 52, 0, 0), dim = c(7L, 
    3L), dimnames = list(c("-4", "-3", "-2", "-1", "0", "1", 
    "2"), c("C", "N", "T"))), LR46_SNP1 = structure(c(0, 0, 0, 
    0, 51, 0, 0, 0, 0, 0, 70, 0), dim = 3:4, dimnames = list(
        c("-1", "0", "1"), c("-", "G", "N", "T"))), LR48_SNP1 = structure(c(0, 
    0, 71, 0, 0, 0, 0, 0), dim = c(4L, 2L), dimnames = list(c("-2", 
    "-1", "0", "1"), c("C", "T"))), LR49_SNP1 = structure(c(0, 
    0, 0, 0, 0, 0, 239, 0), dim = c(4L, 2L), dimnames = list(
        c("-2", "-1", "0", "1"), c("A", "G"))), LR52_SNP1 = structure(c(0, 
    2, 69, 0, 0, 0, 1, 0), dim = c(4L, 2L), dimnames = list(c("-2", 
    "-1", "0", "1"), c("C", "T"))))
