Result <-
list(DEPDC2_SNP1 = structure(c(0, 0, 0, 0, 0, 0, 445, 1, 65, 
1, 405, 0), dim = 4:3, dimnames = list(c("-2", "-1", "0", "1"
), c("A", "C", "T"))), GM01_SNP1 = structure(c(0, 0, 0, 0, 0, 
0, 0, 79, 334, 0), dim = c(5L, 2L), dimnames = list(c("-3", "-2", 
"-1", "0", "1"), c("A", "G"))), GM07_SNP1 = structure(c(0, 1, 
49, 105, 0, 0, 0, 0, 52, 102, 0, 0), dim = c(6L, 2L), dimnames = list(
    c("-3", "-2", "-1", "0", "1", "2"), c("A", "G"))), GM09_SNP1 = structure(c(0, 
311, 0, 10, 289, 0, 0, 0, 0), dim = c(3L, 3L), dimnames = list(
    c("-1", "0", "1"), c("A", "G", "T"))), GM11_SNP1 = structure(c(0, 
1, 131, 0, 0, 1, 123, 0, 0, 0, 0, 0), dim = 4:3, dimnames = list(
    c("-2", "-1", "0", "1"), c("A", "G", "T"))), GM14_SNP1 = structure(c(0, 
0, 0, 0, 0, 0, 8, 385, 0, 0, 0, 0, 0, 0, 0), dim = c(5L, 3L), dimnames = list(
    c("-2", "-1", "0", "1", "2"), c("-", "C", "T"))), GM17_SNP1 = structure(c(0, 
0, 0, 0, 0, 0, 352, 0), dim = c(4L, 2L), dimnames = list(c("-2", 
"-1", "0", "1"), c("C", "T"))), GM22_SNP1 = structure(c(0, 0, 
1, 0, 0, 23, 227, 0, 0, 0, 0, 0), dim = 4:3, dimnames = list(
    c("-2", "-1", "0", "1"), c("A", "G", "T"))), GM26_SNP1 = structure(c(0, 
1, 122, 0, 0, 1, 122, 0, 0, 0, 0, 0), dim = 4:3, dimnames = list(
    c("-2", "-1", "0", "1"), c("A", "G", "T"))), GM29_SNP1 = structure(c(1, 
90, 191, 0, 0, 0, 0, 0, 0, 0, 0, 0), dim = 4:3, dimnames = list(
    c("-2", "-1", "0", "1"), c("A", "G", "T"))), IM16_SNP1 = structure(c(0, 
50, 105, 1, 0, 3, 140, 0), dim = c(4L, 2L), dimnames = list(c("-2", 
"-1", "0", "1"), c("A", "G"))), IM49_SNP1 = structure(c(0, 11, 
99, 467, 0, 0, 0, 0, 0, 0, 0, 0), dim = c(6L, 2L), dimnames = list(
    c("-3", "-2", "-1", "0", "1", "2"), c("C", "G"))), LR10_SNP1 = structure(c(0, 
0, 0, 0, 0, 0, 153, 0, 0, 2, 150, 0), dim = 4:3, dimnames = list(
    c("-2", "-1", "0", "1"), c("-", "C", "T"))), LR11_SNP1 = structure(c(0, 
1, 0, 0, 0, 4, 48, 234, 0, 0, 0, 0, 0, 0, 0, 0, 0, 0, 0, 0), dim = 5:4, dimnames = list(
    c("-2", "-1", "0", "1", "2"), c("A", "C", "G", "T"))), LR17_SNP1 = structure(c(0, 
3, 76, 153, 0, 0, 0, 0, 0, 0), dim = c(5L, 2L), dimnames = list(
    c("-3", "-2", "-1", "0", "1"), c("A", "G"))), LR20_SNP1 = structure(c(0, 
151, 0, 0, 153, 0, 0, 0, 0), dim = c(3L, 3L), dimnames = list(
    c("-1", "0", "1"), c("A", "G", "T"))), LR24_SNP1 = structure(c(7, 
215, 776, 0, 0, 1, 0, 0), dim = c(4L, 2L), dimnames = list(c("-2", 
"-1", "0", "1"), c("A", "G"))), LR36_SNP1 = structure(c(0, 0, 
0, 0, 0, 0, 0, 8, 75, 336, 2, 0, 0, 0, 0, 0, 0, 0), dim = c(6L, 
3L), dimnames = list(c("-3", "-2", "-1", "0", "1", "2"), c("-", 
"A", "T"))), LR40_SNP1 = structure(c(0, 0, 0, 0, 1, 252, 0, 0
), dim = c(4L, 2L), dimnames = list(c("-1", "0", "1", "2"), c("A", 
"C"))), LR44_SNP1 = structure(c(0, 0, 0, 0, 1, 0, 0, 0, 1, 4, 
49, 98, 0, 0, 0, 0, 0, 2, 12, 159, 1, 0, 0, 0), dim = c(8L, 3L
), dimnames = list(c("-3", "-2", "-1", "0", "1", "2", "3", "8"
), c("-", "C", "T"))), LR46_SNP1 = structure(c(1, 253, 0, 0, 
0, 0), dim = 3:2, dimnames = list(c("-1", "0", "1"), c("G", "T"
))), LR48_SNP1 = structure(c(0, 0, 0, 0, 0, 0, 0, 2, 0, 0, 7, 
26, 146, 0, 0), dim = c(5L, 3L), dimnames = list(c("-2", "-1", 
"0", "1", "2"), c("A", "C", "T"))), LR49_SNP1 = structure(c(0, 
25, 196, 0, 0, 0, 0, 0, 0, 33, 201, 0, 0, 0, 0, 0), dim = c(4L, 
4L), dimnames = list(c("-2", "-1", "0", "1"), c("A", "C", "G", 
"T"))), LR52_SNP1 = structure(c(0, 0, 0, 0, 0, 0, 1, 8, 12, 20, 
75, 0, 0, 2, 23, 2, 90, 2), dim = c(6L, 3L), dimnames = list(
    c("-4", "-3", "-2", "-1", "0", "1"), c("A", "C", "T"))))
