Result <-
list(DEPDC2_SNP1 = structure(c(0, 0, 0, 0, 0, 0, 2, 0, 0, 0, 
508, 0), dim = 4:3, dimnames = list(c("-2", "-1", "0", "1"), 
    c("A", "C", "T"))), GM01_SNP1 = structure(c(0, 0, 181, 0, 
0, 0, 0, 0, 0, 0), dim = c(5L, 2L), dimnames = list(c("-2", "-1", 
"0", "1", "2"), c("A", "G"))), GM07_SNP1 = structure(c(0, 0, 
0, 0, 0, 0, 0, 47, 12, 14, 0, 0, 0, 0, 14, 65, 3, 0, 0, 0, 0, 
0, 0, 0), dim = c(6L, 4L), dimnames = list(c("-3", "-2", "-1", 
"0", "1", "2"), c("-", "A", "G", "T"))), GM09_SNP1 = structure(c(0, 
0, 177, 0, 0, 0, 153, 0, 0, 0, 0, 0), dim = 4:3, dimnames = list(
    c("-2", "-1", "0", "1"), c("A", "G", "T"))), GM11_SNP1 = structure(c(2, 
139, 0, 0, 0, 0), dim = 3:2, dimnames = list(c("-1", "0", "1"
), c("A", "G"))), GM14_SNP1 = structure(c(0, 0, 0, 0, 0, 0, 0, 
0, 65, 32, 2, 0, 0, 0, 1, 134, 0, 0), dim = c(6L, 3L), dimnames = list(
    c("-3", "-2", "-1", "0", "1", "2"), c("A", "C", "T"))), GM17_SNP1 = structure(c(0, 
0, 0, 0, 0, 0, 197, 0), dim = c(4L, 2L), dimnames = list(c("-3", 
"-1", "0", "1"), c("C", "T"))), GM22_SNP1 = structure(c(0, 0, 
71, 0, 0, 61, 9, 0, 0, 0, 0, 0), dim = 4:3, dimnames = list(c("-2", 
"-1", "0", "1"), c("A", "G", "T"))), GM26_SNP1 = structure(c(0, 
2, 173, 0, 0, 0, 0, 0), dim = c(4L, 2L), dimnames = list(c("-2", 
"-1", "0", "1"), c("A", "G"))), GM29_SNP1 = structure(c(0, 0, 
73, 0, 0, 1, 62, 0), dim = c(4L, 2L), dimnames = list(c("-2", 
"-1", "0", "1"), c("A", "G"))), IM16_SNP1 = structure(c(0, 70, 
0, 0, 0, 0, 0, 0, 4, 47, 0, 0), dim = 4:3, dimnames = list(c("-1", 
"0", "1", "2"), c("A", "C", "G"))), IM49_SNP1 = structure(c(0, 
0, 6, 116, 174, 0, 0, 0, 0, 0, 0, 0, 0, 0), dim = c(7L, 2L), dimnames = list(
    c("-4", "-3", "-2", "-1", "0", "1", "2"), c("C", "G"))), 
    LR10_SNP1 = structure(c(0, 0, 0, 0, 0, 0, 0, 66, 1, 0, 0, 
    0, 0, 84, 1), dim = c(3L, 5L), dimnames = list(c("-1", "0", 
    "1"), c("-", "A", "C", "G", "T"))), LR11_SNP1 = structure(c(0, 
    0, 0, 0, 0, 0, 3, 146, 0, 0), dim = c(5L, 2L), dimnames = list(
        c("-2", "-1", "0", "1", "2"), c("A", "C"))), LR17_SNP1 = structure(c(0, 
    3, 94, 1), dim = c(4L, 1L), dimnames = list(c("-2", "-1", 
    "0", "1"), "A")), LR20_SNP1 = structure(c(0, 89, 0, 0, 0, 
    0, 0, 91, 0), dim = c(3L, 3L), dimnames = list(c("-1", "0", 
    "1"), c("A", "C", "G"))), LR24_SNP1 = structure(c(6, 588, 
    0, 0, 7, 0), dim = 3:2, dimnames = list(c("-1", "0", "1"), 
        c("A", "G"))), LR36_SNP1 = structure(c(0, 0, 1, 50, 33, 
    0, 0, 0, 0, 0, 0, 0, 0, 0, 0, 0, 0, 0, 0, 0, 0, 1, 77, 1), dim = c(6L, 
    4L), dimnames = list(c("-4", "-3", "-2", "-1", "0", "1"), 
        c("A", "C", "N", "T"))), LR40_SNP1 = structure(c(0, 0, 
    0, 0, 0, 0, 0, 0, 108, 0), dim = c(5L, 2L), dimnames = list(
        c("-5", "-2", "-1", "0", "1"), c("A", "C"))), LR44_SNP1 = structure(c(0, 
    2, 55, 41, 149, 1, 0, 0, 0, 0, 0, 2, 0, 0), dim = c(7L, 2L
    ), dimnames = list(c("-4", "-3", "-2", "-1", "0", "1", "2"
    ), c("C", "T"))), LR46_SNP1 = structure(c(0, 0, 17, 114, 
    0, 0, 0, 0, 0, 0, 0, 0), dim = c(6L, 2L), dimnames = list(
        c("-3", "-2", "-1", "0", "1", "2"), c("G", "T"))), LR48_SNP1 = structure(c(0, 
    0, 7, 37, 0, 0, 0, 1, 63, 0), dim = c(5L, 2L), dimnames = list(
        c("-3", "-2", "-1", "0", "1"), c("C", "T"))), LR49_SNP1 = structure(c(1, 
    124, 0, 0, 85, 0), dim = 3:2, dimnames = list(c("-1", "0", 
    "1"), c("A", "G"))), LR52_SNP1 = structure(c(0, 0, 0, 0, 
    0, 0, 0, 0, 1, 5, 57, 2, 0, 0, 0, 5, 55, 0), dim = c(6L, 
    3L), dimnames = list(c("-4", "-3", "-2", "-1", "0", "1"), 
        c("A", "C", "T"))))
