Result <-
list(DEPDC2_SNP1 = structure(c(0, 0, 0, 0, 0, 0, 0, 0, 0, 2, 
663, 2), dim = 4:3, dimnames = list(c("-2", "-1", "0", "1"), 
    c("A", "C", "T"))), GM01_SNP1 = structure(c(0, 0, 0, 0, 0, 
0, 2, 435, 0, 0, 0, 0, 0, 0, 0), dim = c(5L, 3L), dimnames = list(
    c("-2", "-1", "0", "1", "2"), c("-", "A", "G"))), GM07_SNP1 = structure(c(0, 
0, 0, 0, 0, 2, 35, 305, 1, 0), dim = c(5L, 2L), dimnames = list(
    c("-2", "-1", "0", "1", "2"), c("A", "G"))), GM09_SNP1 = structure(c(2, 
477, 0, 0, 0, 0, 0, 0, 2, 311, 0, 0, 0, 0, 0, 0), dim = c(4L, 
4L), dimnames = list(c("-1", "0", "1", "2"), c("A", "C", "G", 
"T"))), GM11_SNP1 = structure(c(0, 2, 192, 0, 0, 0, 0, 0, 0, 
0, 0, 0), dim = 4:3, dimnames = list(c("-2", "-1", "0", "1"), 
    c("A", "G", "T"))), GM14_SNP1 = structure(c(0, 5, 76, 424, 
0, 0, 0, 0, 0, 1, 0, 0), dim = c(6L, 2L), dimnames = list(c("-3", 
"-2", "-1", "0", "1", "2"), c("C", "T"))), GM17_SNP1 = structure(c(0, 
4, 236, 0, 0, 0, 243, 1), dim = c(4L, 2L), dimnames = list(c("-2", 
"-1", "0", "1"), c("C", "T"))), GM22_SNP1 = structure(c(0, 3, 
308, 0, 0, 0, 0, 0, 0, 0, 0, 0, 0, 0, 0), dim = c(5L, 3L), dimnames = list(
    c("-2", "-1", "0", "1", "2"), c("A", "G", "T"))), GM26_SNP1 = structure(c(0, 
0, 227, 0, 0, 0, 0, 0), dim = c(4L, 2L), dimnames = list(c("-2", 
"-1", "0", "1"), c("A", "G"))), GM29_SNP1 = structure(c(0, 0, 
2, 185, 0, 0, 0, 0, 0, 190, 0, 0), dim = c(6L, 2L), dimnames = list(
    c("-3", "-2", "-1", "0", "1", "2"), c("A", "G"))), IM16_SNP1 = structure(c(2, 
161, 0, 0, 0, 157, 4, 0), dim = c(4L, 2L), dimnames = list(c("-1", 
"0", "1", "2"), c("A", "G"))), IM49_SNP1 = structure(c(1, 13, 
393, 2, 0, 0, 10, 337, 4, 0, 0, 0, 0, 0, 0), dim = c(5L, 3L), dimnames = list(
    c("-2", "-1", "0", "1", "2"), c("C", "G", "T"))), LR10_SNP1 = structure(c(0, 
0, 0, 2, 275, 1), dim = 3:2, dimnames = list(c("-1", "0", "1"
), c("C", "T"))), LR11_SNP1 = structure(c(0, 0, 0, 0, 0, 0, 10, 
194, 0, 0, 0, 1, 157, 0, 0), dim = c(5L, 3L), dimnames = list(
    c("-2", "-1", "0", "1", "2"), c("-", "A", "C"))), LR17_SNP1 = structure(c(0, 
0, 86, 248, 0, 0, 0, 0, 0, 0, 0, 0, 0, 0, 0, 0, 0, 0), dim = c(6L, 
3L), dimnames = list(c("-3", "-2", "-1", "0", "1", "2"), c("A", 
"G", "T"))), LR20_SNP1 = structure(c(0, 0, 0, 0, 0, 1, 418, 0, 
0, 0, 0, 0), dim = 4:3, dimnames = list(c("-3", "-1", "0", "1"
), c("-", "A", "G"))), LR24_SNP1 = structure(c(0, 34, 1783, 0, 
0, 0, 0, 0, 0, 0, 0, 0), dim = 4:3, dimnames = list(c("-2", "-1", 
"0", "1"), c("A", "G", "T"))), LR36_SNP1 = structure(c(0, 0, 
0, 0, 0, 0, 0, 0, 0, 0, 8, 530, 2, 0), dim = c(7L, 2L), dimnames = list(
    c("-4", "-3", "-2", "-1", "0", "1", "2"), c("A", "T"))), 
    LR40_SNP1 = structure(c(0, 0, 0, 2, 347, 0, 0, 0, 0), dim = c(3L, 
    3L), dimnames = list(c("-1", "0", "1"), c("A", "C", "T"))), 
    LR44_SNP1 = structure(c(0, 0, 0, 1, 0, 0, 0, 1, 2, 0, 0, 
    7, 86, 198, 2, 0, 0, 1, 5, 0), dim = 5:4, dimnames = list(
        c("-3", "-2", "-1", "0", "1"), c("-", "A", "C", "T"))), 
    LR46_SNP1 = structure(c(0, 0, 0, 0, 0, 0, 0, 0, 0, 0, 0, 
    0, 0, 2, 159, 0, 0, 2, 158, 0), dim = 4:5, dimnames = list(
        c("-2", "-1", "0", "1"), c("-", "A", "C", "G", "T"))), 
    LR48_SNP1 = structure(c(1, 68, 171, 0, 0), dim = c(5L, 1L
    ), dimnames = list(c("-2", "-1", "0", "1", "2"), "C")), LR49_SNP1 = structure(c(0, 
    0, 10, 523), dim = c(2L, 2L), dimnames = list(c("-1", "0"
    ), c("A", "G"))), LR52_SNP1 = structure(c(0, 0, 0, 0, 0, 
    1, 8, 18, 96, 1, 0, 0, 7, 104, 1), dim = c(5L, 3L), dimnames = list(
        c("-3", "-2", "-1", "0", "1"), c("A", "C", "T"))))
