Result <-
list(DEPDC2_SNP1 = structure(c(0, 0, 0, 0, 0, 0, 0, 0, 0, 1, 
0, 0, 0, 0, 0, 0, 0, 0, 0, 0, 1, 445, 3, 0), dim = c(6L, 4L), dimnames = list(
    c("-4", "-2", "-1", "0", "1", "2"), c("A", "C", "G", "T"))), 
    GM01_SNP1 = structure(c(0, 0, 0, 0, 0, 0, 0, 0, 28, 122, 
    0, 0), dim = c(6L, 2L), dimnames = list(c("-3", "-2", "-1", 
    "0", "1", "2"), c("A", "G"))), GM07_SNP1 = structure(c(0, 
    0, 0, 0, 0, 0, 0, 1, 56, 69, 1, 0, 0, 0, 0, 0, 0, 0), dim = c(6L, 
    3L), dimnames = list(c("-4", "-2", "-1", "0", "1", "2"), 
        c("-", "A", "G"))), GM09_SNP1 = structure(c(1, 250, 0, 
    0, 0, 0, 0, 0, 0), dim = c(3L, 3L), dimnames = list(c("-1", 
    "0", "1"), c("A", "G", "T"))), GM11_SNP1 = structure(c(0, 
    23, 0, 1, 28, 0), dim = 3:2, dimnames = list(c("-1", "0", 
    "1"), c("A", "G"))), GM14_SNP1 = structure(c(0, 0, 4, 77, 
    0, 0, 0, 0, 0, 77, 0, 0), dim = c(6L, 2L), dimnames = list(
        c("-3", "-2", "-1", "0", "1", "2"), c("C", "T"))), GM17_SNP1 = structure(c(0, 
    0, 1, 183, 0, 0, 0, 0, 0, 0, 0, 0), dim = c(6L, 2L), dimnames = list(
        c("-3", "-2", "-1", "0", "1", "2"), c("C", "T"))), GM22_SNP1 = structure(c(0, 
    0, 39, 0, 0, 0, 0, 0, 0, 4, 50, 0, 0, 0, 0, 0), dim = c(4L, 
    4L), dimnames = list(c("-2", "-1", "0", "1"), c("A", "C", 
    "G", "T"))), GM26_SNP1 = structure(c(0, 15, 115, 0, 0, 0, 
    0, 0), dim = c(4L, 2L), dimnames = list(c("-2", "-1", "0", 
    "1"), c("A", "G"))), GM29_SNP1 = structure(c(0, 2, 137, 0, 
    0, 0, 1, 0), dim = c(4L, 2L), dimnames = list(c("-2", "-1", 
    "0", "1"), c("A", "G"))), IM16_SNP1 = structure(c(0, 21, 
    1, 0, 0, 17, 0, 0, 0, 0, 0, 0), dim = 4:3, dimnames = list(
        c("-1", "0", "1", "3"), c("A", "G", "T"))), IM49_SNP1 = structure(c(0, 
    0, 0, 0, 0, 0, 0, 13, 151, 2, 0, 0, 0, 6, 113, 44, 0, 0), dim = c(6L, 
    3L), dimnames = list(c("-2", "-1", "0", "1", "2", "3"), c("A", 
    "C", "G"))), LR10_SNP1 = structure(c(0, 0, 0, 0, 0, 0, 0, 
    0, 16, 87, 1, 0), dim = c(6L, 2L), dimnames = list(c("-3", 
    "-2", "-1", "0", "1", "2"), c("C", "T"))), LR11_SNP1 = structure(c(0, 
    0, 3, 52, 1, 0, 0, 0, 13, 44, 1, 0, 0, 0, 0, 0, 0, 0), dim = c(6L, 
    3L), dimnames = list(c("-4", "-2", "-1", "0", "1", "2"), 
        c("A", "C", "G"))), LR17_SNP1 = structure(c(0, 1, 25, 
    52, 0, 0, 0, 0, 0, 0, 0, 0), dim = c(6L, 2L), dimnames = list(
        c("-3", "-2", "-1", "0", "1", "2"), c("A", "G"))), LR20_SNP1 = structure(c(0, 
    42, 0, 0, 51, 0, 0, 1, 0), dim = c(3L, 3L), dimnames = list(
        c("-1", "0", "1"), c("A", "G", "T"))), LR24_SNP1 = structure(c(0, 
    6, 679, 0, 0, 0, 0, 0, 0, 0, 0, 0), dim = 4:3, dimnames = list(
        c("-2", "-1", "0", "1"), c("A", "G", "T"))), LR36_SNP1 = structure(c(0, 
    0, 0, 0, 0, 0, 0, 0, 0, 0, 0, 0, 0, 0, 0, 0, 0, 0, 0, 0, 
    0, 15, 97, 0, 0), dim = c(5L, 5L), dimnames = list(c("-2", 
    "-1", "0", "1", "2"), c("A", "C", "G", "N", "T"))), LR40_SNP1 = structure(c(0, 
    0, 0, 0, 0, 1, 26, 0, 0, 0, 0, 0), dim = 4:3, dimnames = list(
        c("-2", "-1", "0", "1"), c("A", "C", "G"))), LR44_SNP1 = structure(c(0, 
    0, 0, 0, 1, 0, 0, 0, 0, 0, 17, 35, 91, 1, 0, 0, 0, 0, 0, 
    0, 0, 0, 0, 0, 0, 0, 0, 1, 15, 0, 0, 0), dim = c(8L, 4L), dimnames = list(
        c("-5", "-3", "-2", "-1", "0", "1", "2", "7"), c("A", 
        "C", "N", "T"))), LR46_SNP1 = structure(c(0, 0, 0, 0, 
    0, 0, 1, 54, 0, 0, 0, 9, 38, 0, 0), dim = c(5L, 3L), dimnames = list(
        c("-2", "-1", "0", "1", "2"), c("A", "G", "T"))), LR48_SNP1 = structure(c(0, 
    0, 0, 0, 0, 0, 0, 0, 0, 0, 0, 13, 60, 1, 0), dim = c(5L, 
    3L), dimnames = list(c("-2", "-1", "0", "1", "2"), c("A", 
    "C", "T"))), LR49_SNP1 = structure(c(1, 112, 0, 0, 128, 0, 
    0, 0, 0), dim = c(3L, 3L), dimnames = list(c("-1", "0", "1"
    ), c("A", "G", "T"))), LR52_SNP1 = structure(c(0, 0, 0, 0, 
    0, 0, 0, 0, 0, 2, 23, 16, 0, 0, 0, 0, 0, 2, 58, 0, 0), dim = c(7L, 
    3L), dimnames = list(c("-4", "-3", "-2", "-1", "0", "1", 
    "2"), c("A", "C", "T"))))
