Result <-
list(DEPDC2_SNP1 = structure(c(0, 0, 0, 0, 2, 0, 1, 848, 7), dim = c(3L, 
3L), dimnames = list(c("-1", "0", "1"), c("A", "C", "T"))), GM01_SNP1 = structure(c(0, 
0, 0, 0, 0, 1, 368, 0, 0, 0, 0, 0), dim = 4:3, dimnames = list(
    c("-2", "-1", "0", "1"), c("-", "A", "G"))), GM07_SNP1 = structure(c(0, 
0, 0, 0, 0, 0, 0, 4, 111, 50, 0, 0, 0, 1, 20, 129, 0, 0), dim = c(6L, 
3L), dimnames = list(c("-3", "-2", "-1", "0", "1", "2"), c("-", 
"A", "G"))), GM09_SNP1 = structure(c(0, 196, 138, 0, 0, 0, 310, 
0, 0, 0, 0, 0), dim = 4:3, dimnames = list(c("-2", "-1", "0", 
"1"), c("A", "G", "T"))), GM11_SNP1 = structure(c(0, 0, 5, 205, 
0, 0, 0, 0, 0, 0, 0, 0, 0, 0, 0), dim = c(5L, 3L), dimnames = list(
    c("-3", "-2", "-1", "0", "1"), c("A", "G", "T"))), GM14_SNP1 = structure(c(0, 
0, 8, 191, 0, 0, 0, 8, 190, 0), dim = c(5L, 2L), dimnames = list(
    c("-3", "-2", "-1", "0", "1"), c("C", "T"))), GM17_SNP1 = structure(c(0, 
0, 0, 0, 1, 116, 43, 0, 0, 1, 170, 0), dim = 4:3, dimnames = list(
    c("-2", "-1", "0", "1"), c("A", "C", "T"))), GM22_SNP1 = structure(c(0, 
1, 232, 0, 0, 0, 0, 0, 0, 0), dim = c(5L, 2L), dimnames = list(
    c("-2", "-1", "0", "1", "2"), c("A", "G"))), GM26_SNP1 = structure(c(0, 
0, 0, 0, 0, 0, 253, 0, 0, 0, 0, 0), dim = 4:3, dimnames = list(
    c("-2", "-1", "0", "1"), c("A", "G", "T"))), GM29_SNP1 = structure(c(0, 
0, 137, 0, 0, 0, 0, 0, 0, 16, 91, 0), dim = 4:3, dimnames = list(
    c("-2", "-1", "0", "1"), c("A", "C", "G"))), IM16_SNP1 = structure(c(0, 
105, 52, 0, 0, 0, 6, 92, 31, 0), dim = c(5L, 2L), dimnames = list(
    c("-2", "-1", "0", "1", "2"), c("A", "G"))), IM49_SNP1 = structure(c(0, 
0, 0, 0, 0, 0, 4, 239, 87, 0, 0, 7, 225, 56, 1), dim = c(5L, 
3L), dimnames = list(c("-3", "-2", "-1", "0", "1"), c("A", "C", 
"G"))), LR10_SNP1 = structure(c(0, 1, 136, 0, 0, 105, 41, 0), dim = c(4L, 
2L), dimnames = list(c("-2", "-1", "0", "1"), c("C", "T"))), 
    LR11_SNP1 = structure(c(0, 0, 125, 48, 1, 0, 1, 138, 43, 
    0), dim = c(5L, 2L), dimnames = list(c("-3", "-2", "-1", 
    "0", "1"), c("A", "C"))), LR17_SNP1 = structure(c(0, 1, 84, 
    113, 0, 0, 0, 0, 0, 0, 0, 0), dim = c(6L, 2L), dimnames = list(
        c("-3", "-2", "-1", "0", "1", "2"), c("A", "G"))), LR20_SNP1 = structure(c(0, 
    99, 52, 0, 0, 0, 4, 149, 0, 0), dim = c(5L, 2L), dimnames = list(
        c("-2", "-1", "0", "1", "2"), c("A", "G"))), LR24_SNP1 = structure(c(0, 
    426, 2, 681, 0, 0, 0, 0, 0, 1, 0, 0, 0, 0, 0, 0, 0, 0), dim = c(6L, 
    3L), dimnames = list(c("-3", "-2", "-1", "0", "1", "2"), 
        c("A", "G", "T"))), LR36_SNP1 = structure(c(0, 5, 134, 
    58, 0, 0, 0, 0, 0, 0, 0, 0, 0, 0, 0, 0, 0, 52, 138, 3, 0), dim = c(7L, 
    3L), dimnames = list(c("-3", "-2", "-1", "0", "1", "2", "3"
    ), c("A", "G", "T"))), LR40_SNP1 = structure(c(0, 26, 236, 
    0, 0, 0, 0, 0), dim = c(4L, 2L), dimnames = list(c("-2", 
    "-1", "0", "1"), c("C", "T"))), LR44_SNP1 = structure(c(0, 
    4, 136, 1, 44, 0, 0, 0, 0, 1, 0, 1, 0, 0, 0, 2, 146, 3, 48, 
    0, 0), dim = c(7L, 3L), dimnames = list(c("-4", "-3", "-2", 
    "-1", "0", "1", "2"), c("C", "G", "T"))), LR46_SNP1 = structure(c(0, 
    0, 0, 0, 0, 0, 0, 0, 0, 79, 132, 0), dim = 4:3, dimnames = list(
        c("-2", "-1", "0", "1"), c("C", "G", "T"))), LR48_SNP1 = structure(c(0, 
    0, 0, 0, 0, 0, 0, 2, 74, 87, 3, 0, 0, 0, 0, 0, 0, 0), dim = c(6L, 
    3L), dimnames = list(c("-3", "-2", "-1", "0", "1", "2"), 
        c("A", "C", "T"))), LR49_SNP1 = structure(c(0, 1, 0, 
    9, 423, 0, 0, 0, 0), dim = c(3L, 3L), dimnames = list(c("-1", 
    "0", "1"), c("A", "G", "T"))), LR52_SNP1 = structure(c(0, 
    0, 0, 0, 0, 0, 4, 161, 31, 0, 58, 0, 0, 0, 0, 0, 0, 0, 0, 
    0, 0, 0, 1, 0), dim = c(6L, 4L), dimnames = list(c("-4", 
    "-3", "-2", "-1", "0", "1"), c("-", "C", "G", "T"))))
