Result <-
list(DEPDC2_SNP1 = structure(c(0, 0, 0, 0, 0, 0, 385, 0, 0, 0, 
0, 0, 0, 0, 0, 0), dim = c(4L, 4L), dimnames = list(c("-2", "-1", 
"0", "1"), c("A", "C", "G", "T"))), GM01_SNP1 = structure(c(0, 
0, 122, 0, 0, 0, 0, 0, 0, 0, 0, 0, 2, 0, 0), dim = c(5L, 3L), dimnames = list(
    c("-2", "-1", "0", "1", "2"), c("A", "C", "G"))), GM07_SNP1 = structure(c(0, 
0, 40, 1, 0, 0, 0, 0, 61, 0, 0, 0), dim = c(6L, 2L), dimnames = list(
    c("-2", "-1", "0", "1", "2", "3"), c("A", "G"))), GM09_SNP1 = structure(c(0, 
108, 0, 0, 112, 0, 0, 0, 0), dim = c(3L, 3L), dimnames = list(
    c("-1", "0", "1"), c("A", "G", "T"))), GM11_SNP1 = structure(c(0, 
0, 0, 0, 90, 0, 0, 0, 0), dim = c(3L, 3L), dimnames = list(c("-1", 
"0", "1"), c("-", "A", "G"))), GM14_SNP1 = structure(c(0, 0, 
0, 0, 0, 0, 0, 0, 0, 70, 1, 0, 0, 0, 0, 74, 0, 0), dim = c(6L, 
3L), dimnames = list(c("-3", "-2", "-1", "0", "1", "2"), c("A", 
"C", "T"))), GM17_SNP1 = structure(c(0, 0, 158, 0, 0, 0, 0, 0
), dim = c(4L, 2L), dimnames = list(c("-2", "-1", "0", "1"), 
    c("C", "T"))), GM22_SNP1 = structure(c(0, 0, 56, 0, 0, 0, 
0, 57, 0, 0), dim = c(5L, 2L), dimnames = list(c("-2", "-1", 
"0", "1", "2"), c("A", "G"))), GM26_SNP1 = structure(c(0, 61, 
0, 0, 0, 63, 0, 0, 0, 0, 0, 0), dim = 4:3, dimnames = list(c("-1", 
"0", "1", "2"), c("A", "G", "T"))), GM29_SNP1 = structure(c(0, 
0, 0, 97, 0, 0, 0, 0, 0, 0), dim = c(5L, 2L), dimnames = list(
    c("-3", "-2", "-1", "0", "1"), c("A", "G"))), IM16_SNP1 = structure(c(0, 
58, 0, 0, 58, 0, 0, 0, 0), dim = c(3L, 3L), dimnames = list(c("-1", 
"0", "1"), c("A", "G", "T"))), IM49_SNP1 = structure(c(0, 2, 
243, 1, 0, 0, 0, 1, 0, 0, 0, 0, 0, 0, 0), dim = c(5L, 3L), dimnames = list(
    c("-2", "-1", "0", "1", "2"), c("C", "G", "T"))), LR10_SNP1 = structure(c(0, 
0, 63, 0, 0, 0, 62, 0), dim = c(4L, 2L), dimnames = list(c("-2", 
"-1", "0", "1"), c("C", "T"))), LR11_SNP1 = structure(c(0, 0, 
1, 179, 0, 0, 0, 0, 0, 0, 0, 0), dim = c(6L, 2L), dimnames = list(
    c("-3", "-2", "-1", "0", "1", "2"), c("A", "C"))), LR17_SNP1 = structure(c(0, 
0, 1, 71, 0, 0, 0, 0, 0, 0, 0, 0), dim = c(6L, 2L), dimnames = list(
    c("-3", "-2", "-1", "0", "1", "2"), c("A", "G"))), LR20_SNP1 = structure(c(0, 
61, 0, 0, 49, 0, 0, 0, 0), dim = c(3L, 3L), dimnames = list(c("-1", 
"0", "1"), c("A", "G", "T"))), LR24_SNP1 = structure(c(0, 1, 
623, 0, 0, 0, 1, 0, 0, 0, 0, 0), dim = 4:3, dimnames = list(c("-2", 
"-1", "0", "1"), c("A", "G", "T"))), LR36_SNP1 = structure(c(0, 
0, 0, 0, 0, 0, 0, 0, 0, 0, 0, 0, 3, 150, 1), dim = c(5L, 3L), dimnames = list(
    c("-3", "-2", "-1", "0", "1"), c("A", "G", "T"))), LR40_SNP1 = structure(c(0, 
1, 0, 0, 0, 100, 0, 0, 0, 0, 0, 0), dim = 4:3, dimnames = list(
    c("-1", "0", "1", "2"), c("A", "C", "T"))), LR44_SNP1 = structure(c(0, 
0, 0, 0, 0, 0, 0, 0, 0, 183, 0, 0, 0, 0, 0, 6, 0, 0), dim = c(6L, 
3L), dimnames = list(c("-3", "-2", "-1", "0", "1", "2"), c("A", 
"C", "T"))), LR46_SNP1 = structure(c(0, 0, 70, 0, 0, 0, 54, 0
), dim = c(4L, 2L), dimnames = list(c("-2", "-1", "0", "1"), 
    c("G", "T"))), LR48_SNP1 = structure(c(0, 0, 42, 0, 0, 0, 
36, 0), dim = c(4L, 2L), dimnames = list(c("-2", "-1", "0", "1"
), c("C", "T"))), LR49_SNP1 = structure(c(0, 109, 0, 0, 113, 
0, 0, 0, 0), dim = c(3L, 3L), dimnames = list(c("-1", "0", "1"
), c("A", "G", "T"))), LR52_SNP1 = structure(c(0, 0, 60, 0, 0, 
0, 2, 70, 1, 0), dim = c(5L, 2L), dimnames = list(c("-2", "-1", 
"0", "1", "2"), c("C", "T"))))
