Result <-
list(DEPDC2_SNP1 = structure(c(0, 0, 0, 0, 0, 0, 0, 0, 0, 0, 
0, 1, 1111, 0, 0, 0, 0, 613, 1, 0), dim = 5:4, dimnames = list(
    c("-2", "-1", "0", "1", "2"), c("-", "A", "C", "T"))), GM01_SNP1 = structure(c(0, 
0, 321, 0, 0, 0, 0, 274, 0, 0), dim = c(5L, 2L), dimnames = list(
    c("-2", "-1", "0", "1", "2"), c("A", "G"))), GM07_SNP1 = structure(c(0, 
0, 0, 0, 0, 0, 9, 603, 2, 0, 0, 0, 0, 0, 0), dim = c(5L, 3L), dimnames = list(
    c("-2", "-1", "0", "1", "2"), c("-", "A", "G"))), GM09_SNP1 = structure(c(0, 
7, 43, 0, 0, 2, 25, 1, 0, 0, 0, 0), dim = 4:3, dimnames = list(
    c("-2", "-1", "0", "1"), c("A", "G", "T"))), GM11_SNP1 = structure(c(0, 
0, 137, 0, 0, 0, 164, 0), dim = c(4L, 2L), dimnames = list(c("-2", 
"-1", "0", "1"), c("A", "G"))), GM14_SNP1 = structure(c(0, 0, 
0, 0, 0, 0, 0, 0, 3, 0, 0, 0, 0, 716, 2), dim = c(5L, 3L), dimnames = list(
    c("-3", "-2", "-1", "0", "1"), c("A", "C", "T"))), GM17_SNP1 = structure(c(0, 
0, 0, 1, 832, 0, 0, 2, 0), dim = c(3L, 3L), dimnames = list(c("-1", 
"0", "1"), c("A", "C", "T"))), GM22_SNP1 = structure(c(0, 1, 
267, 0, 0, 2, 228, 0), dim = c(4L, 2L), dimnames = list(c("-2", 
"-1", "0", "1"), c("A", "G"))), GM26_SNP1 = structure(c(0, 236, 
0, 0, 236, 0), dim = 3:2, dimnames = list(c("-1", "0", "1"), 
    c("A", "G"))), GM29_SNP1 = structure(c(3, 604, 1, 0, 0, 0
), dim = 3:2, dimnames = list(c("-1", "0", "1"), c("A", "G"))), 
    IM16_SNP1 = structure(c(0, 181, 1, 0, 0, 223, 0, 0, 0, 0, 
    0, 0), dim = 4:3, dimnames = list(c("-1", "0", "1", "2"), 
        c("A", "G", "T"))), IM49_SNP1 = structure(c(0, 1, 5, 
    644, 2, 0, 0, 0, 2, 609, 3, 0), dim = c(6L, 2L), dimnames = list(
        c("-3", "-2", "-1", "0", "1", "2"), c("C", "G"))), LR10_SNP1 = structure(c(0, 
    0, 0, 0, 465, 0), dim = 3:2, dimnames = list(c("-1", "0", 
    "1"), c("C", "T"))), LR11_SNP1 = structure(c(0, 0, 289, 0, 
    0, 0, 0, 208, 1, 0), dim = c(5L, 2L), dimnames = list(c("-2", 
    "-1", "0", "1", "2"), c("A", "C"))), LR17_SNP1 = structure(c(0, 
    5, 480, 1, 0, 0, 0, 0, 0, 0, 0, 0, 0, 0, 0), dim = c(5L, 
    3L), dimnames = list(c("-2", "-1", "0", "1", "2"), c("A", 
    "G", "T"))), LR20_SNP1 = structure(c(1, 443, 0, 0, 0, 0), dim = 3:2, dimnames = list(
        c("-1", "0", "1"), c("A", "G"))), LR24_SNP1 = structure(c(0, 
    1315, 1, 0, 0, 0, 0, 0, 0), dim = c(3L, 3L), dimnames = list(
        c("-1", "0", "1"), c("A", "G", "T"))), LR36_SNP1 = structure(c(0, 
    0, 0, 0, 0, 0, 0, 0, 0, 0, 0, 0, 0, 0, 2, 741, 2, 0), dim = c(6L, 
    3L), dimnames = list(c("-3", "-2", "-1", "0", "1", "6"), 
        c("A", "G", "T"))), LR40_SNP1 = structure(c(2, 335, 0
    ), dim = c(3L, 1L), dimnames = list(c("-1", "0", "1"), "C")), 
    LR44_SNP1 = structure(c(0, 0, 2, 152, 1, 1, 0, 0, 7, 151, 
    1, 0), dim = c(6L, 2L), dimnames = list(c("-4", "-2", "-1", 
    "0", "1", "2"), c("C", "T"))), LR46_SNP1 = structure(c(0, 
    347, 0, 0, 2, 0), dim = 3:2, dimnames = list(c("-1", "0", 
    "1"), c("G", "T"))), LR48_SNP1 = structure(c(0, 0, 0, 0, 
    0, 0, 0, 4, 348, 0, 0, 0, 0, 0, 0), dim = c(5L, 3L), dimnames = list(
        c("-4", "-2", "-1", "0", "1"), c("A", "C", "T"))), LR49_SNP1 = structure(c(0, 
    2, 0, 0, 749, 0), dim = 3:2, dimnames = list(c("-1", "0", 
    "1"), c("A", "G"))), LR52_SNP1 = structure(c(0, 0, 0, 0, 
    0, 1, 5, 323, 0, 0), dim = c(5L, 2L), dimnames = list(c("-2", 
    "-1", "0", "1", "2"), c("C", "T"))))
