Result <-
list(DEPDC2_SNP1 = structure(c(0, 0, 0, 0, 0, 0, 1, 246, 3, 0, 
0, 0, 172, 74, 0), dim = c(5L, 3L), dimnames = list(c("-3", "-1", 
"0", "1", "2"), c("A", "C", "T"))), GM01_SNP1 = structure(c(0, 
0, 88, 0, 0, 0, 84, 0), dim = c(4L, 2L), dimnames = list(c("-2", 
"-1", "0", "1"), c("A", "G"))), GM07_SNP1 = structure(c(0, 0, 
36, 37, 0, 0, 0, 0, 2, 56, 1, 0), dim = c(6L, 2L), dimnames = list(
    c("-3", "-2", "-1", "0", "1", "2"), c("A", "G"))), GM09_SNP1 = structure(c(0, 
0, 0, 0, 0, 0, 347, 0, 0, 0, 0, 0), dim = 4:3, dimnames = list(
    c("-2", "-1", "0", "1"), c("A", "G", "T"))), GM11_SNP1 = structure(c(0, 
0, 94, 0, 0, 0, 0, 0, 0, 0, 0, 0, 0, 0, 0), dim = c(5L, 3L), dimnames = list(
    c("-2", "-1", "0", "1", "2"), c("A", "G", "T"))), GM14_SNP1 = structure(c(0, 
0, 0, 0, 0, 0, 0, 1, 36, 185, 0, 0, 0, 0, 0, 0, 0, 0), dim = c(6L, 
3L), dimnames = list(c("-3", "-2", "-1", "0", "1", "2"), c("A", 
"C", "T"))), GM17_SNP1 = structure(c(0, 0, 0, 0, 0, 0, 73, 0, 
0, 0, 84, 0), dim = 4:3, dimnames = list(c("-2", "-1", "0", "1"
), c("A", "C", "T"))), GM22_SNP1 = structure(c(0, 0, 0, 142, 
0, 0, 0, 0, 0, 0, 0, 0), dim = c(6L, 2L), dimnames = list(c("-3", 
"-2", "-1", "0", "1", "2"), c("A", "G"))), GM26_SNP1 = structure(c(0, 
0, 1, 52, 0, 0, 0, 0, 62, 0), dim = c(5L, 2L), dimnames = list(
    c("-3", "-2", "-1", "0", "1"), c("A", "G"))), GM29_SNP1 = structure(c(0, 
0, 25, 34, 0, 0, 0, 1, 68, 0, 0, 0, 0, 0, 0), dim = c(5L, 3L), dimnames = list(
    c("-3", "-2", "-1", "0", "1"), c("A", "G", "T"))), IM16_SNP1 = structure(c(0, 
17, 97, 0, 0, 0, 0, 0, 0, 0, 0, 0, 0, 0, 0), dim = c(5L, 3L), dimnames = list(
    c("-2", "-1", "0", "1", "2"), c("A", "G", "T"))), IM49_SNP1 = structure(c(0, 
0, 0, 0, 0, 3, 45, 183, 1, 0), dim = c(5L, 2L), dimnames = list(
    c("-2", "-1", "0", "1", "2"), c("C", "G"))), LR10_SNP1 = structure(c(0, 
0, 0, 0, 0, 1, 144, 0), dim = c(4L, 2L), dimnames = list(c("-2", 
"-1", "0", "1"), c("C", "T"))), LR11_SNP1 = structure(c(0, 0, 
0, 0, 0, 0, 7, 135, 0, 0, 0, 0, 0, 0, 0), dim = c(5L, 3L), dimnames = list(
    c("-2", "-1", "0", "1", "2"), c("A", "C", "T"))), LR17_SNP1 = structure(c(0, 
0, 2, 106, 0, 0, 0, 0, 0, 0, 0, 0), dim = c(6L, 2L), dimnames = list(
    c("-3", "-2", "-1", "0", "1", "2"), c("A", "G"))), LR20_SNP1 = structure(c(0, 
0, 0, 0, 146, 0, 0, 0, 0, 0, 0, 0), dim = 3:4, dimnames = list(
    c("-1", "0", "1"), c("-", "A", "G", "T"))), LR24_SNP1 = structure(c(0, 
0, 121, 736, 0, 0, 0, 0, 0, 0, 0, 0, 0, 0, 0, 0, 0, 0, 0, 0), dim = 5:4, dimnames = list(
    c("-3", "-2", "-1", "0", "1"), c("A", "G", "N", "T"))), LR36_SNP1 = structure(c(0, 
0, 0, 0, 0, 0, 0, 0, 0, 0, 0, 0, 1, 94, 0, 0, 0, 0, 0, 0, 0, 
0, 0, 0, 0, 0, 0, 0, 0, 0, 0, 0, 0, 0, 0, 0, 0, 0, 2, 17, 86, 
0, 0, 0, 1), dim = c(9L, 5L), dimnames = list(c("-4", "-3", "-2", 
"-1", "0", "1", "2", "5", "6"), c("-", "A", "C", "G", "T"))), 
    LR40_SNP1 = structure(c(0, 0, 0, 0, 103, 0), dim = 3:2, dimnames = list(
        c("-1", "0", "1"), c("A", "C"))), LR44_SNP1 = structure(c(0, 
    0, 9, 188, 1, 0, 0, 0, 0, 0, 0, 0, 0, 0, 0, 1, 0, 0), dim = c(6L, 
    3L), dimnames = list(c("-3", "-2", "-1", "0", "1", "2"), 
        c("C", "N", "T"))), LR46_SNP1 = structure(c(0, 0, 110, 
    0, 0, 0, 0, 0), dim = c(4L, 2L), dimnames = list(c("-2", 
    "-1", "0", "1"), c("G", "T"))), LR48_SNP1 = structure(c(0, 
    0, 0, 0, 0, 1, 2, 45, 0, 0, 0, 14, 37, 0, 0), dim = c(5L, 
    3L), dimnames = list(c("-2", "-1", "0", "1", "2"), c("A", 
    "C", "T"))), LR49_SNP1 = structure(c(0, 0, 0, 0, 0, 60, 92, 
    0, 0, 1, 123, 0, 0, 0, 0, 0), dim = c(4L, 4L), dimnames = list(
        c("-2", "-1", "0", "1"), c("-", "A", "G", "T"))), LR52_SNP1 = structure(c(0, 
    0, 0, 0, 0, 0, 1, 13, 0, 4, 89, 0), dim = c(6L, 2L), dimnames = list(
        c("-4", "-3", "-2", "-1", "0", "1"), c("C", "T"))))
