Result <-
list(DEPDC2_SNP1 = structure(c(0, 0, 0, 0, 0, 0, 0, 0, 0, 19, 
997, 1), dim = 4:3, dimnames = list(c("-2", "-1", "0", "1"), 
    c("A", "C", "T"))), GM01_SNP1 = structure(c(5, 238, 0, 0, 
1, 281, 0, 0), dim = c(4L, 2L), dimnames = list(c("-1", "0", 
"1", "2"), c("A", "G"))), GM07_SNP1 = structure(c(0, 0, 0, 0, 
0, 0, 1, 2, 37, 325, 0, 0, 0, 0, 0, 0, 0, 0), dim = c(6L, 3L), dimnames = list(
    c("-3", "-2", "-1", "0", "1", "2"), c("A", "G", "T"))), GM09_SNP1 = structure(c(3, 
455, 0, 1, 388, 0, 0, 0, 0), dim = c(3L, 3L), dimnames = list(
    c("-1", "0", "1"), c("A", "G", "T"))), GM11_SNP1 = structure(c(0, 
107, 16, 2, 128, 1), dim = 3:2, dimnames = list(c("-1", "0", 
"1"), c("A", "G"))), GM14_SNP1 = structure(c(0, 0, 1, 0, 0, 0, 
6, 554, 0, 0), dim = c(5L, 2L), dimnames = list(c("-2", "-1", 
"0", "1", "2"), c("C", "T"))), GM17_SNP1 = structure(c(0, 0, 
0, 0, 0, 1, 206, 0, 0, 0, 0, 0, 1, 0, 252, 0), dim = c(4L, 4L
), dimnames = list(c("-2", "-1", "0", "1"), c("A", "C", "G", 
"T"))), GM22_SNP1 = structure(c(0, 1, 324, 0, 0, 0, 0, 0, 0, 
0, 0, 0), dim = 4:3, dimnames = list(c("-2", "-1", "0", "1"), 
    c("A", "G", "T"))), GM26_SNP1 = structure(c(0, 0, 1, 146, 
0, 0, 0, 2, 158, 0, 0, 0, 0, 0, 0), dim = c(5L, 3L), dimnames = list(
    c("-3", "-2", "-1", "0", "1"), c("A", "G", "T"))), GM29_SNP1 = structure(c(0, 
1, 327, 0, 0, 0, 0, 0), dim = c(4L, 2L), dimnames = list(c("-2", 
"-1", "0", "1"), c("A", "G"))), IM16_SNP1 = structure(c(2, 319, 
5, 0, 0, 1, 0, 0), dim = c(4L, 2L), dimnames = list(c("-1", "0", 
"1", "2"), c("A", "G"))), IM49_SNP1 = structure(c(0, 0, 0, 0, 
0, 0, 0, 10, 11, 758, 49, 0, 0, 0, 0, 1, 0, 0, 0, 0, 0, 0, 0, 
0), dim = c(6L, 4L), dimnames = list(c("-3", "-2", "-1", "0", 
"1", "2"), c("A", "C", "G", "T"))), LR10_SNP1 = structure(c(0, 
0, 0, 0, 0, 2, 358, 0), dim = c(4L, 2L), dimnames = list(c("-2", 
"-1", "0", "1"), c("C", "T"))), LR11_SNP1 = structure(c(0, 0, 
0, 0, 0, 0, 0, 1, 35, 234, 0, 0, 0, 0, 6, 203, 2, 0, 0, 0, 0, 
0, 0, 0), dim = c(6L, 4L), dimnames = list(c("-3", "-2", "-1", 
"0", "1", "2"), c("-", "A", "C", "G"))), LR17_SNP1 = structure(c(0, 
9, 311, 2, 0, 0, 0, 0, 0, 0, 0, 0, 0, 0, 0), dim = c(5L, 3L), dimnames = list(
    c("-2", "-1", "0", "1", "2"), c("A", "C", "G"))), LR20_SNP1 = structure(c(0, 
7, 182, 0, 0, 0, 196, 0, 0, 0, 0, 0), dim = 4:3, dimnames = list(
    c("-2", "-1", "0", "1"), c("A", "G", "T"))), LR24_SNP1 = structure(c(0, 
0, 0, 0, 0, 0, 0, 0, 8, 0, 0, 0, 12, 1476, 1, 0, 0, 0, 0, 0), dim = 5:4, dimnames = list(
    c("-3", "-2", "-1", "0", "1"), c("-", "A", "G", "T"))), LR36_SNP1 = structure(c(0, 
0, 0, 0, 0, 0, 0, 0, 0, 0, 3, 47, 259, 0, 0, 0, 0, 0, 0, 0, 0, 
0, 0, 0, 0, 0, 5, 23, 267, 1, 0, 0), dim = c(8L, 4L), dimnames = list(
    c("-4", "-3", "-2", "-1", "0", "1", "2", "4"), c("-", "A", 
    "G", "T"))), LR40_SNP1 = structure(c(0, 0, 0, 1, 294, 0, 
0, 0, 0), dim = c(3L, 3L), dimnames = list(c("-1", "0", "1"), 
    c("A", "C", "T"))), LR44_SNP1 = structure(c(0, 0, 0, 0, 1, 
0, 0, 0, 0, 0, 0, 0, 0, 0, 0, 0, 0, 0, 0, 0, 0, 16, 324, 2, 0, 
0, 1, 0, 0, 0, 0, 2, 0, 0, 0, 0, 0, 0, 0, 0, 5, 0, 0, 0, 0), dim = c(9L, 
5L), dimnames = list(c("-4", "-3", "-2", "-1", "0", "1", "2", 
"3", "4"), c("-", "A", "C", "G", "T"))), LR46_SNP1 = structure(c(0, 
1, 0, 5, 266, 0), dim = 3:2, dimnames = list(c("-1", "0", "1"
), c("G", "T"))), LR48_SNP1 = structure(c(0, 0, 0, 0, 0, 0, 0, 
0, 0, 0, 0, 4, 133, 2, 0, 0, 6, 118, 0, 0), dim = 5:4, dimnames = list(
    c("-2", "-1", "0", "1", "2"), c("-", "A", "C", "T"))), LR49_SNP1 = structure(c(1, 
282, 0, 1, 288, 0), dim = 3:2, dimnames = list(c("-1", "0", "1"
), c("A", "G"))), LR52_SNP1 = structure(c(0, 0, 0, 0, 0, 0, 0, 
0, 9, 36, 250, 0), dim = c(6L, 2L), dimnames = list(c("-4", "-3", 
"-2", "-1", "0", "1"), c("C", "T"))))
