Result <-
list(DEPDC2_SNP1 = structure(c(0, 0, 0, 0, 0, 0, 671, 2, 0, 0, 
0, 0), dim = 4:3, dimnames = list(c("-3", "-1", "0", "1"), c("A", 
"C", "T"))), GM01_SNP1 = structure(c(0, 0, 0, 0, 13, 135, 0, 
0), dim = c(4L, 2L), dimnames = list(c("-1", "0", "1", "2"), 
    c("A", "G"))), GM07_SNP1 = structure(c(0, 0, 0, 0, 0, 0, 
0, 80, 70, 90, 0, 0, 0, 0, 0, 0, 0, 0, 0, 0, 0, 1, 0, 0, 0, 0, 
0, 0, 0, 0), dim = 6:5, dimnames = list(c("-2", "-1", "0", "1", 
"2", "3"), c("-", "A", "G", "N", "T"))), GM09_SNP1 = structure(c(0, 
2, 433, 1, 0, 0, 0, 0, 0, 0, 0, 0), dim = 4:3, dimnames = list(
    c("-2", "-1", "0", "1"), c("A", "G", "T"))), GM11_SNP1 = structure(c(0, 
24, 50, 0, 0, 0, 71, 0), dim = c(4L, 2L), dimnames = list(c("-2", 
"-1", "0", "1"), c("A", "G"))), GM14_SNP1 = structure(c(0, 0, 
0, 0, 0, 0, 0, 0, 1, 132, 0, 0, 0, 9, 77, 33, 0, 0), dim = c(6L, 
3L), dimnames = list(c("-3", "-2", "-1", "0", "1", "2"), c("-", 
"C", "T"))), GM17_SNP1 = structure(c(0, 0, 0, 0, 0, 0, 224, 1, 
0, 0, 0, 0), dim = 4:3, dimnames = list(c("-2", "-1", "0", "1"
), c("A", "C", "T"))), GM22_SNP1 = structure(c(0, 0, 90, 0, 0, 
0, 0, 94, 0, 0, 0, 0, 0, 0, 0), dim = c(5L, 3L), dimnames = list(
    c("-2", "-1", "0", "1", "2"), c("A", "G", "T"))), GM26_SNP1 = structure(c(0, 
10, 208, 0, 0, 0, 0, 0, 0, 0, 0, 0), dim = 4:3, dimnames = list(
    c("-2", "-1", "0", "1"), c("A", "G", "T"))), GM29_SNP1 = structure(c(0, 
0, 0, 171, 0, 0, 0, 0, 0, 0), dim = c(5L, 2L), dimnames = list(
    c("-3", "-2", "-1", "0", "1"), c("A", "G"))), IM16_SNP1 = structure(c(0, 
64, 0, 0, 0, 0, 0, 0, 0, 87, 0, 0, 0, 0, 0, 0), dim = c(4L, 4L
), dimnames = list(c("-1", "0", "1", "2"), c("A", "C", "G", "T"
))), IM49_SNP1 = structure(c(0, 0, 0, 0, 0, 0, 0, 0, 0, 0, 0, 
45, 128, 58, 0), dim = c(5L, 3L), dimnames = list(c("-3", "-2", 
"-1", "0", "1"), c("A", "C", "G"))), LR10_SNP1 = structure(c(0, 
0, 0, 0, 0, 0, 0, 0, 2, 108, 1, 0, 0, 0, 0, 0, 0, 0, 0, 0, 3, 
103, 0, 0), dim = c(6L, 4L), dimnames = list(c("-3", "-2", "-1", 
"0", "1", "2"), c("A", "C", "G", "T"))), LR11_SNP1 = structure(c(0, 
0, 0, 0, 0, 0, 61, 84, 0, 0, 0, 0, 0, 0, 0), dim = c(5L, 3L), dimnames = list(
    c("-2", "-1", "0", "1", "2"), c("A", "C", "T"))), LR17_SNP1 = structure(c(0, 
10, 67, 0, 0, 0, 0, 0), dim = c(4L, 2L), dimnames = list(c("-2", 
"-1", "0", "1"), c("A", "G"))), LR20_SNP1 = structure(c(0, 0, 
0, 0, 0, 68, 129, 0, 0, 0, 0, 0), dim = 4:3, dimnames = list(
    c("-2", "-1", "0", "1"), c("-", "A", "G"))), LR24_SNP1 = structure(c(0, 
19, 1028, 0, 0, 0, 0, 0, 0, 0, 0, 0, 0, 0, 0, 0, 0, 0, 0, 0), dim = 5:4, dimnames = list(
    c("-2", "-1", "0", "1", "2"), c("A", "C", "G", "T"))), LR36_SNP1 = structure(c(0, 
0, 0, 0, 0, 0, 0, 0, 0, 0, 0, 0, 0, 0, 0, 0, 0, 0, 0, 0, 0, 0, 
0, 0, 0, 0, 0, 0, 0, 0, 0, 0, 0, 0, 3, 67, 11, 128, 0, 0), dim = c(8L, 
5L), dimnames = list(c("-5", "-4", "-3", "-2", "-1", "0", "1", 
"2"), c("A", "C", "G", "N", "T"))), LR40_SNP1 = structure(c(1, 
64, 0, 0, 0, 66, 0, 0), dim = c(4L, 2L), dimnames = list(c("-1", 
"0", "1", "2"), c("A", "C"))), LR44_SNP1 = structure(c(0, 0, 
0, 0, 0, 0, 0, 0, 2, 260, 2, 0, 0, 0, 0, 0, 0, 0, 0, 0, 0, 0, 
0, 0), dim = c(6L, 4L), dimnames = list(c("-4", "-3", "-2", "-1", 
"0", "1"), c("A", "C", "N", "T"))), LR46_SNP1 = structure(c(0, 
0, 0, 0, 0, 0, 0, 0, 0, 0, 114, 0), dim = 3:4, dimnames = list(
    c("-1", "0", "1"), c("-", "A", "G", "T"))), LR48_SNP1 = structure(c(0, 
0, 60, 8, 0, 0, 1, 53, 21, 0, 0, 0), dim = c(6L, 2L), dimnames = list(
    c("-2", "-1", "0", "1", "2", "3"), c("C", "T"))), LR49_SNP1 = structure(c(1, 
142, 0, 0, 0, 0, 0, 152, 0, 0, 0, 0), dim = 3:4, dimnames = list(
    c("-1", "0", "1"), c("A", "C", "G", "T"))), LR52_SNP1 = structure(c(0, 
0, 0, 0, 0, 0, 0, 0, 0, 0, 2, 150, 25, 0), dim = c(7L, 2L), dimnames = list(
    c("-4", "-3", "-2", "-1", "0", "1", "2"), c("C", "T"))))
