Result <-
list(DEPDC2_SNP1 = structure(c(0, 0, 0, 0, 0, 0, 0, 0, 0, 1, 
787, 1), dim = 3:4, dimnames = list(c("-1", "0", "1"), c("A", 
"C", "G", "T"))), GM01_SNP1 = structure(c(0, 208, 0, 0, 165, 
0), dim = 3:2, dimnames = list(c("-1", "0", "1"), c("A", "G"))), 
    GM07_SNP1 = structure(c(0, 0, 0, 0, 0, 0, 0, 186, 1, 0, 0, 
    2, 144, 0, 0, 0, 0, 0, 0, 0), dim = 5:4, dimnames = list(
        c("-2", "-1", "0", "1", "2"), c("-", "A", "G", "T"))), 
    GM09_SNP1 = structure(c(10, 96, 2, 0, 0, 0, 0, 0, 0), dim = c(3L, 
    3L), dimnames = list(c("-1", "0", "1"), c("A", "G", "T"))), 
    GM11_SNP1 = structure(c(0, 0, 1, 0, 0, 0, 218, 0), dim = c(4L, 
    2L), dimnames = list(c("-2", "-1", "0", "1"), c("A", "G"))), 
    GM14_SNP1 = structure(c(0, 0, 205, 0, 0, 0, 3, 205, 0, 0), dim = c(5L, 
    2L), dimnames = list(c("-2", "-1", "0", "1", "2"), c("C", 
    "T"))), GM17_SNP1 = structure(c(2, 278, 0, 0, 0, 0), dim = 3:2, dimnames = list(
        c("-1", "0", "1"), c("C", "T"))), GM22_SNP1 = structure(c(0, 
    1, 253, 0, 0, 0, 0, 0, 0, 0, 0, 0), dim = 4:3, dimnames = list(
        c("-2", "-1", "0", "1"), c("A", "G", "T"))), GM26_SNP1 = structure(c(0, 
    0, 110, 0, 0, 0, 111, 0, 0, 0, 0, 0), dim = 4:3, dimnames = list(
        c("-2", "-1", "0", "1"), c("A", "G", "T"))), GM29_SNP1 = structure(c(0, 
    0, 264, 0, 0, 0, 0, 0), dim = c(4L, 2L), dimnames = list(
        c("-2", "-1", "0", "1"), c("A", "G"))), IM16_SNP1 = structure(c(0, 
    0, 304, 0, 0, 0, 0, 0, 0, 0, 0, 0), dim = 4:3, dimnames = list(
        c("-2", "-1", "0", "1"), c("A", "G", "T"))), IM49_SNP1 = structure(c(0, 
    0, 1, 0, 0, 0, 6, 457, 0, 0), dim = c(5L, 2L), dimnames = list(
        c("-2", "-1", "0", "1", "2"), c("C", "G"))), LR10_SNP1 = structure(c(0, 
    0, 0, 0, 0, 0, 0, 0, 0, 1, 260, 0), dim = 4:3, dimnames = list(
        c("-2", "-1", "0", "1"), c("A", "C", "T"))), LR11_SNP1 = structure(c(0, 
    0, 0, 0, 0, 0, 0, 166, 0, 0, 0, 1, 155, 2, 0, 0, 0, 0, 0, 
    0, 0, 0, 0, 0, 0), dim = c(5L, 5L), dimnames = list(c("-2", 
    "-1", "0", "1", "2"), c("-", "A", "C", "G", "T"))), LR17_SNP1 = structure(c(0, 
    3, 252, 0, 0, 0, 0, 0, 0, 0), dim = c(5L, 2L), dimnames = list(
        c("-2", "-1", "0", "1", "2"), c("A", "G"))), LR20_SNP1 = structure(c(0, 
    137, 0, 0, 0, 0, 0, 151, 0), dim = c(3L, 3L), dimnames = list(
        c("-1", "0", "1"), c("A", "C", "G"))), LR24_SNP1 = structure(c(0, 
    0, 0, 0, 0, 0, 0, 0, 0, 559, 0, 0, 0, 0, 0, 0, 0, 0, 0, 0, 
    0, 615, 0, 0), dim = c(6L, 4L), dimnames = list(c("-3", "-2", 
    "-1", "0", "1", "2"), c("-", "A", "C", "G"))), LR36_SNP1 = structure(c(0, 
    0, 0, 1, 182, 0, 0, 0, 0, 0, 0, 0, 0, 0, 0, 0, 0, 0, 184, 
    0, 0), dim = c(7L, 3L), dimnames = list(c("-4", "-3", "-2", 
    "-1", "0", "1", "2"), c("A", "G", "T"))), LR40_SNP1 = structure(c(0, 
    0, 0, 0, 290, 0, 0, 0, 0), dim = c(3L, 3L), dimnames = list(
        c("-1", "0", "1"), c("A", "C", "G"))), LR44_SNP1 = structure(c(0, 
    0, 0, 2, 0, 0, 0, 1, 344, 0, 0, 0, 0, 6, 0), dim = c(5L, 
    3L), dimnames = list(c("-3", "-2", "-1", "0", "1"), c("A", 
    "C", "T"))), LR46_SNP1 = structure(c(0, 0, 0, 0, 0, 0, 261, 
    0), dim = c(4L, 2L), dimnames = list(c("-2", "-1", "0", "1"
    ), c("G", "T"))), LR48_SNP1 = structure(c(0, 0, 0, 0, 0, 
    179, 0, 0, 0, 0, 0, 0), dim = 4:3, dimnames = list(c("-1", 
    "0", "1", "2"), c("A", "C", "T"))), LR49_SNP1 = structure(c(0, 
    208, 0, 0, 188, 0, 0, 0, 0), dim = c(3L, 3L), dimnames = list(
        c("-1", "0", "1"), c("A", "G", "T"))), LR52_SNP1 = structure(c(0, 
    0, 0, 0, 0, 0, 0, 0, 2, 270, 0, 0, 0, 0, 0, 2, 0, 0), dim = c(6L, 
    3L), dimnames = list(c("-3", "-2", "-1", "0", "1", "2"), 
        c("A", "C", "T"))))
