Result <-
list(DEPDC2_SNP1 = structure(c(0, 0, 0, 0, 0, 1, 332, 0, 0, 0, 
303, 0), dim = 4:3, dimnames = list(c("-2", "-1", "0", "1"), 
    c("A", "C", "T"))), GM01_SNP1 = structure(c(0, 215, 0, 0, 
1, 0, 0, 0, 0), dim = c(3L, 3L), dimnames = list(c("-1", "0", 
"1"), c("A", "G", "T"))), GM07_SNP1 = structure(c(0, 0, 0, 0, 
0, 0, 5, 212, 0, 0, 0, 0, 0, 0, 0), dim = c(5L, 3L), dimnames = list(
    c("-2", "-1", "0", "1", "2"), c("-", "A", "G"))), GM09_SNP1 = structure(c(0, 
190, 0, 0, 0, 205, 0, 0, 0, 0, 0, 0), dim = 4:3, dimnames = list(
    c("-1", "0", "1", "2"), c("A", "G", "T"))), GM11_SNP1 = structure(c(0, 
2, 126, 0, 0, 0, 0, 0), dim = c(4L, 2L), dimnames = list(c("-2", 
"-1", "0", "1"), c("A", "G"))), GM14_SNP1 = structure(c(0, 0, 
240, 0, 0, 0, 0, 0), dim = c(4L, 2L), dimnames = list(c("-2", 
"-1", "0", "1"), c("C", "T"))), GM17_SNP1 = structure(c(0, 180, 
0, 0, 0, 0, 0, 0), dim = c(4L, 2L), dimnames = list(c("-1", "0", 
"1", "2"), c("C", "T"))), GM22_SNP1 = structure(c(0, 0, 78, 0, 
0, 0, 0, 89, 0, 0, 0, 0, 0, 0, 0), dim = c(5L, 3L), dimnames = list(
    c("-2", "-1", "0", "1", "2"), c("A", "G", "T"))), GM26_SNP1 = structure(c(0, 
0, 79, 0, 0, 0, 0, 77, 0, 0), dim = c(5L, 2L), dimnames = list(
    c("-2", "-1", "0", "1", "2"), c("A", "G"))), GM29_SNP1 = structure(c(0, 
0, 84, 0, 0, 0, 104, 0), dim = c(4L, 2L), dimnames = list(c("-2", 
"-1", "0", "1"), c("A", "G"))), IM16_SNP1 = structure(c(0, 74, 
0, 0, 0, 81, 0, 0), dim = c(4L, 2L), dimnames = list(c("-1", 
"0", "1", "2"), c("A", "G"))), IM49_SNP1 = structure(c(0, 0, 
0, 0, 0, 0, 0, 0, 1, 279, 1, 0, 0, 0, 1, 247, 2, 0, 0, 0, 0, 
0, 0, 0), dim = c(6L, 4L), dimnames = list(c("-4", "-2", "-1", 
"0", "1", "2"), c("A", "C", "G", "T"))), LR10_SNP1 = structure(c(0, 
1, 0, 0, 151, 0), dim = 3:2, dimnames = list(c("-1", "0", "1"
), c("C", "T"))), LR11_SNP1 = structure(c(0, 0, 0, 0, 0, 1, 193, 
0), dim = c(4L, 2L), dimnames = list(c("-2", "-1", "0", "1"), 
    c("A", "C"))), LR17_SNP1 = structure(c(0, 2, 150, 0), dim = c(4L, 
1L), dimnames = list(c("-2", "-1", "0", "1"), "A")), LR20_SNP1 = structure(c(0, 
106, 0, 0, 81, 0), dim = 3:2, dimnames = list(c("-1", "0", "1"
), c("A", "G"))), LR24_SNP1 = structure(c(0, 0, 0, 0, 0, 0, 438, 
0, 0, 0, 494, 0), dim = 4:3, dimnames = list(c("-2", "-1", "0", 
"1"), c("-", "A", "G"))), LR36_SNP1 = structure(c(0, 0, 0, 0, 
0, 0, 0, 0, 0, 0, 0, 0, 0, 0, 1, 328, 0, 0), dim = c(6L, 3L), dimnames = list(
    c("-3", "-2", "-1", "0", "1", "2"), c("A", "G", "T"))), LR40_SNP1 = structure(c(0, 
0, 0, 2, 157, 0, 0, 0, 0), dim = c(3L, 3L), dimnames = list(c("-1", 
"0", "1"), c("A", "C", "T"))), LR44_SNP1 = structure(c(0, 0, 
0, 1, 0, 0, 0, 0, 0, 100, 0, 0, 0, 0, 0, 1, 0, 0, 0, 0, 2, 145, 
1, 0), dim = c(6L, 4L), dimnames = list(c("-3", "-2", "-1", "0", 
"1", "2"), c("A", "C", "G", "T"))), LR46_SNP1 = structure(c(0, 
0, 70, 0, 0, 0, 1, 57, 1, 0), dim = c(5L, 2L), dimnames = list(
    c("-2", "-1", "0", "1", "2"), c("G", "T"))), LR48_SNP1 = structure(c(0, 
0, 101, 0, 0, 0, 0, 0), dim = c(4L, 2L), dimnames = list(c("-2", 
"-1", "0", "1"), c("C", "T"))), LR49_SNP1 = structure(c(0, 0, 
0, 0, 356, 0, 0, 0, 0), dim = c(3L, 3L), dimnames = list(c("-1", 
"0", "1"), c("A", "G", "T"))), LR52_SNP1 = structure(c(0, 0, 
0, 2, 140, 0, 0, 0, 0, 0, 1, 0), dim = c(6L, 2L), dimnames = list(
    c("-4", "-3", "-2", "-1", "0", "1"), c("C", "T"))))
