Result <-
list(DEPDC2_SNP1 = structure(c(0, 0, 129, 0, 0, 0, 1, 136, 0, 
0), dim = c(5L, 2L), dimnames = list(c("-3", "-1", "0", "1", 
"2"), c("C", "T"))), GM01_SNP1 = structure(c(0, 0, 0, 0, 0, 0, 
159, 0, 0, 0, 0, 0), dim = 4:3, dimnames = list(c("-2", "-1", 
"0", "1"), c("-", "A", "G"))), GM07_SNP1 = structure(c(1, 8, 
73, 1, 0, 0, 2, 87, 0, 0), dim = c(5L, 2L), dimnames = list(c("-2", 
"-1", "0", "1", "2"), c("A", "G"))), GM09_SNP1 = structure(c(0, 
3, 0, 0, 0, 0, 0, 0, 2, 469, 1, 0), dim = 4:3, dimnames = list(
    c("-1", "0", "1", "2"), c("A", "C", "G"))), GM11_SNP1 = structure(c(0, 
36, 1, 0, 27, 0), dim = 3:2, dimnames = list(c("-1", "0", "1"
), c("A", "G"))), GM14_SNP1 = structure(c(0, 0, 0, 0, 0, 2, 84, 
0, 0, 1, 92, 0), dim = 4:3, dimnames = list(c("-2", "-1", "0", 
"1"), c("A", "C", "T"))), GM17_SNP1 = structure(c(0, 0, 7, 278, 
0, 0, 0, 0, 0, 308, 0, 0), dim = c(6L, 2L), dimnames = list(c("-3", 
"-2", "-1", "0", "1", "2"), c("C", "T"))), GM22_SNP1 = structure(c(1, 
123, 0, 0, 0, 0, 0, 0, 0), dim = c(3L, 3L), dimnames = list(c("-1", 
"0", "1"), c("A", "G", "T"))), GM26_SNP1 = structure(c(0, 0, 
70, 0, 0, 0, 0, 0), dim = c(4L, 2L), dimnames = list(c("-3", 
"-1", "0", "1"), c("A", "G"))), GM29_SNP1 = structure(c(0, 1, 
202, 1, 0, 0, 0, 0), dim = c(4L, 2L), dimnames = list(c("-2", 
"-1", "0", "1"), c("A", "G"))), IM16_SNP1 = structure(c(0, 47, 
0, 0, 0, 0, 52, 0, 0, 0, 0, 0, 0, 0, 0), dim = c(5L, 3L), dimnames = list(
    c("-1", "0", "1", "2", "3"), c("A", "G", "T"))), IM49_SNP1 = structure(c(0, 
10, 404, 3, 0, 2, 10, 411, 1, 0, 0, 0, 0, 0, 0), dim = c(5L, 
3L), dimnames = list(c("-2", "-1", "0", "1", "2"), c("C", "G", 
"T"))), LR10_SNP1 = structure(c(0, 0, 70, 0, 0, 15, 53, 0), dim = c(4L, 
2L), dimnames = list(c("-2", "-1", "0", "1"), c("C", "T"))), 
    LR11_SNP1 = structure(c(0, 0, 76, 0, 0, 0, 2, 64, 0, 0), dim = c(5L, 
    2L), dimnames = list(c("-2", "-1", "0", "1", "2"), c("A", 
    "C"))), LR17_SNP1 = structure(c(0, 0, 4, 173, 0, 0, 0, 0, 
    0, 0, 0, 0), dim = c(6L, 2L), dimnames = list(c("-3", "-2", 
    "-1", "0", "1", "2"), c("A", "G"))), LR20_SNP1 = structure(c(4, 
    86, 0, 0, 107, 0), dim = 3:2, dimnames = list(c("-1", "0", 
    "1"), c("A", "G"))), LR24_SNP1 = structure(c(0, 0, 1, 314, 
    0, 0, 0, 5, 371, 0), dim = c(5L, 2L), dimnames = list(c("-3", 
    "-2", "-1", "0", "1"), c("A", "G"))), LR36_SNP1 = structure(c(0, 
    0, 0, 2, 6, 160, 0, 0, 0, 0, 0, 4, 2, 159, 3, 0), dim = c(8L, 
    2L), dimnames = list(c("-5", "-4", "-3", "-2", "-1", "0", 
    "1", "2"), c("A", "T"))), LR40_SNP1 = structure(c(0, 0, 0, 
    0, 116, 0), dim = 3:2, dimnames = list(c("-1", "0", "1"), 
        c("A", "C"))), LR44_SNP1 = structure(c(0, 8, 63, 1, 0, 
    0, 0, 1, 0, 0), dim = c(5L, 2L), dimnames = list(c("-2", 
    "-1", "0", "1", "2"), c("C", "T"))), LR46_SNP1 = structure(c(0, 
    0, 0, 0, 2, 0, 0, 89, 0), dim = c(3L, 3L), dimnames = list(
        c("-1", "0", "1"), c("-", "G", "T"))), LR48_SNP1 = structure(c(0, 
    0, 74, 0, 0, 0, 0, 0), dim = c(4L, 2L), dimnames = list(c("-2", 
    "-1", "0", "1"), c("C", "T"))), LR49_SNP1 = structure(c(8, 
    214, 0, 0, 0, 0, 0, 1, 0), dim = c(3L, 3L), dimnames = list(
        c("-1", "0", "1"), c("A", "C", "G"))), LR52_SNP1 = structure(c(0, 
    2, 3, 22, 0, 0, 0, 3, 20, 1), dim = c(5L, 2L), dimnames = list(
        c("-3", "-2", "-1", "0", "1"), c("C", "T"))))
