Result <-
list(DEPDC2_SNP1 = structure(c(0, 0, 0, 0, 0, 1, 2, 0, 0, 3, 
429, 4), dim = 4:3, dimnames = list(c("-2", "-1", "0", "1"), 
    c("A", "C", "T"))), GM01_SNP1 = structure(c(0, 22, 73, 0, 
0, 9, 83, 0), dim = c(4L, 2L), dimnames = list(c("-2", "-1", 
"0", "1"), c("A", "G"))), GM07_SNP1 = structure(c(0, 3, 25, 93, 
0, 0, 0, 0, 1, 1, 0, 0), dim = c(6L, 2L), dimnames = list(c("-3", 
"-2", "-1", "0", "1", "2"), c("A", "G"))), GM09_SNP1 = structure(c(0, 
191, 1, 0, 0, 0, 0, 0, 0, 164, 0, 0), dim = 4:3, dimnames = list(
    c("-1", "0", "1", "2"), c("A", "C", "G"))), GM11_SNP1 = structure(c(0, 
0, 0, 0, 0, 0, 102, 0), dim = c(4L, 2L), dimnames = list(c("-3", 
"-1", "0", "1"), c("A", "G"))), GM14_SNP1 = structure(c(0, 0, 
0, 0, 0, 0, 0, 0, 1, 115, 0, 0, 0, 12, 2, 79, 0, 0), dim = c(6L, 
3L), dimnames = list(c("-3", "-2", "-1", "0", "1", "3"), c("A", 
"C", "T"))), GM17_SNP1 = structure(c(7, 56, 0, 0, 0, 0, 0, 64, 
0), dim = c(3L, 3L), dimnames = list(c("-1", "0", "1"), c("C", 
"G", "T"))), GM22_SNP1 = structure(c(0, 23, 121, 0, 0, 0, 1, 
0), dim = c(4L, 2L), dimnames = list(c("-2", "-1", "0", "1"), 
    c("A", "G"))), GM26_SNP1 = structure(c(0, 0, 0, 102, 1, 0, 
0, 0, 0, 0), dim = c(5L, 2L), dimnames = list(c("-3", "-2", "-1", 
"0", "1"), c("A", "G"))), GM29_SNP1 = structure(c(0, 11, 97, 
0, 0, 0, 0, 0), dim = c(4L, 2L), dimnames = list(c("-2", "-1", 
"0", "1"), c("A", "G"))), IM16_SNP1 = structure(c(0, 7, 84, 8, 
1, 0, 0, 0, 3, 0, 0, 0, 0, 0, 0, 0, 0, 0), dim = c(6L, 3L), dimnames = list(
    c("-2", "-1", "0", "1", "2", "3"), c("A", "G", "T"))), IM49_SNP1 = structure(c(0, 
0, 0, 3, 0, 0, 0, 2, 28, 184, 1, 0, 0, 0, 0, 0, 0, 0), dim = c(6L, 
3L), dimnames = list(c("-3", "-2", "-1", "0", "1", "2"), c("C", 
"G", "T"))), LR10_SNP1 = structure(c(0, 0, 0, 0, 0, 0, 3, 0, 
0, 3, 146, 0), dim = 4:3, dimnames = list(c("-2", "-1", "0", 
"1"), c("A", "C", "T"))), LR11_SNP1 = structure(c(1, 1, 124, 
0, 0, 2, 80, 0, 0, 0, 0, 0), dim = 4:3, dimnames = list(c("-2", 
"-1", "0", "1"), c("A", "C", "G"))), LR17_SNP1 = structure(c(0, 
1, 114, 0, 0, 0, 0, 0), dim = c(4L, 2L), dimnames = list(c("-2", 
"-1", "0", "1"), c("A", "G"))), LR20_SNP1 = structure(c(0, 0, 
0, 0, 73, 0, 1, 85, 0, 0, 0, 0), dim = 3:4, dimnames = list(c("-1", 
"0", "1"), c("-", "A", "G", "T"))), LR24_SNP1 = structure(c(0, 
0, 1, 651, 0, 0, 0, 1, 1, 0, 0, 0, 0, 0, 0), dim = c(5L, 3L), dimnames = list(
    c("-3", "-2", "-1", "0", "1"), c("A", "G", "T"))), LR36_SNP1 = structure(c(0, 
0, 0, 0, 0, 0, 0, 0, 0, 0, 0, 0, 0, 0, 0, 0, 0, 0, 2, 19, 21, 
158, 0, 0, 0, 0, 0), dim = c(9L, 3L), dimnames = list(c("-3", 
"-2", "-1", "0", "1", "2", "3", "4", "5"), c("A", "C", "T"))), 
    LR40_SNP1 = structure(c(0, 0, 0, 2, 87, 0), dim = 3:2, dimnames = list(
        c("-1", "0", "1"), c("A", "C"))), LR44_SNP1 = structure(c(0, 
    0, 0, 0, 0, 0, 0, 0, 0, 0, 3, 4, 0, 0, 0, 0, 0, 0, 1, 0, 
    0, 0, 0, 1, 32, 173, 2, 0), dim = c(7L, 4L), dimnames = list(
        c("-4", "-3", "-2", "-1", "0", "1", "2"), c("A", "C", 
        "G", "T"))), LR46_SNP1 = structure(c(0, 0, 0, 1, 94, 
    0, 0, 0, 0), dim = c(3L, 3L), dimnames = list(c("-1", "0", 
    "1"), c("A", "G", "T"))), LR48_SNP1 = structure(c(0, 0, 21, 
    92, 0, 0, 0, 0, 1, 0), dim = c(5L, 2L), dimnames = list(c("-3", 
    "-2", "-1", "0", "1"), c("C", "T"))), LR49_SNP1 = structure(c(0, 
    2, 0, 0, 216, 0), dim = 3:2, dimnames = list(c("-1", "0", 
    "1"), c("A", "G"))), LR52_SNP1 = structure(c(0, 3, 18, 91, 
    0, 0, 0, 0, 2, 0), dim = c(5L, 2L), dimnames = list(c("-3", 
    "-2", "-1", "0", "1"), c("C", "T"))))
