Result <-
list(DEPDC2_SNP1 = structure(c(0, 2, 327, 0, 0, 0, 0, 0, 0, 0, 
340, 0), dim = 4:3, dimnames = list(c("-2", "-1", "0", "1"), 
    c("C", "G", "T"))), GM01_SNP1 = structure(c(0, 0, 0, 0, 0, 
0, 1, 293, 0), dim = c(3L, 3L), dimnames = list(c("-1", "0", 
"1"), c("A", "C", "G"))), GM07_SNP1 = structure(c(3, 20, 112, 
0, 0, 3, 55, 49, 1, 0), dim = c(5L, 2L), dimnames = list(c("-2", 
"-1", "0", "1", "2"), c("A", "G"))), GM09_SNP1 = structure(c(0, 
0, 0, 0, 1, 51, 416, 0, 0, 0, 0, 0), dim = 4:3, dimnames = list(
    c("-2", "-1", "0", "1"), c("A", "G", "T"))), GM11_SNP1 = structure(c(1, 
80, 1, 2, 80, 1), dim = 3:2, dimnames = list(c("-1", "0", "1"
), c("A", "G"))), GM14_SNP1 = structure(c(0, 18, 351, 2, 0, 0, 
0, 0, 1, 0, 0, 0), dim = c(6L, 2L), dimnames = list(c("-2", "-1", 
"0", "1", "2", "3"), c("C", "T"))), GM17_SNP1 = structure(c(0, 
4, 258, 3, 0, 0, 1, 0), dim = c(4L, 2L), dimnames = list(c("-2", 
"-1", "0", "1"), c("C", "T"))), GM22_SNP1 = structure(c(0, 2, 
219, 0, 0, 0, 0, 0), dim = c(4L, 2L), dimnames = list(c("-2", 
"-1", "0", "1"), c("A", "G"))), GM26_SNP1 = structure(c(0, 0, 
67, 0, 0, 0, 68, 0), dim = c(4L, 2L), dimnames = list(c("-3", 
"-1", "0", "1"), c("A", "G"))), GM29_SNP1 = structure(c(0, 0, 
0, 0, 1, 202, 32, 1, 0, 1, 0, 0), dim = 4:3, dimnames = list(
    c("-1", "0", "1", "2"), c("A", "G", "T"))), IM16_SNP1 = structure(c(0, 
6, 129, 0, 0, 0, 0, 0, 0, 0, 0, 8, 108, 7, 0, 0, 0, 0, 0, 0), dim = 5:4, dimnames = list(
    c("-2", "-1", "0", "1", "2"), c("A", "C", "G", "T"))), IM49_SNP1 = structure(c(0, 
0, 0, 0, 0, 0, 30, 389, 0, 0, 1, 45, 248, 0, 0, 0, 0, 0, 0, 0
), dim = 5:4, dimnames = list(c("-2", "-1", "0", "1", "2"), c("A", 
"C", "G", "T"))), LR10_SNP1 = structure(c(0, 0, 0, 0, 0, 0, 0, 
0, 0, 4, 176, 0), dim = 4:3, dimnames = list(c("-2", "-1", "0", 
"1"), c("A", "C", "T"))), LR11_SNP1 = structure(c(0, 0, 2, 125, 
0, 0, 0, 9, 113, 0), dim = c(5L, 2L), dimnames = list(c("-4", 
"-2", "-1", "0", "1"), c("A", "C"))), LR17_SNP1 = structure(c(1, 
31, 224, 1, 0, 0, 0, 0, 0, 0), dim = c(5L, 2L), dimnames = list(
    c("-2", "-1", "0", "1", "2"), c("A", "G"))), LR20_SNP1 = structure(c(0, 
0, 0, 2, 180, 0, 0, 0, 0), dim = c(3L, 3L), dimnames = list(c("-1", 
"0", "1"), c("A", "G", "T"))), LR24_SNP1 = structure(c(0, 0, 
32, 1014, 0, 0, 0, 0, 0, 0, 0, 0, 0, 0, 0), dim = c(5L, 3L), dimnames = list(
    c("-3", "-2", "-1", "0", "1"), c("A", "G", "T"))), LR36_SNP1 = structure(c(0, 
1, 39, 161, 20, 0, 0, 0, 0, 0, 0, 0, 0, 1, 25, 172, 1, 0), dim = c(6L, 
3L), dimnames = list(c("-3", "-2", "-1", "0", "1", "2"), c("A", 
"G", "T"))), LR40_SNP1 = structure(c(0, 0, 0, 0, 0, 8, 198, 0, 
0, 0, 0, 0), dim = 4:3, dimnames = list(c("-2", "-1", "0", "1"
), c("A", "C", "T"))), LR44_SNP1 = structure(c(0, 0, 0, 1, 0, 
0, 0, 0, 4, 36, 192, 0, 0, 0, 0, 0, 0, 1, 0, 0, 0), dim = c(7L, 
3L), dimnames = list(c("-3", "-2", "-1", "0", "1", "2", "6"), 
    c("-", "C", "T"))), LR46_SNP1 = structure(c(0, 0, 0, 0, 0, 
26, 106, 0), dim = c(4L, 2L), dimnames = list(c("-2", "-1", "0", 
"1"), c("G", "T"))), LR48_SNP1 = structure(c(0, 0, 0, 0, 0, 1, 
67, 0, 0, 4, 46, 0), dim = 4:3, dimnames = list(c("-2", "-1", 
"0", "1"), c("A", "C", "T"))), LR49_SNP1 = structure(c(1, 8, 
161, 0, 52, 133, 0, 0, 0), dim = c(3L, 3L), dimnames = list(c("-2", 
"-1", "0"), c("A", "G", "T"))), LR52_SNP1 = structure(c(0, 0, 
0, 0, 0, 0, 0, 0, 1, 20, 40, 101, 0, 0), dim = c(7L, 2L), dimnames = list(
    c("-4", "-3", "-2", "-1", "0", "1", "2"), c("C", "T"))))
