Result <-
list(DEPDC2_SNP1 = structure(c(0, 0, 0, 0, 0, 0, 0, 0, 2, 181, 
1, 0, 0, 0, 0, 0, 0, 0, 0, 0, 2, 194, 0, 1), dim = c(6L, 4L), dimnames = list(
    c("-3", "-2", "-1", "0", "1", "2"), c("A", "C", "G", "T"))), 
    GM01_SNP1 = structure(c(0, 1, 171, 0, 0, 0, 3, 0, 0, 0, 0, 
    0), dim = 4:3, dimnames = list(c("-2", "-1", "0", "1"), c("A", 
    "G", "T"))), GM07_SNP1 = structure(c(0, 2, 47, 25, 0, 0, 
    0, 1, 42, 25, 0, 0), dim = c(6L, 2L), dimnames = list(c("-3", 
    "-2", "-1", "0", "1", "2"), c("A", "G"))), GM09_SNP1 = structure(c(0, 
    0, 135, 0, 0, 71, 32, 0, 0, 0, 0, 0), dim = 4:3, dimnames = list(
        c("-2", "-1", "0", "1"), c("A", "G", "T"))), GM11_SNP1 = structure(c(1, 
    70, 0, 0, 0, 0, 0, 0, 0), dim = c(3L, 3L), dimnames = list(
        c("-1", "0", "1"), c("A", "G", "T"))), GM14_SNP1 = structure(c(0, 
    0, 0, 0, 0, 3, 163, 0, 0, 0, 0, 0), dim = 4:3, dimnames = list(
        c("-2", "-1", "0", "1"), c("A", "C", "T"))), GM17_SNP1 = structure(c(0, 
    0, 1, 82, 0, 0, 0, 0, 93, 0), dim = c(5L, 2L), dimnames = list(
        c("-3", "-2", "-1", "0", "1"), c("C", "T"))), GM22_SNP1 = structure(c(0, 
    0, 1, 0, 0, 0, 84, 1), dim = c(4L, 2L), dimnames = list(c("-2", 
    "-1", "0", "1"), c("A", "G"))), GM26_SNP1 = structure(c(3, 
    99, 0, 0, 0, 0), dim = 3:2, dimnames = list(c("-1", "0", 
    "1"), c("A", "G"))), GM29_SNP1 = structure(c(0, 0, 0, 3, 
    119, 0, 0, 0, 0, 0, 0, 0), dim = 3:4, dimnames = list(c("-1", 
    "0", "1"), c("-", "A", "G", "T"))), IM16_SNP1 = structure(c(0, 
    0, 1, 0, 0, 1, 111, 0), dim = c(4L, 2L), dimnames = list(
        c("-2", "-1", "0", "1"), c("A", "G"))), IM49_SNP1 = structure(c(0, 
    2, 119, 49, 0, 0, 0, 0, 0, 6, 143, 1, 0, 0), dim = c(7L, 
    2L), dimnames = list(c("-3", "-2", "-1", "0", "1", "2", "3"
    ), c("C", "G"))), LR10_SNP1 = structure(c(0, 0, 0, 0, 0, 
    0, 0, 0, 0, 0, 0, 0, 2, 137, 0, 0), dim = c(4L, 4L), dimnames = list(
        c("-1", "0", "1", "2"), c("A", "C", "G", "T"))), LR11_SNP1 = structure(c(0, 
    0, 56, 11, 0, 0, 0, 2, 43, 0, 0, 0, 0, 0, 0), dim = c(5L, 
    3L), dimnames = list(c("-3", "-2", "-1", "0", "1"), c("A", 
    "C", "T"))), LR17_SNP1 = structure(c(0, 1, 104, 48, 0, 0, 
    0, 0, 0, 0), dim = c(5L, 2L), dimnames = list(c("-2", "-1", 
    "0", "1", "2"), c("A", "G"))), LR20_SNP1 = structure(c(0, 
    91, 0, 0, 0, 0, 0, 90, 0), dim = c(3L, 3L), dimnames = list(
        c("-1", "0", "1"), c("A", "C", "G"))), LR24_SNP1 = structure(c(0, 
    0, 189, 561, 0, 0, 0, 0, 0, 0, 0, 0, 0, 0, 0), dim = c(5L, 
    3L), dimnames = list(c("-3", "-2", "-1", "0", "1"), c("A", 
    "C", "G"))), LR36_SNP1 = structure(c(0, 0, 0, 55, 116, 0, 
    0, 0, 0, 0, 0, 0, 0, 0, 0, 0, 1, 0), dim = c(6L, 3L), dimnames = list(
        c("-4", "-3", "-2", "-1", "0", "1"), c("A", "G", "T"))), 
    LR40_SNP1 = structure(c(0, 1, 0, 1, 119, 0, 0, 0, 0), dim = c(3L, 
    3L), dimnames = list(c("-1", "0", "1"), c("A", "C", "T"))), 
    LR44_SNP1 = structure(c(0, 0, 0, 0, 0, 0, 0, 0, 1, 4, 0, 
    0, 0, 6, 55, 113, 0, 0), dim = c(6L, 3L), dimnames = list(
        c("-3", "-2", "-1", "0", "1", "2"), c("A", "C", "T"))), 
    LR46_SNP1 = structure(c(0, 1, 0, 1, 96, 0, 0, 1, 0), dim = c(3L, 
    3L), dimnames = list(c("-1", "0", "1"), c("A", "G", "T"))), 
    LR48_SNP1 = structure(c(0, 2, 38, 0, 0, 2, 38, 0), dim = c(4L, 
    2L), dimnames = list(c("-2", "-1", "0", "1"), c("C", "T"))), 
    LR49_SNP1 = structure(c(1, 116, 0, 0, 98, 0, 0, 0, 0), dim = c(3L, 
    3L), dimnames = list(c("-1", "0", "1"), c("A", "G", "T"))), 
    LR52_SNP1 = structure(c(0, 0, 23, 0, 0, 0, 2, 52, 1, 0), dim = c(5L, 
    2L), dimnames = list(c("-2", "-1", "0", "1", "2"), c("C", 
    "T"))))
