Result <-
list(DEPDC2_SNP1 = structure(c(0, 0, 0, 0, 517, 0, 1, 471, 0), dim = c(3L, 
3L), dimnames = list(c("-1", "0", "1"), c("A", "C", "T"))), GM01_SNP1 = structure(c(0, 
1, 199, 1, 0, 0, 0, 0, 0, 0, 0, 1, 177, 0, 0), dim = c(5L, 3L
), dimnames = list(c("-2", "-1", "0", "1", "2"), c("A", "C", 
"G"))), GM07_SNP1 = structure(c(0, 0, 0, 0, 0, 0, 0, 0, 0, 5, 
223, 0, 0, 0, 0, 0, 4, 207, 2, 0, 0), dim = c(7L, 3L), dimnames = list(
    c("-3", "-2", "-1", "0", "1", "2", "3"), c("-", "A", "G"))), 
    GM09_SNP1 = structure(c(0, 337, 1, 0, 1, 325, 0, 0), dim = c(4L, 
    2L), dimnames = list(c("-1", "0", "1", "2"), c("A", "G"))), 
    GM11_SNP1 = structure(c(0, 0, 91, 0, 0, 0, 0, 94, 0, 0), dim = c(5L, 
    2L), dimnames = list(c("-2", "-1", "0", "1", "2"), c("A", 
    "G"))), GM14_SNP1 = structure(c(0, 0, 0, 0, 0, 0, 0, 0, 4, 
    557, 0, 0, 0, 0, 1, 1, 0, 0), dim = c(6L, 3L), dimnames = list(
        c("-3", "-2", "-1", "0", "1", "2"), c("A", "C", "T"))), 
    GM17_SNP1 = structure(c(0, 0, 1, 280, 0, 0, 0, 0, 0, 0, 0, 
    0, 0, 291, 0), dim = c(5L, 3L), dimnames = list(c("-3", "-2", 
    "-1", "0", "1"), c("C", "G", "T"))), GM22_SNP1 = structure(c(0, 
    0, 4, 0, 0, 0, 2, 249, 0, 0), dim = c(5L, 2L), dimnames = list(
        c("-2", "-1", "0", "1", "2"), c("A", "G"))), GM26_SNP1 = structure(c(0, 
    0, 205, 0, 0, 1, 174, 0, 0, 0, 0, 0), dim = 4:3, dimnames = list(
        c("-2", "-1", "0", "1"), c("A", "G", "T"))), GM29_SNP1 = structure(c(0, 
    2, 357, 0, 0, 0, 0, 0, 0, 0, 9, 0, 0, 0, 0, 0), dim = c(4L, 
    4L), dimnames = list(c("-2", "-1", "0", "1"), c("A", "C", 
    "G", "T"))), IM16_SNP1 = structure(c(0, 0, 3, 0, 0, 0, 0, 
    182, 2, 0), dim = c(5L, 2L), dimnames = list(c("-2", "-1", 
    "0", "1", "2"), c("A", "G"))), IM49_SNP1 = structure(c(0, 
    0, 0, 0, 0, 0, 3, 423, 1, 0, 0, 2, 334, 3, 0, 0, 0, 0, 0, 
    0), dim = 5:4, dimnames = list(c("-2", "-1", "0", "1", "2"
    ), c("A", "C", "G", "T"))), LR10_SNP1 = structure(c(0, 0, 
    0, 0, 0, 0, 1, 170, 0, 0, 0, 0, 150, 0, 0), dim = c(5L, 3L
    ), dimnames = list(c("-2", "-1", "0", "1", "2"), c("A", "C", 
    "T"))), LR11_SNP1 = structure(c(0, 0, 1, 0, 0, 0, 0, 251, 
    0, 0, 0, 0, 0, 0, 0), dim = c(5L, 3L), dimnames = list(c("-2", 
    "-1", "0", "1", "2"), c("A", "C", "T"))), LR17_SNP1 = structure(c(0, 
    2, 197, 2, 0), dim = c(5L, 1L), dimnames = list(c("-2", "-1", 
    "0", "1", "2"), "A")), LR20_SNP1 = structure(c(0, 332, 0, 
    0, 5, 0, 0, 0, 0), dim = c(3L, 3L), dimnames = list(c("-1", 
    "0", "1"), c("A", "G", "T"))), LR24_SNP1 = structure(c(0, 
    10, 0, 0, 905, 1), dim = 3:2, dimnames = list(c("-1", "0", 
    "1"), c("A", "G"))), LR36_SNP1 = structure(c(0, 0, 0, 1, 
    162, 1, 0, 0, 0, 0, 1, 188, 1, 0), dim = c(7L, 2L), dimnames = list(
        c("-4", "-3", "-2", "-1", "0", "1", "2"), c("A", "T"))), 
    LR40_SNP1 = structure(c(0, 90, 0, 0, 77, 0), dim = 3:2, dimnames = list(
        c("-1", "0", "1"), c("A", "C"))), LR44_SNP1 = structure(c(0, 
    2, 127, 0, 0, 0, 0, 2, 148, 2, 0, 1), dim = c(6L, 2L), dimnames = list(
        c("-2", "-1", "0", "1", "2", "7"), c("C", "T"))), LR46_SNP1 = structure(c(0, 
    258, 0, 0, 1, 0), dim = 3:2, dimnames = list(c("-1", "0", 
    "1"), c("G", "T"))), LR48_SNP1 = structure(c(0, 0, 0, 0, 
    0, 0, 1, 234, 0, 0, 0, 0, 4, 0, 0), dim = c(5L, 3L), dimnames = list(
        c("-2", "-1", "0", "1", "2"), c("A", "C", "T"))), LR49_SNP1 = structure(c(0, 
    3, 0, 0, 0, 0, 1, 641, 0), dim = c(3L, 3L), dimnames = list(
        c("-1", "0", "1"), c("A", "C", "G"))), LR52_SNP1 = structure(c(0, 
    0, 0, 1, 7, 282, 1, 0, 0, 0, 0, 0, 0, 8, 0, 0), dim = c(8L, 
    2L), dimnames = list(c("-5", "-4", "-3", "-2", "-1", "0", 
    "1", "2"), c("C", "T"))))
