Result <-
list(DEPDC2_SNP1 = structure(c(0, 0, 0, 0, 0, 459, 1, 0, 0, 1, 
0, 0), dim = 4:3, dimnames = list(c("-1", "0", "1", "2"), c("A", 
"C", "T"))), GM01_SNP1 = structure(c(0, 0, 0, 0, 0, 0, 253, 1
), dim = c(4L, 2L), dimnames = list(c("-2", "-1", "0", "1"), 
    c("A", "G"))), GM07_SNP1 = structure(c(0, 0, 2, 102, 0, 0, 
0, 0, 0, 2, 107, 0, 0, 0), dim = c(7L, 2L), dimnames = list(c("-3", 
"-2", "-1", "0", "1", "2", "3"), c("A", "G"))), GM09_SNP1 = structure(c(0, 
424, 0, 0, 0, 0, 0, 347, 0, 0, 0, 0), dim = 3:4, dimnames = list(
    c("-1", "0", "1"), c("A", "C", "G", "T"))), GM11_SNP1 = structure(c(1, 
38, 0, 1, 34, 0), dim = 3:2, dimnames = list(c("-1", "0", "1"
), c("A", "G"))), GM14_SNP1 = structure(c(0, 0, 0, 0, 0, 0, 0, 
0, 0, 0, 0, 0, 0, 1, 3, 283, 1, 0, 0, 0, 0, 0, 0, 0), dim = c(6L, 
4L), dimnames = list(c("-3", "-2", "-1", "0", "1", "2"), c("-", 
"A", "C", "T"))), GM17_SNP1 = structure(c(0, 0, 0, 393, 0, 0, 
0, 0, 373, 0), dim = c(5L, 2L), dimnames = list(c("-3", "-2", 
"-1", "0", "1"), c("C", "T"))), GM22_SNP1 = structure(c(0, 0, 
204, 2, 0, 0, 0, 0, 0, 0), dim = c(5L, 2L), dimnames = list(c("-2", 
"-1", "0", "1", "2"), c("A", "G"))), GM26_SNP1 = structure(c(0, 
57, 0, 0, 53, 0), dim = 3:2, dimnames = list(c("-1", "0", "1"
), c("A", "G"))), GM29_SNP1 = structure(c(0, 0, 2, 0, 0, 2, 349, 
0), dim = c(4L, 2L), dimnames = list(c("-2", "-1", "0", "1"), 
    c("A", "G"))), IM16_SNP1 = structure(c(0, 70, 0, 0, 72, 0, 
0, 0, 0), dim = c(3L, 3L), dimnames = list(c("-1", "0", "1"), 
    c("A", "G", "T"))), IM49_SNP1 = structure(c(0, 0, 0, 0, 0, 
0, 0, 0, 13, 1306, 11, 0, 0, 0, 0, 1, 0, 0, 0, 0, 0, 0, 0, 0), dim = c(6L, 
4L), dimnames = list(c("-3", "-2", "-1", "0", "1", "2"), c("A", 
"C", "G", "T"))), LR10_SNP1 = structure(c(0, 0, 57, 0, 0, 0, 
57, 0), dim = c(4L, 2L), dimnames = list(c("-2", "-1", "0", "1"
), c("C", "T"))), LR11_SNP1 = structure(c(0, 0, 1, 0, 0, 0, 2, 
207, 0, 0, 0, 0, 0, 0, 0), dim = c(5L, 3L), dimnames = list(c("-2", 
"-1", "0", "1", "2"), c("A", "C", "T"))), LR17_SNP1 = structure(c(0, 
0, 1, 245, 1, 0, 0, 0, 0, 0), dim = c(5L, 2L), dimnames = list(
    c("-3", "-2", "-1", "0", "1"), c("A", "G"))), LR20_SNP1 = structure(c(0, 
121, 0, 0, 130, 0), dim = 3:2, dimnames = list(c("-1", "0", "1"
), c("A", "G"))), LR24_SNP1 = structure(c(0, 0, 9, 0, 0, 1, 973, 
1), dim = c(4L, 2L), dimnames = list(c("-2", "-1", "0", "1"), 
    c("A", "G"))), LR36_SNP1 = structure(c(0, 0, 0, 1, 0, 0, 
0, 0, 0, 0, 0, 0, 4, 557, 1), dim = c(5L, 3L), dimnames = list(
    c("-3", "-2", "-1", "0", "1"), c("A", "G", "T"))), LR40_SNP1 = structure(c(0, 
0, 72, 0, 0, 0, 74, 0), dim = c(4L, 2L), dimnames = list(c("-2", 
"-1", "0", "1"), c("A", "C"))), LR44_SNP1 = structure(c(0, 0, 
0, 0, 0, 0, 1, 56, 1, 0, 0, 0, 0, 0, 0, 0, 1, 66, 0, 0), dim = 5:4, dimnames = list(
    c("-2", "-1", "0", "1", "2"), c("A", "C", "G", "T"))), LR46_SNP1 = structure(c(0, 
76, 0, 0, 67, 0), dim = 3:2, dimnames = list(c("-1", "0", "1"
), c("G", "T"))), LR48_SNP1 = structure(c(0, 0, 0, 0, 0, 0, 89, 
0), dim = c(4L, 2L), dimnames = list(c("-2", "-1", "0", "1"), 
    c("C", "T"))), LR49_SNP1 = structure(c(0, 0, 0, 292), dim = c(2L, 
2L), dimnames = list(c("-1", "0"), c("A", "G"))), LR52_SNP1 = structure(c(1, 
0, 1, 80, 0, 0, 0, 0, 1, 0), dim = c(5L, 2L), dimnames = list(
    c("-3", "-2", "-1", "0", "1"), c("C", "T"))))
