Result <-
list(DEPDC2_SNP1 = structure(c(0, 0, 0, 0, 1, 0, 1, 1936, 0), dim = c(3L, 
3L), dimnames = list(c("-1", "0", "1"), c("A", "C", "T"))), GM01_SNP1 = structure(c(0, 
0, 0, 0, 920, 1, 0, 0, 0), dim = c(3L, 3L), dimnames = list(c("-1", 
"0", "1"), c("-", "A", "G"))), GM07_SNP1 = structure(c(0, 0, 
0, 0, 0, 0, 7, 948, 8, 0, 0, 0, 0, 0, 0), dim = c(5L, 3L), dimnames = list(
    c("-2", "-1", "0", "1", "2"), c("-", "A", "G"))), GM09_SNP1 = structure(c(0, 
0, 0, 0, 1444, 0, 0, 0, 0), dim = c(3L, 3L), dimnames = list(
    c("-1", "0", "1"), c("A", "G", "T"))), GM11_SNP1 = structure(c(0, 
0, 490, 0, 0, 0, 0, 0), dim = c(4L, 2L), dimnames = list(c("-3", 
"-1", "0", "1"), c("A", "G"))), GM14_SNP1 = structure(c(0, 0, 
0, 0, 0, 0, 0, 0, 1, 1128, 4, 0, 0, 0, 0, 0, 0, 0), dim = c(6L, 
3L), dimnames = list(c("-3", "-2", "-1", "0", "1", "2"), c("A", 
"C", "T"))), GM17_SNP1 = structure(c(0, 0, 0, 1227, 2, 0, 0, 
0, 0, 2, 0, 0), dim = c(6L, 2L), dimnames = list(c("-3", "-2", 
"-1", "0", "1", "2"), c("C", "T"))), GM22_SNP1 = structure(c(0, 
0, 358, 0, 0, 1, 355, 0, 0, 0, 0, 0), dim = 4:3, dimnames = list(
    c("-2", "-1", "0", "1"), c("A", "G", "T"))), GM26_SNP1 = structure(c(0, 
0, 443, 1, 0, 0, 393, 0), dim = c(4L, 2L), dimnames = list(c("-3", 
"-1", "0", "1"), c("A", "G"))), GM29_SNP1 = structure(c(0, 0, 
0, 0, 0, 0, 5, 854, 2, 0), dim = c(5L, 2L), dimnames = list(c("-2", 
"-1", "0", "1", "2"), c("A", "G"))), IM16_SNP1 = structure(c(0, 
259, 0, 0, 3, 306, 0, 0), dim = c(4L, 2L), dimnames = list(c("-1", 
"0", "1", "2"), c("A", "G"))), IM49_SNP1 = structure(c(0, 0, 
0, 0, 0, 0, 0, 0, 11, 789, 5, 0, 0, 0, 9, 782, 3, 0), dim = c(6L, 
3L), dimnames = list(c("-3", "-2", "-1", "0", "1", "2"), c("A", 
"C", "G"))), LR10_SNP1 = structure(c(2, 669, 2, 0, 0, 0), dim = 3:2, dimnames = list(
    c("-1", "0", "1"), c("C", "T"))), LR11_SNP1 = structure(c(0, 
0, 359, 1, 0, 0, 2, 295, 0, 0, 0, 0, 0, 0, 0, 0, 0, 0, 0, 0), dim = 5:4, dimnames = list(
    c("-2", "-1", "0", "1", "2"), c("A", "C", "G", "T"))), LR17_SNP1 = structure(c(0, 
8, 563, 2, 0), dim = c(5L, 1L), dimnames = list(c("-2", "-1", 
"0", "1", "2"), "A")), LR20_SNP1 = structure(c(0, 2, 0, 0, 652, 
1), dim = 3:2, dimnames = list(c("-1", "0", "1"), c("A", "G"))), 
    LR24_SNP1 = structure(c(0, 0, 0, 0, 0, 0, 0, 0, 836, 0, 0, 
    0, 0, 0, 0, 0, 0, 0, 830, 0), dim = 5:4, dimnames = list(
        c("-3", "-2", "-1", "0", "1"), c("-", "A", "C", "G"))), 
    LR36_SNP1 = structure(c(0, 1, 3, 479, 1, 0, 0, 0, 0, 0, 0, 
    0, 0, 0, 0, 466, 3, 0), dim = c(6L, 3L), dimnames = list(
        c("-3", "-2", "-1", "0", "1", "2"), c("A", "G", "T"))), 
    LR40_SNP1 = structure(c(0, 0, 0, 0, 0, 1, 463, 0, 0, 0, 0, 
    0), dim = 4:3, dimnames = list(c("-2", "-1", "0", "1"), c("A", 
    "C", "T"))), LR44_SNP1 = structure(c(0, 1, 0, 0, 0, 0, 0, 
    0, 252, 1, 0, 0, 0, 4, 261, 2, 0, 0), dim = c(6L, 3L), dimnames = list(
        c("-2", "-1", "0", "1", "2", "3"), c("A", "C", "T"))), 
    LR46_SNP1 = structure(c(0, 0, 0, 0, 0, 0, 0, 2, 0, 0, 698, 
    0), dim = 3:4, dimnames = list(c("-1", "0", "1"), c("A", 
    "C", "G", "T"))), LR48_SNP1 = structure(c(0, 0, 2, 591, 2, 
    0, 0, 0, 0, 0, 0, 0), dim = c(6L, 2L), dimnames = list(c("-3", 
    "-2", "-1", "0", "1", "2"), c("C", "T"))), LR49_SNP1 = structure(c(0, 
    3, 0, 2, 1220, 0), dim = 3:2, dimnames = list(c("-1", "0", 
    "1"), c("A", "G"))), LR52_SNP1 = structure(c(0, 0, 0, 0, 
    0, 0, 0, 0, 0, 0, 0, 0, 0, 0, 0, 0, 1, 22, 624, 4, 0, 0, 
    0, 0, 0, 4, 0, 0), dim = c(7L, 4L), dimnames = list(c("-4", 
    "-3", "-2", "-1", "0", "1", "2"), c("-", "A", "C", "T"))))
