Result <-
list(DEPDC2_SNP1 = structure(c(0, 0, 0, 0, 2, 0, 20, 128, 0), dim = c(3L, 
3L), dimnames = list(c("-1", "0", "1"), c("A", "C", "T"))), GM01_SNP1 = structure(c(0, 
129, 0, 0, 0, 0), dim = 3:2, dimnames = list(c("-1", "0", "1"
), c("A", "G"))), GM07_SNP1 = structure(c(0, 0, 1, 0, 0, 0, 0, 
3, 68, 11, 0, 0), dim = c(6L, 2L), dimnames = list(c("-2", "-1", 
"0", "1", "2", "3"), c("A", "G"))), GM09_SNP1 = structure(c(1, 
295, 0, 0, 0, 2, 0, 0, 0, 0, 0, 0), dim = 4:3, dimnames = list(
    c("-1", "0", "1", "2"), c("A", "G", "T"))), GM11_SNP1 = structure(c(0, 
0, 20, 0, 0, 0, 0, 0, 0, 0, 13, 0), dim = 4:3, dimnames = list(
    c("-2", "-1", "0", "1"), c("A", "C", "G"))), GM14_SNP1 = structure(c(0, 
0, 0, 0, 0, 0, 1, 73, 0, 0, 0, 0, 54, 0, 0), dim = c(5L, 3L), dimnames = list(
    c("-2", "-1", "0", "1", "2"), c("A", "C", "T"))), GM17_SNP1 = structure(c(0, 
0, 2, 280, 0, 0, 0, 0, 0, 0, 0, 0, 0, 0, 0, 3, 0, 0), dim = c(6L, 
3L), dimnames = list(c("-3", "-2", "-1", "0", "1", "2"), c("C", 
"G", "T"))), GM22_SNP1 = structure(c(0, 0, 95, 0, 0, 0, 0, 0, 
0, 0, 0, 0, 0, 0, 0), dim = c(5L, 3L), dimnames = list(c("-2", 
"-1", "0", "1", "2"), c("A", "G", "T"))), GM26_SNP1 = structure(c(0, 
0, 13, 0, 0, 2, 19, 0), dim = c(4L, 2L), dimnames = list(c("-2", 
"-1", "0", "1"), c("A", "G"))), GM29_SNP1 = structure(c(0, 0, 
113, 0, 0, 0, 0, 0), dim = c(4L, 2L), dimnames = list(c("-2", 
"-1", "0", "1"), c("A", "G"))), IM16_SNP1 = structure(c(0, 5, 
30, 0, 0, 0, 0, 30, 0, 0, 0, 0, 0, 0, 0), dim = c(5L, 3L), dimnames = list(
    c("-2", "-1", "0", "1", "2"), c("A", "G", "T"))), IM49_SNP1 = structure(c(0, 
0, 0, 0, 0, 0, 17, 542, 3, 0, 0, 0, 1, 0, 0), dim = c(5L, 3L), dimnames = list(
    c("-2", "-1", "0", "1", "2"), c("A", "C", "G"))), LR10_SNP1 = structure(c(0, 
4, 36, 0, 0, 0, 35, 0), dim = c(4L, 2L), dimnames = list(c("-2", 
"-1", "0", "1"), c("C", "T"))), LR11_SNP1 = structure(c(0, 0, 
0, 0, 0, 0, 0, 6, 82, 0, 0, 0, 0, 0, 0), dim = c(5L, 3L), dimnames = list(
    c("-3", "-2", "-1", "0", "1"), c("A", "C", "T"))), LR17_SNP1 = structure(c(0, 
0, 1, 117, 1, 0, 0, 0, 0, 0, 0, 0), dim = c(6L, 2L), dimnames = list(
    c("-3", "-2", "-1", "0", "1", "2"), c("A", "G"))), LR20_SNP1 = structure(c(1, 
75, 0, 0, 73, 0), dim = 3:2, dimnames = list(c("-1", "0", "1"
), c("A", "G"))), LR24_SNP1 = structure(c(0, 1, 533, 0, 0, 0, 
2, 0), dim = c(4L, 2L), dimnames = list(c("-2", "-1", "0", "1"
), c("A", "G"))), LR36_SNP1 = structure(c(0, 0, 0, 0, 0, 1, 0, 
0, 0, 0, 0, 0, 0, 0, 0, 0, 0, 0, 0, 12, 22, 162, 0, 0), dim = c(8L, 
3L), dimnames = list(c("-5", "-4", "-3", "-2", "-1", "0", "1", 
"2"), c("A", "G", "T"))), LR40_SNP1 = structure(c(0, 76, 0), dim = c(3L, 
1L), dimnames = list(c("-1", "0", "1"), "C")), LR44_SNP1 = structure(c(0, 
0, 0, 0, 0, 0, 0, 37, 0, 0, 0, 1, 43, 1, 0), dim = c(5L, 3L), dimnames = list(
    c("-2", "-1", "0", "1", "2"), c("A", "C", "T"))), LR46_SNP1 = structure(c(0, 
0, 0, 2, 46, 0), dim = 3:2, dimnames = list(c("-1", "0", "1"), 
    c("G", "T"))), LR48_SNP1 = structure(c(0, 0, 0, 0, 0, 0, 
5, 37, 0, 0), dim = c(5L, 2L), dimnames = list(c("-2", "-1", 
"0", "1", "2"), c("A", "C"))), LR49_SNP1 = structure(c(0, 0, 
0, 103), dim = c(2L, 2L), dimnames = list(c("-1", "0"), c("A", 
"G"))), LR52_SNP1 = structure(c(0, 0, 0, 0, 0, 0, 0, 1, 3, 21, 
1, 0), dim = c(6L, 2L), dimnames = list(c("-3", "-2", "-1", "0", 
"1", "2"), c("C", "T"))))
