Result <-
list(DEPDC2_SNP1 = structure(c(0, 0, 0, 1, 583, 0, 0, 1, 0), dim = c(3L, 
3L), dimnames = list(c("-1", "0", "1"), c("A", "C", "T"))), GM01_SNP1 = structure(c(0, 
0, 0, 0, 0, 0, 168, 0, 0, 0, 0, 0), dim = 4:3, dimnames = list(
    c("-2", "-1", "0", "1"), c("-", "A", "G"))), GM07_SNP1 = structure(c(0, 
0, 0, 0, 0, 0, 0, 96, 1, 0, 0, 2, 102, 0, 0), dim = c(5L, 3L), dimnames = list(
    c("-2", "-1", "0", "1", "2"), c("-", "A", "G"))), GM09_SNP1 = structure(c(1, 
256, 0, 0, 0, 0, 0, 289, 0, 0, 0, 0), dim = 3:4, dimnames = list(
    c("-1", "0", "1"), c("A", "C", "G", "T"))), GM11_SNP1 = structure(c(0, 
67, 0, 0, 0, 0), dim = 3:2, dimnames = list(c("-1", "0", "1"), 
    c("A", "G"))), GM14_SNP1 = structure(c(0, 0, 0, 256, 0, 0, 
0, 0, 0, 1, 0, 0), dim = c(6L, 2L), dimnames = list(c("-3", "-2", 
"-1", "0", "1", "2"), c("C", "T"))), GM17_SNP1 = structure(c(0, 
0, 0, 0, 0, 0, 1, 294, 0), dim = c(3L, 3L), dimnames = list(c("-1", 
"0", "1"), c("A", "C", "T"))), GM22_SNP1 = structure(c(0, 0, 
102, 0, 0, 0, 0, 90, 0, 0), dim = c(5L, 2L), dimnames = list(
    c("-2", "-1", "0", "1", "2"), c("A", "G"))), GM26_SNP1 = structure(c(0, 
113, 0), dim = c(3L, 1L), dimnames = list(c("-1", "0", "1"), 
    "A")), GM29_SNP1 = structure(c(0, 196, 0, 0, 0, 0, 0, 0), dim = c(4L, 
2L), dimnames = list(c("-1", "0", "1", "2"), c("A", "G"))), IM16_SNP1 = structure(c(0, 
116, 0, 0), dim = c(4L, 1L), dimnames = list(c("-1", "0", "1", 
"2"), "G")), IM49_SNP1 = structure(c(0, 0, 3, 268, 1, 0, 0, 0, 
3, 201, 1, 0), dim = c(6L, 2L), dimnames = list(c("-3", "-2", 
"-1", "0", "1", "2"), c("C", "G"))), LR10_SNP1 = structure(c(0, 
0, 0, 0, 0, 0, 122, 0, 0, 0, 0, 0), dim = 4:3, dimnames = list(
    c("-2", "-1", "0", "1"), c("-", "C", "T"))), LR11_SNP1 = structure(c(0, 
0, 3, 219, 0, 0, 0, 0, 0, 0), dim = c(5L, 2L), dimnames = list(
    c("-3", "-2", "-1", "0", "1"), c("A", "C"))), LR17_SNP1 = structure(c(0, 
0, 3, 228, 0, 0, 0, 0, 0, 0), dim = c(5L, 2L), dimnames = list(
    c("-3", "-2", "-1", "0", "1"), c("A", "G"))), LR20_SNP1 = structure(c(0, 
83, 0, 0, 95, 0), dim = 3:2, dimnames = list(c("-1", "0", "1"
), c("A", "G"))), LR24_SNP1 = structure(c(0, 0, 284, 0, 0, 2, 
290, 0, 0, 0, 0, 0), dim = 4:3, dimnames = list(c("-3", "-1", 
"0", "1"), c("A", "G", "N"))), LR36_SNP1 = structure(c(0, 0, 
0, 1, 204, 2, 0, 0, 0, 0, 0, 0, 0, 0, 0, 0, 0, 0, 0, 0, 0, 0, 
0, 0, 1, 185, 0, 0), dim = c(7L, 4L), dimnames = list(c("-4", 
"-3", "-2", "-1", "0", "1", "2"), c("A", "G", "N", "T"))), LR40_SNP1 = structure(c(0, 
0, 90, 0), dim = c(4L, 1L), dimnames = list(c("-2", "-1", "0", 
"1"), "C")), LR44_SNP1 = structure(c(0, 0, 1, 56, 0, 0, 0, 0, 
1, 46, 0, 0), dim = c(6L, 2L), dimnames = list(c("-3", "-2", 
"-1", "0", "1", "2"), c("C", "T"))), LR46_SNP1 = structure(c(0, 
150, 0), dim = c(3L, 1L), dimnames = list(c("-1", "0", "1"), 
    "T")), LR48_SNP1 = structure(c(0, 0, 0, 0, 0, 0, 0, 51, 0, 
0, 0, 2, 42, 0, 0), dim = c(5L, 3L), dimnames = list(c("-2", 
"-1", "0", "1", "2"), c("A", "C", "T"))), LR49_SNP1 = structure(c(0, 
164, 0, 0, 126, 0, 0, 0, 0), dim = c(3L, 3L), dimnames = list(
    c("-1", "0", "1"), c("A", "G", "T"))), LR52_SNP1 = structure(c(0, 
0, 2, 38, 0, 0, 0, 0, 45, 0), dim = c(5L, 2L), dimnames = list(
    c("-3", "-2", "-1", "0", "1"), c("C", "T"))))
