Result <-
list(DEPDC2_SNP1 = structure(c(0, 0, 1, 0, 0, 2, 999, 0), dim = c(4L, 
2L), dimnames = list(c("-2", "-1", "0", "1"), c("C", "T"))), 
    GM01_SNP1 = structure(c(0, 284, 1, 1, 308, 0), dim = 3:2, dimnames = list(
        c("-1", "0", "1"), c("A", "G"))), GM07_SNP1 = structure(c(0, 
    0, 0, 0, 0, 0, 2, 295, 1, 0, 0, 3, 244, 1, 0), dim = c(5L, 
    3L), dimnames = list(c("-2", "-1", "0", "1", "2"), c("-", 
    "A", "G"))), GM09_SNP1 = structure(c(0, 0, 1421, 0, 0, 0, 
    1, 0, 0, 0, 0, 0), dim = 4:3, dimnames = list(c("-2", "-1", 
    "0", "1"), c("A", "G", "T"))), GM11_SNP1 = structure(c(0, 
    1, 118, 0, 0, 0, 0, 137, 0, 0), dim = c(5L, 2L), dimnames = list(
        c("-2", "-1", "0", "1", "2"), c("A", "G"))), GM14_SNP1 = structure(c(0, 
    0, 0, 0, 0, 0, 0, 0, 3, 863, 4, 0, 0, 0, 0, 1, 0, 0), dim = c(6L, 
    3L), dimnames = list(c("-3", "-2", "-1", "0", "1", "2"), 
        c("A", "C", "T"))), GM17_SNP1 = structure(c(0, 0, 0, 
    0, 0, 0, 1, 1253, 0, 0, 0, 0, 0, 0, 0), dim = c(5L, 3L), dimnames = list(
        c("-2", "-1", "0", "1", "2"), c("A", "C", "T"))), GM22_SNP1 = structure(c(0, 
    0, 641, 1, 0, 0, 0, 0, 0, 0, 0, 0), dim = 4:3, dimnames = list(
        c("-2", "-1", "0", "1"), c("A", "G", "T"))), GM26_SNP1 = structure(c(1, 
    301, 1, 0, 0, 0, 0, 0), dim = c(4L, 2L), dimnames = list(
        c("-1", "0", "1", "2"), c("A", "G"))), GM29_SNP1 = structure(c(0, 
    0, 3, 350, 0, 0, 0, 0, 0, 0, 0, 0, 0, 366, 0, 0, 0, 0, 0, 
    0), dim = 5:4, dimnames = list(c("-3", "-2", "-1", "0", "1"
    ), c("A", "C", "G", "T"))), IM16_SNP1 = structure(c(0, 0, 
    211, 0, 0, 0, 0, 0, 0, 0, 0, 0, 197, 1, 0), dim = c(5L, 3L
    ), dimnames = list(c("-2", "-1", "0", "1", "2"), c("A", "C", 
    "G"))), IM49_SNP1 = structure(c(0, 0, 0, 0, 0, 0, 0, 0, 0, 
    0, 0, 7, 973, 2, 0, 0, 11, 892, 2, 0, 0, 0, 0, 0, 0), dim = c(5L, 
    5L), dimnames = list(c("-2", "-1", "0", "1", "2"), c("-", 
    "A", "C", "G", "T"))), LR10_SNP1 = structure(c(0, 0, 0, 0, 
    0, 2, 458, 0), dim = c(4L, 2L), dimnames = list(c("-2", "-1", 
    "0", "1"), c("C", "T"))), LR11_SNP1 = structure(c(0, 5, 259, 
    0, 0, 2, 212, 1), dim = c(4L, 2L), dimnames = list(c("-2", 
    "-1", "0", "1"), c("A", "C"))), LR17_SNP1 = structure(c(0, 
    5, 609, 5, 0, 0, 0, 0, 0, 0, 0, 0, 0, 0, 0), dim = c(5L, 
    3L), dimnames = list(c("-2", "-1", "0", "1", "2"), c("A", 
    "G", "T"))), LR20_SNP1 = structure(c(0, 0, 0, 0, 0, 0, 259, 
    0, 0, 0, 0, 0, 0, 0, 266, 0, 0, 0, 0, 0), dim = 4:5, dimnames = list(
        c("-2", "-1", "0", "1"), c("-", "A", "C", "G", "T"))), 
    LR24_SNP1 = structure(c(0, 0, 0, 0, 0, 0, 4, 1003, 0, 0, 
    0, 0, 0, 0, 0, 0, 1, 916, 0, 0, 0, 0, 0, 0, 0), dim = c(5L, 
    5L), dimnames = list(c("-2", "-1", "0", "1", "2"), c("-", 
    "A", "C", "G", "T"))), LR36_SNP1 = structure(c(0, 0, 0, 1, 
    0, 0, 0, 0, 0, 1, 0, 0, 0, 0, 0, 0, 0, 0, 0, 0, 16, 1057, 
    3, 0), dim = c(6L, 4L), dimnames = list(c("-3", "-2", "-1", 
    "0", "1", "2"), c("A", "C", "G", "T"))), LR40_SNP1 = structure(c(0, 
    420, 0, 0, 0, 0), dim = 3:2, dimnames = list(c("-1", "0", 
    "1"), c("C", "T"))), LR44_SNP1 = structure(c(0, 0, 0, 3, 
    149, 0, 0, 0, 0, 0, 0, 0, 1, 0, 0, 0, 0, 0, 1, 5, 163, 0, 
    0, 0), dim = c(8L, 3L), dimnames = list(c("-4", "-3", "-2", 
    "-1", "0", "1", "2", "3"), c("C", "G", "T"))), LR46_SNP1 = structure(c(0, 
    0, 0, 0, 375, 0, 0, 0, 0), dim = c(3L, 3L), dimnames = list(
        c("-1", "0", "1"), c("A", "G", "T"))), LR48_SNP1 = structure(c(0, 
    5, 289, 2, 0, 0, 0, 0, 0, 0), dim = c(5L, 2L), dimnames = list(
        c("-2", "-1", "0", "1", "2"), c("C", "T"))), LR49_SNP1 = structure(c(6, 
    383, 0, 0, 331, 0, 0, 0, 0), dim = c(3L, 3L), dimnames = list(
        c("-1", "0", "1"), c("A", "G", "T"))), LR52_SNP1 = structure(c(0, 
    0, 3, 156, 0, 0, 0, 3, 128, 0), dim = c(5L, 2L), dimnames = list(
        c("-3", "-2", "-1", "0", "1"), c("C", "T"))))
