Result <-
list(DEPDC2_SNP1 = structure(c(0, 0, 0, 0, 0, 3, 423, 1), dim = c(4L, 
2L), dimnames = list(c("-2", "-1", "0", "1"), c("C", "T"))), 
    GM01_SNP1 = structure(c(0, 94, 0, 0, 0, 0, 5, 93, 0), dim = c(3L, 
    3L), dimnames = list(c("-1", "0", "1"), c("A", "C", "G"))), 
    GM07_SNP1 = structure(c(0, 0, 0, 0, 0, 0, 0, 0, 33, 73, 0, 
    0), dim = c(6L, 2L), dimnames = list(c("-3", "-2", "-1", 
    "0", "1", "2"), c("A", "G"))), GM09_SNP1 = structure(c(0, 
    0, 196, 0, 0, 0, 0, 0, 0, 0, 181, 0, 0, 0, 0, 0), dim = c(4L, 
    4L), dimnames = list(c("-2", "-1", "0", "1"), c("A", "C", 
    "G", "T"))), GM11_SNP1 = structure(c(2, 100, 0, 0, 1, 0), dim = 3:2, dimnames = list(
        c("-1", "0", "1"), c("A", "G"))), GM14_SNP1 = structure(c(0, 
    0, 0, 0, 0, 0, 2, 223, 0, 0, 0, 0, 0, 0, 0, 0, 0, 0, 0, 0
    ), dim = 5:4, dimnames = list(c("-2", "-1", "0", "1", "2"
    ), c("A", "C", "G", "T"))), GM17_SNP1 = structure(c(0, 0, 
    0, 0, 0, 0, 42, 118, 0, 0, 0, 0, 0, 0, 0), dim = c(5L, 3L
    ), dimnames = list(c("-2", "-1", "0", "1", "2"), c("A", "C", 
    "T"))), GM22_SNP1 = structure(c(0, 0, 1, 0, 0, 1, 137, 0), dim = c(4L, 
    2L), dimnames = list(c("-2", "-1", "0", "1"), c("A", "G"))), 
    GM26_SNP1 = structure(c(0, 1, 111, 0, 0, 0, 0, 0, 0, 0), dim = c(5L, 
    2L), dimnames = list(c("-2", "-1", "0", "1", "2"), c("A", 
    "G"))), GM29_SNP1 = structure(c(0, 1, 112, 0, 0, 0, 0, 0, 
    0, 0), dim = c(5L, 2L), dimnames = list(c("-2", "-1", "0", 
    "1", "2"), c("A", "G"))), IM16_SNP1 = structure(c(0, 0, 0, 
    0, 0, 0, 1, 112, 0, 0), dim = c(5L, 2L), dimnames = list(
        c("-2", "-1", "0", "1", "2"), c("A", "G"))), IM49_SNP1 = structure(c(0, 
    1, 103, 0, 0, 0, 3, 94, 0, 0), dim = c(5L, 2L), dimnames = list(
        c("-2", "-1", "0", "1", "2"), c("C", "G"))), LR10_SNP1 = structure(c(0, 
    1, 92, 0, 0, 0, 68, 0), dim = c(4L, 2L), dimnames = list(
        c("-2", "-1", "0", "1"), c("C", "T"))), LR11_SNP1 = structure(c(0, 
    0, 0, 0, 0, 0, 5, 165, 0, 0, 0, 0, 0, 0, 0), dim = c(5L, 
    3L), dimnames = list(c("-2", "-1", "0", "1", "2"), c("A", 
    "C", "T"))), LR17_SNP1 = structure(c(0, 6, 111, 0, 0, 0, 
    0, 0), dim = c(4L, 2L), dimnames = list(c("-2", "-1", "0", 
    "1"), c("A", "G"))), LR20_SNP1 = structure(c(0, 0, 0, 0, 
    0, 0, 0, 187, 0, 0, 0, 0), dim = 3:4, dimnames = list(c("-1", 
    "0", "1"), c("A", "C", "G", "T"))), LR24_SNP1 = structure(c(0, 
    0, 0, 0, 0, 0, 0, 3, 291, 0, 0, 1, 179, 110, 0, 0, 0, 0, 
    0, 0), dim = 5:4, dimnames = list(c("-3", "-2", "-1", "0", 
    "1"), c("-", "A", "G", "T"))), LR36_SNP1 = structure(c(0, 
    0, 0, 1, 0, 0, 0, 0, 0, 0, 0, 0, 0, 0, 0, 0, 0, 0, 0, 0, 
    0, 0, 0, 0, 0, 0, 0, 0, 0, 6, 182, 0, 0, 0, 1, 0), dim = c(9L, 
    4L), dimnames = list(c("-3", "-2", "-1", "0", "1", "2", "3", 
    "4", "6"), c("A", "C", "G", "T"))), LR40_SNP1 = structure(c(0, 
    0, 0, 1, 94, 0), dim = 3:2, dimnames = list(c("-1", "0", 
    "1"), c("A", "C"))), LR44_SNP1 = structure(c(0, 0, 0, 1, 
    0, 0, 0, 0, 0, 3, 67, 106, 0, 0, 0, 0, 0, 1, 2, 0, 0), dim = c(7L, 
    3L), dimnames = list(c("-5", "-3", "-2", "-1", "0", "1", 
    "2"), c("A", "C", "T"))), LR46_SNP1 = structure(c(0, 42, 
    0, 0, 28, 0), dim = 3:2, dimnames = list(c("-1", "0", "1"
    ), c("G", "T"))), LR48_SNP1 = structure(c(0, 22, 64, 0, 0, 
    0, 0, 0, 0, 0, 0, 0, 1, 0, 0), dim = c(5L, 3L), dimnames = list(
        c("-2", "-1", "0", "1", "2"), c("C", "G", "T"))), LR49_SNP1 = structure(c(0, 
    0, 0, 228, 0, 0), dim = 2:3, dimnames = list(c("-1", "0"), 
        c("A", "G", "T"))), LR52_SNP1 = structure(c(1, 3, 41, 
    1, 23, 0, 0, 0, 3, 36, 22, 0), dim = c(6L, 2L), dimnames = list(
        c("-4", "-3", "-2", "-1", "0", "1"), c("C", "T"))))
