Result <-
list(DEPDC2_SNP1 = structure(c(0, 0, 0, 0, 0, 0, 0, 0, 0, 0, 
0, 0, 0, 0, 729, 0), dim = c(4L, 4L), dimnames = list(c("-2", 
"-1", "0", "1"), c("A", "C", "G", "T"))), GM01_SNP1 = structure(c(0, 
267, 0, 0, 0, 0, 0, 0, 0, 0, 0, 0), dim = 4:3, dimnames = list(
    c("-1", "0", "1", "2"), c("A", "G", "T"))), GM07_SNP1 = structure(c(0, 
0, 0, 0, 0, 0, 0, 85, 0, 0, 0, 2, 114, 0, 0, 0, 0, 0, 0, 0, 0, 
0, 0, 0, 0), dim = c(5L, 5L), dimnames = list(c("-2", "-1", "0", 
"1", "2"), c("-", "A", "G", "N", "T"))), GM09_SNP1 = structure(c(0, 
407, 0, 0, 254, 0, 0, 0, 0), dim = c(3L, 3L), dimnames = list(
    c("-1", "0", "1"), c("A", "G", "T"))), GM11_SNP1 = structure(c(0, 
0, 0, 0, 0, 0, 113, 0), dim = c(4L, 2L), dimnames = list(c("-2", 
"-1", "0", "1"), c("A", "G"))), GM14_SNP1 = structure(c(0, 0, 
0, 0, 0, 0, 0, 0, 1, 172, 0, 0, 0, 0, 1, 206, 0, 0), dim = c(6L, 
3L), dimnames = list(c("-3", "-2", "-1", "0", "1", "2"), c("A", 
"C", "T"))), GM17_SNP1 = structure(c(0, 0, 0, 0, 0, 0, 0, 1, 
222, 0), dim = c(5L, 2L), dimnames = list(c("-3", "-2", "-1", 
"0", "1"), c("C", "T"))), GM22_SNP1 = structure(c(0, 0, 213, 
0, 0, 0, 0, 0, 0, 0, 0, 0, 0, 0, 0), dim = c(5L, 3L), dimnames = list(
    c("-2", "-1", "0", "1", "2"), c("A", "G", "T"))), GM26_SNP1 = structure(c(0, 
0, 74, 0, 0, 0, 0, 1, 0, 0, 0, 1, 87, 0, 0), dim = c(5L, 3L), dimnames = list(
    c("-2", "-1", "0", "1", "2"), c("A", "C", "G"))), GM29_SNP1 = structure(c(0, 
0, 178, 0, 0, 0, 1, 0, 0, 0, 0, 0), dim = 4:3, dimnames = list(
    c("-2", "-1", "0", "1"), c("A", "G", "T"))), IM16_SNP1 = structure(c(0, 
47, 0, 0, 106, 0), dim = 3:2, dimnames = list(c("-1", "0", "1"
), c("A", "G"))), IM49_SNP1 = structure(c(0, 2, 308, 1, 0, 0, 
0, 0, 0, 0), dim = c(5L, 2L), dimnames = list(c("-2", "-1", "0", 
"1", "2"), c("C", "G"))), LR10_SNP1 = structure(c(0, 0, 0, 0, 
0, 1, 97, 0, 0, 0, 105, 0), dim = 4:3, dimnames = list(c("-2", 
"-1", "0", "1"), c("A", "C", "T"))), LR11_SNP1 = structure(c(0, 
0, 0, 104, 0, 0, 0, 0, 98, 0), dim = c(5L, 2L), dimnames = list(
    c("-4", "-2", "-1", "0", "1"), c("A", "C"))), LR17_SNP1 = structure(c(1, 
0, 162, 2, 0, 0, 0, 0, 0, 0, 0, 0, 0, 0, 0), dim = c(5L, 3L), dimnames = list(
    c("-2", "-1", "0", "1", "2"), c("A", "G", "T"))), LR20_SNP1 = structure(c(0, 
0, 0, 0, 0, 0, 228, 0, 0, 0, 0, 0), dim = 4:3, dimnames = list(
    c("-2", "-1", "0", "1"), c("-", "A", "G"))), LR24_SNP1 = structure(c(0, 
0, 1180, 1, 0, 0, 0, 0, 0, 0, 0, 0), dim = 4:3, dimnames = list(
    c("-2", "-1", "0", "1"), c("A", "G", "T"))), LR36_SNP1 = structure(c(0, 
0, 0, 0, 0, 0, 0, 0, 0, 0, 0, 0, 0, 0, 0, 0, 0, 0, 0, 0, 0, 0, 
0, 0, 0, 0, 0, 0, 0, 0, 0, 0, 315, 1, 0), dim = c(7L, 5L), dimnames = list(
    c("-4", "-3", "-2", "-1", "0", "1", "2"), c("A", "C", "G", 
    "N", "T"))), LR40_SNP1 = structure(c(0, 0, 0, 1, 152, 0), dim = 3:2, dimnames = list(
    c("-1", "0", "1"), c("A", "C"))), LR44_SNP1 = structure(c(0, 
0, 0, 0, 0, 0, 0, 0, 0, 0, 0, 0, 3, 242, 0), dim = c(5L, 3L), dimnames = list(
    c("-3", "-2", "-1", "0", "1"), c("C", "N", "T"))), LR46_SNP1 = structure(c(0, 
0, 0, 0, 0, 0, 179, 0, 0, 0, 0, 0), dim = 4:3, dimnames = list(
    c("-2", "-1", "0", "1"), c("A", "G", "T"))), LR48_SNP1 = structure(c(0, 
0, 142, 1, 1, 0, 0, 0, 0, 0), dim = c(5L, 2L), dimnames = list(
    c("-2", "-1", "0", "1", "2"), c("C", "T"))), LR49_SNP1 = structure(c(1, 
161, 0, 64), dim = c(2L, 2L), dimnames = list(c("-1", "0"), c("A", 
"G"))), LR52_SNP1 = structure(c(0, 0, 2, 105, 0, 0, 0, 1, 0, 
0), dim = c(5L, 2L), dimnames = list(c("-3", "-2", "-1", "0", 
"1"), c("C", "T"))))
