Result <-
list(DEPDC2_SNP1 = structure(c(0, 0, 0, 0, 206, 0, 0, 0, 0, 0, 
197, 0), dim = 3:4, dimnames = list(c("-1", "0", "1"), c("A", 
"C", "G", "T"))), GM01_SNP1 = structure(c(0, 0, 187, 0, 0, 0, 
0, 0, 0, 0, 0, 0), dim = 4:3, dimnames = list(c("-2", "-1", "0", 
"1"), c("A", "C", "G"))), GM07_SNP1 = structure(c(0, 0, 0, 0, 
0, 0, 0, 90, 0, 0, 0, 0, 47, 0, 0, 0, 0, 1, 0, 0, 0, 0, 0, 0, 
0), dim = c(5L, 5L), dimnames = list(c("-2", "-1", "0", "1", 
"2"), c("-", "A", "G", "N", "T"))), GM09_SNP1 = structure(c(0, 
187, 0, 0, 169, 0, 0, 0, 0), dim = c(3L, 3L), dimnames = list(
    c("-1", "0", "1"), c("A", "G", "T"))), GM11_SNP1 = structure(c(0, 
0, 26, 0, 0, 0, 0, 38, 0, 0), dim = c(5L, 2L), dimnames = list(
    c("-2", "-1", "0", "1", "2"), c("A", "G"))), GM14_SNP1 = structure(c(0, 
1, 211, 1, 0, 0, 0, 0, 0, 0), dim = c(5L, 2L), dimnames = list(
    c("-2", "-1", "0", "1", "2"), c("C", "T"))), GM17_SNP1 = structure(c(0, 
0, 0, 0, 0, 0, 0, 0, 159, 0, 0, 0, 0, 0, 0), dim = c(5L, 3L), dimnames = list(
    c("-3", "-2", "-1", "0", "1"), c("A", "C", "T"))), GM22_SNP1 = structure(c(0, 
0, 144, 0, 0, 0, 0, 0), dim = c(4L, 2L), dimnames = list(c("-2", 
"-1", "0", "1"), c("A", "G"))), GM26_SNP1 = structure(c(0, 0, 
0, 76, 0, 0, 0, 0, 0, 41, 0, 0), dim = c(6L, 2L), dimnames = list(
    c("-3", "-2", "-1", "0", "1", "2"), c("A", "G"))), GM29_SNP1 = structure(c(0, 
0, 53, 0, 0, 0, 0, 50, 0, 0), dim = c(5L, 2L), dimnames = list(
    c("-2", "-1", "0", "1", "2"), c("A", "G"))), IM16_SNP1 = structure(c(0, 
64, 0, 0, 0, 59, 0, 0, 0, 0, 0, 0), dim = 4:3, dimnames = list(
    c("-1", "0", "1", "2"), c("A", "G", "T"))), IM49_SNP1 = structure(c(0, 
4, 218, 0, 0, 0, 0, 0, 0, 0, 0, 0, 0, 0, 0), dim = c(5L, 3L), dimnames = list(
    c("-2", "-1", "0", "1", "2"), c("C", "G", "T"))), LR10_SNP1 = structure(c(0, 
0, 0, 2, 60, 0, 0, 70, 0), dim = c(3L, 3L), dimnames = list(c("-1", 
"0", "1"), c("A", "C", "T"))), LR11_SNP1 = structure(c(0, 1, 
104, 0, 0, 0, 0, 58, 0, 0, 0, 0, 0, 0, 0), dim = c(5L, 3L), dimnames = list(
    c("-2", "-1", "0", "1", "2"), c("A", "C", "G"))), LR17_SNP1 = structure(c(0, 
0, 0, 143, 2, 0, 0, 0, 0, 0, 0, 0), dim = c(6L, 2L), dimnames = list(
    c("-3", "-2", "-1", "0", "1", "2"), c("A", "G"))), LR20_SNP1 = structure(c(0, 
0, 0, 0, 0, 0, 82, 0, 0, 0, 77, 0, 0, 0, 0, 0), dim = c(4L, 4L
), dimnames = list(c("-2", "-1", "0", "1"), c("-", "A", "G", 
"T"))), LR24_SNP1 = structure(c(0, 0, 755, 0, 0, 0, 0, 0, 0, 
0, 0, 0, 0, 0, 0, 0), dim = c(4L, 4L), dimnames = list(c("-2", 
"-1", "0", "1"), c("A", "C", "G", "N"))), LR36_SNP1 = structure(c(0, 
0, 0, 0, 0, 0, 0, 0, 1, 227, 0, 0, 0, 0, 0, 0, 0, 0, 0, 0, 0, 
0, 0, 0, 0, 0, 0, 0, 0, 0), dim = 6:5, dimnames = list(c("-3", 
"-2", "-1", "0", "1", "2"), c("-", "A", "G", "N", "T"))), LR40_SNP1 = structure(c(0, 
0, 0, 0, 99, 0, 0, 0, 0), dim = c(3L, 3L), dimnames = list(c("-1", 
"0", "1"), c("A", "C", "G"))), LR44_SNP1 = structure(c(0, 0, 
0, 0, 0, 0, 0, 0, 2, 80, 2, 0, 0, 0, 0, 0, 0, 0, 0, 0, 1, 63, 
0, 0), dim = c(6L, 4L), dimnames = list(c("-3", "-2", "-1", "0", 
"1", "2"), c("A", "C", "N", "T"))), LR46_SNP1 = structure(c(0, 
0, 0, 0, 0, 0, 1, 51, 0, 0, 40, 0), dim = 3:4, dimnames = list(
    c("-1", "0", "1"), c("A", "C", "G", "T"))), LR48_SNP1 = structure(c(0, 
0, 0, 0, 0, 0, 0, 0, 1, 93, 1, 0, 0, 0, 0, 0, 0, 0), dim = c(6L, 
3L), dimnames = list(c("-3", "-2", "-1", "0", "1", "2"), c("-", 
"C", "T"))), LR49_SNP1 = structure(c(0, 0, 0, 0, 186, 0), dim = 3:2, dimnames = list(
    c("-1", "0", "1"), c("A", "G"))), LR52_SNP1 = structure(c(0, 
0, 0, 0, 0, 0, 0, 0, 0, 0, 0, 1, 0, 97, 0, 0, 0, 0, 1, 0), dim = 5:4, dimnames = list(
    c("-3", "-2", "-1", "0", "1"), c("-", "A", "C", "T"))))
