Result <-
list(DEPDC2_SNP1 = structure(c(0, 0, 0, 0, 0, 1, 361, 0, 0, 1, 
418, 0), dim = 4:3, dimnames = list(c("-2", "-1", "0", "1"), 
    c("A", "C", "T"))), GM01_SNP1 = structure(c(0, 1, 253, 0, 
0, 0, 0, 0), dim = c(4L, 2L), dimnames = list(c("-2", "-1", "0", 
"1"), c("A", "G"))), GM07_SNP1 = structure(c(0, 0, 0, 0, 0, 0, 
2, 223, 1, 0, 0, 0, 1, 0, 0, 0, 0, 0, 0, 0, 0, 0, 0, 0, 0), dim = c(5L, 
5L), dimnames = list(c("-2", "-1", "0", "1", "2"), c("-", "A", 
"G", "N", "T"))), GM09_SNP1 = structure(c(0, 314, 0, 0, 274, 
0), dim = 3:2, dimnames = list(c("-1", "0", "1"), c("A", "G"))), 
    GM11_SNP1 = structure(c(0, 161, 0, 0, 0, 0, 0, 0, 0), dim = c(3L, 
    3L), dimnames = list(c("-1", "0", "1"), c("A", "G", "T"))), 
    GM14_SNP1 = structure(c(0, 0, 1, 169, 234, 0, 0, 0, 0, 0, 
    0, 0, 0, 0), dim = c(7L, 2L), dimnames = list(c("-3", "-2", 
    "-1", "0", "1", "2", "3"), c("C", "T"))), GM17_SNP1 = structure(c(0, 
    0, 0, 0, 0, 0, 148, 0, 0, 0, 158, 0), dim = 4:3, dimnames = list(
        c("-2", "-1", "0", "1"), c("A", "C", "T"))), GM22_SNP1 = structure(c(0, 
    0, 245, 0, 0, 0, 0, 0, 0, 0, 0, 0), dim = 4:3, dimnames = list(
        c("-2", "-1", "0", "1"), c("A", "G", "T"))), GM26_SNP1 = structure(c(0, 
    0, 173, 1, 0, 0, 0, 0), dim = c(4L, 2L), dimnames = list(
        c("-2", "-1", "0", "1"), c("A", "G"))), GM29_SNP1 = structure(c(0, 
    1, 217, 0, 0, 0, 0, 0), dim = c(4L, 2L), dimnames = list(
        c("-3", "-1", "0", "1"), c("A", "G"))), IM16_SNP1 = structure(c(0, 
    0, 83, 0, 0, 0, 0, 0, 0, 0, 79, 0), dim = 4:3, dimnames = list(
        c("-2", "-1", "0", "1"), c("A", "C", "G"))), IM49_SNP1 = structure(c(0, 
    5, 440, 0, 0, 0, 0, 1, 0, 0), dim = c(5L, 2L), dimnames = list(
        c("-2", "-1", "0", "1", "2"), c("C", "G"))), LR10_SNP1 = structure(c(0, 
    0, 101, 0, 0, 0, 0, 116, 0, 0), dim = c(5L, 2L), dimnames = list(
        c("-2", "-1", "0", "1", "2"), c("C", "T"))), LR11_SNP1 = structure(c(0, 
    0, 0, 0, 0, 2, 267, 0), dim = c(4L, 2L), dimnames = list(
        c("-2", "-1", "0", "1"), c("A", "C"))), LR17_SNP1 = structure(c(0, 
    0, 185, 0, 0, 0, 0, 0, 0, 0), dim = c(5L, 2L), dimnames = list(
        c("-2", "-1", "0", "1", "2"), c("A", "G"))), LR20_SNP1 = structure(c(0, 
    109, 0, 0, 115, 0), dim = 3:2, dimnames = list(c("-1", "0", 
    "1"), c("A", "G"))), LR24_SNP1 = structure(c(0, 0, 368, 0, 
    0, 0, 382, 0, 0, 0, 0, 0), dim = 4:3, dimnames = list(c("-3", 
    "-1", "0", "1"), c("A", "G", "N"))), LR36_SNP1 = structure(c(0, 
    0, 180, 0, 0, 0, 0, 0, 0, 0, 0, 1, 170, 0, 0), dim = c(5L, 
    3L), dimnames = list(c("-2", "-1", "0", "1", "2"), c("A", 
    "N", "T"))), LR40_SNP1 = structure(c(0, 54, 0, 0, 50, 0, 
    0, 0, 0, 0, 0, 0), dim = 3:4, dimnames = list(c("-1", "0", 
    "1"), c("A", "C", "G", "T"))), LR44_SNP1 = structure(c(0, 
    0, 1, 103, 0, 0, 0, 0, 1, 87, 1, 0), dim = c(6L, 2L), dimnames = list(
        c("-3", "-2", "-1", "0", "1", "2"), c("C", "T"))), LR46_SNP1 = structure(c(0, 
    0, 0, 0, 0, 0, 0, 163, 0, 0, 0, 0, 0, 0, 0, 0, 0, 0, 0, 0
    ), dim = 5:4, dimnames = list(c("-3", "-1", "0", "1", "2"
    ), c("A", "G", "N", "T"))), LR48_SNP1 = structure(c(0, 0, 
    98, 0, 0, 0, 1, 73, 0, 0), dim = c(5L, 2L), dimnames = list(
        c("-2", "-1", "0", "1", "2"), c("C", "T"))), LR49_SNP1 = structure(c(0, 
    181, 0, 0, 0, 0, 0, 242, 0), dim = c(3L, 3L), dimnames = list(
        c("-1", "0", "1"), c("A", "C", "G"))), LR52_SNP1 = structure(c(0, 
    0, 3, 81, 1, 0, 0, 0, 1, 68, 0, 0), dim = c(6L, 2L), dimnames = list(
        c("-3", "-2", "-1", "0", "1", "2"), c("C", "T"))))
