Result <-
list(DEPDC2_SNP1 = structure(c(0, 0, 0, 0, 0, 0, 0, 0, 0, 1, 
203, 0, 0, 1, 188, 1), dim = c(4L, 4L), dimnames = list(c("-2", 
"-1", "0", "1"), c("-", "A", "C", "T"))), GM01_SNP1 = structure(c(0, 
184, 0, 0, 1, 0), dim = 3:2, dimnames = list(c("-1", "0", "1"
), c("A", "G"))), GM07_SNP1 = structure(c(0, 1, 66, 0, 0, 0, 
2, 63, 0, 0), dim = c(5L, 2L), dimnames = list(c("-2", "-1", 
"0", "1", "2"), c("A", "G"))), GM09_SNP1 = structure(c(0, 544, 
0, 0, 1, 0, 0, 0, 0), dim = c(3L, 3L), dimnames = list(c("-1", 
"0", "1"), c("A", "G", "T"))), GM11_SNP1 = structure(c(0, 0, 
0, 0, 0, 0, 57, 0, 0, 0, 47, 0), dim = 4:3, dimnames = list(c("-2", 
"-1", "0", "1"), c("-", "A", "G"))), GM14_SNP1 = structure(c(0, 
0, 1, 108, 0, 0, 0, 0, 0, 89, 0, 0), dim = c(6L, 2L), dimnames = list(
    c("-3", "-2", "-1", "0", "1", "2"), c("C", "T"))), GM17_SNP1 = structure(c(0, 
0, 0, 0, 0, 0, 129, 0, 0, 0, 140, 0), dim = 4:3, dimnames = list(
    c("-3", "-1", "0", "1"), c("A", "C", "T"))), GM22_SNP1 = structure(c(0, 
0, 70, 0, 0, 0, 68, 0), dim = c(4L, 2L), dimnames = list(c("-2", 
"-1", "0", "1"), c("A", "G"))), GM26_SNP1 = structure(c(0, 0, 
44, 0, 0, 0, 49, 0), dim = c(4L, 2L), dimnames = list(c("-2", 
"-1", "0", "1"), c("A", "G"))), GM29_SNP1 = structure(c(0, 0, 
1, 93, 0, 0, 0, 0, 85, 0, 0, 0, 0, 0, 0), dim = c(5L, 3L), dimnames = list(
    c("-3", "-2", "-1", "0", "1"), c("A", "G", "T"))), IM16_SNP1 = structure(c(0, 
0, 2, 0, 0, 0, 0, 0, 0, 0, 159, 0, 0, 0, 0, 0), dim = c(4L, 4L
), dimnames = list(c("-2", "-1", "0", "1"), c("A", "C", "G", 
"T"))), IM49_SNP1 = structure(c(0, 0, 0, 0, 0, 0, 0, 0, 2, 265, 
2, 0, 0, 0, 2, 215, 0, 0, 0, 0, 0, 0, 0, 0), dim = c(6L, 4L), dimnames = list(
    c("-4", "-2", "-1", "0", "1", "2"), c("A", "C", "G", "T"))), 
    LR10_SNP1 = structure(c(0, 0, 0, 0, 0, 0, 0, 139, 0), dim = c(3L, 
    3L), dimnames = list(c("-1", "0", "1"), c("A", "C", "T"))), 
    LR11_SNP1 = structure(c(0, 0, 0, 0, 0, 0, 3, 94, 0, 0, 0, 
    0, 84, 1, 0, 0, 0, 0, 0, 0), dim = 5:4, dimnames = list(c("-2", 
    "-1", "0", "1", "2"), c("-", "A", "C", "G"))), LR17_SNP1 = structure(c(0, 
    1, 161, 0, 0, 0, 0, 0, 0, 0), dim = c(5L, 2L), dimnames = list(
        c("-2", "-1", "0", "1", "2"), c("A", "G"))), LR20_SNP1 = structure(c(0, 
    0, 0, 0, 239, 0, 0, 0, 0, 0, 1, 0), dim = 3:4, dimnames = list(
        c("-1", "0", "1"), c("-", "A", "C", "G"))), LR24_SNP1 = structure(c(0, 
    0, 0, 0, 0, 0, 0, 0, 450, 0, 0, 0, 0, 0, 0, 0, 0, 0, 460, 
    0, 0, 0, 0, 0, 0), dim = c(5L, 5L), dimnames = list(c("-3", 
    "-2", "-1", "0", "1"), c("-", "A", "C", "G", "T"))), LR36_SNP1 = structure(c(0, 
    0, 0, 0, 0, 0, 0, 0, 0, 0, 0, 0, 170, 0, 0, 0, 0, 0, 0, 0, 
    0, 0, 0, 0, 0, 0, 161, 0), dim = c(7L, 4L), dimnames = list(
        c("-5", "-4", "-3", "-2", "-1", "0", "1"), c("-", "A", 
        "C", "T"))), LR40_SNP1 = structure(c(0, 0, 0, 0, 0, 156, 
    0, 0, 0, 0, 0, 0), dim = 4:3, dimnames = list(c("-1", "0", 
    "1", "2"), c("A", "C", "T"))), LR44_SNP1 = structure(c(0, 
    0, 0, 0, 0, 0, 1, 137, 1, 0, 0, 0, 1, 0, 0), dim = c(5L, 
    3L), dimnames = list(c("-2", "-1", "0", "1", "2"), c("A", 
    "C", "T"))), LR46_SNP1 = structure(c(0, 0, 0, 0, 0, 0, 104, 
    0, 0, 0, 0, 0), dim = 4:3, dimnames = list(c("-2", "-1", 
    "0", "1"), c("A", "G", "T"))), LR48_SNP1 = structure(c(0, 
    0, 1, 98, 0), dim = c(5L, 1L), dimnames = list(c("-3", "-2", 
    "-1", "0", "1"), "C")), LR49_SNP1 = structure(c(0, 0, 0, 
    0, 192, 0), dim = 3:2, dimnames = list(c("-1", "0", "1"), 
        c("A", "G"))), LR52_SNP1 = structure(c(0, 0, 0, 0, 0, 
    0, 0, 1, 56, 0, 0, 0, 1, 42, 0), dim = c(5L, 3L), dimnames = list(
        c("-3", "-2", "-1", "0", "1"), c("A", "C", "T"))))
