Result <-
list(DEPDC2_SNP1 = structure(c(0, 0, 0, 0, 0, 0, 0, 0, 0, 28, 
981, 1), dim = 4:3, dimnames = list(c("-2", "-1", "0", "1"), 
    c("A", "C", "T"))), GM01_SNP1 = structure(c(0, 0, 0, 3, 686, 
0, 0, 0, 0), dim = c(3L, 3L), dimnames = list(c("-1", "0", "1"
), c("A", "G", "T"))), GM07_SNP1 = structure(c(0, 0, 0, 0, 0, 
0, 4, 529, 0, 0, 0, 1, 0, 0, 0), dim = c(5L, 3L), dimnames = list(
    c("-2", "-1", "0", "1", "2"), c("-", "A", "G"))), GM09_SNP1 = structure(c(13, 
148, 1, 0, 1, 0), dim = 3:2, dimnames = list(c("-1", "0", "1"
), c("A", "G"))), GM11_SNP1 = structure(c(0, 0, 265, 0, 0, 0, 
0, 0), dim = c(4L, 2L), dimnames = list(c("-2", "-1", "0", "1"
), c("A", "G"))), GM14_SNP1 = structure(c(0, 0, 0, 0, 0, 0, 0, 
0, 0, 0, 0, 7, 355, 1, 0, 0, 0, 332, 0, 0), dim = 5:4, dimnames = list(
    c("-2", "-1", "0", "1", "2"), c("-", "A", "C", "T"))), GM17_SNP1 = structure(c(0, 
0, 0, 0, 0, 0, 0, 4, 1095, 0), dim = c(5L, 2L), dimnames = list(
    c("-3", "-2", "-1", "0", "1"), c("C", "T"))), GM22_SNP1 = structure(c(0, 
0, 269, 0, 0, 1, 315, 0), dim = c(4L, 2L), dimnames = list(c("-2", 
"-1", "0", "1"), c("A", "G"))), GM26_SNP1 = structure(c(0, 0, 
281, 0, 0, 0, 0, 0), dim = c(4L, 2L), dimnames = list(c("-2", 
"-1", "0", "1"), c("A", "G"))), GM29_SNP1 = structure(c(0, 0, 
1, 311, 0, 0, 0, 0, 1, 368, 0, 0), dim = c(6L, 2L), dimnames = list(
    c("-3", "-2", "-1", "0", "1", "2"), c("A", "G"))), IM16_SNP1 = structure(c(0, 
2, 167, 0, 0, 0, 2, 216, 0, 0), dim = c(5L, 2L), dimnames = list(
    c("-2", "-1", "0", "1", "2"), c("A", "G"))), IM49_SNP1 = structure(c(0, 
0, 0, 0, 0, 0, 0, 11, 755, 2, 0, 0, 0, 28, 692, 3, 0, 0), dim = c(6L, 
3L), dimnames = list(c("-2", "-1", "0", "1", "2", "3"), c("A", 
"C", "G"))), LR10_SNP1 = structure(c(0, 0, 0, 0, 0, 0, 0, 381, 
0, 0, 0, 0, 1, 0, 0), dim = c(5L, 3L), dimnames = list(c("-2", 
"-1", "0", "1", "2"), c("A", "C", "T"))), LR11_SNP1 = structure(c(0, 
0, 1, 0, 0, 0, 5, 467, 1, 0), dim = c(5L, 2L), dimnames = list(
    c("-2", "-1", "0", "1", "2"), c("A", "C"))), LR17_SNP1 = structure(c(0, 
25, 563, 2, 0, 0, 0, 0), dim = c(4L, 2L), dimnames = list(c("-2", 
"-1", "0", "1"), c("A", "G"))), LR20_SNP1 = structure(c(0, 0, 
0, 0, 0, 0, 622, 0, 0, 0, 0, 0), dim = 4:3, dimnames = list(c("-2", 
"-1", "0", "1"), c("-", "A", "G"))), LR24_SNP1 = structure(c(0, 
2, 846, 0, 0, 0, 0, 0, 0, 0, 0, 0, 877, 0, 0), dim = c(5L, 3L
), dimnames = list(c("-2", "-1", "0", "1", "2"), c("A", "C", 
"G"))), LR36_SNP1 = structure(c(0, 2, 62, 1056, 3, 0, 0, 0, 0, 
0, 0, 0, 0, 0, 0, 2, 0, 0), dim = c(6L, 3L), dimnames = list(
    c("-3", "-2", "-1", "0", "1", "2"), c("A", "G", "T"))), LR40_SNP1 = structure(c(0, 
0, 0, 218, 0, 0, 0, 0, 1, 246, 0, 0, 0, 0, 0, 0, 0, 0), dim = c(6L, 
3L), dimnames = list(c("-3", "-2", "-1", "0", "1", "2"), c("A", 
"C", "T"))), LR44_SNP1 = structure(c(0, 0, 0, 112, 0, 0, 0, 0, 
2, 153, 1, 0), dim = c(6L, 2L), dimnames = list(c("-3", "-2", 
"-1", "0", "1", "2"), c("C", "T"))), LR46_SNP1 = structure(c(0, 
0, 0, 0, 0, 0, 0, 2, 0, 0, 369, 0), dim = 3:4, dimnames = list(
    c("-1", "0", "1"), c("-", "C", "G", "T"))), LR48_SNP1 = structure(c(0, 
0, 0, 0, 0, 0, 0, 2, 258, 0), dim = c(5L, 2L), dimnames = list(
    c("-3", "-2", "-1", "0", "1"), c("C", "T"))), LR49_SNP1 = structure(c(0, 
1, 0, 8, 586, 0, 0, 0, 0), dim = c(3L, 3L), dimnames = list(c("-1", 
"0", "1"), c("A", "G", "T"))), LR52_SNP1 = structure(c(0, 0, 
4, 156, 0, 0, 0, 3, 113, 0), dim = c(5L, 2L), dimnames = list(
    c("-3", "-2", "-1", "0", "1"), c("C", "T"))))
