Result <-
list(DEPDC2_SNP1 = structure(c(0, 0, 0, 0, 1, 357, 0, 0, 0, 359, 
0, 0), dim = 4:3, dimnames = list(c("-1", "0", "1", "2"), c("A", 
"C", "T"))), GM01_SNP1 = structure(c(0, 0, 0, 0, 246, 0, 0, 255, 
0), dim = c(3L, 3L), dimnames = list(c("-1", "0", "1"), c("-", 
"A", "G"))), GM07_SNP1 = structure(c(0, 0, 0, 0, 0, 0, 0, 0, 
0, 4, 502, 2, 0, 0, 0, 0, 0, 0, 0, 0, 0, 0, 0, 0, 0, 0, 0, 0), dim = c(7L, 
4L), dimnames = list(c("-3", "-2", "-1", "0", "1", "2", "3"), 
    c("-", "A", "G", "T"))), GM09_SNP1 = structure(c(1, 558, 
0, 0, 482, 1, 0, 0, 0), dim = c(3L, 3L), dimnames = list(c("-1", 
"0", "1"), c("A", "G", "T"))), GM11_SNP1 = structure(c(0, 78, 
0, 0, 93, 0), dim = 3:2, dimnames = list(c("-1", "0", "1"), c("A", 
"G"))), GM14_SNP1 = structure(c(0, 0, 0, 0, 0, 0, 0, 507, 1, 
0, 0, 0, 0, 0, 0), dim = c(5L, 3L), dimnames = list(c("-2", "-1", 
"0", "1", "2"), c("A", "C", "T"))), GM17_SNP1 = structure(c(0, 
0, 0, 0, 0, 0, 500, 0, 0, 1, 585, 0), dim = 4:3, dimnames = list(
    c("-2", "-1", "0", "1"), c("A", "C", "T"))), GM22_SNP1 = structure(c(0, 
0, 202, 0, 0, 0, 0, 215, 0, 0), dim = c(5L, 2L), dimnames = list(
    c("-2", "-1", "0", "1", "2"), c("A", "G"))), GM26_SNP1 = structure(c(0, 
99, 0, 0, 101, 0), dim = 3:2, dimnames = list(c("-1", "0", "1"
), c("A", "G"))), GM29_SNP1 = structure(c(0, 0, 0, 0, 0, 0, 3, 
321, 0, 0, 0, 0, 0, 0, 0, 0, 0, 302, 0, 0, 0, 0, 0, 0, 0), dim = c(5L, 
5L), dimnames = list(c("-3", "-1", "0", "1", "2"), c("-", "A", 
"C", "G", "T"))), IM16_SNP1 = structure(c(0, 0, 130, 2, 0, 0, 
0, 199, 0, 0), dim = c(5L, 2L), dimnames = list(c("-2", "-1", 
"0", "1", "2"), c("A", "G"))), IM49_SNP1 = structure(c(0, 0, 
13, 1570, 2, 0, 0, 0, 0, 0, 0, 0), dim = c(6L, 2L), dimnames = list(
    c("-4", "-2", "-1", "0", "1", "2"), c("C", "G"))), LR10_SNP1 = structure(c(2, 
279, 1, 0, 1, 0), dim = 3:2, dimnames = list(c("-1", "0", "1"
), c("C", "T"))), LR11_SNP1 = structure(c(0, 0, 154, 1, 0, 0, 
2, 118, 0, 0, 0, 0, 0, 0, 0), dim = c(5L, 3L), dimnames = list(
    c("-2", "-1", "0", "1", "2"), c("A", "C", "G"))), LR17_SNP1 = structure(c(0, 
4, 476, 2, 0, 0, 0, 0, 0, 0), dim = c(5L, 2L), dimnames = list(
    c("-2", "-1", "0", "1", "2"), c("A", "G"))), LR20_SNP1 = structure(c(0, 
0, 0, 0, 454, 0, 0, 0, 0), dim = c(3L, 3L), dimnames = list(c("-1", 
"0", "1"), c("-", "A", "G"))), LR24_SNP1 = structure(c(0, 0, 
832, 0, 0, 0, 808, 0, 0, 0, 0, 0), dim = 4:3, dimnames = list(
    c("-2", "-1", "0", "1"), c("A", "G", "T"))), LR36_SNP1 = structure(c(0, 
0, 0, 0, 0, 0, 0, 0, 0, 1, 522, 3, 0, 0, 0, 0, 3, 316, 198, 1, 
0), dim = c(7L, 3L), dimnames = list(c("-3", "-2", "-1", "0", 
"1", "2", "3"), c("-", "A", "T"))), LR40_SNP1 = structure(c(0, 
0, 0, 0, 354, 0), dim = 3:2, dimnames = list(c("-1", "0", "1"
), c("A", "C"))), LR44_SNP1 = structure(c(0, 0, 1, 0, 0, 0, 5, 
197, 0, 0, 0, 0, 1, 0, 0, 0, 0, 0, 0, 0), dim = 5:4, dimnames = list(
    c("-2", "-1", "0", "1", "2"), c("A", "C", "G", "T"))), LR46_SNP1 = structure(c(0, 
141, 0, 0, 150, 0), dim = 3:2, dimnames = list(c("-1", "0", "1"
), c("G", "T"))), LR48_SNP1 = structure(c(0, 0, 1, 218, 0, 0, 
0, 0, 0, 0), dim = c(5L, 2L), dimnames = list(c("-3", "-2", "-1", 
"0", "1"), c("C", "T"))), LR49_SNP1 = structure(c(0, 293, 0, 
0, 290, 0, 0, 0, 0), dim = c(3L, 3L), dimnames = list(c("-1", 
"0", "1"), c("A", "G", "T"))), LR52_SNP1 = structure(c(0, 0, 
0, 1, 0, 0, 0, 0, 8, 146, 1, 0), dim = c(6L, 2L), dimnames = list(
    c("-3", "-2", "-1", "0", "1", "2"), c("C", "T"))))
