Result <-
list(DEPDC2_SNP1 = structure(c(1, 0, 0, 0, 0, 0, 0, 0, 0, 0, 
0, 0, 0, 0, 1, 1151, 0, 0, 0, 0, 1, 2, 0, 0), dim = c(6L, 4L), dimnames = list(
    c("-8", "-2", "-1", "0", "1", "2"), c("-", "A", "C", "T"))), 
    GM01_SNP1 = structure(c(0, 0, 636, 2, 0, 0, 0, 0, 0, 0, 0, 
    0, 0, 0, 0, 0), dim = c(4L, 4L), dimnames = list(c("-2", 
    "-1", "0", "1"), c("A", "C", "G", "T"))), GM07_SNP1 = structure(c(0, 
    7, 669, 3, 0, 0, 0, 1, 3, 0, 0, 0), dim = c(6L, 2L), dimnames = list(
        c("-2", "-1", "0", "1", "2", "3"), c("A", "G"))), GM09_SNP1 = structure(c(0, 
    0, 0, 0, 0, 3, 1296, 0, 0, 0, 9, 0, 0, 0, 0, 0), dim = c(4L, 
    4L), dimnames = list(c("-2", "-1", "0", "1"), c("-", "A", 
    "G", "T"))), GM11_SNP1 = structure(c(0, 0, 0, 0, 0, 248, 
    0, 0), dim = c(4L, 2L), dimnames = list(c("-1", "0", "1", 
    "2"), c("A", "G"))), GM14_SNP1 = structure(c(0, 0, 0, 0, 
    0, 0, 0, 0, 4, 0, 0, 0, 2, 719, 1), dim = c(5L, 3L), dimnames = list(
        c("-3", "-2", "-1", "0", "1"), c("A", "C", "T"))), GM17_SNP1 = structure(c(0, 
    0, 0, 0, 0, 0, 1, 562, 0, 0, 0, 1, 573, 1, 0), dim = c(5L, 
    3L), dimnames = list(c("-2", "-1", "0", "1", "2"), c("A", 
    "C", "T"))), GM22_SNP1 = structure(c(0, 0, 0, 0, 0, 2, 460, 
    1, 0, 0, 1, 0), dim = 4:3, dimnames = list(c("-2", "-1", 
    "0", "1"), c("-", "A", "G"))), GM26_SNP1 = structure(c(0, 
    1, 327, 0, 0, 0, 3, 0), dim = c(4L, 2L), dimnames = list(
        c("-2", "-1", "0", "1"), c("A", "G"))), GM29_SNP1 = structure(c(0, 
    0, 5, 0, 0, 0, 735, 2, 0, 0, 0, 0), dim = 4:3, dimnames = list(
        c("-2", "-1", "0", "1"), c("A", "G", "T"))), IM16_SNP1 = structure(c(0, 
    5, 0, 0, 0, 0, 0, 0, 0, 322, 1, 0), dim = 4:3, dimnames = list(
        c("-1", "0", "1", "2"), c("A", "C", "G"))), IM49_SNP1 = structure(c(0, 
    0, 0, 0, 0, 0, 0, 0, 5, 1013, 2, 1, 0, 0, 6, 875, 1, 0), dim = c(6L, 
    3L), dimnames = list(c("-3", "-2", "-1", "0", "1", "2"), 
        c("A", "C", "G"))), LR10_SNP1 = structure(c(0, 0, 4, 
    0, 0, 0, 2, 481, 0, 0), dim = c(5L, 2L), dimnames = list(
        c("-2", "-1", "0", "1", "2"), c("C", "T"))), LR11_SNP1 = structure(c(0, 
    0, 0, 1, 0, 0, 0, 0, 3, 512, 2, 0, 0, 0, 0, 0, 0, 0), dim = c(6L, 
    3L), dimnames = list(c("-4", "-2", "-1", "0", "1", "2"), 
        c("A", "C", "T"))), LR17_SNP1 = structure(c(0, 0, 3, 
    586, 4, 0, 0, 0, 0, 0, 0, 0, 0, 0, 0, 0, 0, 0), dim = c(6L, 
    3L), dimnames = list(c("-3", "-2", "-1", "0", "1", "2"), 
        c("A", "G", "T"))), LR20_SNP1 = structure(c(0, 0, 6, 
    0, 0, 0, 545, 0, 0, 0, 0, 0), dim = 4:3, dimnames = list(
        c("-2", "-1", "0", "1"), c("A", "G", "T"))), LR24_SNP1 = structure(c(0, 
    1, 772, 0, 0, 0, 0, 831, 0, 0), dim = c(5L, 2L), dimnames = list(
        c("-2", "-1", "0", "1", "2"), c("A", "G"))), LR36_SNP1 = structure(c(0, 
    0, 0, 1, 598, 0, 0, 0, 0, 0, 0, 0, 0, 0, 0, 0, 0, 4, 537, 
    2, 0), dim = c(7L, 3L), dimnames = list(c("-4", "-3", "-2", 
    "-1", "0", "1", "2"), c("A", "G", "T"))), LR40_SNP1 = structure(c(0, 
    0, 0, 0, 0, 0, 0, 363, 1, 0, 0, 0, 0, 0, 0, 0, 0, 0, 0, 0
    ), dim = 5:4, dimnames = list(c("-2", "-1", "0", "1", "2"
    ), c("A", "C", "G", "T"))), LR44_SNP1 = structure(c(0, 4, 
    146, 1, 0, 0, 3, 155, 3, 0), dim = c(5L, 2L), dimnames = list(
        c("-2", "-1", "0", "1", "2"), c("C", "T"))), LR46_SNP1 = structure(c(0, 
    0, 0, 0, 431, 0, 0, 2, 0), dim = c(3L, 3L), dimnames = list(
        c("-1", "0", "1"), c("C", "G", "T"))), LR48_SNP1 = structure(c(0, 
    1, 302, 0, 0, 0, 2, 0), dim = c(4L, 2L), dimnames = list(
        c("-2", "-1", "0", "1"), c("C", "T"))), LR49_SNP1 = structure(c(0, 
    3, 1, 762), dim = c(2L, 2L), dimnames = list(c("-1", "0"), 
        c("A", "G"))), LR52_SNP1 = structure(c(0, 0, 0, 0, 0, 
    4, 111, 0, 0, 3, 95, 0), dim = 4:3, dimnames = list(c("-2", 
    "-1", "0", "1"), c("A", "C", "T"))))
