Result <-
list(DEPDC2_SNP1 = structure(c(0, 0, 0, 0, 0, 2, 660, 2, 0, 0, 
751, 0), dim = 4:3, dimnames = list(c("-2", "-1", "0", "1"), 
    c("A", "C", "T"))), GM01_SNP1 = structure(c(0, 291, 0, 0, 
275, 0), dim = 3:2, dimnames = list(c("-1", "0", "1"), c("A", 
"G"))), GM07_SNP1 = structure(c(0, 0, 0, 0, 0, 0, 0, 285, 1, 
0, 0, 6, 283, 2, 0), dim = c(5L, 3L), dimnames = list(c("-2", 
"-1", "0", "1", "2"), c("-", "A", "G"))), GM09_SNP1 = structure(c(0, 
2, 0, 0, 0, 0, 0, 757, 0), dim = c(3L, 3L), dimnames = list(c("-1", 
"0", "1"), c("A", "C", "G"))), GM11_SNP1 = structure(c(0, 0, 
143, 0, 0, 0, 158, 0), dim = c(4L, 2L), dimnames = list(c("-2", 
"-1", "0", "1"), c("A", "G"))), GM14_SNP1 = structure(c(0, 0, 
0, 0, 0, 0, 0, 3, 0, 0, 0, 1, 746, 2, 0), dim = c(5L, 3L), dimnames = list(
    c("-2", "-1", "0", "1", "3"), c("-", "C", "T"))), GM17_SNP1 = structure(c(0, 
0, 394, 0, 0, 0, 0, 0, 0, 0, 398, 0), dim = 4:3, dimnames = list(
    c("-2", "-1", "0", "1"), c("C", "G", "T"))), GM22_SNP1 = structure(c(0, 
0, 0, 0, 0, 1, 345, 0), dim = c(4L, 2L), dimnames = list(c("-2", 
"-1", "0", "1"), c("A", "G"))), GM26_SNP1 = structure(c(0, 1, 
658, 0, 0, 0, 0, 0, 0, 0, 0, 0), dim = 4:3, dimnames = list(c("-2", 
"-1", "0", "1"), c("A", "C", "G"))), GM29_SNP1 = structure(c(0, 
3, 270, 0, 0, 0, 0, 0, 0, 1, 265, 0), dim = 4:3, dimnames = list(
    c("-2", "-1", "0", "1"), c("A", "C", "G"))), IM16_SNP1 = structure(c(0, 
121, 1, 0, 1, 136, 1, 0), dim = c(4L, 2L), dimnames = list(c("-1", 
"0", "1", "2"), c("A", "G"))), IM49_SNP1 = structure(c(0, 9, 
964, 0, 0, 0, 0, 0, 3, 0, 0, 0), dim = c(6L, 2L), dimnames = list(
    c("-2", "-1", "0", "1", "2", "3"), c("C", "G"))), LR10_SNP1 = structure(c(0, 
0, 0, 0, 0, 0, 2, 0, 0, 1, 512, 0), dim = 4:3, dimnames = list(
    c("-2", "-1", "0", "1"), c("A", "C", "T"))), LR11_SNP1 = structure(c(0, 
1, 212, 0, 0, 0, 1, 182, 0, 0), dim = c(5L, 2L), dimnames = list(
    c("-2", "-1", "0", "1", "2"), c("A", "C"))), LR17_SNP1 = structure(c(0, 
1, 318, 2, 0), dim = c(5L, 1L), dimnames = list(c("-2", "-1", 
"0", "1", "2"), "A")), LR20_SNP1 = structure(c(0, 1, 0, 0, 378, 
0), dim = 3:2, dimnames = list(c("-1", "0", "1"), c("A", "G"))), 
    LR24_SNP1 = structure(c(0, 0, 0, 0, 0, 0, 465, 0, 0, 1, 1166, 
    0), dim = 4:3, dimnames = list(c("-2", "-1", "0", "1"), c("-", 
    "A", "G"))), LR36_SNP1 = structure(c(0, 0, 0, 3, 240, 1, 
    0, 0, 0, 0, 0, 0, 0, 0, 0, 0, 234, 0), dim = c(6L, 3L), dimnames = list(
        c("-5", "-3", "-2", "-1", "0", "1"), c("A", "C", "T"))), 
    LR40_SNP1 = structure(c(0, 0, 0, 0, 219, 0, 0, 0, 0), dim = c(3L, 
    3L), dimnames = list(c("-1", "0", "1"), c("A", "C", "T"))), 
    LR44_SNP1 = structure(c(0, 0, 1, 0, 0, 0, 8, 464, 2, 0, 0, 
    0, 7, 0, 0), dim = c(5L, 3L), dimnames = list(c("-2", "-1", 
    "0", "1", "2"), c("-", "C", "T"))), LR46_SNP1 = structure(c(0, 
    0, 0, 0, 0, 0, 0, 483, 0), dim = c(3L, 3L), dimnames = list(
        c("-1", "0", "1"), c("C", "G", "T"))), LR48_SNP1 = structure(c(0, 
    2, 337, 2, 0, 0, 0, 0), dim = c(4L, 2L), dimnames = list(
        c("-2", "-1", "0", "1"), c("C", "T"))), LR49_SNP1 = structure(c(0, 
    891, 0, 0, 1, 0, 0, 0, 0), dim = c(3L, 3L), dimnames = list(
        c("-1", "0", "1"), c("A", "G", "T"))), LR52_SNP1 = structure(c(0, 
    0, 8, 440, 0), dim = c(5L, 1L), dimnames = list(c("-4", "-2", 
    "-1", "0", "1"), "T")))
