Result <-
list(DEPDC2_SNP1 = structure(c(0L, 0L, 2L, 0L, 0L, 64L, 5994L, 
13L, 0L, 0L, 2L, 0L, 1L, 63L, 5702L, 16L, 0L, 2L, 191L, 1L), dim = 4:5, dimnames = structure(list(
    c("-2", "-1", "0", "1"), c("A", "C", "G", "T", NA)), names = c("", 
""))), GM01_SNP1 = structure(c(0L, 0L, 1L, 0L, 3L, 108L, 6844L, 
19L, 0L, 1L, 7L, 0L, 0L, 5L, 116L, 1L), dim = c(4L, 4L), dimnames = structure(list(
    c("-2", "-1", "0", "1"), c("-", "A", "G", NA)), names = c("", 
""))), GM07_SNP1 = structure(c(0L, 0L, 1L, 0L, 0L, 0L, 4L, 174L, 
2344L, 78L, 3L, 2L, 2L, 92L, 2153L, 60L, 3L, 0L, 1L, 5L, 128L, 
3L, 0L, 0L), dim = c(6L, 4L), dimnames = structure(list(c("-2", 
"-1", "0", "1", "2", "3"), c("-", "A", "G", NA)), names = c("", 
""))), GM09_SNP1 = structure(c(0L, 15L, 0L, 85L, 14935L, 18L, 
2L, 149L, 0L), dim = c(3L, 3L), dimnames = structure(list(c("-1", 
"0", "1"), c("A", "G", NA)), names = c("", ""))), GM11_SNP1 = structure(c(3L, 
1498L, 5L, 5L, 1098L, 6L, 0L, 32L, 1L), dim = c(3L, 3L), dimnames = structure(list(
    c("-1", "0", "1"), c("A", "G", NA)), names = c("", ""))), 
    GM14_SNP1 = structure(c(0L, 0L, 3L, 139L, 3896L, 74L, 1L, 
    1L, 0L, 87L, 4000L, 32L, 0L, 0L, 0L, 0L, 138L, 0L), dim = c(6L, 
    3L), dimnames = structure(list(c("-4", "-3", "-2", "-1", 
    "0", "1"), c("C", "T", NA)), names = c("", ""))), GM17_SNP1 = structure(c(1L, 
    62L, 5289L, 21L, 0L, 2L, 18L, 0L, 0L, 0L, 43L, 1L), dim = 4:3, dimnames = structure(list(
        c("-2", "-1", "0", "1"), c("C", "T", NA)), names = c("", 
    ""))), GM22_SNP1 = structure(c(11L, 1288L, 3L, 37L, 2524L, 
    9L, 2L, 83L, 1L), dim = c(3L, 3L), dimnames = structure(list(
        c("-1", "0", "1"), c("A", "G", NA)), names = c("", ""
    ))), GM26_SNP1 = structure(c(24L, 3086L, 16L, 0L, 3L, 0L, 
    0L, 27L, 1L), dim = c(3L, 3L), dimnames = structure(list(
        c("-1", "0", "1"), c("A", "G", NA)), names = c("", ""
    ))), GM29_SNP1 = structure(c(33L, 2191L, 10L, 27L, 2133L, 
    5L, 0L, 32L, 0L), dim = c(3L, 3L), dimnames = structure(list(
        c("-1", "0", "1"), c("A", "G", NA)), names = c("", ""
    ))), IM16_SNP1 = structure(c(0L, 0L, 1L, 0L, 1L, 78L, 10270L, 
    110L, 1L, 23L, 2548L, 30L, 0L, 0L, 2L, 0L, 0L, 2L, 219L, 
    9L), dim = 4:5, dimnames = structure(list(c("-2", "-1", "0", 
    "1"), c("-", "A", "G", "T", NA)), names = c("", ""))), IM49_SNP1 = structure(c(0L, 
    0L, 0L, 1L, 0L, 0L, 1L, 1L, 133L, 4313L, 97L, 3L, 0L, 5L, 
    158L, 3837L, 61L, 1L, 0L, 0L, 4L, 344L, 7L, 0L), dim = c(6L, 
    4L), dimnames = structure(list(c("-3", "-2", "-1", "0", "1", 
    "2"), c("A", "C", "G", NA)), names = c("", ""))), LR10_SNP1 = structure(c(1L, 
    89L, 2896L, 16L, 0L, 6L, 1058L, 5L, 0L, 0L, 60L, 2L), dim = 4:3, dimnames = structure(list(
        c("-2", "-1", "0", "1"), c("C", "T", NA)), names = c("", 
    ""))), LR11_SNP1 = structure(c(3L, 92L, 3706L, 35L, 1L, 1L, 
    29L, 1334L, 11L, 1L, 0L, 0L, 80L, 0L, 0L), dim = c(5L, 3L
    ), dimnames = structure(list(c("-2", "-1", "0", "1", "2"), 
        c("A", "C", NA)), names = c("", ""))), LR17_SNP1 = structure(c(3L, 
    158L, 3905L, 76L, 0L, 0L, 1L, 0L, 0L, 8L, 337L, 4L), dim = 4:3, dimnames = structure(list(
        c("-2", "-1", "0", "1"), c("A", "G", NA)), names = c("", 
    ""))), LR20_SNP1 = structure(c(13L, 3087L, 11L, 1L, 1271L, 
    5L, 0L, 17L, 1L), dim = c(3L, 3L), dimnames = structure(list(
        c("-1", "0", "1"), c("A", "G", NA)), names = c("", ""
    ))), LR24_SNP1 = structure(c(2L, 35L, 8775L, 17L, 0L, 17L, 
    3050L, 7L, 0L, 0L, 91L, 1L), dim = 4:3, dimnames = structure(list(
        c("-2", "-1", "0", "1"), c("A", "G", NA)), names = c("", 
    ""))), LR36_SNP1 = structure(c(6L, 50L, 2790L, 15L, 0L, 0L, 
    2L, 0L, 1L, 33L, 1499L, 15L, 0L, 5L, 130L, 1L), dim = c(4L, 
    4L), dimnames = structure(list(c("-2", "-1", "0", "1"), c("A", 
    "G", "T", NA)), names = c("", ""))), LR40_SNP1 = structure(c(0L, 
    2L, 0L, 61L, 3586L, 12L, 0L, 1L, 0L, 0L, 33L, 0L), dim = 3:4, dimnames = structure(list(
        c("-1", "0", "1"), c("A", "C", "T", NA)), names = c("", 
    ""))), LR44_SNP1 = structure(c(0L, 1L, 5L, 122L, 1157L, 19L, 
    1L, 0L, 0L, 0L, 0L, 2L, 0L, 0L, 1L, 0L, 6L, 227L, 1503L, 
    27L, 0L, 0L, 0L, 1L, 3L, 70L, 0L, 0L), dim = c(7L, 4L), dimnames = structure(list(
        c("-4", "-3", "-2", "-1", "0", "1", "2"), c("C", "N", 
        "T", NA)), names = c("", ""))), LR46_SNP1 = structure(c(0L, 
    1L, 0L, 8L, 2220L, 1L, 0L, 1L, 0L, 5L, 2316L, 12L, 0L, 41L, 
    1L), dim = c(3L, 5L), dimnames = structure(list(c("-1", "0", 
    "1"), c("-", "G", "N", "T", NA)), names = c("", ""))), LR48_SNP1 = structure(c(3L, 
    74L, 2588L, 43L, 0L, 1L, 1L, 0L, 0L, 2L, 81L, 0L), dim = 4:3, dimnames = structure(list(
        c("-2", "-1", "0", "1"), c("C", "T", NA)), names = c("", 
    ""))), LR49_SNP1 = structure(c(0L, 0L, 23L, 0L, 1L, 18L, 
    5572L, 3L, 0L, 2L, 54L, 0L), dim = 4:3, dimnames = structure(list(
        c("-2", "-1", "0", "1"), c("A", "G", NA)), names = c("", 
    ""))), LR52_SNP1 = structure(c(11L, 209L, 1116L, 11L, 0L, 
    7L, 38L, 2L, 1L, 20L, 535L, 3L), dim = 4:3, dimnames = structure(list(
        c("-2", "-1", "0", "1"), c("C", "T", NA)), names = c("", 
    ""))))
