Result <-
list(DEPDC2_SNP1 = structure(c(0L, 0L, 1L, 0L, 1L, 77L, 11182L, 
38L, 0L, 0L, 4L, 0L, 2L, 68L, 10723L, 48L, 0L, 1L, 337L, 1L), dim = 4:5, dimnames = structure(list(
    c("-2", "-1", "0", "1"), c("A", "C", "G", "T", NA)), names = c("", 
""))), GM01_SNP1 = structure(c(1L, 146L, 9424L, 28L, 2L, 0L, 
0L, 1L, 0L, 0L, 0L, 1L, 85L, 0L, 0L, 0L, 0L, 3L, 0L, 0L, 0L, 
4L, 128L, 1L, 0L), dim = c(5L, 5L), dimnames = structure(list(
    c("-2", "-1", "0", "1", "2"), c("A", "C", "G", "T", NA)), names = c("", 
""))), GM07_SNP1 = structure(c(0L, 0L, 0L, 2L, 0L, 0L, 1L, 290L, 
544L, 7433L, 201L, 6L, 0L, 0L, 2L, 5L, 0L, 0L, 0L, 0L, 0L, 1L, 
0L, 0L, 0L, 4L, 9L, 149L, 6L, 0L), dim = 6:5, dimnames = structure(list(
    c("-3", "-2", "-1", "0", "1", "2"), c("-", "A", "G", "T", 
    NA)), names = c("", ""))), GM09_SNP1 = structure(c(146L, 
20221L, 31L, 2L, 37L, 0L, 0L, 5L, 0L, 2L, 185L, 0L), dim = 3:4, dimnames = structure(list(
    c("-1", "0", "1"), c("A", "G", "T", NA)), names = c("", ""
))), GM11_SNP1 = structure(c(1L, 18L, 3163L, 11L, 0L, 21L, 3865L, 
18L, 0L, 1L, 79L, 1L), dim = 4:3, dimnames = structure(list(c("-2", 
"-1", "0", "1"), c("A", "G", NA)), names = c("", ""))), GM14_SNP1 = structure(c(0L, 
0L, 0L, 1L, 0L, 0L, 2L, 9L, 247L, 8582L, 69L, 1L, 0L, 0L, 1L, 
5L, 0L, 0L, 0L, 0L, 1L, 103L, 2L, 0L), dim = c(6L, 4L), dimnames = structure(list(
    c("-3", "-2", "-1", "0", "1", "2"), c("A", "C", "T", NA)), names = c("", 
""))), GM17_SNP1 = structure(c(0L, 0L, 0L, 12L, 0L, 1L, 2L, 175L, 
10883L, 22L, 0L, 0L, 1L, 89L, 0L), dim = c(5L, 3L), dimnames = structure(list(
    c("-3", "-2", "-1", "0", "1"), c("C", "T", NA)), names = c("", 
""))), GM22_SNP1 = structure(c(5L, 126L, 8690L, 33L, 1L, 0L, 
0L, 5L, 0L, 0L, 0L, 0L, 1L, 0L, 0L, 0L, 2L, 112L, 0L, 0L), dim = 5:4, dimnames = structure(list(
    c("-2", "-1", "0", "1", "2"), c("A", "G", "T", NA)), names = c("", 
""))), GM26_SNP1 = structure(c(2L, 1L, 66L, 7007L, 21L, 0L, 0L, 
0L, 2L, 0L, 0L, 0L, 4L, 52L, 0L), dim = c(5L, 3L), dimnames = structure(list(
    c("-3", "-2", "-1", "0", "1"), c("A", "G", NA)), names = c("", 
""))), GM29_SNP1 = structure(c(0L, 42L, 2942L, 7L, 1L, 44L, 3195L, 
9L, 0L, 2L, 66L, 2L), dim = 4:3, dimnames = structure(list(c("-2", 
"-1", "0", "1"), c("A", "G", NA)), names = c("", ""))), IM16_SNP1 = structure(c(0L, 
0L, 5L, 0L, 2L, 295L, 6575L, 80L, 0L, 1L, 0L, 0L, 0L, 1L, 93L, 
2L), dim = c(4L, 4L), dimnames = structure(list(c("-2", "-1", 
"0", "1"), c("A", "G", "T", NA)), names = c("", ""))), IM49_SNP1 = structure(c(10L, 
582L, 11923L, 261L, 7L, 0L, 0L, 5L, 0L, 0L, 0L, 5L, 316L, 10L, 
0L), dim = c(5L, 3L), dimnames = structure(list(c("-2", "-1", 
"0", "1", "2"), c("C", "G", NA)), names = c("", ""))), LR10_SNP1 = structure(c(0L, 
4L, 112L, 0L, 1L, 100L, 6433L, 24L, 0L, 0L, 86L, 3L), dim = 4:3, dimnames = structure(list(
    c("-2", "-1", "0", "1"), c("C", "T", NA)), names = c("", 
""))), LR11_SNP1 = structure(c(5L, 126L, 4379L, 40L, 1L, 3L, 
69L, 3681L, 25L, 0L, 0L, 5L, 176L, 3L, 0L), dim = c(5L, 3L), dimnames = structure(list(
    c("-2", "-1", "0", "1", "2"), c("A", "C", NA)), names = c("", 
""))), LR17_SNP1 = structure(c(6L, 194L, 5107L, 214L, 3L, 0L, 
0L, 2L, 0L, 0L, 0L, 10L, 434L, 3L, 0L), dim = c(5L, 3L), dimnames = structure(list(
    c("-2", "-1", "0", "1", "2"), c("A", "G", NA)), names = c("", 
""))), LR20_SNP1 = structure(c(9L, 4037L, 7L, 7L, 4411L, 10L, 
0L, 64L, 0L), dim = c(3L, 3L), dimnames = structure(list(c("-1", 
"0", "1"), c("A", "G", NA)), names = c("", ""))), LR24_SNP1 = structure(c(0L, 
0L, 2L, 0L, 0L, 4L, 104L, 0L, 1L, 76L, 16913L, 40L, 0L, 0L, 167L, 
2L), dim = c(4L, 4L), dimnames = structure(list(c("-3", "-1", 
"0", "1"), c("-", "A", "G", NA)), names = c("", ""))), LR36_SNP1 = structure(c(0L, 
0L, 0L, 2L, 0L, 0L, 3L, 7L, 112L, 5319L, 54L, 1L, 0L, 0L, 0L, 
1L, 0L, 0L, 0L, 0L, 0L, 1L, 0L, 0L, 1L, 4L, 91L, 4243L, 23L, 
0L, 0L, 0L, 7L, 335L, 3L, 0L), dim = c(6L, 6L), dimnames = structure(list(
    c("-3", "-2", "-1", "0", "1", "5"), c("-", "A", "G", "N", 
    "T", NA)), names = c("", ""))), LR40_SNP1 = structure(c(3508L, 
0L, 1L, 0L, 0L, 24L, 3320L, 14L, 14L, 1L, 27L, 1L), dim = 4:3, dimnames = structure(list(
    c("-5", "-1", "0", "1"), c("A", "C", NA)), names = c("", 
""))), LR44_SNP1 = structure(c(0L, 0L, 1L, 1L, 0L, 0L, 2L, 10L, 
292L, 3702L, 58L, 1L, 0L, 0L, 0L, 1L, 0L, 0L, 1L, 16L, 429L, 
4580L, 89L, 3L, 0L, 0L, 18L, 257L, 10L, 0L), dim = 6:5, dimnames = structure(list(
    c("-3", "-2", "-1", "0", "1", "2"), c("A", "C", "N", "T", 
    NA)), names = c("", ""))), LR46_SNP1 = structure(c(4L, 3297L, 
3L, 11L, 3308L, 49L, 0L, 42L, 0L), dim = c(3L, 3L), dimnames = structure(list(
    c("-1", "0", "1"), c("G", "T", NA)), names = c("", ""))), 
    LR48_SNP1 = structure(c(1L, 10L, 205L, 6563L, 64L, 1L, 0L, 
    0L, 0L, 2L, 0L, 0L, 0L, 0L, 4L, 153L, 3L, 0L), dim = c(6L, 
    3L), dimnames = structure(list(c("-3", "-2", "-1", "0", "1", 
    "2"), c("C", "T", NA)), names = c("", ""))), LR49_SNP1 = structure(c(8L, 
    4956L, 14L, 12L, 4521L, 3L, 0L, 2L, 0L, 1L, 131L, 0L), dim = 3:4, dimnames = structure(list(
        c("-1", "0", "1"), c("A", "G", "T", NA)), names = c("", 
    ""))), LR52_SNP1 = structure(c(0L, 0L, 0L, 0L, 1L, 0L, 0L, 
    0L, 0L, 0L, 0L, 1L, 0L, 0L, 0L, 21L, 391L, 289L, 2379L, 12L, 
    0L, 1L, 2L, 18L, 306L, 3920L, 31L, 1L, 0L, 0L, 4L, 58L, 1335L, 
    10L, 0L), dim = c(7L, 5L), dimnames = structure(list(c("-4", 
    "-3", "-2", "-1", "0", "1", "2"), c("-", "A", "C", "T", NA
    )), names = c("", ""))))
