Result <-
list(DEPDC2_SNP1 = structure(c(0L, 0L, 1L, 0L, 1L, 74L, 9553L, 
24L, 0L, 0L, 1L, 0L, 0L, 63L, 10222L, 29L, 0L, 0L, 352L, 1L), dim = 4:5, dimnames = structure(list(
    c("-2", "-1", "0", "1"), c("A", "C", "G", "T", NA)), names = c("", 
""))), GM01_SNP1 = structure(c(2L, 155L, 8266L, 24L, 0L, 0L, 
0L, 1L, 0L, 0L, 7L, 0L, 0L, 3L, 136L, 0L), dim = c(4L, 4L), dimnames = structure(list(
    c("-2", "-1", "0", "1"), c("A", "C", "G", NA)), names = c("", 
""))), GM07_SNP1 = structure(c(0L, 0L, 0L, 2L, 0L, 0L, 1L, 1L, 
127L, 2879L, 58L, 3L, 0L, 1L, 170L, 3562L, 80L, 3L, 0L, 0L, 0L, 
2L, 0L, 0L, 0L, 0L, 9L, 172L, 2L, 0L), dim = 6:5, dimnames = structure(list(
    c("-3", "-2", "-1", "0", "1", "2"), c("-", "A", "G", "T", 
    NA)), names = c("", ""))), GM09_SNP1 = structure(c(100L, 
18817L, 34L, 0L, 117L, 0L, 0L, 5L, 0L, 1L, 148L, 0L), dim = 3:4, dimnames = structure(list(
    c("-1", "0", "1"), c("A", "G", "T", NA)), names = c("", ""
))), GM11_SNP1 = structure(c(0L, 1L, 0L, 0L, 21L, 4198L, 11L, 
0L, 0L, 69L, 0L, 1L, 0L, 39L, 0L, 0L), dim = c(4L, 4L), dimnames = structure(list(
    c("-1", "0", "1", "2"), c("-", "A", "G", NA)), names = c("", 
""))), GM14_SNP1 = structure(c(0L, 0L, 0L, 2L, 0L, 0L, 1L, 9L, 
260L, 8120L, 56L, 1L, 0L, 0L, 6L, 222L, 0L, 0L, 0L, 0L, 1L, 126L, 
1L, 0L), dim = c(6L, 4L), dimnames = structure(list(c("-3", "-2", 
"-1", "0", "1", "2"), c("A", "C", "T", NA)), names = c("", ""
))), GM17_SNP1 = structure(c(2L, 30L, 3842L, 12L, 1L, 65L, 4935L, 
9L, 0L, 2L, 72L, 0L), dim = 4:3, dimnames = structure(list(c("-2", 
"-1", "0", "1"), c("C", "T", NA)), names = c("", ""))), GM22_SNP1 = structure(c(2L, 
75L, 6122L, 16L, 0L, 0L, 2L, 0L, 0L, 0L, 1L, 0L, 0L, 5L, 83L, 
2L), dim = c(4L, 4L), dimnames = structure(list(c("-2", "-1", 
"0", "1"), c("A", "G", "T", NA)), names = c("", ""))), GM26_SNP1 = structure(c(0L, 
2L, 31L, 3254L, 11L, 1L, 0L, 20L, 2473L, 11L, 0L, 0L, 3L, 84L, 
0L), dim = c(5L, 3L), dimnames = structure(list(c("-3", "-2", 
"-1", "0", "1"), c("A", "G", NA)), names = c("", ""))), GM29_SNP1 = structure(c(3L, 
103L, 2926L, 9L, 2L, 48L, 2872L, 10L, 0L, 1L, 54L, 0L), dim = 4:3, dimnames = structure(list(
    c("-2", "-1", "0", "1"), c("A", "G", NA)), names = c("", 
""))), IM16_SNP1 = structure(c(1L, 33L, 3297L, 35L, 0L, 33L, 
3634L, 71L, 0L, 0L, 103L, 4L), dim = 4:3, dimnames = structure(list(
    c("-2", "-1", "0", "1"), c("A", "G", NA)), names = c("", 
""))), IM49_SNP1 = structure(c(1L, 127L, 4032L, 64L, 0L, 4L, 
151L, 3823L, 72L, 1L, 0L, 0L, 2L, 0L, 0L, 0L, 4L, 319L, 9L, 0L
), dim = 5:4, dimnames = structure(list(c("-2", "-1", "0", "1", 
"2"), c("C", "G", "T", NA)), names = c("", ""))), LR10_SNP1 = structure(c(1L, 
53L, 2909L, 14L, 0L, 48L, 3411L, 12L, 0L, 1L, 64L, 4L), dim = 4:3, dimnames = structure(list(
    c("-2", "-1", "0", "1"), c("C", "T", NA)), names = c("", 
""))), LR11_SNP1 = structure(c(0L, 2L, 141L, 0L, 4L, 148L, 5675L, 
33L, 0L, 0L, 1L, 0L, 0L, 0L, 1L, 0L, 0L, 4L, 209L, 1L), dim = 4:5, dimnames = structure(list(
    c("-2", "-1", "0", "1"), c("A", "C", "G", "T", NA)), names = c("", 
""))), LR17_SNP1 = structure(c(5L, 205L, 5817L, 98L, 3L, 0L, 
0L, 2L, 0L, 0L, 0L, 15L, 544L, 9L, 0L), dim = c(5L, 3L), dimnames = structure(list(
    c("-2", "-1", "0", "1", "2"), c("A", "G", NA)), names = c("", 
""))), LR20_SNP1 = structure(c(1L, 31L, 0L, 19L, 7495L, 34L, 
0L, 73L, 0L), dim = c(3L, 3L), dimnames = structure(list(c("-1", 
"0", "1"), c("A", "G", NA)), names = c("", ""))), LR24_SNP1 = structure(c(4L, 
59L, 14596L, 42L, 0L, 0L, 7L, 0L, 0L, 3L, 117L, 1L), dim = 4:3, dimnames = structure(list(
    c("-2", "-1", "0", "1"), c("A", "G", NA)), names = c("", 
""))), LR36_SNP1 = structure(c(0L, 0L, 0L, 26L, 0L, 0L, 0L, 0L, 
1L, 0L, 0L, 0L, 0L, 1L, 0L, 1L, 6L, 188L, 9070L, 100L, 0L, 0L, 
6L, 507L, 3L), dim = c(5L, 5L), dimnames = structure(list(c("-3", 
"-2", "-1", "0", "1"), c("A", "C", "G", "T", NA)), names = c("", 
""))), LR40_SNP1 = structure(c(0L, 0L, 3L, 0L, 1L, 53L, 4993L, 
17L, 0L, 0L, 1L, 0L, 0L, 1L, 38L, 0L), dim = c(4L, 4L), dimnames = structure(list(
    c("-2", "-1", "0", "1"), c("A", "C", "T", NA)), names = c("", 
""))), LR44_SNP1 = structure(c(0L, 0L, 0L, 1L, 0L, 0L, 6L, 168L, 
547L, 7227L, 89L, 0L, 0L, 0L, 0L, 3L, 0L, 0L, 0L, 0L, 66L, 230L, 
0L, 3L, 0L, 0L, 9L, 269L, 3L, 0L), dim = 6:5, dimnames = structure(list(
    c("-3", "-2", "-1", "0", "1", "3"), c("A", "C", "N", "T", 
    NA)), names = c("", ""))), LR46_SNP1 = structure(c(18L, 4546L, 
10L, 0L, 3L, 0L, 0L, 61L, 0L), dim = c(3L, 3L), dimnames = structure(list(
    c("-1", "0", "1"), c("G", "T", NA)), names = c("", ""))), 
    LR48_SNP1 = structure(c(3L, 87L, 2827L, 52L, 1L, 2L, 125L, 
    4001L, 53L, 0L, 0L, 4L, 270L, 3L, 0L), dim = c(5L, 3L), dimnames = structure(list(
        c("-2", "-1", "0", "1", "2"), c("C", "T", NA)), names = c("", 
    ""))), LR49_SNP1 = structure(c(0L, 1L, 28L, 1L, 35L, 8780L, 
    0L, 0L, 1L, 0L, 0L, 88L), dim = 3:4, dimnames = structure(list(
        c("-2", "-1", "0"), c("A", "G", "T", NA)), names = c("", 
    ""))), LR52_SNP1 = structure(c(0L, 0L, 0L, 1L, 0L, 0L, 0L, 
    0L, 4L, 0L, 4L, 50L, 486L, 4267L, 24L, 0L, 0L, 10L, 90L, 
    0L, 0L, 3L, 71L, 1898L, 7L), dim = c(5L, 5L), dimnames = structure(list(
        c("-3", "-2", "-1", "0", "1"), c("-", "A", "C", "T", 
        NA)), names = c("", ""))))
