Result <-
list(DEPDC2_SNP1 = structure(c(0L, 0L, 1L, 0L, 0L, 0L, 2L, 0L, 
0L, 0L, 13L, 0L, 0L, 0L, 2L, 0L, 9L, 859L, 14521L, 49L, 0L, 3L, 
160L, 0L), dim = c(4L, 6L), dimnames = structure(list(c("-2", 
"-1", "0", "1"), c("-", "A", "C", "G", "T", NA)), names = c("", 
""))), GM01_SNP1 = structure(c(0L, 13L, 3725L, 1099L, 3L, 0L, 
1L, 0L, 60L, 3866L, 24L, 1L, 0L, 0L, 45L, 83L, 0L, 0L), dim = c(6L, 
3L), dimnames = structure(list(c("-3", "-2", "-1", "0", "1", 
"2"), c("A", "G", NA)), names = c("", ""))), GM07_SNP1 = structure(c(0L, 
0L, 1L, 0L, 0L, 0L, 17L, 592L, 5360L, 218L, 6L, 1L, 2L, 1L, 6L, 
0L, 0L, 0L, 1L, 8L, 110L, 6L, 0L, 0L), dim = c(6L, 4L), dimnames = structure(list(
    c("-2", "-1", "0", "1", "2", "3"), c("-", "A", "G", NA)), names = c("", 
""))), GM09_SNP1 = structure(c(52L, 7176L, 9L, 0L, 2L, 0L, 48L, 
5970L, 13L, 0L, 1L, 0L, 0L, 143L, 0L), dim = c(3L, 5L), dimnames = structure(list(
    c("-1", "0", "1"), c("A", "C", "G", "T", NA)), names = c("", 
""))), GM11_SNP1 = structure(c(162L, 794L, 3L, 0L, 9L, 2L, 0L, 
6L, 0L), dim = c(3L, 3L), dimnames = structure(list(c("-1", "0", 
"1"), c("A", "G", NA)), names = c("", ""))), GM14_SNP1 = structure(c(4L, 
218L, 4552L, 71L, 2L, 5L, 70L, 3269L, 19L, 2L, 0L, 1L, 139L, 
3L, 0L), dim = c(5L, 3L), dimnames = structure(list(c("-2", "-1", 
"0", "1", "2"), c("C", "T", NA)), names = c("", ""))), GM17_SNP1 = structure(c(72L, 
2989L, 5751L, 21L, 0L, 1L, 9L, 0L, 0L, 12L, 65L, 0L), dim = 4:3, dimnames = structure(list(
    c("-2", "-1", "0", "1"), c("C", "T", NA)), names = c("", 
""))), GM22_SNP1 = structure(c(0L, 0L, 1L, 0L, 2L, 208L, 7055L, 
41L, 0L, 0L, 3L, 0L, 0L, 0L, 3L, 0L, 0L, 0L, 96L, 3L), dim = 4:5, dimnames = structure(list(
    c("-2", "-1", "0", "1"), c("-", "A", "G", "T", NA)), names = c("", 
""))), GM26_SNP1 = structure(c(1L, 160L, 4641L, 17L, 0L, 0L, 
3L, 0L, 0L, 2L, 32L, 1L), dim = 4:3, dimnames = structure(list(
    c("-2", "-1", "0", "1"), c("A", "G", NA)), names = c("", 
""))), GM29_SNP1 = structure(c(2L, 80L, 2707L, 5L, 1L, 20L, 2224L, 
8L, 0L, 1L, 53L, 0L), dim = 4:3, dimnames = structure(list(c("-2", 
"-1", "0", "1"), c("A", "G", NA)), names = c("", ""))), IM16_SNP1 = structure(c(0L, 
0L, 11L, 0L, 0L, 1L, 21L, 2604L, 965L, 18L, 0L, 0L, 46L, 64L, 
4L), dim = c(5L, 3L), dimnames = structure(list(c("-2", "-1", 
"0", "1", "2"), c("A", "G", NA)), names = c("", ""))), IM49_SNP1 = structure(c(0L, 
0L, 0L, 0L, 0L, 0L, 0L, 1L, 87L, 5096L, 2334L, 85L, 1L, 0L, 0L, 
6L, 426L, 5790L, 183L, 4L, 0L, 0L, 2L, 45L, 399L, 18L, 0L, 1L
), dim = c(7L, 4L), dimnames = structure(list(c("-3", "-2", "-1", 
"0", "1", "2", "3"), c("A", "C", "G", NA)), names = c("", ""))), 
    LR10_SNP1 = structure(c(2L, 96L, 4252L, 45L, 1L, 0L, 1L, 
    9L, 0L, 0L, 0L, 2L, 46L, 0L, 0L), dim = c(5L, 3L), dimnames = structure(list(
        c("-2", "-1", "0", "1", "2"), c("C", "T", NA)), names = c("", 
    ""))), LR11_SNP1 = structure(c(0L, 0L, 6L, 0L, 0L, 5L, 300L, 
    8017L, 89L, 2L, 0L, 0L, 1L, 0L, 0L, 0L, 13L, 285L, 1L, 0L
    ), dim = 5:4, dimnames = structure(list(c("-2", "-1", "0", 
    "1", "2"), c("A", "C", "T", NA)), names = c("", ""))), LR17_SNP1 = structure(c(8L, 
    227L, 4601L, 97L, 0L, 0L, 2L, 0L, 0L, 9L, 406L, 1L), dim = 4:3, dimnames = structure(list(
        c("-2", "-1", "0", "1"), c("A", "G", NA)), names = c("", 
    ""))), LR20_SNP1 = structure(c(6L, 3229L, 8L, 1L, 2302L, 
    4L, 0L, 37L, 0L), dim = c(3L, 3L), dimnames = structure(list(
        c("-1", "0", "1"), c("A", "G", NA)), names = c("", ""
    ))), LR24_SNP1 = structure(c(59L, 10080L, 36L, 0L, 1L, 0L, 
    1L, 15L, 0L, 0L, 1L, 0L, 0L, 93L, 0L), dim = c(3L, 5L), dimnames = structure(list(
        c("-1", "0", "1"), c("A", "C", "G", "T", NA)), names = c("", 
    ""))), LR36_SNP1 = structure(c(0L, 0L, 0L, 1L, 17L, 0L, 0L, 
    0L, 0L, 0L, 0L, 1L, 0L, 0L, 0L, 0L, 0L, 1L, 0L, 0L, 0L, 2L, 
    1L, 14L, 252L, 7328L, 75L, 0L, 0L, 0L, 1L, 10L, 418L, 2L, 
    1L), dim = c(7L, 5L), dimnames = structure(list(c("-4", "-3", 
    "-2", "-1", "0", "1", "2"), c("A", "C", "G", "T", NA)), names = c("", 
    ""))), LR40_SNP1 = structure(c(0L, 3L, 151L, 0L, 1L, 1L, 
    209L, 3213L, 8L, 0L, 0L, 0L, 23L, 0L, 1L), dim = c(5L, 3L
    ), dimnames = structure(list(c("-2", "-1", "0", "1", "2"), 
        c("A", "C", NA)), names = c("", ""))), LR44_SNP1 = structure(c(0L, 
    0L, 0L, 1L, 0L, 0L, 3L, 46L, 1119L, 4696L, 80L, 1L, 0L, 0L, 
    1L, 0L, 0L, 0L, 0L, 0L, 2L, 2L, 0L, 0L, 0L, 0L, 0L, 6L, 0L, 
    0L, 0L, 0L, 16L, 159L, 5L, 0L), dim = c(6L, 6L), dimnames = structure(list(
        c("-3", "-2", "-1", "0", "1", "2"), c("A", "C", "G", 
        "N", "T", NA)), names = c("", ""))), LR46_SNP1 = structure(c(9L, 
    1790L, 8L, 1L, 8L, 2285L, 8L, 0L, 0L, 39L, 0L, 0L), dim = 4:3, dimnames = structure(list(
        c("-1", "0", "1", "2"), c("G", "T", NA)), names = c("", 
    ""))), LR48_SNP1 = structure(c(5L, 233L, 3059L, 66L, 4L, 
    102L, 2551L, 71L, 0L, 4L, 228L, 2L), dim = 4:3, dimnames = structure(list(
        c("-2", "-1", "0", "1"), c("C", "T", NA)), names = c("", 
    ""))), LR49_SNP1 = structure(c(8L, 2853L, 219L, 2989L, 1L, 
    85L), dim = 2:3, dimnames = structure(list(c("-1", "0"), 
        c("A", "G", NA)), names = c("", ""))), LR52_SNP1 = structure(c(3L, 
    110L, 485L, 1270L, 851L, 33L, 0L, 1L, 54L, 146L, 20L, 1L, 
    0L, 0L, 12L, 184L, 400L, 15L), dim = c(6L, 3L), dimnames = structure(list(
        c("-4", "-3", "-2", "-1", "0", "1"), c("C", "T", NA)), names = c("", 
    ""))))
