Result <-
list(DEPDC2_SNP1 = structure(c(1L, 119L, 9757L, 32L, 0L, 0L, 
0L, 1L, 0L, 0L, 0L, 65L, 7970L, 902L, 3L, 0L, 1L, 301L, 10L, 
0L), dim = 5:4, dimnames = structure(list(c("-2", "-1", "0", 
"1", "2"), c("C", "G", "T", NA)), names = c("", ""))), GM01_SNP1 = structure(c(0L, 
1L, 122L, 0L, 0L, 1L, 353L, 9127L, 48L, 1L, 0L, 4L, 110L, 1L, 
0L), dim = c(5L, 3L), dimnames = structure(list(c("-2", "-1", 
"0", "1", "2"), c("A", "G", NA)), names = c("", ""))), GM07_SNP1 = structure(c(0L, 
0L, 0L, 1L, 0L, 0L, 1L, 19L, 1009L, 2356L, 71L, 1L, 0L, 26L, 
1373L, 2519L, 89L, 2L, 0L, 0L, 0L, 0L, 0L, 0L, 0L, 4L, 20L, 132L, 
3L, 0L), dim = 6:5, dimnames = structure(list(c("-3", "-2", "-1", 
"0", "1", "2"), c("-", "A", "G", "T", NA)), names = c("", ""))), 
    GM09_SNP1 = structure(c(290L, 9224L, 15L, 65L, 10324L, 43L, 
    0L, 10L, 0L, 2L, 173L, 1L), dim = 3:4, dimnames = structure(list(
        c("-1", "0", "1"), c("A", "G", "T", NA)), names = c("", 
    ""))), GM11_SNP1 = structure(c(128L, 5995L, 16L, 0L, 7L, 
    0L, 0L, 2L, 0L, 3L, 53L, 1L), dim = 3:4, dimnames = structure(list(
        c("-1", "0", "1"), c("A", "G", "T", NA)), names = c("", 
    ""))), GM14_SNP1 = structure(c(3L, 393L, 885L, 8438L, 86L, 
    0L, 0L, 1L, 9L, 0L, 0L, 0L, 2L, 144L, 0L), dim = c(5L, 3L
    ), dimnames = structure(list(c("-3", "-2", "-1", "0", "1"
    ), c("C", "T", NA)), names = c("", ""))), GM17_SNP1 = structure(c(0L, 
    56L, 4443L, 13L, 1L, 121L, 4168L, 8L, 0L, 0L, 81L, 0L), dim = 4:3, dimnames = structure(list(
        c("-2", "-1", "0", "1"), c("C", "T", NA)), names = c("", 
    ""))), GM22_SNP1 = structure(c(9L, 739L, 8026L, 110L, 0L, 
    0L, 5L, 0L, 0L, 6L, 117L, 1L), dim = 4:3, dimnames = structure(list(
        c("-2", "-1", "0", "1"), c("A", "G", NA)), names = c("", 
    ""))), GM26_SNP1 = structure(c(1L, 302L, 5418L, 14L, 0L, 
    0L, 1L, 0L, 0L, 1L, 50L, 0L), dim = 4:3, dimnames = structure(list(
        c("-2", "-1", "0", "1"), c("A", "G", NA)), names = c("", 
    ""))), GM29_SNP1 = structure(c(1L, 336L, 5330L, 9L, 0L, 0L, 
    3L, 0L, 0L, 0L, 1L, 0L, 0L, 3L, 43L, 0L), dim = c(4L, 4L), dimnames = structure(list(
        c("-2", "-1", "0", "1"), c("A", "G", "T", NA)), names = c("", 
    ""))), IM16_SNP1 = structure(c(0L, 0L, 7L, 0L, 0L, 1L, 170L, 
    6346L, 103L, 4L, 0L, 0L, 2L, 0L, 0L, 0L, 0L, 101L, 11L, 0L
    ), dim = 5:4, dimnames = structure(list(c("-2", "-1", "0", 
    "1", "2"), c("A", "G", "T", NA)), names = c("", ""))), IM49_SNP1 = structure(c(1L, 
    103L, 1331L, 6715L, 108L, 1L, 1L, 2L, 152L, 2045L, 36L, 0L, 
    0L, 0L, 1L, 1L, 0L, 0L, 0L, 1L, 13L, 297L, 3L, 0L), dim = c(6L, 
    4L), dimnames = structure(list(c("-3", "-2", "-1", "0", "1", 
    "2"), c("C", "G", "T", NA)), names = c("", ""))), LR10_SNP1 = structure(c(0L, 
    0L, 1L, 0L, 1L, 107L, 3390L, 13L, 1L, 73L, 5237L, 20L, 0L, 
    2L, 97L, 0L), dim = c(4L, 4L), dimnames = structure(list(
        c("-2", "-1", "0", "1"), c("A", "C", "T", NA)), names = c("", 
    ""))), LR11_SNP1 = structure(c(1L, 23L, 1440L, 2319L, 12L, 
    2L, 272L, 1015L, 2150L, 14L, 0L, 0L, 0L, 1L, 0L, 0L, 3L, 
    26L, 151L, 1L), dim = 5:4, dimnames = structure(list(c("-3", 
    "-2", "-1", "0", "1"), c("A", "C", "G", NA)), names = c("", 
    ""))), LR17_SNP1 = structure(c(2L, 35L, 1882L, 5094L, 84L, 
    3L, 0L, 0L, 3L, 1L, 0L, 0L, 0L, 0L, 121L, 440L, 1L, 0L), dim = c(6L, 
    3L), dimnames = structure(list(c("-3", "-2", "-1", "0", "1", 
    "2"), c("A", "G", NA)), names = c("", ""))), LR20_SNP1 = structure(c(0L, 
    0L, 6L, 0L, 2L, 1065L, 7750L, 9L, 0L, 10L, 74L, 1L), dim = 4:3, dimnames = structure(list(
        c("-2", "-1", "0", "1"), c("A", "G", NA)), names = c("", 
    ""))), LR24_SNP1 = structure(c(0L, 1L, 690L, 8221L, 18L, 
    1L, 2L, 492L, 8014L, 22L, 0L, 0L, 3L, 137L, 1L), dim = c(5L, 
    3L), dimnames = structure(list(c("-3", "-2", "-1", "0", "1"
    ), c("A", "G", NA)), names = c("", ""))), LR36_SNP1 = structure(c(0L, 
    0L, 0L, 0L, 1L, 0L, 0L, 2L, 16L, 1543L, 887L, 8086L, 77L, 
    1L, 0L, 0L, 0L, 0L, 1L, 0L, 0L, 0L, 0L, 0L, 1L, 15L, 0L, 
    0L, 0L, 0L, 6L, 6L, 171L, 1L, 0L), dim = c(7L, 5L), dimnames = structure(list(
        c("-4", "-3", "-2", "-1", "0", "1", "2"), c("-", "A", 
        "G", "T", NA)), names = c("", ""))), LR40_SNP1 = structure(c(0L, 
    0L, 1L, 0L, 0L, 1L, 202L, 5807L, 15L, 1L, 0L, 0L, 1L, 0L, 
    0L, 0L, 1L, 32L, 1L, 0L), dim = 5:4, dimnames = structure(list(
        c("-3", "-1", "0", "1", "2"), c("A", "C", "T", NA)), names = c("", 
    ""))), LR44_SNP1 = structure(c(0L, 0L, 1L, 0L, 0L, 1L, 0L, 
    0L, 0L, 0L, 0L, 158L, 693L, 222L, 1928L, 16L, 0L, 0L, 1L, 
    3L, 124L, 1741L, 921L, 2826L, 49L, 1L, 1L, 0L, 0L, 4L, 27L, 
    15L, 130L, 2L, 0L, 0L), dim = c(9L, 4L), dimnames = structure(list(
        c("-5", "-4", "-3", "-2", "-1", "0", "1", "2", "3"), 
        c("A", "C", "T", NA)), names = c("", ""))), LR46_SNP1 = structure(c(0L, 
    69L, 0L, 7L, 4494L, 9L, 0L, 4L, 0L, 0L, 53L, 0L), dim = 3:4, dimnames = structure(list(
        c("-1", "0", "1"), c("A", "G", "T", NA)), names = c("", 
    ""))), LR48_SNP1 = structure(c(125L, 648L, 4982L, 80L, 0L, 
    0L, 1L, 0L, 0L, 4L, 173L, 1L), dim = 4:3, dimnames = structure(list(
        c("-2", "-1", "0", "1"), c("C", "T", NA)), names = c("", 
    ""))), LR49_SNP1 = structure(c(0L, 18L, 0L, 34L, 8576L, 5L, 
    0L, 74L, 0L), dim = c(3L, 3L), dimnames = structure(list(
        c("-1", "0", "1"), c("A", "G", NA)), names = c("", ""
    ))), LR52_SNP1 = structure(c(1L, 0L, 0L, 1L, 2L, 0L, 0L, 
    0L, 376L, 626L, 537L, 3572L, 26L, 1L, 0L, 0L, 5L, 23L, 284L, 
    3L, 0L), dim = c(7L, 3L), dimnames = structure(list(c("-4", 
    "-3", "-2", "-1", "0", "1", "2"), c("C", "T", NA)), names = c("", 
    ""))))
