Result <-
list(DEPDC2_SNP1 = structure(c(0L, 0L, 2L, 0L, 0L, 50L, 6914L, 
61L, 9L, 4371L, 2824L, 39L, 0L, 32L, 196L, 2L), dim = c(4L, 4L
), dimnames = structure(list(c("-2", "-1", "0", "1"), c("A", 
"C", "T", NA)), names = c("", ""))), GM01_SNP1 = structure(c(1L, 
120L, 7493L, 24L, 1L, 0L, 0L, 12L, 0L, 0L, 0L, 0L, 1L, 0L, 0L, 
0L, 4L, 126L, 0L, 0L), dim = 5:4, dimnames = structure(list(c("-2", 
"-1", "0", "1", "2"), c("A", "G", "T", NA)), names = c("", ""
))), GM07_SNP1 = structure(c(0L, 0L, 1L, 0L, 0L, 0L, 1L, 42L, 
2020L, 3480L, 152L, 2L, 0L, 0L, 1L, 3L, 0L, 0L, 0L, 0L, 1L, 1L, 
0L, 0L, 0L, 0L, 0L, 3L, 0L, 0L, 0L, 2L, 16L, 81L, 2L, 0L), dim = c(6L, 
6L), dimnames = structure(list(c("-3", "-2", "-1", "0", "1", 
"2"), c("-", "A", "G", "N", "T", NA)), names = c("", ""))), GM09_SNP1 = structure(c(48L, 
7047L, 12L, 34L, 7685L, 10L, 1L, 145L, 0L), dim = c(3L, 3L), dimnames = structure(list(
    c("-1", "0", "1"), c("A", "G", NA)), names = c("", ""))), 
    GM11_SNP1 = structure(c(0L, 9L, 2159L, 6L, 5L, 1729L, 825L, 
    2L, 0L, 0L, 1L, 0L, 0L, 10L, 28L, 0L), dim = c(4L, 4L), dimnames = structure(list(
        c("-2", "-1", "0", "1"), c("A", "G", "T", NA)), names = c("", 
    ""))), GM14_SNP1 = structure(c(0L, 0L, 0L, 2L, 0L, 1L, 26L, 
    1668L, 1287L, 11L, 0L, 2L, 111L, 4650L, 17L, 0L, 0L, 4L, 
    110L, 0L), dim = 5:4, dimnames = structure(list(c("-3", "-2", 
    "-1", "0", "1"), c("A", "C", "T", NA)), names = c("", ""))), 
    GM17_SNP1 = structure(c(0L, 75L, 4706L, 26L, 0L, 1L, 44L, 
    4460L, 93L, 1L, 0L, 3L, 87L, 2L, 0L), dim = c(5L, 3L), dimnames = structure(list(
        c("-2", "-1", "0", "1", "2"), c("C", "T", NA)), names = c("", 
    ""))), GM22_SNP1 = structure(c(2L, 56L, 3138L, 16L, 3L, 24L, 
    2089L, 7L, 0L, 2L, 121L, 2L), dim = 4:3, dimnames = structure(list(
        c("-2", "-1", "0", "1"), c("A", "G", NA)), names = c("", 
    ""))), GM26_SNP1 = structure(c(1L, 51L, 5137L, 31L, 1L, 0L, 
    1L, 39L, 0L, 0L), dim = c(5L, 2L), dimnames = structure(list(
        c("-2", "-1", "0", "1", "2"), c("A", NA)), names = c("", 
    ""))), GM29_SNP1 = structure(c(6L, 917L, 5026L, 6L, 0L, 0L, 
    1L, 0L, 0L, 0L, 1L, 0L, 0L, 8L, 43L, 1L), dim = c(4L, 4L), dimnames = structure(list(
        c("-2", "-1", "0", "1"), c("A", "G", "T", NA)), names = c("", 
    ""))), IM16_SNP1 = structure(c(0L, 5L, 0L, 35L, 4901L, 55L, 
    1L, 77L, 5L), dim = c(3L, 3L), dimnames = structure(list(
        c("-1", "0", "1"), c("A", "G", NA)), names = c("", ""
    ))), IM49_SNP1 = structure(c(0L, 0L, 6L, 1L, 0L, 0L, 11L, 
    596L, 8129L, 266L, 7L, 1L, 1L, 16L, 502L, 29L, 1L, 0L), dim = c(6L, 
    3L), dimnames = structure(list(c("-2", "-1", "0", "1", "2", 
    "4"), c("C", "G", NA)), names = c("", ""))), LR10_SNP1 = structure(c(0L, 
    0L, 1L, 0L, 0L, 0L, 1L, 0L, 2L, 71L, 2607L, 22L, 0L, 164L, 
    2854L, 7L, 0L, 3L, 63L, 1L), dim = 4:5, dimnames = structure(list(
        c("-2", "-1", "0", "1"), c("-", "A", "C", "T", NA)), names = c("", 
    ""))), LR11_SNP1 = structure(c(13L, 429L, 6424L, 76L, 1L, 
    0L, 0L, 0L, 1L, 0L, 0L, 0L, 1L, 0L, 0L, 0L, 6L, 79L, 0L, 
    0L), dim = 5:4, dimnames = structure(list(c("-2", "-1", "0", 
    "1", "2"), c("A", "C", "T", NA)), names = c("", ""))), LR17_SNP1 = structure(c(8L, 
    402L, 2597L, 50L, 0L, 30L, 288L, 1L), dim = c(4L, 2L), dimnames = structure(list(
        c("-2", "-1", "0", "1"), c("A", NA)), names = c("", ""
    ))), LR20_SNP1 = structure(c(0L, 5L, 0L, 11L, 5800L, 7L, 
    0L, 66L, 2L), dim = c(3L, 3L), dimnames = structure(list(
        c("-1", "0", "1"), c("A", "G", NA)), names = c("", ""
    ))), LR24_SNP1 = structure(c(2L, 198L, 11305L, 19L, 0L, 0L, 
    36L, 6406L, 13L, 1L, 0L, 0L, 1L, 0L, 0L, 1L, 4L, 145L, 0L, 
    0L), dim = 5:4, dimnames = structure(list(c("-2", "-1", "0", 
    "1", "2"), c("A", "G", "N", NA)), names = c("", ""))), LR36_SNP1 = structure(c(0L, 
    0L, 0L, 0L, 1L, 0L, 0L, 1L, 1L, 3L, 168L, 2924L, 30L, 0L, 
    0L, 0L, 0L, 0L, 1L, 0L, 0L, 0L, 1L, 60L, 152L, 2165L, 25L, 
    1L, 0L, 0L, 0L, 8L, 182L, 0L, 0L), dim = c(7L, 5L), dimnames = structure(list(
        c("-4", "-3", "-2", "-1", "0", "1", "2"), c("-", "A", 
        "G", "T", NA)), names = c("", ""))), LR40_SNP1 = structure(c(0L, 
    1L, 146L, 0L, 1L, 167L, 3495L, 8L, 0L, 0L, 1L, 0L, 0L, 1L, 
    27L, 0L), dim = c(4L, 4L), dimnames = structure(list(c("-2", 
    "-1", "0", "1"), c("A", "C", "T", NA)), names = c("", ""))), 
    LR44_SNP1 = structure(c(1L, 3L, 246L, 3745L, 6610L, 102L, 
    2L, 0L, 0L, 0L, 1L, 0L, 0L, 0L, 0L, 0L, 0L, 0L, 0L, 0L, 0L, 
    0L, 0L, 0L, 8L, 144L, 1L, 0L, 0L, 0L, 4L, 56L, 240L, 5L, 
    0L), dim = c(7L, 5L), dimnames = structure(list(c("-4", "-3", 
    "-2", "-1", "0", "1", "2"), c("C", "G", "N", "T", NA)), names = c("", 
    ""))), LR46_SNP1 = structure(c(199L, 6006L, 15L, 0L, 2L, 
    0L, 0L, 1L, 0L, 1L, 52L, 0L), dim = 3:4, dimnames = structure(list(
        c("-1", "0", "1"), c("G", "N", "T", NA)), names = c("", 
    ""))), LR48_SNP1 = structure(c(4L, 200L, 2026L, 31L, 2L, 
    0L, 1L, 36L, 1107L, 1648L, 511L, 13L, 0L, 4L, 172L, 52L, 
    21L, 0L), dim = c(6L, 3L), dimnames = structure(list(c("-2", 
    "-1", "0", "1", "2", "3"), c("C", "T", NA)), names = c("", 
    ""))), LR49_SNP1 = structure(c(0L, 0L, 31L, 1L, 0L, 0L, 1L, 
    0L, 1L, 26L, 6878L, 1L, 0L, 0L, 73L, 0L), dim = c(4L, 4L), dimnames = structure(list(
        c("-2", "-1", "0", "1"), c("A", "C", "G", NA)), names = c("", 
    ""))), LR52_SNP1 = structure(c(0L, 0L, 0L, 1L, 0L, 0L, 8L, 
    270L, 1156L, 1207L, 317L, 2L, 0L, 0L, 0L, 0L, 0L, 0L, 0L, 
    0L, 0L, 13L, 32L, 2L, 0L, 6L, 218L, 614L, 128L, 4L), dim = 6:5, dimnames = structure(list(
        c("-3", "-2", "-1", "0", "1", "2"), c("A", "C", "G", 
        "T", NA)), names = c("", ""))))
