Result <-
list(DEPDC2_SNP1 = structure(c(0L, 0L, 6L, 0L, 0L, 0L, 20L, 0L, 
1L, 147L, 16478L, 136L, 0L, 2L, 221L, 4L), dim = c(4L, 4L), dimnames = structure(list(
    c("-3", "-1", "0", "1"), c("A", "C", "T", NA)), names = c("", 
""))), GM01_SNP1 = structure(c(0L, 0L, 1L, 0L, 0L, 1L, 63L, 4221L, 
15L, 1L, 1L, 354L, 5235L, 56L, 0L, 0L, 5L, 123L, 1L, 0L), dim = 5:4, dimnames = structure(list(
    c("-2", "-1", "0", "1", "2"), c("-", "A", "G", NA)), names = c("", 
""))), GM07_SNP1 = structure(c(0L, 0L, 0L, 7L, 0L, 0L, 1L, 62L, 
1678L, 5437L, 182L, 10L, 0L, 0L, 0L, 1L, 0L, 0L, 0L, 0L, 19L, 
159L, 2L, 0L), dim = c(6L, 4L), dimnames = structure(list(c("-4", 
"-2", "-1", "0", "1", "2"), c("A", "G", "T", NA)), names = c("", 
""))), GM09_SNP1 = structure(c(105L, 14606L, 14L, 0L, 27L, 0L, 
0L, 1L, 0L, 1L, 105L, 0L), dim = 3:4, dimnames = structure(list(
    c("-1", "0", "1"), c("A", "G", "T", NA)), names = c("", ""
))), GM11_SNP1 = structure(c(118L, 4018L, 17L, 0L, 1L, 0L, 0L, 
39L, 1L), dim = c(3L, 3L), dimnames = structure(list(c("-1", 
"0", "1"), c("A", "G", NA)), names = c("", ""))), GM14_SNP1 = structure(c(4L, 
18L, 1012L, 7448L, 79L, 0L, 0L, 1L, 1L, 0L, 0L, 0L, 1L, 10L, 
0L, 0L, 0L, 2L, 83L, 1L), dim = 5:4, dimnames = structure(list(
    c("-3", "-2", "-1", "0", "1"), c("C", "G", "T", NA)), names = c("", 
""))), GM17_SNP1 = structure(c(0L, 11L, 0L, 142L, 8146L, 33L, 
2L, 76L, 1L), dim = c(3L, 3L), dimnames = structure(list(c("-1", 
"0", "1"), c("C", "T", NA)), names = c("", ""))), GM22_SNP1 = structure(c(4L, 
134L, 6218L, 16L, 0L, 0L, 3L, 0L, 0L, 3L, 89L, 0L), dim = 4:3, dimnames = structure(list(
    c("-2", "-1", "0", "1"), c("A", "G", NA)), names = c("", 
""))), GM26_SNP1 = structure(c(1L, 41L, 3962L, 12L, 0L, 0L, 7L, 
0L, 0L, 2L, 65L, 0L), dim = 4:3, dimnames = structure(list(c("-2", 
"-1", "0", "1"), c("A", "G", NA)), names = c("", ""))), GM29_SNP1 = structure(c(1L, 
33L, 2751L, 9L, 2L, 102L, 2383L, 4L, 0L, 0L, 1L, 0L, 0L, 0L, 
72L, 1L), dim = c(4L, 4L), dimnames = structure(list(c("-2", 
"-1", "0", "1"), c("A", "G", "T", NA)), names = c("", ""))), 
    IM16_SNP1 = structure(c(0L, 0L, 10L, 0L, 0L, 6L, 477L, 6965L, 
    214L, 6L, 0L, 0L, 2L, 0L, 0L, 0L, 2L, 117L, 8L, 1L), dim = 5:4, dimnames = structure(list(
        c("-2", "-1", "0", "1", "2"), c("A", "G", "T", NA)), names = c("", 
    ""))), IM49_SNP1 = structure(c(0L, 0L, 0L, 15L, 1L, 0L, 0L, 
    0L, 0L, 10L, 1L, 0L, 1L, 37L, 1664L, 9008L, 175L, 5L, 0L, 
    0L, 29L, 372L, 8L, 0L), dim = c(6L, 4L), dimnames = structure(list(
        c("-4", "-2", "-1", "0", "1", "2"), c("A", "C", "G", 
        NA)), names = c("", ""))), LR10_SNP1 = structure(c(0L, 
    0L, 21L, 0L, 4L, 162L, 6038L, 27L, 0L, 1L, 59L, 1L), dim = 4:3, dimnames = structure(list(
        c("-2", "-1", "0", "1"), c("C", "T", NA)), names = c("", 
    ""))), LR11_SNP1 = structure(c(0L, 0L, 1L, 0L, 0L, 8L, 593L, 
    6758L, 47L, 1L, 0L, 0L, 11L, 0L, 0L, 0L, 0L, 2L, 0L, 0L, 
    0L, 3L, 69L, 0L, 0L), dim = c(5L, 5L), dimnames = structure(list(
        c("-2", "-1", "0", "1", "2"), c("-", "A", "C", "G", NA
        )), names = c("", ""))), LR17_SNP1 = structure(c(1L, 
    7L, 311L, 5343L, 84L, 1L, 0L, 0L, 1L, 3L, 0L, 0L, 0L, 0L, 
    13L, 310L, 1L, 0L), dim = c(6L, 3L), dimnames = structure(list(
        c("-3", "-2", "-1", "0", "1", "2"), c("A", "G", NA)), names = c("", 
    ""))), LR20_SNP1 = structure(c(0L, 6L, 0L, 11L, 5814L, 5L, 
    0L, 1L, 0L, 0L, 72L, 0L), dim = 3:4, dimnames = structure(list(
        c("-1", "0", "1"), c("A", "G", "T", NA)), names = c("", 
    ""))), LR24_SNP1 = structure(c(0L, 0L, 2L, 0L, 2L, 773L, 
    7703L, 15L, 1L, 132L, 7315L, 19L, 0L, 1L, 0L, 0L, 0L, 2L, 
    126L, 1L), dim = 4:5, dimnames = structure(list(c("-2", "-1", 
    "0", "1"), c("-", "A", "G", "T", NA)), names = c("", ""))), 
    LR36_SNP1 = structure(c(0L, 0L, 0L, 1L, 3L, 23L, 0L, 0L, 
    0L, 0L, 0L, 0L, 2L, 0L, 0L, 0L, 0L, 0L, 0L, 1L, 0L, 1L, 1L, 
    1L, 47L, 1504L, 7584L, 71L, 0L, 0L, 0L, 3L, 54L, 542L, 7L
    ), dim = c(7L, 5L), dimnames = structure(list(c("-5", "-4", 
    "-3", "-2", "-1", "0", "1"), c("A", "C", "G", "T", NA)), names = c("", 
    ""))), LR40_SNP1 = structure(c(0L, 1L, 0L, 61L, 4607L, 18L, 
    0L, 27L, 0L), dim = c(3L, 3L), dimnames = structure(list(
        c("-1", "0", "1"), c("A", "C", NA)), names = c("", ""
    ))), LR44_SNP1 = structure(c(0L, 0L, 0L, 7L, 0L, 0L, 0L, 
    1L, 7L, 12L, 0L, 0L, 3L, 81L, 778L, 5858L, 102L, 5L, 0L, 
    0L, 4L, 32L, 0L, 0L, 0L, 2L, 12L, 205L, 1L, 0L, 0L, 0L, 9L, 
    169L, 5L, 1L), dim = c(6L, 6L), dimnames = structure(list(
        c("-3", "-2", "-1", "0", "1", "2"), c("-", "A", "C", 
        "G", "T", NA)), names = c("", ""))), LR46_SNP1 = structure(c(0L, 
    1L, 0L, 312L, 2391L, 6L, 47L, 2492L, 8L, 1L, 57L, 0L), dim = 3:4, dimnames = structure(list(
        c("-1", "0", "1"), c("C", "G", "T", NA)), names = c("", 
    ""))), LR48_SNP1 = structure(c(5L, 259L, 5206L, 92L, 1L, 
    0L, 0L, 2L, 0L, 0L, 0L, 4L, 154L, 2L, 0L), dim = c(5L, 3L
    ), dimnames = structure(list(c("-2", "-1", "0", "1", "2"), 
        c("C", "T", NA)), names = c("", ""))), LR49_SNP1 = structure(c(1L, 
    487L, 3869L, 0L, 0L, 0L, 1L, 0L, 0L, 27L, 4433L, 4L, 0L, 
    0L, 1L, 0L, 0L, 7L, 114L, 0L), dim = 4:5, dimnames = structure(list(
        c("-2", "-1", "0", "1"), c("A", "C", "G", "T", NA)), names = c("", 
    ""))), LR52_SNP1 = structure(c(0L, 0L, 0L, 0L, 1L, 0L, 2L, 
    198L, 275L, 994L, 2842L, 22L, 0L, 0L, 1L, 0L, 3L, 0L, 0L, 
    0L, 7L, 57L, 660L, 5L), dim = c(6L, 4L), dimnames = structure(list(
        c("-4", "-3", "-2", "-1", "0", "1"), c("A", "C", "T", 
        NA)), names = c("", ""))))
