Result <-
list(DEPDC2_SNP1 = structure(c(0L, 0L, 4L, 0L, 1L, 86L, 10773L, 
44L, 0L, 0L, 1L, 0L, 0L, 1L, 32L, 0L, 0L, 3L, 288L, 3L), dim = 4:5, dimnames = structure(list(
    c("-2", "-1", "0", "1"), c("A", "C", "G", "T", NA)), names = c("", 
""))), GM01_SNP1 = structure(c(1L, 90L, 5077L, 20L, 1L, 0L, 0L, 
2L, 0L, 0L, 0L, 1L, 180L, 2L, 0L, 0L, 3L, 71L, 0L, 0L), dim = 5:4, dimnames = structure(list(
    c("-2", "-1", "0", "1", "2"), c("A", "C", "G", NA)), names = c("", 
""))), GM07_SNP1 = structure(c(2L, 77L, 1879L, 94L, 0L, 0L, 1L, 
131L, 2522L, 97L, 1L, 1L, 0L, 2L, 88L, 2L, 0L, 0L), dim = c(6L, 
3L), dimnames = structure(list(c("-2", "-1", "0", "1", "2", "3"
), c("A", "G", NA)), names = c("", ""))), GM09_SNP1 = structure(c(22L, 
4256L, 6L, 32L, 3900L, 6L, 0L, 1L, 0L, 2L, 86L, 0L), dim = 3:4, dimnames = structure(list(
    c("-1", "0", "1"), c("A", "G", "T", NA)), names = c("", ""
))), GM11_SNP1 = structure(c(0L, 1L, 0L, 14L, 3619L, 13L, 0L, 
29L, 0L, 0L, 29L, 0L), dim = 3:4, dimnames = structure(list(c("-1", 
"0", "1"), c("-", "A", "G", NA)), names = c("", ""))), GM14_SNP1 = structure(c(0L, 
0L, 0L, 2L, 0L, 0L, 1L, 4L, 93L, 2872L, 129L, 1L, 0L, 4L, 58L, 
2882L, 17L, 1L, 0L, 0L, 1L, 93L, 1L, 0L), dim = c(6L, 4L), dimnames = structure(list(
    c("-3", "-2", "-1", "0", "1", "2"), c("A", "C", "T", NA)), names = c("", 
""))), GM17_SNP1 = structure(c(1L, 78L, 6667L, 21L, 0L, 0L, 24L, 
0L, 0L, 1L, 57L, 0L), dim = 4:3, dimnames = structure(list(c("-2", 
"-1", "0", "1"), c("C", "T", NA)), names = c("", ""))), GM22_SNP1 = structure(c(2L, 
37L, 2647L, 12L, 1L, 1L, 47L, 2931L, 12L, 0L, 0L, 1L, 121L, 3L, 
0L), dim = c(5L, 3L), dimnames = structure(list(c("-2", "-1", 
"0", "1", "2"), c("A", "G", NA)), names = c("", ""))), GM26_SNP1 = structure(c(20L, 
2169L, 11L, 0L, 12L, 2556L, 12L, 1L, 0L, 1L, 0L, 0L, 2L, 87L, 
1L, 0L), dim = c(4L, 4L), dimnames = structure(list(c("-1", "0", 
"1", "2"), c("A", "G", "T", NA)), names = c("", ""))), GM29_SNP1 = structure(c(2L, 
1L, 55L, 3945L, 9L, 0L, 0L, 1L, 9L, 0L, 0L, 0L, 4L, 40L, 0L), dim = c(5L, 
3L), dimnames = structure(list(c("-3", "-2", "-1", "0", "1"), 
    c("A", "G", NA)), names = c("", ""))), IM16_SNP1 = structure(c(16L, 
2357L, 25L, 17L, 2726L, 32L, 0L, 1L, 0L, 0L, 93L, 2L), dim = 3:4, dimnames = structure(list(
    c("-1", "0", "1"), c("A", "G", "T", NA)), names = c("", ""
))), IM49_SNP1 = structure(c(1L, 259L, 6914L, 162L, 4L, 0L, 1L, 
18L, 1L, 0L, 0L, 0L, 1L, 1L, 0L, 0L, 1L, 144L, 4L, 0L), dim = 5:4, dimnames = structure(list(
    c("-2", "-1", "0", "1", "2"), c("C", "G", "T", NA)), names = c("", 
""))), LR10_SNP1 = structure(c(1L, 43L, 1978L, 13L, 0L, 39L, 
2544L, 18L, 0L, 0L, 54L, 2L), dim = 4:3, dimnames = structure(list(
    c("-2", "-1", "0", "1"), c("C", "T", NA)), names = c("", 
""))), LR11_SNP1 = structure(c(1L, 4L, 198L, 6938L, 55L, 2L, 
0L, 0L, 0L, 13L, 0L, 0L, 0L, 1L, 1L, 100L, 1L, 0L), dim = c(6L, 
3L), dimnames = structure(list(c("-3", "-2", "-1", "0", "1", 
"2"), c("A", "C", NA)), names = c("", ""))), LR17_SNP1 = structure(c(1L, 
3L, 114L, 3177L, 39L, 1L, 0L, 0L, 0L, 2L, 0L, 0L, 0L, 0L, 5L, 
202L, 1L, 0L), dim = c(6L, 3L), dimnames = structure(list(c("-3", 
"-2", "-1", "0", "1", "2"), c("A", "G", NA)), names = c("", ""
))), LR20_SNP1 = structure(c(4L, 2078L, 4L, 2L, 1601L, 4L, 0L, 
2L, 0L, 0L, 27L, 0L), dim = 3:4, dimnames = structure(list(c("-1", 
"0", "1"), c("A", "G", "T", NA)), names = c("", ""))), LR24_SNP1 = structure(c(3L, 
85L, 13330L, 22L, 0L, 1L, 24L, 0L, 0L, 0L, 1L, 0L, 0L, 1L, 127L, 
0L), dim = c(4L, 4L), dimnames = structure(list(c("-2", "-1", 
"0", "1"), c("A", "G", "T", NA)), names = c("", ""))), LR36_SNP1 = structure(c(0L, 
0L, 0L, 22L, 0L, 0L, 0L, 0L, 2L, 0L, 2L, 9L, 350L, 5741L, 64L, 
0L, 0L, 12L, 397L, 7L), dim = 5:4, dimnames = structure(list(
    c("-3", "-2", "-1", "0", "1"), c("A", "G", "T", NA)), names = c("", 
""))), LR40_SNP1 = structure(c(0L, 10L, 0L, 0L, 32L, 3665L, 13L, 
0L, 0L, 1L, 0L, 0L, 0L, 27L, 0L, 1L), dim = c(4L, 4L), dimnames = structure(list(
    c("-1", "0", "1", "2"), c("A", "C", "T", NA)), names = c("", 
""))), LR44_SNP1 = structure(c(0L, 0L, 0L, 1L, 0L, 0L, 3L, 22L, 
516L, 7481L, 112L, 1L, 0L, 1L, 4L, 240L, 3L, 0L, 0L, 0L, 15L, 
222L, 1L, 0L), dim = c(6L, 4L), dimnames = structure(list(c("-3", 
"-2", "-1", "0", "1", "2"), c("A", "C", "T", NA)), names = c("", 
""))), LR46_SNP1 = structure(c(0L, 15L, 2819L, 12L, 1L, 8L, 2133L, 
4L, 0L, 0L, 44L, 0L), dim = 4:3, dimnames = structure(list(c("-2", 
"-1", "0", "1"), c("G", "T", NA)), names = c("", ""))), LR48_SNP1 = structure(c(0L, 
39L, 1717L, 26L, 3L, 75L, 1705L, 27L, 0L, 1L, 84L, 2L), dim = 4:3, dimnames = structure(list(
    c("-2", "-1", "0", "1"), c("C", "T", NA)), names = c("", 
""))), LR49_SNP1 = structure(c(4L, 3395L, 1L, 9L, 3499L, 0L, 
0L, 2L, 0L, 0L, 103L, 0L), dim = 3:4, dimnames = structure(list(
    c("-1", "0", "1"), c("A", "G", "T", NA)), names = c("", ""
))), LR52_SNP1 = structure(c(10L, 176L, 1632L, 20L, 0L, 19L, 
295L, 2921L, 32L, 1L, 0L, 21L, 500L, 3L, 0L), dim = c(5L, 3L), dimnames = structure(list(
    c("-2", "-1", "0", "1", "2"), c("C", "T", NA)), names = c("", 
""))))
