Result <-
list(DEPDC2_SNP1 = structure(c(0L, 0L, 0L, 3L, 0L, 0L, 0L, 0L, 
0L, 12L, 0L, 0L, 1L, 1L, 221L, 28358L, 115L, 2L, 0L, 0L, 2L, 
346L, 2L, 0L), dim = c(6L, 4L), dimnames = structure(list(c("-3", 
"-2", "-1", "0", "1", "2"), c("A", "C", "T", NA)), names = c("", 
""))), GM01_SNP1 = structure(c(3L, 183L, 12829L, 55L, 1L, 0L, 
0L, 2L, 0L, 0L, 0L, 0L, 12L, 0L, 0L, 0L, 0L, 1L, 0L, 0L, 0L, 
2L, 162L, 0L, 0L), dim = c(5L, 5L), dimnames = structure(list(
    c("-2", "-1", "0", "1", "2"), c("A", "C", "G", "T", NA)), names = c("", 
""))), GM07_SNP1 = structure(c(0L, 0L, 8L, 0L, 0L, 5L, 507L, 
8242L, 176L, 3L, 0L, 0L, 1L, 0L, 0L, 0L, 0L, 1L, 0L, 0L, 0L, 
7L, 234L, 10L, 0L), dim = c(5L, 5L), dimnames = structure(list(
    c("-2", "-1", "0", "1", "2"), c("A", "G", "N", "T", NA)), names = c("", 
""))), GM09_SNP1 = structure(c(123L, 22866L, 27L, 2L, 38L, 0L, 
0L, 5L, 0L, 2L, 179L, 0L), dim = 3:4, dimnames = structure(list(
    c("-1", "0", "1"), c("A", "G", "T", NA)), names = c("", ""
))), GM11_SNP1 = structure(c(0L, 15L, 3133L, 44L, 1L, 196L, 3489L, 
6L, 0L, 1L, 75L, 0L), dim = 4:3, dimnames = structure(list(c("-2", 
"-1", "0", "1"), c("A", "G", NA)), names = c("", ""))), GM14_SNP1 = structure(c(0L, 
0L, 0L, 1L, 0L, 2L, 7L, 329L, 5225L, 39L, 0L, 7L, 247L, 5508L, 
24L, 0L, 0L, 3L, 188L, 1L), dim = 5:4, dimnames = structure(list(
    c("-3", "-2", "-1", "0", "1"), c("A", "C", "T", NA)), names = c("", 
""))), GM17_SNP1 = structure(c(0L, 0L, 0L, 1L, 0L, 1L, 1L, 174L, 
12661L, 36L, 0L, 0L, 1L, 16L, 0L, 0L, 0L, 5L, 103L, 0L), dim = 5:4, dimnames = structure(list(
    c("-3", "-2", "-1", "0", "1"), c("A", "C", "T", NA)), names = c("", 
""))), GM22_SNP1 = structure(c(1L, 61L, 5269L, 15L, 1L, 106L, 
3766L, 13L, 0L, 1L, 146L, 4L), dim = 4:3, dimnames = structure(list(
    c("-2", "-1", "0", "1"), c("A", "G", NA)), names = c("", 
""))), GM26_SNP1 = structure(c(2L, 56L, 6901L, 23L, 0L, 0L, 5L, 
0L, 0L, 2L, 63L, 0L), dim = 4:3, dimnames = structure(list(c("-2", 
"-1", "0", "1"), c("A", "G", NA)), names = c("", ""))), GM29_SNP1 = structure(c(1L, 
84L, 6854L, 26L, 1L, 0L, 0L, 1L, 0L, 0L, 0L, 1L, 54L, 0L, 0L), dim = c(5L, 
3L), dimnames = structure(list(c("-2", "-1", "0", "1", "2"), 
    c("A", "G", NA)), names = c("", ""))), IM16_SNP1 = structure(c(40L, 
4870L, 83L, 2L, 54L, 4678L, 48L, 0L, 2L, 128L, 6L, 0L), dim = 4:3, dimnames = structure(list(
    c("-1", "0", "1", "2"), c("A", "G", NA)), names = c("", ""
))), IM49_SNP1 = structure(c(0L, 0L, 0L, 12L, 0L, 0L, 1L, 157L, 
351L, 10008L, 192L, 4L, 0L, 1L, 12L, 542L, 10L, 1L), dim = c(6L, 
3L), dimnames = structure(list(c("-3", "-2", "-1", "0", "1", 
"2"), c("C", "G", NA)), names = c("", ""))), LR10_SNP1 = structure(c(3L, 
488L, 8780L, 60L, 0L, 0L, 17L, 0L, 0L, 2L, 98L, 1L), dim = 4:3, dimnames = structure(list(
    c("-2", "-1", "0", "1"), c("C", "T", NA)), names = c("", 
""))), LR11_SNP1 = structure(c(0L, 0L, 10L, 0L, 0L, 8L, 769L, 
6775L, 73L, 2L, 0L, 0L, 3L, 0L, 0L, 0L, 10L, 256L, 1L, 0L), dim = 5:4, dimnames = structure(list(
    c("-2", "-1", "0", "1", "2"), c("A", "C", "T", NA)), names = c("", 
""))), LR17_SNP1 = structure(c(18L, 426L, 6715L, 96L, 0L, 1L, 
9L, 0L, 0L, 31L, 562L, 4L), dim = 4:3, dimnames = structure(list(
    c("-2", "-1", "0", "1"), c("A", "G", NA)), names = c("", 
""))), LR20_SNP1 = structure(c(10L, 4296L, 8L, 2L, 4799L, 7L, 
1L, 60L, 0L), dim = c(3L, 3L), dimnames = structure(list(c("-1", 
"0", "1"), c("A", "G", NA)), names = c("", ""))), LR24_SNP1 = structure(c(2L, 
4L, 125L, 20940L, 95L, 2L, 0L, 0L, 0L, 19L, 0L, 0L, 0L, 0L, 0L, 
2L, 0L, 0L, 0L, 0L, 1L, 168L, 3L, 0L), dim = c(6L, 4L), dimnames = structure(list(
    c("-3", "-2", "-1", "0", "1", "2"), c("A", "G", "T", NA)), names = c("", 
""))), LR36_SNP1 = structure(c(0L, 0L, 0L, 2L, 28L, 0L, 0L, 0L, 
0L, 0L, 2L, 0L, 0L, 0L, 0L, 0L, 1L, 0L, 0L, 0L, 0L, 0L, 1L, 1L, 
1L, 1L, 12L, 261L, 11822L, 101L, 0L, 0L, 1L, 7L, 698L, 6L), dim = c(6L, 
6L), dimnames = structure(list(c("-4", "-3", "-2", "-1", "0", 
"1"), c("A", "C", "G", "N", "T", NA)), names = c("", ""))), LR40_SNP1 = structure(c(0L, 
0L, 1L, 0L, 1L, 77L, 7098L, 20L, 0L, 0L, 2L, 0L, 0L, 0L, 54L, 
0L), dim = c(4L, 4L), dimnames = structure(list(c("-2", "-1", 
"0", "1"), c("A", "C", "G", NA)), names = c("", ""))), LR44_SNP1 = structure(c(0L, 
0L, 0L, 0L, 1L, 0L, 0L, 1L, 5L, 47L, 1154L, 10465L, 136L, 4L, 
0L, 0L, 0L, 0L, 1L, 0L, 0L, 0L, 0L, 0L, 0L, 2L, 0L, 0L, 0L, 0L, 
0L, 33L, 124L, 0L, 0L, 0L, 0L, 0L, 17L, 402L, 7L, 0L), dim = 7:6, dimnames = structure(list(
    c("-4", "-3", "-2", "-1", "0", "1", "2"), c("A", "C", "G", 
    "N", "T", NA)), names = c("", ""))), LR46_SNP1 = structure(c(0L, 
1L, 0L, 0L, 1L, 0L, 69L, 7092L, 19L, 0L, 3L, 0L, 0L, 86L, 0L), dim = c(3L, 
5L), dimnames = structure(list(c("-1", "0", "1"), c("A", "C", 
"G", "T", NA)), names = c("", ""))), LR48_SNP1 = structure(c(0L, 
0L, 0L, 0L, 2L, 0L, 0L, 1L, 4L, 316L, 3501L, 48L, 1L, 0L, 3L, 
125L, 4092L, 50L, 0L, 0L, 0L, 5L, 263L, 2L), dim = c(6L, 4L), dimnames = structure(list(
    c("-4", "-3", "-2", "-1", "0", "1"), c("A", "C", "T", NA)), names = c("", 
""))), LR49_SNP1 = structure(c(1L, 11L, 4938L, 3L, 0L, 11L, 4934L, 
1L, 0L, 0L, 1L, 0L, 0L, 0L, 121L, 0L), dim = c(4L, 4L), dimnames = structure(list(
    c("-2", "-1", "0", "1"), c("A", "G", "T", NA)), names = c("", 
""))), LR52_SNP1 = structure(c(1L, 9L, 138L, 1467L, 3601L, 23L, 
1L, 0L, 0L, 0L, 1L, 23L, 0L, 0L, 0L, 0L, 4L, 191L, 1665L, 6L, 
0L), dim = c(7L, 3L), dimnames = structure(list(c("-4", "-3", 
"-2", "-1", "0", "1", "2"), c("C", "T", NA)), names = c("", ""
))))
