Result <-
list(DEPDC2_SNP1 = structure(c(0L, 0L, 1L, 0L, 0L, 1L, 25L, 0L, 
1L, 110L, 16836L, 62L, 0L, 2L, 239L, 0L), dim = c(4L, 4L), dimnames = structure(list(
    c("-4", "-1", "0", "1"), c("A", "C", "T", NA)), names = c("", 
""))), GM01_SNP1 = structure(c(0L, 0L, 1L, 0L, 1L, 52L, 4127L, 
20L, 1L, 46L, 3636L, 19L, 0L, 1L, 0L, 0L, 0L, 4L, 102L, 0L), dim = 4:5, dimnames = structure(list(
    c("-2", "-1", "0", "1"), c("-", "A", "G", "T", NA)), names = c("", 
""))), GM07_SNP1 = structure(c(3L, 187L, 3835L, 82L, 1L, 5L, 
163L, 2981L, 75L, 0L, 0L, 0L, 1L, 0L, 0L, 0L, 4L, 111L, 4L, 0L
), dim = 5:4, dimnames = structure(list(c("-2", "-1", "0", "1", 
"2"), c("A", "G", "T", NA)), names = c("", ""))), GM09_SNP1 = structure(c(73L, 
13301L, 12L, 1L, 2L, 34L, 0L, 0L, 0L, 2L, 0L, 0L, 3L, 108L, 0L, 
0L), dim = c(4L, 4L), dimnames = structure(list(c("-1", "0", 
"1", "2"), c("A", "G", "T", NA)), names = c("", ""))), GM11_SNP1 = structure(c(59L, 
2159L, 17L, 0L, 16L, 2732L, 18L, 1L, 1L, 36L, 0L, 0L), dim = 4:3, dimnames = structure(list(
    c("-1", "0", "1", "2"), c("A", "G", NA)), names = c("", ""
))), GM14_SNP1 = structure(c(0L, 0L, 2L, 0L, 0L, 8L, 312L, 8365L, 
98L, 5L, 0L, 0L, 11L, 0L, 0L, 0L, 0L, 91L, 1L, 0L), dim = 5:4, dimnames = structure(list(
    c("-2", "-1", "0", "1", "2"), c("A", "C", "T", NA)), names = c("", 
""))), GM17_SNP1 = structure(c(1L, 47L, 5017L, 7L, 0L, 0L, 1L, 
0L, 1L, 39L, 4210L, 10L, 0L, 0L, 83L, 0L), dim = c(4L, 4L), dimnames = structure(list(
    c("-2", "-1", "0", "1"), c("C", "G", "T", NA)), names = c("", 
""))), GM22_SNP1 = structure(c(1L, 50L, 3847L, 13L, 3L, 44L, 
2998L, 11L, 0L, 0L, 2L, 0L, 0L, 3L, 149L, 4L), dim = c(4L, 4L
), dimnames = structure(list(c("-2", "-1", "0", "1"), c("A", 
"G", "T", NA)), names = c("", ""))), GM26_SNP1 = structure(c(0L, 
0L, 2L, 14L, 0L, 1L, 3L, 18L, 4762L, 23L, 0L, 0L, 1L, 94L, 0L
), dim = c(5L, 3L), dimnames = structure(list(c("-3", "-2", "-1", 
"0", "1"), c("A", "G", NA)), names = c("", ""))), GM29_SNP1 = structure(c(2L, 
61L, 5506L, 16L, 0L, 1L, 5L, 0L, 0L, 0L, 1L, 0L, 0L, 0L, 76L, 
1L), dim = c(4L, 4L), dimnames = structure(list(c("-2", "-1", 
"0", "1"), c("A", "G", "T", NA)), names = c("", ""))), IM16_SNP1 = structure(c(1L, 
2L, 42L, 3936L, 50L, 0L, 0L, 1L, 41L, 4383L, 72L, 1L, 0L, 0L, 
0L, 2L, 0L, 0L, 0L, 0L, 0L, 120L, 3L, 0L), dim = c(6L, 4L), dimnames = structure(list(
    c("-3", "-2", "-1", "0", "1", "2"), c("A", "G", "T", NA)), names = c("", 
""))), IM49_SNP1 = structure(c(3L, 159L, 5382L, 105L, 3L, 5L, 
146L, 5000L, 90L, 3L, 0L, 0L, 1L, 0L, 0L, 0L, 5L, 313L, 7L, 0L
), dim = 5:4, dimnames = structure(list(c("-2", "-1", "0", "1", 
"2"), c("C", "G", "T", NA)), names = c("", ""))), LR10_SNP1 = structure(c(0L, 
43L, 2445L, 13L, 2L, 51L, 3302L, 14L, 0L, 1L, 66L, 0L), dim = 4:3, dimnames = structure(list(
    c("-2", "-1", "0", "1"), c("C", "T", NA)), names = c("", 
""))), LR11_SNP1 = structure(c(5L, 159L, 7520L, 70L, 2L, 0L, 
0L, 11L, 0L, 0L, 0L, 0L, 2L, 0L, 0L, 0L, 0L, 1L, 0L, 0L, 1L, 
3L, 87L, 0L, 0L), dim = c(5L, 5L), dimnames = structure(list(
    c("-2", "-1", "0", "1", "2"), c("A", "C", "G", "T", NA)), names = c("", 
""))), LR17_SNP1 = structure(c(7L, 246L, 5557L, 77L, 2L, 0L, 
0L, 4L, 0L, 0L, 0L, 12L, 311L, 7L, 0L), dim = c(5L, 3L), dimnames = structure(list(
    c("-2", "-1", "0", "1", "2"), c("A", "G", NA)), names = c("", 
""))), LR20_SNP1 = structure(c(6L, 2919L, 5L, 1L, 3500L, 4L, 
0L, 54L, 0L), dim = c(3L, 3L), dimnames = structure(list(c("-1", 
"0", "1"), c("A", "G", NA)), names = c("", ""))), LR24_SNP1 = structure(c(3L, 
78L, 17739L, 54L, 0L, 0L, 23L, 0L, 0L, 0L, 2L, 0L, 1L, 0L, 149L, 
1L), dim = c(4L, 4L), dimnames = structure(list(c("-2", "-1", 
"0", "1"), c("A", "G", "T", NA)), names = c("", ""))), LR36_SNP1 = structure(c(2L, 
1L, 18L, 89L, 4739L, 38L, 0L, 0L, 0L, 0L, 1L, 0L, 2L, 0L, 10L, 
94L, 4822L, 28L, 0L, 0L, 0L, 7L, 446L, 8L), dim = c(6L, 4L), dimnames = structure(list(
    c("-4", "-3", "-2", "-1", "0", "1"), c("A", "G", "T", NA)), names = c("", 
""))), LR40_SNP1 = structure(c(0L, 0L, 1L, 0L, 2L, 81L, 7261L, 
31L, 0L, 1L, 0L, 0L, 0L, 0L, 48L, 0L), dim = c(4L, 4L), dimnames = structure(list(
    c("-2", "-1", "0", "1"), c("A", "C", "T", NA)), names = c("", 
""))), LR44_SNP1 = structure(c(0L, 0L, 1L, 0L, 0L, 0L, 14L, 370L, 
5147L, 72L, 1L, 16L, 5L, 221L, 2540L, 51L, 0L, 0L, 2L, 10L, 206L, 
3L, 0L, 0L), dim = c(6L, 4L), dimnames = structure(list(c("-2", 
"-1", "0", "1", "8", "9"), c("A", "C", "T", NA)), names = c("", 
""))), LR46_SNP1 = structure(c(0L, 1L, 0L, 12L, 5734L, 17L, 0L, 
7L, 0L, 0L, 45L, 1L), dim = 3:4, dimnames = structure(list(c("-1", 
"0", "1"), c("A", "G", "T", NA)), names = c("", ""))), LR48_SNP1 = structure(c(1L, 
1L, 76L, 2324L, 25L, 1L, 0L, 3L, 78L, 2563L, 41L, 0L, 0L, 0L, 
6L, 128L, 1L, 0L), dim = c(6L, 3L), dimnames = structure(list(
    c("-3", "-2", "-1", "0", "1", "2"), c("C", "T", NA)), names = c("", 
""))), LR49_SNP1 = structure(c(0L, 22L, 0L, 51L, 8898L, 7L, 0L, 
4L, 0L, 0L, 48L, 0L), dim = 3:4, dimnames = structure(list(c("-1", 
"0", "1"), c("A", "G", "T", NA)), names = c("", ""))), LR52_SNP1 = structure(c(0L, 
0L, 0L, 1L, 0L, 0L, 1L, 21L, 390L, 3835L, 41L, 3L, 0L, 1L, 2L, 
26L, 0L, 0L, 0L, 0L, 28L, 799L, 5L, 0L), dim = c(6L, 4L), dimnames = structure(list(
    c("-3", "-2", "-1", "0", "1", "2"), c("A", "C", "T", NA)), names = c("", 
""))))
