Result <-
list(DEPDC2_SNP1 = structure(c(0L, 0L, 1L, 0L, 0L, 0L, 64L, 8969L, 
69L, 0L, 1L, 41L, 7071L, 1772L, 7L, 0L, 0L, 306L, 16L, 0L), dim = 5:4, dimnames = structure(list(
    c("-3", "-1", "0", "1", "2"), c("A", "C", "T", NA)), names = c("", 
""))), GM01_SNP1 = structure(c(2L, 56L, 4266L, 15L, 0L, 70L, 
4834L, 14L, 0L, 4L, 124L, 1L), dim = 4:3, dimnames = structure(list(
    c("-2", "-1", "0", "1"), c("A", "G", NA)), names = c("", 
""))), GM07_SNP1 = structure(c(2L, 50L, 1712L, 1785L, 52L, 0L, 
0L, 3L, 264L, 2586L, 134L, 3L, 0L, 1L, 21L, 100L, 4L, 0L), dim = c(6L, 
3L), dimnames = structure(list(c("-3", "-2", "-1", "0", "1", 
"2"), c("A", "G", NA)), names = c("", ""))), GM09_SNP1 = structure(c(0L, 
0L, 17L, 0L, 1L, 109L, 18898L, 22L, 0L, 0L, 4L, 0L, 0L, 2L, 188L, 
0L), dim = c(4L, 4L), dimnames = structure(list(c("-2", "-1", 
"0", "1"), c("A", "G", "T", NA)), names = c("", ""))), GM11_SNP1 = structure(c(2L, 
18L, 4916L, 16L, 1L, 0L, 0L, 6L, 1L, 0L, 0L, 0L, 1L, 0L, 0L, 
0L, 0L, 61L, 1L, 0L), dim = 5:4, dimnames = structure(list(c("-2", 
"-1", "0", "1", "2"), c("A", "G", "T", NA)), names = c("", ""
))), GM14_SNP1 = structure(c(0L, 0L, 0L, 3L, 0L, 0L, 4L, 102L, 
2382L, 9519L, 62L, 2L, 0L, 0L, 0L, 7L, 0L, 0L, 0L, 0L, 3L, 157L, 
2L, 0L), dim = c(6L, 4L), dimnames = structure(list(c("-3", "-2", 
"-1", "0", "1", "2"), c("A", "C", "T", NA)), names = c("", ""
))), GM17_SNP1 = structure(c(0L, 0L, 1L, 0L, 0L, 37L, 4784L, 
15L, 1L, 80L, 5136L, 21L, 0L, 0L, 75L, 0L), dim = c(4L, 4L), dimnames = structure(list(
    c("-2", "-1", "0", "1"), c("A", "C", "T", NA)), names = c("", 
""))), GM22_SNP1 = structure(c(1L, 6L, 126L, 9627L, 36L, 1L, 
0L, 0L, 0L, 3L, 0L, 0L, 0L, 0L, 5L, 126L, 0L, 0L), dim = c(6L, 
3L), dimnames = structure(list(c("-3", "-2", "-1", "0", "1", 
"2"), c("A", "G", NA)), names = c("", ""))), GM26_SNP1 = structure(c(1L, 
0L, 54L, 2317L, 6L, 0L, 1L, 16L, 3041L, 12L, 0L, 0L, 2L, 91L, 
0L), dim = c(5L, 3L), dimnames = structure(list(c("-3", "-2", 
"-1", "0", "1"), c("A", "G", NA)), names = c("", ""))), GM29_SNP1 = structure(c(1L, 
10L, 1163L, 1860L, 2L, 0L, 0L, 42L, 2971L, 2L, 0L, 0L, 1L, 0L, 
0L, 0L, 0L, 2L, 49L, 0L), dim = 5:4, dimnames = structure(list(
    c("-3", "-2", "-1", "0", "1"), c("A", "G", "T", NA)), names = c("", 
""))), IM16_SNP1 = structure(c(4L, 1304L, 6107L, 80L, 1L, 0L, 
0L, 33L, 2L, 0L, 0L, 0L, 3L, 0L, 0L, 1L, 12L, 82L, 2L, 0L), dim = 5:4, dimnames = structure(list(
    c("-2", "-1", "0", "1", "2"), c("A", "G", "T", NA)), names = c("", 
""))), IM49_SNP1 = structure(c(0L, 1L, 8L, 0L, 0L, 88L, 2082L, 
7407L, 198L, 2L, 1L, 38L, 377L, 22L, 0L), dim = c(5L, 3L), dimnames = structure(list(
    c("-2", "-1", "0", "1", "2"), c("C", "G", NA)), names = c("", 
""))), LR10_SNP1 = structure(c(0L, 0L, 6L, 0L, 3L, 143L, 7484L, 
22L, 0L, 3L, 99L, 4L), dim = 4:3, dimnames = structure(list(c("-2", 
"-1", "0", "1"), c("C", "T", NA)), names = c("", ""))), LR11_SNP1 = structure(c(0L, 
0L, 3L, 0L, 0L, 10L, 548L, 6089L, 43L, 2L, 0L, 0L, 2L, 0L, 0L, 
0L, 11L, 294L, 4L, 0L), dim = 5:4, dimnames = structure(list(
    c("-2", "-1", "0", "1", "2"), c("A", "C", "T", NA)), names = c("", 
""))), LR17_SNP1 = structure(c(1L, 1L, 271L, 5525L, 61L, 0L, 
0L, 0L, 0L, 3L, 0L, 0L, 0L, 0L, 18L, 464L, 0L, 1L), dim = c(6L, 
3L), dimnames = structure(list(c("-3", "-2", "-1", "0", "1", 
"2"), c("A", "G", NA)), names = c("", ""))), LR20_SNP1 = structure(c(0L, 
4L, 0L, 10L, 7675L, 14L, 0L, 8L, 0L, 0L, 1L, 0L, 2L, 29L, 0L), dim = c(3L, 
5L), dimnames = structure(list(c("-1", "0", "1"), c("-", "A", 
"G", "T", NA)), names = c("", ""))), LR24_SNP1 = structure(c(1L, 
7L, 3739L, 22025L, 39L, 0L, 0L, 0L, 16L, 0L, 0L, 0L, 0L, 1L, 
0L, 0L, 0L, 0L, 2L, 0L, 0L, 0L, 19L, 162L, 2L), dim = c(5L, 5L
), dimnames = structure(list(c("-3", "-2", "-1", "0", "1"), c("A", 
"G", "N", "T", NA)), names = c("", ""))), LR36_SNP1 = structure(c(0L, 
0L, 0L, 0L, 1L, 0L, 0L, 0L, 0L, 1L, 2L, 7L, 136L, 4158L, 36L, 
1L, 0L, 0L, 0L, 0L, 0L, 0L, 1L, 0L, 0L, 0L, 0L, 0L, 0L, 0L, 1L, 
1L, 0L, 0L, 0L, 0L, 0L, 3L, 61L, 640L, 3495L, 28L, 1L, 2L, 17L, 
0L, 0L, 3L, 17L, 275L, 3L, 0L, 0L, 2L), dim = c(9L, 6L), dimnames = structure(list(
    c("-4", "-3", "-2", "-1", "0", "1", "2", "5", "6"), c("-", 
    "A", "C", "G", "T", NA)), names = c("", ""))), LR40_SNP1 = structure(c(0L, 
2L, 0L, 67L, 5012L, 20L, 1L, 31L, 0L), dim = c(3L, 3L), dimnames = structure(list(
    c("-1", "0", "1"), c("A", "C", NA)), names = c("", ""))), 
    LR44_SNP1 = structure(c(1L, 30L, 967L, 8980L, 150L, 3L, 0L, 
    0L, 0L, 2L, 0L, 0L, 0L, 0L, 3L, 73L, 0L, 0L, 0L, 2L, 15L, 
    323L, 8L, 0L), dim = c(6L, 4L), dimnames = structure(list(
        c("-3", "-2", "-1", "0", "1", "2"), c("C", "N", "T", 
        NA)), names = c("", ""))), LR46_SNP1 = structure(c(1L, 
    20L, 6530L, 16L, 0L, 0L, 2L, 0L, 0L, 0L, 82L, 0L), dim = 4:3, dimnames = structure(list(
        c("-2", "-1", "0", "1"), c("G", "T", NA)), names = c("", 
    ""))), LR48_SNP1 = structure(c(0L, 0L, 1L, 0L, 0L, 73L, 237L, 
    3215L, 35L, 0L, 17L, 1052L, 2733L, 36L, 0L, 1L, 10L, 230L, 
    4L, 1L), dim = 5:4, dimnames = structure(list(c("-2", "-1", 
    "0", "1", "2"), c("A", "C", "T", NA)), names = c("", ""))), 
    LR49_SNP1 = structure(c(0L, 0L, 1L, 0L, 2L, 2033L, 3803L, 
    4L, 0L, 12L, 5185L, 5L, 0L, 0L, 2L, 0L, 0L, 26L, 115L, 0L
    ), dim = 4:5, dimnames = structure(list(c("-2", "-1", "0", 
    "1"), c("-", "A", "G", "T", NA)), names = c("", ""))), LR52_SNP1 = structure(c(0L, 
    0L, 0L, 0L, 3L, 0L, 18L, 692L, 45L, 498L, 3882L, 29L, 0L, 
    3L, 1L, 25L, 302L, 3L), dim = c(6L, 3L), dimnames = structure(list(
        c("-4", "-3", "-2", "-1", "0", "1"), c("C", "T", NA)), names = c("", 
    ""))))
