Result <-
list(DEPDC2_SNP1 = structure(c(0L, 0L, 4L, 0L, 0L, 40L, 8126L, 
27L, 1L, 169L, 8543L, 26L, 0L, 2L, 229L, 1L), dim = c(4L, 4L), dimnames = structure(list(
    c("-2", "-1", "0", "1"), c("A", "C", "T", NA)), names = c("", 
""))), GM01_SNP1 = structure(c(0L, 1L, 0L, 0L, 131L, 9775L, 32L, 
1L, 0L, 18L, 0L, 0L, 0L, 1L, 0L, 0L, 7L, 138L, 0L, 0L), dim = 4:5, dimnames = structure(list(
    c("-1", "0", "1", "2"), c("-", "A", "G", "T", NA)), names = c("", 
""))), GM07_SNP1 = structure(c(0L, 0L, 1L, 0L, 2L, 188L, 3399L, 
58L, 4L, 150L, 3076L, 125L, 0L, 0L, 1L, 0L, 0L, 0L, 3L, 0L, 0L, 
7L, 174L, 6L), dim = c(4L, 6L), dimnames = structure(list(c("-2", 
"-1", "0", "1"), c("-", "A", "G", "N", "T", NA)), names = c("", 
""))), GM09_SNP1 = structure(c(41L, 8909L, 15L, 44L, 7365L, 10L, 
0L, 2L, 0L, 0L, 165L, 0L), dim = 3:4, dimnames = structure(list(
    c("-1", "0", "1"), c("A", "G", "T", NA)), names = c("", ""
))), GM11_SNP1 = structure(c(13L, 4249L, 13L, 0L, 5L, 0L, 0L, 
53L, 1L), dim = c(3L, 3L), dimnames = structure(list(c("-1", 
"0", "1"), c("A", "G", NA)), names = c("", ""))), GM14_SNP1 = structure(c(0L, 
0L, 0L, 5L, 0L, 0L, 0L, 4L, 149L, 4613L, 29L, 0L, 1L, 3L, 105L, 
4468L, 25L, 1L, 0L, 0L, 0L, 144L, 2L, 0L), dim = c(6L, 4L), dimnames = structure(list(
    c("-4", "-2", "-1", "0", "1", "2"), c("A", "C", "T", NA)), names = c("", 
""))), GM17_SNP1 = structure(c(0L, 0L, 2L, 0L, 0L, 54L, 4622L, 
17L, 2L, 73L, 5202L, 42L, 0L, 3L, 74L, 1L), dim = c(4L, 4L), dimnames = structure(list(
    c("-2", "-1", "0", "1"), c("A", "C", "T", NA)), names = c("", 
""))), GM22_SNP1 = structure(c(8L, 206L, 8793L, 34L, 0L, 0L, 
0L, 1L, 0L, 0L, 0L, 0L, 1L, 0L, 0L, 1L, 2L, 102L, 0L, 1L), dim = 5:4, dimnames = structure(list(
    c("-2", "-1", "0", "1", "2"), c("A", "G", "T", NA)), names = c("", 
""))), GM26_SNP1 = structure(c(2L, 18L, 2231L, 7L, 0L, 21L, 2894L, 
11L, 0L, 1L, 84L, 0L), dim = 4:3, dimnames = structure(list(c("-2", 
"-1", "0", "1"), c("A", "G", NA)), names = c("", ""))), GM29_SNP1 = structure(c(71L, 
5565L, 11L, 0L, 2L, 0L, 2L, 35L, 0L), dim = c(3L, 3L), dimnames = structure(list(
    c("-1", "0", "1"), c("A", "G", NA)), names = c("", ""))), 
    IM16_SNP1 = structure(c(25L, 2646L, 61L, 21L, 3231L, 48L, 
    2L, 106L, 8L), dim = c(3L, 3L), dimnames = structure(list(
        c("-1", "0", "1"), c("A", "G", NA)), names = c("", ""
    ))), IM49_SNP1 = structure(c(0L, 1L, 20L, 0L, 0L, 11L, 425L, 
    14154L, 487L, 5L, 0L, 0L, 2L, 0L, 0L, 0L, 17L, 789L, 23L, 
    0L), dim = 5:4, dimnames = structure(list(c("-2", "-1", "0", 
    "1", "2"), c("C", "G", "T", NA)), names = c("", ""))), LR10_SNP1 = structure(c(0L, 
    0L, 2L, 0L, 0L, 0L, 6L, 0L, 1L, 84L, 5574L, 14L, 0L, 1L, 
    86L, 1L), dim = c(4L, 4L), dimnames = structure(list(c("-2", 
    "-1", "0", "1"), c("A", "C", "T", NA)), names = c("", ""))), 
    LR11_SNP1 = structure(c(3L, 83L, 3849L, 29L, 1L, 1L, 54L, 
    2504L, 31L, 0L, 0L, 0L, 2L, 0L, 0L, 0L, 2L, 120L, 1L, 0L), dim = 5:4, dimnames = structure(list(
        c("-2", "-1", "0", "1", "2"), c("A", "C", "T", NA)), names = c("", 
    ""))), LR17_SNP1 = structure(c(2L, 7L, 210L, 6032L, 67L, 
    1L, 0L, 0L, 0L, 1L, 0L, 0L, 0L, 0L, 3L, 557L, 3L, 0L), dim = c(6L, 
    3L), dimnames = structure(list(c("-3", "-2", "-1", "0", "1", 
    "2"), c("A", "G", NA)), names = c("", ""))), LR20_SNP1 = structure(c(7L, 
    1582L, 4L, 0L, 1L, 0L, 14L, 5236L, 11L, 0L, 61L, 0L), dim = 3:4, dimnames = structure(list(
        c("-1", "0", "1"), c("A", "C", "G", NA)), names = c("", 
    ""))), LR24_SNP1 = structure(c(2L, 98L, 15206L, 34L, 1L, 
    0L, 0L, 213L, 2L, 0L, 0L, 0L, 1L, 0L, 0L, 0L, 0L, 2L, 0L, 
    0L, 0L, 4L, 142L, 0L, 0L), dim = c(5L, 5L), dimnames = structure(list(
        c("-2", "-1", "0", "1", "2"), c("A", "G", "N", "T", NA
        )), names = c("", ""))), LR36_SNP1 = structure(c(0L, 
    0L, 0L, 1L, 141L, 0L, 0L, 0L, 0L, 0L, 0L, 3L, 0L, 0L, 0L, 
    0L, 0L, 0L, 2L, 0L, 0L, 0L, 0L, 0L, 0L, 1L, 0L, 0L, 1L, 1L, 
    19L, 185L, 9384L, 144L, 3L, 0L, 0L, 1L, 5L, 501L, 16L, 0L
    ), dim = 7:6, dimnames = structure(list(c("-4", "-3", "-2", 
    "-1", "0", "1", "2"), c("A", "C", "G", "N", "T", NA)), names = c("", 
    ""))), LR40_SNP1 = structure(c(19L, 2503L, 11L, 20L, 2283L, 
    5L, 0L, 1L, 0L, 0L, 44L, 0L), dim = 3:4, dimnames = structure(list(
        c("-1", "0", "1"), c("A", "C", "T", NA)), names = c("", 
    ""))), LR44_SNP1 = structure(c(0L, 0L, 0L, 1L, 0L, 0L, 4L, 
    41L, 992L, 10434L, 141L, 1L, 0L, 0L, 0L, 1L, 0L, 0L, 0L, 
    0L, 0L, 2L, 0L, 0L, 0L, 0L, 0L, 6L, 0L, 0L, 0L, 3L, 17L, 
    500L, 10L, 1L), dim = c(6L, 6L), dimnames = structure(list(
        c("-3", "-2", "-1", "0", "1", "2"), c("A", "C", "G", 
        "N", "T", NA)), names = c("", ""))), LR46_SNP1 = structure(c(0L, 
    0L, 1L, 0L, 1L, 75L, 2455L, 4L, 0L, 6L, 2359L, 7L, 0L, 0L, 
    41L, 0L), dim = c(4L, 4L), dimnames = structure(list(c("-3", 
    "-1", "0", "1"), c("-", "G", "T", NA)), names = c("", ""))), 
    LR48_SNP1 = structure(c(0L, 0L, 0L, 1L, 0L, 0L, 2L, 11L, 
    416L, 5459L, 67L, 1L, 0L, 0L, 0L, 2L, 0L, 0L, 0L, 0L, 0L, 
    160L, 1L, 0L), dim = c(6L, 4L), dimnames = structure(list(
        c("-3", "-2", "-1", "0", "1", "2"), c("-", "C", "T", 
        NA)), names = c("", ""))), LR49_SNP1 = structure(c(0L, 
    36L, 0L, 0L, 2L, 0L, 21L, 10657L, 7L, 1L, 69L, 0L), dim = 3:4, dimnames = structure(list(
        c("-1", "0", "1"), c("A", "C", "G", NA)), names = c("", 
    ""))), LR52_SNP1 = structure(c(1L, 5L, 46L, 455L, 3449L, 
    19L, 0L, 0L, 0L, 0L, 3L, 34L, 1L, 0L, 0L, 0L, 2L, 64L, 1534L, 
    4L, 1L), dim = c(7L, 3L), dimnames = structure(list(c("-4", 
    "-3", "-2", "-1", "0", "1", "2"), c("C", "T", NA)), names = c("", 
    ""))))
