Result <-
list(DEPDC2_SNP1 = structure(c(0L, 0L, 0L, 0L, 0L, 8L, 1464L, 
409L, 239L, 2L, 106L, 5899L, 53L, 1L, 0L, 0L, 170L, 5L, 5L, 0L
), dim = 5:4, dimnames = structure(list(c("-1", "0", "1", "2", 
"3"), c("A", "C", "T", NA)), names = c("", ""))), GM01_SNP1 = structure(c(70L, 
2213L, 12L, 65L, 2883L, 12L, 1L, 70L, 0L), dim = c(3L, 3L), dimnames = structure(list(
    c("-1", "0", "1"), c("A", "G", NA)), names = c("", ""))), 
    GM07_SNP1 = structure(c(0L, 103L, 1385L, 461L, 17L, 1L, 1L, 
    1334L, 63L, 582L, 19L, 0L, 0L, 4L, 9L, 23L, 1L, 0L), dim = c(6L, 
    3L), dimnames = structure(list(c("-3", "-2", "-1", "0", "1", 
    "3"), c("A", "G", NA)), names = c("", ""))), GM09_SNP1 = structure(c(0L, 
    0L, 168L, 0L, 2L, 3707L, 6502L, 7L, 0L, 25L, 73L, 0L), dim = 4:3, dimnames = structure(list(
        c("-2", "-1", "0", "1"), c("A", "G", NA)), names = c("", 
    ""))), GM11_SNP1 = structure(c(1L, 7L, 1403L, 17L, 0L, 31L, 
    1151L, 9L, 0L, 0L, 25L, 0L), dim = 4:3, dimnames = structure(list(
        c("-2", "-1", "0", "1"), c("A", "G", NA)), names = c("", 
    ""))), GM14_SNP1 = structure(c(0L, 0L, 0L, 0L, 1L, 0L, 0L, 
    1L, 115L, 2860L, 66L, 2L, 1L, 1L, 89L, 2504L, 12L, 0L, 0L, 
    0L, 0L, 80L, 0L, 0L), dim = c(6L, 4L), dimnames = structure(list(
        c("-3", "-2", "-1", "0", "1", "2"), c("A", "C", "T", 
        NA)), names = c("", ""))), GM17_SNP1 = structure(c(0L, 
    0L, 1L, 0L, 1L, 82L, 4312L, 15L, 0L, 0L, 23L, 0L, 0L, 1L, 
    44L, 0L), dim = c(4L, 4L), dimnames = structure(list(c("-2", 
    "-1", "0", "1"), c("A", "C", "T", NA)), names = c("", ""))), 
    GM22_SNP1 = structure(c(0L, 60L, 1968L, 36L, 2L, 2L, 29L, 
    1674L, 5L, 0L, 0L, 1L, 99L, 0L, 0L), dim = c(5L, 3L), dimnames = structure(list(
        c("-2", "-1", "0", "1", "2"), c("A", "G", NA)), names = c("", 
    ""))), GM26_SNP1 = structure(c(22L, 2503L, 13L, 0L, 5L, 1L, 
    2L, 37L, 0L), dim = c(3L, 3L), dimnames = structure(list(
        c("-1", "0", "1"), c("A", "G", NA)), names = c("", ""
    ))), GM29_SNP1 = structure(c(2L, 66L, 3102L, 12L, 0L, 0L, 
    9L, 0L, 0L, 1L, 37L, 0L), dim = 4:3, dimnames = structure(list(
        c("-2", "-1", "0", "1"), c("A", "G", NA)), names = c("", 
    ""))), IM16_SNP1 = structure(c(0L, 57L, 2157L, 29L, 1L, 1L, 
    402L, 1114L, 22L, 1L, 0L, 4L, 59L, 1L, 0L), dim = c(5L, 3L
    ), dimnames = structure(list(c("-2", "-1", "0", "1", "2"), 
        c("A", "G", NA)), names = c("", ""))), IM49_SNP1 = structure(c(0L, 
    0L, 0L, 1L, 0L, 0L, 0L, 5L, 429L, 4743L, 142L, 5L, 1L, 80L, 
    3067L, 1117L, 29L, 1L, 0L, 0L, 0L, 1L, 0L, 0L, 0L, 3L, 57L, 
    186L, 2L, 0L), dim = 6:5, dimnames = structure(list(c("-3", 
    "-2", "-1", "0", "1", "2"), c("A", "C", "G", "T", NA)), names = c("", 
    ""))), LR10_SNP1 = structure(c(0L, 0L, 13L, 0L, 5L, 585L, 
    2939L, 13L, 0L, 3L, 39L, 1L), dim = 4:3, dimnames = structure(list(
        c("-2", "-1", "0", "1"), c("C", "T", NA)), names = c("", 
    ""))), LR11_SNP1 = structure(c(1L, 83L, 2346L, 3787L, 41L, 
    0L, 0L, 1L, 18L, 1L, 0L, 1L, 11L, 51L, 0L), dim = c(5L, 3L
    ), dimnames = structure(list(c("-5", "-2", "-1", "0", "1"
    ), c("A", "C", NA)), names = c("", ""))), LR17_SNP1 = structure(c(19L, 
    382L, 2988L, 91L, 4L, 0L, 0L, 3L, 0L, 0L, 0L, 25L, 195L, 
    4L, 0L), dim = c(5L, 3L), dimnames = structure(list(c("-2", 
    "-1", "0", "1", "2"), c("A", "G", NA)), names = c("", ""))), 
    LR20_SNP1 = structure(c(3L, 1339L, 4L, 0L, 1L, 0L, 4L, 1279L, 
    4L, 0L, 25L, 0L), dim = 3:4, dimnames = structure(list(c("-1", 
    "0", "1"), c("A", "C", "G", NA)), names = c("", ""))), LR24_SNP1 = structure(c(1L, 
    2L, 249L, 9969L, 28L, 0L, 9L, 4144L, 1219L, 3L, 0L, 0L, 0L, 
    2L, 0L, 0L, 0L, 16L, 113L, 0L), dim = 5:4, dimnames = structure(list(
        c("-3", "-2", "-1", "0", "1"), c("A", "G", "T", NA)), names = c("", 
    ""))), LR36_SNP1 = structure(c(0L, 0L, 1L, 0L, 0L, 0L, 4L, 
    87L, 2431L, 935L, 9L, 0L, 0L, 0L, 0L, 1L, 0L, 0L, 4L, 13L, 
    266L, 2981L, 33L, 2L, 0L, 2L, 25L, 241L, 3L, 1L), dim = 6:5, dimnames = structure(list(
        c("-3", "-2", "-1", "0", "1", "2"), c("-", "A", "G", 
        "T", NA)), names = c("", ""))), LR40_SNP1 = structure(c(0L, 
    2L, 0L, 49L, 1900L, 27L, 0L, 10L, 0L), dim = c(3L, 3L), dimnames = structure(list(
        c("-1", "0", "1"), c("A", "C", NA)), names = c("", ""
    ))), LR44_SNP1 = structure(c(0L, 0L, 25L, 0L, 0L, 0L, 8L, 
    294L, 2052L, 1081L, 1299L, 25L, 0L, 0L, 0L, 12L, 1L, 0L, 
    0L, 4L, 120L, 834L, 23L, 0L, 0L, 1L, 24L, 74L, 33L, 1L), dim = 6:5, dimnames = structure(list(
        c("-3", "-2", "-1", "0", "1", "2"), c("-", "C", "G", 
        "T", NA)), names = c("", ""))), LR46_SNP1 = structure(c(23L, 
    953L, 11L, 0L, 980L, 0L, 0L, 20L, 0L), dim = c(3L, 3L), dimnames = structure(list(
        c("-1", "0", "1"), c("G", "T", NA)), names = c("", ""
    ))), LR48_SNP1 = structure(c(0L, 0L, 1L, 0L, 0L, 8L, 260L, 
    2751L, 37L, 1L, 0L, 0L, 1L, 0L, 0L, 0L, 0L, 5L, 0L, 0L, 0L, 
    3L, 74L, 0L, 0L), dim = c(5L, 5L), dimnames = structure(list(
        c("-2", "-1", "0", "1", "2"), c("A", "C", "G", "T", NA
        )), names = c("", ""))), LR49_SNP1 = structure(c(1L, 
    2304L, 1L, 0L, 1L, 0L, 11L, 2667L, 0L, 0L, 2L, 0L, 0L, 71L, 
    0L), dim = c(3L, 5L), dimnames = structure(list(c("-1", "0", 
    "1"), c("A", "C", "G", "T", NA)), names = c("", ""))), LR52_SNP1 = structure(c(0L, 
    0L, 0L, 1L, 0L, 2L, 58L, 550L, 1900L, 15L, 0L, 0L, 1L, 5L, 
    0L, 0L, 3L, 41L, 426L, 2L), dim = 5:4, dimnames = structure(list(
        c("-3", "-2", "-1", "0", "1"), c("A", "C", "T", NA)), names = c("", 
    ""))))
