Result <-
list(DEPDC2_SNP1 = structure(c(0L, 0L, 2L, 0L, 1L, 185L, 19249L, 
85L, 0L, 0L, 27L, 0L, 0L, 2L, 424L, 1L), dim = c(4L, 4L), dimnames = structure(list(
    c("-3", "-1", "0", "1"), c("A", "C", "T", NA)), names = c("", 
""))), GM01_SNP1 = structure(c(0L, 22L, 0L, 0L, 742L, 4950L, 
24L, 1L, 3L, 74L, 1L, 0L), dim = 4:3, dimnames = structure(list(
    c("-1", "0", "1", "2"), c("A", "G", NA)), names = c("", ""
))), GM07_SNP1 = structure(c(0L, 1L, 1L, 1L, 0L, 0L, 77L, 3350L, 
3261L, 3165L, 216L, 6L, 0L, 1L, 10L, 0L, 0L, 0L, 0L, 1L, 0L, 
1L, 0L, 0L, 0L, 1L, 1L, 1L, 0L, 0L, 4L, 25L, 93L, 45L, 6L, 0L
), dim = c(6L, 6L), dimnames = structure(list(c("-2", "-1", "0", 
"1", "2", "3"), c("-", "A", "G", "N", "T", NA)), names = c("", 
""))), GM09_SNP1 = structure(c(1L, 127L, 17980L, 58L, 0L, 2L, 
122L, 0L, 0L, 0L, 1L, 0L, 0L, 0L, 160L, 0L), dim = c(4L, 4L), dimnames = structure(list(
    c("-2", "-1", "0", "1"), c("A", "G", "T", NA)), names = c("", 
""))), GM11_SNP1 = structure(c(2L, 901L, 2177L, 11L, 1L, 34L, 
2976L, 16L, 0L, 3L, 59L, 1L), dim = 4:3, dimnames = structure(list(
    c("-2", "-1", "0", "1"), c("A", "G", NA)), names = c("", 
""))), GM14_SNP1 = structure(c(0L, 0L, 0L, 0L, 0L, 0L, 0L, 2L, 
123L, 3937L, 32L, 2L, 2L, 294L, 2934L, 1298L, 6L, 0L, 1L, 1L, 
18L, 95L, 0L, 0L), dim = c(6L, 4L), dimnames = structure(list(
    c("-3", "-2", "-1", "0", "1", "2"), c("-", "C", "T", NA)), names = c("", 
""))), GM17_SNP1 = structure(c(0L, 0L, 1L, 0L, 2L, 107L, 9976L, 
82L, 0L, 0L, 5L, 0L, 0L, 2L, 91L, 0L), dim = c(4L, 4L), dimnames = structure(list(
    c("-2", "-1", "0", "1"), c("A", "C", "T", NA)), names = c("", 
""))), GM22_SNP1 = structure(c(3L, 59L, 3961L, 20L, 1L, 1L, 50L, 
4230L, 17L, 0L, 0L, 0L, 0L, 0L, 0L, 0L, 5L, 162L, 1L, 0L), dim = 5:4, dimnames = structure(list(
    c("-2", "-1", "0", "1", "2"), c("A", "G", "T", NA)), names = c("", 
""))), GM26_SNP1 = structure(c(1L, 453L, 8326L, 22L, 0L, 0L, 
3L, 0L, 0L, 0L, 1L, 0L, 0L, 2L, 65L, 1L), dim = c(4L, 4L), dimnames = structure(list(
    c("-2", "-1", "0", "1"), c("A", "G", "T", NA)), names = c("", 
""))), GM29_SNP1 = structure(c(1L, 2L, 102L, 5952L, 16L, 0L, 
0L, 0L, 4L, 0L, 0L, 0L, 0L, 56L, 0L), dim = c(5L, 3L), dimnames = structure(list(
    c("-3", "-2", "-1", "0", "1"), c("A", "G", NA)), names = c("", 
""))), IM16_SNP1 = structure(c(12L, 2463L, 40L, 3L, 0L, 2L, 0L, 
0L, 39L, 3166L, 72L, 0L, 0L, 1L, 0L, 0L, 0L, 76L, 3L, 0L), dim = 4:5, dimnames = structure(list(
    c("-1", "0", "1", "2"), c("A", "C", "G", "T", NA)), names = c("", 
""))), IM49_SNP1 = structure(c(0L, 0L, 0L, 1L, 0L, 0L, 0L, 0L, 
6L, 0L, 13L, 1359L, 4004L, 1699L, 52L, 0L, 11L, 104L, 116L, 5L
), dim = 5:4, dimnames = structure(list(c("-3", "-2", "-1", "0", 
"1"), c("A", "C", "G", NA)), names = c("", ""))), LR10_SNP1 = structure(c(0L, 
0L, 0L, 3L, 0L, 0L, 0L, 3L, 201L, 4505L, 58L, 1L, 0L, 0L, 1L, 
1L, 0L, 0L, 1L, 1L, 257L, 4109L, 16L, 0L, 0L, 0L, 0L, 100L, 1L, 
0L), dim = 6:5, dimnames = structure(list(c("-3", "-2", "-1", 
"0", "1", "2"), c("A", "C", "G", "T", NA)), names = c("", ""))), 
    LR11_SNP1 = structure(c(0L, 0L, 6L, 0L, 0L, 42L, 2095L, 3431L, 
    21L, 2L, 0L, 0L, 3L, 0L, 0L, 1L, 31L, 125L, 1L, 0L), dim = 5:4, dimnames = structure(list(
        c("-2", "-1", "0", "1", "2"), c("A", "C", "T", NA)), names = c("", 
    ""))), LR17_SNP1 = structure(c(10L, 598L, 2422L, 33L, 0L, 
    0L, 2L, 0L, 0L, 53L, 251L, 0L), dim = 4:3, dimnames = structure(list(
        c("-2", "-1", "0", "1"), c("A", "G", NA)), names = c("", 
    ""))), LR20_SNP1 = structure(c(0L, 2L, 0L, 0L, 2L, 2616L, 
    4611L, 3L, 0L, 0L, 4L, 0L, 0L, 4L, 20L, 0L), dim = c(4L, 
    4L), dimnames = structure(list(c("-2", "-1", "0", "1"), c("-", 
    "A", "G", NA)), names = c("", ""))), LR24_SNP1 = structure(c(2L, 
    697L, 23792L, 58L, 1L, 0L, 0L, 2L, 0L, 0L, 0L, 0L, 22L, 0L, 
    0L, 0L, 0L, 1L, 0L, 0L, 0L, 6L, 205L, 0L, 0L), dim = c(5L, 
    5L), dimnames = structure(list(c("-2", "-1", "0", "1", "2"
    ), c("A", "C", "G", "T", NA)), names = c("", ""))), LR36_SNP1 = structure(c(0L, 
    0L, 0L, 1L, 0L, 6L, 0L, 0L, 0L, 0L, 1L, 0L, 0L, 1L, 0L, 0L, 
    0L, 0L, 0L, 0L, 0L, 1L, 0L, 0L, 0L, 0L, 0L, 0L, 0L, 1L, 0L, 
    0L, 1L, 3L, 179L, 2089L, 491L, 4517L, 37L, 1L, 0L, 0L, 1L, 
    39L, 18L, 244L, 4L, 0L), dim = c(8L, 6L), dimnames = structure(list(
        c("-5", "-4", "-3", "-2", "-1", "0", "1", "2"), c("A", 
        "C", "G", "N", "T", NA)), names = c("", ""))), LR40_SNP1 = structure(c(29L, 
    2424L, 9L, 0L, 37L, 2495L, 9L, 1L, 1L, 24L, 0L, 0L), dim = 4:3, dimnames = structure(list(
        c("-1", "0", "1", "2"), c("A", "C", NA)), names = c("", 
    ""))), LR44_SNP1 = structure(c(0L, 0L, 0L, 2L, 0L, 0L, 1L, 
    12L, 587L, 9355L, 182L, 4L, 0L, 0L, 0L, 5L, 0L, 0L, 0L, 0L, 
    5L, 62L, 5L, 0L, 0L, 0L, 9L, 112L, 24L, 0L), dim = 6:5, dimnames = structure(list(
        c("-4", "-3", "-2", "-1", "0", "1"), c("A", "C", "N", 
        "T", NA)), names = c("", ""))), LR46_SNP1 = structure(c(0L, 
    1L, 0L, 0L, 1L, 0L, 0L, 4L, 0L, 21L, 5883L, 19L, 0L, 50L, 
    0L), dim = c(3L, 5L), dimnames = structure(list(c("-1", "0", 
    "1"), c("-", "A", "G", "T", NA)), names = c("", ""))), LR48_SNP1 = structure(c(2L, 
    106L, 3152L, 468L, 14L, 2L, 60L, 3008L, 1074L, 13L, 0L, 0L, 
    0L, 25L, 164L, 16L, 0L, 0L), dim = c(6L, 3L), dimnames = structure(list(
        c("-2", "-1", "0", "1", "2", "3"), c("C", "T", NA)), names = c("", 
    ""))), LR49_SNP1 = structure(c(45L, 4924L, 4L, 0L, 1L, 0L, 
    26L, 4742L, 7L, 0L, 4L, 0L, 2L, 112L, 0L), dim = c(3L, 5L
    ), dimnames = structure(list(c("-1", "0", "1"), c("A", "C", 
    "G", "T", NA)), names = c("", ""))), LR52_SNP1 = structure(c(0L, 
    0L, 0L, 0L, 3L, 0L, 0L, 2L, 3L, 111L, 697L, 6098L, 564L, 
    6L, 0L, 0L, 3L, 25L, 466L, 37L, 0L), dim = c(7L, 3L), dimnames = structure(list(
        c("-4", "-3", "-2", "-1", "0", "1", "2"), c("C", "T", 
        NA)), names = c("", ""))))
