Result <-
list(DEPDC2_SNP1 = structure(c(0L, 0L, 1L, 0L, 1L, 48L, 8839L, 
12L, 0L, 0L, 1L, 0L, 1L, 400L, 6726L, 47L, 0L, 4L, 316L, 1L), dim = 4:5, dimnames = structure(list(
    c("-2", "-1", "0", "1"), c("A", "C", "G", "T", NA)), names = c("", 
""))), GM01_SNP1 = structure(c(1L, 86L, 3069L, 5L, 0L, 87L, 4799L, 
10L, 0L, 1L, 108L, 4L), dim = 4:3, dimnames = structure(list(
    c("-2", "-1", "0", "1"), c("A", "G", NA)), names = c("", 
""))), GM07_SNP1 = structure(c(8L, 451L, 2380L, 64L, 0L, 17L, 
748L, 2783L, 38L, 2L, 0L, 0L, 1L, 0L, 0L, 0L, 0L, 2L, 0L, 0L, 
2L, 10L, 128L, 2L, 0L), dim = c(5L, 5L), dimnames = structure(list(
    c("-2", "-1", "0", "1", "2"), c("A", "G", "N", "T", NA)), names = c("", 
""))), GM09_SNP1 = structure(c(72L, 7421L, 18L, 0L, 1L, 0L, 31L, 
7221L, 4L, 0L, 2L, 0L, 0L, 154L, 2L), dim = c(3L, 5L), dimnames = structure(list(
    c("-1", "0", "1"), c("A", "C", "G", "T", NA)), names = c("", 
""))), GM11_SNP1 = structure(c(10L, 4468L, 19L, 0L, 39L, 1L, 
0L, 51L, 2L), dim = c(3L, 3L), dimnames = structure(list(c("-1", 
"0", "1"), c("A", "G", NA)), names = c("", ""))), GM14_SNP1 = structure(c(9L, 
417L, 3107L, 26L, 1L, 7L, 352L, 3773L, 12L, 0L, 0L, 6L, 135L, 
0L, 0L), dim = c(5L, 3L), dimnames = structure(list(c("-2", "-1", 
"0", "1", "4"), c("C", "T", NA)), names = c("", ""))), GM17_SNP1 = structure(c(0L, 
0L, 2L, 0L, 0L, 1L, 36L, 4738L, 11L, 1L, 1L, 103L, 3833L, 5L, 
0L, 0L, 3L, 88L, 0L, 0L), dim = 5:4, dimnames = structure(list(
    c("-2", "-1", "0", "1", "2"), c("A", "C", "T", NA)), names = c("", 
""))), GM22_SNP1 = structure(c(5L, 573L, 2837L, 10L, 0L, 1L, 
41L, 2916L, 21L, 1L, 0L, 7L, 139L, 4L, 0L), dim = c(5L, 3L), dimnames = structure(list(
    c("-2", "-1", "0", "1", "2"), c("A", "G", NA)), names = c("", 
""))), GM26_SNP1 = structure(c(0L, 1L, 8L, 2351L, 10L, 1L, 1L, 
238L, 1911L, 7L, 0L, 1L, 4L, 80L, 0L), dim = c(5L, 3L), dimnames = structure(list(
    c("-3", "-2", "-1", "0", "1"), c("A", "G", NA)), names = c("", 
""))), GM29_SNP1 = structure(c(1L, 110L, 2637L, 7L, 0L, 21L, 
1732L, 4L, 0L, 1L, 35L, 1L), dim = 4:3, dimnames = structure(list(
    c("-2", "-1", "0", "1"), c("A", "G", NA)), names = c("", 
""))), IM16_SNP1 = structure(c(0L, 0L, 1L, 0L, 0L, 1L, 311L, 
5617L, 164L, 1L, 0L, 0L, 27L, 0L, 0L, 0L, 0L, 1L, 0L, 0L, 0L, 
2L, 81L, 6L, 1L), dim = c(5L, 5L), dimnames = structure(list(
    c("-2", "-1", "0", "1", "2"), c("-", "A", "G", "T", NA)), names = c("", 
""))), IM49_SNP1 = structure(c(0L, 0L, 0L, 1L, 0L, 0L, 0L, 6L, 
295L, 5473L, 91L, 1L, 1L, 4L, 465L, 5615L, 142L, 1L, 0L, 1L, 
9L, 482L, 21L, 0L), dim = c(6L, 4L), dimnames = structure(list(
    c("-3", "-2", "-1", "0", "1", "2"), c("A", "C", "G", NA)), names = c("", 
""))), LR10_SNP1 = structure(c(0L, 0L, 1L, 0L, 0L, 6L, 903L, 
4345L, 71L, 1L, 0L, 0L, 1L, 0L, 0L, 0L, 1L, 13L, 0L, 0L, 1L, 
3L, 48L, 1L, 0L), dim = c(5L, 5L), dimnames = structure(list(
    c("-2", "-1", "0", "1", "2"), c("-", "C", "G", "T", NA)), names = c("", 
""))), LR11_SNP1 = structure(c(0L, 0L, 0L, 3L, 0L, 1L, 3L, 434L, 
5685L, 37L, 0L, 0L, 1L, 1L, 0L, 0L, 0L, 8L, 217L, 1L), dim = 5:4, dimnames = structure(list(
    c("-3", "-2", "-1", "0", "1"), c("A", "C", "T", NA)), names = c("", 
""))), LR17_SNP1 = structure(c(15L, 414L, 4831L, 57L, 3L, 0L, 
0L, 4L, 0L, 0L, 0L, 31L, 483L, 5L, 0L), dim = c(5L, 3L), dimnames = structure(list(
    c("-2", "-1", "0", "1", "2"), c("A", "G", NA)), names = c("", 
""))), LR20_SNP1 = structure(c(0L, 7L, 2972L, 3L, 1L, 41L, 3823L, 
6L, 0L, 0L, 1L, 0L, 0L, 0L, 52L, 0L), dim = c(4L, 4L), dimnames = structure(list(
    c("-2", "-1", "0", "1"), c("A", "G", "T", NA)), names = c("", 
""))), LR24_SNP1 = structure(c(0L, 0L, 1L, 0L, 0L, 3L, 369L, 
6327L, 17L, 1L, 0L, 0L, 1L, 0L, 0L, 0L, 69L, 6922L, 13L, 0L, 
0L, 0L, 1L, 0L, 0L, 0L, 1L, 130L, 0L, 0L), dim = 5:6, dimnames = structure(list(
    c("-2", "-1", "0", "1", "2"), c("-", "A", "C", "G", "N", 
    NA)), names = c("", ""))), LR36_SNP1 = structure(c(0L, 0L, 
0L, 1L, 1L, 0L, 2L, 5L, 24L, 1000L, 6269L, 41L, 0L, 0L, 0L, 0L, 
1L, 0L, 0L, 0L, 0L, 4L, 282L, 1L, 0L, 0L, 1L, 5L, 160L, 1L), dim = 6:5, dimnames = structure(list(
    c("-4", "-3", "-2", "-1", "0", "1"), c("-", "A", "G", "T", 
    NA)), names = c("", ""))), LR40_SNP1 = structure(c(0L, 1L, 
2L, 0L, 1L, 107L, 4751L, 13L, 0L, 0L, 36L, 0L), dim = 4:3, dimnames = structure(list(
    c("-2", "-1", "0", "1"), c("A", "C", NA)), names = c("", 
""))), LR44_SNP1 = structure(c(2L, 75L, 1336L, 6368L, 137L, 5L, 
0L, 0L, 1L, 0L, 0L, 0L, 0L, 0L, 0L, 1L, 0L, 0L, 0L, 1L, 17L, 
141L, 0L, 0L, 0L, 0L, 19L, 228L, 5L, 1L), dim = 6:5, dimnames = structure(list(
    c("-3", "-2", "-1", "0", "1", "2"), c("C", "G", "N", "T", 
    NA)), names = c("", ""))), LR46_SNP1 = structure(c(0L, 1L, 
0L, 11L, 4423L, 6L, 14L, 3648L, 3L, 0L, 84L, 0L), dim = 3:4, dimnames = structure(list(
    c("-1", "0", "1"), c("C", "G", "T", NA)), names = c("", ""
))), LR48_SNP1 = structure(c(15L, 709L, 5137L, 83L, 0L, 4L, 108L, 
0L, 0L, 7L, 170L, 3L), dim = 4:3, dimnames = structure(list(c("-2", 
"-1", "0", "1"), c("C", "T", NA)), names = c("", ""))), LR49_SNP1 = structure(c(0L, 
15L, 0L, 25L, 7543L, 109L, 0L, 74L, 0L), dim = c(3L, 3L), dimnames = structure(list(
    c("-1", "0", "1"), c("A", "G", NA)), names = c("", ""))), 
    LR52_SNP1 = structure(c(0L, 0L, 1L, 0L, 0L, 0L, 0L, 6L, 0L, 
    0L, 41L, 621L, 2974L, 310L, 3L, 2L, 27L, 232L, 23L, 0L), dim = 5:4, dimnames = structure(list(
        c("-2", "-1", "0", "1", "2"), c("A", "C", "T", NA)), names = c("", 
    ""))))
