Result <-
list(DEPDC2_SNP1 = structure(c(31L, 4995L, 22L, 0L, 46L, 7396L, 
30L, 1L, 1L, 264L, 0L, 0L), dim = 4:3, dimnames = structure(list(
    c("-1", "0", "1", "2"), c("C", "T", NA)), names = c("", ""
))), GM01_SNP1 = structure(c(0L, 0L, 8L, 719L, 5L, 1L, 1L, 66L, 
4288L, 18L, 0L, 0L, 2L, 43L, 2L), dim = c(5L, 3L), dimnames = structure(list(
    c("-4", "-2", "-1", "0", "1"), c("A", "G", NA)), names = c("", 
""))), GM07_SNP1 = structure(c(5L, 339L, 5640L, 174L, 3L, 0L, 
0L, 36L, 2L, 0L, 1L, 2L, 60L, 4L, 0L), dim = c(5L, 3L), dimnames = structure(list(
    c("-2", "-1", "0", "1", "2"), c("A", "G", NA)), names = c("", 
""))), GM09_SNP1 = structure(c(0L, 0L, 34L, 0L, 1L, 196L, 33893L, 
37L, 0L, 0L, 1L, 0L, 0L, 3L, 336L, 2L), dim = c(4L, 4L), dimnames = structure(list(
    c("-2", "-1", "0", "1"), c("A", "G", "T", NA)), names = c("", 
""))), GM11_SNP1 = structure(c(14L, 2888L, 9L, 0L, 3L, 0L, 0L, 
24L, 0L), dim = c(3L, 3L), dimnames = structure(list(c("-1", 
"0", "1"), c("A", "G", NA)), names = c("", ""))), GM14_SNP1 = structure(c(0L, 
0L, 0L, 3L, 0L, 0L, 2L, 17L, 376L, 11689L, 110L, 3L, 0L, 0L, 
0L, 4L, 0L, 0L, 0L, 0L, 0L, 138L, 2L, 0L), dim = c(6L, 4L), dimnames = structure(list(
    c("-3", "-2", "-1", "0", "1", "2"), c("A", "C", "T", NA)), names = c("", 
""))), GM17_SNP1 = structure(c(0L, 1L, 0L, 7L, 515L, 1L, 37L, 
3620L, 9L, 0L, 42L, 0L), dim = 3:4, dimnames = structure(list(
    c("-1", "0", "1"), c("A", "C", "T", NA)), names = c("", ""
))), GM22_SNP1 = structure(c(1L, 0L, 417L, 1L, 3L, 46L, 2962L, 
10L, 0L, 1L, 102L, 2L), dim = 4:3, dimnames = structure(list(
    c("-2", "-1", "0", "1"), c("A", "G", NA)), names = c("", 
""))), GM26_SNP1 = structure(c(1L, 17L, 2173L, 3L, 1L, 0L, 0L, 
3L, 0L, 0L, 0L, 1L, 35L, 0L, 0L), dim = c(5L, 3L), dimnames = structure(list(
    c("-2", "-1", "0", "1", "2"), c("A", "G", NA)), names = c("", 
""))), GM29_SNP1 = structure(c(0L, 22L, 2264L, 7L, 2L, 26L, 2645L, 
10L, 0L, 2L, 40L, 0L), dim = 4:3, dimnames = structure(list(c("-2", 
"-1", "0", "1"), c("A", "G", NA)), names = c("", ""))), IM16_SNP1 = structure(c(0L, 
1L, 162L, 14332L, 185L, 3L, 1L, 0L, 30L, 2642L, 34L, 1L, 0L, 
0L, 0L, 25L, 0L, 0L, 0L, 1L, 2L, 266L, 9L, 0L), dim = c(6L, 4L
), dimnames = structure(list(c("-3", "-2", "-1", "0", "1", "2"
), c("A", "G", "T", NA)), names = c("", ""))), IM49_SNP1 = structure(c(1L, 
4L, 165L, 4790L, 89L, 1L, 1L, 0L, 99L, 3704L, 52L, 1L, 0L, 0L, 
0L, 2L, 0L, 0L, 0L, 0L, 8L, 303L, 4L, 0L), dim = c(6L, 4L), dimnames = structure(list(
    c("-3", "-2", "-1", "0", "1", "2"), c("C", "G", "T", NA)), names = c("", 
""))), LR10_SNP1 = structure(c(0L, 8L, 0L, 0L, 89L, 4876L, 16L, 
0L, 0L, 62L, 0L, 1L), dim = 4:3, dimnames = structure(list(c("-1", 
"0", "1", "2"), c("C", "T", NA)), names = c("", ""))), LR11_SNP1 = structure(c(0L, 
0L, 0L, 9L, 0L, 1L, 5L, 234L, 7247L, 60L, 0L, 0L, 1L, 41L, 3L, 
0L, 0L, 0L, 1L, 0L, 0L, 0L, 2L, 98L, 0L), dim = c(5L, 5L), dimnames = structure(list(
    c("-3", "-2", "-1", "0", "1"), c("-", "A", "C", "T", NA)), names = c("", 
""))), LR17_SNP1 = structure(c(7L, 215L, 3968L, 48L, 1L, 0L, 
0L, 1L, 0L, 0L, 0L, 7L, 250L, 3L, 0L), dim = c(5L, 3L), dimnames = structure(list(
    c("-2", "-1", "0", "1", "2"), c("A", "G", NA)), names = c("", 
""))), LR20_SNP1 = structure(c(0L, 2L, 0L, 7L, 4343L, 2L, 0L, 
52L, 1L, 0L, 21L, 0L), dim = 3:4, dimnames = structure(list(c("-1", 
"0", "1"), c("-", "A", "G", NA)), names = c("", ""))), LR24_SNP1 = structure(c(0L, 
0L, 0L, 1L, 0L, 0L, 1L, 1L, 42L, 7017L, 21L, 0L, 0L, 0L, 0L, 
1L, 0L, 0L, 0L, 1L, 37L, 7279L, 20L, 0L, 0L, 0L, 0L, 1L, 0L, 
0L, 0L, 0L, 0L, 107L, 0L, 1L), dim = c(6L, 6L), dimnames = structure(list(
    c("-3", "-2", "-1", "0", "1", "2"), c("-", "A", "C", "G", 
    "T", NA)), names = c("", ""))), LR36_SNP1 = structure(c(0L, 
1L, 16L, 1331L, 9L, 0L, 0L, 0L, 1L, 0L, 1L, 4L, 52L, 2812L, 26L, 
0L, 0L, 4L, 230L, 0L), dim = 5:4, dimnames = structure(list(c("-3", 
"-2", "-1", "0", "1"), c("A", "C", "T", NA)), names = c("", ""
))), LR40_SNP1 = structure(c(0L, 0L, 1L, 0L, 0L, 1L, 69L, 6054L, 
19L, 1L, 0L, 0L, 38L, 0L, 0L), dim = c(5L, 3L), dimnames = structure(list(
    c("-2", "-1", "0", "1", "2"), c("A", "C", NA)), names = c("", 
""))), LR44_SNP1 = structure(c(0L, 0L, 0L, 8L, 0L, 0L, 0L, 0L, 
0L, 0L, 11L, 7L, 216L, 2903L, 41L, 1L, 6L, 11L, 16L, 0L, 0L, 
0L, 0L, 1L, 0L, 0L, 0L, 0L, 0L, 0L, 0L, 0L, 1L, 18L, 0L, 0L, 
0L, 0L, 0L, 4L, 0L, 0L, 5L, 79L, 1L, 0L, 0L, 0L, 0L, 0L), dim = c(10L, 
5L), dimnames = structure(list(c("-3", "-2", "-1", "0", "1", 
"2", "3", "4", "5", "9"), c("A", "C", "G", "T", NA)), names = c("", 
""))), LR46_SNP1 = structure(c(0L, 0L, 1L, 0L, 1L, 32L, 4312L, 
6L, 0L, 14L, 3653L, 8L, 0L, 0L, 78L, 0L), dim = c(4L, 4L), dimnames = structure(list(
    c("-3", "-1", "0", "1"), c("A", "G", "T", NA)), names = c("", 
""))), LR48_SNP1 = structure(c(0L, 0L, 1L, 0L, 3L, 122L, 4809L, 
79L, 0L, 0L, 1L, 0L, 0L, 0L, 1L, 0L, 0L, 2L, 138L, 1L), dim = 4:5, dimnames = structure(list(
    c("-2", "-1", "0", "1"), c("A", "C", "G", "T", NA)), names = c("", 
""))), LR49_SNP1 = structure(c(10L, 5141L, 1L, 0L, 1L, 0L, 20L, 
9884L, 2L, 3L, 149L, 0L), dim = 3:4, dimnames = structure(list(
    c("-1", "0", "1"), c("A", "C", "G", NA)), names = c("", ""
))), LR52_SNP1 = structure(c(1L, 21L, 18L, 231L, 1870L, 20L, 
0L, 0L, 3L, 67L, 710L, 3L, 0L, 0L, 0L, 25L, 474L, 1L), dim = c(6L, 
3L), dimnames = structure(list(c("-4", "-3", "-2", "-1", "0", 
"1"), c("C", "T", NA)), names = c("", ""))))
