Result <-
list(DEPDC2_SNP1 = structure(c(0L, 0L, 3L, 0L, 1L, 51L, 6174L, 
21L, 0L, 49L, 6625L, 27L, 0L, 2L, 235L, 0L), dim = c(4L, 4L), dimnames = structure(list(
    c("-2", "-1", "0", "1"), c("A", "C", "T", NA)), names = c("", 
""))), GM01_SNP1 = structure(c(0L, 0L, 1L, 0L, 1L, 111L, 8165L, 
77L, 0L, 1L, 34L, 0L, 0L, 6L, 95L, 1L), dim = c(4L, 4L), dimnames = structure(list(
    c("-2", "-1", "0", "1"), c("-", "A", "G", NA)), names = c("", 
""))), GM07_SNP1 = structure(c(0L, 0L, 2L, 0L, 0L, 1L, 157L, 
2984L, 85L, 1L, 2L, 159L, 3048L, 69L, 3L, 0L, 0L, 1L, 0L, 0L, 
1L, 10L, 116L, 5L, 0L), dim = c(5L, 5L), dimnames = structure(list(
    c("-2", "-1", "0", "1", "2"), c("-", "A", "G", "T", NA)), names = c("", 
""))), GM09_SNP1 = structure(c(53L, 12148L, 23L, 0L, 54L, 0L, 
0L, 1L, 0L, 2L, 113L, 0L), dim = 3:4, dimnames = structure(list(
    c("-1", "0", "1"), c("A", "G", "T", NA)), names = c("", ""
))), GM11_SNP1 = structure(c(2L, 20L, 4117L, 11L, 0L, 0L, 146L, 
117L, 0L, 0L, 34L, 5L), dim = 4:3, dimnames = structure(list(
    c("-2", "-1", "0", "1"), c("A", "G", NA)), names = c("", 
""))), GM14_SNP1 = structure(c(0L, 0L, 0L, 2L, 0L, 0L, 0L, 0L, 
8L, 142L, 0L, 0L, 1L, 7L, 179L, 6954L, 36L, 1L, 0L, 0L, 1L, 110L, 
0L, 0L), dim = c(6L, 4L), dimnames = structure(list(c("-3", "-2", 
"-1", "0", "1", "2"), c("A", "C", "T", NA)), names = c("", ""
))), GM17_SNP1 = structure(c(0L, 0L, 1L, 0L, 2L, 88L, 6810L, 
29L, 0L, 2L, 21L, 0L, 0L, 1L, 63L, 0L), dim = c(4L, 4L), dimnames = structure(list(
    c("-2", "-1", "0", "1"), c("A", "C", "T", NA)), names = c("", 
""))), GM22_SNP1 = structure(c(1L, 67L, 5070L, 26L, 0L, 0L, 4L, 
0L, 0L, 2L, 83L, 0L), dim = 4:3, dimnames = structure(list(c("-2", 
"-1", "0", "1"), c("A", "G", NA)), names = c("", ""))), GM26_SNP1 = structure(c(11L, 
2017L, 9L, 13L, 1541L, 7L, 1L, 68L, 0L), dim = c(3L, 3L), dimnames = structure(list(
    c("-1", "0", "1"), c("A", "G", NA)), names = c("", ""))), 
    GM29_SNP1 = structure(c(1L, 3L, 72L, 4850L, 14L, 0L, 0L, 
    2L, 10L, 0L, 0L, 0L, 0L, 1L, 0L, 0L, 0L, 4L, 72L, 0L), dim = 5:4, dimnames = structure(list(
        c("-3", "-2", "-1", "0", "1"), c("A", "G", "T", NA)), names = c("", 
    ""))), IM16_SNP1 = structure(c(0L, 1L, 30L, 0L, 0L, 1L, 54L, 
    6151L, 89L, 2L, 0L, 1L, 111L, 4L, 0L), dim = c(5L, 3L), dimnames = structure(list(
        c("-2", "-1", "0", "1", "2"), c("A", "G", NA)), names = c("", 
    ""))), IM49_SNP1 = structure(c(0L, 0L, 1L, 0L, 0L, 1L, 132L, 
    4944L, 121L, 1L, 1L, 266L, 6215L, 105L, 3L, 0L, 10L, 396L, 
    6L, 0L), dim = 5:4, dimnames = structure(list(c("-2", "-1", 
    "0", "1", "2"), c("A", "C", "G", NA)), names = c("", ""))), 
    LR10_SNP1 = structure(c(0L, 0L, 1L, 0L, 0L, 0L, 47L, 0L, 
    1L, 106L, 6168L, 18L, 0L, 0L, 75L, 0L), dim = c(4L, 4L), dimnames = structure(list(
        c("-2", "-1", "0", "1"), c("A", "C", "T", NA)), names = c("", 
    ""))), LR11_SNP1 = structure(c(1L, 52L, 8L, 0L, 0L, 0L, 5L, 
    132L, 4917L, 39L, 1L, 0L, 0L, 6L, 142L, 1L, 0L, 1L), dim = c(6L, 
    3L), dimnames = structure(list(c("-2", "-1", "0", "1", "2", 
    "3"), c("A", "C", NA)), names = c("", ""))), LR17_SNP1 = structure(c(2L, 
    6L, 333L, 6619L, 76L, 2L, 0L, 0L, 11L, 421L, 5L, 0L), dim = c(6L, 
    2L), dimnames = structure(list(c("-3", "-2", "-1", "0", "1", 
    "2"), c("A", NA)), names = c("", ""))), LR20_SNP1 = structure(c(0L, 
    0L, 23L, 0L, 1L, 10L, 6498L, 8L, 0L, 0L, 1L, 0L, 0L, 0L, 
    93L, 0L), dim = c(4L, 4L), dimnames = structure(list(c("-2", 
    "-1", "0", "1"), c("A", "G", "T", NA)), names = c("", ""))), 
    LR24_SNP1 = structure(c(1L, 32L, 7628L, 19L, 0L, 0L, 1L, 
    0L, 1L, 45L, 7440L, 22L, 0L, 0L, 1L, 0L, 0L, 1L, 117L, 1L
    ), dim = 4:5, dimnames = structure(list(c("-2", "-1", "0", 
    "1"), c("A", "C", "G", "T", NA)), names = c("", ""))), LR36_SNP1 = structure(c(0L, 
    0L, 0L, 2L, 0L, 1L, 13L, 148L, 8728L, 74L, 0L, 0L, 0L, 1L, 
    0L, 0L, 46L, 3L, 185L, 1L, 1L, 0L, 1L, 242L, 2L), dim = c(5L, 
    5L), dimnames = structure(list(c("-3", "-2", "-1", "0", "1"
    ), c("-", "A", "G", "T", NA)), names = c("", ""))), LR40_SNP1 = structure(c(45L, 
    4172L, 6L, 1L, 1L, 30L, 1L, 0L), dim = c(4L, 2L), dimnames = structure(list(
        c("-1", "0", "1", "2"), c("C", NA)), names = c("", ""
    ))), LR44_SNP1 = structure(c(160L, 5L, 182L, 2323L, 35L, 
    0L, 0L, 7L, 268L, 3281L, 50L, 2L, 2L, 0L, 10L, 124L, 1L, 
    0L), dim = c(6L, 3L), dimnames = structure(list(c("-3", "-2", 
    "-1", "0", "1", "2"), c("C", "T", NA)), names = c("", ""))), 
    LR46_SNP1 = structure(c(30L, 6514L, 8L, 0L, 5L, 0L, 0L, 45L, 
    0L), dim = c(3L, 3L), dimnames = structure(list(c("-1", "0", 
    "1"), c("G", "T", NA)), names = c("", ""))), LR48_SNP1 = structure(c(0L, 
    0L, 1L, 0L, 0L, 5L, 203L, 2519L, 49L, 1L, 0L, 3L, 0L, 0L, 
    0L, 2L, 68L, 1914L, 69L, 1L, 0L, 1L, 130L, 4L, 0L), dim = c(5L, 
    5L), dimnames = structure(list(c("-2", "-1", "0", "1", "2"
    ), c("A", "C", "G", "T", NA)), names = c("", ""))), LR49_SNP1 = structure(c(1L, 
    44L, 0L, 12L, 6283L, 3L, 0L, 1L, 0L, 0L, 50L, 0L), dim = 3:4, dimnames = structure(list(
        c("-1", "0", "1"), c("A", "G", "T", NA)), names = c("", 
    ""))), LR52_SNP1 = structure(c(0L, 0L, 0L, 1L, 0L, 0L, 0L, 
    0L, 1L, 0L, 0L, 0L, 0L, 1L, 0L, 2L, 35L, 452L, 4153L, 92L, 
    0L, 0L, 16L, 199L, 10L), dim = c(5L, 5L), dimnames = structure(list(
        c("-3", "-2", "-1", "0", "1"), c("A", "C", "G", "T", 
        NA)), names = c("", ""))))
