Result <-
list(DEPDC2_SNP1 = structure(c(0L, 34L, 3844L, 17L, 0L, 0L, 1L, 
0L, 1L, 41L, 5118L, 23L, 0L, 0L, 201L, 1L), dim = c(4L, 4L), dimnames = structure(list(
    c("-2", "-1", "0", "1"), c("C", "G", "T", NA)), names = c("", 
""))), GM01_SNP1 = structure(c(0L, 24L, 0L, 0L, 1L, 0L, 84L, 
5410L, 26L, 1L, 64L, 1L), dim = 3:4, dimnames = structure(list(
    c("-1", "0", "1"), c("A", "C", "G", NA)), names = c("", ""
))), GM07_SNP1 = structure(c(55L, 488L, 1807L, 66L, 0L, 67L, 
870L, 718L, 31L, 4L, 0L, 12L, 40L, 4L, 0L), dim = c(5L, 3L), dimnames = structure(list(
    c("-2", "-1", "0", "1", "2"), c("A", "G", NA)), names = c("", 
""))), GM09_SNP1 = structure(c(0L, 0L, 34L, 0L, 5L, 1070L, 7089L, 
12L, 0L, 0L, 2L, 0L, 0L, 7L, 81L, 0L), dim = c(4L, 4L), dimnames = structure(list(
    c("-2", "-1", "0", "1"), c("A", "G", "T", NA)), names = c("", 
""))), GM11_SNP1 = structure(c(16L, 1427L, 15L, 117L, 1464L, 
37L, 0L, 28L, 0L), dim = c(3L, 3L), dimnames = structure(list(
    c("-1", "0", "1"), c("A", "G", NA)), names = c("", ""))), 
    GM14_SNP1 = structure(c(16L, 483L, 6426L, 123L, 1L, 1L, 0L, 
    73L, 16L, 0L, 0L, 0L, 0L, 1L, 84L, 1L, 0L, 0L), dim = c(6L, 
    3L), dimnames = structure(list(c("-2", "-1", "0", "1", "2", 
    "3"), c("C", "T", NA)), names = c("", ""))), GM17_SNP1 = structure(c(1L, 
    109L, 4082L, 60L, 0L, 1L, 54L, 0L, 0L, 4L, 50L, 0L), dim = 4:3, dimnames = structure(list(
        c("-2", "-1", "0", "1"), c("C", "T", NA)), names = c("", 
    ""))), GM22_SNP1 = structure(c(1L, 73L, 3447L, 9L, 0L, 1L, 
    5L, 0L, 0L, 0L, 68L, 0L), dim = 4:3, dimnames = structure(list(
        c("-2", "-1", "0", "1"), c("A", "G", NA)), names = c("", 
    ""))), GM26_SNP1 = structure(c(1L, 11L, 1275L, 4L, 0L, 12L, 
    1189L, 3L, 0L, 0L, 46L, 0L), dim = 4:3, dimnames = structure(list(
        c("-3", "-1", "0", "1"), c("A", "G", NA)), names = c("", 
    ""))), GM29_SNP1 = structure(c(0L, 8L, 0L, 0L, 53L, 3223L, 
    449L, 16L, 3L, 14L, 0L, 0L, 1L, 38L, 3L, 0L), dim = c(4L, 
    4L), dimnames = structure(list(c("-1", "0", "1", "2"), c("A", 
    "G", "T", NA)), names = c("", ""))), IM16_SNP1 = structure(c(0L, 
    120L, 2241L, 43L, 0L, 0L, 0L, 1L, 0L, 0L, 1L, 122L, 2129L, 
    126L, 6L, 0L, 0L, 2L, 0L, 0L, 0L, 0L, 87L, 5L, 0L), dim = c(5L, 
    5L), dimnames = structure(list(c("-2", "-1", "0", "1", "2"
    ), c("A", "C", "G", "T", NA)), names = c("", ""))), IM49_SNP1 = structure(c(0L, 
    0L, 1L, 0L, 0L, 6L, 621L, 4883L, 101L, 3L, 11L, 611L, 3337L, 
    83L, 2L, 0L, 0L, 0L, 0L, 0L, 0L, 27L, 282L, 5L, 0L), dim = c(5L, 
    5L), dimnames = structure(list(c("-2", "-1", "0", "1", "2"
    ), c("A", "C", "G", "T", NA)), names = c("", ""))), LR10_SNP1 = structure(c(0L, 
    0L, 1L, 0L, 0L, 0L, 20L, 0L, 1L, 73L, 2903L, 11L, 0L, 0L, 
    28L, 2L), dim = c(4L, 4L), dimnames = structure(list(c("-2", 
    "-1", "0", "1"), c("A", "C", "T", NA)), names = c("", ""))), 
    LR11_SNP1 = structure(c(1L, 2L, 91L, 2289L, 20L, 0L, 2L, 
    181L, 2073L, 13L, 0L, 0L, 2L, 98L, 0L), dim = c(5L, 3L), dimnames = structure(list(
        c("-4", "-2", "-1", "0", "1"), c("A", "C", NA)), names = c("", 
    ""))), LR17_SNP1 = structure(c(19L, 643L, 4121L, 77L, 1L, 
    0L, 0L, 1L, 0L, 0L, 0L, 43L, 315L, 4L, 0L), dim = c(5L, 3L
    ), dimnames = structure(list(c("-2", "-1", "0", "1", "2"), 
        c("A", "G", NA)), names = c("", ""))), LR20_SNP1 = structure(c(1L, 
    13L, 0L, 36L, 2570L, 11L, 0L, 1L, 0L, 0L, 29L, 0L), dim = 3:4, dimnames = structure(list(
        c("-1", "0", "1"), c("A", "G", "T", NA)), names = c("", 
    ""))), LR24_SNP1 = structure(c(1L, 1L, 420L, 11160L, 15L, 
    0L, 0L, 2L, 21L, 0L, 0L, 0L, 1L, 1L, 0L, 0L, 0L, 2L, 93L, 
    1L), dim = 5:4, dimnames = structure(list(c("-3", "-2", "-1", 
    "0", "1"), c("A", "G", "T", NA)), names = c("", ""))), LR36_SNP1 = structure(c(1L, 
    17L, 666L, 2590L, 328L, 5L, 0L, 0L, 0L, 2L, 0L, 0L, 1L, 19L, 
    462L, 2490L, 39L, 1L, 0L, 2L, 15L, 266L, 4L, 0L), dim = c(6L, 
    4L), dimnames = structure(list(c("-3", "-2", "-1", "0", "1", 
    "2"), c("A", "G", "T", NA)), names = c("", ""))), LR40_SNP1 = structure(c(0L, 
    0L, 1L, 0L, 2L, 160L, 2963L, 9L, 0L, 0L, 1L, 0L, 0L, 1L, 
    21L, 0L), dim = c(4L, 4L), dimnames = structure(list(c("-2", 
    "-1", "0", "1"), c("A", "C", "T", NA)), names = c("", ""))), 
    LR44_SNP1 = structure(c(0L, 0L, 0L, 2L, 0L, 0L, 0L, 7L, 88L, 
    733L, 2865L, 43L, 1L, 5L, 0L, 1L, 2L, 41L, 0L, 0L, 0L, 0L, 
    1L, 8L, 105L, 3L, 0L, 0L), dim = c(7L, 4L), dimnames = structure(list(
        c("-3", "-2", "-1", "0", "1", "2", "6"), c("-", "C", 
        "T", NA)), names = c("", ""))), LR46_SNP1 = structure(c(0L, 
    0L, 19L, 0L, 1L, 513L, 1749L, 5L, 0L, 6L, 9L, 0L), dim = 4:3, dimnames = structure(list(
        c("-2", "-1", "0", "1"), c("G", "T", NA)), names = c("", 
    ""))), LR48_SNP1 = structure(c(0L, 0L, 1L, 0L, 1L, 67L, 1258L, 
    27L, 6L, 126L, 994L, 16L, 0L, 0L, 78L, 0L), dim = c(4L, 4L
    ), dimnames = structure(list(c("-2", "-1", "0", "1"), c("A", 
    "C", "T", NA)), names = c("", ""))), LR49_SNP1 = structure(c(10L, 
    88L, 1944L, 0L, 652L, 1812L, 0L, 0L, 1L, 0L, 3L, 39L), dim = 3:4, dimnames = structure(list(
        c("-2", "-1", "0"), c("A", "G", "T", NA)), names = c("", 
    ""))), LR52_SNP1 = structure(c(0L, 0L, 1L, 1L, 6L, 0L, 0L, 
    1L, 11L, 357L, 792L, 1635L, 12L, 1L, 0L, 0L, 3L, 14L, 79L, 
    0L, 0L), dim = c(7L, 3L), dimnames = structure(list(c("-4", 
    "-3", "-2", "-1", "0", "1", "2"), c("C", "T", NA)), names = c("", 
    ""))))
