Result <-
list(DEPDC2_SNP1 = structure(c(0L, 0L, 3L, 0L, 0L, 0L, 7L, 0L, 
0L, 0L, 1L, 0L, 3L, 1203L, 23456L, 83L, 0L, 6L, 249L, 1L), dim = 4:5, dimnames = structure(list(
    c("-2", "-1", "0", "1"), c("A", "C", "G", "T", NA)), names = c("", 
""))), GM01_SNP1 = structure(c(3L, 698L, 3983L, 13L, 8L, 2430L, 
2937L, 5L, 0L, 12L, 93L, 1L), dim = 4:3, dimnames = structure(list(
    c("-2", "-1", "0", "1"), c("A", "G", NA)), names = c("", 
""))), GM07_SNP1 = structure(c(0L, 0L, 1L, 1L, 0L, 0L, 2L, 238L, 
4510L, 3078L, 87L, 1L, 0L, 0L, 0L, 5L, 0L, 0L, 0L, 0L, 0L, 1L, 
0L, 0L, 0L, 0L, 2L, 0L, 0L, 0L, 0L, 5L, 34L, 59L, 2L, 0L), dim = c(6L, 
6L), dimnames = structure(list(c("-3", "-2", "-1", "0", "1", 
"2"), c("-", "A", "G", "N", "T", NA)), names = c("", ""))), GM09_SNP1 = structure(c(1L, 
18L, 0L, 93L, 16956L, 23L, 0L, 1L, 0L, 2L, 152L, 0L), dim = 3:4, dimnames = structure(list(
    c("-1", "0", "1"), c("A", "G", "T", NA)), names = c("", ""
))), GM11_SNP1 = structure(c(24L, 6388L, 21L, 0L, 7L, 0L, 1L, 
59L, 1L), dim = c(3L, 3L), dimnames = structure(list(c("-1", 
"0", "1"), c("A", "G", NA)), names = c("", ""))), GM14_SNP1 = structure(c(0L, 
0L, 0L, 0L, 7L, 232L, 4598L, 45L, 4L, 176L, 4592L, 21L, 0L, 1L, 
160L, 2L), dim = c(4L, 4L), dimnames = structure(list(c("-2", 
"-1", "0", "1"), c("-", "C", "T", NA)), names = c("", ""))), 
    GM17_SNP1 = structure(c(0L, 60L, 5489L, 18L, 1L, 80L, 7282L, 
    19L, 0L, 1L, 105L, 1L), dim = 4:3, dimnames = structure(list(
        c("-2", "-1", "0", "1"), c("C", "T", NA)), names = c("", 
    ""))), GM22_SNP1 = structure(c(2L, 206L, 5167L, 18L, 4L, 
    242L, 3623L, 22L, 1L, 7L, 155L, 1L), dim = 4:3, dimnames = structure(list(
        c("-2", "-1", "0", "1"), c("A", "G", NA)), names = c("", 
    ""))), GM26_SNP1 = structure(c(0L, 0L, 8L, 0L, 1L, 43L, 6677L, 
    27L, 0L, 1L, 137L, 1L), dim = 4:3, dimnames = structure(list(
        c("-2", "-1", "0", "1"), c("A", "G", NA)), names = c("", 
    ""))), GM29_SNP1 = structure(c(1L, 3L, 611L, 5553L, 71L, 
    1L, 0L, 0L, 1L, 1L, 0L, 0L, 0L, 0L, 0L, 1L, 0L, 0L, 0L, 0L, 
    4L, 38L, 1L, 0L), dim = c(6L, 4L), dimnames = structure(list(
        c("-3", "-2", "-1", "0", "1", "2"), c("A", "G", "T", 
        NA)), names = c("", ""))), IM16_SNP1 = structure(c(0L, 
    0L, 4L, 0L, 0L, 15L, 2202L, 5625L, 52L, 3L, 0L, 6L, 77L, 
    8L, 0L), dim = c(5L, 3L), dimnames = structure(list(c("-2", 
    "-1", "0", "1", "2"), c("A", "G", NA)), names = c("", ""))), 
    IM49_SNP1 = structure(c(0L, 1L, 0L, 0L, 0L, 0L, 3L, 305L, 
    2428L, 3539L, 76L, 0L, 6L, 1522L, 1336L, 2376L, 31L, 1L, 
    0L, 13L, 64L, 207L, 6L, 0L), dim = c(6L, 4L), dimnames = structure(list(
        c("-3", "-2", "-1", "0", "1", "2"), c("A", "C", "G", 
        NA)), names = c("", ""))), LR10_SNP1 = structure(c(1L, 
    72L, 3776L, 24L, 0L, 99L, 4485L, 42L, 0L, 0L, 121L, 2L), dim = 4:3, dimnames = structure(list(
        c("-2", "-1", "0", "1"), c("C", "T", NA)), names = c("", 
    ""))), LR11_SNP1 = structure(c(0L, 17L, 1112L, 3231L, 39L, 
    1L, 1L, 70L, 2819L, 17L, 0L, 0L, 0L, 1L, 0L, 0L, 0L, 1L, 
    0L, 0L, 0L, 0L, 6L, 164L, 1L), dim = c(5L, 5L), dimnames = structure(list(
        c("-3", "-2", "-1", "0", "1"), c("A", "C", "G", "T", 
        NA)), names = c("", ""))), LR17_SNP1 = structure(c(0L, 
    0L, 0L, 1L, 0L, 1L, 49L, 2188L, 3492L, 49L, 0L, 0L, 1L, 1L, 
    0L, 0L, 1L, 147L, 318L, 0L), dim = 5:4, dimnames = structure(list(
        c("-3", "-2", "-1", "0", "1"), c("-", "A", "G", NA)), names = c("", 
    ""))), LR20_SNP1 = structure(c(1L, 1243L, 4221L, 9L, 0L, 
    0L, 9L, 4624L, 10L, 1L, 0L, 1L, 52L, 0L, 0L), dim = c(5L, 
    3L), dimnames = structure(list(c("-2", "-1", "0", "1", "2"
    ), c("A", "G", NA)), names = c("", ""))), LR24_SNP1 = structure(c(4L, 
    1867L, 16891L, 37L, 1L, 0L, 0L, 1L, 0L, 0L, 0L, 0L, 14L, 
    0L, 0L, 0L, 0L, 2L, 0L, 0L, 0L, 13L, 132L, 2L, 0L), dim = c(5L, 
    5L), dimnames = structure(list(c("-2", "-1", "0", "1", "2"
    ), c("A", "C", "G", "T", NA)), names = c("", ""))), LR36_SNP1 = structure(c(0L, 
    0L, 0L, 13L, 0L, 0L, 0L, 0L, 2L, 0L, 0L, 0L, 0L, 0L, 0L, 
    0L, 0L, 0L, 1L, 0L, 4L, 9L, 155L, 7406L, 50L, 0L, 1L, 4L, 
    464L, 1L), dim = 5:6, dimnames = structure(list(c("-3", "-2", 
    "-1", "0", "1"), c("A", "C", "G", "N", "T", NA)), names = c("", 
    ""))), LR40_SNP1 = structure(c(103L, 2930L, 5L, 103L, 3326L, 
    17L, 2L, 51L, 0L), dim = c(3L, 3L), dimnames = structure(list(
        c("-1", "0", "1"), c("A", "C", NA)), names = c("", ""
    ))), LR44_SNP1 = structure(c(0L, 295L, 1256L, 504L, 4515L, 
    57L, 1L, 0L, 0L, 0L, 1L, 2L, 0L, 0L, 1L, 2L, 38L, 929L, 5594L, 
    81L, 2L, 0L, 3L, 11L, 22L, 250L, 5L, 0L), dim = c(7L, 4L), dimnames = structure(list(
        c("-4", "-3", "-2", "-1", "0", "1", "2"), c("C", "N", 
        "T", NA)), names = c("", ""))), LR46_SNP1 = structure(c(0L, 
    1L, 0L, 0L, 0L, 0L, 1L, 0L, 0L, 10L, 3342L, 5L, 3L, 2635L, 
    2436L, 6L, 0L, 16L, 44L, 0L), dim = 4:5, dimnames = structure(list(
        c("-2", "-1", "0", "1"), c("-", "C", "G", "T", NA)), names = c("", 
    ""))), LR48_SNP1 = structure(c(5L, 95L, 3165L, 55L, 1L, 44L, 
    2817L, 2340L, 25L, 0L, 0L, 33L, 204L, 2L, 0L), dim = c(5L, 
    3L), dimnames = structure(list(c("-2", "-1", "0", "1", "2"
    ), c("C", "T", NA)), names = c("", ""))), LR49_SNP1 = structure(c(1L, 
    13L, 4665L, 0L, 0L, 21L, 6035L, 3L, 0L, 0L, 150L, 0L), dim = 4:3, dimnames = structure(list(
        c("-2", "-1", "0", "1"), c("A", "G", NA)), names = c("", 
    ""))), LR52_SNP1 = structure(c(0L, 0L, 0L, 0L, 0L, 0L, 2L, 
    183L, 2574L, 2038L, 2558L, 11L, 0L, 104L, 0L, 0L, 10L, 0L, 
    0L, 0L, 37L, 318L, 1157L, 5L), dim = c(6L, 4L), dimnames = structure(list(
        c("-4", "-3", "-2", "-1", "0", "1"), c("A", "C", "T", 
        NA)), names = c("", ""))))
