Result <-
list(DEPDC2_SNP1 = structure(c(0L, 0L, 3L, 0L, 0L, 0L, 28L, 0L, 
1L, 144L, 16499L, 145L, 0L, 0L, 268L, 1L), dim = c(4L, 4L), dimnames = structure(list(
    c("-2", "-1", "0", "1"), c("A", "C", "T", NA)), names = c("", 
""))), GM01_SNP1 = structure(c(161L, 8148L, 92L, 0L, 21L, 0L, 
3L, 93L, 0L), dim = c(3L, 3L), dimnames = structure(list(c("-1", 
"0", "1"), c("A", "G", NA)), names = c("", ""))), GM07_SNP1 = structure(c(0L, 
0L, 0L, 3L, 0L, 0L, 0L, 2L, 77L, 728L, 7628L, 1035L, 69L, 3L, 
0L, 0L, 0L, 13L, 0L, 0L, 0L, 0L, 0L, 0L, 2L, 0L, 0L, 0L, 0L, 
1L, 3L, 82L, 12L, 0L, 0L), dim = c(7L, 5L), dimnames = structure(list(
    c("-3", "-2", "-1", "0", "1", "2", "3"), c("-", "A", "G", 
    "T", NA)), names = c("", ""))), GM09_SNP1 = structure(c(66L, 
11657L, 17L, 0L, 136L, 10019L, 55L, 1L, 1L, 200L, 2L, 0L), dim = 4:3, dimnames = structure(list(
    c("-1", "0", "1", "2"), c("A", "G", NA)), names = c("", ""
))), GM11_SNP1 = structure(c(4L, 1249L, 6L, 10L, 1186L, 7L, 0L, 
16L, 0L), dim = c(3L, 3L), dimnames = structure(list(c("-1", 
"0", "1"), c("A", "G", NA)), names = c("", ""))), GM14_SNP1 = structure(c(0L, 
0L, 2L, 0L, 0L, 14L, 390L, 10025L, 116L, 2L, 0L, 0L, 18L, 0L, 
0L, 0L, 0L, 111L, 3L, 0L), dim = 5:4, dimnames = structure(list(
    c("-2", "-1", "0", "1", "2"), c("A", "C", "T", NA)), names = c("", 
""))), GM17_SNP1 = structure(c(0L, 0L, 4L, 0L, 1L, 292L, 15272L, 
68L, 1L, 218L, 12665L, 63L, 0L, 6L, 223L, 2L), dim = c(4L, 4L
), dimnames = structure(list(c("-2", "-1", "0", "1"), c("A", 
"C", "T", NA)), names = c("", ""))), GM22_SNP1 = structure(c(2L, 
82L, 4014L, 69L, 1L, 1L, 209L, 5098L, 21L, 1L, 0L, 6L, 207L, 
6L, 0L), dim = c(5L, 3L), dimnames = structure(list(c("-2", "-1", 
"0", "1", "2"), c("A", "G", NA)), names = c("", ""))), GM26_SNP1 = structure(c(0L, 
0L, 12L, 0L, 1L, 1163L, 5215L, 22L, 0L, 0L, 1L, 0L, 0L, 9L, 131L, 
0L), dim = c(4L, 4L), dimnames = structure(list(c("-4", "-1", 
"0", "1"), c("A", "G", "T", NA)), names = c("", ""))), GM29_SNP1 = structure(c(2L, 
94L, 5831L, 38L, 0L, 0L, 1L, 0L, 1L, 104L, 6894L, 14L, 0L, 0L, 
1L, 0L, 0L, 4L, 154L, 1L), dim = 4:5, dimnames = structure(list(
    c("-2", "-1", "0", "1"), c("A", "C", "G", "T", NA)), names = c("", 
""))), IM16_SNP1 = structure(c(0L, 6L, 0L, 0L, 132L, 5134L, 91L, 
1L, 1L, 105L, 8L, 0L), dim = 4:3, dimnames = structure(list(c("-1", 
"0", "1", "2"), c("A", "G", NA)), names = c("", ""))), IM49_SNP1 = structure(c(0L, 
0L, 1L, 0L, 0L, 0L, 0L, 0L, 1L, 62L, 0L, 0L, 3L, 205L, 8236L, 
33795L, 1138L, 28L, 0L, 0L, 0L, 1L, 0L, 0L, 0L, 6L, 155L, 1482L, 
54L, 4L), dim = 6:5, dimnames = structure(list(c("-3", "-2", 
"-1", "0", "1", "2"), c("A", "C", "G", "T", NA)), names = c("", 
""))), LR10_SNP1 = structure(c(2L, 17L, 0L, 112L, 6823L, 51L, 
1L, 76L, 2L), dim = c(3L, 3L), dimnames = structure(list(c("-1", 
"0", "1"), c("C", "T", NA)), names = c("", ""))), LR11_SNP1 = structure(c(0L, 
0L, 0L, 6L, 0L, 0L, 1L, 6L, 178L, 5485L, 51L, 1L, 0L, 0L, 5L, 
186L, 1L, 0L), dim = c(6L, 3L), dimnames = structure(list(c("-3", 
"-2", "-1", "0", "1", "2"), c("A", "C", NA)), names = c("", ""
))), LR17_SNP1 = structure(c(18L, 508L, 9248L, 161L, 7L, 0L, 
0L, 3L, 0L, 0L, 0L, 17L, 590L, 2L, 0L), dim = c(5L, 3L), dimnames = structure(list(
    c("-2", "-1", "0", "1", "2"), c("A", "G", NA)), names = c("", 
""))), LR20_SNP1 = structure(c(1L, 1548L, 4L, 0L, 6L, 2381L, 
12L, 1L, 0L, 41L, 0L, 0L), dim = 4:3, dimnames = structure(list(
    c("-1", "0", "1", "2"), c("A", "G", NA)), names = c("", ""
))), LR24_SNP1 = structure(c(0L, 0L, 0L, 1L, 0L, 1L, 1L, 146L, 
13424L, 81L, 0L, 5L, 61L, 7618L, 16L, 0L, 0L, 0L, 189L, 1L), dim = 5:4, dimnames = structure(list(
    c("-3", "-2", "-1", "0", "1"), c("-", "A", "G", NA)), names = c("", 
""))), LR36_SNP1 = structure(c(0L, 2L, 11L, 337L, 8360L, 132L, 
2L, 0L, 0L, 0L, 0L, 2L, 0L, 0L, 0L, 0L, 0L, 1L, 4L, 0L, 0L, 0L, 
4L, 15L, 207L, 7473L, 97L, 2L, 1L, 0L, 2L, 11L, 730L, 7L, 0L), dim = c(7L, 
5L), dimnames = structure(list(c("-4", "-3", "-2", "-1", "0", 
"1", "2"), c("A", "C", "G", "T", NA)), names = c("", ""))), LR40_SNP1 = structure(c(26L, 
2191L, 6L, 20L, 1867L, 3L, 0L, 1L, 0L, 0L, 27L, 0L), dim = 3:4, dimnames = structure(list(
    c("-1", "0", "1"), c("A", "C", "T", NA)), names = c("", ""
))), LR44_SNP1 = structure(c(10L, 198L, 547L, 1556L, 87L, 3L, 
0L, 0L, 8L, 1L, 0L, 0L, 2L, 3L, 132L, 1278L, 60L, 2L, 0L, 1L, 
8L, 71L, 1L, 0L), dim = c(6L, 4L), dimnames = structure(list(
    c("-3", "-2", "-1", "0", "1", "2"), c("C", "G", "T", NA)), names = c("", 
""))), LR46_SNP1 = structure(c(31L, 7583L, 27L, 0L, 12L, 0L, 
0L, 76L, 0L), dim = c(3L, 3L), dimnames = structure(list(c("-1", 
"0", "1"), c("G", "T", NA)), names = c("", ""))), LR48_SNP1 = structure(c(183L, 
3906L, 731L, 29L, 0L, 8L, 0L, 0L, 2L, 124L, 17L, 2L), dim = 4:3, dimnames = structure(list(
    c("-1", "0", "1", "2"), c("C", "T", NA)), names = c("", ""
))), LR49_SNP1 = structure(c(52L, 4849L, 1L, 10L, 5174L, 2L, 
1L, 141L, 0L), dim = c(3L, 3L), dimnames = structure(list(c("-1", 
"0", "1"), c("A", "G", NA)), names = c("", ""))), LR52_SNP1 = structure(c(0L, 
0L, 0L, 9L, 0L, 22L, 374L, 1071L, 2400L, 89L, 2L, 5L, 34L, 114L, 
6L), dim = c(5L, 3L), dimnames = structure(list(c("-3", "-2", 
"-1", "0", "1"), c("C", "T", NA)), names = c("", ""))))
