Result <-
list(DEPDC2_SNP1 = structure(c(0L, 0L, 12L, 0L, 0L, 66L, 5643L, 
43L, 0L, 0L, 1L, 0L, 1L, 69L, 6616L, 37L, 0L, 1L, 239L, 2L), dim = 4:5, dimnames = structure(list(
    c("-2", "-1", "0", "1"), c("A", "C", "G", "T", NA)), names = c("", 
""))), GM01_SNP1 = structure(c(0L, 1L, 2L, 0L, 2L, 1617L, 7982L, 
47L, 0L, 1L, 23L, 0L, 0L, 1L, 1L, 0L, 0L, 10L, 94L, 2L), dim = 4:5, dimnames = structure(list(
    c("-2", "-1", "0", "1"), c("-", "A", "G", "T", NA)), names = c("", 
""))), GM07_SNP1 = structure(c(0L, 4L, 101L, 3L, 0L, 70L, 2334L, 
5257L, 215L, 13L, 0L, 0L, 1L, 0L, 0L, 2L, 18L, 150L, 6L, 0L), dim = 5:4, dimnames = structure(list(
    c("-2", "-1", "0", "1", "2"), c("A", "G", "T", NA)), names = c("", 
""))), GM09_SNP1 = structure(c(22L, 65L, 0L, 0L, 155L, 17311L, 
34L, 1L, 2L, 187L, 1L, 0L), dim = 4:3, dimnames = structure(list(
    c("-1", "0", "1", "2"), c("A", "G", NA)), names = c("", ""
))), GM11_SNP1 = structure(c(2L, 289L, 4328L, 17L, 0L, 0L, 5L, 
0L, 0L, 0L, 1L, 0L, 0L, 3L, 32L, 1L), dim = c(4L, 4L), dimnames = structure(list(
    c("-2", "-1", "0", "1"), c("A", "G", "T", NA)), names = c("", 
""))), GM14_SNP1 = structure(c(0L, 0L, 0L, 0L, 1L, 0L, 0L, 1L, 
2L, 89L, 2667L, 2693L, 36L, 1L, 0L, 0L, 3L, 239L, 5153L, 38L, 
0L, 0L, 0L, 0L, 4L, 109L, 0L, 0L), dim = c(7L, 4L), dimnames = structure(list(
    c("-4", "-3", "-2", "-1", "0", "1", "2"), c("A", "C", "T", 
    NA)), names = c("", ""))), GM17_SNP1 = structure(c(2L, 4L, 
1170L, 11406L, 52L, 0L, 0L, 1L, 34L, 0L, 0L, 0L, 8L, 109L, 1L
), dim = c(5L, 3L), dimnames = structure(list(c("-3", "-2", "-1", 
"0", "1"), c("C", "T", NA)), names = c("", ""))), GM22_SNP1 = structure(c(12L, 
6L, 355L, 7005L, 42L, 0L, 0L, 0L, 7L, 0L, 0L, 0L, 0L, 1L, 0L, 
0L, 0L, 5L, 128L, 0L), dim = 5:4, dimnames = structure(list(c("-3", 
"-2", "-1", "0", "1"), c("A", "G", "T", NA)), names = c("", ""
))), GM26_SNP1 = structure(c(2L, 83L, 5278L, 27L, 0L, 21L, 1742L, 
4L, 0L, 1L, 120L, 0L), dim = 4:3, dimnames = structure(list(c("-2", 
"-1", "0", "1"), c("A", "G", NA)), names = c("", ""))), GM29_SNP1 = structure(c(1L, 
148L, 7354L, 19L, 1L, 0L, 2L, 90L, 0L, 0L, 0L, 0L, 1L, 0L, 0L, 
0L, 3L, 88L, 0L, 0L), dim = 5:4, dimnames = structure(list(c("-3", 
"-1", "0", "1", "2"), c("A", "G", "T", NA)), names = c("", ""
))), IM16_SNP1 = structure(c(0L, 0L, 1L, 0L, 0L, 1L, 203L, 2593L, 
51L, 0L, 4L, 1285L, 1624L, 28L, 1L, 0L, 7L, 54L, 4L, 0L), dim = 5:4, dimnames = structure(list(
    c("-2", "-1", "0", "1", "2"), c("-", "A", "G", NA)), names = c("", 
""))), IM49_SNP1 = structure(c(0L, 3L, 60L, 2L, 0L, 64L, 2688L, 
7349L, 257L, 3L, 0L, 57L, 331L, 12L, 0L), dim = c(5L, 3L), dimnames = structure(list(
    c("-2", "-1", "0", "1", "2"), c("C", "G", NA)), names = c("", 
""))), LR10_SNP1 = structure(c(0L, 0L, 2L, 0L, 7L, 1799L, 1697L, 
20L, 0L, 57L, 3745L, 23L, 0L, 11L, 61L, 0L), dim = c(4L, 4L), dimnames = structure(list(
    c("-2", "-1", "0", "1"), c("A", "C", "T", NA)), names = c("", 
""))), LR11_SNP1 = structure(c(0L, 1L, 135L, 3323L, 26L, 1L, 
4L, 67L, 2665L, 23L, 0L, 0L, 0L, 1L, 0L, 0L, 0L, 5L, 120L, 1L
), dim = 5:4, dimnames = structure(list(c("-3", "-2", "-1", "0", 
"1"), c("A", "C", "G", NA)), names = c("", ""))), LR17_SNP1 = structure(c(66L, 
2051L, 4597L, 85L, 1L, 0L, 0L, 3L, 0L, 0L, 0L, 105L, 327L, 5L, 
0L), dim = c(5L, 3L), dimnames = structure(list(c("-2", "-1", 
"0", "1", "2"), c("A", "G", NA)), names = c("", ""))), LR20_SNP1 = structure(c(0L, 
63L, 0L, 0L, 1L, 0L, 646L, 6866L, 26L, 0L, 1L, 0L, 6L, 70L, 0L
), dim = c(3L, 5L), dimnames = structure(list(c("-1", "0", "1"
), c("A", "C", "G", "T", NA)), names = c("", ""))), LR24_SNP1 = structure(c(0L, 
0L, 1L, 0L, 26L, 3452L, 3857L, 9L, 50L, 3960L, 5655L, 20L, 1L, 
35L, 95L, 1L), dim = c(4L, 4L), dimnames = structure(list(c("-2", 
"-1", "0", "1"), c("-", "A", "G", NA)), names = c("", ""))), 
    LR36_SNP1 = structure(c(0L, 0L, 0L, 1L, 25L, 0L, 0L, 0L, 
    0L, 0L, 0L, 0L, 1L, 0L, 0L, 0L, 0L, 2L, 46L, 1962L, 5800L, 
    85L, 13L, 1L, 1L, 0L, 3L, 91L, 386L, 7L, 0L, 0L), dim = c(8L, 
    4L), dimnames = structure(list(c("-4", "-3", "-2", "-1", 
    "0", "1", "2", "3"), c("A", "G", "T", NA)), names = c("", 
    ""))), LR40_SNP1 = structure(c(0L, 1L, 0L, 109L, 6312L, 25L, 
    0L, 1L, 0L, 0L, 34L, 1L), dim = 3:4, dimnames = structure(list(
        c("-1", "0", "1"), c("A", "C", "T", NA)), names = c("", 
    ""))), LR44_SNP1 = structure(c(10L, 791L, 37L, 90L, 1135L, 
    22L, 0L, 0L, 0L, 0L, 10L, 0L, 0L, 59L, 359L, 600L, 953L, 
    32L, 0L, 6L, 4L, 12L, 39L, 2L), dim = c(6L, 4L), dimnames = structure(list(
        c("-4", "-3", "-2", "-1", "0", "1"), c("C", "G", "T", 
        NA)), names = c("", ""))), LR46_SNP1 = structure(c(0L, 
    16L, 0L, 41L, 2832L, 12L, 35L, 3425L, 13L, 0L, 53L, 0L), dim = 3:4, dimnames = structure(list(
        c("-1", "0", "1"), c("A", "G", "T", NA)), names = c("", 
    ""))), LR48_SNP1 = structure(c(0L, 0L, 2L, 146L, 2914L, 51L, 
    1L, 1L, 1L, 4L, 120L, 2328L, 40L, 0L, 0L, 0L, 0L, 4L, 135L, 
    2L, 0L), dim = c(7L, 3L), dimnames = structure(list(c("-4", 
    "-3", "-2", "-1", "0", "1", "2"), c("C", "T", NA)), names = c("", 
    ""))), LR49_SNP1 = structure(c(36L, 4511L, 4L, 14L, 4193L, 
    1L, 1L, 2L, 0L, 1L, 114L, 0L), dim = 3:4, dimnames = structure(list(
        c("-1", "0", "1"), c("A", "G", "T", NA)), names = c("", 
    ""))), LR52_SNP1 = structure(c(0L, 0L, 1L, 0L, 0L, 0L, 0L, 
    2L, 8L, 35L, 0L, 0L, 7L, 287L, 2234L, 2642L, 57L, 1L, 1L, 
    2L, 40L, 132L, 1L, 0L), dim = c(6L, 4L), dimnames = structure(list(
        c("-3", "-2", "-1", "0", "1", "2"), c("A", "C", "T", 
        NA)), names = c("", ""))))
