Result <-
list(DEPDC2_SNP1 = structure(c(0L, 3L, 0L, 0L, 24L, 0L, 134L, 
15911L, 63L, 0L, 245L, 1L), dim = 3:4, dimnames = structure(list(
    c("-1", "0", "1"), c("A", "C", "T", NA)), names = c("", ""
))), GM01_SNP1 = structure(c(0L, 1L, 0L, 133L, 7432L, 50L, 0L, 
7L, 0L, 3L, 105L, 0L), dim = 3:4, dimnames = structure(list(c("-1", 
"0", "1"), c("-", "A", "G", NA)), names = c("", ""))), GM07_SNP1 = structure(c(0L, 
0L, 4L, 0L, 0L, 11L, 436L, 7217L, 309L, 7L, 0L, 0L, 13L, 1L, 
0L, 0L, 1L, 78L, 4L, 0L), dim = 5:4, dimnames = structure(list(
    c("-2", "-1", "0", "1", "2"), c("-", "A", "G", NA)), names = c("", 
""))), GM09_SNP1 = structure(c(0L, 49L, 0L, 110L, 13619L, 41L, 
0L, 2L, 0L, 2L, 160L, 1L), dim = 3:4, dimnames = structure(list(
    c("-1", "0", "1"), c("A", "G", "T", NA)), names = c("", ""
))), GM11_SNP1 = structure(c(1L, 19L, 3630L, 24L, 0L, 0L, 7L, 
0L, 0L, 0L, 25L, 0L), dim = 4:3, dimnames = structure(list(c("-3", 
"-1", "0", "1"), c("A", "G", NA)), names = c("", ""))), GM14_SNP1 = structure(c(0L, 
0L, 0L, 7L, 1L, 0L, 4L, 8L, 363L, 8516L, 161L, 4L, 0L, 0L, 0L, 
8L, 1L, 0L, 0L, 0L, 0L, 121L, 4L, 0L), dim = c(6L, 4L), dimnames = structure(list(
    c("-3", "-2", "-1", "0", "1", "2"), c("A", "C", "T", NA)), names = c("", 
""))), GM17_SNP1 = structure(c(1L, 4L, 135L, 11158L, 60L, 0L, 
0L, 0L, 0L, 45L, 0L, 0L, 0L, 0L, 0L, 104L, 0L, 1L), dim = c(6L, 
3L), dimnames = structure(list(c("-3", "-2", "-1", "0", "1", 
"2"), c("C", "T", NA)), names = c("", ""))), GM22_SNP1 = structure(c(1L, 
47L, 3139L, 15L, 1L, 52L, 2922L, 20L, 0L, 0L, 1L, 0L, 0L, 4L, 
120L, 1L), dim = c(4L, 4L), dimnames = structure(list(c("-2", 
"-1", "0", "1"), c("A", "G", "T", NA)), names = c("", ""))), 
    GM26_SNP1 = structure(c(1L, 31L, 3738L, 22L, 0L, 32L, 3332L, 
    5L, 0L, 2L, 103L, 1L), dim = 4:3, dimnames = structure(list(
        c("-3", "-1", "0", "1"), c("A", "G", NA)), names = c("", 
    ""))), GM29_SNP1 = structure(c(0L, 0L, 11L, 0L, 0L, 3L, 187L, 
    8109L, 27L, 2L, 0L, 1L, 96L, 1L, 0L), dim = c(5L, 3L), dimnames = structure(list(
        c("-2", "-1", "0", "1", "2"), c("A", "G", NA)), names = c("", 
    ""))), IM16_SNP1 = structure(c(23L, 2205L, 58L, 2L, 52L, 
    2410L, 55L, 1L, 1L, 73L, 3L, 0L), dim = 4:3, dimnames = structure(list(
        c("-1", "0", "1", "2"), c("A", "G", NA)), names = c("", 
    ""))), IM49_SNP1 = structure(c(0L, 0L, 0L, 1L, 0L, 0L, 0L, 
    7L, 278L, 6209L, 196L, 7L, 2L, 3L, 299L, 5995L, 190L, 5L, 
    0L, 0L, 12L, 456L, 17L, 1L), dim = c(6L, 4L), dimnames = structure(list(
        c("-3", "-2", "-1", "0", "1", "2"), c("A", "C", "G", 
        NA)), names = c("", ""))), LR10_SNP1 = structure(c(118L, 
    5483L, 63L, 0L, 15L, 0L, 0L, 64L, 1L), dim = c(3L, 3L), dimnames = structure(list(
        c("-1", "0", "1"), c("C", "T", NA)), names = c("", ""
    ))), LR11_SNP1 = structure(c(2L, 59L, 2540L, 33L, 2L, 3L, 
    62L, 2022L, 24L, 0L, 0L, 0L, 2L, 0L, 0L, 0L, 0L, 1L, 0L, 
    0L, 0L, 4L, 103L, 1L, 0L), dim = c(5L, 5L), dimnames = structure(list(
        c("-2", "-1", "0", "1", "2"), c("A", "C", "G", "T", NA
        )), names = c("", ""))), LR17_SNP1 = structure(c(5L, 
    255L, 4384L, 99L, 2L, 0L, 6L, 246L, 3L, 0L), dim = c(5L, 
    2L), dimnames = structure(list(c("-2", "-1", "0", "1", "2"
    ), c("A", NA)), names = c("", ""))), LR20_SNP1 = structure(c(0L, 
    23L, 0L, 8L, 4421L, 16L, 0L, 56L, 0L), dim = c(3L, 3L), dimnames = structure(list(
        c("-1", "0", "1"), c("A", "G", NA)), names = c("", ""
    ))), LR24_SNP1 = structure(c(0L, 0L, 0L, 2L, 0L, 0L, 0L, 
    35L, 5661L, 16L, 0L, 0L, 0L, 1L, 0L, 1L, 3L, 19L, 5437L, 
    14L, 0L, 0L, 2L, 100L, 0L), dim = c(5L, 5L), dimnames = structure(list(
        c("-3", "-2", "-1", "0", "1"), c("-", "A", "C", "G", 
        NA)), names = c("", ""))), LR36_SNP1 = structure(c(1L, 
    7L, 115L, 3653L, 54L, 0L, 0L, 0L, 0L, 4L, 0L, 0L, 0L, 6L, 
    84L, 3467L, 53L, 1L, 0L, 0L, 4L, 366L, 2L, 0L), dim = c(6L, 
    4L), dimnames = structure(list(c("-3", "-2", "-1", "0", "1", 
    "2"), c("A", "G", "T", NA)), names = c("", ""))), LR40_SNP1 = structure(c(0L, 
    0L, 1L, 0L, 1L, 50L, 3395L, 23L, 0L, 0L, 1L, 0L, 0L, 0L, 
    16L, 0L), dim = c(4L, 4L), dimnames = structure(list(c("-2", 
    "-1", "0", "1"), c("A", "C", "T", NA)), names = c("", ""))), 
    LR44_SNP1 = structure(c(0L, 5L, 0L, 0L, 0L, 0L, 5L, 111L, 
    1747L, 33L, 1L, 0L, 9L, 211L, 1845L, 44L, 0L, 1L, 1L, 7L, 
    94L, 3L, 0L, 0L), dim = c(6L, 4L), dimnames = structure(list(
        c("-2", "-1", "0", "1", "2", "3"), c("A", "C", "T", NA
        )), names = c("", ""))), LR46_SNP1 = structure(c(0L, 
    1L, 0L, 0L, 1L, 0L, 1L, 24L, 0L, 34L, 6005L, 20L, 0L, 54L, 
    0L), dim = c(3L, 5L), dimnames = structure(list(c("-1", "0", 
    "1"), c("A", "C", "G", "T", NA)), names = c("", ""))), LR48_SNP1 = structure(c(1L, 
    9L, 210L, 5298L, 133L, 2L, 0L, 0L, 0L, 1L, 0L, 0L, 0L, 0L, 
    0L, 139L, 2L, 0L), dim = c(6L, 3L), dimnames = structure(list(
        c("-3", "-2", "-1", "0", "1", "2"), c("C", "T", NA)), names = c("", 
    ""))), LR49_SNP1 = structure(c(0L, 54L, 0L, 34L, 8690L, 8L, 
    2L, 66L, 0L), dim = c(3L, 3L), dimnames = structure(list(
        c("-1", "0", "1"), c("A", "G", NA)), names = c("", ""
    ))), LR52_SNP1 = structure(c(0L, 0L, 0L, 0L, 1L, 0L, 0L, 
    0L, 0L, 0L, 0L, 1L, 0L, 0L, 2L, 7L, 41L, 551L, 3929L, 62L, 
    1L, 0L, 0L, 1L, 5L, 30L, 0L, 0L, 0L, 0L, 2L, 58L, 795L, 12L, 
    0L), dim = c(7L, 5L), dimnames = structure(list(c("-4", "-3", 
    "-2", "-1", "0", "1", "2"), c("-", "A", "C", "T", NA)), names = c("", 
    ""))))
