Result <-
list(DEPDC2_SNP1 = structure(c(0L, 1L, 0L, 0L, 0L, 2L, 203L, 
1L, 0L, 0L, 0L, 2L, 0L, 0L, 0L, 70L, 6166L, 1390L, 18L, 1L, 0L, 
111L, 17L, 1L, 0L), dim = c(5L, 5L), dimnames = structure(list(
    c("-1", "0", "1", "2", "3"), c("A", "C", "G", "T", NA)), names = c("", 
""))), GM01_SNP1 = structure(c(2L, 53L, 3241L, 13L, 1L, 0L, 60L, 
3321L, 14L, 0L, 0L, 1L, 78L, 1L, 0L), dim = c(5L, 3L), dimnames = structure(list(
    c("-2", "-1", "0", "1", "2"), c("A", "G", NA)), names = c("", 
""))), GM07_SNP1 = structure(c(0L, 2L, 10L, 0L, 0L, 53L, 2474L, 
3275L, 134L, 2L, 0L, 0L, 0L, 0L, 0L, 0L, 16L, 86L, 5L, 0L), dim = 5:4, dimnames = structure(list(
    c("-2", "-1", "0", "1", "2"), c("A", "G", "T", NA)), names = c("", 
""))), GM09_SNP1 = structure(c(0L, 298L, 1L, 0L, 59L, 7530L, 
2542L, 20L, 0L, 88L, 24L, 0L), dim = 4:3, dimnames = structure(list(
    c("-1", "0", "1", "2"), c("A", "G", NA)), names = c("", ""
))), GM11_SNP1 = structure(c(49L, 1478L, 3L, 0L, 3L, 0L, 1L, 
15L, 0L), dim = c(3L, 3L), dimnames = structure(list(c("-1", 
"0", "1"), c("A", "G", NA)), names = c("", ""))), GM14_SNP1 = structure(c(0L, 
0L, 0L, 1L, 0L, 0L, 1L, 8L, 188L, 4805L, 61L, 0L, 0L, 0L, 0L, 
1L, 0L, 0L, 0L, 4L, 103L, 4207L, 24L, 2L, 0L, 0L, 1L, 111L, 1L, 
0L), dim = 6:5, dimnames = structure(list(c("-3", "-2", "-1", 
"0", "1", "2"), c("A", "C", "N", "T", NA)), names = c("", ""))), 
    GM17_SNP1 = structure(c(0L, 0L, 1L, 0L, 0L, 0L, 0L, 11L, 
    0L, 0L, 2L, 156L, 10767L, 2475L, 9L, 0L, 2L, 129L, 15L, 0L
    ), dim = 5:4, dimnames = structure(list(c("-2", "-1", "0", 
    "1", "2"), c("A", "C", "T", NA)), names = c("", ""))), GM22_SNP1 = structure(c(0L, 
    0L, 47L, 0L, 1L, 66L, 3977L, 15L, 0L, 0L, 1L, 0L, 0L, 2L, 
    94L, 1L), dim = c(4L, 4L), dimnames = structure(list(c("-2", 
    "-1", "0", "1"), c("A", "G", "T", NA)), names = c("", ""))), 
    GM26_SNP1 = structure(c(3L, 86L, 2871L, 14L, 0L, 0L, 2L, 
    0L, 0L, 1L, 47L, 0L), dim = 4:3, dimnames = structure(list(
        c("-2", "-1", "0", "1"), c("A", "G", NA)), names = c("", 
    ""))), GM29_SNP1 = structure(c(0L, 1L, 43L, 0L, 2L, 84L, 
    5745L, 21L, 0L, 2L, 53L, 0L), dim = 4:3, dimnames = structure(list(
        c("-2", "-1", "0", "1"), c("A", "G", NA)), names = c("", 
    ""))), IM16_SNP1 = structure(c(2L, 113L, 884L, 26L, 1L, 0L, 
    20L, 1851L, 21L, 0L, 0L, 1L, 48L, 2L, 0L), dim = c(5L, 3L
    ), dimnames = structure(list(c("-2", "-1", "0", "1", "2"), 
        c("A", "G", NA)), names = c("", ""))), IM49_SNP1 = structure(c(0L, 
    1L, 0L, 0L, 0L, 0L, 0L, 14L, 375L, 11L, 2L, 0L, 102L, 1649L, 
    17831L, 666L, 22L, 1L, 0L, 0L, 2L, 0L, 0L, 0L, 2L, 34L, 871L, 
    25L, 2L, 0L), dim = 6:5, dimnames = structure(list(c("-2", 
    "-1", "0", "1", "2", "3"), c("A", "C", "G", "T", NA)), names = c("", 
    ""))), LR10_SNP1 = structure(c(2L, 25L, 1225L, 7L, 0L, 53L, 
    3488L, 23L, 0L, 0L, 47L, 1L), dim = 4:3, dimnames = structure(list(
        c("-2", "-1", "0", "1"), c("C", "T", NA)), names = c("", 
    ""))), LR11_SNP1 = structure(c(1L, 99L, 3310L, 38L, 0L, 1L, 
    3L, 0L, 0L, 1L, 36L, 0L), dim = 4:3, dimnames = structure(list(
        c("-2", "-1", "0", "1"), c("A", "C", NA)), names = c("", 
    ""))), LR17_SNP1 = structure(c(7L, 296L, 4006L, 75L, 1L, 
    0L, 18L, 259L, 4L, 0L), dim = c(5L, 2L), dimnames = structure(list(
        c("-2", "-1", "0", "1", "2"), c("A", NA)), names = c("", 
    ""))), LR20_SNP1 = structure(c(0L, 2L, 0L, 147L, 4262L, 15L, 
    0L, 170L, 0L, 0L, 1L, 0L, 0L, 27L, 0L), dim = c(3L, 5L), dimnames = structure(list(
        c("-1", "0", "1"), c("-", "A", "G", "T", NA)), names = c("", 
    ""))), LR24_SNP1 = structure(c(2L, 685L, 5629L, 16L, 1L, 
    0L, 1L, 50L, 0L, 0L, 0L, 7L, 54L, 0L, 0L), dim = c(5L, 3L
    ), dimnames = structure(list(c("-2", "-1", "0", "1", "2"), 
        c("A", "G", NA)), names = c("", ""))), LR36_SNP1 = structure(c(0L, 
    1L, 1L, 7L, 226L, 1L, 0L, 0L, 0L, 0L, 1L, 0L, 1L, 3L, 86L, 
    1130L, 4533L, 39L, 0L, 0L, 0L, 44L, 302L, 1L), dim = c(6L, 
    4L), dimnames = structure(list(c("-4", "-3", "-2", "-1", 
    "0", "1"), c("A", "G", "T", NA)), names = c("", ""))), LR40_SNP1 = structure(c(0L, 
    1L, 53L, 0L, 2L, 439L, 1029L, 4L, 0L, 0L, 10L, 0L), dim = 4:3, dimnames = structure(list(
        c("-2", "-1", "0", "1"), c("A", "C", NA)), names = c("", 
    ""))), LR44_SNP1 = structure(c(0L, 0L, 2L, 7L, 0L, 0L, 2L, 
    47L, 828L, 2972L, 180L, 10L, 0L, 0L, 10L, 56L, 2L, 0L), dim = c(6L, 
    3L), dimnames = structure(list(c("-3", "-2", "-1", "0", "1", 
    "2"), c("C", "T", NA)), names = c("", ""))), LR46_SNP1 = structure(c(102L, 
    3076L, 5L, 0L, 157L, 0L, 0L, 27L, 1L), dim = c(3L, 3L), dimnames = structure(list(
        c("-1", "0", "1"), c("G", "T", NA)), names = c("", ""
    ))), LR48_SNP1 = structure(c(0L, 0L, 1L, 0L, 66L, 1208L, 
    1297L, 19L, 4L, 92L, 1207L, 31L, 2L, 9L, 69L, 2L), dim = c(4L, 
    4L), dimnames = structure(list(c("-2", "-1", "0", "1"), c("A", 
    "C", "T", NA)), names = c("", ""))), LR49_SNP1 = structure(c(83L, 
    2301L, 1L, 9L, 2514L, 0L, 1L, 1L, 0L, 0L, 45L, 0L), dim = 3:4, dimnames = structure(list(
        c("-1", "0", "1"), c("A", "G", "T", NA)), names = c("", 
    ""))), LR52_SNP1 = structure(c(2L, 15L, 255L, 528L, 6L, 6L, 
    55L, 643L, 488L, 28L, 0L, 3L, 25L, 104L, 7L), dim = c(5L, 
    3L), dimnames = structure(list(c("-3", "-2", "-1", "0", "1"
    ), c("C", "T", NA)), names = c("", ""))))
