Result <-
list(DEPDC2_SNP1 = structure(c(77L, 7459L, 35L, 1L, 111L, 9043L, 
54L, 0L, 2L, 317L, 3L, 0L), dim = 4:3, dimnames = structure(list(
    c("-1", "0", "1", "2"), c("C", "T", NA)), names = c("", ""
))), GM01_SNP1 = structure(c(0L, 0L, 2L, 0L, 2L, 134L, 7931L, 
44L, 0L, 0L, 21L, 0L, 0L, 3L, 102L, 1L), dim = c(4L, 4L), dimnames = structure(list(
    c("-2", "-1", "0", "1"), c("-", "A", "G", NA)), names = c("", 
""))), GM07_SNP1 = structure(c(0L, 2L, 7L, 1L, 0L, 3L, 326L, 
4641L, 235L, 13L, 15L, 351L, 5009L, 243L, 13L, 0L, 1L, 0L, 0L, 
0L, 0L, 3L, 176L, 2L, 0L), dim = c(5L, 5L), dimnames = structure(list(
    c("-2", "-1", "0", "1", "2"), c("-", "A", "G", "T", NA)), names = c("", 
""))), GM09_SNP1 = structure(c(58L, 7766L, 16L, 89L, 6500L, 21L, 
3L, 158L, 0L), dim = c(3L, 3L), dimnames = structure(list(c("-1", 
"0", "1"), c("A", "G", NA)), names = c("", ""))), GM11_SNP1 = structure(c(5L, 
1282L, 5L, 17L, 1718L, 18L, 0L, 22L, 0L), dim = c(3L, 3L), dimnames = structure(list(
    c("-1", "0", "1"), c("A", "G", NA)), names = c("", ""))), 
    GM14_SNP1 = structure(c(0L, 0L, 0L, 0L, 0L, 0L, 0L, 0L, 0L, 
    1L, 0L, 0L, 2L, 6L, 210L, 4964L, 79L, 2L, 0L, 4L, 147L, 4875L, 
    23L, 0L, 0L, 0L, 1L, 144L, 1L, 0L), dim = 6:5, dimnames = structure(list(
        c("-3", "-2", "-1", "0", "1", "2"), c("-", "A", "C", 
        "T", NA)), names = c("", ""))), GM17_SNP1 = structure(c(1L, 
    2L, 153L, 11300L, 46L, 0L, 0L, 0L, 75L, 0L, 0L, 0L, 3L, 119L, 
    0L), dim = c(5L, 3L), dimnames = structure(list(c("-3", "-2", 
    "-1", "0", "1"), c("C", "T", NA)), names = c("", ""))), GM22_SNP1 = structure(c(5L, 
    153L, 6632L, 33L, 0L, 0L, 13L, 0L, 0L, 4L, 104L, 1L), dim = 4:3, dimnames = structure(list(
        c("-2", "-1", "0", "1"), c("A", "G", NA)), names = c("", 
    ""))), GM26_SNP1 = structure(c(46L, 6239L, 25L, 0L, 27L, 
    0L, 0L, 1L, 0L, 2L, 95L, 0L), dim = 3:4, dimnames = structure(list(
        c("-1", "0", "1"), c("A", "G", "T", NA)), names = c("", 
    ""))), GM29_SNP1 = structure(c(3L, 228L, 10034L, 61L, 0L, 
    0L, 48L, 0L, 0L, 0L, 3L, 0L, 0L, 2L, 130L, 0L), dim = c(4L, 
    4L), dimnames = structure(list(c("-2", "-1", "0", "1"), c("A", 
    "G", "T", NA)), names = c("", ""))), IM16_SNP1 = structure(c(75L, 
    4101L, 78L, 1L, 3L, 15L, 0L, 0L, 0L, 1L, 0L, 0L, 2L, 66L, 
    0L, 1L), dim = c(4L, 4L), dimnames = structure(list(c("-1", 
    "0", "1", "2"), c("A", "G", "T", NA)), names = c("", ""))), 
    IM49_SNP1 = structure(c(0L, 0L, 0L, 1L, 0L, 0L, 0L, 1L, 9L, 
    170L, 6L, 0L, 1L, 17L, 769L, 16902L, 512L, 9L, 0L, 0L, 11L, 
    814L, 26L, 1L), dim = c(6L, 4L), dimnames = structure(list(
        c("-3", "-2", "-1", "0", "1", "2"), c("A", "C", "G", 
        NA)), names = c("", ""))), LR10_SNP1 = structure(c(0L, 
    0L, 2L, 0L, 0L, 0L, 29L, 0L, 2L, 110L, 5500L, 26L, 0L, 0L, 
    65L, 0L), dim = c(4L, 4L), dimnames = structure(list(c("-2", 
    "-1", "0", "1"), c("A", "C", "T", NA)), names = c("", ""))), 
    LR11_SNP1 = structure(c(0L, 11L, 26L, 0L, 2L, 93L, 3268L, 
    31L, 0L, 0L, 1L, 0L, 0L, 2L, 98L, 1L), dim = c(4L, 4L), dimnames = structure(list(
        c("-2", "-1", "0", "1"), c("A", "C", "T", NA)), names = c("", 
    ""))), LR17_SNP1 = structure(c(1L, 3L, 237L, 4586L, 119L, 
    6L, 0L, 0L, 0L, 3L, 0L, 0L, 0L, 0L, 9L, 350L, 4L, 0L), dim = c(6L, 
    3L), dimnames = structure(list(c("-3", "-2", "-1", "0", "1", 
    "2"), c("A", "G", NA)), names = c("", ""))), LR20_SNP1 = structure(c(4L, 
    4163L, 3L, 0L, 15L, 0L, 0L, 17L, 1L), dim = c(3L, 3L), dimnames = structure(list(
        c("-1", "0", "1"), c("A", "G", NA)), names = c("", ""
    ))), LR24_SNP1 = structure(c(2L, 76L, 13205L, 43L, 0L, 25L, 
    37L, 0L, 0L, 1L, 0L, 0L, 0L, 0L, 126L, 1L), dim = c(4L, 4L
    ), dimnames = structure(list(c("-2", "-1", "0", "1"), c("A", 
    "G", "T", NA)), names = c("", ""))), LR36_SNP1 = structure(c(1L, 
    0L, 8L, 193L, 6209L, 75L, 1L, 0L, 0L, 0L, 0L, 3L, 0L, 0L, 
    0L, 0L, 0L, 0L, 2L, 0L, 0L, 0L, 3L, 5L, 128L, 5352L, 91L, 
    2L, 0L, 0L, 0L, 7L, 478L, 8L, 0L), dim = c(7L, 5L), dimnames = structure(list(
        c("-4", "-3", "-2", "-1", "0", "1", "2"), c("A", "C", 
        "G", "T", NA)), names = c("", ""))), LR40_SNP1 = structure(c(0L, 
    2L, 0L, 38L, 2806L, 5L, 0L, 21L, 0L), dim = c(3L, 3L), dimnames = structure(list(
        c("-1", "0", "1"), c("A", "C", NA)), names = c("", ""
    ))), LR44_SNP1 = structure(c(0L, 0L, 0L, 1L, 0L, 0L, 0L, 
    1L, 23L, 440L, 4650L, 148L, 2L, 1L, 0L, 1L, 1L, 49L, 1L, 
    0L, 0L, 0L, 1L, 3L, 44L, 0L, 0L, 0L, 0L, 0L, 4L, 154L, 3L, 
    1L, 0L), dim = c(7L, 5L), dimnames = structure(list(c("-3", 
    "-2", "-1", "0", "1", "2", "3"), c("A", "C", "G", "T", NA
    )), names = c("", ""))), LR46_SNP1 = structure(c(0L, 1L, 
    0L, 23L, 5430L, 29L, 0L, 25L, 0L, 0L, 51L, 0L), dim = 3:4, dimnames = structure(list(
        c("-1", "0", "1"), c("A", "G", "T", NA)), names = c("", 
    ""))), LR48_SNP1 = structure(c(1L, 3L, 94L, 2812L, 75L, 0L, 
    0L, 2L, 114L, 2695L, 83L, 1L, 0L, 0L, 7L, 163L, 4L, 0L), dim = c(6L, 
    3L), dimnames = structure(list(c("-3", "-2", "-1", "0", "1", 
    "2"), c("C", "T", NA)), names = c("", ""))), LR49_SNP1 = structure(c(17L, 
    5710L, 3L, 27L, 6368L, 3L, 0L, 3L, 0L, 1L, 145L, 0L), dim = 3:4, dimnames = structure(list(
        c("-1", "0", "1"), c("A", "G", "T", NA)), names = c("", 
    ""))), LR52_SNP1 = structure(c(0L, 0L, 0L, 1L, 0L, 0L, 4L, 
    38L, 423L, 2827L, 40L, 1L, 0L, 1L, 6L, 59L, 2L, 0L, 0L, 2L, 
    30L, 660L, 6L, 1L), dim = c(6L, 4L), dimnames = structure(list(
        c("-3", "-2", "-1", "0", "1", "2"), c("A", "C", "T", 
        NA)), names = c("", ""))))
