Result <-
list(DEPDC2_SNP1 = structure(c(0L, 20L, 2008L, 4L, 0L, 1L, 15L, 
2280L, 28L, 1L, 0L, 0L, 90L, 2L, 0L), dim = c(5L, 3L), dimnames = structure(list(
    c("-3", "-1", "0", "1", "2"), c("C", "T", NA)), names = c("", 
""))), GM01_SNP1 = structure(c(0L, 0L, 1L, 0L, 1L, 65L, 2896L, 
15L, 0L, 0L, 14L, 0L, 0L, 0L, 37L, 0L), dim = c(4L, 4L), dimnames = structure(list(
    c("-2", "-1", "0", "1"), c("-", "A", "G", NA)), names = c("", 
""))), GM07_SNP1 = structure(c(42L, 289L, 1477L, 74L, 2L, 0L, 
187L, 1804L, 118L, 6L, 1L, 6L, 52L, 3L, 1L), dim = c(5L, 3L), dimnames = structure(list(
    c("-2", "-1", "0", "1", "2"), c("A", "G", NA)), names = c("", 
""))), GM09_SNP1 = structure(c(1L, 68L, 0L, 0L, 0L, 1L, 0L, 0L, 
146L, 9771L, 34L, 1L, 0L, 111L, 0L, 0L), dim = c(4L, 4L), dimnames = structure(list(
    c("-1", "0", "1", "2"), c("A", "C", "G", NA)), names = c("", 
""))), GM11_SNP1 = structure(c(8L, 738L, 9L, 11L, 467L, 3L, 0L, 
7L, 1L), dim = c(3L, 3L), dimnames = structure(list(c("-1", "0", 
"1"), c("A", "G", NA)), names = c("", ""))), GM14_SNP1 = structure(c(0L, 
0L, 1L, 0L, 3L, 65L, 1329L, 12L, 2L, 84L, 1692L, 7L, 0L, 0L, 
32L, 0L), dim = c(4L, 4L), dimnames = structure(list(c("-2", 
"-1", "0", "1"), c("A", "C", "T", NA)), names = c("", ""))), 
    GM17_SNP1 = structure(c(1L, 1L, 311L, 6548L, 32L, 0L, 0L, 
    0L, 110L, 6522L, 25L, 1L, 0L, 0L, 3L, 118L, 2L, 0L), dim = c(6L, 
    3L), dimnames = structure(list(c("-3", "-2", "-1", "0", "1", 
    "2"), c("C", "T", NA)), names = c("", ""))), GM22_SNP1 = structure(c(97L, 
    2777L, 14L, 0L, 7L, 0L, 0L, 1L, 0L, 1L, 44L, 0L), dim = 3:4, dimnames = structure(list(
        c("-1", "0", "1"), c("A", "G", "T", NA)), names = c("", 
    ""))), GM26_SNP1 = structure(c(1L, 11L, 1249L, 4L, 0L, 0L, 
    11L, 0L, 0L, 0L, 16L, 0L), dim = 4:3, dimnames = structure(list(
        c("-3", "-1", "0", "1"), c("A", "G", NA)), names = c("", 
    ""))), GM29_SNP1 = structure(c(1L, 69L, 3450L, 17L, 0L, 0L, 
    16L, 0L, 0L, 0L, 37L, 0L), dim = 4:3, dimnames = structure(list(
        c("-2", "-1", "0", "1"), c("A", "G", NA)), names = c("", 
    ""))), IM16_SNP1 = structure(c(6L, 862L, 21L, 0L, 1L, 9L, 
    979L, 35L, 1L, 0L, 0L, 1L, 0L, 0L, 0L, 0L, 24L, 4L, 0L, 0L
    ), dim = 5:4, dimnames = structure(list(c("-1", "0", "1", 
    "2", "3"), c("A", "G", "T", NA)), names = c("", ""))), IM49_SNP1 = structure(c(11L, 
    402L, 6883L, 194L, 4L, 52L, 360L, 6492L, 193L, 2L, 0L, 0L, 
    1L, 0L, 0L, 0L, 11L, 465L, 15L, 0L), dim = 5:4, dimnames = structure(list(
        c("-2", "-1", "0", "1", "2"), c("C", "G", "T", NA)), names = c("", 
    ""))), LR10_SNP1 = structure(c(1L, 21L, 1191L, 11L, 2L, 241L, 
    991L, 1L, 0L, 1L, 27L, 0L), dim = 4:3, dimnames = structure(list(
        c("-2", "-1", "0", "1"), c("C", "T", NA)), names = c("", 
    ""))), LR11_SNP1 = structure(c(1L, 33L, 1104L, 17L, 1L, 2L, 
    37L, 1045L, 7L, 0L, 0L, 0L, 46L, 2L, 0L), dim = c(5L, 3L), dimnames = structure(list(
        c("-2", "-1", "0", "1", "2"), c("A", "C", NA)), names = c("", 
    ""))), LR17_SNP1 = structure(c(1L, 7L, 228L, 3224L, 62L, 
    1L, 0L, 0L, 0L, 2L, 0L, 0L, 0L, 0L, 5L, 204L, 1L, 0L), dim = c(6L, 
    3L), dimnames = structure(list(c("-3", "-2", "-1", "0", "1", 
    "2"), c("A", "G", NA)), names = c("", ""))), LR20_SNP1 = structure(c(41L, 
    1672L, 1L, 4L, 1843L, 1L, 2L, 19L, 0L), dim = c(3L, 3L), dimnames = structure(list(
        c("-1", "0", "1"), c("A", "G", NA)), names = c("", ""
    ))), LR24_SNP1 = structure(c(0L, 0L, 21L, 3431L, 12L, 1L, 
    1L, 89L, 3967L, 5L, 0L, 0L, 1L, 62L, 0L), dim = c(5L, 3L), dimnames = structure(list(
        c("-3", "-2", "-1", "0", "1"), c("A", "G", NA)), names = c("", 
    ""))), LR36_SNP1 = structure(c(0L, 1L, 0L, 39L, 200L, 2827L, 
    28L, 1L, 1L, 0L, 1L, 69L, 80L, 2362L, 56L, 0L, 0L, 0L, 0L, 
    2L, 12L, 199L, 8L, 0L), dim = c(8L, 3L), dimnames = structure(list(
        c("-5", "-4", "-3", "-2", "-1", "0", "1", "2"), c("A", 
        "T", NA)), names = c("", ""))), LR40_SNP1 = structure(c(0L, 
    2L, 0L, 15L, 2069L, 7L, 0L, 16L, 0L), dim = c(3L, 3L), dimnames = structure(list(
        c("-1", "0", "1"), c("A", "C", NA)), names = c("", ""
    ))), LR44_SNP1 = structure(c(4L, 177L, 1175L, 21L, 1L, 0L, 
    6L, 80L, 1L, 0L, 0L, 6L, 39L, 0L, 0L), dim = c(5L, 3L), dimnames = structure(list(
        c("-2", "-1", "0", "1", "2"), c("C", "T", NA)), names = c("", 
    ""))), LR46_SNP1 = structure(c(0L, 1L, 0L, 2L, 159L, 0L, 
    10L, 1858L, 13L, 0L, 18L, 0L), dim = 3:4, dimnames = structure(list(
        c("-1", "0", "1"), c("-", "G", "T", NA)), names = c("", 
    ""))), LR48_SNP1 = structure(c(1L, 64L, 1750L, 36L, 0L, 0L, 
    14L, 0L, 1L, 0L, 44L, 0L), dim = 4:3, dimnames = structure(list(
        c("-2", "-1", "0", "1"), c("C", "T", NA)), names = c("", 
    ""))), LR49_SNP1 = structure(c(113L, 2915L, 3L, 0L, 1L, 0L, 
    0L, 33L, 0L, 3L, 64L, 0L), dim = 3:4, dimnames = structure(list(
        c("-1", "0", "1"), c("A", "C", "G", NA)), names = c("", 
    ""))), LR52_SNP1 = structure(c(3L, 68L, 66L, 300L, 11L, 0L, 
    15L, 146L, 496L, 13L, 0L, 1L, 14L, 88L, 1L), dim = c(5L, 
    3L), dimnames = structure(list(c("-3", "-2", "-1", "0", "1"
    ), c("C", "T", NA)), names = c("", ""))))
