Result <-
list(DEPDC2_SNP1 = structure(c(0L, 0L, 2L, 0L, 2L, 86L, 11991L, 
36L, 0L, 0L, 1L, 0L, 0L, 0L, 42L, 0L, 0L, 0L, 320L, 0L), dim = 4:5, dimnames = structure(list(
    c("-2", "-1", "0", "1"), c("A", "C", "G", "T", NA)), names = c("", 
""))), GM01_SNP1 = structure(c(0L, 60L, 3867L, 20L, 0L, 72L, 
4652L, 15L, 1L, 2L, 89L, 2L), dim = 4:3, dimnames = structure(list(
    c("-2", "-1", "0", "1"), c("A", "G", NA)), names = c("", 
""))), GM07_SNP1 = structure(c(5L, 156L, 3262L, 91L, 4L, 3L, 
250L, 2819L, 76L, 0L, 0L, 0L, 1L, 0L, 0L, 0L, 3L, 110L, 1L, 0L
), dim = 5:4, dimnames = structure(list(c("-2", "-1", "0", "1", 
"2"), c("A", "G", "T", NA)), names = c("", ""))), GM09_SNP1 = structure(c(27L, 
6248L, 6L, 22L, 5455L, 8L, 0L, 105L, 1L), dim = c(3L, 3L), dimnames = structure(list(
    c("-1", "0", "1"), c("A", "G", NA)), names = c("", ""))), 
    GM11_SNP1 = structure(c(12L, 2489L, 13L, 0L, 8L, 0L, 0L, 
    16L, 0L), dim = c(3L, 3L), dimnames = structure(list(c("-1", 
    "0", "1"), c("A", "G", NA)), names = c("", ""))), GM14_SNP1 = structure(c(0L, 
    0L, 1L, 0L, 0L, 8L, 137L, 3909L, 40L, 1L, 6L, 155L, 4941L, 
    21L, 0L, 0L, 0L, 115L, 1L, 0L), dim = 5:4, dimnames = structure(list(
        c("-2", "-1", "0", "1", "2"), c("A", "C", "T", NA)), names = c("", 
    ""))), GM17_SNP1 = structure(c(0L, 0L, 2L, 0L, 1L, 34L, 3079L, 
    3L, 0L, 44L, 4153L, 9L, 0L, 2L, 62L, 1L), dim = c(4L, 4L), dimnames = structure(list(
        c("-2", "-1", "0", "1"), c("A", "C", "T", NA)), names = c("", 
    ""))), GM22_SNP1 = structure(c(0L, 0L, 74L, 0L, 2L, 171L, 
    5125L, 18L, 0L, 6L, 139L, 4L), dim = 4:3, dimnames = structure(list(
        c("-2", "-1", "0", "1"), c("A", "G", NA)), names = c("", 
    ""))), GM26_SNP1 = structure(c(1L, 18L, 2190L, 6L, 0L, 13L, 
    2121L, 11L, 0L, 0L, 1L, 0L, 0L, 0L, 70L, 1L), dim = c(4L, 
    4L), dimnames = structure(list(c("-2", "-1", "0", "1"), c("A", 
    "G", "T", NA)), names = c("", ""))), GM29_SNP1 = structure(c(0L, 
    0L, 10L, 0L, 0L, 2L, 92L, 5920L, 12L, 1L, 1L, 1L, 71L, 0L, 
    0L), dim = c(5L, 3L), dimnames = structure(list(c("-2", "-1", 
    "0", "1", "2"), c("A", "G", NA)), names = c("", ""))), IM16_SNP1 = structure(c(70L, 
    5565L, 76L, 3L, 0L, 5L, 0L, 0L, 0L, 2L, 0L, 0L, 1L, 58L, 
    3L, 1L), dim = c(4L, 4L), dimnames = structure(list(c("-1", 
    "0", "1", "2"), c("A", "G", "T", NA)), names = c("", ""))), 
    IM49_SNP1 = structure(c(0L, 1L, 18L, 1L, 0L, 4L, 460L, 11946L, 
    207L, 5L, 0L, 0L, 3L, 0L, 0L, 0L, 7L, 557L, 7L, 0L), dim = 5:4, dimnames = structure(list(
        c("-2", "-1", "0", "1", "2"), c("C", "G", "T", NA)), names = c("", 
    ""))), LR10_SNP1 = structure(c(49L, 1969L, 16L, 28L, 1934L, 
    11L, 0L, 38L, 0L), dim = c(3L, 3L), dimnames = structure(list(
        c("-1", "0", "1"), c("C", "T", NA)), names = c("", ""
    ))), LR11_SNP1 = structure(c(0L, 47L, 3208L, 20L, 3L, 60L, 
    2764L, 23L, 0L, 0L, 1L, 0L, 0L, 3L, 113L, 1L), dim = c(4L, 
    4L), dimnames = structure(list(c("-2", "-1", "0", "1"), c("A", 
    "C", "G", NA)), names = c("", ""))), LR17_SNP1 = structure(c(6L, 
    284L, 5634L, 81L, 2L, 0L, 12L, 325L, 0L, 0L), dim = c(5L, 
    2L), dimnames = structure(list(c("-2", "-1", "0", "1", "2"
    ), c("A", NA)), names = c("", ""))), LR20_SNP1 = structure(c(15L, 
    5274L, 17L, 0L, 5L, 0L, 0L, 12L, 0L), dim = c(3L, 3L), dimnames = structure(list(
        c("-1", "0", "1"), c("A", "G", NA)), names = c("", ""
    ))), LR24_SNP1 = structure(c(1L, 1L, 80L, 13626L, 43L, 1L, 
    0L, 0L, 0L, 31L, 0L, 0L, 0L, 0L, 0L, 1L, 0L, 0L, 0L, 0L, 
    0L, 109L, 1L, 0L), dim = c(6L, 4L), dimnames = structure(list(
        c("-3", "-2", "-1", "0", "1", "2"), c("A", "G", "T", 
        NA)), names = c("", ""))), LR36_SNP1 = structure(c(1L, 
    0L, 4L, 90L, 4698L, 46L, 1L, 0L, 0L, 0L, 0L, 4L, 0L, 0L, 
    0L, 2L, 9L, 79L, 3903L, 47L, 2L, 0L, 0L, 0L, 5L, 389L, 6L, 
    0L), dim = c(7L, 4L), dimnames = structure(list(c("-4", "-3", 
    "-2", "-1", "0", "1", "2"), c("A", "G", "T", NA)), names = c("", 
    ""))), LR40_SNP1 = structure(c(42L, 4951L, 6L, 0L, 1L, 0L, 
    0L, 30L, 1L), dim = c(3L, 3L), dimnames = structure(list(
        c("-1", "0", "1"), c("C", "T", NA)), names = c("", ""
    ))), LR44_SNP1 = structure(c(0L, 0L, 0L, 1L, 2L, 0L, 1L, 
    3L, 202L, 3934L, 3636L, 89L, 0L, 0L, 1L, 28L, 0L, 0L, 0L, 
    0L, 0L, 2L, 3L, 0L, 0L, 0L, 5L, 48L, 114L, 6L), dim = 6:5, dimnames = structure(list(
        c("-4", "-3", "-2", "-1", "0", "1"), c("A", "C", "G", 
        "T", NA)), names = c("", ""))), LR46_SNP1 = structure(c(0L, 
    1L, 0L, 14L, 3492L, 8L, 9L, 1889L, 5L, 0L, 49L, 0L), dim = 3:4, dimnames = structure(list(
        c("-1", "0", "1"), c("A", "G", "T", NA)), names = c("", 
    ""))), LR48_SNP1 = structure(c(1L, 7L, 189L, 4577L, 111L, 
    3L, 0L, 0L, 0L, 114L, 1L, 0L), dim = c(6L, 2L), dimnames = structure(list(
        c("-3", "-2", "-1", "0", "1", "2"), c("C", NA)), names = c("", 
    ""))), LR49_SNP1 = structure(c(18L, 9197L, 3L, 0L, 20L, 0L, 
    0L, 3L, 0L, 1L, 163L, 0L), dim = 3:4, dimnames = structure(list(
        c("-1", "0", "1"), c("A", "G", "T", NA)), names = c("", 
    ""))), LR52_SNP1 = structure(c(0L, 0L, 0L, 0L, 0L, 2L, 0L, 
    0L, 0L, 0L, 0L, 1L, 3L, 57L, 1L, 0L, 1L, 1L, 4L, 27L, 392L, 
    4683L, 38L, 1L, 0L, 0L, 0L, 1L, 15L, 224L, 3L, 0L), dim = c(8L, 
    4L), dimnames = structure(list(c("-5", "-4", "-3", "-2", 
    "-1", "0", "1", "2"), c("A", "C", "T", NA)), names = c("", 
    ""))))
