Result <-
list(DEPDC2_SNP1 = structure(c(0L, 0L, 1L, 0L, 0L, 81L, 81L, 
0L, 1L, 117L, 11065L, 87L, 0L, 2L, 173L, 3L), dim = c(4L, 4L), dimnames = structure(list(
    c("-2", "-1", "0", "1"), c("A", "C", "T", NA)), names = c("", 
""))), GM01_SNP1 = structure(c(3L, 795L, 2902L, 16L, 0L, 320L, 
3493L, 11L, 0L, 8L, 75L, 0L), dim = 4:3, dimnames = structure(list(
    c("-2", "-1", "0", "1"), c("A", "G", NA)), names = c("", 
""))), GM07_SNP1 = structure(c(2L, 308L, 940L, 2725L, 51L, 3L, 
0L, 1L, 28L, 81L, 3L, 0L, 0L, 1L, 8L, 25L, 0L, 0L), dim = c(6L, 
3L), dimnames = structure(list(c("-3", "-2", "-1", "0", "1", 
"2"), c("A", "G", NA)), names = c("", ""))), GM09_SNP1 = structure(c(28L, 
6456L, 168L, 1L, 0L, 0L, 1L, 0L, 43L, 5783L, 12L, 0L, 1L, 91L, 
1L, 0L), dim = c(4L, 4L), dimnames = structure(list(c("-1", "0", 
"1", "2"), c("A", "C", "G", NA)), names = c("", ""))), GM11_SNP1 = structure(c(1L, 
0L, 25L, 0L, 0L, 23L, 3857L, 18L, 0L, 0L, 36L, 0L), dim = 4:3, dimnames = structure(list(
    c("-3", "-1", "0", "1"), c("A", "G", NA)), names = c("", 
""))), GM14_SNP1 = structure(c(0L, 0L, 0L, 1L, 0L, 0L, 0L, 7L, 
159L, 3517L, 22L, 1L, 1L, 359L, 292L, 3073L, 11L, 0L, 0L, 1L, 
1L, 84L, 0L, 0L), dim = c(6L, 4L), dimnames = structure(list(
    c("-3", "-2", "-1", "0", "1", "3"), c("A", "C", "T", NA)), names = c("", 
""))), GM17_SNP1 = structure(c(543L, 2222L, 3L, 1L, 0L, 0L, 28L, 
2497L, 5L, 2L, 38L, 0L), dim = 3:4, dimnames = structure(list(
    c("-1", "0", "1"), c("C", "G", "T", NA)), names = c("", ""
))), GM22_SNP1 = structure(c(7L, 977L, 5127L, 16L, 0L, 0L, 66L, 
0L, 0L, 10L, 73L, 1L), dim = 4:3, dimnames = structure(list(c("-2", 
"-1", "0", "1"), c("A", "G", NA)), names = c("", ""))), GM26_SNP1 = structure(c(1L, 
1L, 27L, 3859L, 113L, 0L, 0L, 0L, 5L, 0L, 0L, 0L, 1L, 50L, 1L
), dim = c(5L, 3L), dimnames = structure(list(c("-3", "-2", "-1", 
"0", "1"), c("A", "G", NA)), names = c("", ""))), GM29_SNP1 = structure(c(1L, 
382L, 3293L, 10L, 0L, 0L, 4L, 0L, 0L, 3L, 35L, 0L), dim = 4:3, dimnames = structure(list(
    c("-2", "-1", "0", "1"), c("A", "G", NA)), names = c("", 
""))), IM16_SNP1 = structure(c(1L, 259L, 3390L, 474L, 31L, 3L, 
0L, 2L, 295L, 0L, 0L, 0L, 0L, 0L, 1L, 0L, 0L, 0L, 0L, 4L, 32L, 
7L, 2L, 0L), dim = c(6L, 4L), dimnames = structure(list(c("-2", 
"-1", "0", "1", "2", "3"), c("A", "G", "T", NA)), names = c("", 
""))), IM49_SNP1 = structure(c(0L, 0L, 5L, 184L, 2L, 0L, 1L, 
90L, 1030L, 4563L, 98L, 1L, 0L, 0L, 0L, 1L, 0L, 0L, 0L, 1L, 15L, 
204L, 4L, 0L), dim = c(6L, 4L), dimnames = structure(list(c("-3", 
"-2", "-1", "0", "1", "2"), c("C", "G", "T", NA)), names = c("", 
""))), LR10_SNP1 = structure(c(0L, 0L, 1L, 0L, 0L, 4L, 204L, 
1L, 1L, 247L, 5289L, 18L, 0L, 0L, 51L, 2L), dim = c(4L, 4L), dimnames = structure(list(
    c("-2", "-1", "0", "1"), c("A", "C", "T", NA)), names = c("", 
""))), LR11_SNP1 = structure(c(68L, 81L, 3602L, 37L, 2L, 149L, 
2227L, 10L, 0L, 0L, 1L, 0L, 1L, 2L, 113L, 1L), dim = c(4L, 4L
), dimnames = structure(list(c("-2", "-1", "0", "1"), c("A", 
"C", "G", NA)), names = c("", ""))), LR17_SNP1 = structure(c(9L, 
191L, 4006L, 45L, 0L, 0L, 1L, 0L, 0L, 14L, 268L, 2L), dim = 4:3, dimnames = structure(list(
    c("-2", "-1", "0", "1"), c("A", "G", NA)), names = c("", 
""))), LR20_SNP1 = structure(c(0L, 1L, 0L, 3L, 2458L, 3L, 18L, 
2593L, 5L, 0L, 1L, 0L, 0L, 23L, 0L), dim = c(3L, 5L), dimnames = structure(list(
    c("-1", "0", "1"), c("-", "A", "G", "T", NA)), names = c("", 
""))), LR24_SNP1 = structure(c(0L, 2L, 58L, 12475L, 20L, 0L, 
0L, 33L, 119L, 0L, 0L, 0L, 0L, 1L, 0L, 1L, 0L, 0L, 83L, 1L), dim = 5:4, dimnames = structure(list(
    c("-3", "-2", "-1", "0", "1"), c("A", "G", "T", NA)), names = c("", 
""))), LR36_SNP1 = structure(c(0L, 0L, 2L, 15L, 0L, 0L, 0L, 0L, 
0L, 0L, 0L, 1L, 1L, 0L, 0L, 0L, 0L, 0L, 35L, 470L, 947L, 4530L, 
124L, 1L, 1L, 3L, 1L, 0L, 11L, 40L, 307L, 14L, 0L, 0L, 1L, 0L
), dim = c(9L, 4L), dimnames = structure(list(c("-3", "-2", "-1", 
"0", "1", "2", "3", "4", "5"), c("A", "C", "T", NA)), names = c("", 
""))), LR40_SNP1 = structure(c(0L, 1L, 0L, 85L, 2916L, 8L, 0L, 
17L, 0L), dim = c(3L, 3L), dimnames = structure(list(c("-1", 
"0", "1"), c("A", "C", NA)), names = c("", ""))), LR44_SNP1 = structure(c(0L, 
0L, 0L, 0L, 2L, 0L, 0L, 0L, 0L, 7L, 259L, 292L, 2L, 0L, 0L, 0L, 
0L, 8L, 31L, 1L, 0L, 1L, 4L, 111L, 1557L, 5342L, 113L, 3L, 0L, 
0L, 0L, 20L, 95L, 0L, 0L), dim = c(7L, 5L), dimnames = structure(list(
    c("-4", "-3", "-2", "-1", "0", "1", "2"), c("A", "C", "G", 
    "T", NA)), names = c("", ""))), LR46_SNP1 = structure(c(1L, 
0L, 0L, 97L, 4057L, 6L, 0L, 3L, 0L, 1L, 34L, 0L), dim = 3:4, dimnames = structure(list(
    c("-1", "0", "1"), c("A", "G", "T", NA)), names = c("", ""
))), LR48_SNP1 = structure(c(1L, 20L, 1071L, 4348L, 52L, 0L, 
0L, 3L, 110L, 0L, 0L, 0L, 11L, 118L, 1L), dim = c(5L, 3L), dimnames = structure(list(
    c("-3", "-2", "-1", "0", "1"), c("C", "T", NA)), names = c("", 
""))), LR49_SNP1 = structure(c(0L, 108L, 0L, 7L, 4747L, 2L, 0L, 
24L, 0L), dim = c(3L, 3L), dimnames = structure(list(c("-1", 
"0", "1"), c("A", "G", NA)), names = c("", ""))), LR52_SNP1 = structure(c(3L, 
98L, 712L, 2864L, 24L, 1L, 0L, 6L, 173L, 1L, 0L, 1L, 56L, 637L, 
6L), dim = c(5L, 3L), dimnames = structure(list(c("-3", "-2", 
"-1", "0", "1"), c("C", "T", NA)), names = c("", ""))))
