Result <-
list(DEPDC2_SNP1 = structure(c(0L, 0L, 5L, 0L, 0L, 0L, 69L, 7778L, 
123L, 6L, 0L, 0L, 1L, 0L, 0L, 1L, 153L, 14520L, 96L, 1L, 0L, 
2L, 438L, 3L, 0L), dim = c(5L, 5L), dimnames = structure(list(
    c("-2", "-1", "0", "1", "2"), c("A", "C", "G", "T", NA)), names = c("", 
""))), GM01_SNP1 = structure(c(1L, 194L, 7016L, 28L, 0L, 4L, 
151L, 0L, 0L, 1L, 87L, 1L), dim = 4:3, dimnames = structure(list(
    c("-2", "-1", "0", "1"), c("A", "G", NA)), names = c("", 
""))), GM07_SNP1 = structure(c(0L, 0L, 0L, 1L, 0L, 0L, 0L, 22L, 
930L, 2625L, 114L, 3L, 1L, 10L, 337L, 2260L, 90L, 5L, 0L, 0L, 
1L, 0L, 0L, 0L, 0L, 0L, 6L, 93L, 1L, 1L), dim = 6:5, dimnames = structure(list(
    c("-3", "-2", "-1", "0", "1", "2"), c("-", "A", "G", "T", 
    NA)), names = c("", ""))), GM09_SNP1 = structure(c(0L, 1L, 
0L, 221L, 12388L, 23L, 0L, 103L, 0L, 0L, 2L, 0L, 1L, 97L, 1L), dim = c(3L, 
5L), dimnames = structure(list(c("-1", "0", "1"), c("-", "A", 
"G", "T", NA)), names = c("", ""))), GM11_SNP1 = structure(c(0L, 
95L, 2542L, 12L, 0L, 1L, 19L, 2064L, 493L, 7L, 0L, 0L, 1L, 0L, 
0L, 0L, 2L, 39L, 4L, 0L), dim = 5:4, dimnames = structure(list(
    c("-2", "-1", "0", "1", "2"), c("A", "G", "T", NA)), names = c("", 
""))), GM14_SNP1 = structure(c(5L, 811L, 435L, 5451L, 83L, 2L, 
0L, 0L, 0L, 6L, 0L, 0L, 0L, 2L, 2L, 56L, 0L, 0L), dim = c(6L, 
3L), dimnames = structure(list(c("-3", "-2", "-1", "0", "1", 
"2"), c("C", "T", NA)), names = c("", ""))), GM17_SNP1 = structure(c(0L, 
1L, 0L, 154L, 8661L, 32L, 3L, 202L, 0L, 2L, 78L, 2L), dim = 3:4, dimnames = structure(list(
    c("-1", "0", "1"), c("-", "C", "T", NA)), names = c("", ""
))), GM22_SNP1 = structure(c(0L, 35L, 2613L, 12L, 1L, 1L, 35L, 
2595L, 43L, 1L, 0L, 4L, 134L, 2L, 0L), dim = c(5L, 3L), dimnames = structure(list(
    c("-2", "-1", "0", "1", "2"), c("A", "G", NA)), names = c("", 
""))), GM26_SNP1 = structure(c(4L, 645L, 2294L, 7L, 1L, 1L, 26L, 
2871L, 10L, 0L, 0L, 0L, 1L, 0L, 0L, 0L, 6L, 92L, 0L, 0L), dim = 5:4, dimnames = structure(list(
    c("-2", "-1", "0", "1", "2"), c("A", "G", "T", NA)), names = c("", 
""))), GM29_SNP1 = structure(c(0L, 0L, 73L, 0L, 1L, 64L, 4656L, 
22L, 0L, 0L, 12L, 0L, 0L, 2L, 52L, 2L), dim = c(4L, 4L), dimnames = structure(list(
    c("-2", "-1", "0", "1"), c("A", "G", "T", NA)), names = c("", 
""))), IM16_SNP1 = structure(c(98L, 2480L, 37L, 0L, 1L, 0L, 177L, 
1687L, 19L, 0L, 1L, 0L, 1L, 67L, 3L), dim = c(3L, 5L), dimnames = structure(list(
    c("-1", "0", "1"), c("A", "C", "G", "T", NA)), names = c("", 
""))), IM49_SNP1 = structure(c(19L, 349L, 3990L, 141L, 6L, 20L, 
604L, 3609L, 84L, 1L, 0L, 11L, 224L, 8L, 1L), dim = c(5L, 3L), dimnames = structure(list(
    c("-2", "-1", "0", "1", "2"), c("C", "G", NA)), names = c("", 
""))), LR10_SNP1 = structure(c(0L, 0L, 0L, 1L, 0L, 0L, 0L, 0L, 
2L, 45L, 0L, 0L, 1L, 2L, 283L, 7968L, 143L, 2L, 0L, 0L, 3L, 95L, 
12L, 0L), dim = c(6L, 4L), dimnames = structure(list(c("-3", 
"-2", "-1", "0", "1", "2"), c("A", "C", "T", NA)), names = c("", 
""))), LR11_SNP1 = structure(c(2L, 81L, 2760L, 24L, 0L, 22L, 
388L, 2574L, 29L, 1L, 1L, 12L, 109L, 1L, 0L), dim = c(5L, 3L), dimnames = structure(list(
    c("-2", "-1", "0", "1", "2"), c("A", "C", NA)), names = c("", 
""))), LR17_SNP1 = structure(c(13L, 721L, 3607L, 67L, 2L, 0L, 
0L, 2L, 0L, 0L, 0L, 34L, 242L, 2L, 0L), dim = c(5L, 3L), dimnames = structure(list(
    c("-2", "-1", "0", "1", "2"), c("A", "G", NA)), names = c("", 
""))), LR20_SNP1 = structure(c(0L, 1L, 0L, 6L, 2488L, 2L, 5L, 
2807L, 3L, 1L, 54L, 0L), dim = 3:4, dimnames = structure(list(
    c("-1", "0", "1"), c("-", "A", "G", NA)), names = c("", ""
))), LR24_SNP1 = structure(c(2L, 131L, 5381L, 10L, 0L, 32L, 5116L, 
11L, 0L, 0L, 1L, 0L, 0L, 3L, 84L, 1L), dim = c(4L, 4L), dimnames = structure(list(
    c("-2", "-1", "0", "1"), c("A", "G", "T", NA)), names = c("", 
""))), LR36_SNP1 = structure(c(0L, 0L, 12L, 728L, 2301L, 27L, 
0L, 0L, 0L, 0L, 0L, 1L, 0L, 0L, 1L, 1L, 5L, 197L, 2702L, 21L, 
0L, 0L, 0L, 2L, 17L, 247L, 3L, 1L), dim = c(7L, 4L), dimnames = structure(list(
    c("-4", "-3", "-2", "-1", "0", "1", "2"), c("A", "G", "T", 
    NA)), names = c("", ""))), LR40_SNP1 = structure(c(0L, 0L, 
2L, 0L, 1L, 63L, 3979L, 42L, 0L, 0L, 29L, 0L), dim = 4:3, dimnames = structure(list(
    c("-2", "-1", "0", "1"), c("A", "C", NA)), names = c("", 
""))), LR44_SNP1 = structure(c(0L, 0L, 0L, 1L, 3L, 0L, 0L, 1L, 
12L, 408L, 1168L, 9260L, 194L, 9L, 0L, 0L, 0L, 0L, 1L, 0L, 0L, 
0L, 0L, 2L, 7L, 111L, 1L, 0L, 0L, 0L, 4L, 15L, 281L, 6L, 1L), dim = c(7L, 
5L), dimnames = structure(list(c("-4", "-3", "-2", "-1", "0", 
"1", "2"), c("A", "C", "G", "T", NA)), names = c("", ""))), LR46_SNP1 = structure(c(1L, 
126L, 6358L, 18L, 0L, 0L, 11L, 0L, 0L, 1L, 50L, 0L), dim = 4:3, dimnames = structure(list(
    c("-2", "-1", "0", "1"), c("G", "T", NA)), names = c("", 
""))), LR48_SNP1 = structure(c(0L, 0L, 1L, 0L, 0L, 1L, 182L, 
4592L, 85L, 1L, 0L, 0L, 2L, 1L, 0L, 0L, 2L, 130L, 1L, 0L), dim = 5:4, dimnames = structure(list(
    c("-2", "-1", "0", "1", "2"), c("A", "C", "T", NA)), names = c("", 
""))), LR49_SNP1 = structure(c(0L, 44L, 1L, 0L, 1L, 0L, 51L, 
9214L, 7L, 1L, 65L, 0L), dim = 3:4, dimnames = structure(list(
    c("-1", "0", "1"), c("A", "C", "G", NA)), names = c("", ""
))), LR52_SNP1 = structure(c(0L, 0L, 0L, 0L, 2L, 0L, 0L, 0L, 
0L, 0L, 1L, 0L, 1L, 9L, 337L, 1042L, 5540L, 57L, 0L, 0L, 1L, 
3L, 44L, 3L, 0L, 0L, 4L, 64L, 1147L, 12L), dim = 6:5, dimnames = structure(list(
    c("-4", "-3", "-2", "-1", "0", "1"), c("-", "A", "C", "T", 
    NA)), names = c("", ""))))
