Result <-
list(DEPDC2_SNP1 = structure(c(0L, 0L, 0L, 3L, 0L, 0L, 0L, 0L, 
12L, 0L, 0L, 0L, 0L, 1L, 0L, 1L, 2L, 179L, 17277L, 89L, 0L, 0L, 
1L, 205L, 1L), dim = c(5L, 5L), dimnames = structure(list(c("-4", 
"-2", "-1", "0", "1"), c("A", "C", "G", "T", NA)), names = c("", 
""))), GM01_SNP1 = structure(c(102L, 3594L, 22L, 0L, 57L, 3682L, 
19L, 1L, 1L, 94L, 0L, 0L), dim = 4:3, dimnames = structure(list(
    c("-1", "0", "1", "2"), c("A", "G", NA)), names = c("", ""
))), GM07_SNP1 = structure(c(0L, 0L, 0L, 1L, 1L, 0L, 0L, 2L, 
152L, 2654L, 211L, 14L, 1L, 5L, 191L, 3223L, 161L, 4L, 0L, 0L, 
0L, 3L, 0L, 0L, 0L, 1L, 2L, 159L, 8L, 0L), dim = 6:5, dimnames = structure(list(
    c("-3", "-2", "-1", "0", "1", "2"), c("-", "A", "G", "T", 
    NA)), names = c("", ""))), GM09_SNP1 = structure(c(48L, 8052L, 
17L, 71L, 8328L, 8L, 0L, 2L, 0L, 0L, 148L, 0L), dim = 3:4, dimnames = structure(list(
    c("-1", "0", "1"), c("A", "G", "T", NA)), names = c("", ""
))), GM11_SNP1 = structure(c(0L, 23L, 4681L, 20L, 0L, 0L, 5L, 
0L, 0L, 0L, 1L, 0L, 0L, 0L, 1L, 0L, 1L, 0L, 41L, 3L), dim = 4:5, dimnames = structure(list(
    c("-2", "-1", "0", "1"), c("A", "G", "N", "T", NA)), names = c("", 
""))), GM14_SNP1 = structure(c(1L, 16L, 297L, 8782L, 204L, 3L, 
0L, 0L, 0L, 3L, 0L, 0L, 0L, 0L, 1L, 155L, 5L, 0L), dim = c(6L, 
3L), dimnames = structure(list(c("-3", "-2", "-1", "0", "1", 
"2"), c("C", "T", NA)), names = c("", ""))), GM17_SNP1 = structure(c(1L, 
1L, 141L, 9748L, 47L, 0L, 0L, 0L, 8L, 0L, 0L, 0L, 4L, 91L, 0L
), dim = c(5L, 3L), dimnames = structure(list(c("-3", "-2", "-1", 
"0", "1"), c("C", "T", NA)), names = c("", ""))), GM22_SNP1 = structure(c(3L, 
100L, 6195L, 31L, 1L, 0L, 0L, 3L, 0L, 0L, 0L, 2L, 96L, 0L, 0L
), dim = c(5L, 3L), dimnames = structure(list(c("-2", "-1", "0", 
"1", "2"), c("A", "G", NA)), names = c("", ""))), GM26_SNP1 = structure(c(1L, 
29L, 3418L, 17L, 0L, 0L, 25L, 2647L, 14L, 1L, 0L, 1L, 106L, 0L, 
0L), dim = c(5L, 3L), dimnames = structure(list(c("-2", "-1", 
"0", "1", "2"), c("A", "G", NA)), names = c("", ""))), GM29_SNP1 = structure(c(1L, 
1L, 61L, 3409L, 14L, 0L, 0L, 0L, 64L, 3017L, 17L, 1L, 0L, 0L, 
1L, 50L, 0L, 0L), dim = c(6L, 3L), dimnames = structure(list(
    c("-3", "-2", "-1", "0", "1", "2"), c("A", "G", NA)), names = c("", 
""))), IM16_SNP1 = structure(c(0L, 0L, 3L, 0L, 0L, 1L, 65L, 5551L, 
84L, 1L, 0L, 0L, 69L, 4L, 2L), dim = c(5L, 3L), dimnames = structure(list(
    c("-2", "-1", "0", "1", "2"), c("A", "G", NA)), names = c("", 
""))), IM49_SNP1 = structure(c(0L, 0L, 3L, 0L, 0L, 0L, 0L, 13L, 
2L, 0L, 10L, 430L, 9683L, 321L, 11L, 0L, 8L, 546L, 20L, 1L), dim = 5:4, dimnames = structure(list(
    c("-2", "-1", "0", "1", "2"), c("A", "C", "G", NA)), names = c("", 
""))), LR10_SNP1 = structure(c(0L, 0L, 2L, 0L, 0L, 0L, 3L, 0L, 
1L, 135L, 5757L, 37L, 0L, 1L, 86L, 3L), dim = c(4L, 4L), dimnames = structure(list(
    c("-2", "-1", "0", "1"), c("A", "C", "T", NA)), names = c("", 
""))), LR11_SNP1 = structure(c(5L, 142L, 3742L, 38L, 1L, 1L, 
89L, 3377L, 39L, 1L, 0L, 0L, 2L, 0L, 0L, 0L, 2L, 147L, 4L, 0L
), dim = 5:4, dimnames = structure(list(c("-2", "-1", "0", "1", 
"2"), c("A", "C", "G", NA)), names = c("", ""))), LR17_SNP1 = structure(c(5L, 
213L, 4447L, 95L, 2L, 0L, 0L, 3L, 0L, 0L, 0L, 0L, 1L, 0L, 0L, 
1L, 20L, 434L, 2L, 0L), dim = 5:4, dimnames = structure(list(
    c("-2", "-1", "0", "1", "2"), c("A", "G", "T", NA)), names = c("", 
""))), LR20_SNP1 = structure(c(3L, 731L, 0L, 9L, 4560L, 12L, 
1L, 44L, 0L), dim = c(3L, 3L), dimnames = structure(list(c("-1", 
"0", "1"), c("A", "G", NA)), names = c("", ""))), LR24_SNP1 = structure(c(0L, 
0L, 2L, 0L, 0L, 0L, 65L, 0L, 1L, 70L, 12363L, 32L, 1L, 0L, 116L, 
0L), dim = c(4L, 4L), dimnames = structure(list(c("-2", "-1", 
"0", "1"), c("-", "A", "G", NA)), names = c("", ""))), LR36_SNP1 = structure(c(0L, 
0L, 0L, 1L, 0L, 0L, 0L, 0L, 10L, 14L, 0L, 0L, 0L, 0L, 0L, 2L, 
0L, 0L, 0L, 0L, 0L, 0L, 0L, 0L, 0L, 0L, 0L, 1L, 0L, 0L, 5L, 7L, 
160L, 6990L, 89L, 1L, 0L, 1L, 14L, 399L, 8L, 0L), dim = 6:7, dimnames = structure(list(
    c("-3", "-2", "-1", "0", "1", "2"), c("-", "A", "C", "G", 
    "N", "T", NA)), names = c("", ""))), LR40_SNP1 = structure(c(23L, 
1807L, 4L, 13L, 1221L, 7L, 0L, 1L, 0L, 1L, 27L, 0L), dim = 3:4, dimnames = structure(list(
    c("-1", "0", "1"), c("A", "C", "G", NA)), names = c("", ""
))), LR44_SNP1 = structure(c(0L, 0L, 0L, 1L, 0L, 0L, 0L, 1L, 
7L, 136L, 1393L, 26L, 1L, 0L, 0L, 0L, 0L, 3L, 0L, 0L, 0L, 2L, 
15L, 476L, 5223L, 150L, 5L, 1L, 0L, 0L, 16L, 170L, 9L, 0L, 0L
), dim = c(7L, 5L), dimnames = structure(list(c("-3", "-2", "-1", 
"0", "1", "2", "3"), c("A", "C", "N", "T", NA)), names = c("", 
""))), LR46_SNP1 = structure(c(67L, 2383L, 8L, 3L, 1984L, 3L, 
1L, 46L, 1L), dim = c(3L, 3L), dimnames = structure(list(c("-1", 
"0", "1"), c("G", "T", NA)), names = c("", ""))), LR48_SNP1 = structure(c(5L, 
217L, 5567L, 118L, 2L, 0L, 1L, 0L, 0L, 0L, 0L, 4L, 170L, 1L, 
0L), dim = c(5L, 3L), dimnames = structure(list(c("-2", "-1", 
"0", "1", "2"), c("C", "T", NA)), names = c("", ""))), LR49_SNP1 = structure(c(0L, 
20L, 0L, 34L, 8397L, 29L, 1L, 76L, 0L), dim = c(3L, 3L), dimnames = structure(list(
    c("-1", "0", "1"), c("A", "G", NA)), names = c("", ""))), 
    LR52_SNP1 = structure(c(2L, 14L, 163L, 1291L, 16L, 0L, 0L, 
    16L, 216L, 1985L, 25L, 1L, 0L, 2L, 42L, 818L, 8L, 0L), dim = c(6L, 
    3L), dimnames = structure(list(c("-3", "-2", "-1", "0", "1", 
    "2"), c("C", "T", NA)), names = c("", ""))))
