Result <-
list(DEPDC2_SNP1 = structure(c(0L, 2L, 0L, 39L, 5558L, 34L, 67L, 
6884L, 27L, 2L, 214L, 2L), dim = 3:4, dimnames = structure(list(
    c("-1", "0", "1"), c("A", "C", "T", NA)), names = c("", ""
))), GM01_SNP1 = structure(c(109L, 7595L, 37L, 0L, 28L, 0L, 1L, 
80L, 0L), dim = c(3L, 3L), dimnames = structure(list(c("-1", 
"0", "1"), c("A", "G", NA)), names = c("", ""))), GM07_SNP1 = structure(c(1L, 
121L, 999L, 2356L, 64L, 1L, 0L, 12L, 889L, 2182L, 39L, 2L, 0L, 
1L, 15L, 85L, 1L, 0L), dim = c(6L, 3L), dimnames = structure(list(
    c("-3", "-2", "-1", "0", "1", "2"), c("A", "G", NA)), names = c("", 
""))), GM09_SNP1 = structure(c(85L, 4947L, 7L, 30L, 3816L, 3L, 
2L, 76L, 0L), dim = c(3L, 3L), dimnames = structure(list(c("-1", 
"0", "1"), c("A", "G", NA)), names = c("", ""))), GM11_SNP1 = structure(c(485L, 
2781L, 12L, 1L, 126L, 0L, 3L, 25L, 1L), dim = c(3L, 3L), dimnames = structure(list(
    c("-1", "0", "1"), c("A", "G", NA)), names = c("", ""))), 
    GM14_SNP1 = structure(c(0L, 2L, 151L, 3571L, 42L, 0L, 1L, 
    5L, 160L, 2927L, 14L, 1L, 0L, 0L, 0L, 79L, 0L, 0L), dim = c(6L, 
    3L), dimnames = structure(list(c("-3", "-2", "-1", "0", "1", 
    "2"), c("C", "T", NA)), names = c("", ""))), GM17_SNP1 = structure(c(2L, 
    149L, 7759L, 27L, 0L, 0L, 11L, 0L, 0L, 0L, 73L, 1L), dim = 4:3, dimnames = structure(list(
        c("-2", "-1", "0", "1"), c("C", "T", NA)), names = c("", 
    ""))), GM22_SNP1 = structure(c(3L, 50L, 3791L, 20L, 2L, 33L, 
    2455L, 13L, 0L, 4L, 129L, 2L), dim = 4:3, dimnames = structure(list(
        c("-2", "-1", "0", "1"), c("A", "G", NA)), names = c("", 
    ""))), GM26_SNP1 = structure(c(2L, 76L, 1680L, 8L, 67L, 407L, 
    1309L, 3L, 2L, 5L, 41L, 0L), dim = 4:3, dimnames = structure(list(
        c("-2", "-1", "0", "1"), c("A", "G", NA)), names = c("", 
    ""))), GM29_SNP1 = structure(c(0L, 0L, 1L, 0L, 2L, 78L, 5436L, 
    11L, 0L, 0L, 4L, 0L, 0L, 0L, 1L, 0L, 0L, 1L, 57L, 0L), dim = 4:5, dimnames = structure(list(
        c("-2", "-1", "0", "1"), c("-", "A", "G", "T", NA)), names = c("", 
    ""))), IM16_SNP1 = structure(c(101L, 2889L, 38L, 0L, 46L, 
    2706L, 24L, 1L, 3L, 76L, 3L, 0L), dim = 4:3, dimnames = structure(list(
        c("-1", "0", "1", "2"), c("A", "G", NA)), names = c("", 
    ""))), IM49_SNP1 = structure(c(0L, 0L, 0L, 1L, 0L, 0L, 0L, 
    0L, 12L, 577L, 4115L, 108L, 1L, 0L, 1L, 1L, 173L, 3009L, 
    94L, 0L, 0L, 0L, 0L, 11L, 231L, 13L, 0L, 1L), dim = c(7L, 
    4L), dimnames = structure(list(c("-4", "-2", "-1", "0", "1", 
    "2", "3"), c("A", "C", "G", NA)), names = c("", ""))), LR10_SNP1 = structure(c(0L, 
    0L, 2L, 0L, 0L, 0L, 83L, 2749L, 43L, 1L, 1L, 75L, 3882L, 
    15L, 0L, 0L, 0L, 55L, 0L, 0L), dim = 5:4, dimnames = structure(list(
        c("-2", "-1", "0", "1", "2"), c("A", "C", "T", NA)), names = c("", 
    ""))), LR11_SNP1 = structure(c(0L, 16L, 107L, 0L, 10L, 768L, 
    2952L, 14L, 0L, 0L, 1L, 0L, 0L, 12L, 97L, 1L), dim = c(4L, 
    4L), dimnames = structure(list(c("-2", "-1", "0", "1"), c("A", 
    "C", "G", NA)), names = c("", ""))), LR17_SNP1 = structure(c(1L, 
    15L, 896L, 3702L, 96L, 4L, 0L, 0L, 0L, 1L, 0L, 0L, 0L, 1L, 
    31L, 220L, 3L, 0L), dim = c(6L, 3L), dimnames = structure(list(
        c("-3", "-2", "-1", "0", "1", "2"), c("A", "G", NA)), names = c("", 
    ""))), LR20_SNP1 = structure(c(2L, 3180L, 7L, 0L, 1L, 0L, 
    4L, 2760L, 2L, 0L, 40L, 0L), dim = 3:4, dimnames = structure(list(
        c("-1", "0", "1"), c("A", "C", "G", NA)), names = c("", 
    ""))), LR24_SNP1 = structure(c(1L, 5L, 3339L, 9027L, 23L, 
    1L, 0L, 0L, 1L, 64L, 0L, 0L, 0L, 0L, 0L, 1L, 0L, 0L, 0L, 
    0L, 49L, 62L, 0L, 0L), dim = c(6L, 4L), dimnames = structure(list(
        c("-3", "-2", "-1", "0", "1", "2"), c("A", "G", "T", 
        NA)), names = c("", ""))), LR36_SNP1 = structure(c(0L, 
    0L, 5L, 22L, 0L, 0L, 0L, 0L, 2L, 0L, 0L, 0L, 0L, 1L, 0L, 
    3L, 18L, 214L, 6699L, 105L, 0L, 1L, 12L, 468L, 8L), dim = c(5L, 
    5L), dimnames = structure(list(c("-3", "-2", "-1", "0", "1"
    ), c("A", "C", "G", "T", NA)), names = c("", ""))), LR40_SNP1 = structure(c(0L, 
    1L, 0L, 38L, 3853L, 19L, 0L, 1L, 0L, 0L, 1L, 0L, 0L, 20L, 
    0L), dim = c(3L, 5L), dimnames = structure(list(c("-1", "0", 
    "1"), c("A", "C", "G", "T", NA)), names = c("", ""))), LR44_SNP1 = structure(c(0L, 
    0L, 0L, 4L, 54L, 0L, 0L, 2L, 99L, 551L, 188L, 2377L, 124L, 
    3L, 0L, 3L, 239L, 777L, 2090L, 37L, 1L, 0L, 2L, 7L, 13L, 
    123L, 7L, 1L), dim = c(7L, 4L), dimnames = structure(list(
        c("-4", "-3", "-2", "-1", "0", "1", "2"), c("A", "C", 
        "T", NA)), names = c("", ""))), LR46_SNP1 = structure(c(0L, 
    1L, 0L, 945L, 1904L, 4L, 12L, 3446L, 13L, 1L, 41L, 0L), dim = 3:4, dimnames = structure(list(
        c("-1", "0", "1"), c("A", "G", "T", NA)), names = c("", 
    ""))), LR48_SNP1 = structure(c(0L, 0L, 0L, 2L, 0L, 0L, 1L, 
    211L, 1037L, 1898L, 23L, 1L, 0L, 56L, 87L, 2708L, 31L, 0L, 
    0L, 2L, 13L, 97L, 1L, 0L), dim = c(6L, 4L), dimnames = structure(list(
        c("-3", "-2", "-1", "0", "1", "3"), c("A", "C", "T", 
        NA)), names = c("", ""))), LR49_SNP1 = structure(c(1L, 
    18L, 0L, 1076L, 5328L, 2L, 5L, 23L, 0L), dim = c(3L, 3L), dimnames = structure(list(
        c("-1", "0", "1"), c("A", "G", NA)), names = c("", ""
    ))), LR52_SNP1 = structure(c(0L, 1L, 0L, 0L, 0L, 0L, 6L, 
    810L, 333L, 789L, 2677L, 29L, 1L, 37L, 0L, 0L, 4L, 0L, 0L, 
    4L, 6L, 47L, 595L, 8L), dim = c(6L, 4L), dimnames = structure(list(
        c("-4", "-3", "-2", "-1", "0", "1"), c("A", "C", "T", 
        NA)), names = c("", ""))))
