Result <-
list(DEPDC2_SNP1 = structure(c(0L, 1L, 0L, 0L, 1L, 557L, 1120L, 
14L, 54L, 3164L, 8L, 0L, 0L, 76L, 27L, 0L), dim = c(4L, 4L), dimnames = structure(list(
    c("-1", "0", "1", "2"), c("A", "C", "T", NA)), names = c("", 
""))), GM01_SNP1 = structure(c(0L, 0L, 1L, 0L, 2L, 97L, 6978L, 
30L, 0L, 0L, 5L, 0L, 0L, 1L, 69L, 0L), dim = c(4L, 4L), dimnames = structure(list(
    c("-2", "-1", "0", "1"), c("-", "A", "G", NA)), names = c("", 
""))), GM07_SNP1 = structure(c(0L, 0L, 2L, 0L, 0L, 12L, 970L, 
5106L, 192L, 7L, 0L, 18L, 6L, 0L, 0L, 0L, 0L, 2L, 0L, 0L, 0L, 
5L, 66L, 1L, 0L), dim = c(5L, 5L), dimnames = structure(list(
    c("-2", "-1", "0", "1", "2"), c("-", "A", "G", "T", NA)), names = c("", 
""))), GM09_SNP1 = structure(c(0L, 20L, 0L, 0L, 1L, 0L, 63L, 
8995L, 13L, 1L, 91L, 0L), dim = 3:4, dimnames = structure(list(
    c("-1", "0", "1"), c("A", "C", "G", NA)), names = c("", ""
))), GM11_SNP1 = structure(c(0L, 0L, 1L, 0L, 1L, 1810L, 518L, 
0L, 1L, 1167L, 334L, 1L, 0L, 19L, 9L, 0L), dim = c(4L, 4L), dimnames = structure(list(
    c("-2", "-1", "0", "1"), c("-", "A", "G", NA)), names = c("", 
""))), GM14_SNP1 = structure(c(0L, 0L, 0L, 1L, 0L, 0L, 2L, 66L, 
785L, 2592L, 25L, 1L, 1L, 5L, 177L, 2872L, 21L, 0L, 0L, 1L, 1L, 
104L, 0L, 0L), dim = c(6L, 4L), dimnames = structure(list(c("-3", 
"-2", "-1", "0", "1", "3"), c("A", "C", "T", NA)), names = c("", 
""))), GM17_SNP1 = structure(c(1L, 38L, 2876L, 9L, 0L, 40L, 3549L, 
14L, 0L, 1L, 66L, 2L), dim = 4:3, dimnames = structure(list(c("-2", 
"-1", "0", "1"), c("C", "T", NA)), names = c("", ""))), GM22_SNP1 = structure(c(40L, 
2749L, 15L, 0L, 22L, 2176L, 9L, 1L, 1L, 122L, 1L, 0L), dim = 4:3, dimnames = structure(list(
    c("-1", "0", "1", "2"), c("A", "G", NA)), names = c("", ""
))), GM26_SNP1 = structure(c(0L, 0L, 0L, 10L, 0L, 1L, 1L, 25L, 
4063L, 8L, 0L, 0L, 0L, 1L, 0L, 0L, 0L, 2L, 85L, 1L), dim = 5:4, dimnames = structure(list(
    c("-3", "-2", "-1", "0", "1"), c("A", "G", "T", NA)), names = c("", 
""))), GM29_SNP1 = structure(c(2L, 215L, 4763L, 29L, 0L, 0L, 
6L, 0L, 0L, 4L, 72L, 0L), dim = 4:3, dimnames = structure(list(
    c("-2", "-1", "0", "1"), c("A", "G", NA)), names = c("", 
""))), IM16_SNP1 = structure(c(2L, 114L, 3016L, 61L, 2L, 0L, 
0L, 2L, 0L, 0L, 1L, 114L, 3076L, 51L, 0L, 0L, 2L, 79L, 7L, 0L
), dim = 5:4, dimnames = structure(list(c("-2", "-1", "0", "1", 
"2"), c("A", "C", "G", NA)), names = c("", ""))), IM49_SNP1 = structure(c(0L, 
0L, 1L, 0L, 0L, 4L, 99L, 4024L, 3906L, 64L, 0L, 1L, 0L, 7L, 0L, 
0L, 1L, 16L, 113L, 1L), dim = 5:4, dimnames = structure(list(
    c("-3", "-2", "-1", "0", "1"), c("A", "C", "G", NA)), names = c("", 
""))), LR10_SNP1 = structure(c(0L, 0L, 0L, 1L, 0L, 0L, 0L, 0L, 
5L, 1L, 1L, 2L, 192L, 5768L, 19L, 0L, 0L, 1L, 79L, 1L), dim = 5:4, dimnames = structure(list(
    c("-4", "-2", "-1", "0", "1"), c("A", "C", "T", NA)), names = c("", 
""))), LR11_SNP1 = structure(c(1L, 2L, 60L, 3144L, 31L, 1L, 0L, 
2L, 49L, 1744L, 12L, 0L, 0L, 0L, 1L, 0L, 0L, 0L, 0L, 0L, 2L, 
108L, 2L, 0L), dim = c(6L, 4L), dimnames = structure(list(c("-3", 
"-2", "-1", "0", "1", "2"), c("A", "C", "G", NA)), names = c("", 
""))), LR17_SNP1 = structure(c(61L, 1447L, 2632L, 28L, 2L, 0L, 
0L, 1L, 0L, 0L, 1L, 67L, 179L, 1L, 0L), dim = c(5L, 3L), dimnames = structure(list(
    c("-2", "-1", "0", "1", "2"), c("A", "G", NA)), names = c("", 
""))), LR20_SNP1 = structure(c(33L, 5787L, 7L, 0L, 6L, 0L, 0L, 
1L, 0L, 0L, 26L, 0L), dim = 3:4, dimnames = structure(list(c("-1", 
"0", "1"), c("A", "G", "T", NA)), names = c("", ""))), LR24_SNP1 = structure(c(2L, 
585L, 12004L, 29L, 0L, 0L, 9L, 0L, 0L, 0L, 2L, 0L, 0L, 1L, 125L, 
0L), dim = c(4L, 4L), dimnames = structure(list(c("-2", "-1", 
"0", "1"), c("A", "G", "T", NA)), names = c("", ""))), LR36_SNP1 = structure(c(0L, 
0L, 0L, 0L, 1L, 0L, 0L, 0L, 0L, 0L, 0L, 10L, 1L, 0L, 0L, 0L, 
0L, 0L, 4L, 0L, 0L, 0L, 0L, 0L, 0L, 1L, 0L, 0L, 2L, 22L, 1720L, 
204L, 3576L, 27L, 1L, 0L, 0L, 32L, 9L, 268L, 5L, 0L), dim = 7:6, dimnames = structure(list(
    c("-4", "-3", "-2", "-1", "0", "1", "5"), c("-", "A", "C", 
    "G", "T", NA)), names = c("", ""))), LR40_SNP1 = structure(c(1L, 
2015L, 2181L, 7L, 0L, 10L, 17L, 0L), dim = c(4L, 2L), dimnames = structure(list(
    c("-2", "-1", "0", "1"), c("C", NA)), names = c("", ""))), 
    LR44_SNP1 = structure(c(0L, 0L, 0L, 7L, 38L, 0L, 0L, 2L, 
    5L, 275L, 2653L, 2304L, 25L, 2L, 0L, 0L, 4L, 67L, 526L, 7L, 
    0L, 0L, 0L, 1L, 42L, 70L, 3L, 0L), dim = c(7L, 4L), dimnames = structure(list(
        c("-4", "-3", "-2", "-1", "0", "1", "2"), c("A", "C", 
        "T", NA)), names = c("", ""))), LR46_SNP1 = structure(c(0L, 
    2L, 0L, 58L, 3860L, 16L, 0L, 4L, 0L, 0L, 29L, 0L), dim = 3:4, dimnames = structure(list(
        c("-1", "0", "1"), c("A", "G", "T", NA)), names = c("", 
    ""))), LR48_SNP1 = structure(c(7L, 292L, 2960L, 203L, 6L, 
    0L, 0L, 1L, 0L, 0L, 0L, 3L, 72L, 1L, 0L), dim = c(5L, 3L), dimnames = structure(list(
        c("-2", "-1", "0", "1", "2"), c("C", "T", NA)), names = c("", 
    ""))), LR49_SNP1 = structure(c(89L, 3135L, 0L, 61L, 3262L, 
    2L, 3L, 87L, 0L), dim = c(3L, 3L), dimnames = structure(list(
        c("-1", "0", "1"), c("A", "G", NA)), names = c("", ""
    ))), LR52_SNP1 = structure(c(0L, 0L, 1L, 0L, 0L, 0L, 0L, 
    0L, 1L, 0L, 3L, 0L, 3L, 127L, 2035L, 1546L, 885L, 5L, 0L, 
    0L, 17L, 35L, 57L, 0L), dim = c(6L, 4L), dimnames = structure(list(
        c("-4", "-3", "-2", "-1", "0", "1"), c("A", "C", "T", 
        NA)), names = c("", ""))))
