Result <-
list(DEPDC2_SNP1 = structure(c(0L, 0L, 1L, 0L, 0L, 0L, 8L, 0L, 
0L, 0L, 1L, 0L, 1L, 146L, 14803L, 74L, 0L, 0L, 170L, 0L), dim = 4:5, dimnames = structure(list(
    c("-2", "-1", "0", "1"), c("A", "C", "G", "T", NA)), names = c("", 
""))), GM01_SNP1 = structure(c(0L, 28L, 1647L, 8L, 0L, 1L, 82L, 
3506L, 16L, 1L, 0L, 0L, 1L, 0L, 0L, 0L, 2L, 67L, 2L, 0L), dim = 5:4, dimnames = structure(list(
    c("-2", "-1", "0", "1", "2"), c("A", "G", "T", NA)), names = c("", 
""))), GM07_SNP1 = structure(c(0L, 0L, 0L, 0L, 1L, 0L, 0L, 8L, 
490L, 5336L, 260L, 11L, 1L, 11L, 327L, 5253L, 310L, 4L, 0L, 0L, 
0L, 4L, 0L, 0L, 0L, 1L, 21L, 266L, 10L, 1L), dim = 6:5, dimnames = structure(list(
    c("-3", "-2", "-1", "0", "1", "2"), c("-", "A", "G", "T", 
    NA)), names = c("", ""))), GM09_SNP1 = structure(c(59L, 6049L, 
10L, 68L, 8392L, 55L, 1L, 41L, 1L, 1L, 162L, 2L), dim = 3:4, dimnames = structure(list(
    c("-1", "0", "1"), c("A", "G", "T", NA)), names = c("", ""
))), GM11_SNP1 = structure(c(13L, 1627L, 4L, 16L, 1363L, 12L, 
0L, 1L, 0L, 1L, 72L, 0L, 0L, 29L, 1L), dim = c(3L, 5L), dimnames = structure(list(
    c("-1", "0", "1"), c("A", "G", "N", "T", NA)), names = c("", 
""))), GM14_SNP1 = structure(c(0L, 0L, 0L, 2L, 0L, 0L, 0L, 0L, 
8L, 0L, 1L, 12L, 322L, 9343L, 113L, 0L, 0L, 1L, 205L, 0L), dim = 5:4, dimnames = structure(list(
    c("-3", "-2", "-1", "0", "1"), c("A", "C", "T", NA)), names = c("", 
""))), GM17_SNP1 = structure(c(42L, 2716L, 10L, 93L, 6775L, 34L, 
5L, 96L, 1L), dim = c(3L, 3L), dimnames = structure(list(c("-1", 
"0", "1"), c("C", "T", NA)), names = c("", ""))), GM22_SNP1 = structure(c(2L, 
91L, 6080L, 32L, 1L, 0L, 1L, 2L, 0L, 0L, 0L, 0L, 1L, 0L, 0L, 
0L, 3L, 79L, 2L, 0L), dim = 5:4, dimnames = structure(list(c("-2", 
"-1", "0", "1", "2"), c("A", "G", "T", NA)), names = c("", ""
))), GM26_SNP1 = structure(c(1L, 3L, 70L, 9838L, 39L, 0L, 0L, 
0L, 1L, 0L, 0L, 0L, 0L, 5L, 0L, 0L, 0L, 2L, 80L, 0L), dim = 5:4, dimnames = structure(list(
    c("-3", "-2", "-1", "0", "1"), c("A", "C", "G", NA)), names = c("", 
""))), GM29_SNP1 = structure(c(1L, 4L, 105L, 6093L, 25L, 0L, 
0L, 3L, 54L, 0L), dim = c(5L, 2L), dimnames = structure(list(
    c("-3", "-2", "-1", "0", "1"), c("A", NA)), names = c("", 
""))), IM16_SNP1 = structure(c(0L, 0L, 2L, 0L, 0L, 2L, 39L, 3554L, 
63L, 1L, 0L, 1L, 17L, 0L, 0L, 0L, 0L, 54L, 7L, 0L), dim = 5:4, dimnames = structure(list(
    c("-2", "-1", "0", "1", "2"), c("A", "G", "T", NA)), names = c("", 
""))), IM49_SNP1 = structure(c(0L, 0L, 0L, 1L, 0L, 0L, 0L, 0L, 
2L, 41L, 2L, 0L, 1L, 6L, 277L, 5591L, 252L, 6L, 0L, 0L, 7L, 316L, 
26L, 1L), dim = c(6L, 4L), dimnames = structure(list(c("-3", 
"-2", "-1", "0", "1", "2"), c("A", "C", "G", NA)), names = c("", 
""))), LR10_SNP1 = structure(c(1L, 105L, 3103L, 32L, 0L, 54L, 
3298L, 23L, 0L, 1L, 80L, 3L), dim = 4:3, dimnames = structure(list(
    c("-2", "-1", "0", "1"), c("C", "T", NA)), names = c("", 
""))), LR11_SNP1 = structure(c(0L, 0L, 96L, 1L, 0L, 4L, 93L, 
3671L, 75L, 1L, 0L, 1L, 119L, 8L, 0L), dim = c(5L, 3L), dimnames = structure(list(
    c("-2", "-1", "0", "1", "2"), c("A", "C", NA)), names = c("", 
""))), LR17_SNP1 = structure(c(1L, 2L, 105L, 1894L, 50L, 0L, 
0L, 0L, 1L, 0L, 0L, 0L, 10L, 164L, 0L), dim = c(5L, 3L), dimnames = structure(list(
    c("-3", "-2", "-1", "0", "1"), c("A", "G", NA)), names = c("", 
""))), LR20_SNP1 = structure(c(4L, 2915L, 10L, 0L, 3L, 0L, 1L, 
10L, 0L), dim = c(3L, 3L), dimnames = structure(list(c("-1", 
"0", "1"), c("A", "G", NA)), names = c("", ""))), LR24_SNP1 = structure(c(20L, 
6527L, 18L, 1L, 2L, 0L, 0L, 51L, 1L), dim = c(3L, 3L), dimnames = structure(list(
    c("-1", "0", "1"), c("A", "G", NA)), names = c("", ""))), 
    LR36_SNP1 = structure(c(0L, 0L, 3L, 40L, 0L, 0L, 0L, 0L, 
    0L, 0L, 0L, 0L, 1L, 0L, 0L, 0L, 0L, 0L, 1L, 10L, 170L, 4613L, 
    104L, 2L, 1L, 2L, 1L, 0L, 1L, 11L, 267L, 2L, 0L, 0L, 0L, 
    0L), dim = c(9L, 4L), dimnames = structure(list(c("-3", "-2", 
    "-1", "0", "1", "2", "3", "4", "5"), c("A", "G", "T", NA)), names = c("", 
    ""))), LR40_SNP1 = structure(c(0L, 1L, 54L, 1963L, 0L, 15L
    ), dim = 2:3, dimnames = structure(list(c("-1", "0"), c("A", 
    "C", NA)), names = c("", ""))), LR44_SNP1 = structure(c(0L, 
    0L, 1L, 0L, 0L, 9L, 175L, 1614L, 46L, 1L, 0L, 0L, 2L, 0L, 
    0L, 20L, 505L, 4570L, 109L, 1L, 0L, 10L, 174L, 6L, 0L), dim = c(5L, 
    5L), dimnames = structure(list(c("-2", "-1", "0", "1", "2"
    ), c("A", "C", "N", "T", NA)), names = c("", ""))), LR46_SNP1 = structure(c(0L, 
    1L, 0L, 0L, 2L, 0L, 17L, 4107L, 15L, 0L, 1L, 0L, 22L, 4200L, 
    10L, 0L, 97L, 2L), dim = c(3L, 6L), dimnames = structure(list(
        c("-1", "0", "1"), c("A", "C", "G", "N", "T", NA)), names = c("", 
    ""))), LR48_SNP1 = structure(c(0L, 0L, 0L, 1L, 0L, 0L, 0L, 
    0L, 0L, 1L, 0L, 0L, 1L, 9L, 252L, 5760L, 133L, 5L, 0L, 0L, 
    1L, 34L, 0L, 0L, 0L, 0L, 2L, 184L, 2L, 0L), dim = 6:5, dimnames = structure(list(
        c("-3", "-2", "-1", "0", "1", "2"), c("-", "A", "C", 
        "T", NA)), names = c("", ""))), LR49_SNP1 = structure(c(0L, 
    47L, 0L, 0L, 1L, 0L, 44L, 11219L, 6L, 0L, 88L, 0L), dim = 3:4, dimnames = structure(list(
        c("-1", "0", "1"), c("A", "C", "G", NA)), names = c("", 
    ""))), LR52_SNP1 = structure(c(0L, 0L, 0L, 1L, 0L, 0L, 3L, 
    73L, 725L, 6021L, 108L, 2L, 0L, 0L, 42L, 464L, 3L, 0L), dim = c(6L, 
    3L), dimnames = structure(list(c("-3", "-2", "-1", "0", "1", 
    "2"), c("A", "T", NA)), names = c("", ""))))
