Result <-
list(DEPDC2_SNP1 = structure(c(0L, 0L, 3L, 0L, 1L, 36L, 4361L, 
16L, 0L, 0L, 2L, 0L, 0L, 32L, 4048L, 26L, 0L, 1L, 190L, 1L), dim = 4:5, dimnames = structure(list(
    c("-3", "-1", "0", "1"), c("A", "C", "G", "T", NA)), names = c("", 
""))), GM01_SNP1 = structure(c(1L, 30L, 2552L, 9L, 0L, 0L, 42L, 
2636L, 9L, 0L, 0L, 2L, 65L, 0L, 1L), dim = c(5L, 3L), dimnames = structure(list(
    c("-2", "-1", "0", "1", "2"), c("A", "G", NA)), names = c("", 
""))), GM07_SNP1 = structure(c(0L, 1L, 22L, 0L, 0L, 8L, 368L, 
5051L, 233L, 4L, 0L, 0L, 1L, 0L, 0L, 0L, 4L, 108L, 4L, 0L), dim = 5:4, dimnames = structure(list(
    c("-2", "-1", "0", "1", "2"), c("A", "G", "T", NA)), names = c("", 
""))), GM09_SNP1 = structure(c(40L, 6924L, 12L, 119L, 6411L, 
6L, 0L, 1L, 0L, 1L, 143L, 1L), dim = 3:4, dimnames = structure(list(
    c("-1", "0", "1"), c("A", "G", "T", NA)), names = c("", ""
))), GM11_SNP1 = structure(c(10L, 872L, 5L, 6L, 954L, 8L, 0L, 
18L, 0L), dim = c(3L, 3L), dimnames = structure(list(c("-1", 
"0", "1"), c("A", "G", NA)), names = c("", ""))), GM14_SNP1 = structure(c(0L, 
0L, 2L, 0L, 0L, 14L, 267L, 6568L, 117L, 1L, 0L, 1L, 24L, 1L, 
0L, 0L, 1L, 99L, 2L, 0L), dim = 5:4, dimnames = structure(list(
    c("-2", "-1", "0", "1", "2"), c("A", "C", "T", NA)), names = c("", 
""))), GM17_SNP1 = structure(c(0L, 0L, 1L, 0L, 0L, 171L, 9278L, 
45L, 2L, 172L, 8594L, 26L, 0L, 6L, 214L, 1L), dim = c(4L, 4L), dimnames = structure(list(
    c("-2", "-1", "0", "1"), c("A", "C", "T", NA)), names = c("", 
""))), GM22_SNP1 = structure(c(1L, 52L, 2406L, 12L, 1L, 1L, 23L, 
2158L, 11L, 0L, 0L, 2L, 102L, 1L, 0L), dim = c(5L, 3L), dimnames = structure(list(
    c("-2", "-1", "0", "1", "2"), c("A", "G", NA)), names = c("", 
""))), GM26_SNP1 = structure(c(2L, 15L, 2378L, 8L, 0L, 0L, 1L, 
0L, 0L, 0L, 1L, 0L, 1L, 1L, 39L, 0L), dim = c(4L, 4L), dimnames = structure(list(
    c("-2", "-1", "0", "1"), c("A", "G", "T", NA)), names = c("", 
""))), GM29_SNP1 = structure(c(0L, 62L, 3567L, 13L, 1L, 70L, 
3286L, 15L, 0L, 0L, 1L, 0L, 0L, 0L, 74L, 0L), dim = c(4L, 4L), dimnames = structure(list(
    c("-2", "-1", "0", "1"), c("A", "G", "T", NA)), names = c("", 
""))), IM16_SNP1 = structure(c(0L, 33L, 1439L, 33L, 1L, 16L, 
1276L, 24L, 0L, 4L, 45L, 4L), dim = 4:3, dimnames = structure(list(
    c("-2", "-1", "0", "1"), c("A", "G", NA)), names = c("", 
""))), IM49_SNP1 = structure(c(0L, 8L, 135L, 5L, 0L, 32L, 1351L, 
21867L, 681L, 15L, 0L, 32L, 1057L, 39L, 2L), dim = c(5L, 3L), dimnames = structure(list(
    c("-2", "-1", "0", "1", "2"), c("C", "G", NA)), names = c("", 
""))), LR10_SNP1 = structure(c(0L, 1L, 0L, 53L, 1364L, 20L, 53L, 
2198L, 12L, 1L, 53L, 1L), dim = 3:4, dimnames = structure(list(
    c("-1", "0", "1"), c("A", "C", "T", NA)), names = c("", ""
))), LR11_SNP1 = structure(c(0L, 0L, 2L, 35L, 1L, 1L, 6L, 167L, 
3678L, 29L, 0L, 0L, 1L, 1L, 0L, 0L, 0L, 2L, 122L, 0L), dim = 5:4, dimnames = structure(list(
    c("-3", "-2", "-1", "0", "1"), c("A", "C", "T", NA)), names = c("", 
""))), LR17_SNP1 = structure(c(42L, 278L, 4907L, 103L, 1L, 1L, 
14L, 350L, 3L, 0L), dim = c(5L, 2L), dimnames = structure(list(
    c("-2", "-1", "0", "1", "2"), c("A", NA)), names = c("", 
""))), LR20_SNP1 = structure(c(0L, 1L, 0L, 6L, 3613L, 8L, 0L, 
6L, 0L, 0L, 15L, 0L), dim = 3:4, dimnames = structure(list(c("-1", 
"0", "1"), c("-", "A", "G", NA)), names = c("", ""))), LR24_SNP1 = structure(c(1L, 
102L, 0L, 56L, 10873L, 31L, 1L, 95L, 0L), dim = c(3L, 3L), dimnames = structure(list(
    c("-1", "0", "1"), c("A", "G", NA)), names = c("", ""))), 
    LR36_SNP1 = structure(c(0L, 0L, 0L, 0L, 60L, 0L, 0L, 0L, 
    0L, 1L, 3L, 0L, 1L, 2L, 18L, 531L, 7837L, 132L, 0L, 0L, 2L, 
    24L, 548L, 5L), dim = c(6L, 4L), dimnames = structure(list(
        c("-4", "-3", "-2", "-1", "0", "1"), c("A", "G", "T", 
        NA)), names = c("", ""))), LR40_SNP1 = structure(c(1L, 
    15L, 1725L, 2L, 0L, 8L, 1297L, 4L, 0L, 1L, 33L, 0L), dim = 4:3, dimnames = structure(list(
        c("-2", "-1", "0", "1"), c("A", "C", NA)), names = c("", 
    ""))), LR44_SNP1 = structure(c(1L, 5L, 174L, 963L, 18L, 1L, 
    0L, 3L, 120L, 1379L, 31L, 0L, 0L, 0L, 3L, 41L, 0L, 0L), dim = c(6L, 
    3L), dimnames = structure(list(c("-3", "-2", "-1", "0", "1", 
    "2"), c("C", "T", NA)), names = c("", ""))), LR46_SNP1 = structure(c(0L, 
    1L, 0L, 0L, 23L, 0L, 80L, 4087L, 7L, 0L, 45L, 0L), dim = 3:4, dimnames = structure(list(
        c("-1", "0", "1"), c("A", "G", "T", NA)), names = c("", 
    ""))), LR48_SNP1 = structure(c(0L, 0L, 1L, 0L, 0L, 3L, 127L, 
    2833L, 65L, 2L, 0L, 4L, 12L, 0L, 0L, 0L, 1L, 103L, 2L, 1L
    ), dim = 5:4, dimnames = structure(list(c("-2", "-1", "0", 
    "1", "2"), c("A", "C", "T", NA)), names = c("", ""))), LR49_SNP1 = structure(c(0L, 
    36L, 0L, 73L, 5609L, 1L, 1L, 32L, 0L), dim = c(3L, 3L), dimnames = structure(list(
        c("-1", "0", "1"), c("A", "G", NA)), names = c("", ""
    ))), LR52_SNP1 = structure(c(0L, 0L, 0L, 1L, 0L, 1L, 7L, 
    102L, 727L, 2L, 0L, 4L, 139L, 708L, 12L, 0L, 0L, 8L, 200L, 
    4L), dim = 5:4, dimnames = structure(list(c("-3", "-2", "-1", 
    "0", "1"), c("A", "C", "T", NA)), names = c("", ""))))
