Result <-
list(DEPDC2_SNP1 = structure(c(0L, 0L, 1L, 0L, 0L, 48L, 5550L, 
23L, 1L, 63L, 7993L, 31L, 0L, 2L, 221L, 1L), dim = c(4L, 4L), dimnames = structure(list(
    c("-2", "-1", "0", "1"), c("A", "C", "T", NA)), names = c("", 
""))), GM01_SNP1 = structure(c(2L, 146L, 5964L, 23L, 0L, 0L, 
7L, 0L, 0L, 3L, 107L, 0L), dim = 4:3, dimnames = structure(list(
    c("-2", "-1", "0", "1"), c("A", "G", NA)), names = c("", 
""))), GM07_SNP1 = structure(c(0L, 0L, 2L, 0L, 0L, 4L, 318L, 
4932L, 174L, 7L, 1L, 1L, 33L, 1L, 0L, 0L, 0L, 1L, 0L, 0L, 0L, 
0L, 0L, 0L, 0L, 0L, 4L, 95L, 1L, 0L), dim = 5:6, dimnames = structure(list(
    c("-2", "-1", "0", "1", "2"), c("-", "A", "G", "N", "T", 
    NA)), names = c("", ""))), GM09_SNP1 = structure(c(42L, 7442L, 
9L, 37L, 5772L, 9L, 0L, 133L, 0L), dim = c(3L, 3L), dimnames = structure(list(
    c("-1", "0", "1"), c("A", "G", NA)), names = c("", ""))), 
    GM11_SNP1 = structure(c(18L, 3866L, 15L, 1L, 3L, 0L, 0L, 
    1L, 0L, 0L, 38L, 0L), dim = 3:4, dimnames = structure(list(
        c("-1", "0", "1"), c("A", "G", "T", NA)), names = c("", 
    ""))), GM14_SNP1 = structure(c(2L, 7L, 139L, 3935L, 4440L, 
    74L, 2L, 0L, 0L, 0L, 8L, 0L, 0L, 0L, 0L, 0L, 0L, 138L, 83L, 
    2L, 0L), dim = c(7L, 3L), dimnames = structure(list(c("-3", 
    "-2", "-1", "0", "1", "2", "3"), c("C", "T", NA)), names = c("", 
    ""))), GM17_SNP1 = structure(c(0L, 0L, 1L, 0L, 0L, 53L, 3560L, 
    14L, 1L, 66L, 4383L, 10L, 0L, 4L, 73L, 0L), dim = c(4L, 4L
    ), dimnames = structure(list(c("-2", "-1", "0", "1"), c("A", 
    "C", "T", NA)), names = c("", ""))), GM22_SNP1 = structure(c(1L, 
    120L, 6891L, 32L, 0L, 0L, 2L, 0L, 0L, 0L, 2L, 0L, 0L, 4L, 
    89L, 1L), dim = c(4L, 4L), dimnames = structure(list(c("-2", 
    "-1", "0", "1"), c("A", "G", "T", NA)), names = c("", ""))), 
    GM26_SNP1 = structure(c(1L, 36L, 4062L, 21L, 0L, 0L, 2L, 
    0L, 0L, 1L, 31L, 0L), dim = 4:3, dimnames = structure(list(
        c("-2", "-1", "0", "1"), c("A", "G", NA)), names = c("", 
    ""))), GM29_SNP1 = structure(c(2L, 80L, 4111L, 14L, 0L, 0L, 
    3L, 0L, 0L, 0L, 28L, 0L), dim = 4:3, dimnames = structure(list(
        c("-3", "-1", "0", "1"), c("A", "G", NA)), names = c("", 
    ""))), IM16_SNP1 = structure(c(0L, 15L, 1744L, 30L, 0L, 0L, 
    1L, 0L, 1L, 22L, 1731L, 21L, 0L, 0L, 69L, 4L), dim = c(4L, 
    4L), dimnames = structure(list(c("-2", "-1", "0", "1"), c("A", 
    "C", "G", NA)), names = c("", ""))), IM49_SNP1 = structure(c(10L, 
    382L, 7459L, 201L, 4L, 0L, 2L, 34L, 0L, 0L, 0L, 2L, 179L, 
    5L, 0L), dim = c(5L, 3L), dimnames = structure(list(c("-2", 
    "-1", "0", "1", "2"), c("C", "G", NA)), names = c("", ""))), 
    LR10_SNP1 = structure(c(0L, 63L, 2249L, 21L, 1L, 2L, 60L, 
    2826L, 9L, 0L, 0L, 0L, 58L, 4L, 0L), dim = c(5L, 3L), dimnames = structure(list(
        c("-2", "-1", "0", "1", "2"), c("C", "T", NA)), names = c("", 
    ""))), LR11_SNP1 = structure(c(0L, 0L, 2L, 0L, 1L, 168L, 
    4749L, 47L, 0L, 3L, 184L, 4L), dim = 4:3, dimnames = structure(list(
        c("-2", "-1", "0", "1"), c("A", "C", NA)), names = c("", 
    ""))), LR17_SNP1 = structure(c(8L, 165L, 3912L, 82L, 2L, 
    0L, 0L, 2L, 0L, 0L, 0L, 9L, 339L, 1L, 0L), dim = c(5L, 3L
    ), dimnames = structure(list(c("-2", "-1", "0", "1", "2"), 
        c("A", "G", NA)), names = c("", ""))), LR20_SNP1 = structure(c(4L, 
    2004L, 8L, 2L, 2346L, 2L, 0L, 34L, 1L), dim = c(3L, 3L), dimnames = structure(list(
        c("-1", "0", "1"), c("A", "G", NA)), names = c("", ""
    ))), LR24_SNP1 = structure(c(0L, 19L, 4688L, 11L, 0L, 32L, 
    5012L, 15L, 0L, 0L, 1L, 0L, 1L, 2L, 101L, 1L), dim = c(4L, 
    4L), dimnames = structure(list(c("-3", "-1", "0", "1"), c("A", 
    "G", "N", NA)), names = c("", ""))), LR36_SNP1 = structure(c(9L, 
    73L, 3372L, 49L, 1L, 0L, 0L, 2L, 0L, 0L, 6L, 77L, 3650L, 
    49L, 0L, 0L, 2L, 283L, 5L, 0L), dim = 5:4, dimnames = structure(list(
        c("-2", "-1", "0", "1", "2"), c("A", "N", "T", NA)), names = c("", 
    ""))), LR40_SNP1 = structure(c(11L, 1002L, 5L, 18L, 1061L, 
    5L, 0L, 1L, 0L, 0L, 1L, 0L, 1L, 13L, 0L), dim = c(3L, 5L), dimnames = structure(list(
        c("-1", "0", "1"), c("A", "C", "G", "T", NA)), names = c("", 
    ""))), LR44_SNP1 = structure(c(0L, 7L, 206L, 2020L, 35L, 
    0L, 1L, 8L, 165L, 1722L, 34L, 3L, 0L, 0L, 3L, 102L, 4L, 0L
    ), dim = c(6L, 3L), dimnames = structure(list(c("-3", "-2", 
    "-1", "0", "1", "2"), c("C", "T", NA)), names = c("", ""))), 
    LR46_SNP1 = structure(c(0L, 0L, 1L, 0L, 0L, 1L, 21L, 5024L, 
    26L, 1L, 0L, 0L, 1L, 0L, 0L, 0L, 0L, 3L, 0L, 0L, 0L, 0L, 
    46L, 0L, 0L), dim = c(5L, 5L), dimnames = structure(list(
        c("-3", "-1", "0", "1", "2"), c("A", "G", "N", "T", NA
        )), names = c("", ""))), LR48_SNP1 = structure(c(0L, 
    145L, 3179L, 51L, 3L, 4L, 115L, 2411L, 43L, 1L, 0L, 1L, 187L, 
    5L, 1L), dim = c(5L, 3L), dimnames = structure(list(c("-2", 
    "-1", "0", "1", "2"), c("C", "T", NA)), names = c("", ""))), 
    LR49_SNP1 = structure(c(8L, 3605L, 1L, 0L, 0L, 0L, 15L, 3984L, 
    2L, 0L, 103L, 0L), dim = 3:4, dimnames = structure(list(c("-1", 
    "0", "1"), c("A", "C", "G", NA)), names = c("", ""))), LR52_SNP1 = structure(c(1L, 
    13L, 154L, 1104L, 23L, 0L, 0L, 22L, 183L, 1405L, 28L, 0L, 
    0L, 0L, 30L, 613L, 9L, 1L), dim = c(6L, 3L), dimnames = structure(list(
        c("-3", "-2", "-1", "0", "1", "2"), c("C", "T", NA)), names = c("", 
    ""))))
