Result <-
list(DEPDC2_SNP1 = structure(c(0L, 1L, 0L, 0L, 0L, 0L, 0L, 11L, 
0L, 0L, 0L, 0L, 1L, 0L, 0L, 4L, 1605L, 9508L, 464L, 3L, 0L, 6L, 
132L, 6L, 0L), dim = c(5L, 5L), dimnames = structure(list(c("-2", 
"-1", "0", "1", "2"), c("A", "C", "G", "T", NA)), names = c("", 
""))), GM01_SNP1 = structure(c(1L, 79L, 2610L, 16L, 0L, 0L, 0L, 
76L, 2934L, 18L, 1L, 1L, 0L, 2L, 60L, 0L, 0L, 0L), dim = c(6L, 
3L), dimnames = structure(list(c("-2", "-1", "0", "1", "2", "3"
), c("A", "G", NA)), names = c("", ""))), GM07_SNP1 = structure(c(39L, 
1257L, 2262L, 88L, 2L, 0L, 22L, 873L, 2155L, 507L, 42L, 1L, 0L, 
15L, 92L, 12L, 0L, 0L), dim = c(6L, 3L), dimnames = structure(list(
    c("-2", "-1", "0", "1", "2", "3"), c("A", "G", NA)), names = c("", 
""))), GM09_SNP1 = structure(c(0L, 76L, 0L, 0L, 127L, 12804L, 
39L, 1L, 0L, 1L, 0L, 0L, 1L, 156L, 0L, 0L), dim = c(4L, 4L), dimnames = structure(list(
    c("-1", "0", "1", "2"), c("A", "G", "T", NA)), names = c("", 
""))), GM11_SNP1 = structure(c(21L, 1566L, 6L, 1L, 0L, 9L, 0L, 
0L, 0L, 11L, 0L, 0L), dim = 4:3, dimnames = structure(list(c("-1", 
"0", "1", "2"), c("A", "G", NA)), names = c("", ""))), GM14_SNP1 = structure(c(0L, 
0L, 1L, 0L, 0L, 90L, 2043L, 4943L, 115L, 2L, 0L, 0L, 10L, 0L, 
0L, 0L, 1L, 52L, 0L, 0L), dim = 5:4, dimnames = structure(list(
    c("-2", "-1", "0", "1", "2"), c("A", "C", "T", NA)), names = c("", 
""))), GM17_SNP1 = structure(c(1L, 7L, 4202L, 8155L, 72L, 0L, 
0L, 1L, 21L, 0L, 0L, 0L, 20L, 74L, 3L), dim = c(5L, 3L), dimnames = structure(list(
    c("-3", "-2", "-1", "0", "1"), c("C", "T", NA)), names = c("", 
""))), GM22_SNP1 = structure(c(1L, 155L, 4912L, 26L, 0L, 0L, 
3L, 0L, 0L, 2L, 67L, 0L), dim = 4:3, dimnames = structure(list(
    c("-2", "-1", "0", "1"), c("A", "G", NA)), names = c("", 
""))), GM26_SNP1 = structure(c(2L, 88L, 5590L, 30L, 0L, 0L, 40L, 
0L, 0L, 3L, 84L, 1L), dim = 4:3, dimnames = structure(list(c("-2", 
"-1", "0", "1"), c("A", "G", NA)), names = c("", ""))), GM29_SNP1 = structure(c(1L, 
146L, 3331L, 24L, 0L, 97L, 4301L, 15L, 0L, 0L, 3L, 0L, 0L, 1L, 
77L, 0L), dim = c(4L, 4L), dimnames = structure(list(c("-2", 
"-1", "0", "1"), c("A", "G", "T", NA)), names = c("", ""))), 
    IM16_SNP1 = structure(c(0L, 0L, 6L, 0L, 0L, 4L, 467L, 2564L, 
    62L, 3L, 0L, 0L, 1L, 0L, 0L, 0L, 2L, 45L, 2L, 0L), dim = 5:4, dimnames = structure(list(
        c("-2", "-1", "0", "1", "2"), c("A", "G", "T", NA)), names = c("", 
    ""))), IM49_SNP1 = structure(c(0L, 0L, 0L, 0L, 1L, 0L, 0L, 
    0L, 0L, 1L, 1L, 1L, 0L, 0L, 0L, 0L, 1L, 2L, 49L, 1L, 0L, 
    1L, 40L, 4168L, 6533L, 9062L, 306L, 7L, 0L, 0L, 0L, 0L, 2L, 
    0L, 0L, 0L, 0L, 47L, 100L, 426L, 23L, 1L), dim = 7:6, dimnames = structure(list(
        c("-4", "-3", "-2", "-1", "0", "1", "2"), c("-", "A", 
        "C", "G", "T", NA)), names = c("", ""))), LR10_SNP1 = structure(c(1L, 
    233L, 1755L, 551L, 20L, 1L, 0L, 0L, 1L, 0L, 0L, 0L, 4L, 992L, 
    2100L, 15L, 0L, 0L, 0L, 4L, 56L, 12L, 0L, 0L), dim = c(6L, 
    4L), dimnames = structure(list(c("-2", "-1", "0", "1", "2", 
    "3"), c("C", "G", "T", NA)), names = c("", ""))), LR11_SNP1 = structure(c(6L, 
    276L, 4130L, 46L, 1L, 0L, 1L, 58L, 1L, 0L, 0L, 0L, 1L, 0L, 
    0L, 0L, 4L, 65L, 1L, 0L), dim = 5:4, dimnames = structure(list(
        c("-2", "-1", "0", "1", "2"), c("A", "C", "G", NA)), names = c("", 
    ""))), LR17_SNP1 = structure(c(2L, 32L, 844L, 3998L, 112L, 
    7L, 0L, 0L, 1L, 1L, 0L, 0L, 0L, 0L, 34L, 265L, 0L, 1L), dim = c(6L, 
    3L), dimnames = structure(list(c("-3", "-2", "-1", "0", "1", 
    "2"), c("A", "G", NA)), names = c("", ""))), LR20_SNP1 = structure(c(0L, 
    36L, 0L, 23L, 2205L, 14L, 0L, 23L, 0L), dim = c(3L, 3L), dimnames = structure(list(
        c("-1", "0", "1"), c("A", "G", NA)), names = c("", ""
    ))), LR24_SNP1 = structure(c(0L, 0L, 1L, 0L, 0L, 29L, 145L, 
    0L, 13L, 2100L, 8015L, 27L, 0L, 6L, 68L, 1L), dim = c(4L, 
    4L), dimnames = structure(list(c("-2", "-1", "0", "1"), c("-", 
    "A", "G", NA)), names = c("", ""))), LR36_SNP1 = structure(c(0L, 
    0L, 0L, 0L, 0L, 20L, 1L, 0L, 0L, 0L, 0L, 0L, 0L, 0L, 0L, 
    1L, 0L, 0L, 0L, 0L, 0L, 0L, 0L, 1L, 1L, 0L, 0L, 1L, 2L, 6L, 
    204L, 2164L, 4597L, 1093L, 33L, 1L, 0L, 0L, 0L, 3L, 89L, 
    332L, 71L, 3L, 0L), dim = c(9L, 5L), dimnames = structure(list(
        c("-5", "-4", "-3", "-2", "-1", "0", "1", "2", "3"), 
        c("A", "C", "G", "T", NA)), names = c("", ""))), LR40_SNP1 = structure(c(0L, 
    1L, 0L, 121L, 2222L, 7L, 1L, 19L, 0L), dim = c(3L, 3L), dimnames = structure(list(
        c("-1", "0", "1"), c("A", "C", NA)), names = c("", ""
    ))), LR44_SNP1 = structure(c(0L, 0L, 0L, 0L, 1L, 0L, 0L, 
    1L, 2L, 142L, 988L, 1126L, 53L, 2L, 0L, 0L, 5L, 80L, 545L, 
    8L, 0L, 0L, 0L, 0L, 14L, 50L, 2L, 0L), dim = c(7L, 4L), dimnames = structure(list(
        c("-4", "-3", "-2", "-1", "0", "1", "2"), c("A", "C", 
        "T", NA)), names = c("", ""))), LR46_SNP1 = structure(c(0L, 
    1L, 0L, 0L, 0L, 0L, 2L, 0L, 1L, 35L, 2646L, 14L, 48L, 132L, 
    2598L, 11L, 0L, 0L, 50L, 0L), dim = 4:5, dimnames = structure(list(
        c("-2", "-1", "0", "1"), c("-", "A", "G", "T", NA)), names = c("", 
    ""))), LR48_SNP1 = structure(c(11L, 661L, 3727L, 104L, 2L, 
    0L, 0L, 2L, 0L, 0L, 1L, 10L, 120L, 1L, 0L), dim = c(5L, 3L
    ), dimnames = structure(list(c("-2", "-1", "0", "1", "2"), 
        c("C", "T", NA)), names = c("", ""))), LR49_SNP1 = structure(c(1L, 
    15L, 0L, 1136L, 6619L, 5L, 1L, 1L, 0L, 2L, 48L, 0L), dim = 3:4, dimnames = structure(list(
        c("-1", "0", "1"), c("A", "G", "T", NA)), names = c("", 
    ""))), LR52_SNP1 = structure(c(0L, 0L, 0L, 0L, 1L, 0L, 0L, 
    0L, 0L, 0L, 0L, 4L, 26L, 0L, 0L, 0L, 5L, 413L, 205L, 474L, 
    1704L, 163L, 35L, 2L, 0L, 2L, 1L, 19L, 87L, 14L, 4L, 0L), dim = c(8L, 
    4L), dimnames = structure(list(c("-4", "-3", "-2", "-1", 
    "0", "1", "2", "3"), c("A", "C", "T", NA)), names = c("", 
    ""))))
