Result <-
list(DEPDC2_SNP1 = structure(c(0L, 0L, 4L, 0L, 0L, 0L, 24L, 3459L, 
1556L, 5L, 0L, 0L, 1L, 0L, 0L, 1L, 72L, 7469L, 42L, 1L, 0L, 1L, 
210L, 28L, 0L), dim = c(5L, 5L), dimnames = structure(list(c("-2", 
"-1", "0", "1", "2"), c("A", "C", "G", "T", NA)), names = c("", 
""))), GM01_SNP1 = structure(c(0L, 4L, 72L, 0L, 0L, 4L, 293L, 
7516L, 29L, 1L, 0L, 1L, 93L, 0L, 0L), dim = c(5L, 3L), dimnames = structure(list(
    c("-2", "-1", "0", "1", "2"), c("A", "G", NA)), names = c("", 
""))), GM07_SNP1 = structure(c(3L, 1203L, 565L, 1332L, 38L, 0L, 
1L, 15L, 777L, 2612L, 79L, 1L, 0L, 0L, 1L, 0L, 0L, 0L, 0L, 3L, 
12L, 79L, 1L, 0L), dim = c(6L, 4L), dimnames = structure(list(
    c("-3", "-2", "-1", "0", "1", "2"), c("A", "G", "T", NA)), names = c("", 
""))), GM09_SNP1 = structure(c(1L, 2574L, 9946L, 15L, 0L, 0L, 
17L, 1L, 0L, 16L, 82L, 0L), dim = 4:3, dimnames = structure(list(
    c("-2", "-1", "0", "1"), c("A", "G", NA)), names = c("", 
""))), GM11_SNP1 = structure(c(0L, 0L, 1L, 0L, 0L, 0L, 11L, 3312L, 
27L, 0L, 0L, 12L, 2507L, 18L, 1L, 0L, 0L, 2L, 0L, 0L, 1L, 0L, 
45L, 0L, 0L), dim = c(5L, 5L), dimnames = structure(list(c("-2", 
"-1", "0", "1", "2"), c("-", "A", "G", "T", NA)), names = c("", 
""))), GM14_SNP1 = structure(c(0L, 0L, 0L, 1L, 0L, 0L, 2L, 7L, 
335L, 6811L, 451L, 3L, 0L, 0L, 0L, 15L, 0L, 0L, 0L, 0L, 0L, 91L, 
6L, 0L), dim = c(6L, 4L), dimnames = structure(list(c("-3", "-2", 
"-1", "0", "1", "2"), c("-", "C", "T", NA)), names = c("", ""
))), GM17_SNP1 = structure(c(0L, 0L, 2L, 0L, 0L, 291L, 4493L, 
18L, 1L, 52L, 4245L, 16L, 0L, 2L, 89L, 0L), dim = c(4L, 4L), dimnames = structure(list(
    c("-2", "-1", "0", "1"), c("A", "C", "T", NA)), names = c("", 
""))), GM22_SNP1 = structure(c(0L, 151L, 2831L, 10L, 1L, 35L, 
2564L, 13L, 0L, 2L, 118L, 0L), dim = 4:3, dimnames = structure(list(
    c("-2", "-1", "0", "1"), c("A", "G", NA)), names = c("", 
""))), GM26_SNP1 = structure(c(1L, 37L, 5129L, 19L, 0L, 0L, 1L, 
0L, 0L, 1L, 78L, 1L, 0L, 0L, 1L, 0L, 0L, 1L, 109L, 1L), dim = 4:5, dimnames = structure(list(
    c("-2", "-1", "0", "1"), c("A", "C", "G", "T", NA)), names = c("", 
""))), GM29_SNP1 = structure(c(1L, 258L, 2637L, 4L, 0L, 0L, 1L, 
0L, 3L, 105L, 2491L, 11L, 0L, 1L, 62L, 0L), dim = c(4L, 4L), dimnames = structure(list(
    c("-2", "-1", "0", "1"), c("A", "C", "G", NA)), names = c("", 
""))), IM16_SNP1 = structure(c(0L, 0L, 7L, 0L, 0L, 1L, 74L, 6485L, 
175L, 4L, 0L, 0L, 1L, 0L, 0L, 0L, 8L, 120L, 9L, 0L), dim = 5:4, dimnames = structure(list(
    c("-2", "-1", "0", "1", "2"), c("A", "G", "T", NA)), names = c("", 
""))), IM49_SNP1 = structure(c(0L, 11L, 587L, 4151L, 51L, 0L, 
2L, 169L, 1970L, 2824L, 147L, 1L, 0L, 2L, 34L, 204L, 7L, 0L), dim = c(6L, 
3L), dimnames = structure(list(c("-3", "-2", "-1", "0", "1", 
"2"), c("C", "G", NA)), names = c("", ""))), LR10_SNP1 = structure(c(0L, 
0L, 2L, 0L, 0L, 0L, 9L, 0L, 1L, 134L, 5876L, 18L, 0L, 1L, 75L, 
3L), dim = c(4L, 4L), dimnames = structure(list(c("-2", "-1", 
"0", "1"), c("A", "C", "T", NA)), names = c("", ""))), LR11_SNP1 = structure(c(0L, 
3L, 350L, 3411L, 16L, 1L, 124L, 1258L, 1730L, 8L, 0L, 0L, 1L, 
0L, 0L, 0L, 3L, 22L, 106L, 1L), dim = 5:4, dimnames = structure(list(
    c("-3", "-2", "-1", "0", "1"), c("A", "C", "T", NA)), names = c("", 
""))), LR17_SNP1 = structure(c(18L, 986L, 4264L, 50L, 0L, 0L, 
1L, 0L, 0L, 1L, 4L, 0L, 0L, 0L, 1L, 0L, 0L, 39L, 283L, 5L), dim = 4:5, dimnames = structure(list(
    c("-2", "-1", "0", "1"), c("A", "C", "G", "T", NA)), names = c("", 
""))), LR20_SNP1 = structure(c(0L, 1L, 0L, 23L, 6105L, 7L, 1L, 
115L, 0L, 1L, 24L, 0L), dim = 3:4, dimnames = structure(list(
    c("-1", "0", "1"), c("-", "A", "G", NA)), names = c("", ""
))), LR24_SNP1 = structure(c(0L, 0L, 1L, 0L, 0L, 0L, 238L, 6653L, 
30L, 1L, 1L, 295L, 6337L, 14L, 0L, 0L, 3L, 135L, 0L, 0L), dim = 5:4, dimnames = structure(list(
    c("-2", "-1", "0", "1", "2"), c("-", "A", "G", NA)), names = c("", 
""))), LR36_SNP1 = structure(c(0L, 0L, 3L, 14L, 0L, 16L, 164L, 
1491L, 4494L, 120L, 1L, 4L, 64L, 328L, 11L), dim = c(5L, 3L), dimnames = structure(list(
    c("-3", "-2", "-1", "0", "1"), c("A", "T", NA)), names = c("", 
""))), LR40_SNP1 = structure(c(0L, 0L, 1L, 0L, 2L, 104L, 6332L, 
18L, 0L, 0L, 44L, 1L), dim = 4:3, dimnames = structure(list(c("-2", 
"-1", "0", "1"), c("A", "C", NA)), names = c("", ""))), LR44_SNP1 = structure(c(1L, 
1L, 32L, 858L, 76L, 1L, 9L, 241L, 2530L, 4955L, 130L, 7L, 0L, 
1L, 35L, 146L, 10L, 1L), dim = c(6L, 3L), dimnames = structure(list(
    c("-3", "-2", "-1", "0", "1", "2"), c("C", "T", NA)), names = c("", 
""))), LR46_SNP1 = structure(c(0L, 34L, 2994L, 6L, 2L, 1762L, 
1930L, 6L, 0L, 13L, 47L, 0L), dim = 4:3, dimnames = structure(list(
    c("-2", "-1", "0", "1"), c("G", "T", NA)), names = c("", 
""))), LR48_SNP1 = structure(c(0L, 0L, 1L, 0L, 17L, 1218L, 3325L, 
44L, 0L, 0L, 1L, 0L, 0L, 9L, 124L, 0L), dim = c(4L, 4L), dimnames = structure(list(
    c("-2", "-1", "0", "1"), c("-", "C", "T", NA)), names = c("", 
""))), LR49_SNP1 = structure(c(0L, 38L, 0L, 0L, 1L, 0L, 383L, 
7468L, 1L, 0L, 1L, 0L, 2L, 53L, 0L), dim = c(3L, 5L), dimnames = structure(list(
    c("-1", "0", "1"), c("A", "C", "G", "T", NA)), names = c("", 
""))), LR52_SNP1 = structure(c(1L, 26L, 508L, 1601L, 2776L, 36L, 
0L, 0L, 1L, 3L, 73L, 0L, 0L, 0L, 7L, 103L, 579L, 7L), dim = c(6L, 
3L), dimnames = structure(list(c("-4", "-3", "-2", "-1", "0", 
"1"), c("C", "T", NA)), names = c("", ""))))
