Result <-
list(DEPDC2_SNP1 = structure(c(0L, 0L, 4L, 0L, 46L, 63L, 17L, 
0L, 0L, 400L, 15139L, 80L, 0L, 4L, 225L, 0L), dim = c(4L, 4L), dimnames = structure(list(
    c("-2", "-1", "0", "1"), c("A", "C", "T", NA)), names = c("", 
""))), GM01_SNP1 = structure(c(1L, 46L, 3829L, 17L, 1L, 0L, 252L, 
4086L, 11L, 0L, 0L, 0L, 1L, 0L, 0L, 0L, 4L, 105L, 2L, 0L), dim = 5:4, dimnames = structure(list(
    c("-2", "-1", "0", "1", "2"), c("A", "G", "T", NA)), names = c("", 
""))), GM07_SNP1 = structure(c(0L, 0L, 1L, 0L, 0L, 19L, 1309L, 
1848L, 66L, 2L, 17L, 897L, 1980L, 69L, 1L, 0L, 16L, 66L, 1L, 
0L), dim = 5:4, dimnames = structure(list(c("-2", "-1", "0", 
"1", "2"), c("-", "A", "G", NA)), names = c("", ""))), GM09_SNP1 = structure(c(0L, 
89L, 8428L, 62L, 1L, 1L, 47L, 6772L, 17L, 0L, 0L, 0L, 134L, 0L, 
0L), dim = c(5L, 3L), dimnames = structure(list(c("-2", "-1", 
"0", "1", "2"), c("A", "G", NA)), names = c("", ""))), GM11_SNP1 = structure(c(14L, 
1194L, 2640L, 18L, 0L, 0L, 22L, 0L, 0L, 6L, 27L, 0L), dim = 4:3, dimnames = structure(list(
    c("-2", "-1", "0", "1"), c("A", "G", NA)), names = c("", 
""))), GM14_SNP1 = structure(c(1L, 3L, 22L, 643L, 9058L, 108L, 
3L, 0L, 0L, 0L, 2L, 143L, 0L, 0L, 0L, 0L, 0L, 0L, 116L, 3L, 0L
), dim = c(7L, 3L), dimnames = structure(list(c("-4", "-3", "-2", 
"-1", "0", "1", "2"), c("C", "T", NA)), names = c("", ""))), 
    GM17_SNP1 = structure(c(1L, 5L, 355L, 6719L, 27L, 0L, 0L, 
    0L, 67L, 0L, 0L, 0L, 2L, 71L, 0L), dim = c(5L, 3L), dimnames = structure(list(
        c("-3", "-2", "-1", "0", "1"), c("C", "T", NA)), names = c("", 
    ""))), GM22_SNP1 = structure(c(1L, 126L, 6833L, 34L, 1L, 
    0L, 0L, 6L, 0L, 0L, 0L, 2L, 128L, 0L, 0L), dim = c(5L, 3L
    ), dimnames = structure(list(c("-2", "-1", "0", "1", "2"), 
        c("A", "G", NA)), names = c("", ""))), GM26_SNP1 = structure(c(1L, 
    92L, 5791L, 21L, 0L, 0L, 5L, 0L, 0L, 2L, 99L, 0L), dim = 4:3, dimnames = structure(list(
        c("-2", "-1", "0", "1"), c("A", "G", NA)), names = c("", 
    ""))), GM29_SNP1 = structure(c(1L, 145L, 5483L, 19L, 0L, 
    0L, 11L, 0L, 0L, 0L, 1L, 0L, 0L, 1L, 81L, 0L), dim = c(4L, 
    4L), dimnames = structure(list(c("-2", "-1", "0", "1"), c("A", 
    "G", "T", NA)), names = c("", ""))), IM16_SNP1 = structure(c(59L, 
    2171L, 33L, 0L, 72L, 2828L, 104L, 3L, 0L, 2L, 0L, 0L, 1L, 
    82L, 8L, 0L), dim = c(4L, 4L), dimnames = structure(list(
        c("-1", "0", "1", "2"), c("A", "G", "T", NA)), names = c("", 
    ""))), IM49_SNP1 = structure(c(3L, 235L, 4365L, 111L, 3L, 
    0L, 7L, 288L, 3054L, 114L, 0L, 1L, 2L, 5L, 258L, 5L, 0L, 
    0L), dim = c(6L, 3L), dimnames = structure(list(c("-2", "-1", 
    "0", "1", "2", "4"), c("C", "G", NA)), names = c("", ""))), 
    LR10_SNP1 = structure(c(0L, 0L, 1L, 0L, 1L, 164L, 5735L, 
    56L, 0L, 0L, 14L, 0L, 0L, 1L, 86L, 0L), dim = c(4L, 4L), dimnames = structure(list(
        c("-3", "-1", "0", "1"), c("A", "C", "T", NA)), names = c("", 
    ""))), LR11_SNP1 = structure(c(1L, 1L, 0L, 46L, 1099L, 2626L, 
    26L, 1L, 0L, 0L, 4L, 929L, 145L, 2004L, 17L, 0L, 0L, 0L, 
    0L, 0L, 0L, 1L, 0L, 0L, 0L, 0L, 0L, 9L, 13L, 91L, 0L, 0L), dim = c(8L, 
    4L), dimnames = structure(list(c("-5", "-4", "-3", "-2", 
    "-1", "0", "1", "3"), c("A", "C", "T", NA)), names = c("", 
    ""))), LR17_SNP1 = structure(c(18L, 655L, 2975L, 40L, 2L, 
    0L, 0L, 3L, 0L, 0L, 0L, 44L, 221L, 2L, 0L), dim = c(5L, 3L
    ), dimnames = structure(list(c("-2", "-1", "0", "1", "2"), 
        c("A", "G", NA)), names = c("", ""))), LR20_SNP1 = structure(c(1L, 
    5L, 2967L, 2L, 1L, 967L, 1453L, 3L, 0L, 0L, 1L, 0L, 0L, 8L, 
    34L, 0L), dim = c(4L, 4L), dimnames = structure(list(c("-2", 
    "-1", "0", "1"), c("A", "G", "T", NA)), names = c("", ""))), 
    LR24_SNP1 = structure(c(0L, 0L, 0L, 1L, 0L, 1L, 0L, 138L, 
    7429L, 18L, 0L, 1L, 40L, 6077L, 20L, 0L, 0L, 1L, 133L, 0L
    ), dim = 5:4, dimnames = structure(list(c("-3", "-2", "-1", 
    "0", "1"), c("-", "A", "G", NA)), names = c("", ""))), LR36_SNP1 = structure(c(2L, 
    2L, 19L, 931L, 7165L, 99L, 2L, 0L, 0L, 0L, 0L, 1L, 0L, 0L, 
    0L, 0L, 0L, 3L, 42L, 0L, 0L, 0L, 0L, 0L, 4L, 181L, 2L, 0L
    ), dim = c(7L, 4L), dimnames = structure(list(c("-4", "-3", 
    "-2", "-1", "0", "1", "2"), c("A", "G", "T", NA)), names = c("", 
    ""))), LR40_SNP1 = structure(c(2L, 25L, 2932L, 8L, 0L, 1L, 
    22L, 0L), dim = c(4L, 2L), dimnames = structure(list(c("-2", 
    "-1", "0", "1"), c("C", NA)), names = c("", ""))), LR44_SNP1 = structure(c(0L, 
    18L, 0L, 0L, 48L, 1L, 0L, 0L, 0L, 0L, 0L, 7L, 0L, 0L, 1L, 
    26L, 832L, 1657L, 3748L, 76L, 5L, 0L, 0L, 5L, 20L, 70L, 2L, 
    0L), dim = c(7L, 4L), dimnames = structure(list(c("-4", "-3", 
    "-2", "-1", "0", "1", "2"), c("C", "G", "T", NA)), names = c("", 
    ""))), LR46_SNP1 = structure(c(0L, 1L, 0L, 12L, 3927L, 24L, 
    0L, 63L, 0L, 0L, 41L, 1L), dim = 3:4, dimnames = structure(list(
        c("-1", "0", "1"), c("C", "G", "T", NA)), names = c("", 
    ""))), LR48_SNP1 = structure(c(3L, 314L, 388L, 4229L, 91L, 
    1L, 0L, 0L, 0L, 5L, 0L, 0L, 0L, 2L, 2L, 129L, 2L, 0L), dim = c(6L, 
    3L), dimnames = structure(list(c("-3", "-2", "-1", "0", "1", 
    "2"), c("C", "T", NA)), names = c("", ""))), LR49_SNP1 = structure(c(0L, 
    66L, 0L, 19L, 8129L, 1L, 0L, 1L, 0L, 1L, 48L, 0L), dim = 3:4, dimnames = structure(list(
        c("-1", "0", "1"), c("A", "G", "T", NA)), names = c("", 
    ""))), LR52_SNP1 = structure(c(0L, 0L, 0L, 1L, 0L, 0L, 0L, 
    0L, 0L, 0L, 1L, 0L, 0L, 1L, 69L, 675L, 1819L, 22L, 1L, 33L, 
    286L, 857L, 1638L, 23L, 0L, 0L, 3L, 60L, 488L, 7L), dim = 6:5, dimnames = structure(list(
        c("-4", "-3", "-2", "-1", "0", "1"), c("-", "A", "C", 
        "T", NA)), names = c("", ""))))
