Result <-
list(DEPDC2_SNP1 = structure(c(0L, 1L, 0L, 40L, 3592L, 17L, 22L, 
3740L, 32L, 3L, 160L, 2L), dim = 3:4, dimnames = structure(list(
    c("-1", "0", "1"), c("A", "C", "T", NA)), names = c("", ""
))), GM01_SNP1 = structure(c(84L, 4501L, 26L, 0L, 7L, 0L, 2L, 
54L, 0L), dim = c(3L, 3L), dimnames = structure(list(c("-1", 
"0", "1"), c("A", "G", NA)), names = c("", ""))), GM07_SNP1 = structure(c(2L, 
323L, 4081L, 194L, 7L, 1L, 1L, 2L, 1L, 0L, 0L, 4L, 55L, 3L, 0L
), dim = c(5L, 3L), dimnames = structure(list(c("-2", "-1", "0", 
"1", "2"), c("A", "G", NA)), names = c("", ""))), GM09_SNP1 = structure(c(0L, 
0L, 21L, 78L, 0L, 0L, 0L, 1L, 0L, 0L, 1L, 111L, 14600L, 20L, 
1L, 0L, 0L, 1L, 0L, 0L, 0L, 1L, 148L, 0L, 0L), dim = c(5L, 5L
), dimnames = structure(list(c("-2", "-1", "0", "1", "2"), c("A", 
"C", "G", "T", NA)), names = c("", ""))), GM11_SNP1 = structure(c(0L, 
7L, 989L, 4L, 1L, 4L, 1104L, 16L, 0L, 1L, 11L, 0L), dim = 4:3, dimnames = structure(list(
    c("-2", "-1", "0", "1"), c("A", "G", NA)), names = c("", 
""))), GM14_SNP1 = structure(c(0L, 0L, 2L, 0L, 0L, 0L, 4L, 114L, 
2896L, 24L, 0L, 1L, 2L, 70L, 2802L, 25L, 1L, 0L, 0L, 0L, 84L, 
1L, 0L, 0L), dim = c(6L, 4L), dimnames = structure(list(c("-2", 
"-1", "0", "1", "2", "3"), c("A", "C", "T", NA)), names = c("", 
""))), GM17_SNP1 = structure(c(0L, 0L, 1L, 0L, 4L, 182L, 12306L, 
50L, 0L, 3L, 107L, 0L, 0L, 2L, 117L, 1L), dim = c(4L, 4L), dimnames = structure(list(
    c("-2", "-1", "0", "1"), c("A", "C", "T", NA)), names = c("", 
""))), GM22_SNP1 = structure(c(1L, 2L, 115L, 5225L, 27L, 1L, 
0L, 0L, 0L, 2L, 0L, 0L, 0L, 0L, 0L, 3L, 0L, 0L, 0L, 0L, 3L, 94L, 
1L, 0L), dim = c(6L, 4L), dimnames = structure(list(c("-3", "-2", 
"-1", "0", "1", "2"), c("A", "G", "T", NA)), names = c("", ""
))), GM26_SNP1 = structure(c(77L, 10L, 1428L, 6L, 1L, 12L, 1203L, 
2L, 0L, 2L, 38L, 0L), dim = 4:3, dimnames = structure(list(c("-2", 
"-1", "0", "1"), c("A", "G", NA)), names = c("", ""))), GM29_SNP1 = structure(c(0L, 
0L, 1L, 0L, 1L, 166L, 5496L, 17L, 0L, 1L, 0L, 0L, 0L, 0L, 2L, 
0L, 0L, 0L, 1L, 0L, 0L, 2L, 69L, 0L), dim = c(4L, 6L), dimnames = structure(list(
    c("-2", "-1", "0", "1"), c("-", "A", "C", "G", "T", NA)), names = c("", 
""))), IM16_SNP1 = structure(c(15L, 1301L, 20L, 2L, 16L, 1223L, 
21L, 0L, 0L, 42L, 1L, 0L), dim = 4:3, dimnames = structure(list(
    c("-1", "0", "1", "2"), c("A", "G", NA)), names = c("", ""
))), IM49_SNP1 = structure(c(0L, 0L, 0L, 2L, 0L, 0L, 1L, 16L, 
551L, 10946L, 362L, 8L, 0L, 6L, 510L, 9646L, 289L, 12L, 0L, 0L, 
1L, 0L, 0L, 0L, 0L, 0L, 21L, 737L, 21L, 0L), dim = 6:5, dimnames = structure(list(
    c("-3", "-2", "-1", "0", "1", "2"), c("A", "C", "G", "T", 
    NA)), names = c("", ""))), LR10_SNP1 = structure(c(1L, 108L, 
1974L, 23L, 1L, 1L, 36L, 1736L, 4L, 0L, 0L, 1L, 48L, 0L, 0L), dim = c(5L, 
3L), dimnames = structure(list(c("-2", "-1", "0", "1", "2"), 
    c("C", "T", NA)), names = c("", ""))), LR11_SNP1 = structure(c(0L, 
0L, 1L, 0L, 0L, 1L, 80L, 2938L, 64L, 1L, 0L, 4L, 90L, 3L, 0L), dim = c(5L, 
3L), dimnames = structure(list(c("-2", "-1", "0", "1", "2"), 
    c("A", "C", NA)), names = c("", ""))), LR17_SNP1 = structure(c(7L, 
182L, 4111L, 101L, 0L, 0L, 1L, 0L, 0L, 0L, 1L, 0L, 0L, 6L, 289L, 
0L), dim = c(4L, 4L), dimnames = structure(list(c("-2", "-1", 
"0", "1"), c("A", "G", "T", NA)), names = c("", ""))), LR20_SNP1 = structure(c(4L, 
3826L, 4L, 0L, 68L, 1L, 0L, 13L, 0L), dim = c(3L, 3L), dimnames = structure(list(
    c("-1", "0", "1"), c("A", "G", NA)), names = c("", ""))), 
    LR24_SNP1 = structure(c(1L, 49L, 9951L, 37L, 0L, 0L, 1L, 
    0L, 0L, 33L, 92L, 0L, 0L, 0L, 2L, 0L, 0L, 1L, 82L, 2L), dim = 4:5, dimnames = structure(list(
        c("-2", "-1", "0", "1"), c("A", "C", "G", "T", NA)), names = c("", 
    ""))), LR36_SNP1 = structure(c(0L, 5L, 106L, 4471L, 69L, 
    0L, 0L, 0L, 1L, 0L, 0L, 0L, 0L, 1L, 0L, 3L, 43L, 154L, 4116L, 
    44L, 0L, 0L, 15L, 371L, 4L), dim = c(5L, 5L), dimnames = structure(list(
        c("-3", "-2", "-1", "0", "1"), c("A", "C", "G", "T", 
        NA)), names = c("", ""))), LR40_SNP1 = structure(c(0L, 
    1L, 0L, 23L, 2467L, 7L, 0L, 11L, 0L), dim = c(3L, 3L), dimnames = structure(list(
        c("-1", "0", "1"), c("A", "C", NA)), names = c("", ""
    ))), LR44_SNP1 = structure(c(0L, 0L, 0L, 3L, 35L, 0L, 0L, 
    0L, 0L, 1L, 0L, 0L, 1L, 6L, 233L, 2818L, 75L, 4L, 0L, 0L, 
    1L, 2L, 0L, 0L, 0L, 0L, 2L, 86L, 1L, 1L), dim = 6:5, dimnames = structure(list(
        c("-3", "-2", "-1", "0", "1", "2"), c("-", "A", "C", 
        "T", NA)), names = c("", ""))), LR46_SNP1 = structure(c(0L, 
    5L, 1260L, 3L, 1L, 6L, 1492L, 3L, 0L, 0L, 20L, 0L), dim = 4:3, dimnames = structure(list(
        c("-2", "-1", "0", "1"), c("G", "T", NA)), names = c("", 
    ""))), LR48_SNP1 = structure(c(0L, 0L, 1L, 0L, 0L, 0L, 3L, 
    72L, 2L, 1L, 5L, 76L, 2136L, 64L, 0L, 0L, 0L, 77L, 2L, 1L
    ), dim = 5:4, dimnames = structure(list(c("-2", "-1", "0", 
    "1", "2"), c("A", "C", "T", NA)), names = c("", ""))), LR49_SNP1 = structure(c(14L, 
    2807L, 1L, 0L, 1L, 0L, 11L, 2794L, 2L, 0L, 88L, 0L), dim = 3:4, dimnames = structure(list(
        c("-1", "0", "1"), c("A", "C", "G", NA)), names = c("", 
    ""))), LR52_SNP1 = structure(c(1L, 1L, 29L, 241L, 1545L, 
    17L, 0L, 0L, 1L, 2L, 18L, 2L, 0L, 0L, 0L, 19L, 308L, 5L), dim = c(6L, 
    3L), dimnames = structure(list(c("-4", "-3", "-2", "-1", 
    "0", "1"), c("C", "T", NA)), names = c("", ""))))
