Result <-
list(DEPDC2_SNP1 = structure(c(0L, 0L, 3L, 0L, 0L, 0L, 0L, 9L, 
0L, 0L, 1L, 255L, 13718L, 78L, 1L, 0L, 2L, 185L, 0L, 0L), dim = 5:4, dimnames = structure(list(
    c("-2", "-1", "0", "1", "2"), c("A", "C", "T", NA)), names = c("", 
""))), GM01_SNP1 = structure(c(1L, 231L, 5716L, 27L, 0L, 0L, 
9L, 0L, 0L, 2L, 78L, 1L), dim = 4:3, dimnames = structure(list(
    c("-3", "-1", "0", "1"), c("A", "G", NA)), names = c("", 
""))), GM07_SNP1 = structure(c(1L, 0L, 6L, 0L, 0L, 77L, 1809L, 
5997L, 268L, 6L, 0L, 18L, 154L, 3L, 0L), dim = c(5L, 3L), dimnames = structure(list(
    c("-2", "-1", "0", "1", "2"), c("A", "G", NA)), names = c("", 
""))), GM09_SNP1 = structure(c(2L, 26L, 0L, 69L, 12037L, 25L, 
0L, 1L, 0L, 2L, 100L, 0L), dim = 3:4, dimnames = structure(list(
    c("-1", "0", "1"), c("A", "G", "T", NA)), names = c("", ""
))), GM11_SNP1 = structure(c(0L, 1L, 8L, 0L, 1L, 250L, 1009L, 
5L, 0L, 1L, 13L, 0L), dim = 4:3, dimnames = structure(list(c("-2", 
"-1", "0", "1"), c("A", "G", NA)), names = c("", ""))), GM14_SNP1 = structure(c(0L, 
10L, 174L, 3644L, 390L, 27L, 9L, 1L, 20L, 482L, 3425L, 47L, 0L, 
0L, 0L, 1L, 0L, 106L, 1L, 1L, 1L), dim = c(7L, 3L), dimnames = structure(list(
    c("-3", "-2", "-1", "0", "1", "2", "3"), c("C", "T", NA)), names = c("", 
""))), GM17_SNP1 = structure(c(92L, 6034L, 2432L, 26L, 1L, 155L, 
8075L, 23L, 0L, 0L, 5L, 135L, 22L, 0L, 0L), dim = c(5L, 3L), dimnames = structure(list(
    c("-1", "0", "1", "2", "3"), c("C", "T", NA)), names = c("", 
""))), GM22_SNP1 = structure(c(88L, 5209L, 27L, 0L, 6L, 0L, 0L, 
1L, 0L, 2L, 64L, 3L), dim = 3:4, dimnames = structure(list(c("-1", 
"0", "1"), c("A", "G", "T", NA)), names = c("", ""))), GM26_SNP1 = structure(c(10L, 
1704L, 10L, 8L, 1952L, 12L, 1L, 46L, 0L), dim = c(3L, 3L), dimnames = structure(list(
    c("-1", "0", "1"), c("A", "G", NA)), names = c("", ""))), 
    GM29_SNP1 = structure(c(1L, 77L, 4715L, 8L, 1L, 94L, 5172L, 
    22L, 0L, 0L, 3L, 0L, 0L, 2L, 106L, 0L), dim = c(4L, 4L), dimnames = structure(list(
        c("-2", "-1", "0", "1"), c("A", "G", "T", NA)), names = c("", 
    ""))), IM16_SNP1 = structure(c(32L, 1268L, 22L, 28L, 1583L, 
    22L, 0L, 2L, 0L, 0L, 42L, 2L), dim = 3:4, dimnames = structure(list(
        c("-1", "0", "1"), c("A", "G", "T", NA)), names = c("", 
    ""))), IM49_SNP1 = structure(c(0L, 0L, 0L, 0L, 3L, 0L, 0L, 
    0L, 0L, 0L, 0L, 32L, 0L, 0L, 1L, 1L, 174L, 3189L, 29884L, 
    979L, 26L, 0L, 0L, 0L, 0L, 3L, 0L, 0L, 0L, 0L, 3L, 52L, 1178L, 
    63L, 1L), dim = c(7L, 5L), dimnames = structure(list(c("-5", 
    "-3", "-2", "-1", "0", "1", "2"), c("A", "C", "G", "T", NA
    )), names = c("", ""))), LR10_SNP1 = structure(c(8L, 951L, 
    3385L, 29L, 1L, 0L, 0L, 17L, 0L, 0L, 0L, 9L, 48L, 0L, 0L), dim = c(5L, 
    3L), dimnames = structure(list(c("-2", "-1", "0", "1", "2"
    ), c("C", "T", NA)), names = c("", ""))), LR11_SNP1 = structure(c(1L, 
    52L, 1581L, 13L, 0L, 61L, 1451L, 20L, 0L, 3L, 66L, 3L), dim = 4:3, dimnames = structure(list(
        c("-2", "-1", "0", "1"), c("A", "C", NA)), names = c("", 
    ""))), LR17_SNP1 = structure(c(7L, 450L, 1603L, 4519L, 88L, 
    1L, 0L, 0L, 1L, 0L, 0L, 0L, 0L, 0L, 0L, 3L, 0L, 0L, 0L, 5L, 
    68L, 264L, 1L, 0L), dim = c(6L, 4L), dimnames = structure(list(
        c("-3", "-2", "-1", "0", "1", "2"), c("A", "C", "G", 
        NA)), names = c("", ""))), LR20_SNP1 = structure(c(0L, 
    7L, 0L, 37L, 2556L, 2L, 0L, 1L, 0L, 0L, 36L, 0L), dim = 3:4, dimnames = structure(list(
        c("-1", "0", "1"), c("A", "G", "T", NA)), names = c("", 
    ""))), LR24_SNP1 = structure(c(1L, 7L, 1336L, 10137L, 28L, 
    0L, 0L, 0L, 12L, 0L, 0L, 0L, 9L, 87L, 0L), dim = c(5L, 3L
    ), dimnames = structure(list(c("-3", "-2", "-1", "0", "1"
    ), c("A", "G", NA)), names = c("", ""))), LR36_SNP1 = structure(c(0L, 
    0L, 0L, 4L, 0L, 0L, 3L, 53L, 2078L, 8910L, 130L, 3L, 0L, 
    1L, 0L, 0L, 0L, 0L, 0L, 0L, 1L, 25L, 1L, 0L, 0L, 2L, 8L, 
    223L, 3L, 0L), dim = 6:5, dimnames = structure(list(c("-3", 
    "-2", "-1", "0", "1", "2"), c("-", "A", "G", "T", NA)), names = c("", 
    ""))), LR40_SNP1 = structure(c(1L, 24L, 2056L, 6L, 0L, 0L, 
    13L, 0L), dim = c(4L, 2L), dimnames = structure(list(c("-2", 
    "-1", "0", "1"), c("C", NA)), names = c("", ""))), LR44_SNP1 = structure(c(11L, 
    16L, 293L, 1748L, 41L, 0L, 0L, 3L, 114L, 892L, 15L, 2L, 0L, 
    0L, 5L, 71L, 2L, 0L), dim = c(6L, 3L), dimnames = structure(list(
        c("-3", "-2", "-1", "0", "1", "2"), c("C", "T", NA)), names = c("", 
    ""))), LR46_SNP1 = structure(c(0L, 1L, 0L, 0L, 1L, 0L, 12L, 
    2206L, 12L, 11L, 3103L, 12L, 0L, 42L, 0L), dim = c(3L, 5L
    ), dimnames = structure(list(c("-1", "0", "1"), c("-", "A", 
    "G", "T", NA)), names = c("", ""))), LR48_SNP1 = structure(c(0L, 
    0L, 1L, 0L, 17L, 771L, 3254L, 65L, 0L, 0L, 1L, 0L, 0L, 3L, 
    59L, 3L), dim = c(4L, 4L), dimnames = structure(list(c("-2", 
    "-1", "0", "1"), c("A", "C", "T", NA)), names = c("", ""))), 
    LR49_SNP1 = structure(c(0L, 21L, 0L, 51L, 8051L, 5L, 0L, 
    1L, 0L, 0L, 33L, 0L), dim = 3:4, dimnames = structure(list(
        c("-1", "0", "1"), c("A", "G", "T", NA)), names = c("", 
    ""))), LR52_SNP1 = structure(c(1L, 30L, 356L, 87L, 576L, 
    11L, 0L, 29L, 238L, 94L, 702L, 12L, 0L, 1L, 2L, 5L, 171L, 
    3L), dim = c(6L, 3L), dimnames = structure(list(c("-4", "-3", 
    "-2", "-1", "0", "1"), c("C", "T", NA)), names = c("", ""
    ))))
