Result <-
list(DEPDC2_SNP1 = structure(c(0L, 0L, 3L, 0L, 0L, 0L, 25L, 1L, 
2L, 38L, 5791L, 45L, 0L, 0L, 79L, 1L), dim = c(4L, 4L), dimnames = structure(list(
    c("-2", "-1", "0", "1"), c("A", "C", "T", NA)), names = c("", 
""))), GM01_SNP1 = structure(c(33L, 2393L, 10L, 70L, 4090L, 14L, 
0L, 1L, 0L, 1L, 78L, 1L), dim = 3:4, dimnames = structure(list(
    c("-1", "0", "1"), c("A", "G", "T", NA)), names = c("", ""
))), GM07_SNP1 = structure(c(1L, 4L, 32L, 2L, 0L, 1L, 174L, 3328L, 
120L, 3L, 0L, 3L, 83L, 0L, 1L), dim = c(5L, 3L), dimnames = structure(list(
    c("-2", "-1", "0", "1", "2"), c("A", "G", NA)), names = c("", 
""))), GM09_SNP1 = structure(c(1L, 98L, 12963L, 27L, 0L, 0L, 
46L, 0L, 0L, 0L, 3L, 0L, 0L, 1L, 124L, 1L), dim = c(4L, 4L), dimnames = structure(list(
    c("-2", "-1", "0", "1"), c("A", "G", "T", NA)), names = c("", 
""))), GM11_SNP1 = structure(c(10L, 1444L, 4L, 0L, 4L, 0L, 0L, 
16L, 0L), dim = c(3L, 3L), dimnames = structure(list(c("-1", 
"0", "1"), c("A", "G", NA)), names = c("", ""))), GM14_SNP1 = structure(c(0L, 
0L, 4L, 37L, 0L, 0L, 1L, 94L, 213L, 6266L, 36L, 1L, 0L, 0L, 0L, 
108L, 0L, 0L), dim = c(6L, 3L), dimnames = structure(list(c("-3", 
"-2", "-1", "0", "1", "2"), c("C", "T", NA)), names = c("", ""
))), GM17_SNP1 = structure(c(0L, 0L, 4L, 0L, 0L, 9L, 273L, 2L, 
3L, 263L, 15714L, 61L, 0L, 2L, 125L, 1L), dim = c(4L, 4L), dimnames = structure(list(
    c("-2", "-1", "0", "1"), c("A", "C", "T", NA)), names = c("", 
""))), GM22_SNP1 = structure(c(0L, 27L, 2043L, 9L, 1L, 53L, 2385L, 
9L, 0L, 4L, 105L, 3L), dim = 4:3, dimnames = structure(list(c("-2", 
"-1", "0", "1"), c("A", "G", NA)), names = c("", ""))), GM26_SNP1 = structure(c(2L, 
13L, 2224L, 9L, 0L, 0L, 19L, 0L, 0L, 0L, 43L, 0L), dim = 4:3, dimnames = structure(list(
    c("-2", "-1", "0", "1"), c("A", "G", NA)), names = c("", 
""))), GM29_SNP1 = structure(c(1L, 29L, 2357L, 5L, 0L, 0L, 1L, 
0L, 0L, 27L, 1675L, 8L, 0L, 2L, 51L, 0L), dim = c(4L, 4L), dimnames = structure(list(
    c("-2", "-1", "0", "1"), c("A", "C", "G", NA)), names = c("", 
""))), IM16_SNP1 = structure(c(1L, 40L, 2981L, 57L, 2L, 0L, 0L, 
28L, 3L, 0L, 0L, 0L, 47L, 2L, 1L), dim = c(5L, 3L), dimnames = structure(list(
    c("-2", "-1", "0", "1", "2"), c("A", "G", NA)), names = c("", 
""))), IM49_SNP1 = structure(c(0L, 0L, 1L, 3L, 1L, 0L, 0L, 12L, 
388L, 8928L, 242L, 12L, 1L, 7L, 347L, 8363L, 233L, 2L, 0L, 0L, 
0L, 1L, 0L, 0L, 0L, 1L, 15L, 571L, 17L, 1L), dim = 6:5, dimnames = structure(list(
    c("-4", "-2", "-1", "0", "1", "2"), c("A", "C", "G", "T", 
    NA)), names = c("", ""))), LR10_SNP1 = structure(c(0L, 0L, 
1L, 0L, 0L, 0L, 1L, 0L, 2L, 115L, 4960L, 42L, 0L, 6L, 173L, 1L, 
0L, 1L, 65L, 0L), dim = 4:5, dimnames = structure(list(c("-2", 
"-1", "0", "1"), c("-", "A", "C", "T", NA)), names = c("", ""
))), LR11_SNP1 = structure(c(0L, 12L, 8L, 0L, 0L, 1L, 91L, 4020L, 
26L, 2L, 0L, 0L, 1L, 1L, 0L, 0L, 2L, 118L, 1L, 1L), dim = 5:4, dimnames = structure(list(
    c("-2", "-1", "0", "1", "2"), c("A", "C", "T", NA)), names = c("", 
""))), LR17_SNP1 = structure(c(1L, 9L, 268L, 7138L, 102L, 4L, 
0L, 0L, 0L, 3L, 0L, 0L, 0L, 0L, 11L, 525L, 1L, 0L), dim = c(6L, 
3L), dimnames = structure(list(c("-4", "-2", "-1", "0", "1", 
"2"), c("A", "G", NA)), names = c("", ""))), LR20_SNP1 = structure(c(14L, 
3628L, 5L, 3L, 3595L, 7L, 1L, 51L, 0L), dim = c(3L, 3L), dimnames = structure(list(
    c("-1", "0", "1"), c("A", "G", NA)), names = c("", ""))), 
    LR24_SNP1 = structure(c(0L, 0L, 1L, 0L, 6L, 27L, 5664L, 19L, 
    3L, 24L, 4664L, 8L, 0L, 0L, 1L, 0L, 0L, 1L, 103L, 0L), dim = 4:5, dimnames = structure(list(
        c("-2", "-1", "0", "1"), c("-", "A", "G", "T", NA)), names = c("", 
    ""))), LR36_SNP1 = structure(c(0L, 0L, 0L, 5L, 28L, 0L, 0L, 
    0L, 0L, 0L, 3L, 1L, 1L, 2L, 17L, 174L, 7748L, 83L, 0L, 0L, 
    0L, 6L, 541L, 5L), dim = c(6L, 4L), dimnames = structure(list(
        c("-4", "-3", "-2", "-1", "0", "1"), c("A", "G", "T", 
        NA)), names = c("", ""))), LR40_SNP1 = structure(c(0L, 
    2L, 0L, 92L, 3776L, 8L, 0L, 28L, 0L), dim = c(3L, 3L), dimnames = structure(list(
        c("-1", "0", "1"), c("A", "C", NA)), names = c("", ""
    ))), LR44_SNP1 = structure(c(0L, 5L, 0L, 16L, 0L, 0L, 0L, 
    0L, 0L, 1L, 0L, 0L, 1L, 28L, 370L, 3142L, 66L, 2L, 0L, 1L, 
    1L, 42L, 2L, 0L), dim = c(6L, 4L), dimnames = structure(list(
        c("-3", "-2", "-1", "0", "1", "2"), c("C", "G", "T", 
        NA)), names = c("", ""))), LR46_SNP1 = structure(c(0L, 
    1L, 0L, 9L, 2027L, 9L, 6L, 1509L, 8L, 1L, 38L, 0L), dim = 3:4, dimnames = structure(list(
        c("-1", "0", "1"), c("-", "G", "T", NA)), names = c("", 
    ""))), LR48_SNP1 = structure(c(10L, 102L, 3007L, 50L, 0L, 
    0L, 3L, 0L, 0L, 1L, 75L, 0L), dim = 4:3, dimnames = structure(list(
        c("-2", "-1", "0", "1"), c("C", "T", NA)), names = c("", 
    ""))), LR49_SNP1 = structure(c(0L, 8L, 0L, 12L, 4331L, 1L, 
    0L, 34L, 0L), dim = c(3L, 3L), dimnames = structure(list(
        c("-1", "0", "1"), c("A", "G", NA)), names = c("", ""
    ))), LR52_SNP1 = structure(c(5L, 22L, 250L, 1180L, 5L, 0L, 
    0L, 0L, 1L, 0L, 0L, 11L, 159L, 1518L, 18L, 0L, 1L, 20L, 322L, 
    3L), dim = 5:4, dimnames = structure(list(c("-3", "-2", "-1", 
    "0", "1"), c("C", "G", "T", NA)), names = c("", ""))))
