Result <-
list(DEPDC2_SNP1 = structure(c(0L, 1L, 2L, 0L, 0L, 12L, 3816L, 
6534L, 1951L, 21L, 0L, 0L, 1L, 0L, 0L, 0L, 0L, 84L, 2L, 0L, 0L, 
69L, 169L, 33L, 2L), dim = c(5L, 5L), dimnames = structure(list(
    c("-2", "-1", "0", "1", "2"), c("A", "C", "G", "T", NA)), names = c("", 
""))), GM01_SNP1 = structure(c(0L, 0L, 1L, 0L, 2L, 264L, 7533L, 
39L, 0L, 1L, 16L, 0L, 0L, 0L, 1L, 0L, 0L, 5L, 76L, 0L), dim = 4:5, dimnames = structure(list(
    c("-2", "-1", "0", "1"), c("-", "A", "G", "T", NA)), names = c("", 
""))), GM07_SNP1 = structure(c(0L, 0L, 0L, 2L, 1L, 0L, 0L, 1L, 
127L, 2079L, 3412L, 939L, 41L, 2L, 0L, 0L, 2L, 21L, 0L, 0L, 0L, 
0L, 0L, 0L, 1L, 0L, 0L, 0L, 0L, 3L, 16L, 42L, 5L, 0L, 0L), dim = c(7L, 
5L), dimnames = structure(list(c("-3", "-2", "-1", "0", "1", 
"2", "3"), c("-", "A", "G", "T", NA)), names = c("", ""))), GM09_SNP1 = structure(c(1L, 
3288L, 3747L, 97L, 0L, 82L, 6429L, 6L, 0L, 1L, 0L, 0L, 0L, 13L, 
89L, 2L), dim = c(4L, 4L), dimnames = structure(list(c("-2", 
"-1", "0", "1"), c("A", "G", "T", NA)), names = c("", ""))), 
    GM11_SNP1 = structure(c(0L, 1L, 19L, 0L, 1L, 2401L, 2035L, 
    12L, 0L, 0L, 1L, 0L, 0L, 6L, 7L, 0L), dim = c(4L, 4L), dimnames = structure(list(
        c("-2", "-1", "0", "1"), c("A", "G", "T", NA)), names = c("", 
    ""))), GM14_SNP1 = structure(c(0L, 0L, 0L, 2L, 43L, 0L, 1L, 
    9L, 1960L, 116L, 5334L, 26L, 0L, 0L, 3L, 0L, 92L, 0L), dim = c(6L, 
    3L), dimnames = structure(list(c("-4", "-3", "-2", "-1", 
    "0", "1"), c("C", "T", NA)), names = c("", ""))), GM17_SNP1 = structure(c(5L, 
    2224L, 5099L, 11L, 1L, 0L, 1L, 33L, 0L, 0L, 0L, 8L, 64L, 
    2L, 0L), dim = c(5L, 3L), dimnames = structure(list(c("-2", 
    "-1", "0", "1", "2"), c("C", "T", NA)), names = c("", ""))), 
    GM22_SNP1 = structure(c(6L, 1819L, 4209L, 97L, 2L, 0L, 1L, 
    9L, 0L, 0L, 0L, 8L, 71L, 1L, 0L), dim = c(5L, 3L), dimnames = structure(list(
        c("-2", "-1", "0", "1", "2"), c("A", "G", NA)), names = c("", 
    ""))), GM26_SNP1 = structure(c(0L, 0L, 6L, 0L, 1L, 112L, 
    5863L, 16L, 0L, 1L, 99L, 0L), dim = 4:3, dimnames = structure(list(
        c("-2", "-1", "0", "1"), c("A", "G", NA)), names = c("", 
    ""))), GM29_SNP1 = structure(c(1L, 213L, 4390L, 180L, 767L, 
    21L, 1L, 0L, 0L, 8L, 0L, 0L, 0L, 0L, 0L, 2L, 53L, 2L, 10L, 
    0L, 0L), dim = c(7L, 3L), dimnames = structure(list(c("-2", 
    "-1", "0", "1", "2", "3", "4"), c("A", "G", NA)), names = c("", 
    ""))), IM16_SNP1 = structure(c(1420L, 91L, 4016L, 66L, 0L, 
    0L, 21L, 0L, 10L, 0L, 58L, 3L), dim = 4:3, dimnames = structure(list(
        c("-2", "-1", "0", "1"), c("A", "G", NA)), names = c("", 
    ""))), IM49_SNP1 = structure(c(0L, 181L, 1593L, 2369L, 34L, 
    3L, 251L, 2059L, 1594L, 44L, 0L, 0L, 0L, 2L, 0L, 0L, 5L, 
    58L, 123L, 2L), dim = 5:4, dimnames = structure(list(c("-3", 
    "-2", "-1", "0", "1"), c("C", "G", "T", NA)), names = c("", 
    ""))), LR10_SNP1 = structure(c(0L, 0L, 0L, 0L, 1L, 0L, 0L, 
    0L, 0L, 4L, 18L, 0L, 0L, 0L, 1L, 1L, 95L, 3225L, 1297L, 80L, 
    4L, 0L, 0L, 2L, 42L, 64L, 7L, 0L), dim = c(7L, 4L), dimnames = structure(list(
        c("-3", "-2", "-1", "0", "1", "2", "3"), c("A", "C", 
        "T", NA)), names = c("", ""))), LR11_SNP1 = structure(c(0L, 
    0L, 2L, 0L, 0L, 6L, 390L, 6019L, 44L, 2L, 0L, 1L, 6L, 0L, 
    0L, 0L, 0L, 1L, 0L, 0L, 0L, 0L, 62L, 0L, 0L), dim = c(5L, 
    5L), dimnames = structure(list(c("-2", "-1", "0", "1", "2"
    ), c("-", "A", "C", "T", NA)), names = c("", ""))), LR17_SNP1 = structure(c(1L, 
    87L, 1938L, 3411L, 50L, 0L, 0L, 1L, 0L, 0L, 0L, 2L, 92L, 
    255L, 1L), dim = c(5L, 3L), dimnames = structure(list(c("-3", 
    "-2", "-1", "0", "1"), c("A", "G", NA)), names = c("", ""
    ))), LR20_SNP1 = structure(c(1L, 18L, 0L, 9L, 7520L, 7L, 
    0L, 1L, 0L, 2L, 90L, 0L), dim = 3:4, dimnames = structure(list(
        c("-1", "0", "1"), c("A", "G", "T", NA)), names = c("", 
    ""))), LR24_SNP1 = structure(c(1L, 145L, 3105L, 5499L, 3099L, 
    22L, 0L, 0L, 1L, 49L, 0L, 0L, 0L, 0L, 0L, 1L, 0L, 0L, 0L, 
    1L, 12L, 44L, 22L, 1L), dim = c(6L, 4L), dimnames = structure(list(
        c("-3", "-2", "-1", "0", "1", "2"), c("A", "G", "T", 
        NA)), names = c("", ""))), LR36_SNP1 = structure(c(20L, 
    323L, 1714L, 1560L, 17L, 0L, 0L, 0L, 0L, 1L, 0L, 0L, 0L, 
    0L, 1L, 0L, 0L, 0L, 2L, 79L, 312L, 2600L, 31L, 1L, 0L, 5L, 
    27L, 220L, 1L, 0L), dim = 6:5, dimnames = structure(list(
        c("-3", "-2", "-1", "0", "1", "2"), c("A", "C", "G", 
        "T", NA)), names = c("", ""))), LR40_SNP1 = structure(c(34L, 
    3809L, 12L, 0L, 17L, 1L), dim = 3:2, dimnames = structure(list(
        c("-1", "0", "1"), c("C", NA)), names = c("", ""))), 
    LR44_SNP1 = structure(c(0L, 0L, 0L, 0L, 1L, 0L, 0L, 0L, 0L, 
    1L, 1L, 57L, 2116L, 233L, 1314L, 15L, 1L, 1L, 0L, 0L, 0L, 
    27L, 671L, 3036L, 171L, 85L, 0L, 0L, 0L, 1L, 10L, 10L, 96L, 
    1L, 0L, 0L), dim = c(9L, 4L), dimnames = structure(list(c("-5", 
    "-4", "-3", "-2", "-1", "0", "1", "2", "9"), c("A", "C", 
    "T", NA)), names = c("", ""))), LR46_SNP1 = structure(c(124L, 
    3800L, 2429L, 9L, 0L, 0L, 13L, 0L, 1L, 16L, 27L, 0L), dim = 4:3, dimnames = structure(list(
        c("-2", "-1", "0", "1"), c("G", "T", NA)), names = c("", 
    ""))), LR48_SNP1 = structure(c(0L, 0L, 0L, 0L, 0L, 14L, 594L, 
    4906L, 98L, 1L, 0L, 0L, 10L, 0L, 0L, 0L, 8L, 114L, 1L, 0L
    ), dim = 5:4, dimnames = structure(list(c("-2", "-1", "0", 
    "1", "2"), c("A", "C", "T", NA)), names = c("", ""))), LR49_SNP1 = structure(c(0L, 
    2L, 37L, 0L, 1L, 293L, 7972L, 6L, 0L, 0L, 1L, 0L, 0L, 2L, 
    52L, 0L), dim = c(4L, 4L), dimnames = structure(list(c("-2", 
    "-1", "0", "1"), c("A", "G", "T", NA)), names = c("", ""))), 
    LR52_SNP1 = structure(c(0L, 25L, 457L, 1589L, 986L, 9L, 1L, 
    135L, 1711L, 513L, 976L, 8L, 0L, 1L, 21L, 128L, 243L, 2L), dim = c(6L, 
    3L), dimnames = structure(list(c("-4", "-3", "-2", "-1", 
    "0", "1"), c("C", "T", NA)), names = c("", ""))))
