Result <-
list(DEPDC2_SNP1 = structure(c(0L, 0L, 1L, 0L, 0L, 0L, 5L, 0L, 
1L, 343L, 8307L, 50L, 0L, 0L, 114L, 0L), dim = c(4L, 4L), dimnames = structure(list(
    c("-2", "-1", "0", "1"), c("A", "C", "T", NA)), names = c("", 
""))), GM01_SNP1 = structure(c(0L, 21L, 0L, 165L, 8051L, 27L, 
0L, 2L, 0L, 2L, 86L, 2L), dim = 3:4, dimnames = structure(list(
    c("-1", "0", "1"), c("A", "G", "T", NA)), names = c("", ""
))), GM07_SNP1 = structure(c(0L, 0L, 1L, 0L, 0L, 3L, 330L, 5820L, 
223L, 7L, 0L, 18L, 6L, 9L, 2L, 0L, 6L, 52L, 2L, 0L), dim = 5:4, dimnames = structure(list(
    c("-2", "-1", "0", "1", "2"), c("-", "A", "G", NA)), names = c("", 
""))), GM09_SNP1 = structure(c(113L, 16927L, 31L, 1L, 23L, 0L, 
4L, 118L, 1L), dim = c(3L, 3L), dimnames = structure(list(c("-1", 
"0", "1"), c("A", "G", NA)), names = c("", ""))), GM11_SNP1 = structure(c(1L, 
19L, 3186L, 16L, 0L, 0L, 2L, 0L, 0L, 0L, 28L, 0L), dim = 4:3, dimnames = structure(list(
    c("-2", "-1", "0", "1"), c("A", "G", NA)), names = c("", 
""))), GM14_SNP1 = structure(c(0L, 0L, 1L, 0L, 0L, 0L, 0L, 1L, 
0L, 0L, 9L, 214L, 4078L, 38L, 0L, 1L, 88L, 3620L, 26L, 1L, 0L, 
0L, 117L, 0L, 0L), dim = c(5L, 5L), dimnames = structure(list(
    c("-2", "-1", "0", "1", "2"), c("-", "A", "C", "T", NA)), names = c("", 
""))), GM17_SNP1 = structure(c(0L, 0L, 0L, 19L, 0L, 1L, 5L, 254L, 
14835L, 55L, 0L, 0L, 2L, 103L, 0L), dim = c(5L, 3L), dimnames = structure(list(
    c("-3", "-2", "-1", "0", "1"), c("C", "T", NA)), names = c("", 
""))), GM22_SNP1 = structure(c(2L, 41L, 3434L, 23L, 4L, 57L, 
3712L, 20L, 0L, 3L, 162L, 1L), dim = 4:3, dimnames = structure(list(
    c("-2", "-1", "0", "1"), c("A", "G", NA)), names = c("", 
""))), GM26_SNP1 = structure(c(1L, 25L, 3345L, 15L, 0L, 0L, 3L, 
0L, 0L, 1L, 69L, 0L), dim = 4:3, dimnames = structure(list(c("-2", 
"-1", "0", "1"), c("A", "G", NA)), names = c("", ""))), GM29_SNP1 = structure(c(0L, 
2L, 70L, 3832L, 16L, 0L, 1L, 2L, 83L, 4493L, 11L, 1L, 0L, 0L, 
3L, 103L, 0L, 0L), dim = c(6L, 3L), dimnames = structure(list(
    c("-3", "-2", "-1", "0", "1", "2"), c("A", "G", NA)), names = c("", 
""))), IM16_SNP1 = structure(c(1L, 45L, 1854L, 27L, 2L, 0L, 32L, 
2357L, 43L, 3L, 0L, 0L, 61L, 3L, 1L), dim = c(5L, 3L), dimnames = structure(list(
    c("-2", "-1", "0", "1", "2"), c("A", "G", NA)), names = c("", 
""))), IM49_SNP1 = structure(c(0L, 0L, 1L, 1L, 0L, 0L, 8L, 365L, 
8247L, 234L, 4L, 0L, 8L, 496L, 7359L, 184L, 6L, 1L, 1L, 11L, 
526L, 15L, 1L, 0L), dim = c(6L, 4L), dimnames = structure(list(
    c("-2", "-1", "0", "1", "2", "3"), c("A", "C", "G", NA)), names = c("", 
""))), LR10_SNP1 = structure(c(0L, 0L, 1L, 0L, 0L, 1L, 88L, 4205L, 
38L, 2L, 0L, 1L, 30L, 0L, 0L, 0L, 0L, 56L, 0L, 0L), dim = 5:4, dimnames = structure(list(
    c("-2", "-1", "0", "1", "2"), c("A", "C", "T", NA)), names = c("", 
""))), LR11_SNP1 = structure(c(0L, 0L, 12L, 0L, 0L, 7L, 127L, 
4556L, 43L, 3L, 0L, 7L, 150L, 0L, 0L), dim = c(5L, 3L), dimnames = structure(list(
    c("-2", "-1", "0", "1", "2"), c("A", "C", NA)), names = c("", 
""))), LR17_SNP1 = structure(c(17L, 586L, 6379L, 121L, 0L, 0L, 
1L, 0L, 0L, 21L, 446L, 2L), dim = 4:3, dimnames = structure(list(
    c("-2", "-1", "0", "1"), c("A", "G", NA)), names = c("", 
""))), LR20_SNP1 = structure(c(0L, 0L, 2L, 0L, 2L, 9L, 6309L, 
18L, 0L, 0L, 6L, 0L, 0L, 0L, 25L, 0L), dim = c(4L, 4L), dimnames = structure(list(
    c("-2", "-1", "0", "1"), c("-", "A", "G", NA)), names = c("", 
""))), LR24_SNP1 = structure(c(2L, 49L, 7232L, 11L, 1L, 0L, 0L, 
3L, 0L, 0L, 0L, 32L, 7246L, 20L, 0L, 0L, 2L, 96L, 1L, 0L), dim = 5:4, dimnames = structure(list(
    c("-2", "-1", "0", "1", "2"), c("A", "C", "G", NA)), names = c("", 
""))), LR36_SNP1 = structure(c(4L, 45L, 967L, 11532L, 148L, 2L, 
0L, 0L, 0L, 1L, 0L, 0L, 0L, 1L, 0L, 40L, 0L, 0L, 0L, 0L, 5L, 
297L, 1L, 1L), dim = c(6L, 4L), dimnames = structure(list(c("-3", 
"-2", "-1", "0", "1", "2"), c("A", "G", "T", NA)), names = c("", 
""))), LR40_SNP1 = structure(c(0L, 1L, 25L, 2118L, 9L, 0L, 1L, 
1L, 32L, 2510L, 5L, 1L, 0L, 0L, 0L, 2L, 0L, 0L, 0L, 0L, 0L, 44L, 
0L, 0L), dim = c(6L, 4L), dimnames = structure(list(c("-3", "-2", 
"-1", "0", "1", "2"), c("A", "C", "T", NA)), names = c("", ""
))), LR44_SNP1 = structure(c(0L, 4L, 98L, 1112L, 16L, 2L, 1L, 
6L, 139L, 1461L, 40L, 0L, 0L, 1L, 4L, 74L, 0L, 0L), dim = c(6L, 
3L), dimnames = structure(list(c("-3", "-2", "-1", "0", "1", 
"2"), c("C", "T", NA)), names = c("", ""))), LR46_SNP1 = structure(c(0L, 
1L, 0L, 0L, 1L, 0L, 2L, 44L, 0L, 15L, 4318L, 12L, 0L, 35L, 0L
), dim = c(3L, 5L), dimnames = structure(list(c("-1", "0", "1"
), c("-", "C", "G", "T", NA)), names = c("", ""))), LR48_SNP1 = structure(c(0L, 
0L, 0L, 9L, 0L, 1L, 6L, 140L, 3461L, 71L, 0L, 0L, 0L, 106L, 1L
), dim = c(5L, 3L), dimnames = structure(list(c("-3", "-2", "-1", 
"0", "1"), c("C", "T", NA)), names = c("", ""))), LR49_SNP1 = structure(c(0L, 
25L, 0L, 116L, 5519L, 1L, 0L, 2L, 0L, 0L, 24L, 0L), dim = 3:4, dimnames = structure(list(
    c("-1", "0", "1"), c("A", "G", "T", NA)), names = c("", ""
))), LR52_SNP1 = structure(c(1L, 16L, 217L, 1405L, 21L, 3L, 7L, 
124L, 1149L, 15L, 0L, 0L, 19L, 355L, 4L), dim = c(5L, 3L), dimnames = structure(list(
    c("-3", "-2", "-1", "0", "1"), c("C", "T", NA)), names = c("", 
""))))
