Result <-
list(DEPDC2_SNP1 = structure(c(0L, 3L, 0L, 0L, 1L, 457L, 3L, 
0L, 215L, 12127L, 573L, 4L, 0L, 174L, 11L, 0L), dim = c(4L, 4L
), dimnames = structure(list(c("-1", "0", "1", "2"), c("A", "C", 
"T", NA)), names = c("", ""))), GM01_SNP1 = structure(c(1L, 167L, 
3389L, 27L, 0L, 54L, 3736L, 21L, 0L, 4L, 75L, 1L), dim = 4:3, dimnames = structure(list(
    c("-2", "-1", "0", "1"), c("A", "G", NA)), names = c("", 
""))), GM07_SNP1 = structure(c(0L, 0L, 0L, 2L, 1L, 1L, 59L, 1473L, 
3313L, 76L, 0L, 4L, 229L, 429L, 17L, 0L, 0L, 0L, 1L, 0L, 0L, 
1L, 11L, 60L, 0L), dim = c(5L, 5L), dimnames = structure(list(
    c("-3", "-2", "-1", "0", "1"), c("-", "A", "G", "T", NA)), names = c("", 
""))), GM09_SNP1 = structure(c(42L, 6153L, 5L, 0L, 33L, 5338L, 
29L, 1L, 0L, 1L, 0L, 0L, 0L, 96L, 1L, 0L), dim = c(4L, 4L), dimnames = structure(list(
    c("-1", "0", "1", "2"), c("A", "G", "T", NA)), names = c("", 
""))), GM11_SNP1 = structure(c(0L, 35L, 1982L, 3L, 1L, 13L, 1684L, 
5L, 0L, 0L, 29L, 1L), dim = 4:3, dimnames = structure(list(c("-2", 
"-1", "0", "1"), c("A", "G", NA)), names = c("", ""))), GM14_SNP1 = structure(c(1L, 
17L, 1026L, 6419L, 46L, 0L, 0L, 67L, 126L, 0L, 0L, 0L, 4L, 77L, 
0L), dim = c(5L, 3L), dimnames = structure(list(c("-3", "-2", 
"-1", "0", "1"), c("C", "T", NA)), names = c("", ""))), GM17_SNP1 = structure(c(2L, 
827L, 7L, 0L, 171L, 6803L, 109L, 2L, 3L, 56L, 1L, 0L), dim = 4:3, dimnames = structure(list(
    c("-1", "0", "1", "2"), c("C", "T", NA)), names = c("", ""
))), GM22_SNP1 = structure(c(5L, 219L, 5274L, 39L, 0L, 0L, 52L, 
0L, 0L, 3L, 82L, 1L), dim = 4:3, dimnames = structure(list(c("-2", 
"-1", "0", "1"), c("A", "G", NA)), names = c("", ""))), GM26_SNP1 = structure(c(7L, 
1885L, 8L, 0L, 60L, 1563L, 14L, 1L, 0L, 1L, 0L, 0L, 1L, 67L, 
0L, 0L), dim = c(4L, 4L), dimnames = structure(list(c("-1", "0", 
"1", "2"), c("A", "G", "T", NA)), names = c("", ""))), GM29_SNP1 = structure(c(0L, 
0L, 1L, 0L, 0L, 1L, 136L, 2894L, 12L, 0L, 0L, 118L, 2258L, 18L, 
1L, 0L, 3L, 58L, 1L, 0L), dim = 5:4, dimnames = structure(list(
    c("-2", "-1", "0", "1", "2"), c("-", "A", "G", NA)), names = c("", 
""))), IM16_SNP1 = structure(c(1L, 58L, 3027L, 38L, 0L, 0L, 36L, 
3042L, 76L, 2L, 0L, 0L, 88L, 6L, 0L), dim = c(5L, 3L), dimnames = structure(list(
    c("-2", "-1", "0", "1", "2"), c("A", "G", NA)), names = c("", 
""))), IM49_SNP1 = structure(c(0L, 1L, 0L, 0L, 0L, 3L, 657L, 
6317L, 168L, 6L, 9L, 628L, 4989L, 115L, 4L, 1L, 17L, 368L, 5L, 
0L), dim = 5:4, dimnames = structure(list(c("-2", "-1", "0", 
"1", "2"), c("A", "C", "G", NA)), names = c("", ""))), LR10_SNP1 = structure(c(3L, 
286L, 4484L, 105L, 2L, 0L, 16L, 518L, 4L, 0L, 0L, 3L, 62L, 2L, 
0L), dim = c(5L, 3L), dimnames = structure(list(c("-2", "-1", 
"0", "1", "2"), c("C", "T", NA)), names = c("", ""))), LR11_SNP1 = structure(c(0L, 
0L, 1L, 0L, 0L, 4L, 152L, 2834L, 22L, 0L, 1L, 109L, 2489L, 45L, 
1L, 0L, 0L, 1L, 0L, 0L, 0L, 1L, 105L, 3L, 0L), dim = c(5L, 5L
), dimnames = structure(list(c("-2", "-1", "0", "1", "2"), c("-", 
"A", "C", "T", NA)), names = c("", ""))), LR17_SNP1 = structure(c(1L, 
13L, 497L, 5552L, 82L, 1L, 0L, 0L, 0L, 1L, 0L, 0L, 0L, 0L, 1L, 
1L, 0L, 0L, 0L, 0L, 0L, 2L, 0L, 0L, 0L, 0L, 26L, 345L, 1L, 0L
), dim = 6:5, dimnames = structure(list(c("-3", "-2", "-1", "0", 
"1", "2"), c("A", "C", "G", "T", NA)), names = c("", ""))), LR20_SNP1 = structure(c(1L, 
1672L, 1133L, 0L, 0L, 0L, 1L, 0L, 0L, 2L, 2961L, 4L, 0L, 2L, 
33L, 0L), dim = c(4L, 4L), dimnames = structure(list(c("-2", 
"-1", "0", "1"), c("A", "C", "G", NA)), names = c("", ""))), 
    LR24_SNP1 = structure(c(0L, 0L, 0L, 1L, 0L, 0L, 0L, 1L, 634L, 
    4L, 0L, 0L, 0L, 1L, 0L, 1L, 4L, 776L, 16287L, 35L, 0L, 0L, 
    3L, 143L, 0L), dim = c(5L, 5L), dimnames = structure(list(
        c("-3", "-2", "-1", "0", "1"), c("-", "A", "C", "G", 
        NA)), names = c("", ""))), LR36_SNP1 = structure(c(0L, 
    0L, 0L, 1L, 0L, 0L, 0L, 0L, 12L, 295L, 3903L, 274L, 5L, 0L, 
    0L, 0L, 0L, 3L, 0L, 0L, 0L, 2L, 38L, 534L, 3766L, 52L, 12L, 
    1L, 0L, 1L, 17L, 342L, 9L, 0L, 0L), dim = c(7L, 5L), dimnames = structure(list(
        c("-3", "-2", "-1", "0", "1", "2", "3"), c("-", "A", 
        "G", "T", NA)), names = c("", ""))), LR40_SNP1 = structure(c(0L, 
    0L, 2L, 0L, 3L, 218L, 4826L, 10L, 0L, 0L, 1L, 0L, 0L, 0L, 
    1L, 0L, 0L, 1L, 29L, 0L), dim = 4:5, dimnames = structure(list(
        c("-2", "-1", "0", "1"), c("A", "C", "G", "T", NA)), names = c("", 
    ""))), LR44_SNP1 = structure(c(1L, 6L, 91L, 1254L, 115L, 
    3L, 0L, 0L, 1L, 3L, 36L, 0L, 0L, 0L, 1L, 29L, 761L, 4595L, 
    187L, 5L, 1L, 0L, 0L, 5L, 136L, 8L, 0L, 0L), dim = c(7L, 
    4L), dimnames = structure(list(c("-3", "-2", "-1", "0", "1", 
    "2", "5"), c("C", "G", "T", NA)), names = c("", ""))), LR46_SNP1 = structure(c(257L, 
    3139L, 14L, 0L, 72L, 0L, 1L, 25L, 0L), dim = c(3L, 3L), dimnames = structure(list(
        c("-1", "0", "1"), c("G", "T", NA)), names = c("", ""
    ))), LR48_SNP1 = structure(c(8L, 652L, 3268L, 146L, 2L, 0L, 
    0L, 0L, 1L, 0L, 0L, 0L, 91L, 0L, 0L, 0L, 3L, 100L, 4L, 0L
    ), dim = 5:4, dimnames = structure(list(c("-2", "-1", "0", 
    "1", "2"), c("C", "G", "T", NA)), names = c("", ""))), LR49_SNP1 = structure(c(2L, 
    132L, 3907L, 1L, 0L, 32L, 3672L, 0L, 0L, 0L, 1L, 0L, 0L, 
    1L, 113L, 0L), dim = c(4L, 4L), dimnames = structure(list(
        c("-2", "-1", "0", "1"), c("A", "G", "T", NA)), names = c("", 
    ""))), LR52_SNP1 = structure(c(0L, 13L, 88L, 713L, 10L, 8L, 
    163L, 536L, 1361L, 17L, 0L, 1L, 20L, 205L, 2L), dim = c(5L, 
    3L), dimnames = structure(list(c("-3", "-2", "-1", "0", "1"
    ), c("C", "T", NA)), names = c("", ""))))
