Result <-
list(DEPDC2_SNP1 = structure(c(0L, 0L, 2L, 0L, 0L, 37L, 5510L, 
51L, 2L, 63L, 7556L, 45L, 0L, 1L, 263L, 1L), dim = c(4L, 4L), dimnames = structure(list(
    c("-2", "-1", "0", "1"), c("A", "C", "T", NA)), names = c("", 
""))), GM01_SNP1 = structure(c(0L, 70L, 4813L, 15L, 1L, 40L, 
3148L, 11L, 0L, 0L, 90L, 1L), dim = 4:3, dimnames = structure(list(
    c("-2", "-1", "0", "1"), c("A", "G", NA)), names = c("", 
""))), GM07_SNP1 = structure(c(0L, 9L, 117L, 1L, 0L, 0L, 16L, 
935L, 5232L, 257L, 12L, 1L, 0L, 7L, 130L, 5L, 0L, 0L), dim = c(6L, 
3L), dimnames = structure(list(c("-2", "-1", "0", "1", "2", "3"
), c("A", "G", NA)), names = c("", ""))), GM09_SNP1 = structure(c(57L, 
13144L, 21L, 2L, 410L, 0L, 0L, 1L, 0L, 1L, 100L, 0L), dim = 3:4, dimnames = structure(list(
    c("-1", "0", "1"), c("A", "G", "T", NA)), names = c("", ""
))), GM11_SNP1 = structure(c(1L, 128L, 3806L, 7L, 0L, 0L, 187L, 
0L, 0L, 0L, 1L, 0L, 0L, 2L, 33L, 0L), dim = c(4L, 4L), dimnames = structure(list(
    c("-3", "-1", "0", "1"), c("A", "G", "T", NA)), names = c("", 
""))), GM14_SNP1 = structure(c(7L, 121L, 4065L, 82L, 15L, 858L, 
2793L, 30L, 0L, 2L, 101L, 3L), dim = 4:3, dimnames = structure(list(
    c("-2", "-1", "0", "1"), c("C", "T", NA)), names = c("", 
""))), GM17_SNP1 = structure(c(49L, 4082L, 10L, 1L, 58L, 3652L, 
7L, 0L, 0L, 74L, 0L, 0L), dim = 4:3, dimnames = structure(list(
    c("-1", "0", "1", "2"), c("C", "T", NA)), names = c("", ""
))), GM22_SNP1 = structure(c(0L, 37L, 2673L, 66L, 1L, 1L, 37L, 
1944L, 9L, 0L, 0L, 3L, 110L, 1L, 0L), dim = c(5L, 3L), dimnames = structure(list(
    c("-2", "-1", "0", "1", "2"), c("A", "G", NA)), names = c("", 
""))), GM26_SNP1 = structure(c(3L, 32L, 4400L, 13L, 0L, 1L, 220L, 
0L, 0L, 1L, 97L, 1L), dim = 4:3, dimnames = structure(list(c("-2", 
"-1", "0", "1"), c("A", "G", NA)), names = c("", ""))), GM29_SNP1 = structure(c(3L, 
67L, 4456L, 13L, 1L, 0L, 0L, 8L, 0L, 0L, 0L, 2L, 56L, 0L, 0L), dim = c(5L, 
3L), dimnames = structure(list(c("-2", "-1", "0", "1", "2"), 
    c("A", "G", NA)), names = c("", ""))), IM16_SNP1 = structure(c(307L, 
1872L, 20L, 34L, 2822L, 34L, 4L, 73L, 0L), dim = c(3L, 3L), dimnames = structure(list(
    c("-1", "0", "1"), c("A", "G", NA)), names = c("", ""))), 
    IM49_SNP1 = structure(c(0L, 0L, 0L, 0L, 0L, 1L, 0L, 0L, 1L, 
    92L, 1587L, 12270L, 206L, 2L, 1L, 3L, 107L, 4L, 31L, 1L, 
    0L, 0L, 0L, 0L, 0L, 1L, 0L, 0L, 0L, 0L, 1L, 13L, 324L, 4L, 
    0L), dim = c(7L, 5L), dimnames = structure(list(c("-4", "-3", 
    "-2", "-1", "0", "1", "2"), c("A", "C", "G", "T", NA)), names = c("", 
    ""))), LR10_SNP1 = structure(c(1L, 116L, 5188L, 63L, 1L, 
    0L, 10L, 504L, 3L, 0L, 0L, 2L, 68L, 1L, 0L), dim = c(5L, 
    3L), dimnames = structure(list(c("-2", "-1", "0", "1", "2"
    ), c("C", "T", NA)), names = c("", ""))), LR11_SNP1 = structure(c(0L, 
    0L, 0L, 1L, 0L, 0L, 1L, 2L, 126L, 7951L, 49L, 1L, 0L, 1L, 
    1L, 329L, 2L, 0L, 0L, 0L, 0L, 3L, 0L, 0L, 0L, 0L, 2L, 119L, 
    0L, 0L), dim = 6:5, dimnames = structure(list(c("-3", "-2", 
    "-1", "0", "1", "2"), c("-", "A", "C", "G", NA)), names = c("", 
    ""))), LR17_SNP1 = structure(c(1L, 2L, 169L, 4944L, 122L, 
    5L, 0L, 0L, 0L, 5L, 0L, 0L, 0L, 1L, 6L, 328L, 1L, 0L), dim = c(6L, 
    3L), dimnames = structure(list(c("-4", "-2", "-1", "0", "1", 
    "2"), c("A", "G", NA)), names = c("", ""))), LR20_SNP1 = structure(c(6L, 
    3680L, 10L, 220L, 2709L, 3L, 0L, 1L, 0L, 0L, 57L, 0L), dim = 3:4, dimnames = structure(list(
        c("-1", "0", "1"), c("A", "G", "T", NA)), names = c("", 
    ""))), LR24_SNP1 = structure(c(0L, 0L, 1L, 0L, 0L, 66L, 5818L, 
    7L, 0L, 0L, 0L, 0L, 1L, 249L, 6683L, 17L, 0L, 0L, 0L, 0L, 
    0L, 1L, 113L, 0L), dim = c(4L, 6L), dimnames = structure(list(
        c("-2", "-1", "0", "1"), c("-", "A", "C", "G", "T", NA
        )), names = c("", ""))), LR36_SNP1 = structure(c(1L, 
    4L, 128L, 554L, 7862L, 79L, 1L, 0L, 0L, 0L, 3L, 98L, 34L, 
    0L, 0L, 0L, 0L, 5L, 186L, 0L, 0L), dim = c(7L, 3L), dimnames = structure(list(
        c("-4", "-3", "-2", "-1", "0", "1", "2"), c("A", "T", 
        NA)), names = c("", ""))), LR40_SNP1 = structure(c(0L, 
    0L, 1L, 0L, 3L, 395L, 3541L, 11L, 0L, 1L, 25L, 0L), dim = 4:3, dimnames = structure(list(
        c("-2", "-1", "0", "1"), c("A", "C", NA)), names = c("", 
    ""))), LR44_SNP1 = structure(c(0L, 0L, 2L, 0L, 0L, 29L, 848L, 
    6518L, 101L, 2L, 1L, 15L, 110L, 1L, 0L, 0L, 9L, 199L, 1L, 
    0L), dim = 5:4, dimnames = structure(list(c("-2", "-1", "0", 
    "1", "2"), c("A", "C", "T", NA)), names = c("", ""))), LR46_SNP1 = structure(c(0L, 
    1L, 0L, 14L, 2663L, 20L, 6L, 2084L, 10L, 0L, 45L, 0L), dim = 3:4, dimnames = structure(list(
        c("-1", "0", "1"), c("C", "G", "T", NA)), names = c("", 
    ""))), LR48_SNP1 = structure(c(0L, 0L, 2L, 0L, 0L, 26L, 834L, 
    4518L, 53L, 2L, 0L, 0L, 3L, 0L, 0L, 0L, 4L, 119L, 1L, 0L), dim = 5:4, dimnames = structure(list(
        c("-2", "-1", "0", "1", "2"), c("A", "C", "T", NA)), names = c("", 
    ""))), LR49_SNP1 = structure(c(9L, 3710L, 0L, 8L, 2914L, 
    1L, 0L, 86L, 0L), dim = c(3L, 3L), dimnames = structure(list(
        c("-1", "0", "1"), c("A", "G", NA)), names = c("", ""
    ))), LR52_SNP1 = structure(c(0L, 0L, 0L, 1L, 0L, 0L, 110L, 
    50L, 685L, 1347L, 11L, 1L, 3L, 12L, 163L, 2346L, 22L, 0L, 
    1L, 2L, 62L, 477L, 5L, 0L), dim = c(6L, 4L), dimnames = structure(list(
        c("-3", "-2", "-1", "0", "1", "2"), c("A", "C", "T", 
        NA)), names = c("", ""))))
