Result <-
list(DEPDC2_SNP1 = structure(c(0L, 0L, 5L, 0L, 0L, 37L, 7125L, 
27L, 0L, 0L, 1L, 0L, 2L, 66L, 10002L, 34L, 0L, 2L, 345L, 0L), dim = 4:5, dimnames = structure(list(
    c("-2", "-1", "0", "1"), c("A", "C", "G", "T", NA)), names = c("", 
""))), GM01_SNP1 = structure(c(0L, 0L, 1L, 0L, 0L, 0L, 133L, 
8228L, 151L, 1L, 1L, 0L, 15L, 0L, 0L, 0L, 0L, 1L, 0L, 0L, 0L, 
3L, 117L, 5L, 0L), dim = c(5L, 5L), dimnames = structure(list(
    c("-2", "-1", "0", "1", "2"), c("-", "A", "G", "T", NA)), names = c("", 
""))), GM07_SNP1 = structure(c(0L, 5L, 32L, 1L, 0L, 4L, 300L, 
6565L, 175L, 4L, 0L, 0L, 1L, 0L, 0L, 0L, 0L, 174L, 2L, 0L), dim = 5:4, dimnames = structure(list(
    c("-2", "-1", "0", "1", "2"), c("A", "G", "T", NA)), names = c("", 
""))), GM09_SNP1 = structure(c(43L, 8183L, 40L, 1L, 0L, 1L, 0L, 
0L, 41L, 7734L, 7L, 0L, 0L, 1L, 0L, 0L, 0L, 132L, 0L, 0L), dim = 4:5, dimnames = structure(list(
    c("-1", "0", "1", "2"), c("A", "C", "G", "T", NA)), names = c("", 
""))), GM11_SNP1 = structure(c(0L, 18L, 0L, 31L, 4713L, 17L, 
1L, 36L, 0L), dim = c(3L, 3L), dimnames = structure(list(c("-1", 
"0", "1"), c("A", "G", NA)), names = c("", ""))), GM14_SNP1 = structure(c(0L, 
0L, 0L, 2L, 0L, 1L, 1L, 144L, 4568L, 77L, 0L, 6L, 131L, 5030L, 
25L, 0L, 0L, 0L, 147L, 0L), dim = 5:4, dimnames = structure(list(
    c("-4", "-2", "-1", "0", "1"), c("A", "C", "T", NA)), names = c("", 
""))), GM17_SNP1 = structure(c(0L, 64L, 4814L, 23L, 1L, 72L, 
4925L, 12L, 0L, 1L, 81L, 1L), dim = 4:3, dimnames = structure(list(
    c("-2", "-1", "0", "1"), c("C", "T", NA)), names = c("", 
""))), GM22_SNP1 = structure(c(0L, 30L, 0L, 0L, 80L, 5540L, 23L, 
1L, 5L, 164L, 1L, 0L), dim = 4:3, dimnames = structure(list(c("-1", 
"0", "1", "2"), c("A", "G", NA)), names = c("", ""))), GM26_SNP1 = structure(c(1L, 
11L, 1830L, 102L, 0L, 17L, 1876L, 2L, 0L, 0L, 1L, 0L, 0L, 1L, 
61L, 3L), dim = c(4L, 4L), dimnames = structure(list(c("-2", 
"-1", "0", "1"), c("A", "G", "T", NA)), names = c("", ""))), 
    GM29_SNP1 = structure(c(28L, 2333L, 10L, 30L, 3138L, 7L, 
    0L, 63L, 0L), dim = c(3L, 3L), dimnames = structure(list(
        c("-1", "0", "1"), c("A", "G", NA)), names = c("", ""
    ))), IM16_SNP1 = structure(c(0L, 1L, 12L, 0L, 0L, 1L, 34L, 
    5809L, 60L, 1L, 0L, 0L, 1L, 0L, 0L, 0L, 0L, 98L, 5L, 0L), dim = 5:4, dimnames = structure(list(
        c("-2", "-1", "0", "1", "2"), c("A", "G", "T", NA)), names = c("", 
    ""))), IM49_SNP1 = structure(c(8L, 574L, 15494L, 401L, 23L, 
    0L, 2L, 26L, 0L, 0L, 0L, 0L, 2L, 0L, 0L, 0L, 3L, 393L, 8L, 
    1L), dim = 5:4, dimnames = structure(list(c("-2", "-1", "0", 
    "1", "2"), c("C", "G", "T", NA)), names = c("", ""))), LR10_SNP1 = structure(c(0L, 
    0L, 1L, 0L, 1L, 65L, 2666L, 14L, 3L, 179L, 2731L, 11L, 0L, 
    4L, 71L, 0L), dim = c(4L, 4L), dimnames = structure(list(
        c("-2", "-1", "0", "1"), c("A", "C", "T", NA)), names = c("", 
    ""))), LR11_SNP1 = structure(c(0L, 5L, 162L, 2L, 1L, 86L, 
    4299L, 34L, 0L, 4L, 106L, 0L), dim = 4:3, dimnames = structure(list(
        c("-2", "-1", "0", "1"), c("A", "C", NA)), names = c("", 
    ""))), LR17_SNP1 = structure(c(0L, 0L, 1L, 0L, 7L, 188L, 
    5805L, 76L, 0L, 7L, 329L, 5L), dim = 4:3, dimnames = structure(list(
        c("-2", "-1", "0", "1"), c("-", "A", NA)), names = c("", 
    ""))), LR20_SNP1 = structure(c(0L, 104L, 0L, 11L, 7415L, 
    14L, 0L, 1L, 0L, 1L, 79L, 0L), dim = 3:4, dimnames = structure(list(
        c("-1", "0", "1"), c("A", "G", "T", NA)), names = c("", 
    ""))), LR24_SNP1 = structure(c(0L, 0L, 0L, 2L, 0L, 0L, 0L, 
    0L, 406L, 3L, 1L, 4L, 93L, 16067L, 52L, 0L, 0L, 0L, 134L, 
    1L), dim = 5:4, dimnames = structure(list(c("-3", "-2", "-1", 
    "0", "1"), c("-", "A", "G", NA)), names = c("", ""))), LR36_SNP1 = structure(c(0L, 
    0L, 0L, 38L, 1L, 0L, 0L, 0L, 0L, 1L, 0L, 0L, 0L, 0L, 0L, 
    2L, 0L, 0L, 1L, 13L, 176L, 8326L, 89L, 1L, 0L, 1L, 6L, 537L, 
    5L, 0L), dim = 6:5, dimnames = structure(list(c("-3", "-2", 
    "-1", "0", "1", "2"), c("A", "C", "G", "T", NA)), names = c("", 
    ""))), LR40_SNP1 = structure(c(42L, 3860L, 14L, 1L, 0L, 2L, 
    0L, 0L, 0L, 24L, 1L, 0L), dim = 4:3, dimnames = structure(list(
        c("-1", "0", "1", "2"), c("C", "G", NA)), names = c("", 
    ""))), LR44_SNP1 = structure(c(0L, 0L, 0L, 0L, 0L, 16L, 320L, 
    4635L, 59L, 2L, 8L, 282L, 2225L, 58L, 0L, 0L, 17L, 196L, 
    2L, 0L), dim = 5:4, dimnames = structure(list(c("-2", "-1", 
    "0", "1", "2"), c("A", "C", "T", NA)), names = c("", ""))), 
    LR46_SNP1 = structure(c(0L, 1L, 0L, 7L, 1958L, 4L, 11L, 1824L, 
    4L, 0L, 30L, 0L), dim = 3:4, dimnames = structure(list(c("-1", 
    "0", "1"), c("A", "G", "T", NA)), names = c("", ""))), LR48_SNP1 = structure(c(0L, 
    0L, 0L, 1L, 0L, 2L, 1L, 137L, 4393L, 77L, 0L, 0L, 0L, 9L, 
    0L, 0L, 0L, 2L, 111L, 0L), dim = 5:4, dimnames = structure(list(
        c("-3", "-2", "-1", "0", "1"), c("A", "C", "T", NA)), names = c("", 
    ""))), LR49_SNP1 = structure(c(6L, 4319L, 4L, 13L, 4310L, 
    25L, 0L, 2L, 0L, 0L, 127L, 1L), dim = 3:4, dimnames = structure(list(
        c("-1", "0", "1"), c("A", "G", "T", NA)), names = c("", 
    ""))), LR52_SNP1 = structure(c(0L, 0L, 0L, 2L, 0L, 3L, 14L, 
    171L, 1876L, 12L, 0L, 23L, 268L, 1795L, 10L, 0L, 2L, 19L, 
    524L, 4L), dim = 5:4, dimnames = structure(list(c("-3", "-2", 
    "-1", "0", "1"), c("A", "C", "T", NA)), names = c("", ""))))
