Result <-
list(DEPDC2_SNP1 = structure(c(0L, 0L, 1L, 0L, 0L, 34L, 5917L, 
24L, 1L, 50L, 6630L, 24L, 0L, 1L, 240L, 1L), dim = c(4L, 4L), dimnames = structure(list(
    c("-2", "-1", "0", "1"), c("A", "C", "T", NA)), names = c("", 
""))), GM01_SNP1 = structure(c(64L, 3518L, 85L, 54L, 3624L, 9L, 
2L, 88L, 2L), dim = c(3L, 3L), dimnames = structure(list(c("-1", 
"0", "1"), c("A", "G", NA)), names = c("", ""))), GM07_SNP1 = structure(c(0L, 
0L, 0L, 10L, 0L, 0L, 0L, 3L, 262L, 4624L, 142L, 7L, 0L, 0L, 0L, 
1L, 0L, 0L, 1L, 0L, 0L, 118L, 2L, 0L), dim = c(6L, 4L), dimnames = structure(list(
    c("-3", "-2", "-1", "0", "1", "2"), c("A", "G", "T", NA)), names = c("", 
""))), GM09_SNP1 = structure(c(1L, 102L, 13315L, 20L, 0L, 0L, 
22L, 0L, 0L, 0L, 1L, 0L, 0L, 1L, 91L, 0L), dim = c(4L, 4L), dimnames = structure(list(
    c("-2", "-1", "0", "1"), c("A", "G", "T", NA)), names = c("", 
""))), GM11_SNP1 = structure(c(12L, 2457L, 7L, 0L, 5L, 0L, 0L, 
1L, 0L, 0L, 21L, 0L), dim = 3:4, dimnames = structure(list(c("-1", 
"0", "1"), c("A", "G", "T", NA)), names = c("", ""))), GM14_SNP1 = structure(c(0L, 
0L, 0L, 1L, 0L, 0L, 0L, 0L, 0L, 1L, 0L, 0L, 0L, 0L, 0L, 22L, 
0L, 0L, 0L, 0L, 0L, 1L, 0L, 0L, 1L, 3L, 179L, 6528L, 30L, 1L, 
0L, 0L, 2L, 86L, 0L, 0L), dim = c(6L, 6L), dimnames = structure(list(
    c("-3", "-2", "-1", "0", "1", "2"), c("-", "A", "C", "G", 
    "T", NA)), names = c("", ""))), GM17_SNP1 = structure(c(0L, 
1L, 0L, 2L, 203L, 1L, 76L, 7558L, 25L, 0L, 61L, 0L), dim = 3:4, dimnames = structure(list(
    c("-1", "0", "1"), c("A", "C", "T", NA)), names = c("", ""
))), GM22_SNP1 = structure(c(1L, 77L, 5610L, 20L, 0L, 0L, 2L, 
0L, 0L, 2L, 84L, 0L), dim = 4:3, dimnames = structure(list(c("-2", 
"-1", "0", "1"), c("A", "G", NA)), names = c("", ""))), GM26_SNP1 = structure(c(1L, 
24L, 3342L, 22L, 0L, 0L, 3L, 0L, 0L, 0L, 54L, 1L), dim = 4:3, dimnames = structure(list(
    c("-2", "-1", "0", "1"), c("A", "G", NA)), names = c("", 
""))), GM29_SNP1 = structure(c(1L, 46L, 4567L, 9L, 0L, 0L, 5L, 
0L, 0L, 0L, 1L, 0L, 0L, 0L, 52L, 0L), dim = c(4L, 4L), dimnames = structure(list(
    c("-2", "-1", "0", "1"), c("A", "G", "T", NA)), names = c("", 
""))), IM16_SNP1 = structure(c(0L, 30L, 2583L, 38L, 0L, 1L, 111L, 
2623L, 70L, 7L, 0L, 1L, 1L, 0L, 0L, 0L, 0L, 69L, 5L, 1L), dim = 5:4, dimnames = structure(list(
    c("-2", "-1", "0", "1", "2"), c("A", "G", "T", NA)), names = c("", 
""))), IM49_SNP1 = structure(c(0L, 0L, 27L, 0L, 0L, 7L, 382L, 
11367L, 222L, 2L, 0L, 0L, 1L, 0L, 0L, 0L, 11L, 500L, 17L, 0L), dim = 5:4, dimnames = structure(list(
    c("-2", "-1", "0", "1", "2"), c("C", "G", "T", NA)), names = c("", 
""))), LR10_SNP1 = structure(c(0L, 0L, 1L, 0L, 2L, 85L, 4344L, 
32L, 0L, 1L, 39L, 0L, 0L, 0L, 55L, 1L), dim = c(4L, 4L), dimnames = structure(list(
    c("-2", "-1", "0", "1"), c("-", "C", "T", NA)), names = c("", 
""))), LR11_SNP1 = structure(c(4L, 48L, 2714L, 19L, 1L, 1L, 41L, 
1739L, 15L, 0L, 0L, 0L, 1L, 0L, 0L, 0L, 2L, 102L, 2L, 0L), dim = 5:4, dimnames = structure(list(
    c("-2", "-1", "0", "1", "2"), c("A", "C", "G", NA)), names = c("", 
""))), LR17_SNP1 = structure(c(6L, 257L, 4342L, 115L, 3L, 0L, 
0L, 1L, 0L, 0L, 0L, 0L, 3L, 0L, 0L, 0L, 7L, 297L, 5L, 0L), dim = 5:4, dimnames = structure(list(
    c("-2", "-1", "0", "1", "2"), c("A", "C", "G", NA)), names = c("", 
""))), LR20_SNP1 = structure(c(5L, 2161L, 36L, 3L, 2714L, 4L, 
0L, 1L, 0L, 0L, 40L, 0L), dim = 3:4, dimnames = structure(list(
    c("-1", "0", "1"), c("A", "G", "T", NA)), names = c("", ""
))), LR24_SNP1 = structure(c(0L, 0L, 0L, 1L, 0L, 0L, 0L, 0L, 
23L, 0L, 2L, 5L, 71L, 12207L, 21L, 0L, 0L, 2L, 114L, 1L), dim = 5:4, dimnames = structure(list(
    c("-3", "-2", "-1", "0", "1"), c("-", "A", "G", NA)), names = c("", 
""))), LR36_SNP1 = structure(c(0L, 0L, 5L, 68L, 3597L, 65L, 0L, 
1L, 1L, 9L, 73L, 3402L, 51L, 1L, 0L, 0L, 0L, 7L, 324L, 6L, 1L
), dim = c(7L, 3L), dimnames = structure(list(c("-4", "-3", "-2", 
"-1", "0", "1", "2"), c("A", "T", NA)), names = c("", ""))), 
    LR40_SNP1 = structure(c(0L, 71L, 0L, 36L, 4095L, 28L, 0L, 
    33L, 0L), dim = c(3L, 3L), dimnames = structure(list(c("-1", 
    "0", "1"), c("A", "C", NA)), names = c("", ""))), LR44_SNP1 = structure(c(0L, 
    0L, 1L, 0L, 0L, 32L, 729L, 6393L, 84L, 2L, 0L, 3L, 6L, 0L, 
    0L, 0L, 10L, 146L, 0L, 0L, 0L, 9L, 199L, 1L, 0L), dim = c(5L, 
    5L), dimnames = structure(list(c("-2", "-1", "0", "1", "2"
    ), c("A", "C", "G", "T", NA)), names = c("", ""))), LR46_SNP1 = structure(c(0L, 
    2L, 0L, 46L, 4648L, 10L, 1L, 31L, 0L), dim = c(3L, 3L), dimnames = structure(list(
        c("-1", "0", "1"), c("G", "T", NA)), names = c("", ""
    ))), LR48_SNP1 = structure(c(0L, 0L, 2L, 0L, 0L, 6L, 206L, 
    5161L, 68L, 1L, 0L, 0L, 3L, 1L, 0L, 0L, 7L, 134L, 1L, 0L), dim = 5:4, dimnames = structure(list(
        c("-2", "-1", "0", "1", "2"), c("A", "C", "T", NA)), names = c("", 
    ""))), LR49_SNP1 = structure(c(6L, 2997L, 2L, 6L, 3395L, 
    1L, 0L, 79L, 0L), dim = c(3L, 3L), dimnames = structure(list(
        c("-1", "0", "1"), c("A", "G", NA)), names = c("", ""
    ))), LR52_SNP1 = structure(c(0L, 0L, 0L, 1L, 0L, 1L, 10L, 
    155L, 1316L, 10L, 2L, 27L, 320L, 2108L, 18L, 0L, 1L, 20L, 
    388L, 7L), dim = 5:4, dimnames = structure(list(c("-3", "-2", 
    "-1", "0", "1"), c("A", "C", "T", NA)), names = c("", ""))))
