Result <-
list(DEPDC2_SNP1 = structure(c(0L, 0L, 1L, 0L, 0L, 0L, 78L, 5465L, 
43L, 0L, 0L, 0L, 2L, 0L, 0L, 1L, 64L, 6475L, 42L, 1L, 0L, 0L, 
232L, 2L, 0L), dim = c(5L, 5L), dimnames = structure(list(c("-2", 
"-1", "0", "1", "2"), c("A", "C", "G", "T", NA)), names = c("", 
""))), GM01_SNP1 = structure(c(120L, 5517L, 19L, 0L, 5L, 0L, 
0L, 1L, 0L, 0L, 70L, 1L), dim = 3:4, dimnames = structure(list(
    c("-1", "0", "1"), c("A", "G", "T", NA)), names = c("", ""
))), GM07_SNP1 = structure(c(0L, 0L, 1L, 3L, 0L, 0L, 1L, 16L, 
651L, 5104L, 372L, 23L, 0L, 1L, 4L, 150L, 4L, 0L), dim = c(6L, 
3L), dimnames = structure(list(c("-3", "-2", "-1", "0", "1", 
"2"), c("A", "G", NA)), names = c("", ""))), GM09_SNP1 = structure(c(0L, 
1L, 0L, 156L, 16443L, 35L, 0L, 25L, 0L, 0L, 2L, 0L, 0L, 116L, 
1L), dim = c(3L, 5L), dimnames = structure(list(c("-1", "0", 
"1"), c("-", "A", "G", "T", NA)), names = c("", ""))), GM11_SNP1 = structure(c(119L, 
2333L, 11L, 0L, 8L, 0L, 0L, 16L, 0L), dim = c(3L, 3L), dimnames = structure(list(
    c("-1", "0", "1"), c("A", "G", NA)), names = c("", ""))), 
    GM14_SNP1 = structure(c(0L, 0L, 0L, 1L, 0L, 0L, 5L, 23L, 
    1024L, 7807L, 401L, 7L, 0L, 0L, 1L, 6L, 0L, 0L, 0L, 0L, 2L, 
    100L, 4L, 0L), dim = c(6L, 4L), dimnames = structure(list(
        c("-3", "-2", "-1", "0", "1", "2"), c("A", "C", "T", 
        NA)), names = c("", ""))), GM17_SNP1 = structure(c(1L, 
    1L, 99L, 6344L, 25L, 0L, 3L, 706L, 5747L, 36L, 0L, 0L, 9L, 
    98L, 0L), dim = c(5L, 3L), dimnames = structure(list(c("-3", 
    "-2", "-1", "0", "1"), c("C", "T", NA)), names = c("", ""
    ))), GM22_SNP1 = structure(c(1L, 85L, 6240L, 31L, 0L, 0L, 
    4L, 0L, 0L, 1L, 93L, 0L), dim = 4:3, dimnames = structure(list(
        c("-2", "-1", "0", "1"), c("A", "G", NA)), names = c("", 
    ""))), GM26_SNP1 = structure(c(241L, 1227L, 5L, 14L, 1245L, 
    3L, 2L, 41L, 0L), dim = c(3L, 3L), dimnames = structure(list(
        c("-1", "0", "1"), c("A", "G", NA)), names = c("", ""
    ))), GM29_SNP1 = structure(c(3L, 132L, 3612L, 11L, 2L, 104L, 
    4152L, 14L, 0L, 2L, 80L, 1L), dim = 4:3, dimnames = structure(list(
        c("-2", "-1", "0", "1"), c("A", "G", NA)), names = c("", 
    ""))), IM16_SNP1 = structure(c(29L, 1930L, 37L, 0L, 40L, 
    1542L, 55L, 2L, 0L, 59L, 2L, 0L), dim = 4:3, dimnames = structure(list(
        c("-1", "0", "1", "2"), c("A", "G", NA)), names = c("", 
    ""))), IM49_SNP1 = structure(c(0L, 0L, 0L, 1L, 0L, 0L, 0L, 
    0L, 0L, 6L, 63L, 2L, 0L, 0L, 1L, 140L, 2088L, 17307L, 570L, 
    17L, 2L, 0L, 0L, 0L, 1L, 0L, 0L, 0L, 0L, 3L, 34L, 742L, 33L, 
    1L, 0L), dim = c(7L, 5L), dimnames = structure(list(c("-3", 
    "-2", "-1", "0", "1", "2", "3"), c("A", "C", "G", "T", NA
    )), names = c("", ""))), LR10_SNP1 = structure(c(0L, 0L, 
    7L, 0L, 1L, 95L, 4299L, 24L, 0L, 0L, 34L, 3L), dim = 4:3, dimnames = structure(list(
        c("-2", "-1", "0", "1"), c("C", "T", NA)), names = c("", 
    ""))), LR11_SNP1 = structure(c(3L, 260L, 2587L, 23L, 1L, 
    4L, 329L, 1290L, 16L, 1L, 0L, 0L, 1L, 0L, 0L, 0L, 10L, 66L, 
    0L, 0L), dim = 5:4, dimnames = structure(list(c("-2", "-1", 
    "0", "1", "2"), c("A", "C", "T", NA)), names = c("", ""))), 
    LR17_SNP1 = structure(c(0L, 0L, 0L, 1L, 0L, 0L, 1L, 29L, 
    518L, 5038L, 109L, 1L, 0L, 0L, 0L, 0L, 0L, 0L, 0L, 0L, 0L, 
    2L, 0L, 0L, 0L, 0L, 26L, 322L, 3L, 0L), dim = 6:5, dimnames = structure(list(
        c("-3", "-2", "-1", "0", "1", "2"), c("-", "A", "C", 
        "G", NA)), names = c("", ""))), LR20_SNP1 = structure(c(0L, 
    0L, 10L, 0L, 1L, 13L, 4379L, 12L, 0L, 0L, 1L, 0L, 0L, 0L, 
    51L, 0L), dim = c(4L, 4L), dimnames = structure(list(c("-2", 
    "-1", "0", "1"), c("A", "G", "T", NA)), names = c("", ""))), 
    LR24_SNP1 = structure(c(0L, 239L, 8142L, 19L, 2L, 726L, 5679L, 
    13L, 0L, 0L, 108L, 0L), dim = 4:3, dimnames = structure(list(
        c("-2", "-1", "0", "1"), c("A", "G", NA)), names = c("", 
    ""))), LR36_SNP1 = structure(c(0L, 0L, 0L, 2L, 45L, 0L, 0L, 
    0L, 0L, 0L, 0L, 2L, 0L, 0L, 0L, 0L, 0L, 0L, 3L, 0L, 0L, 1L, 
    4L, 43L, 1194L, 11116L, 246L, 9L, 0L, 0L, 5L, 51L, 771L, 
    15L, 0L), dim = c(7L, 5L), dimnames = structure(list(c("-4", 
    "-3", "-2", "-1", "0", "1", "2"), c("A", "C", "G", "T", NA
    )), names = c("", ""))), LR40_SNP1 = structure(c(0L, 0L, 
    18L, 0L, 1L, 44L, 2653L, 21L, 0L, 0L, 1L, 0L, 0L, 0L, 16L, 
    0L), dim = c(4L, 4L), dimnames = structure(list(c("-2", "-1", 
    "0", "1"), c("A", "C", "T", NA)), names = c("", ""))), LR44_SNP1 = structure(c(4L, 
    365L, 839L, 2480L, 64L, 1L, 0L, 1L, 3L, 36L, 1L, 0L, 0L, 
    0L, 10L, 81L, 1L, 0L), dim = c(6L, 3L), dimnames = structure(list(
        c("-3", "-2", "-1", "0", "1", "2"), c("C", "T", NA)), names = c("", 
    ""))), LR46_SNP1 = structure(c(1L, 160L, 3801L, 14L, 0L, 
    1L, 66L, 0L, 0L, 1L, 22L, 2L), dim = 4:3, dimnames = structure(list(
        c("-2", "-1", "0", "1"), c("G", "T", NA)), names = c("", 
    ""))), LR48_SNP1 = structure(c(3L, 152L, 532L, 3008L, 193L, 
    17L, 1L, 0L, 0L, 0L, 3L, 0L, 0L, 0L, 0L, 2L, 5L, 78L, 2L, 
    0L, 0L), dim = c(7L, 3L), dimnames = structure(list(c("-3", 
    "-2", "-1", "0", "1", "2", "3"), c("C", "T", NA)), names = c("", 
    ""))), LR49_SNP1 = structure(c(0L, 0L, 21L, 0L, 12L, 1420L, 
    4880L, 2L, 1L, 6L, 29L, 0L), dim = 4:3, dimnames = structure(list(
        c("-2", "-1", "0", "1"), c("A", "G", NA)), names = c("", 
    ""))), LR52_SNP1 = structure(c(0L, 0L, 51L, 318L, 563L, 10L, 
    1L, 3L, 124L, 137L, 705L, 5L, 0L, 0L, 0L, 24L, 163L, 4L), dim = c(6L, 
    3L), dimnames = structure(list(c("-4", "-3", "-2", "-1", 
    "0", "1"), c("C", "T", NA)), names = c("", ""))))
