Result <-
list(DEPDC2_SNP1 = structure(c(0L, 0L, 1L, 0L, 0L, 53L, 5495L, 
42L, 1L, 48L, 6453L, 34L, 0L, 2L, 227L, 2L), dim = c(4L, 4L), dimnames = structure(list(
    c("-2", "-1", "0", "1"), c("A", "C", "T", NA)), names = c("", 
""))), GM01_SNP1 = structure(c(55L, 2810L, 12L, 44L, 2503L, 15L, 
2L, 66L, 0L), dim = c(3L, 3L), dimnames = structure(list(c("-1", 
"0", "1"), c("A", "G", NA)), names = c("", ""))), GM07_SNP1 = structure(c(0L, 
0L, 2L, 0L, 0L, 2L, 185L, 2602L, 132L, 1L, 2L, 178L, 2520L, 98L, 
4L, 0L, 4L, 107L, 5L, 0L), dim = 5:4, dimnames = structure(list(
    c("-2", "-1", "0", "1", "2"), c("-", "A", "G", NA)), names = c("", 
""))), GM09_SNP1 = structure(c(0L, 44L, 0L, 0L, 1L, 0L, 35L, 
7229L, 9L, 3L, 78L, 0L), dim = 3:4, dimnames = structure(list(
    c("-1", "0", "1"), c("A", "C", "G", NA)), names = c("", ""
))), GM11_SNP1 = structure(c(1L, 7L, 1288L, 3L, 0L, 10L, 1360L, 
12L, 0L, 0L, 13L, 0L), dim = 4:3, dimnames = structure(list(c("-2", 
"-1", "0", "1"), c("A", "G", NA)), names = c("", ""))), GM14_SNP1 = structure(c(0L, 
0L, 1L, 0L, 0L, 0L, 1L, 38L, 0L, 0L, 6L, 191L, 6750L, 68L, 1L, 
0L, 2L, 145L, 0L, 0L), dim = 5:4, dimnames = structure(list(c("-2", 
"-1", "0", "1", "3"), c("-", "C", "T", NA)), names = c("", ""
))), GM17_SNP1 = structure(c(1L, 53L, 4268L, 17L, 0L, 0L, 1L, 
0L, 0L, 60L, 4062L, 17L, 0L, 1L, 112L, 1L), dim = c(4L, 4L), dimnames = structure(list(
    c("-2", "-1", "0", "1"), c("C", "G", "T", NA)), names = c("", 
""))), GM22_SNP1 = structure(c(0L, 0L, 6L, 0L, 2L, 65L, 3399L, 
16L, 0L, 4L, 109L, 1L), dim = 4:3, dimnames = structure(list(
    c("-2", "-1", "0", "1"), c("A", "G", NA)), names = c("", 
""))), GM26_SNP1 = structure(c(2L, 57L, 6589L, 19L, 0L, 0L, 1L, 
0L, 0L, 0L, 3L, 0L, 0L, 3L, 118L, 0L), dim = c(4L, 4L), dimnames = structure(list(
    c("-2", "-1", "0", "1"), c("A", "C", "G", NA)), names = c("", 
""))), GM29_SNP1 = structure(c(0L, 63L, 2589L, 17L, 0L, 0L, 1L, 
0L, 1L, 51L, 2566L, 6L, 0L, 2L, 75L, 2L), dim = c(4L, 4L), dimnames = structure(list(
    c("-2", "-1", "0", "1"), c("A", "C", "G", NA)), names = c("", 
""))), IM16_SNP1 = structure(c(17L, 1146L, 24L, 1L, 21L, 1165L, 
33L, 0L, 2L, 61L, 1L, 0L), dim = 4:3, dimnames = structure(list(
    c("-1", "0", "1", "2"), c("A", "G", NA)), names = c("", ""
))), IM49_SNP1 = structure(c(8L, 367L, 7540L, 235L, 4L, 1L, 0L, 
1L, 38L, 0L, 0L, 0L, 0L, 4L, 191L, 2L, 0L, 0L), dim = c(6L, 3L
), dimnames = structure(list(c("-2", "-1", "0", "1", "2", "3"
), c("C", "G", NA)), names = c("", ""))), LR10_SNP1 = structure(c(0L, 
0L, 1L, 0L, 0L, 2L, 28L, 0L, 4L, 97L, 5176L, 32L, 0L, 0L, 58L, 
2L), dim = c(4L, 4L), dimnames = structure(list(c("-2", "-1", 
"0", "1"), c("A", "C", "T", NA)), names = c("", ""))), LR11_SNP1 = structure(c(1L, 
45L, 1625L, 15L, 0L, 0L, 55L, 1454L, 15L, 0L, 0L, 3L, 70L, 1L, 
1L), dim = c(5L, 3L), dimnames = structure(list(c("-2", "-1", 
"0", "1", "2"), c("A", "C", NA)), names = c("", ""))), LR17_SNP1 = structure(c(3L, 
115L, 2789L, 54L, 2L, 0L, 2L, 196L, 1L, 0L), dim = c(5L, 2L), dimnames = structure(list(
    c("-2", "-1", "0", "1", "2"), c("A", NA)), names = c("", 
""))), LR20_SNP1 = structure(c(0L, 22L, 0L, 7L, 3102L, 3L, 0L, 
33L, 0L), dim = c(3L, 3L), dimnames = structure(list(c("-1", 
"0", "1"), c("A", "G", NA)), names = c("", ""))), LR24_SNP1 = structure(c(0L, 
0L, 1L, 0L, 0L, 14L, 3571L, 9L, 1L, 43L, 8369L, 27L, 0L, 0L, 
113L, 2L), dim = c(4L, 4L), dimnames = structure(list(c("-2", 
"-1", "0", "1"), c("-", "A", "G", NA)), names = c("", ""))), 
    LR36_SNP1 = structure(c(1L, 1L, 6L, 64L, 2033L, 35L, 0L, 
    0L, 0L, 0L, 1L, 0L, 0L, 1L, 0L, 11L, 1950L, 0L, 0L, 0L, 0L, 
    2L, 225L, 0L), dim = c(6L, 4L), dimnames = structure(list(
        c("-5", "-3", "-2", "-1", "0", "1"), c("A", "C", "T", 
        NA)), names = c("", ""))), LR40_SNP1 = structure(c(0L, 
    0L, 0L, 29L, 1708L, 4L, 0L, 1L, 0L, 1L, 15L, 0L), dim = 3:4, dimnames = structure(list(
        c("-1", "0", "1"), c("A", "C", "T", NA)), names = c("", 
    ""))), LR44_SNP1 = structure(c(0L, 2L, 9L, 0L, 0L, 13L, 378L, 
    3848L, 95L, 2L, 1L, 6L, 56L, 0L, 0L, 1L, 4L, 125L, 0L, 0L
    ), dim = 5:4, dimnames = structure(list(c("-2", "-1", "0", 
    "1", "2"), c("-", "C", "T", NA)), names = c("", ""))), LR46_SNP1 = structure(c(0L, 
    1L, 0L, 0L, 13L, 0L, 20L, 5032L, 7L, 2L, 47L, 0L), dim = 3:4, dimnames = structure(list(
        c("-1", "0", "1"), c("C", "G", "T", NA)), names = c("", 
    ""))), LR48_SNP1 = structure(c(5L, 159L, 3670L, 92L, 0L, 
    0L, 1L, 0L, 0L, 2L, 106L, 3L), dim = 4:3, dimnames = structure(list(
        c("-2", "-1", "0", "1"), c("C", "T", NA)), names = c("", 
    ""))), LR49_SNP1 = structure(c(32L, 7125L, 6L, 0L, 23L, 0L, 
    0L, 1L, 0L, 1L, 130L, 0L), dim = 3:4, dimnames = structure(list(
        c("-1", "0", "1"), c("A", "G", "T", NA)), names = c("", 
    ""))), LR52_SNP1 = structure(c(2L, 27L, 456L, 3838L, 74L, 
    0L, 1L, 13L, 197L, 3L), dim = c(5L, 2L), dimnames = structure(list(
        c("-4", "-2", "-1", "0", "1"), c("T", NA)), names = c("", 
    ""))))
