Result <-
list(DEPDC2_SNP1 = structure(c(0L, 1L, 0L, 56L, 6057L, 39L, 0L, 
24L, 0L, 0L, 84L, 0L), dim = 3:4, dimnames = structure(list(c("-1", 
"0", "1"), c("A", "C", "T", NA)), names = c("", ""))), GM07_SNP1 = structure(c(2L, 
157L, 2797L, 71L, 3L, 3L, 154L, 2231L, 53L, 1L, 0L, 0L, 1L, 0L, 
0L, 0L, 2L, 83L, 1L, 0L), dim = 5:4, dimnames = structure(list(
    c("-2", "-1", "0", "1", "2"), c("A", "G", "T", NA)), names = c("", 
""))), GM09_SNP1 = structure(c(0L, 10L, 0L, 41L, 6302L, 12L, 
0L, 2L, 0L, 0L, 50L, 0L), dim = 3:4, dimnames = structure(list(
    c("-1", "0", "1"), c("A", "G", "T", NA)), names = c("", ""
))), GM11_SNP1 = structure(c(0L, 10L, 0L, 104L, 6929L, 54L, 1L, 
40L, 1L), dim = c(3L, 3L), dimnames = structure(list(c("-1", 
"0", "1"), c("A", "G", NA)), names = c("", ""))), GM14_SNP1 = structure(c(13L, 
103L, 1452L, 10L, 1L, 87L, 1882L, 11L, 0L, 0L, 43L, 0L), dim = 4:3, dimnames = structure(list(
    c("-2", "-1", "0", "1"), c("C", "T", NA)), names = c("", 
""))), GM17_SNP1 = structure(c(0L, 0L, 10L, 0L, 1L, 73L, 6005L, 
31L, 0L, 1L, 38L, 2L), dim = 4:3, dimnames = structure(list(c("-2", 
"-1", "0", "1"), c("C", "T", NA)), names = c("", ""))), GM22_SNP1 = structure(c(1L, 
61L, 3475L, 28L, 0L, 45L, 2943L, 20L, 0L, 5L, 96L, 2L), dim = 4:3, dimnames = structure(list(
    c("-2", "-1", "0", "1"), c("A", "G", NA)), names = c("", 
""))), GM26_SNP1 = structure(c(1L, 40L, 5789L, 16L, 0L, 0L, 11L, 
0L, 0L, 0L, 31L, 0L), dim = 4:3, dimnames = structure(list(c("-2", 
"-1", "0", "1"), c("A", "G", NA)), names = c("", ""))), GM29_SNP1 = structure(c(1L, 
164L, 2156L, 7L, 1L, 28L, 2253L, 4L, 0L, 0L, 1L, 0L, 0L, 2L, 
46L, 0L), dim = c(4L, 4L), dimnames = structure(list(c("-2", 
"-1", "0", "1"), c("A", "G", "T", NA)), names = c("", ""))), 
    IM16_SNP1 = structure(c(48L, 2947L, 35L, 0L, 35L, 3052L, 
    38L, 2L, 1L, 69L, 2L, 0L), dim = 4:3, dimnames = structure(list(
        c("-1", "0", "1", "2"), c("A", "G", NA)), names = c("", 
    ""))), IM49_SNP1 = structure(c(0L, 103L, 1888L, 36L, 3L, 
    4L, 45L, 1548L, 18L, 1L, 0L, 4L, 280L, 5L, 0L), dim = c(5L, 
    3L), dimnames = structure(list(c("-2", "-1", "0", "1", "2"
    ), c("C", "G", NA)), names = c("", ""))), LR10_SNP1 = structure(c(1L, 
    63L, 2996L, 42L, 0L, 0L, 1L, 0L, 0L, 35L, 2980L, 16L, 0L, 
    0L, 56L, 1L), dim = c(4L, 4L), dimnames = structure(list(
        c("-2", "-1", "0", "1"), c("C", "G", "T", NA)), names = c("", 
    ""))), LR11_SNP1 = structure(c(0L, 0L, 0L, 8L, 0L, 0L, 3L, 
    4L, 114L, 4768L, 31L, 1L, 0L, 0L, 0L, 2L, 0L, 0L, 0L, 0L, 
    3L, 149L, 1L, 0L), dim = c(6L, 4L), dimnames = structure(list(
        c("-3", "-2", "-1", "0", "1", "2"), c("A", "C", "T", 
        NA)), names = c("", ""))), LR17_SNP1 = structure(c(6L, 
    129L, 3746L, 35L, 1L, 0L, 0L, 2L, 0L, 0L, 0L, 1L, 171L, 1L, 
    0L), dim = c(5L, 3L), dimnames = structure(list(c("-2", "-1", 
    "0", "1", "2"), c("A", "G", NA)), names = c("", ""))), LR20_SNP1 = structure(c(35L, 
    2878L, 3L, 8L, 3086L, 3L, 0L, 25L, 1L), dim = c(3L, 3L), dimnames = structure(list(
        c("-1", "0", "1"), c("A", "G", NA)), names = c("", ""
    ))), LR24_SNP1 = structure(c(98L, 6869L, 19L, 1L, 22L, 0L, 
    0L, 41L, 0L), dim = c(3L, 3L), dimnames = structure(list(
        c("-1", "0", "1"), c("A", "G", NA)), names = c("", ""
    ))), LR36_SNP1 = structure(c(0L, 0L, 7L, 0L, 4L, 119L, 3332L, 
    26L, 0L, 7L, 137L, 2L), dim = 4:3, dimnames = structure(list(
        c("-2", "-1", "0", "1"), c("A", "T", NA)), names = c("", 
    ""))), LR40_SNP1 = structure(c(0L, 3L, 0L, 57L, 4953L, 16L, 
    0L, 23L, 1L), dim = c(3L, 3L), dimnames = structure(list(
        c("-1", "0", "1"), c("A", "C", NA)), names = c("", ""
    ))), LR44_SNP1 = structure(c(0L, 0L, 0L, 1L, 0L, 0L, 2L, 
    0L, 1L, 25L, 0L, 0L, 1L, 34L, 680L, 6841L, 95L, 3L, 0L, 0L, 
    7L, 108L, 4L, 0L), dim = c(6L, 4L), dimnames = structure(list(
        c("-3", "-2", "-1", "0", "1", "2"), c("A", "C", "T", 
        NA)), names = c("", ""))), LR46_SNP1 = structure(c(1L, 
    51L, 5613L, 11L, 0L, 0L, 4L, 0L, 0L, 0L, 42L, 0L), dim = 4:3, dimnames = structure(list(
        c("-2", "-1", "0", "1"), c("G", "T", NA)), names = c("", 
    ""))), LR48_SNP1 = structure(c(3L, 136L, 4516L, 62L, 0L, 
    1L, 2L, 0L, 0L, 0L, 83L, 3L), dim = 4:3, dimnames = structure(list(
        c("-2", "-1", "0", "1"), c("C", "T", NA)), names = c("", 
    ""))), LR49_SNP1 = structure(c(49L, 4982L, 2L, 0L, 10L, 0L, 
    0L, 2L, 0L, 1L, 38L, 0L), dim = 3:4, dimnames = structure(list(
        c("-1", "0", "1"), c("A", "G", "T", NA)), names = c("", 
    ""))), LR52_SNP1 = structure(c(0L, 0L, 0L, 0L, 1L, 0L, 0L, 
    0L, 0L, 0L, 0L, 8L, 0L, 0L, 1L, 1L, 26L, 456L, 3982L, 24L, 
    1L, 0L, 0L, 1L, 8L, 201L, 0L, 0L), dim = c(7L, 4L), dimnames = structure(list(
        c("-5", "-3", "-2", "-1", "0", "1", "2"), c("A", "C", 
        "T", NA)), names = c("", ""))))
