Result <-
list(DEPDC2_SNP1 = structure(c(0, 0, 0, 0, 526, 0, 0, 0, 0), dim = c(3L, 
3L), dimnames = list(c("-1", "0", "1"), c("A", "C", "T"))), GM01_SNP1 = structure(c(0, 
0, 815, 0, 0, 1, 825, 0), dim = c(4L, 2L), dimnames = list(c("-2", 
"-1", "0", "1"), c("A", "G"))), GM07_SNP1 = structure(c(0, 8, 
560, 2, 0, 0, 0, 3, 506, 2, 0, 0, 0, 0, 0, 0, 0, 0), dim = c(6L, 
3L), dimnames = list(c("-2", "-1", "0", "1", "2", "3"), c("A", 
"G", "T"))), GM09_SNP1 = structure(c(2, 634, 1, 0, 570, 0), dim = 3:2, dimnames = list(
    c("-1", "0", "1"), c("A", "G"))), GM11_SNP1 = structure(c(0, 
355, 0, 1, 479, 0, 0, 1, 0), dim = c(3L, 3L), dimnames = list(
    c("-1", "0", "1"), c("A", "G", "T"))), GM14_SNP1 = structure(c(0, 
0, 0, 0, 0, 0, 0, 0, 0, 8, 1725, 2, 0, 0, 1, 0), dim = c(4L, 
4L), dimnames = list(c("-2", "-1", "0", "1"), c("-", "A", "C", 
"T"))), GM17_SNP1 = structure(c(0, 0, 0, 3, 1898, 0), dim = 3:2, dimnames = list(
    c("-1", "0", "1"), c("C", "T"))), GM22_SNP1 = structure(c(0, 
1, 2419, 0, 0, 0, 0, 0, 0, 0, 0, 0), dim = 4:3, dimnames = list(
    c("-2", "-1", "0", "1"), c("A", "G", "T"))), GM26_SNP1 = structure(c(0, 
327, 0, 0, 296, 0, 0, 0, 0), dim = c(3L, 3L), dimnames = list(
    c("-1", "0", "1"), c("A", "G", "T"))), GM29_SNP1 = structure(c(0, 
0, 440, 0, 0, 0, 486, 0, 0, 0, 0, 0), dim = 4:3, dimnames = list(
    c("-2", "-1", "0", "1"), c("A", "G", "T"))), IM16_SNP1 = structure(c(0, 
0, 509, 0, 0, 2, 523, 1, 0, 0, 0, 0), dim = 4:3, dimnames = list(
    c("-2", "-1", "0", "1"), c("A", "G", "T"))), IM49_SNP1 = structure(c(0, 
0, 268, 0, 0, 0, 0, 0), dim = c(4L, 2L), dimnames = list(c("-2", 
"-1", "0", "1"), c("C", "G"))), LR10_SNP1 = structure(c(0, 0, 
0, 2, 437, 0, 1, 472, 0), dim = c(3L, 3L), dimnames = list(c("-1", 
"0", "1"), c("A", "C", "T"))), LR11_SNP1 = structure(c(0, 0, 
1, 507, 0, 0, 0, 0, 385, 0, 0, 0, 0, 0, 0), dim = c(5L, 3L), dimnames = list(
    c("-3", "-2", "-1", "0", "1"), c("A", "C", "T"))), LR17_SNP1 = structure(c(0, 
0, 11, 1536, 1, 0, 0, 0, 0, 0), dim = c(5L, 2L), dimnames = list(
    c("-3", "-2", "-1", "0", "1"), c("A", "G"))), LR20_SNP1 = structure(c(1, 
355, 1, 0, 0, 0), dim = 3:2, dimnames = list(c("-1", "0", "1"
), c("A", "G"))), LR24_SNP1 = structure(c(0, 897, 0, 0, 0, 0), dim = 3:2, dimnames = list(
    c("-1", "0", "1"), c("A", "G"))), LR36_SNP1 = structure(c(0, 
1, 566, 0, 0, 0, 0, 0, 0, 3, 526, 2), dim = 4:3, dimnames = list(
    c("-2", "-1", "0", "1"), c("A", "G", "T"))), LR40_SNP1 = structure(c(0, 
0, 291, 0, 0, 0, 289, 0, 0, 0, 0, 0), dim = 4:3, dimnames = list(
    c("-2", "-1", "0", "1"), c("A", "C", "G"))), LR44_SNP1 = structure(c(0, 
0, 2, 108, 0, 0, 0, 5, 118, 0), dim = c(5L, 2L), dimnames = list(
    c("-3", "-2", "-1", "0", "1"), c("C", "T"))), LR46_SNP1 = structure(c(0, 
0, 0, 0, 0, 0, 0, 0, 0, 0, 847, 0, 1, 863, 2), dim = c(3L, 5L
), dimnames = list(c("-1", "0", "1"), c("-", "A", "C", "G", "T"
))), LR48_SNP1 = structure(c(0, 4, 1826, 1, 0, 0, 0, 0, 0, 0), dim = c(5L, 
2L), dimnames = list(c("-2", "-1", "0", "1", "2"), c("C", "T"
))), LR49_SNP1 = structure(c(0, 479, 0, 0, 480, 0, 0, 0, 0), dim = c(3L, 
3L), dimnames = list(c("-1", "0", "1"), c("A", "G", "T"))), LR52_SNP1 = structure(c(0, 
0, 0, 0, 0, 0, 0, 0, 0, 0, 37, 1081, 1, 0, 0, 0, 0, 0, 2, 0, 
0), dim = c(7L, 3L), dimnames = list(c("-4", "-3", "-2", "-1", 
"0", "1", "2"), c("A", "C", "T"))))
