Result <-
list(DEPDC2_SNP1 = structure(c(0, 1, 0, 0, 713, 1, 0, 1, 0), dim = c(3L, 
3L), dimnames = list(c("-1", "0", "1"), c("A", "C", "T"))), GM01_SNP1 = structure(c(0, 
7, 1630, 1, 0, 0, 0, 0, 0, 0, 0, 0, 0, 0, 0, 0, 0, 0, 0, 0), dim = 5:4, dimnames = list(
    c("-2", "-1", "0", "1", "2"), c("A", "C", "G", "T"))), GM07_SNP1 = structure(c(0, 
0, 0, 0, 0, 3, 162, 350, 2, 0, 1, 49, 460, 6, 0, 0, 0, 0, 0, 
0), dim = 5:4, dimnames = list(c("-2", "-1", "0", "1", "2"), 
    c("-", "A", "G", "T"))), GM09_SNP1 = structure(c(0, 0, 0, 
3, 1106, 0), dim = 3:2, dimnames = list(c("-1", "0", "1"), c("A", 
"G"))), GM11_SNP1 = structure(c(0, 2, 282, 139, 0, 0, 1, 456, 
0, 0, 0, 0, 1, 0, 0), dim = c(5L, 3L), dimnames = list(c("-3", 
"-1", "0", "1", "2"), c("A", "G", "T"))), GM14_SNP1 = structure(c(0, 
0, 0, 0, 0, 0, 0, 0, 0, 1, 0, 0, 0, 0, 8, 715, 1, 0, 0, 6, 26, 
636, 2, 0), dim = c(6L, 4L), dimnames = list(c("-3", "-2", "-1", 
"0", "1", "2"), c("-", "A", "C", "T"))), GM17_SNP1 = structure(c(0, 
0, 0, 0, 0, 5, 787, 0, 0, 0, 0, 0, 0, 2, 696, 0), dim = c(4L, 
4L), dimnames = list(c("-2", "-1", "0", "1"), c("A", "C", "G", 
"T"))), GM22_SNP1 = structure(c(0, 0, 10, 2039, 3, 0, 0, 0, 0, 
0, 0, 0, 0, 0, 0, 0, 0, 0), dim = c(6L, 3L), dimnames = list(
    c("-4", "-2", "-1", "0", "1", "2"), c("A", "G", "T"))), GM26_SNP1 = structure(c(0, 
14, 288, 0, 0, 2, 340, 0), dim = c(4L, 2L), dimnames = list(c("-2", 
"-1", "0", "1"), c("A", "G"))), GM29_SNP1 = structure(c(0, 1, 
463, 0, 0, 17, 378, 0, 0, 0, 0, 0), dim = 4:3, dimnames = list(
    c("-2", "-1", "0", "1"), c("A", "G", "T"))), IM16_SNP1 = structure(c(46, 
899, 2, 0, 2, 0), dim = 3:2, dimnames = list(c("-1", "0", "1"
), c("G", "T"))), IM49_SNP1 = structure(c(0, 23, 118, 0, 0, 8, 
120, 0), dim = c(4L, 2L), dimnames = list(c("-2", "-1", "0", 
"1"), c("C", "G"))), LR10_SNP1 = structure(c(0, 0, 0, 1, 0, 0, 
0, 2, 439, 1, 0, 0, 5, 463, 0), dim = c(5L, 3L), dimnames = list(
    c("-3", "-2", "-1", "0", "1"), c("A", "C", "T"))), LR11_SNP1 = structure(c(0, 
1, 5, 474, 0, 0, 0, 9, 383, 0, 0, 0, 0, 0, 0), dim = c(5L, 3L
), dimnames = list(c("-3", "-2", "-1", "0", "1"), c("A", "C", 
"T"))), LR17_SNP1 = structure(c(0, 0, 30, 1166, 3, 0, 0, 0, 0, 
0), dim = c(5L, 2L), dimnames = list(c("-3", "-2", "-1", "0", 
"1"), c("A", "G"))), LR20_SNP1 = structure(c(0, 0, 0, 0, 202, 
0, 1, 209, 1), dim = c(3L, 3L), dimnames = list(c("-1", "0", 
"1"), c("-", "A", "G"))), LR24_SNP1 = structure(c(0, 0, 15, 316, 
0, 0, 0, 15, 523, 0, 0, 0, 0, 0, 0), dim = c(5L, 3L), dimnames = list(
    c("-3", "-2", "-1", "0", "1"), c("A", "G", "T"))), LR36_SNP1 = structure(c(0, 
0, 9, 455, 2, 0, 0, 0, 0, 0, 0, 0, 0, 28, 198, 277, 0, 0), dim = c(6L, 
3L), dimnames = list(c("-3", "-2", "-1", "0", "1", "2"), c("A", 
"C", "T"))), LR40_SNP1 = structure(c(0, 0, 0, 0, 0, 7, 657, 0, 
0, 0, 0, 0), dim = 4:3, dimnames = list(c("-2", "-1", "0", "1"
), c("A", "C", "T"))), LR44_SNP1 = structure(c(0, 0, 0, 0, 0, 
3, 34, 426, 1, 0), dim = c(5L, 2L), dimnames = list(c("-2", "-1", 
"0", "1", "2"), c("C", "T"))), LR46_SNP1 = structure(c(0, 0, 
0, 0, 1, 0, 11, 773, 0, 1, 814, 0), dim = 3:4, dimnames = list(
    c("-1", "0", "1"), c("-", "A", "G", "T"))), LR48_SNP1 = structure(c(0, 
0, 0, 0, 0, 0, 0, 0, 52, 633, 1, 0, 0, 0, 28, 661, 1, 0), dim = c(6L, 
3L), dimnames = list(c("-3", "-2", "-1", "0", "1", "2"), c("A", 
"C", "T"))), LR49_SNP1 = structure(c(0, 528, 0, 2, 488, 0), dim = 3:2, dimnames = list(
    c("-1", "0", "1"), c("A", "G"))), LR52_SNP1 = structure(c(0, 
0, 0, 0, 0, 0, 1, 47, 434, 0, 0, 8, 36, 452, 4), dim = c(5L, 
3L), dimnames = list(c("-3", "-2", "-1", "0", "1"), c("A", "C", 
"T"))))
