Result <-
list(DEPDC2_SNP1 = structure(c(0, 0, 0, 0, 0, 0, 1, 604, 0), dim = c(3L, 
3L), dimnames = list(c("-1", "0", "1"), c("A", "C", "T"))), GM01_SNP1 = structure(c(0, 
1, 581, 0, 0, 0, 1, 597, 0, 0), dim = c(5L, 2L), dimnames = list(
    c("-2", "-1", "0", "1", "2"), c("A", "G"))), GM07_SNP1 = structure(c(0, 
0, 0, 0, 0, 1, 129, 233, 0, 0, 0, 0, 0, 0, 0, 2, 128, 277, 0, 
0, 0, 0, 0, 0, 0), dim = c(5L, 5L), dimnames = list(c("-2", "-1", 
"0", "1", "2"), c("-", "A", "C", "G", "T"))), GM09_SNP1 = structure(c(0, 
168, 284, 0, 0, 0, 387, 0, 0, 0, 0, 0), dim = 4:3, dimnames = list(
    c("-2", "-1", "0", "1"), c("A", "G", "T"))), GM11_SNP1 = structure(c(0, 
107, 246, 0, 0, 107, 244, 0, 0, 1, 0, 0), dim = 4:3, dimnames = list(
    c("-2", "-1", "0", "1"), c("A", "G", "T"))), GM14_SNP1 = structure(c(1, 
165, 322, 0, 0, 1, 518, 0), dim = c(4L, 2L), dimnames = list(
    c("-2", "-1", "0", "1"), c("C", "T"))), GM17_SNP1 = structure(c(0, 
0, 0, 1, 0, 0, 0, 2, 1122, 0), dim = c(5L, 2L), dimnames = list(
    c("-3", "-2", "-1", "0", "1"), c("C", "T"))), GM22_SNP1 = structure(c(0, 
0, 0, 0, 0, 0, 3, 1715, 3, 0, 0, 0, 0, 0, 0, 0, 0, 0, 0, 0), dim = 5:4, dimnames = list(
    c("-2", "-1", "0", "1", "2"), c("-", "A", "G", "T"))), GM26_SNP1 = structure(c(0, 
0, 240, 0, 0, 0, 237, 0, 0, 0, 0, 0), dim = 4:3, dimnames = list(
    c("-2", "-1", "0", "1"), c("A", "G", "T"))), GM29_SNP1 = structure(c(0, 
0, 322, 0, 0, 0, 1, 317, 0, 0), dim = c(5L, 2L), dimnames = list(
    c("-2", "-1", "0", "1", "2"), c("A", "G"))), IM16_SNP1 = structure(c(0, 
247, 110, 1, 2, 356, 1, 0, 0, 0, 0, 0), dim = 4:3, dimnames = list(
    c("-1", "0", "1", "2"), c("A", "G", "T"))), IM49_SNP1 = structure(c(0, 
0, 0, 0, 0, 4, 104, 1, 2, 42, 62, 1), dim = 4:3, dimnames = list(
    c("-2", "-1", "0", "1"), c("A", "C", "G"))), LR10_SNP1 = structure(c(0, 
0, 0, 3, 715, 0), dim = 3:2, dimnames = list(c("-1", "0", "1"
), c("C", "T"))), LR11_SNP1 = structure(c(0, 0, 0, 2, 555, 1, 
0, 0, 0), dim = c(3L, 3L), dimnames = list(c("-1", "0", "1"), 
    c("A", "C", "G"))), LR17_SNP1 = structure(c(0, 4, 688, 0, 
0, 0, 0, 0), dim = c(4L, 2L), dimnames = list(c("-2", "-1", "0", 
"1"), c("A", "G"))), LR20_SNP1 = structure(c(0, 268, 0, 0, 0, 
0), dim = 3:2, dimnames = list(c("-1", "0", "1"), c("A", "G"))), 
    LR24_SNP1 = structure(c(103, 469), dim = 2:1, dimnames = list(
        c("-1", "0"), "A")), LR36_SNP1 = structure(c(0, 117, 
    102, 470, 0, 0, 0, 0, 0, 0), dim = c(5L, 2L), dimnames = list(
        c("-3", "-2", "-1", "0", "1"), c("A", "T"))), LR40_SNP1 = structure(c(0, 
    0, 0, 1, 489, 0), dim = 3:2, dimnames = list(c("-1", "0", 
    "1"), c("A", "C"))), LR44_SNP1 = structure(c(6, 56, 143, 
    0, 1, 67, 140, 0), dim = c(4L, 2L), dimnames = list(c("-2", 
    "-1", "0", "1"), c("C", "T"))), LR46_SNP1 = structure(c(0, 
    0, 0, 0, 0, 0, 0, 0, 240, 6, 1101, 0), dim = 4:3, dimnames = list(
        c("-2", "-1", "0", "1"), c("C", "G", "T"))), LR48_SNP1 = structure(c(0, 
    0, 0, 0, 0, 0, 0, 0, 0, 0, 0, 0, 0, 0, 185, 900, 3, 0), dim = c(6L, 
    3L), dimnames = list(c("-3", "-2", "-1", "0", "1", "2"), 
        c("A", "C", "T"))), LR49_SNP1 = structure(c(0, 0, 0, 
    2, 710, 0), dim = 3:2, dimnames = list(c("-1", "0", "1"), 
        c("A", "G"))), LR52_SNP1 = structure(c(0, 0, 0, 0, 0, 
    0, 0, 3, 100, 176, 509, 1), dim = c(6L, 2L), dimnames = list(
        c("-4", "-3", "-2", "-1", "0", "1"), c("C", "T"))))
