Result <-
list(DEPDC2_SNP1 = structure(c(0, 0, 0, 0, 0, 0, 0, 0, 0, 0, 
445, 0), dim = 4:3, dimnames = list(c("-2", "-1", "0", "1"), 
    c("A", "C", "T"))), GM01_SNP1 = structure(c(2, 1099, 0, 0, 
0, 0, 0, 0), dim = c(4L, 2L), dimnames = list(c("-1", "0", "1", 
"2"), c("A", "G"))), GM07_SNP1 = structure(c(0, 0, 0, 0, 0, 3, 
609, 4, 0, 0, 0, 0), dim = 4:3, dimnames = list(c("-2", "-1", 
"0", "1"), c("A", "G", "T"))), GM09_SNP1 = structure(c(0, 317, 
0, 1, 294, 0, 0, 0, 0), dim = c(3L, 3L), dimnames = list(c("-1", 
"0", "1"), c("A", "G", "T"))), GM11_SNP1 = structure(c(0, 0, 
536, 0, 0, 0, 0, 0, 0, 0, 0, 0), dim = 4:3, dimnames = list(c("-2", 
"-1", "0", "1"), c("A", "G", "T"))), GM14_SNP1 = structure(c(0, 
0, 0, 0, 0, 0, 0, 0, 0, 0, 0, 0, 1, 808, 0), dim = c(5L, 3L), dimnames = list(
    c("-3", "-2", "-1", "0", "1"), c("A", "C", "T"))), GM17_SNP1 = structure(c(0, 
0, 0, 0, 0, 0, 435, 0, 0, 0, 432, 0), dim = 4:3, dimnames = list(
    c("-2", "-1", "0", "1"), c("A", "C", "T"))), GM22_SNP1 = structure(c(0, 
1, 1295, 0, 0, 0, 0, 0, 0, 0, 0, 0), dim = 4:3, dimnames = list(
    c("-2", "-1", "0", "1"), c("A", "G", "T"))), GM26_SNP1 = structure(c(0, 
188, 0, 0, 148, 0), dim = 3:2, dimnames = list(c("-1", "0", "1"
), c("A", "G"))), GM29_SNP1 = structure(c(0, 0, 548, 0, 0, 0, 
0, 0), dim = c(4L, 2L), dimnames = list(c("-2", "-1", "0", "1"
), c("A", "G"))), IM16_SNP1 = structure(c(0, 0, 0, 0, 0, 556, 
1, 0, 0, 1, 0, 0), dim = 4:3, dimnames = list(c("-1", "0", "1", 
"2"), c("A", "G", "T"))), IM49_SNP1 = structure(c(0, 0, 85, 0, 
0, 0, 0, 79, 0, 0), dim = c(5L, 2L), dimnames = list(c("-2", 
"-1", "0", "1", "2"), c("C", "G"))), LR10_SNP1 = structure(c(0, 
0, 1, 0, 0, 1, 535, 0, 0, 0, 0, 0, 0, 0, 0, 0), dim = c(4L, 4L
), dimnames = list(c("-2", "-1", "0", "1"), c("A", "C", "G", 
"T"))), LR11_SNP1 = structure(c(0, 0, 503, 0, 0, 0, 0, 0, 0, 
0, 0, 0, 0, 0, 0), dim = c(5L, 3L), dimnames = list(c("-2", "-1", 
"0", "1", "2"), c("A", "C", "G"))), LR17_SNP1 = structure(c(0, 
0, 484, 1, 0, 0, 0, 0), dim = c(4L, 2L), dimnames = list(c("-2", 
"-1", "0", "1"), c("A", "G"))), LR20_SNP1 = structure(c(0, 0, 
255, 0), dim = c(4L, 1L), dimnames = list(c("-2", "-1", "0", 
"1"), "G")), LR24_SNP1 = structure(c(0, 0, 194, 0, 0, 0, 179, 
0), dim = c(4L, 2L), dimnames = list(c("-3", "-1", "0", "1"), 
    c("A", "G"))), LR36_SNP1 = structure(c(0, 0, 0, 585, 0, 0, 
0, 0, 0, 0, 0, 0, 0, 0, 0), dim = c(5L, 3L), dimnames = list(
    c("-4", "-2", "-1", "0", "1"), c("A", "G", "T"))), LR40_SNP1 = structure(c(0, 
0, 0, 0, 0, 379, 0, 0, 0, 0, 0, 0), dim = 4:3, dimnames = list(
    c("-1", "0", "1", "2"), c("A", "C", "T"))), LR44_SNP1 = structure(c(0, 
4, 301, 1, 0, 0, 0, 0), dim = c(4L, 2L), dimnames = list(c("-2", 
"-1", "0", "1"), c("C", "T"))), LR46_SNP1 = structure(c(0, 0, 
0, 0, 0, 0, 2, 0, 0, 0, 1047, 0), dim = 4:3, dimnames = list(
    c("-2", "-1", "0", "1"), c("-", "G", "T"))), LR48_SNP1 = structure(c(0, 
0, 0, 0, 0, 3, 847, 1, 0, 0, 0, 0), dim = 4:3, dimnames = list(
    c("-2", "-1", "0", "1"), c("A", "C", "T"))), LR49_SNP1 = structure(c(0, 
0, 0, 0, 0, 0, 0, 507, 0), dim = c(3L, 3L), dimnames = list(c("-1", 
"0", "1"), c("A", "C", "G"))), LR52_SNP1 = structure(c(0, 0, 
0, 0, 0, 0, 0, 8, 605, 1), dim = c(5L, 2L), dimnames = list(c("-3", 
"-2", "-1", "0", "1"), c("C", "T"))))
