Result <-
list(DEPDC2_SNP1 = structure(c(0, 0, 0, 43, 117, 0), dim = 3:2, dimnames = list(
    c("-1", "0", "1"), c("C", "T"))), GM01_SNP1 = structure(c(0, 
7, 324, 108, 1, 0, 0, 0, 0, 0, 0, 0, 0, 0, 0, 0, 0, 0), dim = c(6L, 
3L), dimnames = list(c("-2", "-1", "0", "1", "2", "3"), c("A", 
"G", "T"))), GM07_SNP1 = structure(c(0, 0, 0, 0, 0, 57, 56, 0, 
0, 4, 111, 1), dim = 4:3, dimnames = list(c("-2", "-1", "0", 
"1"), c("-", "A", "G"))), GM09_SNP1 = structure(c(0, 117, 0, 
1, 130, 0), dim = 3:2, dimnames = list(c("-1", "0", "1"), c("A", 
"G"))), GM11_SNP1 = structure(c(1, 99, 0, 0, 3, 121, 0, 0, 0, 
0, 0, 0), dim = 4:3, dimnames = list(c("-1", "0", "1", "2"), 
    c("A", "G", "T"))), GM14_SNP1 = structure(c(0, 0, 0, 0, 0, 
0, 44, 332, 1, 0, 0, 0, 0, 0, 0), dim = c(5L, 3L), dimnames = list(
    c("-2", "-1", "0", "1", "2"), c("A", "C", "T"))), GM17_SNP1 = structure(c(0, 
0, 0, 0, 0, 0, 0, 0, 0, 10, 403, 2), dim = 4:3, dimnames = list(
    c("-2", "-1", "0", "1"), c("A", "C", "T"))), GM22_SNP1 = structure(c(0, 
0, 0, 320, 0, 0, 0, 0, 0, 0, 0, 0, 145, 118, 0, 0, 0, 0, 0, 0
), dim = 5:4, dimnames = list(c("-3", "-2", "-1", "0", "1"), 
    c("A", "C", "G", "T"))), GM26_SNP1 = structure(c(1, 131, 
0, 0, 0, 0), dim = 3:2, dimnames = list(c("-1", "0", "1"), c("A", 
"G"))), GM29_SNP1 = structure(c(0, 0, 0, 0, 0, 0, 0, 0, 63, 191, 
0, 0), dim = c(6L, 2L), dimnames = list(c("-3", "-2", "-1", "0", 
"1", "2"), c("A", "G"))), IM16_SNP1 = structure(c(0, 0, 0, 0, 
239, 0), dim = 3:2, dimnames = list(c("-1", "0", "1"), c("A", 
"G"))), IM49_SNP1 = structure(c(0, 0, 0, 0, 0, 0, 20, 57, 0, 
0, 0, 0, 0, 0, 0), dim = c(5L, 3L), dimnames = list(c("-2", "-1", 
"0", "1", "2"), c("C", "G", "T"))), LR10_SNP1 = structure(c(1, 
199, 0, 0, 0, 0), dim = 3:2, dimnames = list(c("-1", "0", "1"
), c("C", "T"))), LR11_SNP1 = structure(c(0, 5, 182, 0, 0, 0, 
0, 0), dim = c(4L, 2L), dimnames = list(c("-2", "-1", "0", "1"
), c("A", "C"))), LR17_SNP1 = structure(c(0, 41, 116, 0, 0), dim = c(5L, 
1L), dimnames = list(c("-2", "-1", "0", "1", "2"), "A")), LR20_SNP1 = structure(c(0, 
99, 0, 0), dim = c(2L, 2L), dimnames = list(c("-1", "0"), c("A", 
"G"))), LR24_SNP1 = structure(c(0, 0, 0, 9, 334, 0), dim = 3:2, dimnames = list(
    c("-1", "0", "1"), c("A", "G"))), LR36_SNP1 = structure(c(0, 
0, 1, 147, 0, 0, 0, 0, 0, 0, 0, 0, 0, 0, 3, 138, 0, 0), dim = c(6L, 
3L), dimnames = list(c("-3", "-2", "-1", "0", "1", "2"), c("A", 
"G", "T"))), LR40_SNP1 = structure(c(0, 0, 0, 1, 136, 0), dim = 3:2, dimnames = list(
    c("-1", "0", "1"), c("A", "C"))), LR44_SNP1 = structure(c(0, 
0, 4, 83, 0, 0, 2, 32, 31, 0), dim = c(5L, 2L), dimnames = list(
    c("-3", "-2", "-1", "0", "1"), c("C", "T"))), LR46_SNP1 = structure(c(0, 
226, 2, 1, 223, 0), dim = 3:2, dimnames = list(c("-1", "0", "1"
), c("G", "T"))), LR48_SNP1 = structure(c(0, 0, 0, 0, 0, 0, 0, 
0, 0, 0, 0, 1, 205, 144, 0), dim = c(5L, 3L), dimnames = list(
    c("-3", "-2", "-1", "0", "1"), c("A", "C", "T"))), LR49_SNP1 = structure(c(0, 
0, 0, 1, 191, 0, 0, 0, 0), dim = c(3L, 3L), dimnames = list(c("-1", 
"0", "1"), c("A", "G", "T"))), LR52_SNP1 = structure(c(0, 0, 
3, 7, 235, 3, 0, 0, 0, 0, 0, 0, 0, 0), dim = c(7L, 2L), dimnames = list(
    c("-4", "-3", "-2", "-1", "0", "1", "2"), c("C", "T"))))
