Result <-
list(DEPDC2_SNP1 = structure(c(0, 0, 0, 0, 587, 0, 0, 0, 0), dim = c(3L, 
3L), dimnames = list(c("-1", "0", "1"), c("A", "C", "T"))), GM01_SNP1 = structure(c(0, 
0, 0, 0, 1, 59, 1152, 1, 0, 0, 0, 0, 0, 0, 0, 0), dim = c(4L, 
4L), dimnames = list(c("-2", "-1", "0", "1"), c("-", "A", "C", 
"G"))), GM07_SNP1 = structure(c(0, 0, 0, 0, 0, 1, 24, 327, 1, 
0, 1, 15, 366, 0, 0), dim = c(5L, 3L), dimnames = list(c("-2", 
"-1", "0", "1", "2"), c("-", "A", "G"))), GM09_SNP1 = structure(c(1, 
884, 1, 0, 0, 0, 0, 0, 0), dim = c(3L, 3L), dimnames = list(c("-1", 
"0", "1"), c("A", "G", "T"))), GM11_SNP1 = structure(c(4, 648, 
4, 0, 0, 0), dim = 3:2, dimnames = list(c("-1", "0", "1"), c("A", 
"G"))), GM14_SNP1 = structure(c(0, 4, 508, 2, 0, 0, 0, 0, 0, 
43, 456, 0), dim = 4:3, dimnames = list(c("-2", "-1", "0", "1"
), c("C", "G", "T"))), GM17_SNP1 = structure(c(0, 21, 515, 0, 
0, 0, 577, 0), dim = c(4L, 2L), dimnames = list(c("-2", "-1", 
"0", "1"), c("C", "T"))), GM22_SNP1 = structure(c(0, 9, 853, 
1, 0, 1, 707, 0), dim = c(4L, 2L), dimnames = list(c("-2", "-1", 
"0", "1"), c("A", "G"))), GM26_SNP1 = structure(c(0, 1, 235, 
0, 0, 1, 211, 0), dim = c(4L, 2L), dimnames = list(c("-2", "-1", 
"0", "1"), c("A", "G"))), GM29_SNP1 = structure(c(0, 2, 665, 
0, 0, 0, 0, 0), dim = c(4L, 2L), dimnames = list(c("-2", "-1", 
"0", "1"), c("A", "G"))), IM16_SNP1 = structure(c(0, 0, 0, 0, 
26, 702, 2, 0, 0, 0, 0, 0), dim = 4:3, dimnames = list(c("-1", 
"0", "1", "2"), c("A", "G", "T"))), IM49_SNP1 = structure(c(0, 
20, 179, 0), dim = c(4L, 1L), dimnames = list(c("-2", "-1", "0", 
"1"), "G")), LR10_SNP1 = structure(c(0, 11, 319, 1, 0, 0, 0, 
0, 0, 2, 356, 0), dim = 4:3, dimnames = list(c("-2", "-1", "0", 
"1"), c("C", "G", "T"))), LR11_SNP1 = structure(c(0, 5, 29, 654, 
1, 0, 0, 0, 0, 0), dim = c(5L, 2L), dimnames = list(c("-4", "-2", 
"-1", "0", "1"), c("A", "C"))), LR17_SNP1 = structure(c(0, 9, 
864, 3, 0, 0, 0, 0, 0, 0), dim = c(5L, 2L), dimnames = list(c("-2", 
"-1", "0", "1", "2"), c("A", "G"))), LR20_SNP1 = structure(c(0, 
133, 0, 0, 153, 0), dim = 3:2, dimnames = list(c("-1", "0", "1"
), c("A", "G"))), LR24_SNP1 = structure(c(0, 0, 0, 0, 0, 0, 1, 
0, 0, 9, 473, 2, 0, 0, 0, 0), dim = c(4L, 4L), dimnames = list(
    c("-2", "-1", "0", "1"), c("-", "A", "G", "T"))), LR36_SNP1 = structure(c(0, 
0, 0, 7, 350, 0, 0, 0, 0, 0, 0, 0, 0, 0, 0, 0, 0, 1, 331, 0, 
0), dim = c(7L, 3L), dimnames = list(c("-4", "-3", "-2", "-1", 
"0", "1", "3"), c("A", "G", "T"))), LR40_SNP1 = structure(c(2, 
231, 2, 0, 213, 0), dim = 3:2, dimnames = list(c("-1", "0", "1"
), c("A", "C"))), LR44_SNP1 = structure(c(1, 12, 131, 0, 0, 7, 
11, 145, 0, 0), dim = c(5L, 2L), dimnames = list(c("-2", "-1", 
"0", "1", "2"), c("C", "T"))), LR46_SNP1 = structure(c(0, 1, 
0, 59, 1188, 1), dim = 3:2, dimnames = list(c("-1", "0", "1"), 
    c("G", "T"))), LR48_SNP1 = structure(c(0, 59, 1095, 0, 0, 
0, 0, 1, 0, 0), dim = c(5L, 2L), dimnames = list(c("-2", "-1", 
"0", "1", "2"), c("C", "T"))), LR49_SNP1 = structure(c(0, 0, 
0, 7, 695, 0), dim = 3:2, dimnames = list(c("-1", "0", "1"), 
    c("A", "G"))), LR52_SNP1 = structure(c(0, 0, 0, 0, 0, 0, 
0, 1, 17, 371, 1, 0, 0, 5, 29, 356, 10, 0), dim = c(6L, 3L), dimnames = list(
    c("-3", "-2", "-1", "0", "1", "2"), c("A", "C", "T"))))
