Result <-
list(DEPDC2_SNP1 = structure(c(0, 0, 0, 0, 333, 0, 0, 0, 0), dim = c(3L, 
3L), dimnames = list(c("-1", "0", "1"), c("A", "C", "T"))), GM01_SNP1 = structure(c(0, 
0, 0, 0, 1, 835, 0, 0, 0, 0, 0, 0, 0, 0, 0, 0), dim = c(4L, 4L
), dimnames = list(c("-1", "0", "1", "2"), c("-", "A", "G", "T"
))), GM07_SNP1 = structure(c(0, 0, 0, 0, 0, 10, 380, 99, 0, 0, 
0, 0, 0, 0, 0, 0, 0, 0, 0, 0), dim = 5:4, dimnames = list(c("-2", 
"-1", "0", "1", "2"), c("-", "A", "G", "T"))), GM09_SNP1 = structure(c(2, 
257, 1, 1, 224, 0, 0, 0, 0), dim = c(3L, 3L), dimnames = list(
    c("-1", "0", "1"), c("A", "G", "T"))), GM11_SNP1 = structure(c(0, 
11, 423, 1, 0, 0, 0, 0), dim = c(4L, 2L), dimnames = list(c("-2", 
"-1", "0", "1"), c("A", "G"))), GM14_SNP1 = structure(c(0, 4, 
330, 0, 0, 0, 3, 316, 0, 0), dim = c(5L, 2L), dimnames = list(
    c("-2", "-1", "0", "1", "2"), c("C", "T"))), GM17_SNP1 = structure(c(0, 
0, 0, 0, 0, 0, 0, 6, 731, 2, 0, 0, 0, 0, 0), dim = c(5L, 3L), dimnames = list(
    c("-3", "-2", "-1", "0", "1"), c("A", "C", "T"))), GM22_SNP1 = structure(c(0, 
0, 0, 0, 0, 0, 0, 5, 1161, 0, 0, 0, 0, 0, 0, 0, 0, 0, 0, 0), dim = 5:4, dimnames = list(
    c("-3", "-2", "-1", "0", "1"), c("-", "A", "G", "T"))), GM26_SNP1 = structure(c(0, 
131, 123, 0, 0, 0, 0, 0), dim = c(4L, 2L), dimnames = list(c("-2", 
"-1", "0", "1"), c("A", "G"))), GM29_SNP1 = structure(c(0, 2, 
212, 0, 0, 179, 40, 0), dim = c(4L, 2L), dimnames = list(c("-2", 
"-1", "0", "1"), c("A", "G"))), IM16_SNP1 = structure(c(0, 210, 
59, 0, 0, 0, 0, 0, 0, 1, 238, 0), dim = 4:3, dimnames = list(
    c("-2", "-1", "0", "1"), c("A", "C", "G"))), IM49_SNP1 = structure(c(4, 
150, 0), dim = c(3L, 1L), dimnames = list(c("-1", "0", "1"), 
    "G")), LR10_SNP1 = structure(c(0, 0, 0, 0, 0, 0, 0, 0, 0, 
0, 0, 0, 0, 1, 464, 0), dim = c(4L, 4L), dimnames = list(c("-2", 
"-1", "0", "1"), c("A", "C", "G", "T"))), LR11_SNP1 = structure(c(0, 
0, 0, 0, 0, 0, 2, 196, 0, 0, 1, 7, 172, 0, 0, 0, 0, 0, 0, 0), dim = 5:4, dimnames = list(
    c("-2", "-1", "0", "1", "2"), c("-", "A", "C", "T"))), LR17_SNP1 = structure(c(0, 
6, 346, 0, 0, 0, 0, 0, 0, 0), dim = c(5L, 2L), dimnames = list(
    c("-2", "-1", "0", "1", "2"), c("A", "G"))), LR20_SNP1 = structure(c(0, 
0, 0, 1, 197, 0), dim = 3:2, dimnames = list(c("-1", "0", "1"
), c("-", "A"))), LR24_SNP1 = structure(c(6, 355, 0, 0, 0, 0), dim = 3:2, dimnames = list(
    c("-1", "0", "1"), c("A", "G"))), LR36_SNP1 = structure(c(0, 
0, 0, 0, 0, 0, 0, 0, 0, 0, 0, 1, 11, 506, 2), dim = c(5L, 3L), dimnames = list(
    c("-3", "-2", "-1", "0", "1"), c("A", "G", "T"))), LR40_SNP1 = structure(c(2, 
249, 1, 0, 0, 0), dim = 3:2, dimnames = list(c("-1", "0", "1"
), c("A", "C"))), LR44_SNP1 = structure(c(0, 0, 0, 0, 0, 0, 3, 
116, 115, 0, 0, 0, 0, 0, 1), dim = c(5L, 3L), dimnames = list(
    c("-3", "-2", "-1", "0", "1"), c("A", "C", "T"))), LR46_SNP1 = structure(c(0, 
0, 0, 0, 0, 0, 0, 0, 0, 5, 772, 0), dim = 3:4, dimnames = list(
    c("-1", "0", "1"), c("A", "C", "G", "T"))), LR48_SNP1 = structure(c(0, 
0, 0, 0, 0, 2, 292, 350, 1, 0, 0, 0, 0, 0, 0), dim = c(5L, 3L
), dimnames = list(c("-2", "-1", "0", "1", "2"), c("A", "C", 
"T"))), LR49_SNP1 = structure(c(136, 193, 1, 0, 0, 0, 0, 0, 0
), dim = c(3L, 3L), dimnames = list(c("-1", "0", "1"), c("A", 
"G", "T"))), LR52_SNP1 = structure(c(0, 0, 0, 0, 0, 0, 0, 0, 
0, 0, 15, 293, 172, 1), dim = c(7L, 2L), dimnames = list(c("-5", 
"-4", "-3", "-2", "-1", "0", "1"), c("C", "T"))))
