Result <-
list(DEPDC2_SNP1 = structure(c(0, 1, 0, 2, 559, 1, 0, 0, 0), dim = c(3L, 
3L), dimnames = list(c("-1", "0", "1"), c("A", "C", "T"))), GM01_SNP1 = structure(c(0, 
9, 1292, 0, 0, 0, 0, 0, 0, 0, 0, 0, 0, 0, 0), dim = c(5L, 3L), dimnames = list(
    c("-2", "-1", "0", "1", "2"), c("A", "G", "T"))), GM07_SNP1 = structure(c(0, 
0, 0, 0, 0, 0, 33, 384, 1, 0, 1, 253, 134, 0, 0, 0, 0, 0, 0, 
0), dim = 5:4, dimnames = list(c("-2", "-1", "0", "1", "2"), 
    c("-", "A", "G", "T"))), GM09_SNP1 = structure(c(0, 0, 0, 
0, 759, 0, 0, 0, 0), dim = c(3L, 3L), dimnames = list(c("-1", 
"0", "1"), c("A", "G", "T"))), GM11_SNP1 = structure(c(0, 2, 
633, 3, 0, 0, 0, 0, 0, 0, 0, 0), dim = 4:3, dimnames = list(c("-2", 
"-1", "0", "1"), c("A", "G", "T"))), GM14_SNP1 = structure(c(0, 
0, 0, 1, 0, 0, 0, 0, 9, 504, 2, 0, 0, 0, 5, 510, 0, 0), dim = c(6L, 
3L), dimnames = list(c("-3", "-2", "-1", "0", "1", "2"), c("A", 
"C", "T"))), GM17_SNP1 = structure(c(0, 1, 185, 322, 3, 0, 4, 
542, 0, 0), dim = c(5L, 2L), dimnames = list(c("-2", "-1", "0", 
"1", "2"), c("C", "T"))), GM22_SNP1 = structure(c(0, 13, 1675, 
2, 0, 0, 0, 0, 0, 0, 0, 0), dim = 4:3, dimnames = list(c("-2", 
"-1", "0", "1"), c("A", "G", "T"))), GM26_SNP1 = structure(c(0, 
441, 0, 0, 0, 0), dim = 3:2, dimnames = list(c("-1", "0", "1"
), c("A", "G"))), GM29_SNP1 = structure(c(0, 1, 13, 623, 0, 0, 
0, 0, 0, 0), dim = c(5L, 2L), dimnames = list(c("-3", "-2", "-1", 
"0", "1"), c("A", "G"))), IM16_SNP1 = structure(c(0, 0, 0, 0, 
0, 0, 4, 758, 1, 0, 0, 0), dim = 3:4, dimnames = list(c("-1", 
"0", "1"), c("A", "C", "G", "T"))), IM49_SNP1 = structure(c(0, 
0, 0, 0, 0, 6, 167, 1), dim = c(4L, 2L), dimnames = list(c("-2", 
"-1", "0", "1"), c("C", "G"))), LR10_SNP1 = structure(c(0, 1, 
353, 2, 0, 0, 346, 0), dim = c(4L, 2L), dimnames = list(c("-2", 
"-1", "0", "1"), c("C", "T"))), LR11_SNP1 = structure(c(0, 11, 
323, 0, 0, 7, 245, 0), dim = c(4L, 2L), dimnames = list(c("-2", 
"-1", "0", "1"), c("A", "C"))), LR17_SNP1 = structure(c(0, 0, 
24, 827, 1, 0), dim = c(6L, 1L), dimnames = list(c("-3", "-2", 
"-1", "0", "1", "2"), "A")), LR20_SNP1 = structure(c(0, 154, 
0, 0, 129, 0), dim = 3:2, dimnames = list(c("-1", "0", "1"), 
    c("A", "G"))), LR24_SNP1 = structure(c(0, 10, 199, 0, 0, 
7, 593, 1), dim = c(4L, 2L), dimnames = list(c("-3", "-1", "0", 
"1"), c("A", "G"))), LR36_SNP1 = structure(c(0, 0, 0, 0, 0, 0, 
6, 193, 102, 0, 0, 0, 0, 0, 0, 0, 0, 8, 356, 0), dim = 5:4, dimnames = list(
    c("-3", "-2", "-1", "0", "1"), c("-", "A", "C", "T"))), LR40_SNP1 = structure(c(0, 
0, 0, 2, 455, 1), dim = 3:2, dimnames = list(c("-1", "0", "1"
), c("A", "C"))), LR44_SNP1 = structure(c(0, 0, 0, 1, 0, 0, 1, 
18, 252, 1, 0, 2, 111, 48, 0), dim = c(5L, 3L), dimnames = list(
    c("-4", "-2", "-1", "0", "1"), c("A", "C", "T"))), LR46_SNP1 = structure(c(0, 
405, 868, 2, 0, 0, 0, 0), dim = c(4L, 2L), dimnames = list(c("-2", 
"-1", "0", "1"), c("G", "T"))), LR48_SNP1 = structure(c(0, 3, 
350, 207, 0, 0, 0, 1, 31, 505, 1, 0), dim = c(6L, 2L), dimnames = list(
    c("-3", "-2", "-1", "0", "1", "2"), c("C", "T"))), LR49_SNP1 = structure(c(2, 
352, 0, 0, 0, 0, 1, 326, 0), dim = c(3L, 3L), dimnames = list(
    c("-1", "0", "1"), c("A", "C", "G"))), LR52_SNP1 = structure(c(0, 
0, 0, 0, 0, 0, 0, 0, 16, 238, 178, 0, 0, 0, 36, 236, 129, 2), dim = c(6L, 
3L), dimnames = list(c("-4", "-3", "-2", "-1", "0", "1"), c("-", 
"C", "T"))))
