Result <-
list(DEPDC2_SNP1 = structure(c(2, 244, 1, 0, 0, 0), dim = 3:2, dimnames = list(
    c("-1", "0", "1"), c("C", "T"))), GM01_SNP1 = structure(c(0, 
5, 625, 0, 0, 0, 0, 0, 0, 0, 0, 0), dim = 4:3, dimnames = list(
    c("-2", "-1", "0", "1"), c("A", "C", "G"))), GM07_SNP1 = structure(c(23, 
117, 223, 1, 0, 0, 0, 0, 0, 0, 0, 0, 0, 0, 0, 0, 0, 0, 0, 0), dim = 5:4, dimnames = list(
    c("-2", "-1", "0", "1", "2"), c("A", "C", "G", "T"))), GM09_SNP1 = structure(c(0, 
0, 0, 0, 0, 0, 16, 345, 0), dim = c(3L, 3L), dimnames = list(
    c("-1", "0", "1"), c("A", "C", "G"))), GM11_SNP1 = structure(c(0, 
3, 116, 0, 0, 1, 157, 2, 0, 0, 0, 0), dim = 4:3, dimnames = list(
    c("-2", "-1", "0", "1"), c("A", "G", "T"))), GM14_SNP1 = structure(c(0, 
0, 0, 0, 0, 18, 509, 1), dim = c(4L, 2L), dimnames = list(c("-2", 
"-1", "0", "1"), c("C", "T"))), GM17_SNP1 = structure(c(0, 0, 
0, 26, 233, 0, 1, 268, 0), dim = c(3L, 3L), dimnames = list(c("-1", 
"0", "1"), c("A", "C", "T"))), GM22_SNP1 = structure(c(1, 52, 
773, 0, 0, 0, 0, 0, 0, 0), dim = c(5L, 2L), dimnames = list(c("-2", 
"-1", "0", "1", "2"), c("A", "G"))), GM26_SNP1 = structure(c(0, 
0, 25, 75, 0, 0, 0, 2, 112, 0), dim = c(5L, 2L), dimnames = list(
    c("-3", "-2", "-1", "0", "1"), c("A", "G"))), GM29_SNP1 = structure(c(0, 
9, 129, 0, 0, 48, 15, 62, 0, 0), dim = c(5L, 2L), dimnames = list(
    c("-2", "-1", "0", "1", "2"), c("A", "G"))), IM16_SNP1 = structure(c(7, 
160, 0, 0, 1, 159, 10, 0, 0, 0, 0, 0), dim = 4:3, dimnames = list(
    c("-1", "0", "1", "2"), c("A", "G", "T"))), IM49_SNP1 = structure(c(0, 
19, 73, 1, 0, 0, 0, 0), dim = c(4L, 2L), dimnames = list(c("-2", 
"-1", "0", "1"), c("C", "G"))), LR10_SNP1 = structure(c(3, 305, 
1), dim = c(3L, 1L), dimnames = list(c("-1", "0", "1"), "T")), 
    LR11_SNP1 = structure(c(0, 27, 126, 0, 0, 5, 126, 1, 0, 0, 
    0, 0), dim = 4:3, dimnames = list(c("-2", "-1", "0", "1"), 
        c("A", "C", "T"))), LR17_SNP1 = structure(c(0, 3, 26, 
    278, 1, 0, 0, 0, 0, 0), dim = c(5L, 2L), dimnames = list(
        c("-4", "-2", "-1", "0", "1"), c("A", "G"))), LR20_SNP1 = structure(c(26, 
    40, 0, 1, 71, 0), dim = 3:2, dimnames = list(c("-1", "0", 
    "1"), c("A", "G"))), LR24_SNP1 = structure(c(1, 118, 0, 0, 
    0, 0, 55, 129, 0), dim = c(3L, 3L), dimnames = list(c("-1", 
    "0", "1"), c("A", "C", "G"))), LR36_SNP1 = structure(c(0, 
    8, 58, 86, 0, 0, 1, 61, 107, 0), dim = c(5L, 2L), dimnames = list(
        c("-3", "-2", "-1", "0", "1"), c("A", "T"))), LR40_SNP1 = structure(c(36, 
    162, 0), dim = c(3L, 1L), dimnames = list(c("-1", "0", "1"
    ), "C")), LR44_SNP1 = structure(c(0, 0, 0, 1, 0, 1, 9, 59, 
    129, 0), dim = c(5L, 2L), dimnames = list(c("-3", "-2", "-1", 
    "0", "1"), c("C", "T"))), LR46_SNP1 = structure(c(0, 0, 0, 
    19, 243, 0, 1, 268, 0), dim = c(3L, 3L), dimnames = list(
        c("-1", "0", "1"), c("A", "G", "T"))), LR48_SNP1 = structure(c(0, 
    0, 0, 0, 0, 104, 140, 0, 1, 33, 210, 0), dim = 4:3, dimnames = list(
        c("-2", "-1", "0", "1"), c("A", "C", "T"))), LR49_SNP1 = structure(c(16, 
    135, 0, 0, 1, 152), dim = 2:3, dimnames = list(c("-1", "0"
    ), c("A", "C", "G"))), LR52_SNP1 = structure(c(0, 0, 0, 0, 
    0, 0, 10, 67, 78, 0, 0, 7, 66, 98, 0), dim = c(5L, 3L), dimnames = list(
        c("-3", "-2", "-1", "0", "1"), c("A", "C", "T"))))
