Result <-
list(DEPDC2_SNP1 = structure(c(0, 0, 0, 0, 0, 0, 0, 0, 0, 0, 
225, 10), dim = 4:3, dimnames = list(c("-2", "-1", "0", "1"), 
    c("A", "C", "T"))), GM01_SNP1 = structure(c(0, 0, 0, 0, 241, 
0, 0, 274, 0, 0, 0, 0), dim = 3:4, dimnames = list(c("-1", "0", 
"1"), c("-", "A", "G", "T"))), GM07_SNP1 = structure(c(0, 0, 
0, 0, 0, 0, 0, 4, 172, 112, 0, 0), dim = c(6L, 2L), dimnames = list(
    c("-3", "-2", "-1", "0", "1", "2"), c("A", "G"))), GM09_SNP1 = structure(c(0, 
164, 0, 0, 130, 0), dim = 3:2, dimnames = list(c("-1", "0", "1"
), c("A", "G"))), GM11_SNP1 = structure(c(0, 46, 50, 0, 0, 119, 
0, 0, 0, 0, 0, 0), dim = 4:3, dimnames = list(c("-1", "0", "1", 
"2"), c("A", "G", "T"))), GM14_SNP1 = structure(c(0, 0, 0, 0, 
1, 135, 292, 0, 0, 0, 0, 0), dim = 4:3, dimnames = list(c("-2", 
"-1", "0", "1"), c("-", "C", "T"))), GM17_SNP1 = structure(c(0, 
0, 0, 0, 0, 0, 0, 0, 0, 0, 0, 0, 365, 0, 0), dim = c(5L, 3L), dimnames = list(
    c("-2", "-1", "0", "1", "2"), c("A", "C", "T"))), GM22_SNP1 = structure(c(0, 
0, 171, 474, 0, 0, 0, 0, 0, 0, 0, 0, 0, 0, 0), dim = c(5L, 3L
), dimnames = list(c("-3", "-2", "-1", "0", "1"), c("A", "G", 
"T"))), GM26_SNP1 = structure(c(1, 65, 0, 0, 67, 0, 0, 0, 0), dim = c(3L, 
3L), dimnames = list(c("-1", "0", "1"), c("A", "G", "T"))), GM29_SNP1 = structure(c(0, 
4, 238, 0, 0, 0, 0, 0), dim = c(4L, 2L), dimnames = list(c("-2", 
"-1", "0", "1"), c("A", "G"))), IM16_SNP1 = structure(c(1, 121, 
0, 0, 0, 140, 2, 0), dim = c(4L, 2L), dimnames = list(c("-1", 
"0", "1", "2"), c("A", "G"))), IM49_SNP1 = structure(c(0, 16, 
33, 0, 0, 0, 0, 48, 0, 0), dim = c(5L, 2L), dimnames = list(c("-2", 
"-1", "0", "1", "2"), c("C", "G"))), LR10_SNP1 = structure(c(0, 
2, 236, 0, 0, 0, 0, 0), dim = c(4L, 2L), dimnames = list(c("-2", 
"-1", "0", "1"), c("C", "T"))), LR11_SNP1 = structure(c(0, 0, 
7, 108, 0, 0, 1, 67, 42, 0, 0, 0, 0, 1, 0), dim = c(5L, 3L), dimnames = list(
    c("-3", "-2", "-1", "0", "1"), c("A", "C", "T"))), LR17_SNP1 = structure(c(2, 
51, 131, 0, 0, 0, 0, 0, 0, 0), dim = c(5L, 2L), dimnames = list(
    c("-2", "-1", "0", "1", "2"), c("A", "G"))), LR20_SNP1 = structure(c(0, 
100, 0), dim = c(3L, 1L), dimnames = list(c("-1", "0", "1"), 
    "G")), LR24_SNP1 = structure(c(0, 0, 1, 89, 1, 0, 0, 69, 
152, 0, 0, 0, 0, 0, 0), dim = c(5L, 3L), dimnames = list(c("-3", 
"-2", "-1", "0", "1"), c("A", "G", "T"))), LR36_SNP1 = structure(c(0, 
0, 0, 0, 0, 0, 0, 2, 72, 153, 38, 0), dim = c(6L, 2L), dimnames = list(
    c("-3", "-2", "-1", "0", "1", "2"), c("A", "T"))), LR40_SNP1 = structure(c(0, 
0, 0, 0, 117, 0, 0, 0, 0), dim = c(3L, 3L), dimnames = list(c("-1", 
"0", "1"), c("A", "C", "T"))), LR44_SNP1 = structure(c(0, 10, 
114, 0, 0), dim = c(5L, 1L), dimnames = list(c("-2", "-1", "0", 
"1", "2"), "C")), LR46_SNP1 = structure(c(0, 0, 0, 2, 174, 0, 
1, 190, 0), dim = c(3L, 3L), dimnames = list(c("-1", "0", "1"
), c("A", "G", "T"))), LR48_SNP1 = structure(c(0, 0, 0, 0, 0, 
0, 0, 3, 96, 73, 0, 0, 0, 0, 94, 86, 0, 0), dim = c(6L, 3L), dimnames = list(
    c("-3", "-2", "-1", "0", "1", "2"), c("A", "C", "T"))), LR49_SNP1 = structure(c(2, 
227, 0, 0, 0, 0), dim = 3:2, dimnames = list(c("-1", "0", "1"
), c("A", "G"))), LR52_SNP1 = structure(c(0, 0, 0, 0, 0, 0, 0, 
0, 0, 6, 72, 47, 0, 0, 0, 0, 1, 13, 93, 1, 0), dim = c(7L, 3L
), dimnames = list(c("-4", "-3", "-2", "-1", "0", "1", "2"), 
    c("A", "C", "T"))))
