Result <-
list(DEPDC2_SNP1 = structure(c(0, 0, 0, 2, 290, 1, 2, 291, 1), dim = c(3L, 
3L), dimnames = list(c("-1", "0", "1"), c("A", "C", "T"))), GM01_SNP1 = structure(c(0, 
0, 0, 0, 0, 12, 1230, 5), dim = c(4L, 2L), dimnames = list(c("-2", 
"-1", "0", "1"), c("A", "G"))), GM07_SNP1 = structure(c(0, 0, 
0, 0, 0, 1, 41, 197, 3, 0, 0, 34, 199, 3, 0), dim = c(5L, 3L), dimnames = list(
    c("-2", "-1", "0", "1", "2"), c("-", "A", "G"))), GM09_SNP1 = structure(c(0, 
0, 0, 1, 1041, 0, 0, 0, 0), dim = c(3L, 3L), dimnames = list(
    c("-1", "0", "1"), c("-", "A", "G"))), GM11_SNP1 = structure(c(0, 
38, 643, 1, 0, 0, 0, 0), dim = c(4L, 2L), dimnames = list(c("-2", 
"-1", "0", "1"), c("A", "G"))), GM14_SNP1 = structure(c(0, 0, 
0, 0, 0, 0, 0, 0, 0, 47, 816, 2), dim = 4:3, dimnames = list(
    c("-2", "-1", "0", "1"), c("A", "C", "T"))), GM17_SNP1 = structure(c(0, 
121, 1048, 0, 0, 0, 0, 0), dim = c(4L, 2L), dimnames = list(c("-2", 
"-1", "0", "1"), c("C", "T"))), GM22_SNP1 = structure(c(0, 49, 
695, 2, 0, 0, 0, 0, 0, 0, 0, 0, 0, 0, 0), dim = c(5L, 3L), dimnames = list(
    c("-2", "-1", "0", "1", "2"), c("A", "G", "T"))), GM26_SNP1 = structure(c(0, 
1, 423, 0, 0, 0, 0, 0), dim = c(4L, 2L), dimnames = list(c("-2", 
"-1", "0", "1"), c("A", "G"))), GM29_SNP1 = structure(c(0, 0, 
0, 8, 327, 0, 5, 346, 1, 0, 0, 0), dim = 3:4, dimnames = list(
    c("-1", "0", "1"), c("-", "A", "G", "T"))), IM16_SNP1 = structure(c(0, 
71, 1, 0, 2, 66, 0, 0), dim = c(4L, 2L), dimnames = list(c("-1", 
"0", "1", "2"), c("A", "G"))), IM49_SNP1 = structure(c(0, 0, 
1, 0, 0, 0, 10, 200, 0, 0, 0, 0, 0, 0, 0), dim = c(5L, 3L), dimnames = list(
    c("-2", "-1", "0", "1", "2"), c("C", "G", "T"))), LR10_SNP1 = structure(c(0, 
0, 0, 0, 1, 175, 0, 0, 3, 157, 1, 0), dim = 4:3, dimnames = list(
    c("-1", "0", "1", "2"), c("A", "C", "T"))), LR11_SNP1 = structure(c(0, 
0, 2, 0, 0, 1, 22, 678, 4, 0), dim = c(5L, 2L), dimnames = list(
    c("-2", "-1", "0", "1", "2"), c("A", "C"))), LR17_SNP1 = structure(c(2, 
29, 473, 3, 0, 0, 0, 0, 0, 0, 0, 0, 0, 0, 0), dim = c(5L, 3L), dimnames = list(
    c("-2", "-1", "0", "1", "2"), c("A", "C", "G"))), LR20_SNP1 = structure(c(1, 
173, 0, 1, 184, 1, 0, 0, 0), dim = c(3L, 3L), dimnames = list(
    c("-1", "0", "1"), c("A", "G", "T"))), LR24_SNP1 = structure(c(0, 
0, 0, 0, 0, 0, 13, 809, 0), dim = c(3L, 3L), dimnames = list(
    c("-1", "0", "1"), c("-", "A", "G"))), LR36_SNP1 = structure(c(0, 
13, 227, 5, 0, 0, 0, 0, 0, 0, 0, 0, 0, 0, 0, 0, 0, 0, 2, 20, 
212, 26, 1, 0), dim = c(6L, 4L), dimnames = list(c("-2", "-1", 
"0", "1", "2", "3"), c("A", "C", "G", "T"))), LR40_SNP1 = structure(c(0, 
13, 248, 0), dim = c(4L, 1L), dimnames = list(c("-2", "-1", "0", 
"1"), "C")), LR44_SNP1 = structure(c(0, 1, 16, 106, 221, 1, 0, 
0, 0, 0, 0, 0, 0, 0), dim = c(7L, 2L), dimnames = list(c("-4", 
"-3", "-2", "-1", "0", "1", "2"), c("C", "T"))), LR46_SNP1 = structure(c(0, 
0, 0, 0, 0, 0, 0, 0, 0, 0, 0, 0, 1, 167, 535, 2, 0, 183, 434, 
0), dim = 4:5, dimnames = list(c("-2", "-1", "0", "1"), c("-", 
"A", "C", "G", "T"))), LR48_SNP1 = structure(c(0, 0, 0, 0, 0, 
0, 0, 11, 161, 417, 2, 0, 0, 4, 107, 446, 1, 0), dim = c(6L, 
3L), dimnames = list(c("-3", "-2", "-1", "0", "1", "2"), c("A", 
"C", "T"))), LR49_SNP1 = structure(c(0, 0, 0, 14, 942, 0), dim = 3:2, dimnames = list(
    c("-1", "0", "1"), c("A", "G"))), LR52_SNP1 = structure(c(0, 
17, 189, 504, 1, 0, 0, 0, 1, 0), dim = c(5L, 2L), dimnames = list(
    c("-3", "-2", "-1", "0", "1"), c("C", "T"))))
