Result <-
list(DEPDC2_SNP1 = structure(c(0, 0, 0, 0, 488, 0), dim = 3:2, dimnames = list(
    c("-1", "0", "1"), c("C", "T"))), GM01_SNP1 = structure(c(0, 
0, 604, 1, 0, 0, 608, 0, 0, 0, 0, 0), dim = 4:3, dimnames = list(
    c("-2", "-1", "0", "1"), c("A", "G", "T"))), GM07_SNP1 = structure(c(0, 
0, 0, 0, 0, 0, 0, 0, 0, 0, 0, 0, 6, 687, 2), dim = c(5L, 3L), dimnames = list(
    c("-3", "-2", "-1", "0", "1"), c("A", "C", "G"))), GM09_SNP1 = structure(c(3, 
75, 1, 0, 0, 0), dim = 3:2, dimnames = list(c("-1", "0", "1"), 
    c("A", "G"))), GM11_SNP1 = structure(c(0, 279, 0, 0, 1, 0, 
0, 327, 0), dim = c(3L, 3L), dimnames = list(c("-1", "0", "1"
), c("A", "C", "G"))), GM14_SNP1 = structure(c(0, 0, 1, 0, 0, 
0, 2, 547, 0, 0, 0, 0, 521, 0, 0), dim = c(5L, 3L), dimnames = list(
    c("-2", "-1", "0", "1", "2"), c("A", "C", "T"))), GM17_SNP1 = structure(c(0, 
0, 0, 0, 0, 0, 1, 0, 0, 3, 1142, 0), dim = 4:3, dimnames = list(
    c("-2", "-1", "0", "1"), c("A", "C", "T"))), GM22_SNP1 = structure(c(0, 
0, 1637, 0, 0, 0, 1, 0, 0, 0, 0, 0), dim = 4:3, dimnames = list(
    c("-2", "-1", "0", "1"), c("A", "G", "T"))), GM26_SNP1 = structure(c(0, 
0, 417, 0, 0, 0, 0, 0), dim = c(4L, 2L), dimnames = list(c("-3", 
"-1", "0", "1"), c("A", "G"))), GM29_SNP1 = structure(c(0, 0, 
370, 0, 0, 0, 361, 0), dim = c(4L, 2L), dimnames = list(c("-2", 
"-1", "0", "1"), c("A", "G"))), IM16_SNP1 = structure(c(0, 1, 
313, 0, 0, 0, 1, 321, 0, 0, 0, 0, 0, 0, 0), dim = c(5L, 3L), dimnames = list(
    c("-2", "-1", "0", "1", "2"), c("A", "G", "T"))), IM49_SNP1 = structure(c(0, 
217, 1), dim = c(3L, 1L), dimnames = list(c("-1", "0", "1"), 
    "C")), LR10_SNP1 = structure(c(0, 0, 0, 0, 0, 2, 280, 0, 
0, 1, 343, 0), dim = 4:3, dimnames = list(c("-2", "-1", "0", 
"1"), c("A", "C", "T"))), LR11_SNP1 = structure(c(0, 3, 783, 
0, 0, 0, 0, 0), dim = c(4L, 2L), dimnames = list(c("-2", "-1", 
"0", "1"), c("A", "C"))), LR17_SNP1 = structure(c(0, 9, 935, 
1, 0, 0, 0, 0), dim = c(4L, 2L), dimnames = list(c("-2", "-1", 
"0", "1"), c("A", "G"))), LR20_SNP1 = structure(c(0, 134, 0, 
0, 136, 0), dim = 3:2, dimnames = list(c("-1", "0", "1"), c("A", 
"G"))), LR24_SNP1 = structure(c(0, 0, 0, 0, 255, 0, 0, 240, 0, 
0, 0, 0), dim = 3:4, dimnames = list(c("-1", "0", "1"), c("-", 
"A", "G", "T"))), LR36_SNP1 = structure(c(1, 0, 1, 666, 1, 0, 
0, 0, 0, 0), dim = c(5L, 2L), dimnames = list(c("-3", "-2", "-1", 
"0", "1"), c("A", "T"))), LR40_SNP1 = structure(c(0, 0, 0, 0, 
396, 0), dim = 3:2, dimnames = list(c("-1", "0", "1"), c("A", 
"C"))), LR44_SNP1 = structure(c(0, 3, 244, 1, 0, 0, 0, 0), dim = c(4L, 
2L), dimnames = list(c("-2", "-1", "0", "1"), c("C", "T"))), 
    LR46_SNP1 = structure(c(0, 0, 0, 0, 0, 0, 0, 0, 0, 0, 0, 
    0, 1, 590, 0, 0, 0, 563, 0, 0), dim = 4:5, dimnames = list(
        c("-1", "0", "1", "3"), c("-", "A", "C", "G", "T"))), 
    LR48_SNP1 = structure(c(0, 0, 0, 0, 0, 0, 2, 1036, 0, 0), dim = c(5L, 
    2L), dimnames = list(c("-2", "-1", "0", "1", "2"), c("A", 
    "C"))), LR49_SNP1 = structure(c(0, 1, 0, 2, 696, 0), dim = 3:2, dimnames = list(
        c("-1", "0", "1"), c("A", "G"))), LR52_SNP1 = structure(c(0, 
    0, 0, 0, 0, 0, 2, 18, 701, 1, 0, 0, 0, 0, 0), dim = c(5L, 
    3L), dimnames = list(c("-3", "-2", "-1", "0", "1"), c("A", 
    "C", "T"))))
