Result <-
list(DEPDC2_SNP1 = structure(c(0, 0, 0, 0, 0, 2, 417, 2), dim = c(4L, 
2L), dimnames = list(c("-2", "-1", "0", "1"), c("C", "T"))), 
    GM01_SNP1 = structure(c(0, 17, 453, 0, 0, 228, 264, 0), dim = c(4L, 
    2L), dimnames = list(c("-2", "-1", "0", "1"), c("A", "G"))), 
    GM07_SNP1 = structure(c(0, 0, 0, 0, 0, 13, 443, 279, 0, 0, 
    0, 0, 0, 0, 0, 0, 0, 0, 0, 0), dim = 5:4, dimnames = list(
        c("-2", "-1", "0", "1", "2"), c("-", "A", "G", "T"))), 
    GM09_SNP1 = structure(c(0, 0, 0, 1, 348, 4, 1, 278, 0), dim = c(3L, 
    3L), dimnames = list(c("-1", "0", "1"), c("-", "A", "G"))), 
    GM11_SNP1 = structure(c(0, 0, 0, 0, 0, 124, 359, 0, 0, 0, 
    0, 0), dim = 4:3, dimnames = list(c("-2", "-1", "0", "1"), 
        c("-", "A", "G"))), GM14_SNP1 = structure(c(0, 0, 0, 
    0, 0, 0, 0, 0, 1, 0, 0, 9, 376, 395, 0, 0, 0, 0, 2, 0), dim = 5:4, dimnames = list(
        c("-3", "-2", "-1", "0", "1"), c("-", "A", "C", "T"))), 
    GM17_SNP1 = structure(c(0, 0, 0, 0, 0, 0, 0, 0, 0, 0, 0, 
    5, 923, 1, 0), dim = c(5L, 3L), dimnames = list(c("-2", "-1", 
    "0", "1", "2"), c("A", "C", "T"))), GM22_SNP1 = structure(c(0, 
    0, 0, 0, 0, 6, 662, 0, 0, 0, 0, 0, 0, 3, 553, 0, 0, 0, 0, 
    0), dim = 4:5, dimnames = list(c("-2", "-1", "0", "1"), c("-", 
    "A", "C", "G", "T"))), GM26_SNP1 = structure(c(0, 1, 323, 
    0, 0, 0, 0, 0, 0, 0, 0, 0), dim = 4:3, dimnames = list(c("-2", 
    "-1", "0", "1"), c("A", "G", "T"))), GM29_SNP1 = structure(c(0, 
    26, 492, 3, 0, 0, 0, 0), dim = c(4L, 2L), dimnames = list(
        c("-2", "-1", "0", "1"), c("A", "G"))), IM16_SNP1 = structure(c(3, 
    463, 2, 0, 0, 2, 0, 0), dim = c(4L, 2L), dimnames = list(
        c("-1", "0", "1", "2"), c("A", "G"))), IM49_SNP1 = structure(c(0, 
    1, 1, 0, 0, 2, 48, 123, 0, 0), dim = c(5L, 2L), dimnames = list(
        c("-2", "-1", "0", "1", "2"), c("C", "G"))), LR10_SNP1 = structure(c(0, 
    0, 0, 0, 0, 3, 225, 1, 0, 0, 0, 0, 0, 2, 287, 1), dim = c(4L, 
    4L), dimnames = list(c("-2", "-1", "0", "1"), c("A", "C", 
    "G", "T"))), LR11_SNP1 = structure(c(1, 12, 555, 0, 0, 0, 
    0, 0, 0, 0, 0, 0, 0, 0, 0, 0), dim = c(4L, 4L), dimnames = list(
        c("-2", "-1", "0", "1"), c("A", "C", "G", "T"))), LR17_SNP1 = structure(c(0, 
    22, 503, 0, 0, 0, 0, 0, 0, 0), dim = c(5L, 2L), dimnames = list(
        c("-2", "-1", "0", "1", "2"), c("A", "G"))), LR20_SNP1 = structure(c(2, 
    189, 0, 1, 0, 0), dim = 3:2, dimnames = list(c("-1", "0", 
    "1"), c("A", "G"))), LR24_SNP1 = structure(c(3, 190, 184, 
    0, 0, 5, 171, 0), dim = c(4L, 2L), dimnames = list(c("-2", 
    "-1", "0", "1"), c("A", "G"))), LR36_SNP1 = structure(c(0, 
    0, 0, 0, 0, 0, 2, 8, 8, 220, 2, 0, 0, 0, 0, 0, 0, 0, 0, 0, 
    0, 0, 0, 0, 0, 2, 125, 136, 0, 0), dim = 6:5, dimnames = list(
        c("-3", "-2", "-1", "0", "1", "2"), c("-", "A", "C", 
        "G", "T"))), LR40_SNP1 = structure(c(3, 144, 0, 0, 173, 
    0), dim = 3:2, dimnames = list(c("-1", "0", "1"), c("A", 
    "C"))), LR44_SNP1 = structure(c(0, 0, 73, 82, 125, 0, 0, 
    0, 0, 0, 1, 0), dim = c(6L, 2L), dimnames = list(c("-4", 
    "-3", "-2", "-1", "0", "1"), c("C", "T"))), LR46_SNP1 = structure(c(0, 
    0, 0, 0, 0, 0, 0, 1, 0, 9, 922, 0), dim = 3:4, dimnames = list(
        c("-1", "0", "1"), c("-", "C", "G", "T"))), LR48_SNP1 = structure(c(0, 
    0, 0, 0, 0, 0, 0, 0, 0, 0, 239, 574, 0, 0, 0, 0, 0, 0, 0, 
    0, 0, 0, 0, 0, 0, 4, 0, 0), dim = c(7L, 4L), dimnames = list(
        c("-4", "-3", "-2", "-1", "0", "1", "2"), c("A", "C", 
        "G", "T"))), LR49_SNP1 = structure(c(0, 130, 123, 0, 
    0, 0, 0, 0, 0, 2, 267, 0), dim = 4:3, dimnames = list(c("-2", 
    "-1", "0", "1"), c("A", "C", "G"))), LR52_SNP1 = structure(c(0, 
    0, 0, 0, 0, 0, 0, 0, 0, 0, 0, 0, 1, 0, 0, 0, 5, 150, 161, 
    286, 1), dim = c(7L, 3L), dimnames = list(c("-5", "-4", "-3", 
    "-2", "-1", "0", "1"), c("A", "C", "T"))))
