Result <-
list(DEPDC2_SNP1 = structure(c(0, 0, 0, 0, 0, 0, 3, 871, 1), dim = c(3L, 
3L), dimnames = list(c("-1", "0", "1"), c("A", "C", "T"))), GM01_SNP1 = structure(c(0, 
0, 446, 1393, 0, 0, 0, 0, 0, 0, 0, 0, 0, 0, 0), dim = c(5L, 3L
), dimnames = list(c("-3", "-2", "-1", "0", "1"), c("A", "G", 
"T"))), GM07_SNP1 = structure(c(1, 2, 219, 377, 2, 0, 0, 0, 33, 
513, 1, 0), dim = c(6L, 2L), dimnames = list(c("-3", "-2", "-1", 
"0", "1", "2"), c("A", "G"))), GM09_SNP1 = structure(c(21, 1233, 
0, 0, 0, 0, 0, 0, 0), dim = c(3L, 3L), dimnames = list(c("-1", 
"0", "1"), c("A", "G", "T"))), GM11_SNP1 = structure(c(0, 10, 
860, 13, 0, 0, 0, 0), dim = c(4L, 2L), dimnames = list(c("-2", 
"-1", "0", "1"), c("A", "G"))), GM14_SNP1 = structure(c(0, 0, 
0, 0, 0, 0, 0, 0, 0, 0, 0, 114, 1338, 1, 0), dim = c(5L, 3L), dimnames = list(
    c("-2", "-1", "0", "1", "2"), c("C", "G", "T"))), GM17_SNP1 = structure(c(3, 
1642, 0, 0, 0, 0, 0, 1, 0), dim = c(3L, 3L), dimnames = list(
    c("-1", "0", "1"), c("C", "G", "T"))), GM22_SNP1 = structure(c(0, 
1, 1151, 1, 0, 0, 5, 964, 0, 0, 0, 0, 0, 0, 0), dim = c(5L, 3L
), dimnames = list(c("-2", "-1", "0", "1", "2"), c("A", "G", 
"T"))), GM26_SNP1 = structure(c(0, 0, 2, 753, 0, 0, 0, 0, 0, 
0, 0, 0, 0, 0, 0), dim = c(5L, 3L), dimnames = list(c("-3", "-2", 
"-1", "0", "1"), c("A", "C", "G"))), GM29_SNP1 = structure(c(0, 
0, 17, 926, 0, 0, 0, 0, 0, 0, 0, 0, 0, 0, 0), dim = c(5L, 3L), dimnames = list(
    c("-3", "-2", "-1", "0", "1"), c("A", "G", "T"))), IM16_SNP1 = structure(c(0, 
9, 488, 3, 0, 0, 137, 734, 1, 0, 0, 0, 0, 0, 0), dim = c(5L, 
3L), dimnames = list(c("-4", "-1", "0", "1", "2"), c("A", "G", 
"T"))), IM49_SNP1 = structure(c(0, 21, 122, 0, 0, 0, 1, 126, 
0, 0), dim = c(5L, 2L), dimnames = list(c("-2", "-1", "0", "1", 
"2"), c("C", "G"))), LR10_SNP1 = structure(c(0, 0, 0, 0, 2, 251, 
258, 0, 0, 1, 0, 0, 1, 290, 262, 0), dim = c(4L, 4L), dimnames = list(
    c("-2", "-1", "0", "1"), c("A", "C", "G", "T"))), LR11_SNP1 = structure(c(0, 
0, 0, 3, 0, 0, 0, 29, 846, 3, 0, 0, 0, 1, 0), dim = c(5L, 3L), dimnames = list(
    c("-3", "-2", "-1", "0", "1"), c("A", "C", "G"))), LR17_SNP1 = structure(c(0, 
29, 1323, 1, 0, 0, 0, 0, 0, 0, 0, 0, 0, 0, 0), dim = c(5L, 3L
), dimnames = list(c("-2", "-1", "0", "1", "2"), c("A", "G", 
"T"))), LR20_SNP1 = structure(c(0, 0, 0, 5, 389, 0, 0, 1, 0), dim = c(3L, 
3L), dimnames = list(c("-1", "0", "1"), c("A", "G", "T"))), LR24_SNP1 = structure(c(0, 
1, 0, 49, 919, 0), dim = 3:2, dimnames = list(c("-1", "0", "1"
), c("A", "G"))), LR36_SNP1 = structure(c(0, 0, 0, 0, 0, 0, 0, 
0, 20, 382, 700, 2, 0, 0, 0, 0, 0, 0), dim = c(6L, 3L), dimnames = list(
    c("-4", "-3", "-2", "-1", "0", "1"), c("-", "A", "T"))), 
    LR40_SNP1 = structure(c(0, 0, 0, 0, 0, 51, 638, 0), dim = c(4L, 
    2L), dimnames = list(c("-2", "-1", "0", "1"), c("A", "C"))), 
    LR44_SNP1 = structure(c(0, 0, 0, 0, 0, 0, 5, 136, 268, 2, 
    0, 0, 0, 1, 0), dim = c(5L, 3L), dimnames = list(c("-3", 
    "-2", "-1", "0", "1"), c("A", "C", "T"))), LR46_SNP1 = structure(c(0, 
    0, 0, 0, 0, 8, 962, 1, 0, 123, 724, 0), dim = 4:3, dimnames = list(
        c("-2", "-1", "0", "1"), c("A", "G", "T"))), LR48_SNP1 = structure(c(0, 
    0, 0, 0, 0, 0, 0, 0, 70, 1592, 2, 0, 0, 0, 0, 0, 0, 0), dim = c(6L, 
    3L), dimnames = list(c("-3", "-2", "-1", "0", "1", "2"), 
        c("A", "C", "T"))), LR49_SNP1 = structure(c(0, 3, 11, 
    1003), dim = c(2L, 2L), dimnames = list(c("-1", "0"), c("A", 
    "G"))), LR52_SNP1 = structure(c(0, 0, 0, 0, 0, 0, 0, 0, 7, 
    164, 221, 792, 38, 0), dim = c(7L, 2L), dimnames = list(c("-4", 
    "-3", "-2", "-1", "0", "1", "2"), c("C", "T"))))
