Result <-
list(DEPDC2_SNP1 = structure(c(0, 0, 0, 0, 0, 0, 1, 486, 0), dim = c(3L, 
3L), dimnames = list(c("-1", "0", "1"), c("C", "G", "T"))), GM01_SNP1 = structure(c(0, 
0, 0, 0, 0, 0, 1, 1423, 0), dim = c(3L, 3L), dimnames = list(
    c("-1", "0", "1"), c("A", "C", "G"))), GM07_SNP1 = structure(c(0, 
0, 0, 0, 0, 0, 5, 806, 3, 0, 0, 0, 0, 0, 0), dim = c(5L, 3L), dimnames = list(
    c("-2", "-1", "0", "1", "2"), c("-", "A", "G"))), GM09_SNP1 = structure(c(0, 
0, 0, 0, 781, 0), dim = 3:2, dimnames = list(c("-1", "0", "1"
), c("A", "G"))), GM11_SNP1 = structure(c(0, 686, 0, 0, 0, 0), dim = 3:2, dimnames = list(
    c("-1", "0", "1"), c("A", "G"))), GM14_SNP1 = structure(c(0, 
0, 0, 0, 0, 0, 2, 588, 0, 0, 0, 2, 632, 0, 0), dim = c(5L, 3L
), dimnames = list(c("-2", "-1", "0", "1", "2"), c("A", "C", 
"T"))), GM17_SNP1 = structure(c(0, 0, 0, 1, 563, 0, 0, 615, 0
), dim = c(3L, 3L), dimnames = list(c("-1", "0", "1"), c("A", 
"C", "T"))), GM22_SNP1 = structure(c(0, 0, 0, 0, 0, 0, 0, 1, 
1626, 0), dim = c(5L, 2L), dimnames = list(c("-3", "-2", "-1", 
"0", "1"), c("A", "G"))), GM26_SNP1 = structure(c(1, 450, 0, 
0, 0, 0), dim = 3:2, dimnames = list(c("-1", "0", "1"), c("A", 
"G"))), GM29_SNP1 = structure(c(0, 371, 0, 0, 0, 387, 0, 0), dim = c(4L, 
2L), dimnames = list(c("-1", "0", "1", "2"), c("A", "G"))), IM16_SNP1 = structure(c(0, 
0, 358, 0, 0, 0, 1, 355, 0, 0, 0, 0, 0, 0, 0), dim = c(5L, 3L
), dimnames = list(c("-2", "-1", "0", "1", "2"), c("A", "G", 
"T"))), IM49_SNP1 = structure(c(1, 227, 1, 0, 0, 0), dim = 3:2, dimnames = list(
    c("-1", "0", "1"), c("C", "G"))), LR10_SNP1 = structure(c(0, 
0, 0, 0, 2, 334, 0, 0, 0, 341, 1, 0), dim = 4:3, dimnames = list(
    c("-1", "0", "1", "2"), c("A", "C", "T"))), LR11_SNP1 = structure(c(0, 
0, 0, 0, 0, 0, 1, 400, 0, 0, 0, 0, 292, 1, 0), dim = c(5L, 3L
), dimnames = list(c("-2", "-1", "0", "1", "2"), c("-", "A", 
"C"))), LR17_SNP1 = structure(c(0, 0, 11, 1041, 4, 0, 0, 0, 0, 
0), dim = c(5L, 2L), dimnames = list(c("-3", "-2", "-1", "0", 
"1"), c("A", "G"))), LR20_SNP1 = structure(c(139, 153), dim = 1:2, dimnames = list(
    "0", c("A", "G"))), LR24_SNP1 = structure(c(0, 0, 0, 0, 0, 
245, 0, 0, 0, 334, 0, 0), dim = 4:3, dimnames = list(c("-1", 
"0", "1", "2"), c("-", "A", "G"))), LR36_SNP1 = structure(c(0, 
0, 2, 389, 1, 0, 0, 0, 0, 0, 0, 0, 0, 0, 1, 359, 0, 0), dim = c(6L, 
3L), dimnames = list(c("-3", "-2", "-1", "0", "1", "2"), c("A", 
"G", "T"))), LR40_SNP1 = structure(c(0, 0, 473, 0, 0, 0, 0, 0
), dim = c(4L, 2L), dimnames = list(c("-2", "-1", "0", "1"), 
    c("C", "T"))), LR44_SNP1 = structure(c(0, 0, 1, 0, 0, 3, 
119, 0, 0, 2, 116, 0), dim = 4:3, dimnames = list(c("-2", "-1", 
"0", "1"), c("A", "C", "T"))), LR46_SNP1 = structure(c(0, 0, 
0, 0, 0, 0, 0, 0, 0, 0, 446, 0, 0, 0, 720, 0), dim = c(4L, 4L
), dimnames = list(c("-2", "-1", "0", "1"), c("-", "A", "G", 
"T"))), LR48_SNP1 = structure(c(0, 0, 1, 1285, 1, 0, 0, 0, 1, 
0), dim = c(5L, 2L), dimnames = list(c("-3", "-2", "-1", "0", 
"1"), c("C", "T"))), LR49_SNP1 = structure(c(0, 396, 0, 0, 322, 
0, 0, 0, 0), dim = c(3L, 3L), dimnames = list(c("-1", "0", "1"
), c("A", "G", "T"))), LR52_SNP1 = structure(c(1, 25, 779, 2, 
0, 0, 0, 0, 0, 0), dim = c(5L, 2L), dimnames = list(c("-2", "-1", 
"0", "1", "2"), c("C", "T"))))
