Result <-
list(DEPDC2_SNP1 = structure(c(0, 0, 0, 5, 569, 7), dim = 3:2, dimnames = list(
    c("-1", "0", "1"), c("A", "T"))), GM01_SNP1 = structure(c(0, 
0, 0, 0, 0, 10, 1246, 0, 0, 0, 0, 0, 0, 0, 1, 0), dim = c(4L, 
4L), dimnames = list(c("-2", "-1", "0", "1"), c("-", "A", "C", 
"G"))), GM07_SNP1 = structure(c(7, 32, 334, 3, 0, 0, 0, 9, 260, 
88, 2, 0, 0, 0, 0, 0, 0, 0), dim = c(6L, 3L), dimnames = list(
    c("-2", "-1", "0", "1", "2", "3"), c("A", "G", "T"))), GM09_SNP1 = structure(c(0, 
438, 1, 0, 418, 0), dim = 3:2, dimnames = list(c("-1", "0", "1"
), c("A", "G"))), GM11_SNP1 = structure(c(1, 574, 5, 0, 0, 0, 
0, 0, 0, 0, 0, 0), dim = 4:3, dimnames = list(c("-1", "0", "1", 
"2"), c("A", "C", "G"))), GM14_SNP1 = structure(c(0, 0, 0, 0, 
0, 0, 0, 0, 14, 504, 1, 0, 0, 0, 5, 555, 1, 0), dim = c(6L, 3L
), dimnames = list(c("-3", "-2", "-1", "0", "1", "2"), c("A", 
"C", "T"))), GM17_SNP1 = structure(c(0, 0, 27, 1116, 2, 0, 0, 
0, 0, 0), dim = c(5L, 2L), dimnames = list(c("-4", "-2", "-1", 
"0", "1"), c("C", "T"))), GM22_SNP1 = structure(c(0, 6, 1636, 
1, 0, 0, 0, 0, 0, 0, 0, 0, 0, 0, 0), dim = c(5L, 3L), dimnames = list(
    c("-2", "-1", "0", "1", "2"), c("A", "G", "T"))), GM26_SNP1 = structure(c(1, 
77, 162, 0, 0, 1, 219, 0), dim = c(4L, 2L), dimnames = list(c("-2", 
"-1", "0", "1"), c("A", "G"))), GM29_SNP1 = structure(c(0, 1, 
624, 96, 0, 0, 0, 0, 0, 0, 0, 0, 0, 0, 0), dim = c(5L, 3L), dimnames = list(
    c("-2", "-1", "0", "1", "2"), c("A", "G", "T"))), IM16_SNP1 = structure(c(0, 
0, 0, 0, 13, 689, 1, 0, 0, 0, 0, 0), dim = 4:3, dimnames = list(
    c("-1", "0", "1", "2"), c("A", "G", "T"))), IM49_SNP1 = structure(c(0, 
0, 0, 0, 1, 14, 178, 0, 0, 0, 0, 0), dim = 4:3, dimnames = list(
    c("-2", "-1", "0", "1"), c("C", "G", "T"))), LR10_SNP1 = structure(c(0, 
0, 0, 0, 1, 96, 526, 3, 0, 0, 0, 0), dim = 4:3, dimnames = list(
    c("-2", "-1", "0", "1"), c("A", "C", "T"))), LR11_SNP1 = structure(c(0, 
10, 384, 0, 0, 0, 10, 327, 1, 0), dim = c(5L, 2L), dimnames = list(
    c("-2", "-1", "0", "1", "3"), c("A", "C"))), LR17_SNP1 = structure(c(0, 
0, 153, 696, 6, 0, 0, 0, 0, 0, 0, 0, 0, 0, 0, 0, 0, 0), dim = c(6L, 
3L), dimnames = list(c("-3", "-2", "-1", "0", "1", "2"), c("A", 
"C", "G"))), LR20_SNP1 = structure(c(0, 0, 0, 46, 231, 0, 0, 
0, 0), dim = c(3L, 3L), dimnames = list(c("-1", "0", "1"), c("-", 
"A", "G"))), LR24_SNP1 = structure(c(0, 21, 309, 0, 0, 1, 273, 
0, 0, 0, 0, 0), dim = 4:3, dimnames = list(c("-2", "-1", "0", 
"1"), c("A", "G", "T"))), LR36_SNP1 = structure(c(0, 0, 0, 0, 
0, 0, 0, 0, 0, 15, 665, 1, 0, 0, 0, 0, 0, 0, 0, 0, 0, 0, 0, 0
), dim = c(6L, 4L), dimnames = list(c("-4", "-3", "-2", "-1", 
"0", "1"), c("-", "A", "G", "T"))), LR40_SNP1 = structure(c(0, 
4, 511, 0), dim = c(4L, 1L), dimnames = list(c("-3", "-1", "0", 
"1"), "C")), LR44_SNP1 = structure(c(0, 0, 0, 1, 0, 0, 27, 39, 
267, 1, 0, 1, 0, 0, 0), dim = c(5L, 3L), dimnames = list(c("-3", 
"-2", "-1", "0", "1"), c("A", "C", "T"))), LR46_SNP1 = structure(c(0, 
0, 0, 1, 603, 0, 4, 518, 0), dim = c(3L, 3L), dimnames = list(
    c("-1", "0", "1"), c("A", "G", "T"))), LR48_SNP1 = structure(c(0, 
0, 0, 0, 0, 0, 0, 0, 0, 0, 0, 10, 498, 1, 0, 0, 154, 312, 0, 
0), dim = 5:4, dimnames = list(c("-2", "-1", "0", "1", "2"), 
    c("-", "A", "C", "T"))), LR49_SNP1 = structure(c(1, 376, 
4, 372), dim = c(2L, 2L), dimnames = list(c("-1", "0"), c("A", 
"G"))), LR52_SNP1 = structure(c(0, 3, 21, 114, 238, 0, 0, 0, 
0, 10, 33, 353, 0, 0), dim = c(7L, 2L), dimnames = list(c("-4", 
"-3", "-2", "-1", "0", "1", "2"), c("C", "T"))))
