Result <-
list(DEPDC2_SNP1 = structure(c(0, 0, 0, 0, 0, 2, 130, 0, 0, 0, 
102, 0), dim = 4:3, dimnames = list(c("-2", "-1", "0", "1"), 
    c("A", "C", "T"))), GM01_SNP1 = structure(c(0, 9, 560, 0, 
0, 0, 0, 0), dim = c(4L, 2L), dimnames = list(c("-2", "-1", "0", 
"1"), c("A", "G"))), GM07_SNP1 = structure(c(0, 35, 119, 0, 0, 
2, 40, 93, 1, 0), dim = c(5L, 2L), dimnames = list(c("-2", "-1", 
"0", "1", "2"), c("A", "G"))), GM09_SNP1 = structure(c(1, 19, 
1, 1, 10, 0), dim = 3:2, dimnames = list(c("-1", "0", "1"), c("A", 
"G"))), GM11_SNP1 = structure(c(0, 3, 140, 1, 0, 2, 114, 0), dim = c(4L, 
2L), dimnames = list(c("-2", "-1", "0", "1"), c("A", "G"))), 
    GM14_SNP1 = structure(c(0, 0, 60, 148, 1, 0, 0, 5, 202, 0
    ), dim = c(5L, 2L), dimnames = list(c("-3", "-2", "-1", "0", 
    "1"), c("C", "T"))), GM17_SNP1 = structure(c(0, 0, 0, 0, 
    0, 0, 0, 0, 203, 0, 0, 0, 1, 269, 0), dim = c(5L, 3L), dimnames = list(
        c("-3", "-2", "-1", "0", "1"), c("A", "C", "T"))), GM22_SNP1 = structure(c(0, 
    2, 363, 0, 0, 0, 277, 0, 0, 0, 0, 0), dim = 4:3, dimnames = list(
        c("-2", "-1", "0", "1"), c("A", "G", "T"))), GM26_SNP1 = structure(c(0, 
    13, 107), dim = c(3L, 1L), dimnames = list(c("-2", "-1", 
    "0"), "A")), GM29_SNP1 = structure(c(0, 0, 0, 0, 0, 6, 245, 
    0), dim = c(4L, 2L), dimnames = list(c("-2", "-1", "0", "1"
    ), c("A", "G"))), IM16_SNP1 = structure(c(10, 128, 1, 0, 
    1, 125, 2, 0, 0, 0, 0, 0), dim = 4:3, dimnames = list(c("-1", 
    "0", "1", "2"), c("A", "G", "T"))), IM49_SNP1 = structure(c(0, 
    17, 71, 0), dim = c(4L, 1L), dimnames = list(c("-2", "-1", 
    "0", "1"), "G")), LR10_SNP1 = structure(c(1, 121, 0, 26, 
    94, 0), dim = 3:2, dimnames = list(c("-1", "0", "1"), c("C", 
    "T"))), LR11_SNP1 = structure(c(0, 81, 0, 2, 106, 0, 0, 0, 
    0), dim = c(3L, 3L), dimnames = list(c("-1", "0", "1"), c("A", 
    "C", "G"))), LR17_SNP1 = structure(c(0, 40, 252, 2, 0, 0, 
    0, 0), dim = c(4L, 2L), dimnames = list(c("-2", "-1", "0", 
    "1"), c("A", "G"))), LR20_SNP1 = structure(c(1, 102, 0), dim = c(3L, 
    1L), dimnames = list(c("-1", "0", "1"), "G")), LR24_SNP1 = structure(c(0, 
    4, 131, 2, 0, 0, 101, 0), dim = c(4L, 2L), dimnames = list(
        c("-2", "-1", "0", "1"), c("A", "G"))), LR36_SNP1 = structure(c(0, 
    0, 3, 167, 1, 0, 0, 0, 25, 107, 2, 0), dim = c(6L, 2L), dimnames = list(
        c("-3", "-2", "-1", "0", "1", "2"), c("A", "T"))), LR40_SNP1 = structure(c(0, 
    40, 64, 0, 0, 0, 57, 1), dim = c(4L, 2L), dimnames = list(
        c("-2", "-1", "0", "1"), c("A", "C"))), LR44_SNP1 = structure(c(0, 
    0, 0, 0, 0, 2, 11, 24, 85, 0), dim = c(5L, 2L), dimnames = list(
        c("-3", "-2", "-1", "0", "1"), c("A", "C"))), LR46_SNP1 = structure(c(0, 
    1, 378, 0, 0, 0, 0, 0), dim = c(4L, 2L), dimnames = list(
        c("-2", "-1", "0", "1"), c("G", "T"))), LR48_SNP1 = structure(c(0, 
    0, 0, 0, 0, 0, 13, 331, 33, 1, 0, 0, 0, 0, 0), dim = c(5L, 
    3L), dimnames = list(c("-2", "-1", "0", "1", "2"), c("A", 
    "C", "T"))), LR49_SNP1 = structure(c(0, 0, 1, 219), dim = c(2L, 
    2L), dimnames = list(c("-1", "0"), c("A", "G"))), LR52_SNP1 = structure(c(0, 
    0, 5, 10, 102, 0, 0, 0, 5, 19, 79, 0), dim = c(6L, 2L), dimnames = list(
        c("-4", "-3", "-2", "-1", "0", "1"), c("C", "T"))))
