Result <-
list(DEPDC2_SNP1 = structure(c(0, 268, 0, 1, 362, 0), dim = 3:2, dimnames = list(
    c("-1", "0", "1"), c("C", "T"))), GM01_SNP1 = structure(c(0, 
809, 0, 2, 893, 0, 0, 0, 0), dim = c(3L, 3L), dimnames = list(
    c("-1", "0", "1"), c("A", "G", "T"))), GM07_SNP1 = structure(c(0, 
0, 0, 0, 0, 0, 0, 3, 436, 1, 0, 0, 0, 2, 452, 2, 0, 0, 0, 0, 
1, 0, 0, 0), dim = c(6L, 4L), dimnames = list(c("-2", "-1", "0", 
"1", "2", "3"), c("-", "A", "G", "T"))), GM09_SNP1 = structure(c(2, 
724, 0, 0, 689, 0), dim = 3:2, dimnames = list(c("-1", "0", "1"
), c("A", "G"))), GM11_SNP1 = structure(c(0, 0, 0, 0, 1071, 0
), dim = 3:2, dimnames = list(c("-1", "0", "1"), c("A", "G"))), 
    GM14_SNP1 = structure(c(0, 0, 0, 0, 0, 3, 711, 0, 1, 2, 628, 
    0), dim = 4:3, dimnames = list(c("-2", "-1", "0", "1"), c("A", 
    "C", "T"))), GM17_SNP1 = structure(c(0, 0, 0, 0, 0, 2, 2092, 
    0, 0, 0, 1, 0), dim = 4:3, dimnames = list(c("-2", "-1", 
    "0", "1"), c("A", "C", "T"))), GM22_SNP1 = structure(c(0, 
    0, 1321, 0, 0, 0, 1112, 0, 0, 0, 0, 0), dim = 4:3, dimnames = list(
        c("-2", "-1", "0", "1"), c("A", "G", "T"))), GM26_SNP1 = structure(c(0, 
    260, 0, 0, 0, 287, 0, 0), dim = c(4L, 2L), dimnames = list(
        c("-1", "0", "1", "2"), c("A", "G"))), GM29_SNP1 = structure(c(0, 
    0, 1081, 0, 0, 0, 0, 0), dim = c(4L, 2L), dimnames = list(
        c("-3", "-1", "0", "1"), c("A", "G"))), IM16_SNP1 = structure(c(0, 
    1, 0, 1, 1206, 0, 0, 0, 0), dim = c(3L, 3L), dimnames = list(
        c("-1", "0", "1"), c("A", "G", "T"))), IM49_SNP1 = structure(c(0, 
    122, 1, 0, 0, 106, 1, 0), dim = c(4L, 2L), dimnames = list(
        c("-1", "0", "1", "2"), c("C", "G"))), LR10_SNP1 = structure(c(0, 
    1, 360, 0, 0, 0, 0, 0, 0, 1, 388, 0), dim = 4:3, dimnames = list(
        c("-3", "-1", "0", "1"), c("C", "G", "T"))), LR11_SNP1 = structure(c(0, 
    1, 500, 2, 0, 0, 418, 0), dim = c(4L, 2L), dimnames = list(
        c("-2", "-1", "0", "1"), c("A", "C"))), LR17_SNP1 = structure(c(2, 
    13, 2193, 3, 0, 0, 0, 0, 0, 0, 0, 0), dim = 4:3, dimnames = list(
        c("-2", "-1", "0", "1"), c("A", "G", "T"))), LR20_SNP1 = structure(c(0, 
    396, 0, 0, 0, 0), dim = 3:2, dimnames = list(c("-1", "0", 
    "1"), c("A", "G"))), LR24_SNP1 = structure(c(0, 292, 0, 0, 
    360, 0), dim = 3:2, dimnames = list(c("-1", "0", "1"), c("A", 
    "G"))), LR36_SNP1 = structure(c(0, 0, 0, 0, 1, 1, 724, 1), dim = c(4L, 
    2L), dimnames = list(c("-2", "-1", "0", "1"), c("A", "T"))), 
    LR40_SNP1 = structure(c(0, 1, 368, 0, 0, 0, 383, 0), dim = c(4L, 
    2L), dimnames = list(c("-2", "-1", "0", "1"), c("A", "C"))), 
    LR44_SNP1 = structure(c(0, 2, 135, 0, 0, 0, 1, 0, 0, 3, 75, 
    0), dim = 4:3, dimnames = list(c("-2", "-1", "0", "1"), c("C", 
    "G", "T"))), LR46_SNP1 = structure(c(0, 0, 0, 0, 0, 0, 0, 
    0, 0, 0, 3, 0, 0, 0, 2193, 0), dim = c(4L, 4L), dimnames = list(
        c("-3", "-1", "0", "1"), c("-", "C", "G", "T"))), LR48_SNP1 = structure(c(0, 
    0, 0, 869, 1, 0, 0, 0, 643, 1, 0, 0), dim = c(6L, 2L), dimnames = list(
        c("-3", "-2", "-1", "0", "1", "2"), c("C", "T"))), LR49_SNP1 = structure(c(0, 
    453, 0, 2, 379, 0, 0, 0, 0), dim = c(3L, 3L), dimnames = list(
        c("-1", "0", "1"), c("A", "G", "T"))), LR52_SNP1 = structure(c(0, 
    0, 0, 0, 1, 30, 988, 1, 0, 1, 1, 0), dim = 4:3, dimnames = list(
        c("-2", "-1", "0", "1"), c("A", "C", "T"))))
