Result <-
list(DEPDC2_SNP1 = structure(c(0, 349, 0), dim = c(3L, 1L), dimnames = list(
    c("-1", "0", "1"), "T")), GM01_SNP1 = structure(c(0, 0, 0, 
0, 0, 0, 655, 0), dim = c(4L, 2L), dimnames = list(c("-2", "-1", 
"0", "1"), c("A", "G"))), GM07_SNP1 = structure(c(0, 0, 1, 0, 
0, 0, 6, 342, 0, 0), dim = c(5L, 2L), dimnames = list(c("-2", 
"-1", "0", "1", "2"), c("A", "G"))), GM09_SNP1 = structure(c(1, 
52, 0, 0, 1, 0, 0, 0, 0), dim = c(3L, 3L), dimnames = list(c("-1", 
"0", "1"), c("A", "G", "T"))), GM11_SNP1 = structure(c(0, 0, 
0, 0, 0, 1, 331, 1, 0, 0, 0, 0), dim = 4:3, dimnames = list(c("-2", 
"-1", "0", "1"), c("-", "A", "G"))), GM14_SNP1 = structure(c(0, 
0, 0, 0, 0, 0, 1, 101, 130, 0, 0, 0, 3, 262, 0), dim = c(5L, 
3L), dimnames = list(c("-3", "-2", "-1", "0", "1"), c("A", "C", 
"T"))), GM17_SNP1 = structure(c(0, 0, 0, 0, 0, 0, 303, 0, 0, 
0, 308, 1), dim = 4:3, dimnames = list(c("-3", "-1", "0", "1"
), c("-", "C", "T"))), GM22_SNP1 = structure(c(0, 1, 422, 3, 
0, 8, 363, 0, 0, 0, 0, 0), dim = 4:3, dimnames = list(c("-2", 
"-1", "0", "1"), c("A", "G", "T"))), GM26_SNP1 = structure(c(0, 
0, 0, 0, 183, 1), dim = 3:2, dimnames = list(c("-1", "0", "1"
), c("A", "G"))), GM29_SNP1 = structure(c(0, 0, 172, 0, 0, 0, 
166, 0), dim = c(4L, 2L), dimnames = list(c("-2", "-1", "0", 
"1"), c("A", "G"))), IM16_SNP1 = structure(c(2, 227, 1, 0, 0, 
194, 0, 0, 0, 0, 0, 0), dim = 4:3, dimnames = list(c("-1", "0", 
"1", "2"), c("A", "G", "T"))), IM49_SNP1 = structure(c(0, 3, 
72, 1, 1, 14, 59, 0), dim = c(4L, 2L), dimnames = list(c("-2", 
"-1", "0", "1"), c("C", "G"))), LR10_SNP1 = structure(c(0, 0, 
0, 0, 0, 0, 0, 0, 0, 0, 311, 0), dim = 4:3, dimnames = list(c("-3", 
"-1", "0", "1"), c("A", "C", "T"))), LR11_SNP1 = structure(c(0, 
0, 0, 0, 0, 0, 5, 254, 0, 0), dim = c(5L, 2L), dimnames = list(
    c("-2", "-1", "0", "1", "2"), c("A", "C"))), LR17_SNP1 = structure(c(0, 
0, 35, 222, 0, 0, 0, 0, 0, 0, 0, 0), dim = c(6L, 2L), dimnames = list(
    c("-3", "-2", "-1", "0", "1", "2"), c("A", "C"))), LR20_SNP1 = structure(c(0, 
0, 0, 0, 74, 0, 0, 67, 0), dim = c(3L, 3L), dimnames = list(c("-1", 
"0", "1"), c("-", "A", "G"))), LR24_SNP1 = structure(c(0, 2, 
298, 0, 0, 0), dim = 3:2, dimnames = list(c("-2", "-1", "0"), 
    c("A", "G"))), LR36_SNP1 = structure(c(0, 0, 0, 0, 0, 0, 
0, 0, 0, 0, 92, 63, 0, 0, 0, 49, 4, 127, 0, 0, 0), dim = c(7L, 
3L), dimnames = list(c("-3", "-2", "-1", "0", "1", "2", "3"), 
    c("-", "A", "T"))), LR40_SNP1 = structure(c(0, 0, 0, 0, 1, 
32, 200, 0, 0, 0, 0, 0), dim = 4:3, dimnames = list(c("-2", "-1", 
"0", "1"), c("A", "C", "T"))), LR44_SNP1 = structure(c(2, 39, 
77, 0, 0, 0, 0, 101, 5, 0), dim = c(5L, 2L), dimnames = list(
    c("-2", "-1", "0", "1", "2"), c("C", "T"))), LR46_SNP1 = structure(c(0, 
0, 0, 0, 0, 0, 0, 313, 0, 0, 320, 0), dim = 3:4, dimnames = list(
    c("-1", "0", "1"), c("-", "C", "G", "T"))), LR48_SNP1 = structure(c(0, 
1, 0, 0, 0, 125, 364, 0, 0, 0, 0, 0), dim = 4:3, dimnames = list(
    c("-2", "-1", "0", "1"), c("A", "C", "T"))), LR49_SNP1 = structure(c(0, 
0, 0, 51, 256, 0, 0, 0, 0), dim = c(3L, 3L), dimnames = list(
    c("-1", "0", "1"), c("A", "G", "T"))), LR52_SNP1 = structure(c(0, 
0, 0, 0, 0, 0, 1, 9, 64, 13, 270, 1, 0, 0, 0, 0, 0, 0), dim = c(6L, 
3L), dimnames = list(c("-4", "-3", "-2", "-1", "0", "1"), c("-", 
"C", "T"))))
