Result <-
list(DEPDC2_SNP1 = structure(c(0, 1, 0, 0, 716, 0, 0, 0, 0), dim = c(3L, 
3L), dimnames = list(c("-1", "0", "1"), c("A", "C", "T"))), GM01_SNP1 = structure(c(0, 
0, 0, 0, 0, 0, 0, 0, 0, 3, 1429, 0, 0, 0, 0, 0), dim = c(4L, 
4L), dimnames = list(c("-2", "-1", "0", "1"), c("A", "C", "G", 
"T"))), GM07_SNP1 = structure(c(0, 0, 0, 0, 0, 0, 0, 0, 11, 444, 
0, 0, 0, 106, 58, 303, 1, 0, 0, 0, 0, 0, 0, 0), dim = c(6L, 4L
), dimnames = list(c("-3", "-2", "-1", "0", "1", "2"), c("-", 
"A", "G", "T"))), GM09_SNP1 = structure(c(0, 1, 0, 1, 973, 1), dim = 3:2, dimnames = list(
    c("-1", "0", "1"), c("A", "G"))), GM11_SNP1 = structure(c(0, 
9, 730, 0, 0, 0, 1, 0, 0, 0, 0, 0), dim = 4:3, dimnames = list(
    c("-2", "-1", "0", "1"), c("A", "G", "T"))), GM14_SNP1 = structure(c(0, 
0, 0, 0, 0, 0, 0, 0, 0, 0, 0, 0, 0, 13, 1177, 18), dim = c(4L, 
4L), dimnames = list(c("-2", "-1", "0", "1"), c("-", "A", "C", 
"T"))), GM17_SNP1 = structure(c(0, 0, 0, 0, 1215, 0, 0, 0, 0), dim = c(3L, 
3L), dimnames = list(c("-1", "0", "1"), c("A", "C", "T"))), GM22_SNP1 = structure(c(0, 
1, 1886, 1, 0, 0, 0, 0), dim = c(4L, 2L), dimnames = list(c("-2", 
"-1", "0", "1"), c("A", "G"))), GM26_SNP1 = structure(c(0, 1, 
478, 0, 0, 0, 0, 0, 0, 0), dim = c(5L, 2L), dimnames = list(c("-2", 
"-1", "0", "1", "2"), c("A", "G"))), GM29_SNP1 = structure(c(0, 
2, 828, 0, 0, 0, 0, 0, 0, 0, 0, 0), dim = 4:3, dimnames = list(
    c("-2", "-1", "0", "1"), c("A", "G", "T"))), IM16_SNP1 = structure(c(0, 
0, 0, 0, 0, 0, 0, 0, 3, 874, 10, 0), dim = 4:3, dimnames = list(
    c("-1", "0", "1", "2"), c("A", "C", "G"))), IM49_SNP1 = structure(c(0, 
3, 108, 0, 1, 30, 69, 0), dim = c(4L, 2L), dimnames = list(c("-2", 
"-1", "0", "1"), c("C", "G"))), LR10_SNP1 = structure(c(0, 0, 
0, 0, 0, 0, 0, 0, 0, 5, 876, 0), dim = 4:3, dimnames = list(c("-2", 
"-1", "0", "1"), c("A", "C", "T"))), LR11_SNP1 = structure(c(0, 
0, 3, 265, 0, 0, 0, 0, 31, 361, 0, 0), dim = c(6L, 2L), dimnames = list(
    c("-3", "-2", "-1", "0", "1", "3"), c("A", "C"))), LR17_SNP1 = structure(c(0, 
0, 12, 866, 3, 0, 0, 0, 0, 0, 0, 0, 0, 0, 0, 0, 0, 0), dim = c(6L, 
3L), dimnames = list(c("-3", "-2", "-1", "0", "1", "2"), c("A", 
"C", "G"))), LR20_SNP1 = structure(c(1, 356, 0, 0, 0, 0), dim = 3:2, dimnames = list(
    c("-1", "0", "1"), c("A", "G"))), LR24_SNP1 = structure(c(0, 
0, 0, 0, 2, 0, 9, 623, 1), dim = c(3L, 3L), dimnames = list(c("-1", 
"0", "1"), c("-", "A", "G"))), LR36_SNP1 = structure(c(0, 0, 
0, 0, 0, 0, 0, 0, 0, 0, 21, 852, 5, 0), dim = c(7L, 2L), dimnames = list(
    c("-5", "-3", "-2", "-1", "0", "1", "2"), c("A", "T"))), 
    LR40_SNP1 = structure(c(0, 191, 0, 1, 329, 0, 0, 0, 0), dim = c(3L, 
    3L), dimnames = list(c("-1", "0", "1"), c("A", "C", "T"))), 
    LR44_SNP1 = structure(c(1, 14, 136, 0, 0, 2, 51, 122, 1, 
    0), dim = c(5L, 2L), dimnames = list(c("-2", "-1", "0", "1", 
    "2"), c("C", "T"))), LR46_SNP1 = structure(c(0, 0, 0, 0, 
    0, 0, 0, 0, 0, 0, 0, 0, 0, 0, 0, 0, 10, 831, 0, 0, 0, 17, 
    637, 0, 0), dim = c(5L, 5L), dimnames = list(c("-2", "-1", 
    "0", "1", "2"), c("-", "A", "C", "G", "T"))), LR48_SNP1 = structure(c(0, 
    0, 0, 0, 0, 0, 1, 178, 6, 964, 0, 0, 0, 0, 0, 0, 0, 0), dim = c(6L, 
    3L), dimnames = list(c("-3", "-2", "-1", "0", "1", "2"), 
        c("A", "C", "T"))), LR49_SNP1 = structure(c(0, 1, 0, 
    2, 762, 0), dim = 3:2, dimnames = list(c("-1", "0", "1"), 
        c("A", "G"))), LR52_SNP1 = structure(c(0, 9, 112, 284, 
    0, 0, 0, 5, 57, 391, 0, 0), dim = c(6L, 2L), dimnames = list(
        c("-3", "-2", "-1", "0", "1", "2"), c("C", "T"))))
