Result <-
list(DEPDC2_SNP1 = structure(c(0, 1, 126, 0, 0, 2, 119, 0), dim = c(4L, 
2L), dimnames = list(c("-2", "-1", "0", "1"), c("C", "T"))), 
    GM01_SNP1 = structure(c(0, 0, 0, 0, 1, 12, 251, 0, 0, 0, 
    242, 0), dim = 4:3, dimnames = list(c("-2", "-1", "0", "1"
    ), c("-", "A", "G"))), GM07_SNP1 = structure(c(10, 131, 186, 
    0, 0, 0, 0, 0, 0, 0, 0, 0, 0, 0, 0), dim = c(5L, 3L), dimnames = list(
        c("-2", "-1", "0", "1", "2"), c("A", "G", "T"))), GM09_SNP1 = structure(c(0, 
    0, 0, 0, 0, 14, 44, 0), dim = c(4L, 2L), dimnames = list(
        c("-2", "-1", "0", "1"), c("A", "G"))), GM11_SNP1 = structure(c(0, 
    162, 0, 0, 0, 0, 10, 117, 0), dim = c(3L, 3L), dimnames = list(
        c("-1", "0", "1"), c("A", "C", "G"))), GM14_SNP1 = structure(c(0, 
    1, 99, 310, 0, 0, 0, 0, 0, 0, 0, 0, 0, 0, 0, 0, 0, 0), dim = c(6L, 
    3L), dimnames = list(c("-3", "-2", "-1", "0", "1", "2"), 
        c("C", "G", "T"))), GM17_SNP1 = structure(c(0, 2, 249, 
    0, 0, 0, 225, 0), dim = c(4L, 2L), dimnames = list(c("-2", 
    "-1", "0", "1"), c("C", "T"))), GM22_SNP1 = structure(c(0, 
    0, 0, 372, 0, 0, 0, 0, 0, 0, 0, 0, 0, 352, 0), dim = c(5L, 
    3L), dimnames = list(c("-3", "-2", "-1", "0", "1"), c("A", 
    "C", "G"))), GM26_SNP1 = structure(c(0, 33, 50, 0, 0, 14, 
    71, 0, 0, 0, 0, 0), dim = 4:3, dimnames = list(c("-2", "-1", 
    "0", "1"), c("A", "G", "T"))), GM29_SNP1 = structure(c(0, 
    1, 266, 0), dim = c(4L, 1L), dimnames = list(c("-2", "-1", 
    "0", "1"), "A")), IM16_SNP1 = structure(c(0, 0, 0, 0, 0, 
    77, 263, 0, 0, 0, 0, 0), dim = 4:3, dimnames = list(c("-2", 
    "-1", "0", "1"), c("A", "G", "T"))), IM49_SNP1 = structure(c(0, 
    5, 121, 0, 0, 0, 0, 0), dim = c(4L, 2L), dimnames = list(
        c("-2", "-1", "0", "1"), c("C", "T"))), LR10_SNP1 = structure(c(0, 
    0, 0, 0, 0, 11, 223, 0), dim = c(4L, 2L), dimnames = list(
        c("-2", "-1", "0", "1"), c("A", "C"))), LR11_SNP1 = structure(c(0, 
    1, 204, 0), dim = c(4L, 1L), dimnames = list(c("-2", "-1", 
    "0", "1"), "C")), LR17_SNP1 = structure(c(0, 12, 31, 176, 
    0, 0, 0, 0, 0, 0), dim = c(5L, 2L), dimnames = list(c("-3", 
    "-2", "-1", "0", "1"), c("A", "G"))), LR20_SNP1 = structure(c(0, 
    68, 0, 66), dim = c(2L, 2L), dimnames = list(c("-1", "0"), 
        c("A", "G"))), LR24_SNP1 = structure(c(1, 53, 64, 0, 
    0, 0, 1, 105, 0, 0), dim = c(5L, 2L), dimnames = list(c("-2", 
    "-1", "0", "1", "2"), c("A", "G"))), LR36_SNP1 = structure(c(0, 
    0, 0, 0, 0, 0, 7, 127, 180, 0), dim = c(5L, 2L), dimnames = list(
        c("-3", "-2", "-1", "0", "1"), c("A", "T"))), LR40_SNP1 = structure(c(2, 
    212, 0, 0, 0, 0), dim = 3:2, dimnames = list(c("-1", "0", 
    "1"), c("C", "T"))), LR44_SNP1 = structure(c(0, 32, 38, 0, 
    0, 0, 73, 1), dim = c(4L, 2L), dimnames = list(c("-2", "-1", 
    "0", "1"), c("C", "T"))), LR46_SNP1 = structure(c(8, 488, 
    0, 0, 0, 0), dim = 3:2, dimnames = list(c("-1", "0", "1"), 
        c("G", "T"))), LR48_SNP1 = structure(c(0, 0, 0, 0, 0, 
    1, 96, 305, 1, 0, 0, 0, 0, 0, 0), dim = c(5L, 3L), dimnames = list(
        c("-2", "-1", "0", "1", "2"), c("A", "C", "T"))), LR49_SNP1 = structure(c(1, 
    248, 0, 0, 0, 0, 0, 0, 0), dim = c(3L, 3L), dimnames = list(
        c("-1", "0", "1"), c("A", "G", "T"))), LR52_SNP1 = structure(c(0, 
    0, 0, 0, 0, 0, 0, 0, 0, 3, 107, 44, 12, 0, 0, 2, 50, 104, 
    1, 0, 0), dim = c(7L, 3L), dimnames = list(c("-3", "-2", 
    "-1", "0", "1", "2", "3"), c("A", "C", "T"))))
