Result <-
list(DEPDC2_SNP1 = structure(c(0, 0, 0, 1, 198, 0, 0, 238, 0), dim = c(3L, 
3L), dimnames = list(c("-1", "0", "1"), c("A", "C", "T"))), GM01_SNP1 = structure(c(0, 
2, 228, 0, 0, 0, 9, 2), dim = c(4L, 2L), dimnames = list(c("-2", 
"-1", "0", "1"), c("A", "G"))), GM07_SNP1 = structure(c(0, 2, 
244, 1, 0, 0, 3, 6, 0, 0), dim = c(5L, 2L), dimnames = list(c("-2", 
"-1", "0", "1", "2"), c("A", "G"))), GM09_SNP1 = structure(c(0, 
16, 0, 0, 0, 519, 0, 0, 0, 0, 0, 0), dim = 4:3, dimnames = list(
    c("-1", "0", "1", "2"), c("A", "G", "T"))), GM11_SNP1 = structure(c(0, 
39, 0, 1, 109, 0), dim = 3:2, dimnames = list(c("-1", "0", "1"
), c("A", "G"))), GM14_SNP1 = structure(c(0, 1, 1, 7, 1, 0, 0, 
1, 2, 307, 0, 0), dim = c(6L, 2L), dimnames = list(c("-3", "-2", 
"-1", "0", "1", "2"), c("C", "T"))), GM17_SNP1 = structure(c(0, 
0, 0, 0, 0, 0, 1, 220, 0, 0, 0, 2, 142, 1, 0), dim = c(5L, 3L
), dimnames = list(c("-2", "-1", "0", "1", "2"), c("A", "C", 
"T"))), GM22_SNP1 = structure(c(0, 5, 366, 1, 0, 0, 9, 0, 0, 
0, 0, 0), dim = 4:3, dimnames = list(c("-2", "-1", "0", "1"), 
    c("A", "G", "T"))), GM26_SNP1 = structure(c(0, 104, 0, 0, 
4, 0), dim = 3:2, dimnames = list(c("-1", "0", "1"), c("A", "G"
))), GM29_SNP1 = structure(c(0, 0, 0, 0, 0, 5, 309, 0, 0, 0, 
7, 0), dim = 4:3, dimnames = list(c("-2", "-1", "0", "1"), c("-", 
"A", "G"))), IM16_SNP1 = structure(c(0, 231, 3, 0, 1, 179, 3, 
0, 0, 0, 0, 0), dim = 4:3, dimnames = list(c("-1", "0", "1", 
"2"), c("A", "G", "T"))), IM49_SNP1 = structure(c(0, 0, 0, 0, 
0, 0, 0, 7, 1, 0, 0, 9, 498, 1, 0), dim = c(5L, 3L), dimnames = list(
    c("-2", "-1", "0", "1", "2"), c("A", "C", "G"))), LR10_SNP1 = structure(c(0, 
0, 0, 0, 0, 2, 81, 0, 0, 2, 156, 0), dim = 4:3, dimnames = list(
    c("-2", "-1", "0", "1"), c("A", "C", "T"))), LR11_SNP1 = structure(c(0, 
0, 0, 13, 0, 0, 0, 0, 1, 361, 1, 0, 0, 0, 0, 1, 0, 0), dim = c(6L, 
3L), dimnames = list(c("-3", "-2", "-1", "0", "1", "2"), c("A", 
"C", "T"))), LR17_SNP1 = structure(c(0, 9, 734, 5, 0, 0, 0, 0
), dim = c(4L, 2L), dimnames = list(c("-2", "-1", "0", "1"), 
    c("A", "G"))), LR20_SNP1 = structure(c(0, 0, 247, 0, 0, 0, 
1, 0, 0, 0, 160, 0), dim = 4:3, dimnames = list(c("-2", "-1", 
"0", "1"), c("A", "C", "G"))), LR24_SNP1 = structure(c(0, 0, 
0, 0, 305, 0, 0, 340, 0, 0, 0, 0), dim = 3:4, dimnames = list(
    c("-1", "0", "1"), c("-", "A", "G", "T"))), LR36_SNP1 = structure(c(0, 
0, 0, 6, 0, 0, 0, 0, 0, 0, 0, 1, 4, 385, 1), dim = c(5L, 3L), dimnames = list(
    c("-5", "-2", "-1", "0", "1"), c("A", "C", "T"))), LR40_SNP1 = structure(c(1, 
60, 1, 2, 136, 0, 0, 0, 0, 0, 0, 0), dim = 3:4, dimnames = list(
    c("-1", "0", "1"), c("A", "C", "G", "T"))), LR44_SNP1 = structure(c(0, 
4, 151, 4, 0, 1, 7, 0), dim = c(4L, 2L), dimnames = list(c("-2", 
"-1", "0", "1"), c("C", "T"))), LR46_SNP1 = structure(c(0, 293, 
0, 0, 5, 0), dim = 3:2, dimnames = list(c("-1", "0", "1"), c("G", 
"T"))), LR48_SNP1 = structure(c(0, 0, 0, 0, 0, 0, 0, 0, 6, 296, 
2, 0, 0, 0, 1, 2, 0, 0), dim = c(6L, 3L), dimnames = list(c("-3", 
"-2", "-1", "0", "1", "2"), c("A", "C", "T"))), LR49_SNP1 = structure(c(0, 
0, 246, 0, 0, 2, 181, 0, 0, 0, 0, 0), dim = 4:3, dimnames = list(
    c("-2", "-1", "0", "1"), c("A", "G", "T"))), LR52_SNP1 = structure(c(1, 
0, 1, 87, 0, 0, 0, 1, 57, 0), dim = c(5L, 2L), dimnames = list(
    c("-3", "-2", "-1", "0", "1"), c("C", "T"))))
