Result <-
list(DEPDC2_SNP1 = structure(c(0, 326, 0, 0, 337, 0), dim = 3:2, dimnames = list(
    c("-1", "0", "1"), c("C", "T"))), GM01_SNP1 = structure(c(0, 
0, 0, 0, 0, 2, 885, 0, 0, 0, 13, 0), dim = 4:3, dimnames = list(
    c("-2", "-1", "0", "1"), c("-", "A", "G"))), GM07_SNP1 = structure(c(0, 
0, 0, 0, 0, 0, 10, 337, 2, 1, 0, 0, 0, 0, 0, 0, 2, 301, 1, 0), dim = 5:4, dimnames = list(
    c("-2", "-1", "0", "1", "2"), c("-", "A", "C", "G"))), GM09_SNP1 = structure(c(0, 
530, 0, 0, 394, 0, 0, 0, 0), dim = c(3L, 3L), dimnames = list(
    c("-1", "0", "1"), c("A", "G", "T"))), GM11_SNP1 = structure(c(0, 
217, 1, 0, 266, 0), dim = 3:2, dimnames = list(c("-1", "0", "1"
), c("A", "G"))), GM14_SNP1 = structure(c(0, 0, 4, 1, 0, 4, 609, 
0), dim = c(4L, 2L), dimnames = list(c("-2", "-1", "0", "1"), 
    c("C", "T"))), GM17_SNP1 = structure(c(1, 380, 0, 4, 317, 
0), dim = 3:2, dimnames = list(c("-1", "0", "1"), c("C", "T"))), 
    GM22_SNP1 = structure(c(0, 1, 414, 0, 0, 0, 326, 0, 0, 0, 
    0, 0), dim = 4:3, dimnames = list(c("-2", "-1", "0", "1"), 
        c("A", "G", "T"))), GM26_SNP1 = structure(c(0, 1, 212, 
    0, 0, 0, 200, 0), dim = c(4L, 2L), dimnames = list(c("-2", 
    "-1", "0", "1"), c("A", "G"))), GM29_SNP1 = structure(c(0, 
    3, 322, 0, 0, 3, 299, 0), dim = c(4L, 2L), dimnames = list(
        c("-2", "-1", "0", "1"), c("A", "G"))), IM16_SNP1 = structure(c(0, 
    0, 0, 0, 1, 271, 1, 0, 3, 313, 2, 0), dim = 4:3, dimnames = list(
        c("-1", "0", "1", "2"), c("-", "A", "G"))), IM49_SNP1 = structure(c(0, 
    0, 2, 7, 0, 0, 0, 1, 8, 705, 6, 0), dim = c(6L, 2L), dimnames = list(
        c("-3", "-2", "-1", "0", "1", "2"), c("C", "G"))), LR10_SNP1 = structure(c(0, 
    0, 314, 1, 0, 3, 294, 0), dim = c(4L, 2L), dimnames = list(
        c("-2", "-1", "0", "1"), c("C", "T"))), LR11_SNP1 = structure(c(0, 
    0, 0, 8, 0, 0, 0, 0, 6, 903, 5, 0, 0, 0, 0, 0, 0, 0), dim = c(6L, 
    3L), dimnames = list(c("-3", "-2", "-1", "0", "1", "2"), 
        c("A", "C", "T"))), LR17_SNP1 = structure(c(0, 2, 15, 
    1090, 7, 0, 0, 0, 1, 0, 0, 0, 0, 0, 0), dim = c(5L, 3L), dimnames = list(
        c("-3", "-2", "-1", "0", "1"), c("A", "G", "T"))), LR20_SNP1 = structure(c(0, 
    0, 0, 0, 336, 0, 0, 0, 0, 0, 377, 0), dim = 3:4, dimnames = list(
        c("-1", "0", "1"), c("-", "A", "C", "G"))), LR24_SNP1 = structure(c(0, 
    0, 0, 1084, 0, 0, 0, 0, 5, 0), dim = c(5L, 2L), dimnames = list(
        c("-3", "-2", "-1", "0", "1"), c("A", "G"))), LR36_SNP1 = structure(c(0, 
    0, 2, 395, 1, 0, 0, 0, 0, 0, 0, 0, 0, 0, 0, 0, 0, 0, 0, 0, 
    0, 368, 1, 0), dim = c(6L, 4L), dimnames = list(c("-3", "-2", 
    "-1", "0", "1", "2"), c("A", "C", "G", "T"))), LR40_SNP1 = structure(c(0, 
    0, 556, 1, 0, 0, 1, 0), dim = c(4L, 2L), dimnames = list(
        c("-2", "-1", "0", "1"), c("C", "T"))), LR44_SNP1 = structure(c(0, 
    0, 4, 123, 1, 0, 0, 0, 0, 0, 1, 0, 0, 0, 1, 0, 8, 306, 5, 
    0, 1), dim = c(7L, 3L), dimnames = list(c("-3", "-2", "-1", 
    "0", "1", "2", "7"), c("C", "G", "T"))), LR46_SNP1 = structure(c(0, 
    0, 215, 0, 0, 1, 210, 0), dim = c(4L, 2L), dimnames = list(
        c("-2", "-1", "0", "1"), c("G", "T"))), LR48_SNP1 = structure(c(0, 
    0, 0, 0, 0, 0, 9, 538, 3, 1, 0, 0, 2, 0, 0), dim = c(5L, 
    3L), dimnames = list(c("-2", "-1", "0", "1", "2"), c("A", 
    "C", "T"))), LR49_SNP1 = structure(c(0, 4, 0, 0, 794, 0, 
    0, 0, 0), dim = c(3L, 3L), dimnames = list(c("-1", "0", "1"
    ), c("A", "G", "T"))), LR52_SNP1 = structure(c(0, 0, 0, 0, 
    0, 0, 0, 0, 1, 8, 185, 0, 0, 0, 0, 5, 167, 0), dim = c(6L, 
    3L), dimnames = list(c("-4", "-3", "-2", "-1", "0", "1"), 
        c("A", "C", "T"))))
