Result <-
list(DEPDC2_SNP1 = structure(c(1, 516, 0, 0, 20, 0), dim = 3:2, dimnames = list(
    c("-1", "0", "1"), c("C", "T"))), GM01_SNP1 = structure(c(2, 
286, 0, 0, 296, 0, 0, 0, 0), dim = c(3L, 3L), dimnames = list(
    c("-1", "0", "1"), c("A", "G", "T"))), GM07_SNP1 = structure(c(0, 
0, 0, 0, 0, 0, 0, 0, 20, 310, 0, 0, 0, 0, 0, 6, 0, 0), dim = c(6L, 
3L), dimnames = list(c("-3", "-2", "-1", "0", "1", "2"), c("-", 
"A", "G"))), GM09_SNP1 = structure(c(0, 593, 0, 0, 8, 2, 0, 0, 
0), dim = c(3L, 3L), dimnames = list(c("-1", "0", "1"), c("A", 
"G", "T"))), GM11_SNP1 = structure(c(0, 0, 294, 0, 0, 0, 1, 0, 
0, 0, 0, 0), dim = 4:3, dimnames = list(c("-2", "-1", "0", "1"
), c("A", "G", "T"))), GM14_SNP1 = structure(c(0, 0, 0, 0, 0, 
0, 0, 0, 0, 195, 0, 0, 0, 0, 0, 237, 0, 0), dim = c(6L, 3L), dimnames = list(
    c("-3", "-2", "-1", "0", "1", "2"), c("A", "C", "T"))), GM17_SNP1 = structure(c(0, 
497, 0, 0, 0, 0, 1, 11, 0), dim = c(3L, 3L), dimnames = list(
    c("-1", "0", "1"), c("C", "G", "T"))), GM22_SNP1 = structure(c(0, 
1, 263, 1, 0, 0, 0, 0, 0, 2, 234, 1), dim = 4:3, dimnames = list(
    c("-2", "-1", "0", "1"), c("A", "C", "G"))), GM26_SNP1 = structure(c(0, 
0, 299, 0, 0, 0, 1, 0), dim = c(4L, 2L), dimnames = list(c("-2", 
"-1", "0", "1"), c("A", "G"))), GM29_SNP1 = structure(c(0, 2, 
222, 0, 0, 2, 182, 1), dim = c(4L, 2L), dimnames = list(c("-2", 
"-1", "0", "1"), c("A", "G"))), IM16_SNP1 = structure(c(0, 0, 
151, 0, 0, 1, 0, 193, 1, 0), dim = c(5L, 2L), dimnames = list(
    c("-2", "-1", "0", "1", "2"), c("A", "G"))), IM49_SNP1 = structure(c(0, 
0, 0, 0, 0, 0, 10, 0, 0, 6, 481, 4), dim = 4:3, dimnames = list(
    c("-2", "-1", "0", "1"), c("A", "C", "G"))), LR10_SNP1 = structure(c(0, 
0, 0, 0, 0, 0, 2, 193, 1, 0, 217, 1), dim = 3:4, dimnames = list(
    c("-1", "0", "1"), c("-", "A", "C", "T"))), LR11_SNP1 = structure(c(0, 
0, 1, 7, 0, 0, 0, 0, 4, 558, 0, 0, 0, 0, 0, 0, 0, 0), dim = c(6L, 
3L), dimnames = list(c("-3", "-2", "-1", "0", "1", "2"), c("A", 
"C", "T"))), LR17_SNP1 = structure(c(0, 0, 7, 725, 3, 0, 0, 0, 
0, 0), dim = c(5L, 2L), dimnames = list(c("-3", "-2", "-1", "0", 
"1"), c("A", "G"))), LR20_SNP1 = structure(c(1, 3, 0, 0, 560, 
0, 0, 0, 0), dim = c(3L, 3L), dimnames = list(c("-1", "0", "1"
), c("A", "G", "T"))), LR24_SNP1 = structure(c(0, 9, 0, 2, 766, 
0), dim = 3:2, dimnames = list(c("-1", "0", "1"), c("A", "G"))), 
    LR36_SNP1 = structure(c(0, 2, 177, 0, 0, 0, 0, 0, 0, 1, 261, 
    3), dim = 4:3, dimnames = list(c("-2", "-1", "0", "1"), c("A", 
    "C", "T"))), LR40_SNP1 = structure(c(1, 328, 0), dim = c(3L, 
    1L), dimnames = list(c("-1", "0", "1"), "C")), LR44_SNP1 = structure(c(0, 
    2, 2, 118, 1, 2, 0, 5, 135, 0), dim = c(5L, 2L), dimnames = list(
        c("-3", "-2", "-1", "0", "1"), c("C", "T"))), LR46_SNP1 = structure(c(0, 
    0, 0, 0, 166, 1, 3, 158, 1), dim = c(3L, 3L), dimnames = list(
        c("-1", "0", "1"), c("A", "G", "T"))), LR48_SNP1 = structure(c(0, 
    17, 194, 0, 0, 0, 171, 2), dim = c(4L, 2L), dimnames = list(
        c("-2", "-1", "0", "1"), c("C", "T"))), LR49_SNP1 = structure(c(0, 
    256, 0, 11, 193, 0), dim = 3:2, dimnames = list(c("-1", "0", 
    "1"), c("A", "G"))), LR52_SNP1 = structure(c(1, 0, 1, 3, 
    0, 0, 1, 6, 243, 0), dim = c(5L, 2L), dimnames = list(c("-3", 
    "-2", "-1", "0", "1"), c("C", "T"))))
