Result <-
list(DEPDC2_SNP1 = structure(c(0, 1, 0, 3, 550, 0, 1, 849, 0), dim = c(3L, 
3L), dimnames = list(c("-1", "0", "1"), c("A", "C", "T"))), GM01_SNP1 = structure(c(0, 
0, 0, 0, 0, 0, 0, 4, 841, 0, 1, 0, 2, 823, 0), dim = c(5L, 3L
), dimnames = list(c("-3", "-2", "-1", "0", "1"), c("-", "A", 
"G"))), GM07_SNP1 = structure(c(0, 0, 0, 0, 0, 0, 0, 0, 28, 1091, 
9, 0, 0, 0, 0, 0, 0, 0, 0, 0, 1, 2, 0, 0, 0, 0, 0, 0, 0, 0), dim = 6:5, dimnames = list(
    c("-3", "-2", "-1", "0", "1", "2"), c("-", "A", "C", "G", 
    "T"))), GM09_SNP1 = structure(c(0, 0, 0, 4, 1750, 2, 1, 4, 
0, 0, 0, 0), dim = 3:4, dimnames = list(c("-1", "0", "1"), c("-", 
"A", "G", "T"))), GM11_SNP1 = structure(c(0, 0, 3, 0, 0, 2, 1283, 
1), dim = c(4L, 2L), dimnames = list(c("-2", "-1", "0", "1"), 
    c("A", "G"))), GM14_SNP1 = structure(c(0, 0, 1, 0, 0, 0, 
13, 1254, 3, 0, 0, 0, 0, 0, 0), dim = c(5L, 3L), dimnames = list(
    c("-2", "-1", "0", "1", "2"), c("A", "C", "T"))), GM17_SNP1 = structure(c(0, 
650, 2, 2, 659, 0), dim = 3:2, dimnames = list(c("-1", "0", "1"
), c("C", "T"))), GM22_SNP1 = structure(c(0, 2, 1584, 1, 0, 0, 
0, 0, 0, 0, 0, 0, 0, 0, 0), dim = c(5L, 3L), dimnames = list(
    c("-2", "-1", "0", "1", "2"), c("A", "G", "T"))), GM26_SNP1 = structure(c(0, 
5, 1125, 1, 0, 0, 1, 0), dim = c(4L, 2L), dimnames = list(c("-2", 
"-1", "0", "1"), c("A", "G"))), GM29_SNP1 = structure(c(0, 5, 
1050, 0, 0, 0, 0, 0, 0, 0, 0, 0), dim = 4:3, dimnames = list(
    c("-2", "-1", "0", "1"), c("A", "G", "T"))), IM16_SNP1 = structure(c(0, 
2, 625, 3, 0, 0, 1, 680, 0, 0, 0, 0, 0, 0, 0), dim = c(5L, 3L
), dimnames = list(c("-2", "-1", "0", "1", "2"), c("A", "G", 
"T"))), IM49_SNP1 = structure(c(0, 6, 450, 4, 0, 0, 5, 419, 2, 
0, 0, 0, 0, 0, 0), dim = c(5L, 3L), dimnames = list(c("-2", "-1", 
"0", "1", "2"), c("C", "G", "T"))), LR10_SNP1 = structure(c(0, 
0, 0, 0, 0, 6, 683, 0, 0, 0, 0, 0, 0, 2, 732, 0), dim = c(4L, 
4L), dimnames = list(c("-2", "-1", "0", "1"), c("A", "C", "G", 
"T"))), LR11_SNP1 = structure(c(0, 0, 2, 0, 0, 0, 5, 1640, 6, 
0), dim = c(5L, 2L), dimnames = list(c("-2", "-1", "0", "1", 
"2"), c("A", "C"))), LR17_SNP1 = structure(c(0, 0, 17, 1712, 
6, 0, 0, 0, 0, 0, 0, 0, 0, 0, 0, 0, 0, 0, 0, 0, 0), dim = c(7L, 
3L), dimnames = list(c("-3", "-2", "-1", "0", "1", "2", "3"), 
    c("A", "G", "T"))), LR20_SNP1 = structure(c(0, 0, 0, 1, 1341, 
1, 0, 2, 0), dim = c(3L, 3L), dimnames = list(c("-1", "0", "1"
), c("-", "A", "G"))), LR24_SNP1 = structure(c(0, 0, 864, 0, 
0, 0, 920, 0), dim = c(4L, 2L), dimnames = list(c("-2", "-1", 
"0", "1"), c("A", "G"))), LR36_SNP1 = structure(c(0, 0, 0, 5, 
610, 0, 0, 0, 0, 1, 1, 584, 2, 0), dim = c(7L, 2L), dimnames = list(
    c("-4", "-3", "-2", "-1", "0", "1", "2"), c("A", "T"))), 
    LR40_SNP1 = structure(c(0, 0, 0, 0, 0, 306, 829, 0, 0, 0, 
    0, 0), dim = 4:3, dimnames = list(c("-2", "-1", "0", "1"), 
        c("A", "C", "T"))), LR44_SNP1 = structure(c(1, 6, 371, 
    5, 0, 0, 0, 1, 0, 0, 0, 16, 385, 3, 0), dim = c(5L, 3L), dimnames = list(
        c("-2", "-1", "0", "1", "2"), c("C", "G", "T"))), LR46_SNP1 = structure(c(0, 
    0, 0, 3, 1095, 2, 0, 5, 0), dim = c(3L, 3L), dimnames = list(
        c("-1", "0", "1"), c("A", "G", "T"))), LR48_SNP1 = structure(c(0, 
    0, 0, 0, 0, 1, 5, 1215, 4, 0), dim = c(5L, 2L), dimnames = list(
        c("-2", "-1", "0", "1", "2"), c("A", "C"))), LR49_SNP1 = structure(c(0, 
    3, 0, 4, 1467, 0), dim = 3:2, dimnames = list(c("-1", "0", 
    "1"), c("A", "G"))), LR52_SNP1 = structure(c(0, 0, 0, 0, 
    0, 0, 0, 0, 0, 1, 52, 1013, 1, 0, 0, 0, 0, 0, 0, 0, 0, 0, 
    0, 1, 1, 4, 0, 0), dim = c(7L, 4L), dimnames = list(c("-4", 
    "-3", "-2", "-1", "0", "1", "2"), c("-", "C", "G", "T"))))
