Result <-
list(DEPDC2_SNP1 = structure(c(0, 0, 0, 2, 643, 1, 0, 1, 0), dim = c(3L, 
3L), dimnames = list(c("-1", "0", "1"), c("A", "C", "T"))), GM01_SNP1 = structure(c(0, 
0, 0, 2, 202, 0, 0, 3, 0), dim = c(3L, 3L), dimnames = list(c("-1", 
"0", "1"), c("-", "A", "G"))), GM07_SNP1 = structure(c(0, 0, 
0, 0, 0, 0, 0, 0, 4, 338, 1, 0, 0, 1, 4, 164, 0, 0), dim = c(6L, 
3L), dimnames = list(c("-3", "-2", "-1", "0", "1", "2"), c("-", 
"A", "G"))), GM09_SNP1 = structure(c(0, 232, 0, 0, 219, 0), dim = 3:2, dimnames = list(
    c("-1", "0", "1"), c("A", "G"))), GM11_SNP1 = structure(c(1, 
12, 0, 10), dim = c(2L, 2L), dimnames = list(c("-1", "0"), c("A", 
"G"))), GM14_SNP1 = structure(c(0, 0, 158, 1, 0, 3, 183, 0), dim = c(4L, 
2L), dimnames = list(c("-2", "-1", "0", "1"), c("C", "T"))), 
    GM17_SNP1 = structure(c(0, 0, 0, 0, 0, 1, 630, 0, 0, 0, 235, 
    0), dim = 4:3, dimnames = list(c("-2", "-1", "0", "1"), c("A", 
    "C", "T"))), GM22_SNP1 = structure(c(0, 2, 15, 0, 0, 0, 6, 
    595, 1, 0), dim = c(5L, 2L), dimnames = list(c("-2", "-1", 
    "0", "1", "2"), c("A", "G"))), GM26_SNP1 = structure(c(0, 
    1, 508, 1, 0, 0, 0, 0, 0, 0, 0, 0), dim = 4:3, dimnames = list(
        c("-2", "-1", "0", "1"), c("A", "G", "T"))), GM29_SNP1 = structure(c(0, 
    0, 2, 546, 0, 0, 0, 0, 2, 0), dim = c(5L, 2L), dimnames = list(
        c("-3", "-2", "-1", "0", "1"), c("A", "G"))), IM16_SNP1 = structure(c(0, 
    35, 0, 0, 4, 0), dim = 3:2, dimnames = list(c("-1", "0", 
    "1"), c("A", "G"))), IM49_SNP1 = structure(c(0, 0, 1, 0, 
    4, 0, 0, 0, 1, 0, 0, 14, 607, 9, 0, 0), dim = c(8L, 2L), dimnames = list(
        c("-4", "-3", "-2", "-1", "0", "1", "2", "3"), c("C", 
        "G"))), LR10_SNP1 = structure(c(0, 0, 0, 0, 312, 0, 1, 
    251, 1), dim = c(3L, 3L), dimnames = list(c("-1", "0", "1"
    ), c("A", "C", "T"))), LR11_SNP1 = structure(c(0, 26, 0, 
    1, 2, 0), dim = 3:2, dimnames = list(c("-1", "0", "1"), c("A", 
    "C"))), LR17_SNP1 = structure(c(0, 0, 10, 958, 3, 0, 0, 0, 
    0, 0, 0, 0, 0, 0, 0, 0, 0, 0, 0, 0, 0, 0, 0, 0), dim = c(6L, 
    4L), dimnames = list(c("-3", "-2", "-1", "0", "1", "2"), 
        c("A", "C", "G", "T"))), LR20_SNP1 = structure(c(13, 
    19), dim = 1:2, dimnames = list("0", c("A", "G"))), LR24_SNP1 = structure(c(0, 
    0, 0, 0, 4, 0, 1, 92, 1), dim = c(3L, 3L), dimnames = list(
        c("-1", "0", "1"), c("-", "A", "G"))), LR36_SNP1 = structure(c(0, 
    1, 0, 3, 298, 1, 0, 0, 0, 0, 0, 0, 0, 0, 0, 0, 151, 1), dim = c(6L, 
    3L), dimnames = list(c("-4", "-3", "-2", "-1", "0", "1"), 
        c("A", "G", "T"))), LR40_SNP1 = structure(c(0, 1, 1, 
    14), dim = c(2L, 2L), dimnames = list(c("-1", "0"), c("A", 
    "C"))), LR44_SNP1 = structure(c(0, 4, 60, 0, 0, 0, 0, 109, 
    0, 0), dim = c(5L, 2L), dimnames = list(c("-2", "-1", "0", 
    "1", "2"), c("C", "T"))), LR46_SNP1 = structure(c(0, 5, 0, 
    4, 509, 1), dim = 3:2, dimnames = list(c("-1", "0", "1"), 
        c("G", "T"))), LR48_SNP1 = structure(c(0, 0, 0, 0, 0, 
    0, 0, 0, 7, 587, 1, 0, 0, 0, 0, 0, 0, 0, 0, 0, 0, 2, 0, 0
    ), dim = c(6L, 4L), dimnames = list(c("-3", "-2", "-1", "0", 
    "1", "2"), c("A", "C", "G", "T"))), LR49_SNP1 = structure(c(0, 
    417, 0, 0, 0, 0, 0, 438, 0, 0, 0, 0), dim = 3:4, dimnames = list(
        c("-1", "0", "1"), c("A", "C", "G", "T"))), LR52_SNP1 = structure(c(0, 
    0, 0, 0, 0, 0, 0, 0, 0, 7, 349, 0, 0, 0, 0, 0, 6, 0), dim = c(6L, 
    3L), dimnames = list(c("-4", "-3", "-2", "-1", "0", "1"), 
        c("A", "C", "T"))))
