Result <-
list(DEPDC2_SNP1 = structure(c(0, 0, 0, 1, 404, 0, 0, 1, 0, 0, 
760, 1), dim = 3:4, dimnames = list(c("-1", "0", "1"), c("A", 
"C", "G", "T"))), GM01_SNP1 = structure(c(1, 601, 1, 0, 0, 7, 
0, 0), dim = c(4L, 2L), dimnames = list(c("-1", "0", "1", "2"
), c("A", "G"))), GM07_SNP1 = structure(c(0, 0, 1, 0, 0, 0, 6, 
437, 2, 0, 0, 4, 322, 7, 0), dim = c(5L, 3L), dimnames = list(
    c("-2", "-1", "0", "1", "2"), c("-", "A", "G"))), GM09_SNP1 = structure(c(1, 
425, 1, 1, 369, 0), dim = 3:2, dimnames = list(c("-1", "0", "1"
), c("A", "G"))), GM11_SNP1 = structure(c(17, 0, 12, 0), dim = c(2L, 
2L), dimnames = list(c("0", "1"), c("A", "G"))), GM14_SNP1 = structure(c(0, 
0, 5, 325, 1, 0, 0, 1, 357, 0), dim = c(5L, 2L), dimnames = list(
    c("-3", "-2", "-1", "0", "1"), c("C", "T"))), GM17_SNP1 = structure(c(3, 
873, 0, 0, 0, 0, 1, 16, 0), dim = c(3L, 3L), dimnames = list(
    c("-1", "0", "1"), c("C", "G", "T"))), GM22_SNP1 = structure(c(0, 
4, 936, 1, 0, 0, 11, 0), dim = c(4L, 2L), dimnames = list(c("-2", 
"-1", "0", "1"), c("A", "G"))), GM26_SNP1 = structure(c(0, 0, 
1, 689, 0, 0, 0, 0, 4, 0), dim = c(5L, 2L), dimnames = list(c("-3", 
"-2", "-1", "0", "1"), c("A", "G"))), GM29_SNP1 = structure(c(0, 
0, 0, 11, 0, 0, 0, 0, 0, 0, 0, 0, 0, 629, 0, 0, 0, 0, 0, 0), dim = 5:4, dimnames = list(
    c("-3", "-2", "-1", "0", "1"), c("A", "C", "G", "T"))), IM16_SNP1 = structure(c(0, 
0, 4, 0, 0, 0, 1, 270, 0, 0), dim = c(5L, 2L), dimnames = list(
    c("-2", "-1", "0", "1", "2"), c("A", "G"))), IM49_SNP1 = structure(c(0, 
6, 760, 3, 0, 0, 0, 9, 0, 0), dim = c(5L, 2L), dimnames = list(
    c("-2", "-1", "0", "1", "2"), c("C", "G"))), LR10_SNP1 = structure(c(0, 
0, 0, 0, 0, 0, 4, 0, 0, 4, 818, 0), dim = 4:3, dimnames = list(
    c("-2", "-1", "0", "1"), c("A", "C", "T"))), LR11_SNP1 = structure(c(0, 
2, 56, 0, 0, 1, 0, 4, 0, 0), dim = c(5L, 2L), dimnames = list(
    c("-2", "-1", "0", "1", "2"), c("A", "C"))), LR17_SNP1 = structure(c(0, 
0, 18, 1235, 6, 1, 0, 0, 0, 0, 0, 0), dim = c(6L, 2L), dimnames = list(
    c("-3", "-2", "-1", "0", "1", "2"), c("A", "G"))), LR20_SNP1 = structure(c(0, 
50, 0, 0, 24, 0), dim = 3:2, dimnames = list(c("-1", "0", "1"
), c("A", "G"))), LR24_SNP1 = structure(c(2, 372, 0, 0, 5, 0), dim = 3:2, dimnames = list(
    c("-1", "0", "1"), c("A", "G"))), LR36_SNP1 = structure(c(0, 
0, 0, 0, 385, 2, 0, 0, 0, 0, 0, 0, 0, 0, 0, 4, 354, 0), dim = c(6L, 
3L), dimnames = list(c("-4", "-3", "-2", "-1", "0", "1"), c("A", 
"G", "T"))), LR40_SNP1 = structure(c(1, 0, 0, 1, 43, 0, 0, 0, 
0), dim = c(3L, 3L), dimnames = list(c("-1", "0", "1"), c("A", 
"C", "G"))), LR44_SNP1 = structure(c(1, 20, 411, 2, 0, 0, 0, 
0, 5, 0, 0, 1), dim = c(6L, 2L), dimnames = list(c("-2", "-1", 
"0", "1", "2", "7"), c("C", "T"))), LR46_SNP1 = structure(c(0, 
0, 0, 0, 0, 317, 1, 0, 3, 316, 0, 0), dim = 4:3, dimnames = list(
    c("-1", "0", "1", "2"), c("C", "G", "T"))), LR48_SNP1 = structure(c(0, 
13, 774, 3, 0, 0, 1, 2, 0, 0), dim = c(5L, 2L), dimnames = list(
    c("-2", "-1", "0", "1", "2"), c("C", "T"))), LR49_SNP1 = structure(c(0, 
509, 0, 2, 554, 0), dim = 3:2, dimnames = list(c("-1", "0", "1"
), c("A", "G"))), LR52_SNP1 = structure(c(0, 0, 0, 1, 0, 0, 0, 
1, 3, 0, 0, 1, 11, 477, 1), dim = c(5L, 3L), dimnames = list(
    c("-3", "-2", "-1", "0", "1"), c("A", "C", "T"))))
