Result <-
list(DEPDC2_SNP1 = structure(c(0, 12, 339, 13, 0, 0, 9, 0), dim = c(4L, 
2L), dimnames = list(c("-2", "-1", "0", "1"), c("C", "T"))), 
    GM01_SNP1 = structure(c(0, 3, 274, 2, 0, 0, 21, 0), dim = c(4L, 
    2L), dimnames = list(c("-2", "-1", "0", "1"), c("A", "G"))), 
    GM07_SNP1 = structure(c(0, 19, 71, 4, 0, 0, 1, 13, 66, 0, 
    0, 0), dim = c(6L, 2L), dimnames = list(c("-2", "-1", "0", 
    "1", "2", "3"), c("A", "G"))), GM09_SNP1 = structure(c(0, 
    197, 0, 0, 165, 0, 0, 0, 0), dim = c(3L, 3L), dimnames = list(
        c("-1", "0", "1"), c("A", "G", "T"))), GM11_SNP1 = structure(c(0, 
    0, 65, 0, 0, 0, 25, 0), dim = c(4L, 2L), dimnames = list(
        c("-4", "-1", "0", "1"), c("A", "G"))), GM14_SNP1 = structure(c(0, 
    0, 0, 0, 0, 8, 220, 5, 0, 0, 9, 0), dim = 4:3, dimnames = list(
        c("-2", "-1", "0", "1"), c("A", "C", "T"))), GM17_SNP1 = structure(c(0, 
    32, 197, 1, 0, 2, 35, 1), dim = c(4L, 2L), dimnames = list(
        c("-2", "-1", "0", "1"), c("C", "T"))), GM22_SNP1 = structure(c(0, 
    9, 323, 0, 0, 0, 0, 0, 0, 0, 1, 0), dim = 4:3, dimnames = list(
        c("-2", "-1", "0", "1"), c("A", "C", "G"))), GM26_SNP1 = structure(c(0, 
    0, 18, 0, 0, 0, 0, 115, 18, 0), dim = c(5L, 2L), dimnames = list(
        c("-2", "-1", "0", "1", "2"), c("A", "G"))), GM29_SNP1 = structure(c(0, 
    31, 229, 0, 0, 1, 11, 0), dim = c(4L, 2L), dimnames = list(
        c("-2", "-1", "0", "1"), c("A", "G"))), IM16_SNP1 = structure(c(0, 
    18, 0, 44, 130, 4), dim = 3:2, dimnames = list(c("-1", "0", 
    "1"), c("A", "G"))), IM49_SNP1 = structure(c(0, 1, 93, 520, 
    6, 0, 0, 0, 0, 8, 0, 0), dim = c(6L, 2L), dimnames = list(
        c("-3", "-2", "-1", "0", "1", "2"), c("C", "G"))), LR10_SNP1 = structure(c(0, 
    0, 0, 0, 0, 0, 15, 0, 0, 4, 206, 1), dim = 4:3, dimnames = list(
        c("-2", "-1", "0", "1"), c("-", "C", "T"))), LR11_SNP1 = structure(c(0, 
    0, 0, 0, 0, 2, 144, 0, 0, 26, 92, 0), dim = 4:3, dimnames = list(
        c("-2", "-1", "0", "1"), c("-", "A", "C"))), LR17_SNP1 = structure(c(2, 
    31, 516, 0, 0, 0, 0, 0, 0, 0, 0, 0), dim = 4:3, dimnames = list(
        c("-2", "-1", "0", "1"), c("A", "G", "T"))), LR20_SNP1 = structure(c(0, 
    0, 0, 0, 7, 0, 3, 182, 1), dim = c(3L, 3L), dimnames = list(
        c("-1", "0", "1"), c("-", "A", "G"))), LR24_SNP1 = structure(c(0, 
    0, 0, 0, 0, 0, 1, 25, 0, 0, 0, 17, 306, 0, 0), dim = c(5L, 
    3L), dimnames = list(c("-2", "-1", "0", "1", "2"), c("-", 
    "A", "G"))), LR36_SNP1 = structure(c(0, 0, 3, 53, 145, 0, 
    0, 0, 0, 0, 0, 0, 0, 0, 0, 0, 0, 0, 0, 0, 0, 0, 0, 2, 46, 
    120, 0, 1), dim = c(7L, 4L), dimnames = list(c("-4", "-3", 
    "-2", "-1", "0", "1", "2"), c("A", "C", "G", "T"))), LR40_SNP1 = structure(c(0, 
    45, 0, 0, 0, 52, 0, 0), dim = c(4L, 2L), dimnames = list(
        c("-1", "0", "1", "2"), c("A", "C"))), LR44_SNP1 = structure(c(0, 
    0, 4, 24, 59, 2, 0, 0, 0, 0, 0, 0, 0, 0, 0, 0, 0, 6, 75, 
    0, 0), dim = c(7L, 3L), dimnames = list(c("-4", "-3", "-2", 
    "-1", "0", "1", "2"), c("C", "G", "T"))), LR46_SNP1 = structure(c(0, 
    79, 1, 4, 87, 0), dim = 3:2, dimnames = list(c("-1", "0", 
    "1"), c("G", "T"))), LR48_SNP1 = structure(c(1, 100, 0, 0, 
    0, 0, 4, 112, 2), dim = c(3L, 3L), dimnames = list(c("-1", 
    "0", "1"), c("C", "G", "T"))), LR49_SNP1 = structure(c(5, 
    151, 0, 1, 175, 0), dim = 3:2, dimnames = list(c("-1", "0", 
    "1"), c("A", "G"))), LR52_SNP1 = structure(c(0, 0, 0, 0, 
    0, 1, 2, 19, 31, 0, 0, 3, 12, 47, 0), dim = c(5L, 3L), dimnames = list(
        c("-3", "-2", "-1", "0", "1"), c("A", "C", "T"))))
