Result <-
list(DEPDC2_SNP1 = structure(c(0, 0, 0, 0, 0, 0, 227, 2, 0, 1, 
184, 0), dim = 4:3, dimnames = list(c("-2", "-1", "0", "1"), 
    c("A", "C", "T"))), GM01_SNP1 = structure(c(0, 2, 169, 0, 
0, 0, 3, 0), dim = c(4L, 2L), dimnames = list(c("-2", "-1", "0", 
"1"), c("A", "G"))), GM07_SNP1 = structure(c(0, 0, 0, 0, 0, 0, 
0, 36, 50, 50, 1, 0, 0, 2, 36, 46, 2, 0, 0, 0, 0, 0, 0, 0), dim = c(6L, 
4L), dimnames = list(c("-3", "-2", "-1", "0", "1", "2"), c("-", 
"A", "G", "T"))), GM09_SNP1 = structure(c(1, 335, 0, 0, 9, 0), dim = 3:2, dimnames = list(
    c("-1", "0", "1"), c("A", "G"))), GM11_SNP1 = structure(c(1, 
10, 0, 4), dim = c(2L, 2L), dimnames = list(c("-1", "0"), c("A", 
"G"))), GM14_SNP1 = structure(c(1, 0, 62, 0, 0, 54, 99, 0), dim = c(4L, 
2L), dimnames = list(c("-2", "-1", "0", "1"), c("C", "T"))), 
    GM17_SNP1 = structure(c(17, 271, 2, 0, 0, 12, 0, 0), dim = c(4L, 
    2L), dimnames = list(c("-1", "0", "1", "2"), c("C", "T"))), 
    GM22_SNP1 = structure(c(0, 4, 188, 0, 0, 0, 5, 139, 0, 0), dim = c(5L, 
    2L), dimnames = list(c("-2", "-1", "0", "1", "2"), c("A", 
    "G"))), GM26_SNP1 = structure(c(0, 1, 101, 0, 0, 0, 0, 89, 
    0, 0), dim = c(5L, 2L), dimnames = list(c("-2", "-1", "0", 
    "1", "2"), c("A", "G"))), GM29_SNP1 = structure(c(0, 0, 1, 
    65, 0, 0, 3, 53, 122, 0), dim = c(5L, 2L), dimnames = list(
        c("-3", "-2", "-1", "0", "1"), c("A", "G"))), IM16_SNP1 = structure(c(0, 
    41, 0, 2, 20, 0), dim = 3:2, dimnames = list(c("-1", "0", 
    "1"), c("A", "G"))), IM49_SNP1 = structure(c(0, 0, 0, 1, 
    0, 0, 0, 104, 13, 255, 2, 0, 0, 0, 1, 94, 2, 0), dim = c(6L, 
    3L), dimnames = list(c("-3", "-2", "-1", "0", "1", "2"), 
        c("A", "C", "G"))), LR10_SNP1 = structure(c(0, 0, 3, 
    0, 0, 0, 2, 171, 39, 0), dim = c(5L, 2L), dimnames = list(
        c("-2", "-1", "0", "1", "2"), c("C", "T"))), LR11_SNP1 = structure(c(0, 
    37, 0, 0, 7, 0), dim = 3:2, dimnames = list(c("-1", "0", 
    "1"), c("A", "C"))), LR17_SNP1 = structure(c(1, 125, 358, 
    3, 0, 0, 0, 0), dim = c(4L, 2L), dimnames = list(c("-2", 
    "-1", "0", "1"), c("A", "G"))), LR20_SNP1 = structure(c(0, 
    18, 3, 7), dim = c(2L, 2L), dimnames = list(c("-1", "0"), 
        c("A", "G"))), LR24_SNP1 = structure(c(33, 70, 0, 4), dim = c(2L, 
    2L), dimnames = list(c("-1", "0"), c("A", "G"))), LR36_SNP1 = structure(c(0, 
    0, 0, 1, 3, 0, 0, 0, 0, 0, 0, 0, 0, 1, 66, 57, 148, 1), dim = c(6L, 
    3L), dimnames = list(c("-4", "-3", "-2", "-1", "0", "1"), 
        c("A", "G", "T"))), LR40_SNP1 = structure(c(1, 2, 0, 
    4), dim = c(2L, 2L), dimnames = list(c("-1", "0"), c("A", 
    "C"))), LR44_SNP1 = structure(c(1, 4, 41, 51, 1, 0, 0, 38, 
    0, 30, 0, 0), dim = c(6L, 2L), dimnames = list(c("-3", "-2", 
    "-1", "0", "1", "2"), c("C", "T"))), LR46_SNP1 = structure(c(0, 
    0, 116, 0, 1, 43, 38, 0), dim = c(4L, 2L), dimnames = list(
        c("-2", "-1", "0", "1"), c("G", "T"))), LR48_SNP1 = structure(c(0, 
    0, 0, 0, 45, 2, 77, 0, 1, 118, 66, 0), dim = 4:3, dimnames = list(
        c("-2", "-1", "0", "1"), c("A", "C", "T"))), LR49_SNP1 = structure(c(4, 
    207, 0, 0, 0, 0, 3, 217, 0), dim = c(3L, 3L), dimnames = list(
        c("-1", "0", "1"), c("A", "C", "G"))), LR52_SNP1 = structure(c(0, 
    9, 24, 30, 0, 1, 19, 2, 31, 0), dim = c(5L, 2L), dimnames = list(
        c("-3", "-2", "-1", "0", "1"), c("C", "T"))))
