Result <-
list(DEPDC2_SNP1 = structure(c(0, 0, 157, 44, 11, 0, 0, 239, 
0, 0), dim = c(5L, 2L), dimnames = list(c("-2", "-1", "0", "1", 
"2"), c("C", "T"))), GM01_SNP1 = structure(c(1, 95, 0, 0, 1, 
136, 14, 0, 0, 0, 0, 0), dim = 4:3, dimnames = list(c("-1", "0", 
"1", "2"), c("A", "G", "T"))), GM07_SNP1 = structure(c(1, 1, 
10, 0, 0, 1, 58, 213, 3, 0), dim = c(5L, 2L), dimnames = list(
    c("-2", "-1", "0", "1", "2"), c("A", "G"))), GM09_SNP1 = structure(c(0, 
13, 0, 4, 387, 1), dim = 3:2, dimnames = list(c("-1", "0", "1"
), c("A", "G"))), GM11_SNP1 = structure(c(1, 14, 0, 0, 2, 0), dim = 3:2, dimnames = list(
    c("-1", "0", "1"), c("A", "G"))), GM14_SNP1 = structure(c(0, 
0, 0, 0, 0, 3, 141, 1, 0, 7, 178, 0), dim = 4:3, dimnames = list(
    c("-2", "-1", "0", "1"), c("A", "C", "T"))), GM17_SNP1 = structure(c(0, 
29, 403, 0, 1, 0, 15, 0), dim = c(4L, 2L), dimnames = list(c("-2", 
"-1", "0", "1"), c("C", "T"))), GM22_SNP1 = structure(c(0, 71, 
333, 0, 0, 0, 2, 0), dim = c(4L, 2L), dimnames = list(c("-2", 
"-1", "0", "1"), c("A", "G"))), GM26_SNP1 = structure(c(0, 0, 
1, 138, 0, 0, 0, 0, 129, 0), dim = c(5L, 2L), dimnames = list(
    c("-3", "-2", "-1", "0", "1"), c("A", "G"))), GM29_SNP1 = structure(c(3, 
44, 158, 0, 0, 0, 145, 0, 0, 0, 0, 0), dim = 4:3, dimnames = list(
    c("-2", "-1", "0", "1"), c("A", "G", "T"))), IM16_SNP1 = structure(c(0, 
6, 0, 2, 48, 0), dim = 3:2, dimnames = list(c("-1", "0", "1"), 
    c("A", "G"))), IM49_SNP1 = structure(c(0, 15, 744, 7, 0, 
1, 0, 1, 9, 0, 0, 0), dim = c(6L, 2L), dimnames = list(c("-2", 
"-1", "0", "1", "2", "3"), c("C", "G"))), LR10_SNP1 = structure(c(0, 
0, 5, 0, 1, 4, 349, 2), dim = c(4L, 2L), dimnames = list(c("-2", 
"-1", "0", "1"), c("C", "T"))), LR11_SNP1 = structure(c(0, 0, 
2, 0, 1, 0, 22, 2), dim = c(4L, 2L), dimnames = list(c("-2", 
"-1", "0", "1"), c("A", "C"))), LR17_SNP1 = structure(c(0, 2, 
53, 712, 3, 0, 0, 0, 0, 0, 0, 0), dim = c(6L, 2L), dimnames = list(
    c("-3", "-2", "-1", "0", "1", "2"), c("A", "G"))), LR20_SNP1 = structure(c(0, 
5, 0, 21), dim = c(2L, 2L), dimnames = list(c("-1", "0"), c("A", 
"G"))), LR24_SNP1 = structure(c(0, 0, 65, 0, 0, 1, 66, 0), dim = c(4L, 
2L), dimnames = list(c("-2", "-1", "0", "1"), c("A", "G"))), 
    LR36_SNP1 = structure(c(0, 0, 0, 0, 13, 0, 0, 0, 0, 0, 0, 
    0, 0, 0, 0, 0, 0, 0, 0, 0, 0, 0, 0, 0, 0, 0, 0, 5, 326, 1, 
    0, 0), dim = c(8L, 4L), dimnames = list(c("-4", "-3", "-2", 
    "-1", "0", "1", "2", "4"), c("A", "C", "G", "T"))), LR40_SNP1 = structure(c(2, 
    13), dim = 2:1, dimnames = list(c("-1", "0"), "C")), LR44_SNP1 = structure(c(0, 
    0, 0, 2, 0, 0, 0, 0, 8, 127, 13, 0), dim = c(6L, 2L), dimnames = list(
        c("-3", "-2", "-1", "0", "1", "2"), c("C", "T"))), LR46_SNP1 = structure(c(0, 
    0, 0, 3, 159, 0, 0, 96, 0), dim = c(3L, 3L), dimnames = list(
        c("-1", "0", "1"), c("-", "G", "T"))), LR48_SNP1 = structure(c(0, 
    0, 0, 0, 0, 0, 7, 290, 64, 0, 0, 1, 2, 0, 0), dim = c(5L, 
    3L), dimnames = list(c("-2", "-1", "0", "1", "2"), c("A", 
    "C", "T"))), LR49_SNP1 = structure(c(0, 0, 0, 5, 348, 0, 
    1, 182, 0), dim = c(3L, 3L), dimnames = list(c("-1", "0", 
    "1"), c("-", "A", "G"))), LR52_SNP1 = structure(c(1, 0, 1, 
    1, 3, 0, 0, 0, 0, 0, 0, 0, 0, 2, 31, 19, 96, 1), dim = c(6L, 
    3L), dimnames = list(c("-4", "-3", "-2", "-1", "0", "1"), 
        c("C", "G", "T"))))
