Result <-
list(DEPDC2_SNP1 = structure(c(0, 0, 269, 0, 0, 0, 408, 0), dim = c(4L, 
2L), dimnames = list(c("-2", "-1", "0", "1"), c("C", "T"))), 
    GM01_SNP1 = structure(c(0, 579, 0, 2, 396, 0, 0, 0, 0), dim = c(3L, 
    3L), dimnames = list(c("-1", "0", "1"), c("A", "G", "T"))), 
    GM07_SNP1 = structure(c(0, 0, 0, 0, 0, 0, 10, 582, 2, 0, 
    0, 0, 2, 0, 0), dim = c(5L, 3L), dimnames = list(c("-2", 
    "-1", "0", "1", "2"), c("-", "A", "G"))), GM09_SNP1 = structure(c(3, 
    780, 2, 0, 8, 0, 0, 0, 0), dim = c(3L, 3L), dimnames = list(
        c("-1", "0", "1"), c("A", "G", "T"))), GM11_SNP1 = structure(c(0, 
    0, 0, 0, 0, 0, 562, 1, 0, 0, 1, 0, 0, 0, 1, 0), dim = c(4L, 
    4L), dimnames = list(c("-2", "-1", "0", "1"), c("-", "A", 
    "G", "T"))), GM14_SNP1 = structure(c(1, 5, 626, 1, 0, 1, 
    2, 0), dim = c(4L, 2L), dimnames = list(c("-2", "-1", "0", 
    "1"), c("C", "T"))), GM17_SNP1 = structure(c(3, 879, 0, 0, 
    2, 0), dim = 3:2, dimnames = list(c("-1", "0", "1"), c("C", 
    "T"))), GM22_SNP1 = structure(c(0, 4, 907, 1, 0, 0, 4, 0), dim = c(4L, 
    2L), dimnames = list(c("-2", "-1", "0", "1"), c("A", "G"))), 
    GM26_SNP1 = structure(c(1, 0, 3, 0, 0, 1, 427, 0), dim = c(4L, 
    2L), dimnames = list(c("-2", "-1", "0", "1"), c("A", "G"))), 
    GM29_SNP1 = structure(c(0, 1, 326, 0, 0, 1, 373, 0, 0, 0, 
    0, 0), dim = 4:3, dimnames = list(c("-2", "-1", "0", "1"), 
        c("A", "G", "T"))), IM16_SNP1 = structure(c(0, 295, 2, 
    0, 2, 383, 1, 0), dim = c(4L, 2L), dimnames = list(c("-1", 
    "0", "1", "2"), c("A", "G"))), IM49_SNP1 = structure(c(1, 
    1, 6, 0, 0, 0, 6, 574, 5, 0), dim = c(5L, 2L), dimnames = list(
        c("-2", "-1", "0", "1", "2"), c("C", "G"))), LR10_SNP1 = structure(c(1, 
    2, 0, 1, 689, 0), dim = 3:2, dimnames = list(c("-1", "0", 
    "1"), c("C", "T"))), LR11_SNP1 = structure(c(0, 3, 431, 1, 
    0, 1, 328, 1, 0, 0, 0, 0), dim = 4:3, dimnames = list(c("-2", 
    "-1", "0", "1"), c("A", "C", "G"))), LR17_SNP1 = structure(c(0, 
    1, 15, 1369, 4, 1, 0, 0, 0, 0, 0, 0), dim = c(6L, 2L), dimnames = list(
        c("-3", "-2", "-1", "0", "1", "2"), c("A", "G"))), LR20_SNP1 = structure(c(0, 
    7, 0, 1, 959, 0, 0, 0, 0), dim = c(3L, 3L), dimnames = list(
        c("-1", "0", "1"), c("A", "G", "T"))), LR24_SNP1 = structure(c(0, 
    6, 0, 0, 1, 946, 0, 0), dim = c(4L, 2L), dimnames = list(
        c("-1", "0", "1", "2"), c("A", "G"))), LR36_SNP1 = structure(c(0, 
    0, 0, 0, 222, 2, 0, 0, 0, 0, 0, 0, 0, 0, 0, 0, 1, 1, 481, 
    0, 0), dim = c(7L, 3L), dimnames = list(c("-5", "-3", "-2", 
    "-1", "0", "1", "2"), c("A", "G", "T"))), LR40_SNP1 = structure(c(0, 
    0, 747, 0, 0, 0, 0, 0), dim = c(4L, 2L), dimnames = list(
        c("-2", "-1", "0", "1"), c("C", "T"))), LR44_SNP1 = structure(c(0, 
    0, 1, 142, 1, 0, 0, 0, 4, 141, 4, 0), dim = c(6L, 2L), dimnames = list(
        c("-4", "-2", "-1", "0", "1", "2"), c("C", "T"))), LR46_SNP1 = structure(c(0, 
    246, 0, 0, 233, 1), dim = 3:2, dimnames = list(c("-1", "0", 
    "1"), c("G", "T"))), LR48_SNP1 = structure(c(0, 0, 0, 2, 
    0, 0, 0, 0, 7, 652, 2, 0, 0, 0, 0, 2, 0, 0), dim = c(6L, 
    3L), dimnames = list(c("-3", "-2", "-1", "0", "1", "2"), 
        c("A", "C", "T"))), LR49_SNP1 = structure(c(0, 5, 0, 
    0, 698, 0), dim = 3:2, dimnames = list(c("-1", "0", "1"), 
        c("A", "G"))), LR52_SNP1 = structure(c(0, 0, 0, 0, 0, 
    0, 0, 0, 0, 21, 425, 2, 0, 0, 0, 0, 6, 0), dim = c(6L, 3L
    ), dimnames = list(c("-4", "-3", "-2", "-1", "0", "1"), c("A", 
    "C", "T"))))
