Result <-
list(DEPDC2_SNP1 = structure(c(0, 2, 1259, 0, 0, 0, 2, 0), dim = c(4L, 
2L), dimnames = list(c("-2", "-1", "0", "1"), c("C", "T"))), 
    GM01_SNP1 = structure(c(0, 5, 812, 1, 0, 0, 0, 804, 0, 0), dim = c(5L, 
    2L), dimnames = list(c("-2", "-1", "0", "1", "2"), c("A", 
    "G"))), GM07_SNP1 = structure(c(0, 0, 0, 0, 0, 0, 0, 2, 477, 
    576, 7, 0, 0, 0, 0, 0, 0, 0), dim = c(6L, 3L), dimnames = list(
        c("-3", "-2", "-1", "0", "1", "2"), c("-", "A", "G"))), 
    GM09_SNP1 = structure(c(2, 813, 1, 1, 336, 0), dim = 3:2, dimnames = list(
        c("-1", "0", "1"), c("A", "G"))), GM11_SNP1 = structure(c(1, 
    1089, 1, 0, 3, 0, 0, 0, 0), dim = c(3L, 3L), dimnames = list(
        c("-1", "0", "1"), c("A", "G", "T"))), GM14_SNP1 = structure(c(0, 
    0, 0, 0, 0, 7, 1054, 2, 0, 0, 1, 0), dim = 4:3, dimnames = list(
        c("-2", "-1", "0", "1"), c("A", "C", "T"))), GM17_SNP1 = structure(c(0, 
    0, 0, 0, 1265, 1, 0, 0, 0, 0, 3, 0), dim = 3:4, dimnames = list(
        c("-1", "0", "1"), c("A", "C", "G", "T"))), GM22_SNP1 = structure(c(0, 
    4, 591, 3, 0, 4, 585, 0), dim = c(4L, 2L), dimnames = list(
        c("-2", "-1", "0", "1"), c("A", "G"))), GM26_SNP1 = structure(c(0, 
    1, 836, 0, 0, 0, 4, 0), dim = c(4L, 2L), dimnames = list(
        c("-2", "-1", "0", "1"), c("A", "G"))), GM29_SNP1 = structure(c(0, 
    0, 0, 0, 0, 1, 424, 0, 0, 0, 410, 0), dim = 4:3, dimnames = list(
        c("-2", "-1", "0", "1"), c("-", "A", "G"))), IM16_SNP1 = structure(c(0, 
    881, 8, 0, 2, 6, 0, 0), dim = c(4L, 2L), dimnames = list(
        c("-1", "0", "1", "2"), c("A", "G"))), IM49_SNP1 = structure(c(0, 
    0, 0, 0, 0, 0, 0, 0, 9, 690, 4, 0, 0, 0, 0, 9, 0, 0), dim = c(6L, 
    3L), dimnames = list(c("-3", "-2", "-1", "0", "1", "3"), 
        c("A", "C", "G"))), LR10_SNP1 = structure(c(0, 0, 0, 
    0, 0, 0, 2, 590, 1, 3, 614, 0), dim = 3:4, dimnames = list(
        c("-1", "0", "1"), c("-", "A", "C", "T"))), LR11_SNP1 = structure(c(0, 
    0, 4, 0, 0, 0, 8, 1317, 5, 0, 0, 0, 1, 0, 0), dim = c(5L, 
    3L), dimnames = list(c("-2", "-1", "0", "1", "2"), c("A", 
    "C", "T"))), LR17_SNP1 = structure(c(1, 0, 24, 1513, 3, 0, 
    0, 0, 0, 0, 0, 0), dim = c(6L, 2L), dimnames = list(c("-3", 
    "-2", "-1", "0", "1", "2"), c("A", "G"))), LR20_SNP1 = structure(c(0, 
    0, 0, 0, 1275, 1, 0, 3, 0), dim = c(3L, 3L), dimnames = list(
        c("-1", "0", "1"), c("-", "A", "G"))), LR24_SNP1 = structure(c(0, 
    1, 601, 0, 0, 1, 609, 2), dim = c(4L, 2L), dimnames = list(
        c("-2", "-1", "0", "1"), c("A", "G"))), LR36_SNP1 = structure(c(0, 
    0, 0, 6, 0, 0, 0, 0, 0, 0, 1, 1, 4, 981, 2), dim = c(5L, 
    3L), dimnames = list(c("-4", "-2", "-1", "0", "1"), c("A", 
    "G", "T"))), LR40_SNP1 = structure(c(2, 956, 1, 0, 0, 0, 
    0, 0), dim = c(4L, 2L), dimnames = list(c("-1", "0", "1", 
    "2"), c("C", "T"))), LR44_SNP1 = structure(c(0, 0, 1, 0, 
    0, 1, 23, 577, 4, 0), dim = c(5L, 2L), dimnames = list(c("-2", 
    "-1", "0", "1", "2"), c("C", "T"))), LR46_SNP1 = structure(c(0, 
    0, 0, 0, 0, 183, 0, 0, 2, 440, 0, 0), dim = 4:3, dimnames = list(
        c("-1", "0", "1", "2"), c("A", "G", "T"))), LR48_SNP1 = structure(c(0, 
    0, 0, 0, 0, 0, 7, 503, 2, 0, 0, 1, 516, 1, 0), dim = c(5L, 
    3L), dimnames = list(c("-2", "-1", "0", "1", "2"), c("A", 
    "C", "T"))), LR49_SNP1 = structure(c(0, 3, 0, 0, 1070, 0), dim = 3:2, dimnames = list(
        c("-1", "0", "1"), c("A", "G"))), LR52_SNP1 = structure(c(0, 
    0, 0, 0, 0, 0, 0, 0, 0, 0, 0, 2, 35, 948, 1, 0, 2, 0, 4, 
    0), dim = 5:4, dimnames = list(c("-3", "-2", "-1", "0", "1"
    ), c("-", "A", "C", "T"))))
