Result <-
list(DEPDC2_SNP1 = structure(c(0, 433, 1, 3, 279, 0), dim = 3:2, dimnames = list(
    c("-1", "0", "1"), c("C", "T"))), GM01_SNP1 = structure(c(4, 
406, 0, 0, 0, 0, 1, 378, 1), dim = c(3L, 3L), dimnames = list(
    c("-1", "0", "1"), c("A", "C", "G"))), GM07_SNP1 = structure(c(0, 
8, 488, 10, 1, 0, 0, 1, 0, 0, 0, 0, 0, 0, 0), dim = c(5L, 3L), dimnames = list(
    c("-2", "-1", "0", "1", "2"), c("A", "G", "T"))), GM09_SNP1 = structure(c(0, 
468, 1, 0, 0, 0, 2, 414, 0, 0, 0, 0), dim = 3:4, dimnames = list(
    c("-1", "0", "1"), c("A", "C", "G", "T"))), GM11_SNP1 = structure(c(1, 
6, 0, 0, 0, 0, 0, 412, 1, 0, 1, 0), dim = 3:4, dimnames = list(
    c("-1", "0", "1"), c("A", "C", "G", "T"))), GM14_SNP1 = structure(c(0, 
0, 10, 633, 3, 0, 0, 0, 0, 7, 0, 0), dim = c(6L, 2L), dimnames = list(
    c("-3", "-2", "-1", "0", "1", "2"), c("C", "T"))), GM17_SNP1 = structure(c(0, 
1, 10, 0, 0, 2, 672, 0), dim = c(4L, 2L), dimnames = list(c("-2", 
"-1", "0", "1"), c("C", "T"))), GM22_SNP1 = structure(c(2, 572, 
0, 0, 3, 0), dim = 3:2, dimnames = list(c("-1", "0", "1"), c("A", 
"G"))), GM26_SNP1 = structure(c(0, 0, 303, 1, 0, 0, 3, 0), dim = c(4L, 
2L), dimnames = list(c("-2", "-1", "0", "1"), c("A", "G"))), 
    GM29_SNP1 = structure(c(0, 2, 515, 0, 0, 0, 6, 0), dim = c(4L, 
    2L), dimnames = list(c("-2", "-1", "0", "1"), c("A", "G"))), 
    IM16_SNP1 = structure(c(0, 2, 0, 0, 0, 0, 1, 530, 1, 0, 0, 
    0), dim = 3:4, dimnames = list(c("-1", "0", "1"), c("A", 
    "C", "G", "T"))), IM49_SNP1 = structure(c(0, 0, 0, 1, 0, 
    0, 0, 0, 0, 2, 332, 4, 0, 0, 0, 0, 2, 281, 2, 0, 0), dim = c(7L, 
    3L), dimnames = list(c("-3", "-2", "-1", "0", "1", "2", "3"
    ), c("A", "C", "G"))), LR10_SNP1 = structure(c(0, 1, 0, 0, 
    0, 253, 1, 0, 0, 278, 0, 0), dim = 4:3, dimnames = list(c("-1", 
    "0", "1", "2"), c("A", "C", "T"))), LR11_SNP1 = structure(c(0, 
    0, 0, 5, 0, 0, 0, 0, 4, 740, 1, 0, 0, 0, 0, 0, 0, 0), dim = c(6L, 
    3L), dimnames = list(c("-3", "-2", "-1", "0", "1", "2"), 
        c("A", "C", "T"))), LR17_SNP1 = structure(c(0, 0, 15, 
    919, 5, 0, 0, 0, 0, 0, 0, 0), dim = c(6L, 2L), dimnames = list(
        c("-3", "-2", "-1", "0", "1", "2"), c("A", "G"))), LR20_SNP1 = structure(c(0, 
    280, 0, 2, 320, 1), dim = 3:2, dimnames = list(c("-1", "0", 
    "1"), c("A", "G"))), LR24_SNP1 = structure(c(0, 360, 0, 0, 
    1, 362, 0, 0), dim = c(4L, 2L), dimnames = list(c("-1", "0", 
    "1", "2"), c("A", "G"))), LR36_SNP1 = structure(c(0, 0, 1, 
    18, 0, 0, 0, 0, 0, 0, 0, 0, 0, 0, 3, 608, 2, 2), dim = c(6L, 
    3L), dimnames = list(c("-3", "-2", "-1", "0", "1", "5"), 
        c("A", "G", "T"))), LR40_SNP1 = structure(c(0, 0, 6, 
    0, 0, 1, 394, 1), dim = c(4L, 2L), dimnames = list(c("-2", 
    "-1", "0", "1"), c("A", "C"))), LR44_SNP1 = structure(c(0, 
    0, 0, 0, 0, 0, 3, 143, 0, 0, 0, 0, 1, 0, 0, 0, 9, 218, 2, 
    0), dim = 5:4, dimnames = list(c("-2", "-1", "0", "1", "2"
    ), c("A", "C", "G", "T"))), LR46_SNP1 = structure(c(1, 358, 
    0, 1, 8, 0), dim = 3:2, dimnames = list(c("-1", "0", "1"), 
        c("G", "T"))), LR48_SNP1 = structure(c(0, 3, 352, 2, 
    0, 3, 232, 1), dim = c(4L, 2L), dimnames = list(c("-2", "-1", 
    "0", "1"), c("C", "T"))), LR49_SNP1 = structure(c(0, 7, 1, 
    580), dim = c(2L, 2L), dimnames = list(c("-1", "0"), c("A", 
    "G"))), LR52_SNP1 = structure(c(0, 0, 9, 143, 0, 0, 2, 3, 
    150, 1), dim = c(5L, 2L), dimnames = list(c("-3", "-2", "-1", 
    "0", "1"), c("C", "T"))))
