Result <-
list(DEPDC2_SNP1 = structure(c(0, 0, 0, 0, 249, 2, 0, 0, 0, 2, 
1192, 2), dim = 3:4, dimnames = list(c("-1", "0", "1"), c("A", 
"C", "G", "T"))), GM01_SNP1 = structure(c(0, 2, 729, 1, 0, 3, 
1026, 0, 0, 0, 0, 0), dim = 4:3, dimnames = list(c("-2", "-1", 
"0", "1"), c("A", "G", "T"))), GM07_SNP1 = structure(c(0, 0, 
0, 0, 0, 0, 8, 607, 5, 0, 0, 9, 410, 2, 0, 0, 0, 0, 0, 0), dim = 5:4, dimnames = list(
    c("-2", "-1", "0", "1", "2"), c("-", "A", "G", "T"))), GM09_SNP1 = structure(c(6, 
1136, 2, 2, 562, 0), dim = 3:2, dimnames = list(c("-1", "0", 
"1"), c("A", "G"))), GM11_SNP1 = structure(c(0, 0, 7, 0, 0, 0, 
0, 0, 0, 3, 1251, 3, 0, 0, 0, 0), dim = c(4L, 4L), dimnames = list(
    c("-2", "-1", "0", "1"), c("A", "C", "G", "T"))), GM14_SNP1 = structure(c(0, 
0, 0, 0, 0, 0, 0, 0, 11, 1333, 5, 0, 0, 0, 0, 0, 0, 0, 0, 0, 
0, 4, 0, 0), dim = c(6L, 4L), dimnames = list(c("-3", "-2", "-1", 
"0", "1", "2"), c("A", "C", "G", "T"))), GM17_SNP1 = structure(c(0, 
0, 0, 0, 0, 6, 1382, 1, 0, 0, 9, 0), dim = 4:3, dimnames = list(
    c("-2", "-1", "0", "1"), c("A", "C", "T"))), GM22_SNP1 = structure(c(0, 
1, 855, 1, 0, 0, 0, 539, 0, 0), dim = c(5L, 2L), dimnames = list(
    c("-2", "-1", "0", "1", "2"), c("A", "G"))), GM26_SNP1 = structure(c(0, 
1, 941, 0, 0, 0, 0, 1, 0, 0), dim = c(5L, 2L), dimnames = list(
    c("-2", "-1", "0", "1", "2"), c("A", "G"))), GM29_SNP1 = structure(c(0, 
6, 1001, 0, 0, 0, 3, 0), dim = c(4L, 2L), dimnames = list(c("-2", 
"-1", "0", "1"), c("A", "G"))), IM16_SNP1 = structure(c(1, 784, 
2, 2, 314, 4, 0, 1, 0), dim = c(3L, 3L), dimnames = list(c("-1", 
"0", "1"), c("A", "G", "T"))), IM49_SNP1 = structure(c(0, 6, 
390, 4, 0, 0, 5, 362, 0, 0), dim = c(5L, 2L), dimnames = list(
    c("-2", "-1", "0", "1", "2"), c("C", "G"))), LR10_SNP1 = structure(c(0, 
0, 3, 539, 1, 0, 0, 0, 2, 617, 0, 0), dim = c(6L, 2L), dimnames = list(
    c("-3", "-2", "-1", "0", "1", "2"), c("C", "T"))), LR11_SNP1 = structure(c(0, 
5, 705, 0, 0, 0, 5, 1103, 1, 0), dim = c(5L, 2L), dimnames = list(
    c("-2", "-1", "0", "1", "2"), c("A", "C"))), LR17_SNP1 = structure(c(0, 
1, 33, 1628, 2, 0, 0, 0, 0, 0, 0, 0, 0, 0, 0, 0, 0, 0), dim = c(6L, 
3L), dimnames = list(c("-3", "-2", "-1", "0", "1", "2"), c("A", 
"G", "T"))), LR20_SNP1 = structure(c(0, 0, 0, 0, 0, 2, 551, 0, 
0, 1, 604, 1, 0, 0, 0, 0), dim = c(4L, 4L), dimnames = list(c("-2", 
"-1", "0", "1"), c("-", "A", "G", "T"))), LR24_SNP1 = structure(c(5, 
1597, 2, 0, 0, 0, 0, 1, 0), dim = c(3L, 3L), dimnames = list(
    c("-1", "0", "1"), c("A", "C", "G"))), LR36_SNP1 = structure(c(0, 
0, 0, 0, 0, 0, 11, 920, 4, 1, 0, 0, 0, 0, 0, 0, 2, 275, 1, 0), dim = 5:4, dimnames = list(
    c("-2", "-1", "0", "1", "3"), c("-", "A", "G", "T"))), LR40_SNP1 = structure(c(0, 
0, 2, 1182, 3), dim = c(5L, 1L), dimnames = list(c("-3", "-2", 
"-1", "0", "1"), "C")), LR44_SNP1 = structure(c(0, 0, 4, 1, 0, 
0, 1, 0, 0, 22, 537, 6), dim = 4:3, dimnames = list(c("-2", "-1", 
"0", "1"), c("C", "G", "T"))), LR46_SNP1 = structure(c(0, 0, 
0, 0, 0, 0, 2, 734, 1, 1, 357, 0), dim = 3:4, dimnames = list(
    c("-1", "0", "1"), c("-", "C", "G", "T"))), LR48_SNP1 = structure(c(0, 
0, 0, 0, 0, 0, 0, 0, 11, 1141, 5, 0, 0, 0, 0, 1, 0, 0), dim = c(6L, 
3L), dimnames = list(c("-3", "-2", "-1", "0", "1", "3"), c("A", 
"C", "T"))), LR49_SNP1 = structure(c(0, 0, 3, 0, 0, 1, 1243, 
0, 0, 0, 0, 0), dim = 4:3, dimnames = list(c("-2", "-1", "0", 
"1"), c("A", "G", "T"))), LR52_SNP1 = structure(c(0, 1, 4, 19, 
363, 0, 0, 0, 0, 1, 13, 385, 1, 0), dim = c(7L, 2L), dimnames = list(
    c("-4", "-3", "-2", "-1", "0", "1", "2"), c("C", "T"))))
