Result <-
list(DEPDC2_SNP1 = structure(c(0, 0, 0, 0, 248, 0, 0, 303, 0), dim = c(3L, 
3L), dimnames = list(c("-1", "0", "1"), c("A", "C", "T"))), GM01_SNP1 = structure(c(0, 
3, 796, 0, 0, 0, 0, 0, 0, 0, 3, 0, 0, 0, 0, 0), dim = c(4L, 4L
), dimnames = list(c("-2", "-1", "0", "1"), c("A", "C", "G", 
"T"))), GM07_SNP1 = structure(c(0, 2, 214, 4, 0, 0, 3, 208, 3, 
0), dim = c(5L, 2L), dimnames = list(c("-2", "-1", "0", "1", 
"2"), c("A", "G"))), GM09_SNP1 = structure(c(1, 655, 0, 0, 4, 
0), dim = 3:2, dimnames = list(c("-1", "0", "1"), c("A", "G"))), 
    GM11_SNP1 = structure(c(0, 400, 0, 0, 2, 0), dim = 3:2, dimnames = list(
        c("-1", "0", "1"), c("A", "G"))), GM14_SNP1 = structure(c(0, 
    0, 0, 0, 0, 3, 171, 0, 0, 0, 263, 1), dim = 4:3, dimnames = list(
        c("-2", "-1", "0", "1"), c("A", "C", "T"))), GM17_SNP1 = structure(c(0, 
    0, 3, 0, 0, 0, 3, 604, 0, 0), dim = c(5L, 2L), dimnames = list(
        c("-2", "-1", "0", "1", "2"), c("C", "T"))), GM22_SNP1 = structure(c(0, 
    0, 0, 0, 0, 1, 3, 559, 3, 0, 0, 0, 2, 0, 0), dim = c(5L, 
    3L), dimnames = list(c("-2", "-1", "0", "1", "2"), c("-", 
    "A", "G"))), GM26_SNP1 = structure(c(2, 261, 0, 0, 3, 0), dim = 3:2, dimnames = list(
        c("-1", "0", "1"), c("A", "G"))), GM29_SNP1 = structure(c(0, 
    2, 479, 4, 0, 0, 3, 0, 0, 0, 0, 0), dim = 4:3, dimnames = list(
        c("-2", "-1", "0", "1"), c("A", "G", "T"))), IM16_SNP1 = structure(c(0, 
    0, 2, 0, 0, 0, 0, 0, 0, 0, 0, 1, 476, 1, 0, 0, 0, 0, 0, 0
    ), dim = 5:4, dimnames = list(c("-2", "-1", "0", "1", "2"
    ), c("A", "C", "G", "T"))), IM49_SNP1 = structure(c(0, 6, 
    479, 1, 0, 0, 0, 4, 0, 0), dim = c(5L, 2L), dimnames = list(
        c("-2", "-1", "0", "1", "2"), c("C", "G"))), LR10_SNP1 = structure(c(0, 
    0, 0, 3, 447, 0, 0, 4, 0), dim = c(3L, 3L), dimnames = list(
        c("-1", "0", "1"), c("A", "C", "T"))), LR11_SNP1 = structure(c(0, 
    3, 689, 1, 0, 0, 3, 0, 0, 0, 1, 0, 0, 0, 0, 0), dim = c(4L, 
    4L), dimnames = list(c("-2", "-1", "0", "1"), c("A", "C", 
    "G", "T"))), LR17_SNP1 = structure(c(0, 0, 12, 838, 4, 0, 
    0, 0, 0, 0, 0, 0), dim = c(6L, 2L), dimnames = list(c("-3", 
    "-2", "-1", "0", "1", "2"), c("A", "G"))), LR20_SNP1 = structure(c(0, 
    278, 0, 0, 0, 0, 0, 309, 0), dim = c(3L, 3L), dimnames = list(
        c("-1", "0", "1"), c("A", "C", "G"))), LR24_SNP1 = structure(c(0, 
    0, 0, 0, 3, 349, 0, 0, 1, 269, 0, 0), dim = 4:3, dimnames = list(
        c("-1", "0", "1", "2"), c("-", "A", "G"))), LR36_SNP1 = structure(c(0, 
    0, 1, 290, 1, 0, 0, 0, 0, 0, 0, 0, 2, 331, 1), dim = c(5L, 
    3L), dimnames = list(c("-3", "-2", "-1", "0", "1"), c("A", 
    "G", "T"))), LR40_SNP1 = structure(c(0, 0, 1, 0, 0, 0, 0, 
    405, 1, 0), dim = c(5L, 2L), dimnames = list(c("-2", "-1", 
    "0", "1", "2"), c("A", "C"))), LR44_SNP1 = structure(c(0, 
    0, 0, 0, 0, 0, 0, 8, 251, 4, 0, 0, 0, 2, 0, 1, 0, 0, 5, 0
    ), dim = 5:4, dimnames = list(c("-3", "-2", "-1", "0", "1"
    ), c("A", "C", "G", "T"))), LR46_SNP1 = structure(c(1, 165, 
    0, 0, 185, 0), dim = 3:2, dimnames = list(c("-1", "0", "1"
    ), c("G", "T"))), LR48_SNP1 = structure(c(0, 0, 0, 0, 0, 
    0, 2, 220, 0, 0, 0, 3, 198, 0, 0), dim = c(5L, 3L), dimnames = list(
        c("-2", "-1", "0", "1", "2"), c("A", "C", "T"))), LR49_SNP1 = structure(c(0, 
    1, 0, 2, 476, 0), dim = 3:2, dimnames = list(c("-1", "0", 
    "1"), c("A", "G"))), LR52_SNP1 = structure(c(0, 0, 0, 0, 
    0, 0, 0, 1, 0, 5, 145, 1, 1, 0, 0, 3, 164, 1), dim = c(6L, 
    3L), dimnames = list(c("-4", "-3", "-2", "-1", "0", "1"), 
        c("A", "C", "T"))))
