Result <-
list(DEPDC2_SNP1 = structure(c(0, 0, 0, 0, 1, 159, 120, 0, 0, 
0, 0, 0, 0, 13, 0, 0), dim = c(4L, 4L), dimnames = list(c("-1", 
"0", "1", "2"), c("A", "C", "G", "T"))), GM01_SNP1 = structure(c(1, 
318, 0, 0, 5, 0), dim = 3:2, dimnames = list(c("-1", "0", "1"
), c("A", "G"))), GM07_SNP1 = structure(c(0, 2, 99, 3, 0, 0, 
3, 100, 2, 0), dim = c(5L, 2L), dimnames = list(c("-2", "-1", 
"0", "1", "2"), c("A", "G"))), GM09_SNP1 = structure(c(4, 190, 
0, 2, 277, 0), dim = 3:2, dimnames = list(c("-1", "0", "1"), 
    c("A", "G"))), GM11_SNP1 = structure(c(1, 63, 0, 0, 0, 84, 
0, 0), dim = c(4L, 2L), dimnames = list(c("-1", "0", "1", "2"
), c("A", "G"))), GM14_SNP1 = structure(c(0, 4, 329, 0, 0, 2, 
3, 0), dim = c(4L, 2L), dimnames = list(c("-2", "-1", "0", "1"
), c("C", "T"))), GM17_SNP1 = structure(c(0, 2, 281, 1, 0, 1, 
18, 0), dim = c(4L, 2L), dimnames = list(c("-2", "-1", "0", "1"
), c("C", "T"))), GM22_SNP1 = structure(c(1, 293, 0, 0, 10, 0
), dim = 3:2, dimnames = list(c("-1", "0", "1"), c("A", "G"))), 
    GM26_SNP1 = structure(c(0, 8, 0, 1, 104, 1), dim = 3:2, dimnames = list(
        c("-1", "0", "1"), c("A", "G"))), GM29_SNP1 = structure(c(0, 
    0, 0, 0, 0, 0, 128, 0, 0, 0, 117, 0), dim = 4:3, dimnames = list(
        c("-2", "-1", "0", "1"), c("-", "A", "G"))), IM16_SNP1 = structure(c(0, 
    3, 0, 0, 0, 0, 3, 188, 1), dim = c(3L, 3L), dimnames = list(
        c("-1", "0", "1"), c("A", "C", "G"))), IM49_SNP1 = structure(c(0, 
    0, 0, 0, 0, 1, 1, 14, 0, 0, 0, 2, 382, 2, 0), dim = c(5L, 
    3L), dimnames = list(c("-2", "-1", "0", "1", "2"), c("-", 
    "C", "G"))), LR10_SNP1 = structure(c(0, 0, 4, 0, 0, 2, 224, 
    1), dim = c(4L, 2L), dimnames = list(c("-2", "-1", "0", "1"
    ), c("C", "T"))), LR11_SNP1 = structure(c(0, 0, 1, 2, 0, 
    0, 0, 2, 312, 0), dim = c(5L, 2L), dimnames = list(c("-3", 
    "-2", "-1", "0", "1"), c("A", "C"))), LR17_SNP1 = structure(c(0, 
    0, 12, 415, 0, 0, 0, 0, 0, 0, 0, 0, 0, 0, 0, 0, 0, 0), dim = c(6L, 
    3L), dimnames = list(c("-3", "-2", "-1", "0", "1", "2"), 
        c("A", "C", "G"))), LR20_SNP1 = structure(c(0, 0, 178, 
    0, 0, 1, 155, 0), dim = c(4L, 2L), dimnames = list(c("-2", 
    "-1", "0", "1"), c("A", "G"))), LR24_SNP1 = structure(c(0, 
    7, 0, 1, 364, 0), dim = 3:2, dimnames = list(c("-1", "0", 
    "1"), c("A", "G"))), LR36_SNP1 = structure(c(0, 0, 10, 0, 
    0, 0, 0, 0, 0, 0, 0, 3, 277, 0, 0), dim = c(5L, 3L), dimnames = list(
        c("-2", "-1", "0", "1", "2"), c("A", "C", "T"))), LR40_SNP1 = structure(c(0, 
    0, 0, 1, 160, 0), dim = 3:2, dimnames = list(c("-1", "0", 
    "1"), c("A", "C"))), LR44_SNP1 = structure(c(0, 0, 4, 89, 
    2, 0, 0, 0, 3, 81, 0, 0), dim = c(6L, 2L), dimnames = list(
        c("-3", "-2", "-1", "0", "1", "2"), c("C", "T"))), LR46_SNP1 = structure(c(0, 
    0, 0, 1, 184, 0, 0, 1, 0), dim = c(3L, 3L), dimnames = list(
        c("-1", "0", "1"), c("A", "G", "T"))), LR48_SNP1 = structure(c(1, 
    117, 2, 0, 0, 108, 0, 0), dim = c(4L, 2L), dimnames = list(
        c("-1", "0", "1", "2"), c("C", "T"))), LR49_SNP1 = structure(c(0, 
    5, 0, 1, 228, 0), dim = 3:2, dimnames = list(c("-1", "0", 
    "1"), c("A", "G"))), LR52_SNP1 = structure(c(0, 5, 55, 0, 
    0, 0, 59, 1), dim = c(4L, 2L), dimnames = list(c("-2", "-1", 
    "0", "1"), c("C", "T"))))
