Result <-
list(DEPDC2_SNP1 = structure(c(0, 2, 0, 1, 670, 1), dim = 3:2, dimnames = list(
    c("-1", "0", "1"), c("C", "T"))), GM01_SNP1 = structure(c(0, 
0, 517, 0, 0, 0, 0, 0, 0, 0, 0, 2, 415, 0, 0), dim = c(5L, 3L
), dimnames = list(c("-2", "-1", "0", "1", "2"), c("A", "C", 
"G"))), GM07_SNP1 = structure(c(0, 0, 0, 0, 0, 0, 6, 519, 2, 
0, 0, 1, 5, 0, 0), dim = c(5L, 3L), dimnames = list(c("-2", "-1", 
"0", "1", "2"), c("-", "A", "G"))), GM09_SNP1 = structure(c(3, 
637, 0, 1, 268, 0), dim = 3:2, dimnames = list(c("-1", "0", "1"
), c("A", "G"))), GM11_SNP1 = structure(c(0, 191, 0, 0, 307, 
1, 0, 0, 0), dim = c(3L, 3L), dimnames = list(c("-1", "0", "1"
), c("A", "G", "T"))), GM14_SNP1 = structure(c(1, 7, 876, 3, 
0, 0, 0, 2, 0, 0), dim = c(5L, 2L), dimnames = list(c("-2", "-1", 
"0", "1", "2"), c("C", "T"))), GM17_SNP1 = structure(c(0, 0, 
0, 0, 0, 0, 0, 0, 5, 679, 2, 0, 0, 0, 0, 12, 0, 0), dim = c(6L, 
3L), dimnames = list(c("-3", "-2", "-1", "0", "1", "2"), c("A", 
"C", "T"))), GM22_SNP1 = structure(c(0, 0, 421, 1, 1, 3, 427, 
0), dim = c(4L, 2L), dimnames = list(c("-2", "-1", "0", "1"), 
    c("A", "G"))), GM26_SNP1 = structure(c(0, 1, 507, 0, 0, 0, 
2, 0, 0, 0, 0, 0), dim = 4:3, dimnames = list(c("-2", "-1", "0", 
"1"), c("A", "G", "T"))), GM29_SNP1 = structure(c(0, 4, 626, 
1, 0, 0, 1, 0, 0, 0, 0, 0), dim = 4:3, dimnames = list(c("-2", 
"-1", "0", "1"), c("A", "G", "T"))), IM16_SNP1 = structure(c(0, 
288, 0, 0, 0, 237, 0, 0, 0, 0, 0, 0), dim = 4:3, dimnames = list(
    c("-1", "0", "1", "2"), c("A", "G", "T"))), IM49_SNP1 = structure(c(0, 
0, 1, 0, 0, 0, 0, 7, 0, 0, 0, 4, 437, 4, 0), dim = c(5L, 3L), dimnames = list(
    c("-2", "-1", "0", "1", "2"), c("A", "C", "G"))), LR10_SNP1 = structure(c(0, 
0, 0, 0, 0, 6, 243, 0, 0, 0, 0, 0, 0, 2, 461, 0), dim = c(4L, 
4L), dimnames = list(c("-2", "-1", "0", "1"), c("A", "C", "G", 
"T"))), LR11_SNP1 = structure(c(0, 0, 0, 0, 0, 0, 16, 974, 0, 
0, 0, 2, 7, 0, 0, 0, 0, 0, 0, 0), dim = 5:4, dimnames = list(
    c("-2", "-1", "0", "1", "2"), c("-", "A", "C", "G"))), LR17_SNP1 = structure(c(0, 
1, 14, 1196, 1, 0, 0, 0, 0, 1, 0, 0), dim = c(6L, 2L), dimnames = list(
    c("-3", "-2", "-1", "0", "1", "2"), c("A", "G"))), LR20_SNP1 = structure(c(0, 
0, 0, 0, 233, 0, 0, 411, 1, 0, 0, 0), dim = 3:4, dimnames = list(
    c("-1", "0", "1"), c("-", "A", "G", "T"))), LR24_SNP1 = structure(c(0, 
2, 823, 1, 0, 0, 0, 0, 0, 1, 4, 0), dim = 4:3, dimnames = list(
    c("-2", "-1", "0", "1"), c("A", "C", "G"))), LR36_SNP1 = structure(c(0, 
0, 0, 6, 0, 0, 0, 0, 0, 0, 0, 0, 0, 1, 0, 0, 0, 5, 640, 1), dim = 5:4, dimnames = list(
    c("-3", "-2", "-1", "0", "1"), c("A", "C", "G", "T"))), LR40_SNP1 = structure(c(0, 
0, 1, 0, 0, 3, 455, 0), dim = c(4L, 2L), dimnames = list(c("-2", 
"-1", "0", "1"), c("A", "C"))), LR44_SNP1 = structure(c(0, 1, 
4, 0, 0, 0, 0, 1, 0, 0, 0, 11, 402, 3, 0), dim = c(5L, 3L), dimnames = list(
    c("-2", "-1", "0", "1", "2"), c("C", "G", "T"))), LR46_SNP1 = structure(c(3, 
528, 0, 2, 6, 0), dim = 3:2, dimnames = list(c("-1", "0", "1"
), c("G", "T"))), LR48_SNP1 = structure(c(0, 0, 0, 0, 0, 2, 298, 
2, 0, 6, 266, 0), dim = 4:3, dimnames = list(c("-2", "-1", "0", 
"1"), c("A", "C", "T"))), LR49_SNP1 = structure(c(0, 0, 393, 
0, 0, 1, 324, 0), dim = c(4L, 2L), dimnames = list(c("-2", "-1", 
"0", "1"), c("A", "G"))), LR52_SNP1 = structure(c(0, 0, 0, 0, 
0, 0, 0, 1, 2, 0, 0, 2, 23, 517, 3), dim = c(5L, 3L), dimnames = list(
    c("-3", "-2", "-1", "0", "1"), c("A", "C", "T"))))
