Result <-
list(DEPDC2_SNP1 = structure(c(0, 0, 0, 0, 0, 11, 1736, 1), dim = c(4L, 
2L), dimnames = list(c("-2", "-1", "0", "1"), c("C", "T"))), 
    GM01_SNP1 = structure(c(0, 0, 0, 0, 3, 2358, 1, 0, 0, 1, 
    0, 0, 0, 0, 0, 0), dim = c(4L, 4L), dimnames = list(c("-1", 
    "0", "1", "2"), c("-", "A", "G", "T"))), GM07_SNP1 = structure(c(0, 
    0, 0, 0, 0, 0, 0, 1, 0, 0, 1, 28, 1456, 16, 0, 0, 0, 0, 0, 
    0), dim = 5:4, dimnames = list(c("-2", "-1", "0", "1", "2"
    ), c("-", "A", "G", "T"))), GM09_SNP1 = structure(c(0, 1, 
    1187, 0, 0, 1, 1036, 3), dim = c(4L, 2L), dimnames = list(
        c("-2", "-1", "0", "1"), c("A", "G"))), GM11_SNP1 = structure(c(0, 
    1472, 1, 0, 2, 0), dim = 3:2, dimnames = list(c("-1", "0", 
    "1"), c("A", "G"))), GM14_SNP1 = structure(c(0, 0, 0, 0, 
    0, 0, 15, 1911, 8, 0, 0, 0, 3, 0, 0), dim = c(5L, 3L), dimnames = list(
        c("-2", "-1", "0", "1", "2"), c("A", "C", "T"))), GM17_SNP1 = structure(c(0, 
    0, 0, 0, 0, 0, 1, 0, 0, 0, 0, 0, 0, 5, 2052, 0), dim = c(4L, 
    4L), dimnames = list(c("-2", "-1", "0", "1"), c("A", "C", 
    "G", "T"))), GM22_SNP1 = structure(c(0, 3, 1067, 3, 0, 0, 
    8, 938, 1, 0, 0, 0, 1, 0, 0), dim = c(5L, 3L), dimnames = list(
        c("-2", "-1", "0", "1", "2"), c("A", "G", "T"))), GM26_SNP1 = structure(c(0, 
    2, 726, 0, 0, 0, 2, 694, 1, 0, 0, 0, 0, 0, 0), dim = c(5L, 
    3L), dimnames = list(c("-2", "-1", "0", "1", "2"), c("A", 
    "G", "T"))), GM29_SNP1 = structure(c(0, 0, 2, 775, 1, 0, 
    0, 0, 1, 757, 0, 0), dim = c(6L, 2L), dimnames = list(c("-3", 
    "-2", "-1", "0", "1", "2"), c("A", "G"))), IM16_SNP1 = structure(c(0, 
    2, 788, 7, 0, 0, 0, 0, 0, 0, 0, 0, 835, 4, 0, 0, 0, 0, 0, 
    0), dim = 5:4, dimnames = list(c("-2", "-1", "0", "1", "2"
    ), c("A", "C", "G", "T"))), IM49_SNP1 = structure(c(0, 0, 
    0, 0, 0, 0, 11, 732, 3, 0, 0, 14, 637, 4, 0, 0, 0, 0, 0, 
    0), dim = 5:4, dimnames = list(c("-2", "-1", "0", "1", "2"
    ), c("A", "C", "G", "T"))), LR10_SNP1 = structure(c(0, 0, 
    0, 0, 0, 0, 1, 0, 0, 13, 1788, 3, 0, 0, 5, 0), dim = c(4L, 
    4L), dimnames = list(c("-2", "-1", "0", "1"), c("-", "A", 
    "C", "T"))), LR11_SNP1 = structure(c(0, 0, 0, 0, 0, 0, 17, 
    2124, 4, 0, 0, 0, 0, 0, 0), dim = c(5L, 3L), dimnames = list(
        c("-2", "-1", "0", "1", "2"), c("A", "C", "G"))), LR17_SNP1 = structure(c(0, 
    1, 31, 2499, 6, 0, 0, 0, 0, 0, 0, 0, 0, 0, 0, 0, 0, 0), dim = c(6L, 
    3L), dimnames = list(c("-3", "-2", "-1", "0", "1", "2"), 
        c("A", "C", "G"))), LR20_SNP1 = structure(c(0, 0, 0, 
    791, 0, 1, 0, 0, 789, 0, 0, 0, 0, 1, 0), dim = c(5L, 3L), dimnames = list(
        c("-8", "-2", "-1", "0", "1"), c("A", "G", "T"))), LR24_SNP1 = structure(c(0, 
    1, 4, 0, 0, 1, 2066, 0, 0, 0, 0, 0), dim = 4:3, dimnames = list(
        c("-2", "-1", "0", "1"), c("A", "G", "T"))), LR36_SNP1 = structure(c(0, 
    0, 0, 0, 0, 0, 0, 0, 0, 0, 2, 951, 2, 0, 0, 0, 0, 0, 0, 0, 
    0, 0, 0, 0, 0, 0, 0, 0, 1, 0, 1, 9, 912, 2, 0), dim = c(7L, 
    5L), dimnames = list(c("-4", "-3", "-2", "-1", "0", "1", 
    "2"), c("-", "A", "C", "G", "T"))), LR40_SNP1 = structure(c(0, 
    0, 1, 0, 0, 1, 1347, 0, 0, 0, 0, 0), dim = 4:3, dimnames = list(
        c("-3", "-1", "0", "1"), c("A", "C", "T"))), LR44_SNP1 = structure(c(0, 
    0, 0, 0, 0, 0, 11, 607, 3, 0, 0, 1, 8, 0, 0), dim = c(5L, 
    3L), dimnames = list(c("-2", "-1", "0", "1", "2"), c("A", 
    "C", "T"))), LR46_SNP1 = structure(c(0, 0, 0, 2, 1412, 1, 
    0, 1, 0), dim = c(3L, 3L), dimnames = list(c("-1", "0", "1"
    ), c("A", "G", "T"))), LR48_SNP1 = structure(c(0, 0, 0, 0, 
    0, 0, 14, 1585, 6, 0, 0, 0, 0, 0, 0, 0, 1, 1, 0, 0), dim = 5:4, dimnames = list(
        c("-2", "-1", "0", "1", "2"), c("A", "C", "G", "T"))), 
    LR49_SNP1 = structure(c(0, 2, 0, 0, 1967, 1, 0, 0, 0), dim = c(3L, 
    3L), dimnames = list(c("-1", "0", "1"), c("A", "G", "T"))), 
    LR52_SNP1 = structure(c(0, 0, 14, 305, 1144, 4, 0, 0, 0, 
    0, 2, 0), dim = c(6L, 2L), dimnames = list(c("-4", "-3", 
    "-2", "-1", "0", "1"), c("C", "T"))))
