Result <-
list(DEPDC2_SNP1 = structure(c(0, 0, 1, 0, 0, 2, 1358, 1, 0, 
0, 4, 0), dim = 4:3, dimnames = list(c("-4", "-1", "0", "1"), 
    c("A", "C", "T"))), GM01_SNP1 = structure(c(0, 189, 0, 0, 
5, 0), dim = 3:2, dimnames = list(c("-1", "0", "1"), c("A", "G"
))), GM07_SNP1 = structure(c(0, 4, 507, 4, 0, 0, 5, 471, 4, 1
), dim = c(5L, 2L), dimnames = list(c("-2", "-1", "0", "1", "2"
), c("A", "G"))), GM09_SNP1 = structure(c(1, 256, 0, 1, 311, 
0, 0, 1, 0), dim = c(3L, 3L), dimnames = list(c("-1", "0", "1"
), c("A", "G", "T"))), GM11_SNP1 = structure(c(64, 0, 1, 0), dim = c(2L, 
2L), dimnames = list(c("0", "1"), c("A", "G"))), GM14_SNP1 = structure(c(0, 
2, 156, 1, 0, 3, 134, 0), dim = c(4L, 2L), dimnames = list(c("-2", 
"-1", "0", "1"), c("C", "T"))), GM17_SNP1 = structure(c(0, 0, 
0, 0, 0, 0, 5, 1600, 0, 0, 0, 0, 13, 1, 0), dim = c(5L, 3L), dimnames = list(
    c("-2", "-1", "0", "1", "2"), c("A", "C", "T"))), GM22_SNP1 = structure(c(0, 
3, 742, 0, 0, 3, 555, 0), dim = c(4L, 2L), dimnames = list(c("-2", 
"-1", "0", "1"), c("A", "G"))), GM26_SNP1 = structure(c(0, 0, 
3, 694, 1, 0, 0, 0, 0, 0, 0, 0, 0, 0, 0, 0, 0, 638, 1, 0, 0, 
0, 0, 0, 0, 0, 0, 0), dim = c(7L, 4L), dimnames = list(c("-3", 
"-2", "-1", "0", "1", "2", "3"), c("A", "C", "G", "T"))), GM29_SNP1 = structure(c(0, 
0, 650, 0, 0, 3, 603, 1, 0, 0, 1, 0), dim = 4:3, dimnames = list(
    c("-2", "-1", "0", "1"), c("A", "G", "T"))), IM16_SNP1 = structure(c(1, 
42, 0, 3, 45, 0, 0, 0, 0), dim = c(3L, 3L), dimnames = list(c("-1", 
"0", "1"), c("A", "G", "T"))), IM49_SNP1 = structure(c(0, 11, 
720, 3, 0, 0, 12, 685, 6, 0), dim = c(5L, 2L), dimnames = list(
    c("-2", "-1", "0", "1", "2"), c("C", "G"))), LR10_SNP1 = structure(c(0, 
0, 0, 0, 0, 2, 526, 0, 0, 2, 628, 1), dim = 4:3, dimnames = list(
    c("-2", "-1", "0", "1"), c("A", "C", "T"))), LR11_SNP1 = structure(c(2, 
89, 0, 0, 69, 0), dim = 3:2, dimnames = list(c("-1", "0", "1"
), c("A", "C"))), LR17_SNP1 = structure(c(1, 19, 1230, 4, 0, 
0, 0, 0, 0, 0), dim = c(5L, 2L), dimnames = list(c("-2", "-1", 
"0", "1", "2"), c("A", "G"))), LR20_SNP1 = structure(c(0, 88, 
0, 0, 70, 0), dim = 3:2, dimnames = list(c("-1", "0", "1"), c("A", 
"G"))), LR24_SNP1 = structure(c(1, 214, 0, 0, 4, 0), dim = 3:2, dimnames = list(
    c("-1", "0", "1"), c("A", "G"))), LR36_SNP1 = structure(c(0, 
0, 0, 8, 0, 0, 0, 0, 0, 0, 1, 0, 8, 819, 1), dim = c(5L, 3L), dimnames = list(
    c("-3", "-2", "-1", "0", "1"), c("A", "C", "T"))), LR40_SNP1 = structure(c(0, 
41, 0, 62), dim = c(2L, 2L), dimnames = list(c("-1", "0"), c("A", 
"C"))), LR44_SNP1 = structure(c(0, 3, 93, 0, 0, 0, 1, 0), dim = c(4L, 
2L), dimnames = list(c("-2", "-1", "0", "1"), c("C", "T"))), 
    LR46_SNP1 = structure(c(0, 0, 0, 0, 0, 0, 2, 795, 1, 1, 580, 
    1), dim = 3:4, dimnames = list(c("-1", "0", "1"), c("-", 
    "A", "G", "T"))), LR48_SNP1 = structure(c(0, 0, 5, 553, 2, 
    0, 0, 0, 4, 616, 0, 0), dim = c(6L, 2L), dimnames = list(
        c("-3", "-2", "-1", "0", "1", "2"), c("C", "T"))), LR49_SNP1 = structure(c(0, 
    0, 3, 0, 0, 0, 0, 0, 0, 2, 1968, 0, 0, 0, 0, 0), dim = c(4L, 
    4L), dimnames = list(c("-2", "-1", "0", "1"), c("A", "C", 
    "G", "T"))), LR52_SNP1 = structure(c(0, 0, 0, 0, 0, 0, 0, 
    4, 0, 4, 0, 0, 2, 4, 24, 814, 3, 0), dim = c(6L, 3L), dimnames = list(
        c("-3", "-2", "-1", "0", "1", "2"), c("A", "C", "T"))))
