Result <-
list(DEPDC2_SNP1 = structure(c(0, 0, 0, 0, 0, 2, 688, 1, 0, 0, 
0, 0, 0, 6, 2237, 4), dim = c(4L, 4L), dimnames = list(c("-3", 
"-1", "0", "1"), c("A", "C", "G", "T"))), GM01_SNP1 = structure(c(0, 
0, 0, 0, 0, 0, 14, 3450, 5, 0, 0, 0, 0, 0, 0, 0, 0, 1, 0, 0, 
0, 0, 0, 0, 0), dim = c(5L, 5L), dimnames = list(c("-2", "-1", 
"0", "1", "2"), c("-", "A", "C", "G", "T"))), GM07_SNP1 = structure(c(0, 
0, 2, 0, 0, 0, 0, 62, 2661, 35, 1, 0, 0, 1, 5, 0, 0, 0), dim = c(6L, 
3L), dimnames = list(c("-2", "-1", "0", "1", "2", "3"), c("-", 
"A", "G"))), GM09_SNP1 = structure(c(0, 1, 0, 0, 0, 3, 2265, 
570, 1, 0, 0, 0, 0, 0, 0), dim = c(5L, 3L), dimnames = list(c("-1", 
"0", "1", "2", "3"), c("A", "G", "T"))), GM11_SNP1 = structure(c(0, 
1, 5, 0, 0, 0, 10, 2924, 3, 0, 0, 0, 0, 0, 0), dim = c(5L, 3L
), dimnames = list(c("-2", "-1", "0", "1", "2"), c("A", "G", 
"T"))), GM14_SNP1 = structure(c(0, 0, 0, 0, 0, 0, 0, 0, 0, 0, 
0, 0, 0, 3, 30, 2994, 8, 0, 0, 0, 1, 3, 0, 0), dim = c(6L, 4L
), dimnames = list(c("-3", "-2", "-1", "0", "1", "2"), c("-", 
"A", "C", "T"))), GM17_SNP1 = structure(c(0, 0, 0, 0, 0, 4, 1472, 
1, 0, 0, 1, 0, 0, 4, 1490, 2), dim = c(4L, 4L), dimnames = list(
    c("-2", "-1", "0", "1"), c("A", "C", "G", "T"))), GM22_SNP1 = structure(c(0, 
4, 1532, 1, 0, 7, 1472, 2, 0, 0, 0, 0), dim = 4:3, dimnames = list(
    c("-2", "-1", "0", "1"), c("A", "G", "T"))), GM26_SNP1 = structure(c(0, 
0, 1142, 2, 0, 2, 1279, 3, 0, 0, 0, 0), dim = 4:3, dimnames = list(
    c("-2", "-1", "0", "1"), c("A", "G", "T"))), GM29_SNP1 = structure(c(0, 
0, 11, 2376, 1, 0, 0, 0, 0, 4, 0, 0, 0, 0, 0, 0, 0, 0), dim = c(6L, 
3L), dimnames = list(c("-3", "-2", "-1", "0", "1", "2"), c("A", 
"G", "T"))), IM16_SNP1 = structure(c(0, 1, 0, 0, 0, 0, 0, 0, 
15, 2894, 11, 0, 0, 0, 0, 0), dim = c(4L, 4L), dimnames = list(
    c("-1", "0", "1", "2"), c("A", "C", "G", "T"))), IM49_SNP1 = structure(c(0, 
2, 27, 1831, 25, 1, 0, 0, 1, 0, 0, 0), dim = c(6L, 2L), dimnames = list(
    c("-3", "-2", "-1", "0", "1", "2"), c("C", "G"))), LR10_SNP1 = structure(c(0, 
0, 0, 0, 0, 0, 21, 2858, 10, 0, 0, 0, 0, 0, 0, 0, 0, 2, 0, 0), dim = 5:4, dimnames = list(
    c("-2", "-1", "0", "1", "2"), c("A", "C", "G", "T"))), LR11_SNP1 = structure(c(0, 
0, 0, 1, 0, 0, 0, 1, 20, 3157, 5, 0, 0, 0, 0, 0, 0, 0), dim = c(6L, 
3L), dimnames = list(c("-3", "-2", "-1", "0", "1", "2"), c("A", 
"C", "T"))), LR17_SNP1 = structure(c(1, 4, 26, 3359, 12, 0, 0, 
0, 0, 0, 0, 0), dim = c(6L, 2L), dimnames = list(c("-3", "-2", 
"-1", "0", "1", "2"), c("A", "G"))), LR20_SNP1 = structure(c(0, 
1128, 1, 1, 1647, 0, 0, 0, 0), dim = c(3L, 3L), dimnames = list(
    c("-1", "0", "1"), c("A", "G", "T"))), LR24_SNP1 = structure(c(0, 
3, 1555, 1, 0, 2, 1161, 2), dim = c(4L, 2L), dimnames = list(
    c("-3", "-1", "0", "1"), c("A", "G"))), LR36_SNP1 = structure(c(0, 
0, 0, 21, 1507, 11, 0, 0, 0, 0, 0, 0, 0, 0, 0, 0, 0, 10, 1010, 
4, 0), dim = c(7L, 3L), dimnames = list(c("-4", "-3", "-2", "-1", 
"0", "1", "2"), c("A", "G", "T"))), LR40_SNP1 = structure(c(0, 
10, 2805, 1, 0, 0, 0, 0, 0, 0, 0, 0), dim = 4:3, dimnames = list(
    c("-2", "-1", "0", "1"), c("C", "G", "T"))), LR44_SNP1 = structure(c(0, 
0, 0, 0, 1, 0, 0, 0, 0, 0, 0, 1, 0, 0, 0, 0, 0, 0, 3, 0, 0, 0, 
0, 0, 0, 2, 0, 0, 1, 0, 4, 77, 1220, 15, 3), dim = c(7L, 5L), dimnames = list(
    c("-4", "-3", "-2", "-1", "0", "1", "2"), c("-", "A", "C", 
    "G", "T"))), LR46_SNP1 = structure(c(0, 0, 0, 0, 0, 0, 0, 
0, 0, 3, 859, 1, 0, 2, 1627, 3), dim = c(4L, 4L), dimnames = list(
    c("-3", "-1", "0", "1"), c("-", "A", "G", "T"))), LR48_SNP1 = structure(c(0, 
0, 0, 0, 0, 0, 13, 1476, 5, 0, 0, 13, 1053, 5, 0), dim = c(5L, 
3L), dimnames = list(c("-2", "-1", "0", "1", "2"), c("A", "C", 
"T"))), LR49_SNP1 = structure(c(4, 6, 0, 3, 2724, 1, 0, 0, 0), dim = c(3L, 
3L), dimnames = list(c("-1", "0", "1"), c("A", "G", "T"))), LR52_SNP1 = structure(c(0, 
0, 0, 1, 0, 0, 0, 0, 1, 2, 98, 2623, 8, 0), dim = c(7L, 2L), dimnames = list(
    c("-4", "-3", "-2", "-1", "0", "1", "2"), c("C", "T"))))
