Result <-
list(DEPDC2_SNP1 = structure(c(0, 0, 0, 0, 3, 0, 1, 473, 5), dim = c(3L, 
3L), dimnames = list(c("-1", "0", "1"), c("A", "C", "T"))), GM01_SNP1 = structure(c(1, 
0, 341, 0, 0, 0, 1, 0, 0, 0, 6, 0), dim = 4:3, dimnames = list(
    c("-2", "-1", "0", "1"), c("A", "C", "G"))), GM07_SNP1 = structure(c(0, 
3, 7, 0, 0, 0, 9, 291, 4, 0, 0, 0, 0, 0, 0), dim = c(5L, 3L), dimnames = list(
    c("-2", "-1", "0", "1", "2"), c("A", "G", "T"))), GM09_SNP1 = structure(c(0, 
10, 0, 2, 597, 0), dim = 3:2, dimnames = list(c("-1", "0", "1"
), c("A", "G"))), GM11_SNP1 = structure(c(0, 184, 0, 0, 3, 0), dim = 3:2, dimnames = list(
    c("-1", "0", "1"), c("A", "G"))), GM14_SNP1 = structure(c(0, 
1, 249, 0, 0, 5, 205, 0), dim = c(4L, 2L), dimnames = list(c("-2", 
"-1", "0", "1"), c("C", "T"))), GM17_SNP1 = structure(c(0, 0, 
2, 348, 0, 0, 0, 1, 308, 1), dim = c(5L, 2L), dimnames = list(
    c("-3", "-2", "-1", "0", "1"), c("C", "T"))), GM22_SNP1 = structure(c(0, 
5, 482, 0, 0, 0, 0, 7, 0, 0, 0, 0, 0, 0, 0), dim = c(5L, 3L), dimnames = list(
    c("-2", "-1", "0", "1", "2"), c("A", "G", "T"))), GM26_SNP1 = structure(c(0, 
0, 56, 0, 0, 0, 70, 0), dim = c(4L, 2L), dimnames = list(c("-2", 
"-1", "0", "1"), c("A", "G"))), GM29_SNP1 = structure(c(0, 3, 
501, 1, 0, 0, 0, 0, 0, 0, 3, 0, 0, 0, 0, 0), dim = c(4L, 4L), dimnames = list(
    c("-2", "-1", "0", "1"), c("A", "C", "G", "T"))), IM16_SNP1 = structure(c(0, 
218, 0, 0, 1, 1, 0, 0, 0, 0, 0, 0), dim = 4:3, dimnames = list(
    c("-1", "0", "1", "2"), c("A", "G", "T"))), IM49_SNP1 = structure(c(0, 
0, 0, 0, 0, 0, 0, 0, 0, 0, 6, 503, 7, 1, 0, 0, 1, 11, 457, 8, 
0, 0, 0, 0, 0, 0, 0, 0), dim = c(7L, 4L), dimnames = list(c("-4", 
"-3", "-2", "-1", "0", "1", "2"), c("-", "C", "G", "T"))), LR10_SNP1 = structure(c(0, 
0, 0, 0, 0, 0, 0, 0, 1, 0, 144, 0, 0, 1, 93, 0), dim = c(4L, 
4L), dimnames = list(c("-2", "-1", "0", "1"), c("-", "A", "C", 
"T"))), LR11_SNP1 = structure(c(0, 0, 6, 0, 0, 0, 3, 334, 0, 
0, 0, 0, 0, 0, 0, 0, 0, 0, 0, 0), dim = 5:4, dimnames = list(
    c("-2", "-1", "0", "1", "2"), c("A", "C", "G", "T"))), LR17_SNP1 = structure(c(3, 
12, 685, 5, 0, 0, 0, 0, 0, 0, 0, 0, 0, 0, 0), dim = c(5L, 3L), dimnames = list(
    c("-2", "-1", "0", "1", "2"), c("A", "G", "T"))), LR20_SNP1 = structure(c(0, 
0, 0, 0, 0, 1, 296, 0, 0, 0, 127, 0, 0, 0, 0, 0), dim = c(4L, 
4L), dimnames = list(c("-2", "-1", "0", "1"), c("-", "A", "G", 
"T"))), LR24_SNP1 = structure(c(0, 0, 352, 1, 0, 0, 287, 0, 0, 
0, 0, 0), dim = 4:3, dimnames = list(c("-3", "-1", "0", "1"), 
    c("A", "G", "T"))), LR36_SNP1 = structure(c(0, 0, 0, 15, 
1, 0, 0, 0, 0, 0, 1, 0, 0, 0, 0, 0, 0, 0, 0, 0, 0, 0, 1, 1, 619, 
0, 0, 0), dim = c(7L, 4L), dimnames = list(c("-3", "-2", "-1", 
"0", "1", "2", "3"), c("A", "C", "G", "T"))), LR40_SNP1 = structure(c(0, 
0, 0, 4, 214, 0, 0, 0, 0), dim = c(3L, 3L), dimnames = list(c("-1", 
"0", "1"), c("A", "C", "T"))), LR44_SNP1 = structure(c(0, 0, 
0, 0, 0, 0, 0, 0, 1, 0, 6, 176, 3, 0, 0, 0, 0, 0, 1, 0, 0, 1, 
0, 0, 0, 3, 0, 0), dim = c(7L, 4L), dimnames = list(c("-6", "-3", 
"-2", "-1", "0", "1", "2"), c("A", "C", "G", "T"))), LR46_SNP1 = structure(c(0, 
1, 0, 0, 0, 0, 0, 194, 0, 0, 2, 0), dim = 3:4, dimnames = list(
    c("-1", "0", "1"), c("A", "C", "G", "T"))), LR48_SNP1 = structure(c(0, 
0, 3, 167, 1, 0, 0, 0, 0, 2, 113, 3, 1, 0), dim = c(7L, 2L), dimnames = list(
    c("-3", "-2", "-1", "0", "1", "2", "3"), c("C", "T"))), LR49_SNP1 = structure(c(0, 
2, 0, 1, 487, 0, 0, 0, 0), dim = c(3L, 3L), dimnames = list(c("-1", 
"0", "1"), c("A", "G", "T"))), LR52_SNP1 = structure(c(0, 0, 
0, 0, 0, 0, 0, 1, 2, 35, 0, 0, 0, 1, 1, 38, 0, 0), dim = c(6L, 
3L), dimnames = list(c("-3", "-2", "-1", "0", "1", "2"), c("A", 
"C", "T"))))
