Result <-
list(DEPDC2_SNP1 = structure(c(0, 0, 0, 0, 0, 1, 911, 3, 0, 3, 
936, 1), dim = 4:3, dimnames = list(c("-2", "-1", "0", "1"), 
    c("A", "C", "T"))), GM01_SNP1 = structure(c(1, 381, 135, 
0, 0, 1, 228, 2, 0, 0, 0, 0), dim = 4:3, dimnames = list(c("-2", 
"-1", "0", "1"), c("A", "G", "T"))), GM07_SNP1 = structure(c(0, 
0, 0, 0, 0, 0, 14, 618, 8, 1, 1, 22, 1144, 8, 0, 0, 0, 0, 0, 
0), dim = 5:4, dimnames = list(c("-2", "-1", "0", "1", "2"), 
    c("-", "A", "G", "T"))), GM09_SNP1 = structure(c(0, 1, 851, 
0, 0, 0, 935, 0), dim = c(4L, 2L), dimnames = list(c("-2", "-1", 
"0", "1"), c("A", "G"))), GM11_SNP1 = structure(c(0, 2, 0, 2, 
190, 0), dim = 3:2, dimnames = list(c("-1", "0", "1"), c("A", 
"G"))), GM14_SNP1 = structure(c(0, 14, 1134, 7, 0, 0, 1, 4, 0, 
0), dim = c(5L, 2L), dimnames = list(c("-2", "-1", "0", "1", 
"2"), c("C", "T"))), GM17_SNP1 = structure(c(0, 0, 0, 0, 0, 0, 
1944, 2, 0, 0, 359, 0), dim = 4:3, dimnames = list(c("-2", "-1", 
"0", "1"), c("A", "C", "T"))), GM22_SNP1 = structure(c(0, 6, 
1884, 5, 0, 0, 1, 0, 0, 0, 0, 0), dim = 4:3, dimnames = list(
    c("-2", "-1", "0", "1"), c("A", "G", "T"))), GM26_SNP1 = structure(c(1, 
7, 1628, 2, 0, 0, 2, 0), dim = c(4L, 2L), dimnames = list(c("-2", 
"-1", "0", "1"), c("A", "G"))), GM29_SNP1 = structure(c(0, 5, 
1122, 2, 0, 0, 3, 623, 0, 0, 0, 0, 0, 0, 0), dim = c(5L, 3L), dimnames = list(
    c("-2", "-1", "0", "1", "2"), c("A", "G", "T"))), IM16_SNP1 = structure(c(1, 
200, 1), dim = c(3L, 1L), dimnames = list(c("-1", "0", "1"), 
    "G")), IM49_SNP1 = structure(c(0, 20, 1195, 6, 0, 1, 2, 619, 
6, 0, 0, 0, 1, 0, 0), dim = c(5L, 3L), dimnames = list(c("-2", 
"-1", "0", "1", "2"), c("C", "G", "T"))), LR10_SNP1 = structure(c(0, 
2, 0, 0, 8, 1846, 3, 0), dim = c(4L, 2L), dimnames = list(c("-1", 
"0", "1", "2"), c("C", "T"))), LR11_SNP1 = structure(c(0, 0, 
5, 0, 0, 4, 254, 1), dim = c(4L, 2L), dimnames = list(c("-2", 
"-1", "0", "1"), c("A", "C"))), LR17_SNP1 = structure(c(2, 35, 
1881, 3, 0, 0, 0, 0, 0, 0), dim = c(5L, 2L), dimnames = list(
    c("-2", "-1", "0", "1", "2"), c("A", "G"))), LR20_SNP1 = structure(c(0, 
91, 0, 1, 126, 0), dim = 3:2, dimnames = list(c("-1", "0", "1"
), c("A", "G"))), LR24_SNP1 = structure(c(1, 3, 270, 0, 0, 0, 
158, 0), dim = c(4L, 2L), dimnames = list(c("-2", "-1", "0", 
"1"), c("A", "G"))), LR36_SNP1 = structure(c(0, 6, 359, 1, 0, 
0, 1, 0, 2, 4, 1153, 1), dim = 4:3, dimnames = list(c("-2", "-1", 
"0", "1"), c("A", "G", "T"))), LR40_SNP1 = structure(c(0, 0, 
0, 0, 3, 221, 1, 0), dim = c(4L, 2L), dimnames = list(c("-1", 
"0", "1", "2"), c("A", "C"))), LR44_SNP1 = structure(c(0, 0, 
7, 239, 2, 0, 0, 0, 1, 0, 0, 0, 1, 3, 0), dim = c(5L, 3L), dimnames = list(
    c("-3", "-2", "-1", "0", "1"), c("C", "G", "T"))), LR46_SNP1 = structure(c(0, 
0, 0, 0, 0, 0, 0, 0, 0, 3, 1158, 5, 0, 0, 908, 0), dim = c(4L, 
4L), dimnames = list(c("-2", "-1", "0", "1"), c("A", "C", "G", 
"T"))), LR48_SNP1 = structure(c(0, 0, 0, 1, 0, 0, 0, 0, 10, 1213, 
3, 0, 0, 1, 8, 768, 5, 0), dim = c(6L, 3L), dimnames = list(c("-3", 
"-2", "-1", "0", "1", "2"), c("A", "C", "T"))), LR49_SNP1 = structure(c(1, 
1079, 0, 1, 1122, 0, 0, 0, 0), dim = c(3L, 3L), dimnames = list(
    c("-1", "0", "1"), c("A", "G", "T"))), LR52_SNP1 = structure(c(0, 
0, 0, 0, 2, 0, 0, 0, 0, 1, 20, 510, 0, 0, 0, 0, 1, 29, 945, 2, 
0), dim = c(7L, 3L), dimnames = list(c("-4", "-3", "-2", "-1", 
"0", "1", "2"), c("A", "C", "T"))))
