Result <-
list(DEPDC2_SNP1 = structure(c(0, 0, 0, 1, 876, 1, 2, 1620, 2
), dim = c(3L, 3L), dimnames = list(c("-1", "0", "1"), c("A", 
"C", "T"))), GM01_SNP1 = structure(c(0, 0, 483, 1, 0, 0, 88, 
0), dim = c(4L, 2L), dimnames = list(c("-2", "-1", "0", "1"), 
    c("A", "G"))), GM07_SNP1 = structure(c(0, 0, 0, 0, 0, 3, 
17, 766, 6, 0, 1, 13, 708, 5, 0), dim = c(5L, 3L), dimnames = list(
    c("-2", "-1", "0", "1", "2"), c("-", "A", "G"))), GM09_SNP1 = structure(c(0, 
0, 0, 0, 0, 1004, 1, 0, 1, 489, 0, 0, 0, 0, 0, 0), dim = c(4L, 
4L), dimnames = list(c("-1", "0", "1", "2"), c("-", "A", "G", 
"T"))), GM11_SNP1 = structure(c(7, 126, 0, 0, 3, 0, 0, 0, 0), dim = c(3L, 
3L), dimnames = list(c("-1", "0", "1"), c("A", "G", "T"))), GM14_SNP1 = structure(c(3, 
10, 1208, 10, 0, 0, 1, 10, 0, 0), dim = c(5L, 2L), dimnames = list(
    c("-2", "-1", "0", "1", "2"), c("C", "T"))), GM17_SNP1 = structure(c(0, 
0, 0, 0, 0, 3, 1585, 2, 0, 1, 25, 0), dim = 4:3, dimnames = list(
    c("-2", "-1", "0", "1"), c("A", "C", "T"))), GM22_SNP1 = structure(c(0, 
6, 859, 3, 0, 2, 686, 0, 0, 0, 0, 0), dim = 4:3, dimnames = list(
    c("-2", "-1", "0", "1"), c("A", "G", "T"))), GM26_SNP1 = structure(c(0, 
673, 1, 2, 650, 0, 0, 0, 0), dim = c(3L, 3L), dimnames = list(
    c("-1", "0", "1"), c("A", "G", "T"))), GM29_SNP1 = structure(c(0, 
0, 0, 0, 0, 0, 0, 10, 1531, 2, 0, 0, 0, 1, 0, 0, 0, 0, 0, 0), dim = 5:4, dimnames = list(
    c("-3", "-2", "-1", "0", "1"), c("-", "A", "G", "T"))), IM16_SNP1 = structure(c(7, 
182, 3, 1, 21, 0), dim = 3:2, dimnames = list(c("-1", "0", "1"
), c("A", "G"))), IM49_SNP1 = structure(c(0, 0, 0, 0, 0, 0, 0, 
0, 0, 0, 1, 13, 770, 5, 0, 0, 13, 1023, 6, 0, 0, 0, 1, 0, 0), dim = c(5L, 
5L), dimnames = list(c("-2", "-1", "0", "1", "2"), c("-", "A", 
"C", "G", "T"))), LR10_SNP1 = structure(c(0, 0, 0, 0, 0, 0, 9, 
0, 1, 12, 1603, 2), dim = 4:3, dimnames = list(c("-2", "-1", 
"0", "1"), c("A", "C", "T"))), LR11_SNP1 = structure(c(0, 0, 
4, 0, 0, 4, 221, 0, 0, 0, 0, 0), dim = 4:3, dimnames = list(c("-2", 
"-1", "0", "1"), c("A", "C", "T"))), LR17_SNP1 = structure(c(10, 
30, 1508, 3, 0, 0, 0, 1, 0, 0, 0, 0, 0, 0, 0), dim = c(5L, 3L
), dimnames = list(c("-2", "-1", "0", "1", "2"), c("A", "G", 
"T"))), LR20_SNP1 = structure(c(0, 5, 0, 6, 233, 1), dim = 3:2, dimnames = list(
    c("-1", "0", "1"), c("A", "G"))), LR24_SNP1 = structure(c(3, 
309, 0, 0, 202, 0), dim = 3:2, dimnames = list(c("-1", "0", "1"
), c("A", "G"))), LR36_SNP1 = structure(c(2, 0, 8, 0, 1, 15, 
341, 0), dim = c(4L, 2L), dimnames = list(c("-2", "-1", "0", 
"1"), c("A", "T"))), LR40_SNP1 = structure(c(0, 0, 0, 2, 141, 
2), dim = 3:2, dimnames = list(c("-1", "0", "1"), c("A", "C"))), 
    LR44_SNP1 = structure(c(4, 14, 317, 2, 0, 0, 1, 0, 0, 0, 
    8, 0), dim = 4:3, dimnames = list(c("-2", "-1", "0", "1"), 
        c("C", "G", "T"))), LR46_SNP1 = structure(c(0, 0, 0, 
    0, 1, 23, 0, 0, 2, 1442, 2, 0), dim = 4:3, dimnames = list(
        c("-1", "0", "1", "2"), c("-", "G", "T"))), LR48_SNP1 = structure(c(0, 
    0, 0, 0, 0, 0, 0, 0, 21, 1409, 7, 0, 0, 0, 0, 0, 0, 0, 0, 
    0, 1, 3, 0, 0), dim = c(6L, 4L), dimnames = list(c("-3", 
    "-2", "-1", "0", "1", "2"), c("A", "C", "G", "T"))), LR49_SNP1 = structure(c(0, 
    0, 7, 0, 0, 3, 1802, 0), dim = c(4L, 2L), dimnames = list(
        c("-2", "-1", "0", "1"), c("A", "G"))), LR52_SNP1 = structure(c(0, 
    0, 0, 0, 0, 0, 0, 1, 0, 1, 3, 8, 0, 0, 0, 0, 1, 37, 900, 
    0, 0), dim = c(7L, 3L), dimnames = list(c("-4", "-3", "-2", 
    "-1", "0", "1", "2"), c("A", "C", "T"))))
