Result <-
list(DEPDC2_SNP1 = structure(c(0, 0, 0, 0, 404, 0, 3, 1082, 2
), dim = c(3L, 3L), dimnames = list(c("-1", "0", "1"), c("A", 
"C", "T"))), GM01_SNP1 = structure(c(0, 2, 1090, 3, 0, 0, 3, 
1134, 1, 0, 0, 0, 0, 0, 0), dim = c(5L, 3L), dimnames = list(
    c("-2", "-1", "0", "1", "2"), c("A", "G", "T"))), GM07_SNP1 = structure(c(0, 
0, 0, 0, 0, 0, 23, 1004, 10, 0, 1, 15, 740, 5, 0, 0, 0, 0, 0, 
0), dim = 5:4, dimnames = list(c("-2", "-1", "0", "1", "2"), 
    c("-", "A", "G", "T"))), GM09_SNP1 = structure(c(0, 3, 0, 
0, 0, 0, 2, 2163, 0, 0, 0, 0), dim = 3:4, dimnames = list(c("-1", 
"0", "1"), c("A", "C", "G", "T"))), GM11_SNP1 = structure(c(0, 
1, 1264, 1, 0, 0, 1, 0, 0, 0, 0, 0), dim = 4:3, dimnames = list(
    c("-2", "-1", "0", "1"), c("A", "G", "T"))), GM14_SNP1 = structure(c(0, 
0, 0, 0, 0, 0, 7, 898, 4, 0, 0, 2, 839, 1, 0), dim = c(5L, 3L
), dimnames = list(c("-2", "-1", "0", "1", "2"), c("A", "C", 
"T"))), GM17_SNP1 = structure(c(0, 0, 1, 0, 0, 6, 2265, 1), dim = c(4L, 
2L), dimnames = list(c("-2", "-1", "0", "1"), c("C", "T"))), 
    GM22_SNP1 = structure(c(0, 5, 962, 1, 0, 3, 871, 3), dim = c(4L, 
    2L), dimnames = list(c("-2", "-1", "0", "1"), c("A", "G"))), 
    GM26_SNP1 = structure(c(0, 1, 521, 1, 0, 1, 586, 0), dim = c(4L, 
    2L), dimnames = list(c("-2", "-1", "0", "1"), c("A", "G"))), 
    GM29_SNP1 = structure(c(0, 1, 1, 0, 0, 3, 1437, 0, 0, 0, 
    0, 0), dim = 4:3, dimnames = list(c("-2", "-1", "0", "1"), 
        c("A", "G", "T"))), IM16_SNP1 = structure(c(0, 2, 0, 
    0, 4, 1376, 4, 1), dim = c(4L, 2L), dimnames = list(c("-1", 
    "0", "1", "2"), c("A", "G"))), IM49_SNP1 = structure(c(1, 
    10, 604, 9, 0, 1, 14, 972, 7, 0), dim = c(5L, 2L), dimnames = list(
        c("-2", "-1", "0", "1", "2"), c("C", "G"))), LR10_SNP1 = structure(c(0, 
    0, 0, 0, 0, 0, 0, 0, 0, 7, 1790, 5), dim = 4:3, dimnames = list(
        c("-2", "-1", "0", "1"), c("A", "C", "T"))), LR11_SNP1 = structure(c(0, 
    0, 9, 1115, 3, 0, 0, 0, 3, 861, 2, 0, 0, 0, 0, 0, 0, 0), dim = c(6L, 
    3L), dimnames = list(c("-3", "-2", "-1", "0", "1", "2"), 
        c("A", "C", "T"))), LR17_SNP1 = structure(c(0, 0, 26, 
    2238, 9, 0, 0, 0, 0, 0, 0, 0), dim = c(6L, 2L), dimnames = list(
        c("-3", "-2", "-1", "0", "1", "2"), c("A", "G"))), LR20_SNP1 = structure(c(0, 
    793, 0, 0, 0, 781, 0, 0), dim = c(4L, 2L), dimnames = list(
        c("-1", "0", "1", "2"), c("A", "G"))), LR24_SNP1 = structure(c(0, 
    4, 969, 1, 0, 0, 1025, 0), dim = c(4L, 2L), dimnames = list(
        c("-2", "-1", "0", "1"), c("A", "G"))), LR36_SNP1 = structure(c(0, 
    0, 0, 0, 0, 0, 0, 0, 0, 0, 9, 2223, 7, 0, 0, 0, 0, 0, 0, 
    0, 0, 0, 0, 0, 1, 1, 0, 0), dim = c(7L, 4L), dimnames = list(
        c("-4", "-3", "-2", "-1", "0", "1", "2"), c("-", "A", 
        "G", "T"))), LR40_SNP1 = structure(c(0, 0, 0, 0, 0, 6, 
    1264, 2), dim = c(4L, 2L), dimnames = list(c("-2", "-1", 
    "0", "1"), c("A", "C"))), LR44_SNP1 = structure(c(0, 0, 1, 
    0, 0, 14, 527, 3, 0, 0, 3, 0, 0, 0, 17, 0), dim = c(4L, 4L
    ), dimnames = list(c("-2", "-1", "0", "1"), c("-", "C", "G", 
    "T"))), LR46_SNP1 = structure(c(0, 0, 0, 0, 0, 0, 695, 0, 
    0, 0, 780, 0), dim = 4:3, dimnames = list(c("-2", "-1", "0", 
    "1"), c("-", "G", "T"))), LR48_SNP1 = structure(c(0, 0, 5, 
    739, 7, 0, 0, 0, 6, 657, 1, 0), dim = c(6L, 2L), dimnames = list(
        c("-3", "-2", "-1", "0", "1", "2"), c("C", "T"))), LR49_SNP1 = structure(c(0, 
    3, 0, 0, 0, 0, 2, 1918, 0), dim = c(3L, 3L), dimnames = list(
        c("-1", "0", "1"), c("A", "C", "G"))), LR52_SNP1 = structure(c(0, 
    6, 63, 1218, 4, 0, 0, 1, 0, 9, 1, 0), dim = c(6L, 2L), dimnames = list(
        c("-3", "-2", "-1", "0", "1", "2"), c("C", "T"))))
