Result <-
list(DEPDC2_SNP1 = structure(c(0, 0, 0, 0, 0, 1, 2, 0, 0, 0, 
0, 0, 0, 1, 1258, 0), dim = c(4L, 4L), dimnames = list(c("-2", 
"-1", "0", "1"), c("A", "C", "G", "T"))), GM01_SNP1 = structure(c(2, 
132, 0, 0, 10, 0), dim = 3:2, dimnames = list(c("-1", "0", "1"
), c("A", "G"))), GM07_SNP1 = structure(c(0, 0, 2, 0, 0, 0, 11, 
630, 3, 0, 0, 0, 1, 0, 0), dim = c(5L, 3L), dimnames = list(c("-2", 
"-1", "0", "1", "2"), c("A", "G", "T"))), GM09_SNP1 = structure(c(0, 
295, 1, 0, 130, 0), dim = 3:2, dimnames = list(c("-1", "0", "1"
), c("A", "G"))), GM11_SNP1 = structure(c(0, 6, 0, 0, 49, 0), dim = 3:2, dimnames = list(
    c("-1", "0", "1"), c("A", "G"))), GM14_SNP1 = structure(c(1, 
0, 85, 0, 0, 0, 1, 85, 0, 0), dim = c(5L, 2L), dimnames = list(
    c("-3", "-1", "0", "1", "2"), c("C", "T"))), GM17_SNP1 = structure(c(0, 
0, 0, 0, 0, 0, 0, 1, 0, 631, 0, 0, 0, 0, 4, 673, 0, 0), dim = c(6L, 
3L), dimnames = list(c("-3", "-2", "-1", "0", "1", "2"), c("A", 
"C", "T"))), GM22_SNP1 = structure(c(0, 1, 562, 0, 0, 0, 0, 0, 
0, 0, 323, 3, 0, 0, 0, 0), dim = c(4L, 4L), dimnames = list(c("-2", 
"-1", "0", "1"), c("A", "C", "G", "T"))), GM26_SNP1 = structure(c(0, 
0, 0, 387, 1, 0, 0, 3, 254, 0), dim = c(5L, 2L), dimnames = list(
    c("-3", "-2", "-1", "0", "1"), c("A", "G"))), GM29_SNP1 = structure(c(0, 
3, 920, 2, 0, 0, 0, 3, 0, 0), dim = c(5L, 2L), dimnames = list(
    c("-2", "-1", "0", "1", "2"), c("A", "G"))), IM16_SNP1 = structure(c(0, 
3, 0, 0, 57, 0), dim = 3:2, dimnames = list(c("-1", "0", "1"), 
    c("A", "G"))), IM49_SNP1 = structure(c(0, 0, 0, 0, 0, 0, 
0, 0, 0, 0, 0, 0, 0, 1, 1, 5, 0, 0, 0, 1, 13, 1353, 8, 0), dim = c(6L, 
4L), dimnames = list(c("-3", "-2", "-1", "0", "1", "2"), c("-", 
"A", "C", "G"))), LR10_SNP1 = structure(c(0, 0, 0, 1, 266, 0, 
0, 0, 0, 4, 291, 1), dim = 3:4, dimnames = list(c("-1", "0", 
"1"), c("A", "C", "G", "T"))), LR11_SNP1 = structure(c(0, 0, 
0, 0, 0, 0, 57, 0, 0, 0, 48, 0), dim = 4:3, dimnames = list(c("-2", 
"-1", "0", "1"), c("-", "A", "C"))), LR17_SNP1 = structure(c(0, 
0, 17, 1009, 3, 0, 0, 0, 0, 0, 0, 0), dim = c(6L, 2L), dimnames = list(
    c("-3", "-2", "-1", "0", "1", "2"), c("A", "G"))), LR20_SNP1 = structure(c(0, 
55, 0, 0, 58, 0), dim = 3:2, dimnames = list(c("-1", "0", "1"
), c("A", "G"))), LR24_SNP1 = structure(c(0, 69, 0, 0, 58, 0), dim = 3:2, dimnames = list(
    c("-1", "0", "1"), c("A", "G"))), LR36_SNP1 = structure(c(0, 
1, 3, 0, 0, 0, 0, 0, 0, 0, 0, 0, 0, 4, 316, 2, 1, 0), dim = c(6L, 
3L), dimnames = list(c("-2", "-1", "0", "1", "2", "3"), c("A", 
"G", "T"))), LR40_SNP1 = structure(c(0, 1, 0, 4, 76, 0), dim = 3:2, dimnames = list(
    c("-1", "0", "1"), c("A", "C"))), LR44_SNP1 = structure(c(0, 
0, 2, 0, 0, 1, 36, 0), dim = c(4L, 2L), dimnames = list(c("-2", 
"-1", "0", "1"), c("C", "T"))), LR46_SNP1 = structure(c(0, 0, 
0, 0, 1, 0, 1, 277, 0, 1, 603, 1), dim = 3:4, dimnames = list(
    c("-1", "0", "1"), c("A", "C", "G", "T"))), LR48_SNP1 = structure(c(0, 
0, 1, 0, 0, 0, 9, 870, 7, 0, 0, 1, 2, 0, 0), dim = c(5L, 3L), dimnames = list(
    c("-2", "-1", "0", "1", "2"), c("A", "C", "T"))), LR49_SNP1 = structure(c(0, 
4, 0, 0, 0, 0, 2, 1551, 0, 0, 0, 0), dim = 3:4, dimnames = list(
    c("-1", "0", "1"), c("A", "C", "G", "T"))), LR52_SNP1 = structure(c(0, 
0, 10, 203, 0, 0, 0, 2, 9, 218, 3, 0), dim = c(6L, 2L), dimnames = list(
    c("-3", "-2", "-1", "0", "1", "2"), c("C", "T"))))
