Result <-
list(DEPDC2_SNP1 = structure(c(0, 0, 0, 0, 0, 0, 0, 0, 354, 1, 
0, 0, 1, 624, 2), dim = c(5L, 3L), dimnames = list(c("-4", "-2", 
"-1", "0", "1"), c("A", "C", "T"))), GM01_SNP1 = structure(c(0, 
0, 0, 0, 0, 2, 921, 1, 0, 0, 3, 0, 0, 0, 0, 0), dim = c(4L, 4L
), dimnames = list(c("-2", "-1", "0", "1"), c("-", "A", "G", 
"T"))), GM07_SNP1 = structure(c(0, 3, 266, 3, 0, 0, 1, 283, 4, 
0), dim = c(5L, 2L), dimnames = list(c("-2", "-1", "0", "1", 
"2"), c("A", "G"))), GM09_SNP1 = structure(c(0, 7, 0, 1, 1173, 
0), dim = 3:2, dimnames = list(c("-1", "0", "1"), c("A", "G"))), 
    GM11_SNP1 = structure(c(0, 477, 1, 0, 2, 0, 0, 0, 0), dim = c(3L, 
    3L), dimnames = list(c("-1", "0", "1"), c("A", "G", "T"))), 
    GM14_SNP1 = structure(c(0, 0, 0, 0, 0, 0, 0, 1, 344, 3, 0, 
    0, 5, 388, 0), dim = c(5L, 3L), dimnames = list(c("-3", "-2", 
    "-1", "0", "1"), c("A", "C", "T"))), GM17_SNP1 = structure(c(0, 
    0, 0, 4, 349, 0, 0, 0, 0, 1, 338, 1), dim = 3:4, dimnames = list(
        c("-1", "0", "1"), c("A", "C", "G", "T"))), GM22_SNP1 = structure(c(0, 
    2, 370, 1, 0, 4, 415, 0), dim = c(4L, 2L), dimnames = list(
        c("-2", "-1", "0", "1"), c("A", "G"))), GM26_SNP1 = structure(c(0, 
    0, 346, 0, 0, 0, 2, 0, 0, 0, 0, 0), dim = 4:3, dimnames = list(
        c("-2", "-1", "0", "1"), c("A", "G", "T"))), GM29_SNP1 = structure(c(0, 
    3, 316, 0, 0, 2, 322, 0, 0, 0, 0, 0), dim = 4:3, dimnames = list(
        c("-2", "-1", "0", "1"), c("A", "G", "T"))), IM16_SNP1 = structure(c(0, 
    0, 3, 0, 0, 0, 0, 0, 0, 0, 0, 1, 497, 1, 0, 0, 0, 0, 0, 0
    ), dim = 5:4, dimnames = list(c("-2", "-1", "0", "1", "2"
    ), c("A", "C", "G", "T"))), IM49_SNP1 = structure(c(1, 2, 
    474, 2, 0, 0, 3, 380, 0, 0, 0, 0, 0, 0, 0), dim = c(5L, 3L
    ), dimnames = list(c("-2", "-1", "0", "1", "2"), c("C", "G", 
    "T"))), LR10_SNP1 = structure(c(0, 2, 220, 1, 0, 0, 0, 0, 
    0, 0, 255, 0), dim = 4:3, dimnames = list(c("-2", "-1", "0", 
    "1"), c("C", "G", "T"))), LR11_SNP1 = structure(c(0, 0, 0, 
    0, 0, 0, 10, 1299, 4, 0, 0, 0, 4, 1, 0, 0, 0, 0, 0, 0), dim = 5:4, dimnames = list(
        c("-2", "-1", "0", "1", "2"), c("-", "A", "C", "G"))), 
    LR17_SNP1 = structure(c(0, 13, 1172, 6, 0, 0, 0, 0, 0, 0), dim = c(5L, 
    2L), dimnames = list(c("-2", "-1", "0", "1", "2"), c("A", 
    "G"))), LR20_SNP1 = structure(c(1, 289, 0, 0, 241, 0, 0, 
    0, 0), dim = c(3L, 3L), dimnames = list(c("-1", "0", "1"), 
        c("A", "G", "T"))), LR24_SNP1 = structure(c(0, 0, 0, 
    0, 0, 0, 12, 0, 0, 0, 1074, 3), dim = 4:3, dimnames = list(
        c("-2", "-1", "0", "1"), c("-", "A", "G"))), LR36_SNP1 = structure(c(0, 
    0, 0, 9, 0, 0, 0, 0, 0, 0, 0, 0, 0, 0, 0, 0, 0, 0, 0, 0, 
    0, 0, 0, 0, 0, 0, 0, 0, 2, 2, 810, 1, 1, 0, 1, 0), dim = c(9L, 
    4L), dimnames = list(c("-3", "-2", "-1", "0", "1", "2", "3", 
    "4", "5"), c("A", "C", "G", "T"))), LR40_SNP1 = structure(c(0, 
    0, 0, 4, 0, 0, 1, 2, 593, 0), dim = c(5L, 2L), dimnames = list(
        c("-3", "-2", "-1", "0", "1"), c("A", "C"))), LR44_SNP1 = structure(c(0, 
    0, 0, 0, 0, 0, 5, 181, 0, 0, 0, 0, 1, 0, 0, 0, 8, 209, 1, 
    0), dim = 5:4, dimnames = list(c("-2", "-1", "0", "1", "2"
    ), c("A", "C", "G", "T"))), LR46_SNP1 = structure(c(0, 1, 
    609, 1, 0, 0, 0, 3, 0, 0), dim = c(5L, 2L), dimnames = list(
        c("-2", "-1", "0", "1", "2"), c("G", "T"))), LR48_SNP1 = structure(c(0, 
    0, 0, 0, 0, 0, 1, 3, 9, 608, 2, 0, 0, 0, 0, 2, 0, 0), dim = c(6L, 
    3L), dimnames = list(c("-3", "-2", "-1", "0", "1", "2"), 
        c("A", "C", "T"))), LR49_SNP1 = structure(c(0, 0, 0, 
    408, 0, 435, 0, 0), dim = c(2L, 4L), dimnames = list(c("-1", 
    "0"), c("-", "A", "G", "T"))), LR52_SNP1 = structure(c(0, 
    0, 0, 0, 0, 0, 0, 4, 187, 0, 0, 0, 8, 223, 1), dim = c(5L, 
    3L), dimnames = list(c("-3", "-2", "-1", "0", "1"), c("A", 
    "C", "T"))))
