Result <-
list(DEPDC2_SNP1 = structure(c(0, 0, 0, 0, 5, 0, 6, 1095, 2), dim = c(3L, 
3L), dimnames = list(c("-1", "0", "1"), c("A", "C", "T"))), GM01_SNP1 = structure(c(0, 
0, 0, 0, 0, 2, 172, 981, 0, 0, 0, 0, 4, 0, 0), dim = c(5L, 3L
), dimnames = list(c("-2", "-1", "0", "1", "2"), c("-", "A", 
"G"))), GM07_SNP1 = structure(c(0, 0, 0, 0, 0, 2, 186, 508, 3, 
0, 0, 0, 2, 0, 0), dim = c(5L, 3L), dimnames = list(c("-2", "-1", 
"0", "1", "2"), c("-", "A", "G"))), GM09_SNP1 = structure(c(20, 
576, 0, 0, 527, 0), dim = 3:2, dimnames = list(c("-1", "0", "1"
), c("A", "G"))), GM11_SNP1 = structure(c(0, 1, 244, 0, 0, 0, 
0, 0, 0, 0, 1, 3, 233, 1, 0), dim = c(5L, 3L), dimnames = list(
    c("-2", "-1", "0", "1", "2"), c("A", "C", "G"))), GM14_SNP1 = structure(c(0, 
0, 0, 0, 0, 5, 117, 270, 2, 1, 1, 111, 301, 1, 0), dim = c(5L, 
3L), dimnames = list(c("-2", "-1", "0", "1", "2"), c("A", "C", 
"T"))), GM17_SNP1 = structure(c(0, 9, 746, 0, 0, 1, 10, 1), dim = c(4L, 
2L), dimnames = list(c("-2", "-1", "0", "1"), c("C", "T"))), 
    GM22_SNP1 = structure(c(0, 7, 593, 1, 0, 4, 509, 3, 0, 0, 
    1, 0), dim = 4:3, dimnames = list(c("-2", "-1", "0", "1"), 
        c("A", "G", "T"))), GM26_SNP1 = structure(c(0, 4, 376, 
    0, 0, 0, 0, 284, 104, 0), dim = c(5L, 2L), dimnames = list(
        c("-2", "-1", "0", "1", "2"), c("A", "G"))), GM29_SNP1 = structure(c(0, 
    120, 635, 0, 0, 0, 0, 0, 0, 0, 0, 0), dim = 4:3, dimnames = list(
        c("-2", "-1", "0", "1"), c("A", "G", "T"))), IM16_SNP1 = structure(c(0, 
    293, 89, 2, 0, 5, 311, 119, 1, 0, 0, 1, 0, 0, 0), dim = c(5L, 
    3L), dimnames = list(c("-1", "0", "1", "2", "3"), c("A", 
    "G", "T"))), IM49_SNP1 = structure(c(0, 5, 83, 207, 1, 0, 
    0, 0, 3, 234, 1, 0), dim = c(6L, 2L), dimnames = list(c("-3", 
    "-2", "-1", "0", "1", "2"), c("C", "G"))), LR10_SNP1 = structure(c(0, 
    0, 0, 0, 0, 0, 132, 365, 0, 0, 0, 5, 511, 1, 0), dim = c(5L, 
    3L), dimnames = list(c("-2", "-1", "0", "1", "2"), c("A", 
    "C", "T"))), LR11_SNP1 = structure(c(0, 0, 0, 0, 0, 0, 7, 
    496, 2, 0, 3, 40, 338, 1, 0), dim = c(5L, 3L), dimnames = list(
        c("-2", "-1", "0", "1", "2"), c("-", "A", "C"))), LR17_SNP1 = structure(c(1, 
    14, 223, 1051, 1, 0, 0, 0, 0, 0, 0, 0, 0, 0, 0, 0, 0, 0), dim = c(6L, 
    3L), dimnames = list(c("-3", "-2", "-1", "0", "1", "2"), 
        c("A", "G", "T"))), LR20_SNP1 = structure(c(0, 0, 0, 
    82, 490, 2, 0, 3, 0), dim = c(3L, 3L), dimnames = list(c("-1", 
    "0", "1"), c("-", "A", "G"))), LR24_SNP1 = structure(c(0, 
    211, 484, 0, 0, 3, 543, 0), dim = c(4L, 2L), dimnames = list(
        c("-2", "-1", "0", "1"), c("A", "G"))), LR36_SNP1 = structure(c(0, 
    0, 116, 0, 8, 328, 0, 0, 0, 0, 0, 0, 0, 0, 0, 0, 0, 36, 93, 
    273, 0), dim = c(7L, 3L), dimnames = list(c("-8", "-4", "-3", 
    "-2", "-1", "0", "1"), c("A", "C", "T"))), LR40_SNP1 = structure(c(0, 
    0, 1, 0, 0, 72, 415, 0), dim = c(4L, 2L), dimnames = list(
        c("-2", "-1", "0", "1"), c("A", "C"))), LR44_SNP1 = structure(c(0, 
    1, 29, 294, 4, 0, 0, 0, 1, 0, 1, 7, 130, 234, 1), dim = c(5L, 
    3L), dimnames = list(c("-3", "-2", "-1", "0", "1"), c("C", 
    "G", "T"))), LR46_SNP1 = structure(c(0, 0, 0, 0, 0, 0, 2, 
    419, 0, 0, 393, 0), dim = 3:4, dimnames = list(c("-1", "0", 
    "1"), c("-", "A", "G", "T"))), LR48_SNP1 = structure(c(0, 
    0, 0, 0, 0, 0, 0, 5, 246, 573, 1, 0, 0, 0, 0, 0, 0, 0, 0, 
    0, 0, 1, 0, 0), dim = c(6L, 4L), dimnames = list(c("-3", 
    "-2", "-1", "0", "1", "2"), c("-", "C", "G", "T"))), LR49_SNP1 = structure(c(20, 
    546, 1, 204, 418, 0, 0, 0, 0), dim = c(3L, 3L), dimnames = list(
        c("-1", "0", "1"), c("A", "G", "T"))), LR52_SNP1 = structure(c(0, 
    0, 0, 0, 0, 0, 0, 6, 114, 8, 239, 1, 0, 0, 20, 98, 260, 1
    ), dim = c(6L, 3L), dimnames = list(c("-4", "-3", "-2", "-1", 
    "0", "1"), c("A", "C", "T"))))
