Result <-
list(DEPDC2_SNP1 = structure(c(0, 0, 0, 0, 0, 0, 3, 0, 0, 40, 
832, 2), dim = 4:3, dimnames = list(c("-2", "-1", "0", "1"), 
    c("A", "C", "T"))), GM01_SNP1 = structure(c(0, 1, 16, 0, 
0, 0, 0, 0, 0, 5, 1089, 1), dim = 4:3, dimnames = list(c("-2", 
"-1", "0", "1"), c("A", "C", "G"))), GM07_SNP1 = structure(c(0, 
0, 0, 0, 0, 1, 63, 478, 4, 0, 0, 1, 0, 0, 0, 0, 0, 0, 0, 0), dim = 5:4, dimnames = list(
    c("-2", "-1", "0", "1", "2"), c("-", "A", "G", "T"))), GM09_SNP1 = structure(c(1, 
66, 1147, 1, 0, 0, 9, 0, 0, 0, 0, 0), dim = 4:3, dimnames = list(
    c("-2", "-1", "0", "1"), c("A", "G", "T"))), GM11_SNP1 = structure(c(0, 
33, 236, 0, 0, 27, 249, 2, 0, 0, 0, 0), dim = 4:3, dimnames = list(
    c("-2", "-1", "0", "1"), c("A", "G", "T"))), GM14_SNP1 = structure(c(0, 
0, 0, 0, 0, 0, 1, 50, 68, 771, 0, 0, 0, 0, 0, 5, 0, 0), dim = c(6L, 
3L), dimnames = list(c("-3", "-2", "-1", "0", "1", "2"), c("A", 
"C", "T"))), GM17_SNP1 = structure(c(3, 394, 0, 44, 321, 0), dim = 3:2, dimnames = list(
    c("-1", "0", "1"), c("C", "T"))), GM22_SNP1 = structure(c(0, 
4, 524, 1, 0, 3, 452, 0, 0, 0, 0, 0), dim = 4:3, dimnames = list(
    c("-2", "-1", "0", "1"), c("A", "G", "T"))), GM26_SNP1 = structure(c(0, 
0, 289, 1, 1, 1, 279, 0, 0, 0, 0, 0), dim = 4:3, dimnames = list(
    c("-2", "-1", "0", "1"), c("A", "G", "T"))), GM29_SNP1 = structure(c(0, 
0, 1, 357, 0, 0, 0, 0, 37, 276, 1, 0, 0, 0, 0, 0, 0, 0), dim = c(6L, 
3L), dimnames = list(c("-3", "-2", "-1", "0", "1", "2"), c("A", 
"G", "T"))), IM16_SNP1 = structure(c(0, 0, 0, 0, 0, 0, 2, 282, 
34, 0, 0, 1, 384, 2, 0), dim = c(5L, 3L), dimnames = list(c("-2", 
"-1", "0", "1", "2"), c("-", "A", "G"))), IM49_SNP1 = structure(c(0, 
0, 9, 0, 0, 1, 17, 758, 6, 0, 0, 0, 0, 0, 0), dim = c(5L, 3L), dimnames = list(
    c("-2", "-1", "0", "1", "2"), c("C", "G", "T"))), LR10_SNP1 = structure(c(0, 
0, 0, 0, 0, 0, 1, 368, 0, 0, 0, 2, 436, 2, 0), dim = c(5L, 3L
), dimnames = list(c("-2", "-1", "0", "1", "2"), c("-", "C", 
"T"))), LR11_SNP1 = structure(c(0, 0, 1, 0, 0, 1, 11, 1074, 1, 
0, 0, 0, 0, 0, 0, 0, 0, 0, 0, 0), dim = 5:4, dimnames = list(
    c("-2", "-1", "0", "1", "2"), c("A", "C", "G", "T"))), LR17_SNP1 = structure(c(0, 
0, 0, 0, 0, 0, 0, 72, 85, 1150, 7, 0, 0, 0, 0, 0, 0, 0), dim = c(6L, 
3L), dimnames = list(c("-3", "-2", "-1", "0", "1", "2"), c("-", 
"A", "G"))), LR20_SNP1 = structure(c(0, 0, 0, 0, 354, 0, 0, 343, 
1, 0, 1, 0), dim = 3:4, dimnames = list(c("-1", "0", "1"), c("-", 
"A", "G", "T"))), LR24_SNP1 = structure(c(0, 0, 0, 0, 0, 1, 8, 
0, 0, 11, 1316, 1), dim = 4:3, dimnames = list(c("-2", "-1", 
"0", "1"), c("-", "A", "G"))), LR36_SNP1 = structure(c(0, 0, 
1, 9, 0, 0, 0, 0, 1, 0, 0, 0, 0, 0, 0, 0, 96, 5, 807, 1), dim = 5:4, dimnames = list(
    c("-3", "-2", "-1", "0", "1"), c("A", "C", "G", "T"))), LR40_SNP1 = structure(c(0, 
0, 1, 0, 0, 8, 638, 0, 0, 0, 0, 0), dim = 4:3, dimnames = list(
    c("-2", "-1", "0", "1"), c("A", "C", "T"))), LR44_SNP1 = structure(c(0, 
0, 9, 46, 400, 0, 0, 0, 0, 0, 3, 10, 0, 1), dim = c(7L, 2L), dimnames = list(
    c("-4", "-3", "-2", "-1", "0", "1", "5"), c("C", "T"))), 
    LR46_SNP1 = structure(c(0, 18, 237, 0, 0, 1, 281, 0), dim = c(4L, 
    2L), dimnames = list(c("-2", "-1", "0", "1"), c("G", "T"))), 
    LR48_SNP1 = structure(c(0, 0, 0, 0, 0, 1, 70, 620, 2, 0, 
    0, 0, 3, 0, 0), dim = c(5L, 3L), dimnames = list(c("-2", 
    "-1", "0", "1", "2"), c("A", "C", "T"))), LR49_SNP1 = structure(c(1, 
    5, 0, 7, 958, 0, 0, 0, 0), dim = c(3L, 3L), dimnames = list(
        c("-1", "0", "1"), c("A", "G", "T"))), LR52_SNP1 = structure(c(0, 
    0, 0, 0, 0, 0, 0, 0, 0, 7, 89, 454, 0, 0, 0, 0, 1, 1, 1, 
    0, 0), dim = c(7L, 3L), dimnames = list(c("-4", "-3", "-2", 
    "-1", "0", "1", "3"), c("A", "C", "T"))))
