Result <-
list(DEPDC2_SNP1 = structure(c(0, 1, 0, 1, 201, 2, 3, 237, 2), dim = c(3L, 
3L), dimnames = list(c("-1", "0", "1"), c("A", "C", "T"))), GM01_SNP1 = structure(c(0, 
150, 309, 1, 0, 0, 25, 0), dim = c(4L, 2L), dimnames = list(c("-2", 
"-1", "0", "1"), c("A", "G"))), GM07_SNP1 = structure(c(0, 0, 
0, 0, 0, 0, 0, 0, 49, 86, 1, 0, 0, 5, 73, 101, 1, 0), dim = c(6L, 
3L), dimnames = list(c("-3", "-2", "-1", "0", "1", "2"), c("-", 
"A", "G"))), GM09_SNP1 = structure(c(0, 273, 0, 2, 303, 0, 0, 
0, 0), dim = c(3L, 3L), dimnames = list(c("-1", "0", "1"), c("A", 
"G", "T"))), GM11_SNP1 = structure(c(0, 47, 96, 3, 0, 43, 69, 
2, 0, 0, 0, 0), dim = 4:3, dimnames = list(c("-2", "-1", "0", 
"1"), c("A", "G", "T"))), GM14_SNP1 = structure(c(0, 0, 0, 1, 
0, 0, 4, 5, 256, 262, 2, 0, 0, 0, 3, 13, 0, 0), dim = c(6L, 3L
), dimnames = list(c("-3", "-2", "-1", "0", "1", "2"), c("-", 
"C", "T"))), GM17_SNP1 = structure(c(4, 23, 0, 0, 361, 0), dim = 3:2, dimnames = list(
    c("-1", "0", "1"), c("C", "T"))), GM22_SNP1 = structure(c(0, 
6, 245, 1, 0, 0, 1, 189, 1, 0), dim = c(5L, 2L), dimnames = list(
    c("-2", "-1", "0", "1", "2"), c("A", "G"))), GM26_SNP1 = structure(c(1, 
97, 1, 5, 113, 0), dim = 3:2, dimnames = list(c("-1", "0", "1"
), c("A", "G"))), GM29_SNP1 = structure(c(0, 0, 5, 196, 1, 0, 
0, 3, 178, 1), dim = c(5L, 2L), dimnames = list(c("-3", "-2", 
"-1", "0", "1"), c("A", "G"))), IM16_SNP1 = structure(c(0, 2, 
66, 105, 0, 0, 1, 72, 5, 100, 0, 0, 0, 0, 0, 0, 0, 0), dim = c(6L, 
3L), dimnames = list(c("-3", "-2", "-1", "0", "1", "2"), c("A", 
"G", "T"))), IM49_SNP1 = structure(c(0, 0, 0, 0, 0, 0, 0, 3, 
12, 407, 4, 0, 0, 21, 180, 214, 0, 0), dim = c(6L, 3L), dimnames = list(
    c("-3", "-2", "-1", "0", "1", "2"), c("A", "C", "G"))), LR10_SNP1 = structure(c(0, 
0, 0, 8, 173, 0, 1, 181, 1), dim = c(3L, 3L), dimnames = list(
    c("-1", "0", "1"), c("A", "C", "T"))), LR11_SNP1 = structure(c(12, 
141, 197, 2, 2, 30, 207, 3, 0, 0, 0, 0, 0, 0, 0, 0), dim = c(4L, 
4L), dimnames = list(c("-2", "-1", "0", "1"), c("A", "C", "G", 
"T"))), LR17_SNP1 = structure(c(0, 138, 39, 588, 3, 0, 0, 0, 
0, 1, 0, 0), dim = c(6L, 2L), dimnames = list(c("-3", "-2", "-1", 
"0", "1", "2"), c("A", "G"))), LR20_SNP1 = structure(c(3, 376, 
1, 5, 24, 0), dim = 3:2, dimnames = list(c("-1", "0", "1"), c("A", 
"G"))), LR24_SNP1 = structure(c(0, 0, 0, 0, 0, 0, 3, 19, 345, 
0, 0, 0, 5, 356, 0), dim = c(5L, 3L), dimnames = list(c("-3", 
"-2", "-1", "0", "1"), c("-", "A", "G"))), LR36_SNP1 = structure(c(0, 
0, 0, 1, 20, 0, 0, 0, 0, 0, 1, 0, 2, 71, 12, 118, 345, 0), dim = c(6L, 
3L), dimnames = list(c("-4", "-3", "-2", "-1", "0", "1"), c("A", 
"G", "T"))), LR40_SNP1 = structure(c(0, 0, 0, 0, 0, 0, 58, 4, 
286, 0, 0, 0, 0, 0, 0), dim = c(5L, 3L), dimnames = list(c("-3", 
"-2", "-1", "0", "1"), c("A", "C", "T"))), LR44_SNP1 = structure(c(0, 
0, 0, 2, 0, 0, 0, 78, 0, 1, 83, 0, 1, 1, 1, 70, 109, 2), dim = c(6L, 
3L), dimnames = list(c("-5", "-3", "-2", "-1", "0", "1"), c("A", 
"C", "T"))), LR46_SNP1 = structure(c(0, 2, 190, 0, 0, 68, 92, 
0), dim = c(4L, 2L), dimnames = list(c("-2", "-1", "0", "1"), 
    c("G", "T"))), LR48_SNP1 = structure(c(3, 91, 129, 0, 6, 
112, 81, 0), dim = c(4L, 2L), dimnames = list(c("-2", "-1", "0", 
"1"), c("C", "T"))), LR49_SNP1 = structure(c(0, 1, 10, 0, 0, 
0, 0, 0, 1, 149, 413, 0, 0, 0, 0, 0), dim = c(4L, 4L), dimnames = list(
    c("-2", "-1", "0", "1"), c("A", "C", "G", "T"))), LR52_SNP1 = structure(c(0, 
1, 8, 42, 69, 0, 2, 51, 1, 2, 54, 0), dim = c(6L, 2L), dimnames = list(
    c("-4", "-3", "-2", "-1", "0", "1"), c("C", "T"))))
