Result <-
list(DEPDC2_SNP1 = structure(c(0, 0, 0, 0, 0, 0, 0, 4, 0, 0, 
0, 11, 515, 7, 3), dim = c(5L, 3L), dimnames = list(c("-2", "-1", 
"0", "1", "2"), c("A", "C", "T"))), GM01_SNP1 = structure(c(0, 
95, 729, 0, 0, 0, 3, 0), dim = c(4L, 2L), dimnames = list(c("-2", 
"-1", "0", "1"), c("A", "G"))), GM07_SNP1 = structure(c(0, 0, 
0, 0, 0, 1, 52, 188, 0, 0, 8, 41, 187, 5, 0), dim = c(5L, 3L), dimnames = list(
    c("-2", "-1", "0", "1", "2"), c("-", "A", "G"))), GM09_SNP1 = structure(c(0, 
869, 1, 0, 9, 0), dim = 3:2, dimnames = list(c("-1", "0", "1"
), c("A", "G"))), GM11_SNP1 = structure(c(0, 30, 444, 2, 0, 0, 
2, 0), dim = c(4L, 2L), dimnames = list(c("-2", "-1", "0", "1"
), c("A", "G"))), GM14_SNP1 = structure(c(0, 1, 17, 291, 1, 0, 
2, 56, 197, 1), dim = c(5L, 2L), dimnames = list(c("-3", "-2", 
"-1", "0", "1"), c("C", "T"))), GM17_SNP1 = structure(c(12, 46, 
574, 1, 0, 0, 1, 4, 0, 0), dim = c(5L, 2L), dimnames = list(c("-2", 
"-1", "0", "1", "2"), c("C", "T"))), GM22_SNP1 = structure(c(0, 
64, 308, 0, 0, 19, 351, 2, 0, 0, 0, 0), dim = 4:3, dimnames = list(
    c("-2", "-1", "0", "1"), c("A", "G", "T"))), GM26_SNP1 = structure(c(0, 
3, 417, 0, 0, 1, 0, 0), dim = c(4L, 2L), dimnames = list(c("-2", 
"-1", "0", "1"), c("A", "G"))), GM29_SNP1 = structure(c(0, 16, 
462, 1, 0, 0, 2, 0), dim = c(4L, 2L), dimnames = list(c("-2", 
"-1", "0", "1"), c("A", "G"))), IM16_SNP1 = structure(c(1, 52, 
185, 2, 0, 1, 39, 190, 4, 0), dim = c(5L, 2L), dimnames = list(
    c("-2", "-1", "0", "1", "2"), c("A", "G"))), IM49_SNP1 = structure(c(0, 
10, 54, 262, 0, 0, 0, 2, 78, 263, 2, 0), dim = c(6L, 2L), dimnames = list(
    c("-3", "-2", "-1", "0", "1", "2"), c("C", "G"))), LR10_SNP1 = structure(c(6, 
20, 552, 2, 0, 0, 7, 0), dim = c(4L, 2L), dimnames = list(c("-2", 
"-1", "0", "1"), c("C", "T"))), LR11_SNP1 = structure(c(0, 0, 
0, 0, 0, 78, 406, 2, 9, 6, 380, 0, 0, 0, 0, 0, 0, 0, 0, 0), dim = 4:5, dimnames = list(
    c("-2", "-1", "0", "1"), c("-", "A", "C", "G", "T"))), LR17_SNP1 = structure(c(0, 
12, 59, 963, 43, 0, 0, 0, 0, 0, 0, 0), dim = c(6L, 2L), dimnames = list(
    c("-3", "-2", "-1", "0", "1", "2"), c("A", "G"))), LR20_SNP1 = structure(c(0, 
17, 256, 0, 0, 15, 285, 1), dim = c(4L, 2L), dimnames = list(
    c("-2", "-1", "0", "1"), c("A", "G"))), LR24_SNP1 = structure(c(0, 
5, 481, 0, 1, 22, 399, 1), dim = c(4L, 2L), dimnames = list(c("-2", 
"-1", "0", "1"), c("A", "G"))), LR36_SNP1 = structure(c(0, 0, 
0, 6, 0, 1, 36, 68, 492, 4), dim = c(5L, 2L), dimnames = list(
    c("-3", "-2", "-1", "0", "1"), c("A", "T"))), LR40_SNP1 = structure(c(0, 
7, 257, 0, 0, 4, 30, 201, 2, 0, 0, 0, 0, 0, 0), dim = c(5L, 3L
), dimnames = list(c("-2", "-1", "0", "1", "2"), c("A", "C", 
"G"))), LR44_SNP1 = structure(c(3, 15, 22, 9, 167, 0, 0, 1, 15, 
41, 177, 3), dim = c(6L, 2L), dimnames = list(c("-4", "-3", "-2", 
"-1", "0", "1"), c("C", "T"))), LR46_SNP1 = structure(c(0, 0, 
0, 0, 0, 270, 0, 0, 0, 243, 1, 0), dim = 4:3, dimnames = list(
    c("-1", "0", "1", "2"), c("A", "G", "T"))), LR48_SNP1 = structure(c(5, 
40, 430, 1, 0, 0, 0, 0), dim = c(4L, 2L), dimnames = list(c("-2", 
"-1", "0", "1"), c("C", "T"))), LR49_SNP1 = structure(c(8, 371, 
0, 3, 366, 0, 0, 1, 0), dim = c(3L, 3L), dimnames = list(c("-1", 
"0", "1"), c("A", "G", "T"))), LR52_SNP1 = structure(c(10, 5, 
29, 18, 315, 4, 0, 0, 0, 0, 0, 3, 0, 0), dim = c(7L, 2L), dimnames = list(
    c("-4", "-3", "-2", "-1", "0", "1", "2"), c("C", "T"))))
