Result <-
list(DEPDC2_SNP1 = structure(c(0, 0, 1, 0, 0, 2, 279, 4, 0, 0, 
4, 0), dim = 4:3, dimnames = list(c("-2", "-1", "0", "1"), c("A", 
"C", "T"))), GM01_SNP1 = structure(c(0, 0, 241, 0, 0, 0, 0, 8, 
0, 0), dim = c(5L, 2L), dimnames = list(c("-2", "-1", "0", "1", 
"2"), c("A", "G"))), GM07_SNP1 = structure(c(0, 0, 0, 0, 0, 1, 
6, 167, 2, 0, 0, 0, 4, 0, 0), dim = c(5L, 3L), dimnames = list(
    c("-2", "-1", "0", "1", "2"), c("-", "A", "G"))), GM09_SNP1 = structure(c(2, 
222, 0, 0, 0, 0, 0, 213, 0), dim = c(3L, 3L), dimnames = list(
    c("-1", "0", "1"), c("A", "C", "G"))), GM11_SNP1 = structure(c(2, 
65, 0), dim = c(3L, 1L), dimnames = list(c("-1", "0", "1"), "A")), 
    GM14_SNP1 = structure(c(0, 17, 13, 154, 1, 0, 0, 0, 2, 0), dim = c(5L, 
    2L), dimnames = list(c("-3", "-2", "-1", "0", "1"), c("C", 
    "T"))), GM17_SNP1 = structure(c(0, 0, 240, 0, 0, 5, 243, 
    0), dim = c(4L, 2L), dimnames = list(c("-2", "-1", "0", "1"
    ), c("C", "T"))), GM22_SNP1 = structure(c(0, 4, 276, 0, 0, 
    0, 4, 0, 0, 0, 0, 0), dim = 4:3, dimnames = list(c("-2", 
    "-1", "0", "1"), c("A", "G", "T"))), GM26_SNP1 = structure(c(0, 
    13, 70, 0), dim = c(4L, 1L), dimnames = list(c("-2", "-1", 
    "0", "1"), "A")), GM29_SNP1 = structure(c(0, 2, 340, 0, 0, 
    0, 10, 0), dim = c(4L, 2L), dimnames = list(c("-2", "-1", 
    "0", "1"), c("A", "G"))), IM16_SNP1 = structure(c(0, 1, 50, 
    1, 0, 29, 39, 0), dim = c(4L, 2L), dimnames = list(c("-2", 
    "-1", "0", "1"), c("A", "G"))), IM49_SNP1 = structure(c(0, 
    0, 0, 0, 0, 0, 0, 20, 597, 120, 0, 0, 0, 0, 3, 0, 0, 0, 0, 
    0, 0, 0, 0, 0), dim = c(6L, 4L), dimnames = list(c("-2", 
    "-1", "0", "1", "2", "3"), c("A", "C", "G", "T"))), LR10_SNP1 = structure(c(0, 
    0, 0, 0, 0, 0, 0, 0, 0, 0, 86, 0, 0, 2, 70, 0), dim = c(4L, 
    4L), dimnames = list(c("-2", "-1", "0", "1"), c("-", "A", 
    "C", "T"))), LR11_SNP1 = structure(c(0, 0, 2, 0, 0, 36, 153, 
    3), dim = c(4L, 2L), dimnames = list(c("-2", "-1", "0", "1"
    ), c("A", "C"))), LR17_SNP1 = structure(c(1, 7, 174, 302, 
    2, 0, 0, 0, 0, 0, 0, 0), dim = c(6L, 2L), dimnames = list(
        c("-3", "-2", "-1", "0", "1", "2"), c("A", "G"))), LR20_SNP1 = structure(c(0, 
    101, 0, 0, 0, 0, 1, 120, 0), dim = c(3L, 3L), dimnames = list(
        c("-1", "0", "1"), c("A", "C", "G"))), LR24_SNP1 = structure(c(0, 
    0, 4, 0, 0, 7, 295, 0), dim = c(4L, 2L), dimnames = list(
        c("-2", "-1", "0", "1"), c("A", "G"))), LR36_SNP1 = structure(c(0, 
    0, 0, 0, 0, 0, 0, 0, 0, 15, 110, 371, 3, 0, 0, 0, 0, 0, 0, 
    0, 0, 0, 0, 0, 0, 5, 0, 0), dim = c(7L, 4L), dimnames = list(
        c("-4", "-3", "-2", "-1", "0", "1", "2"), c("-", "A", 
        "C", "T"))), LR40_SNP1 = structure(c(0, 0, 1, 0, 0, 19, 
    80, 0), dim = c(4L, 2L), dimnames = list(c("-2", "-1", "0", 
    "1"), c("A", "C"))), LR44_SNP1 = structure(c(0, 2, 6, 22, 
    0, 0, 0, 16, 13, 0), dim = c(5L, 2L), dimnames = list(c("-3", 
    "-2", "-1", "0", "1"), c("C", "T"))), LR46_SNP1 = structure(c(28, 
    80, 17, 65), dim = c(2L, 2L), dimnames = list(c("-1", "0"
    ), c("G", "T"))), LR48_SNP1 = structure(c(0, 0, 92, 1, 0, 
    0, 1, 91, 2, 0), dim = c(5L, 2L), dimnames = list(c("-2", 
    "-1", "0", "1", "2"), c("C", "T"))), LR49_SNP1 = structure(c(71, 
    216, 0, 1, 9, 0), dim = 3:2, dimnames = list(c("-1", "0", 
    "1"), c("A", "G"))), LR52_SNP1 = structure(c(0, 0, 4, 9, 
    34, 0, 0, 0, 0, 0, 9, 0), dim = c(6L, 2L), dimnames = list(
        c("-4", "-3", "-2", "-1", "0", "1"), c("C", "T"))))
