Result <-
list(DEPDC2_SNP1 = structure(c(0, 1, 0, 5, 679, 0), dim = 3:2, dimnames = list(
    c("-1", "0", "1"), c("C", "T"))), GM01_SNP1 = structure(c(0, 
0, 4, 187, 0, 0, 0, 0, 8, 778, 1, 0, 0, 0, 0, 0, 0, 0), dim = c(6L, 
3L), dimnames = list(c("-3", "-2", "-1", "0", "1", "2"), c("A", 
"G", "T"))), GM07_SNP1 = structure(c(0, 0, 0, 0, 0, 0, 3, 173, 
5, 118, 1, 0, 1, 157, 8, 137, 1, 0), dim = c(6L, 3L), dimnames = list(
    c("-3", "-2", "-1", "0", "1", "2"), c("-", "A", "G"))), GM09_SNP1 = structure(c(0, 
1, 518, 1, 0, 4, 467, 3, 0, 0, 0, 0), dim = 4:3, dimnames = list(
    c("-2", "-1", "0", "1"), c("A", "G", "T"))), GM11_SNP1 = structure(c(0, 
239, 204, 0, 0, 1, 5, 0, 0, 0, 0, 0), dim = 4:3, dimnames = list(
    c("-2", "-1", "0", "1"), c("A", "G", "T"))), GM14_SNP1 = structure(c(0, 
1, 7, 219, 150, 0, 0, 0, 0, 4, 134, 0), dim = c(6L, 2L), dimnames = list(
    c("-4", "-3", "-2", "-1", "0", "1"), c("C", "T"))), GM17_SNP1 = structure(c(0, 
0, 173, 441, 0, 0, 0, 2, 15, 0), dim = c(5L, 2L), dimnames = list(
    c("-3", "-2", "-1", "0", "1"), c("C", "T"))), GM22_SNP1 = structure(c(0, 
60, 789, 0, 0, 0, 0, 3, 0, 0, 0, 0, 0, 0, 0), dim = c(5L, 3L), dimnames = list(
    c("-2", "-1", "0", "1", "2"), c("A", "G", "T"))), GM26_SNP1 = structure(c(4, 
252, 2, 7, 242, 0), dim = 3:2, dimnames = list(c("-1", "0", "1"
), c("A", "G"))), GM29_SNP1 = structure(c(0, 0, 0, 0, 50, 46, 
576, 1, 0, 0, 0, 0, 0, 0, 0, 0), dim = c(4L, 4L), dimnames = list(
    c("-2", "-1", "0", "1"), c("-", "A", "G", "T"))), IM16_SNP1 = structure(c(0, 
28, 281, 2, 0, 0, 0, 0, 0, 10, 305, 2, 0, 0, 0, 0), dim = c(4L, 
4L), dimnames = list(c("-2", "-1", "0", "1"), c("A", "C", "G", 
"T"))), IM49_SNP1 = structure(c(0, 0, 0, 4, 0, 0, 8, 382, 46, 
276, 3, 0), dim = c(6L, 2L), dimnames = list(c("-3", "-2", "-1", 
"0", "1", "2"), c("C", "G"))), LR10_SNP1 = structure(c(0, 0, 
0, 0, 0, 1, 7, 0, 3, 245, 426, 3), dim = 4:3, dimnames = list(
    c("-2", "-1", "0", "1"), c("A", "C", "T"))), LR11_SNP1 = structure(c(0, 
0, 4, 0, 14, 310, 578, 1, 0, 0, 0, 0), dim = 4:3, dimnames = list(
    c("-2", "-1", "0", "1"), c("A", "C", "T"))), LR17_SNP1 = structure(c(1, 
72, 719, 514, 2, 0, 0, 0, 0, 0, 0, 0), dim = c(6L, 2L), dimnames = list(
    c("-3", "-2", "-1", "0", "1", "2"), c("A", "G"))), LR20_SNP1 = structure(c(0, 
321, 1, 0, 0, 0, 0, 281, 0), dim = c(3L, 3L), dimnames = list(
    c("-1", "0", "1"), c("A", "C", "G"))), LR24_SNP1 = structure(c(0, 
0, 2, 12, 0, 0, 4, 598, 651, 1), dim = c(5L, 2L), dimnames = list(
    c("-3", "-2", "-1", "0", "1"), c("A", "G"))), LR36_SNP1 = structure(c(0, 
3, 214, 2, 167, 0, 0, 0, 0, 0, 0, 0, 0, 0, 0, 1, 61, 169, 136, 
7, 0), dim = c(7L, 3L), dimnames = list(c("-4", "-3", "-2", "-1", 
"0", "1", "2"), c("A", "G", "T"))), LR40_SNP1 = structure(c(0, 
0, 0, 1, 0, 0, 1, 173, 442, 0, 0, 0, 0, 0, 0), dim = c(5L, 3L
), dimnames = list(c("-3", "-2", "-1", "0", "1"), c("A", "C", 
"T"))), LR44_SNP1 = structure(c(0, 0, 0, 0, 1, 0, 0, 0, 1, 34, 
113, 86, 0, 0, 0, 6, 143, 7, 74, 2, 1), dim = c(7L, 3L), dimnames = list(
    c("-4", "-3", "-2", "-1", "0", "1", "3"), c("A", "C", "T"
    ))), LR46_SNP1 = structure(c(0, 0, 0, 2, 555, 1, 0, 1, 0), dim = c(3L, 
3L), dimnames = list(c("-1", "0", "1"), c("A", "G", "T"))), LR48_SNP1 = structure(c(0, 
0, 0, 1, 0, 0, 0, 66, 429, 207, 1, 0, 0, 0, 0, 5, 0, 0), dim = c(6L, 
3L), dimnames = list(c("-3", "-2", "-1", "0", "1", "2"), c("A", 
"C", "T"))), LR49_SNP1 = structure(c(12, 255, 48, 238, 0, 0, 
0, 89, 459, 0), dim = c(5L, 2L), dimnames = list(c("-3", "-2", 
"-1", "0", "1"), c("A", "G"))), LR52_SNP1 = structure(c(0, 0, 
0, 0, 0, 0, 0, 0, 0, 7, 147, 32, 107, 195, 0, 0, 0, 0, 1, 2, 
2, 8, 0, 0), dim = c(8L, 3L), dimnames = list(c("-5", "-4", "-3", 
"-2", "-1", "0", "1", "2"), c("A", "C", "T"))))
