Result <-
list(DEPDC2_SNP1 = structure(c(0, 0, 0, 0, 216, 0, 0, 8, 0), dim = c(3L, 
3L), dimnames = list(c("-1", "0", "1"), c("A", "C", "T"))), GM01_SNP1 = structure(c(0, 
0, 181, 0, 0, 0, 0, 0, 0, 2, 11, 0, 0, 0, 0, 0), dim = c(4L, 
4L), dimnames = list(c("-2", "-1", "0", "1"), c("A", "C", "G", 
"T"))), GM07_SNP1 = structure(c(0, 11, 51, 0, 0, 7, 0, 49, 0, 
0), dim = c(5L, 2L), dimnames = list(c("-2", "-1", "0", "1", 
"2"), c("A", "G"))), GM09_SNP1 = structure(c(1, 6, 0, 27, 165, 
0), dim = 3:2, dimnames = list(c("-1", "0", "1"), c("A", "G"))), 
    GM11_SNP1 = structure(c(1, 11, 0, 4), dim = c(2L, 2L), dimnames = list(
        c("-1", "0"), c("A", "G"))), GM14_SNP1 = structure(c(0, 
    2, 7, 0, 0, 3, 150, 1), dim = c(4L, 2L), dimnames = list(
        c("-2", "-1", "0", "1"), c("C", "T"))), GM17_SNP1 = structure(c(0, 
    5, 1, 0, 1, 179, 12, 0), dim = c(4L, 2L), dimnames = list(
        c("-1", "0", "1", "2"), c("C", "T"))), GM22_SNP1 = structure(c(0, 
    16, 239, 2, 0, 0, 12, 0), dim = c(4L, 2L), dimnames = list(
        c("-2", "-1", "0", "1"), c("A", "G"))), GM26_SNP1 = structure(c(2, 
    113, 0, 0, 1, 0, 0, 0, 0), dim = c(3L, 3L), dimnames = list(
        c("-1", "0", "1"), c("A", "G", "T"))), GM29_SNP1 = structure(c(0, 
    3, 73, 0, 0, 0, 0, 0, 0, 0, 103, 0), dim = 4:3, dimnames = list(
        c("-2", "-1", "0", "1"), c("A", "C", "G"))), IM16_SNP1 = structure(c(0, 
    1, 0, 0, 0, 0, 74, 5, 2, 0), dim = c(5L, 2L), dimnames = list(
        c("-1", "0", "1", "2", "3"), c("A", "G"))), IM49_SNP1 = structure(c(0, 
    0, 0, 0, 0, 0, 1, 7, 18, 161, 0, 0, 0, 1, 13, 169, 1, 0, 
    0, 0, 0, 0, 0, 0), dim = c(6L, 4L), dimnames = list(c("-3", 
    "-2", "-1", "0", "1", "2"), c("A", "C", "G", "T"))), LR10_SNP1 = structure(c(0, 
    0, 0, 0, 0, 0, 0, 86, 0, 3, 99, 0), dim = 3:4, dimnames = list(
        c("-1", "0", "1"), c("-", "A", "C", "T"))), LR11_SNP1 = structure(c(0, 
    8, 51, 0, 0, 0, 4, 0), dim = c(4L, 2L), dimnames = list(c("-2", 
    "-1", "0", "1"), c("A", "C"))), LR17_SNP1 = structure(c(0, 
    6, 37, 475, 4, 0, 0, 0, 0, 0, 0, 0, 0, 0, 0, 0, 0, 0), dim = c(6L, 
    3L), dimnames = list(c("-3", "-2", "-1", "0", "1", "2"), 
        c("A", "G", "T"))), LR20_SNP1 = structure(c(0, 5, 0, 
    0, 44, 0, 0, 0, 0), dim = c(3L, 3L), dimnames = list(c("-1", 
    "0", "1"), c("A", "G", "T"))), LR24_SNP1 = structure(c(0, 
    0, 0, 0, 0, 1, 69, 0, 0, 0, 0, 0, 0, 0, 93, 0), dim = c(4L, 
    4L), dimnames = list(c("-2", "-1", "0", "1"), c("-", "A", 
    "C", "G"))), LR36_SNP1 = structure(c(0, 0, 0, 1, 8, 0, 0, 
    0, 0, 0, 0, 0, 0, 0, 0, 0, 0, 0, 0, 0, 0, 0, 0, 0, 1, 184, 
    15, 0), dim = c(7L, 4L), dimnames = list(c("-4", "-3", "-2", 
    "-1", "0", "1", "2"), c("A", "C", "G", "T"))), LR40_SNP1 = structure(c(0, 
    2, 0, 0, 13, 0), dim = 3:2, dimnames = list(c("-1", "0", 
    "1"), c("A", "C"))), LR44_SNP1 = structure(c(1, 2, 16, 50, 
    1, 0, 0, 1, 12, 79, 1, 0), dim = c(6L, 2L), dimnames = list(
        c("-3", "-2", "-1", "0", "1", "2"), c("C", "T"))), LR46_SNP1 = structure(c(0, 
    81, 0, 8, 81, 0), dim = 3:2, dimnames = list(c("-1", "0", 
    "1"), c("G", "T"))), LR48_SNP1 = structure(c(0, 7, 103, 0, 
    0, 7, 47, 0), dim = c(4L, 2L), dimnames = list(c("-2", "-1", 
    "0", "1"), c("C", "T"))), LR49_SNP1 = structure(c(3, 162, 
    0, 3, 170, 0), dim = 3:2, dimnames = list(c("-1", "0", "1"
    ), c("A", "G"))), LR52_SNP1 = structure(c(4, 2, 1, 10, 60, 
    0, 0, 0, 0, 0, 2, 0), dim = c(6L, 2L), dimnames = list(c("-4", 
    "-3", "-2", "-1", "0", "1"), c("C", "T"))))
