Result <-
list(DEPDC2_SNP1 = structure(c(0, 105, 115, 0, 0, 0, 1, 0, 0, 
5, 293, 17), dim = 4:3, dimnames = list(c("-2", "-1", "0", "1"
), c("C", "G", "T"))), GM01_SNP1 = structure(c(0, 3, 265, 0, 
0, 0, 0, 0, 2, 53, 222, 0), dim = 4:3, dimnames = list(c("-2", 
"-1", "0", "1"), c("A", "C", "G"))), GM07_SNP1 = structure(c(0, 
0, 0, 0, 0, 0, 0, 10, 90, 69, 2, 0, 0, 11, 77, 77, 0, 0, 0, 0, 
0, 1, 0, 0), dim = c(6L, 4L), dimnames = list(c("-3", "-2", "-1", 
"0", "1", "2"), c("-", "A", "G", "T"))), GM09_SNP1 = structure(c(14, 
301, 0, 7, 296, 0), dim = 3:2, dimnames = list(c("-1", "0", "1"
), c("A", "G"))), GM11_SNP1 = structure(c(14, 16, 0, 9, 24, 0
), dim = 3:2, dimnames = list(c("-1", "0", "1"), c("A", "G"))), 
    GM14_SNP1 = structure(c(0, 0, 0, 0, 0, 0, 0, 5, 57, 50, 89, 
    0, 0, 0, 1, 39, 155, 0), dim = c(6L, 3L), dimnames = list(
        c("-5", "-3", "-2", "-1", "0", "1"), c("-", "C", "T"))), 
    GM17_SNP1 = structure(c(0, 2, 117, 128, 0, 0, 1, 121, 126, 
    1), dim = c(5L, 2L), dimnames = list(c("-3", "-2", "-1", 
    "0", "1"), c("C", "T"))), GM22_SNP1 = structure(c(0, 5, 295, 
    0, 0, 2, 253, 0), dim = c(4L, 2L), dimnames = list(c("-2", 
    "-1", "0", "1"), c("A", "G"))), GM26_SNP1 = structure(c(2, 
    165, 171, 0, 0, 0, 2, 0), dim = c(4L, 2L), dimnames = list(
        c("-2", "-1", "0", "1"), c("A", "G"))), GM29_SNP1 = structure(c(1, 
    72, 395, 0, 0, 0, 6, 0, 0, 0, 1, 0), dim = 4:3, dimnames = list(
        c("-2", "-1", "0", "1"), c("A", "G", "T"))), IM16_SNP1 = structure(c(0, 
    0, 2, 0, 4, 67, 210, 0), dim = c(4L, 2L), dimnames = list(
        c("-2", "-1", "0", "1"), c("A", "G"))), IM49_SNP1 = structure(c(3, 
    151, 87, 297, 0, 0, 0, 0, 0, 5, 0, 0), dim = c(6L, 2L), dimnames = list(
        c("-3", "-2", "-1", "0", "1", "2"), c("C", "G"))), LR10_SNP1 = structure(c(0, 
    0, 0, 0, 0, 0, 0, 4, 0, 0, 0, 68, 462, 2, 0), dim = c(5L, 
    3L), dimnames = list(c("-2", "-1", "0", "1", "2"), c("A", 
    "C", "T"))), LR11_SNP1 = structure(c(0, 0, 2, 0, 0, 59, 87, 
    0), dim = c(4L, 2L), dimnames = list(c("-2", "-1", "0", "1"
    ), c("A", "C"))), LR17_SNP1 = structure(c(0, 0, 0, 0, 0, 
    0, 0, 0, 1, 246, 313, 417, 3, 0, 0, 0, 0, 0, 0, 0, 0, 0, 
    0, 0, 0, 1, 0, 0), dim = c(7L, 4L), dimnames = list(c("-4", 
    "-3", "-2", "-1", "0", "1", "2"), c("-", "A", "C", "G"))), 
    LR20_SNP1 = structure(c(0, 42, 66, 1, 0, 0, 3, 0), dim = c(4L, 
    2L), dimnames = list(c("-2", "-1", "0", "1"), c("A", "G"))), 
    LR24_SNP1 = structure(c(0, 1, 8, 0, 1, 143, 271, 0), dim = c(4L, 
    2L), dimnames = list(c("-2", "-1", "0", "1"), c("A", "G"))), 
    LR36_SNP1 = structure(c(0, 0, 2, 0, 4, 0, 0, 0, 0, 0, 0, 
    0, 0, 51, 14, 115, 268, 0), dim = c(6L, 3L), dimnames = list(
        c("-4", "-3", "-2", "-1", "0", "1"), c("A", "C", "T"))), 
    LR40_SNP1 = structure(c(2, 10, 19, 0), dim = c(4L, 1L), dimnames = list(
        c("-2", "-1", "0", "1"), "C")), LR44_SNP1 = structure(c(0, 
    1, 0, 0, 0, 0, 0, 54, 39, 4, 96, 0, 0, 9, 104, 0, 79, 1), dim = c(6L, 
    3L), dimnames = list(c("-4", "-3", "-2", "-1", "0", "1"), 
        c("A", "C", "T"))), LR46_SNP1 = structure(c(2, 81, 260, 
    0, 0, 0, 6, 0), dim = c(4L, 2L), dimnames = list(c("-2", 
    "-1", "0", "1"), c("G", "T"))), LR48_SNP1 = structure(c(0, 
    0, 0, 0, 0, 0, 14, 177, 210, 2, 0, 0, 0, 2, 0), dim = c(5L, 
    3L), dimnames = list(c("-3", "-2", "-1", "0", "1"), c("A", 
    "C", "T"))), LR49_SNP1 = structure(c(0, 0, 3, 0, 0, 0, 0, 
    0, 12, 177, 515, 0), dim = 4:3, dimnames = list(c("-2", "-1", 
    "0", "1"), c("A", "C", "G"))), LR52_SNP1 = structure(c(0, 
    2, 69, 0, 3, 80, 0, 0, 1, 11, 64, 4, 76, 0), dim = c(7L, 
    2L), dimnames = list(c("-5", "-4", "-3", "-2", "-1", "0", 
    "1"), c("C", "T"))))
