Result <-
list(DEPDC2_SNP1 = structure(c(0, 0, 0, 0, 0, 0, 7, 0, 0, 47, 
141, 31), dim = 4:3, dimnames = list(c("-2", "-1", "0", "1"), 
    c("A", "C", "T"))), GM01_SNP1 = structure(c(0, 9, 291, 0, 
0, 0, 11, 0, 0, 0, 0, 0), dim = 4:3, dimnames = list(c("-2", 
"-1", "0", "1"), c("A", "G", "T"))), GM07_SNP1 = structure(c(0, 
0, 3, 0, 0, 1, 53, 113, 0, 0), dim = c(5L, 2L), dimnames = list(
    c("-2", "-1", "0", "1", "2"), c("A", "G"))), GM09_SNP1 = structure(c(0, 
279, 0, 0, 16, 0, 0, 0, 0), dim = c(3L, 3L), dimnames = list(
    c("-1", "0", "1"), c("A", "G", "T"))), GM11_SNP1 = structure(c(0, 
63, 0, 0, 4, 0, 0, 1, 0), dim = c(3L, 3L), dimnames = list(c("-1", 
"0", "1"), c("A", "G", "T"))), GM14_SNP1 = structure(c(0, 0, 
0, 0, 0, 0, 0, 8, 259, 4, 0, 0, 0, 0, 3, 0, 0, 0), dim = c(6L, 
3L), dimnames = list(c("-2", "-1", "0", "1", "2", "3"), c("A", 
"C", "T"))), GM17_SNP1 = structure(c(0, 0, 11, 0, 1, 44, 239, 
1), dim = c(4L, 2L), dimnames = list(c("-2", "-1", "0", "1"), 
    c("C", "T"))), GM22_SNP1 = structure(c(0, 0, 318, 0, 0, 0, 
9, 0, 0, 0, 0, 0), dim = 4:3, dimnames = list(c("-2", "-1", "0", 
"1"), c("A", "G", "T"))), GM26_SNP1 = structure(c(0, 32, 166, 
0, 0, 0, 2, 0), dim = c(4L, 2L), dimnames = list(c("-2", "-1", 
"0", "1"), c("A", "G"))), GM29_SNP1 = structure(c(0, 1, 10, 160, 
0, 0, 0, 2, 117, 0), dim = c(5L, 2L), dimnames = list(c("-3", 
"-2", "-1", "0", "1"), c("A", "G"))), IM16_SNP1 = structure(c(0, 
0, 6, 0, 0, 56, 118, 1), dim = c(4L, 2L), dimnames = list(c("-2", 
"-1", "0", "1"), c("A", "G"))), IM49_SNP1 = structure(c(3, 79, 
110, 1, 0, 1, 19, 172, 0, 0), dim = c(5L, 2L), dimnames = list(
    c("-2", "-1", "0", "1", "2"), c("C", "G"))), LR10_SNP1 = structure(c(0, 
0, 0, 2, 317, 4, 1, 9, 0), dim = c(3L, 3L), dimnames = list(c("-1", 
"0", "1"), c("A", "C", "T"))), LR11_SNP1 = structure(c(0, 51, 
3, 97, 2, 0, 11, 11, 55, 0), dim = c(5L, 2L), dimnames = list(
    c("-3", "-2", "-1", "0", "1"), c("A", "C"))), LR17_SNP1 = structure(c(0, 
3, 168, 412, 2, 0, 0, 0, 1, 0, 0, 0, 0, 0, 0, 0, 0, 0, 0, 0, 
0, 0, 0, 0), dim = c(6L, 4L), dimnames = list(c("-3", "-2", "-1", 
"0", "1", "2"), c("A", "C", "G", "T"))), LR20_SNP1 = structure(c(0, 
0, 0, 27, 36, 0, 1, 58, 0), dim = c(3L, 3L), dimnames = list(
    c("-1", "0", "1"), c("-", "A", "G"))), LR24_SNP1 = structure(c(0, 
0, 0, 0, 1, 0, 6, 0, 0, 3, 296, 0), dim = 4:3, dimnames = list(
    c("-2", "-1", "0", "1"), c("-", "A", "G"))), LR36_SNP1 = structure(c(0, 
0, 0, 0, 9, 0, 0, 0, 0, 0, 0, 0, 0, 1, 41, 33, 169, 0), dim = c(6L, 
3L), dimnames = list(c("-4", "-3", "-2", "-1", "0", "1"), c("A", 
"G", "T"))), LR40_SNP1 = structure(c(0, 2, 0, 6, 46, 0), dim = 3:2, dimnames = list(
    c("-1", "0", "1"), c("A", "C"))), LR44_SNP1 = structure(c(0, 
0, 0, 0, 0, 0, 0, 7, 36, 42, 195, 1, 0, 0, 0, 0, 0, 0, 0, 0, 
1, 1, 4, 1), dim = c(6L, 4L), dimnames = list(c("-4", "-3", "-2", 
"-1", "0", "1"), c("A", "C", "G", "T"))), LR46_SNP1 = structure(c(0, 
0, 0, 0, 0, 51, 89, 0, 0, 34, 82, 0), dim = 4:3, dimnames = list(
    c("-2", "-1", "0", "1"), c("-", "G", "T"))), LR48_SNP1 = structure(c(0, 
0, 0, 0, 4, 97, 147, 1, 0, 1, 4, 0), dim = 4:3, dimnames = list(
    c("-2", "-1", "0", "1"), c("-", "C", "T"))), LR49_SNP1 = structure(c(0, 
5, 0, 2, 311, 0), dim = 3:2, dimnames = list(c("-1", "0", "1"
), c("A", "G"))), LR52_SNP1 = structure(c(0, 1, 29, 15, 10, 84, 
0, 0, 0, 0, 0, 1, 7, 0), dim = c(7L, 2L), dimnames = list(c("-5", 
"-4", "-3", "-2", "-1", "0", "1"), c("C", "T"))))
