Result <-
list(DEPDC2_SNP1 = structure(c(4, 424, 3, 0, 0, 0, 0, 1, 0), dim = c(3L, 
3L), dimnames = list(c("-1", "0", "1"), c("C", "G", "T"))), GM01_SNP1 = structure(c(0, 
0, 236, 2, 0, 0, 11, 238, 0, 0), dim = c(5L, 2L), dimnames = list(
    c("-3", "-1", "0", "1", "2"), c("A", "G"))), GM07_SNP1 = structure(c(0, 
0, 0, 0, 0, 0, 0, 5, 81, 112, 0, 0, 0, 57, 5, 92, 0, 0), dim = c(6L, 
3L), dimnames = list(c("-3", "-2", "-1", "0", "1", "2"), c("-", 
"A", "G"))), GM09_SNP1 = structure(c(1, 295, 0, 0, 0, 0, 3, 269, 
0), dim = c(3L, 3L), dimnames = list(c("-1", "0", "1"), c("A", 
"C", "G"))), GM11_SNP1 = structure(c(0, 19, 60, 0, 0, 0, 0, 0
), dim = c(4L, 2L), dimnames = list(c("-2", "-1", "0", "1"), 
    c("A", "T"))), GM14_SNP1 = structure(c(0, 0, 6, 81, 107, 
0, 0, 0, 0, 0, 3, 180, 0, 0), dim = c(7L, 2L), dimnames = list(
    c("-4", "-3", "-2", "-1", "0", "1", "2"), c("C", "T"))), 
    GM17_SNP1 = structure(c(0, 6, 0, 14, 439, 2), dim = 3:2, dimnames = list(
        c("-1", "0", "1"), c("C", "T"))), GM22_SNP1 = structure(c(0, 
    142, 420, 1, 0, 0, 2, 0, 0, 0, 0, 0), dim = 4:3, dimnames = list(
        c("-2", "-1", "0", "1"), c("A", "G", "T"))), GM26_SNP1 = structure(c(10, 
    311, 0, 0, 1, 0, 1, 0, 0), dim = c(3L, 3L), dimnames = list(
        c("-1", "0", "1"), c("A", "G", "T"))), GM29_SNP1 = structure(c(0, 
    0, 88, 112, 0, 0, 0, 80, 132, 0), dim = c(5L, 2L), dimnames = list(
        c("-3", "-2", "-1", "0", "1"), c("A", "G"))), IM16_SNP1 = structure(c(0, 
    2, 97, 0, 0, 0, 0, 0, 0, 0, 0, 52, 96, 0, 0), dim = c(5L, 
    3L), dimnames = list(c("-2", "-1", "0", "1", "2"), c("A", 
    "C", "G"))), IM49_SNP1 = structure(c(0, 1, 49, 231, 3, 0, 
    4, 88, 176, 0), dim = c(5L, 2L), dimnames = list(c("-3", 
    "-2", "-1", "0", "1"), c("C", "G"))), LR10_SNP1 = structure(c(0, 
    0, 1, 0, 0, 8, 205, 0, 0, 0, 0, 0, 0, 12, 217, 0), dim = c(4L, 
    4L), dimnames = list(c("-2", "-1", "0", "1"), c("A", "C", 
    "G", "T"))), LR11_SNP1 = structure(c(0, 0, 2, 0, 0, 98, 88, 
    0), dim = c(4L, 2L), dimnames = list(c("-2", "-1", "0", "1"
    ), c("A", "C"))), LR17_SNP1 = structure(c(0, 7, 323, 411, 
    1, 0, 0, 0, 0, 0, 0, 0), dim = c(6L, 2L), dimnames = list(
        c("-3", "-2", "-1", "0", "1", "2"), c("A", "G"))), LR20_SNP1 = structure(c(0, 
    3, 0, 6, 143, 0), dim = 3:2, dimnames = list(c("-1", "0", 
    "1"), c("A", "G"))), LR24_SNP1 = structure(c(0, 0, 2, 0, 
    6, 220, 343, 0), dim = c(4L, 2L), dimnames = list(c("-2", 
    "-1", "0", "1"), c("A", "G"))), LR36_SNP1 = structure(c(0, 
    0, 6, 0, 0, 0, 0, 0, 0, 0, 0, 0, 0, 22, 403, 2), dim = c(4L, 
    4L), dimnames = list(c("-2", "-1", "0", "1"), c("A", "C", 
    "G", "T"))), LR40_SNP1 = structure(c(4, 65), dim = 2:1, dimnames = list(
        c("-1", "0"), "C")), LR44_SNP1 = structure(c(0, 0, 0, 
    0, 0, 0, 0, 1, 23, 156, 3, 0, 7, 88, 3, 131, 2, 0), dim = c(6L, 
    3L), dimnames = list(c("-3", "-2", "-1", "0", "1", "2"), 
        c("A", "C", "T"))), LR46_SNP1 = structure(c(1, 187, 0, 
    0, 169, 0), dim = 3:2, dimnames = list(c("-1", "0", "1"), 
        c("G", "T"))), LR48_SNP1 = structure(c(0, 0, 0, 0, 0, 
    0, 0, 0, 0, 0, 0, 0, 0, 0, 3, 6, 0, 0, 0, 0, 84, 241, 1, 
    0), dim = c(6L, 4L), dimnames = list(c("-3", "-2", "-1", 
    "0", "1", "2"), c("-", "A", "C", "T"))), LR49_SNP1 = structure(c(0, 
    0, 3, 0, 1, 179, 430, 0), dim = c(4L, 2L), dimnames = list(
        c("-2", "-1", "0", "1"), c("A", "G"))), LR52_SNP1 = structure(c(0, 
    0, 0, 0, 0, 7, 34, 79, 147, 0, 0, 0, 0, 3, 0), dim = c(5L, 
    3L), dimnames = list(c("-3", "-2", "-1", "0", "1"), c("-", 
    "C", "T"))))
