Result <-
list(DEPDC2_SNP1 = structure(c(0, 0, 2, 0, 0, 3, 268, 27), dim = c(4L, 
2L), dimnames = list(c("-2", "-1", "0", "1"), c("C", "T"))), 
    GM01_SNP1 = structure(c(0, 0, 0, 0, 8, 165, 0, 0, 1, 164, 
    1, 0), dim = 4:3, dimnames = list(c("-1", "0", "1", "2"), 
        c("-", "A", "G"))), GM07_SNP1 = structure(c(0, 2, 3, 
    0, 19, 111, 135, 2, 0, 0, 0, 0), dim = 4:3, dimnames = list(
        c("-2", "-1", "0", "1"), c("A", "G", "T"))), GM09_SNP1 = structure(c(1, 
    3, 169, 0, 0, 2, 151, 0), dim = c(4L, 2L), dimnames = list(
        c("-2", "-1", "0", "1"), c("A", "G"))), GM11_SNP1 = structure(c(6, 
    50, 0, 0, 2, 0), dim = 3:2, dimnames = list(c("-1", "0", 
    "1"), c("A", "G"))), GM14_SNP1 = structure(c(5, 52, 87, 0, 
    9, 50, 85, 0), dim = c(4L, 2L), dimnames = list(c("-2", "-1", 
    "0", "1"), c("C", "T"))), GM17_SNP1 = structure(c(0, 0, 5, 
    0, 0, 0, 66, 262, 5, 0), dim = c(5L, 2L), dimnames = list(
        c("-2", "-1", "0", "1", "2"), c("C", "T"))), GM22_SNP1 = structure(c(0, 
    2, 211, 1, 0, 0, 175, 0), dim = c(4L, 2L), dimnames = list(
        c("-2", "-1", "0", "1"), c("A", "G"))), GM26_SNP1 = structure(c(4, 
    1, 158, 0, 0, 0, 2, 0), dim = c(4L, 2L), dimnames = list(
        c("-2", "-1", "0", "1"), c("A", "G"))), GM29_SNP1 = structure(c(0, 
    5, 329, 0, 0, 0, 3, 0), dim = c(4L, 2L), dimnames = list(
        c("-2", "-1", "0", "1"), c("A", "G"))), IM16_SNP1 = structure(c(0, 
    5, 87, 2, 0, 0, 4, 108, 1, 0), dim = c(5L, 2L), dimnames = list(
        c("-2", "-1", "0", "1", "2"), c("A", "G"))), IM49_SNP1 = structure(c(0, 
    0, 44, 83, 178, 2, 0, 0, 107, 0, 0, 132, 1, 0, 0, 0, 0, 0, 
    1, 0, 0), dim = c(7L, 3L), dimnames = list(c("-4", "-3", 
    "-2", "-1", "0", "1", "2"), c("C", "G", "T"))), LR10_SNP1 = structure(c(0, 
    0, 0, 0, 0, 0, 5, 0, 0, 5, 227, 0), dim = 4:3, dimnames = list(
        c("-2", "-1", "0", "1"), c("A", "C", "T"))), LR11_SNP1 = structure(c(0, 
    0, 20, 72, 0, 0, 2, 24, 57, 0, 0, 0, 0, 0, 0), dim = c(5L, 
    3L), dimnames = list(c("-3", "-2", "-1", "0", "1"), c("A", 
    "C", "G"))), LR17_SNP1 = structure(c(0, 1, 68, 643, 1, 0, 
    0, 0, 0, 0, 0, 0, 0, 0, 0, 0, 0, 0), dim = c(6L, 3L), dimnames = list(
        c("-3", "-2", "-1", "0", "1", "2"), c("A", "G", "T"))), 
    LR20_SNP1 = structure(c(0, 71, 0, 1, 62, 0, 0, 0, 0), dim = c(3L, 
    3L), dimnames = list(c("-1", "0", "1"), c("A", "G", "T"))), 
    LR24_SNP1 = structure(c(0, 0, 0, 0, 19, 191, 1, 0, 7, 179, 
    0, 0), dim = 4:3, dimnames = list(c("-1", "0", "1", "2"), 
        c("-", "A", "G"))), LR36_SNP1 = structure(c(0, 1, 15, 
    160, 48, 1, 0, 0, 0, 0, 0, 0, 0, 24, 47, 118, 1, 0), dim = c(6L, 
    3L), dimnames = list(c("-3", "-2", "-1", "0", "1", "2"), 
        c("A", "G", "T"))), LR40_SNP1 = structure(c(3, 45, 0), dim = c(3L, 
    1L), dimnames = list(c("-1", "0", "1"), "C")), LR44_SNP1 = structure(c(0, 
    0, 0, 0, 1, 0, 0, 0, 0, 0, 0, 0, 0, 0, 1, 1, 3, 0, 1, 11, 
    74, 67, 173, 0), dim = c(6L, 4L), dimnames = list(c("-4", 
    "-3", "-2", "-1", "0", "1"), c("-", "A", "C", "T"))), LR46_SNP1 = structure(c(33, 
    78, 1, 43, 61, 1), dim = 3:2, dimnames = list(c("-1", "0", 
    "1"), c("G", "T"))), LR48_SNP1 = structure(c(0, 5, 105, 139, 
    0, 0, 0, 0, 0, 0), dim = c(5L, 2L), dimnames = list(c("-3", 
    "-2", "-1", "0", "1"), c("C", "G"))), LR49_SNP1 = structure(c(0, 
    0, 0, 6, 0, 0, 0, 94, 358, 1), dim = c(5L, 2L), dimnames = list(
        c("-4", "-2", "-1", "0", "1"), c("A", "G"))), LR52_SNP1 = structure(c(0, 
    0, 0, 0, 0, 0, 0, 0, 2, 19, 30, 26, 99, 1, 0, 0, 0, 0, 0, 
    2, 0), dim = c(7L, 3L), dimnames = list(c("-5", "-4", "-3", 
    "-2", "-1", "0", "1"), c("-", "C", "T"))))
