Result <-
list(DEPDC2_SNP1 = structure(c(0, 0, 0, 0, 0, 36, 269, 1, 0, 
4, 294, 1), dim = 4:3, dimnames = list(c("-2", "-1", "0", "1"
), c("A", "C", "T"))), GM01_SNP1 = structure(c(1, 470, 0, 8, 
482, 0), dim = 3:2, dimnames = list(c("-1", "0", "1"), c("A", 
"G"))), GM07_SNP1 = structure(c(0, 0, 1, 2, 0, 0, 47, 111, 386, 
2), dim = c(5L, 2L), dimnames = list(c("-3", "-2", "-1", "0", 
"1"), c("A", "G"))), GM09_SNP1 = structure(c(1, 471, 1, 1, 388, 
0), dim = 3:2, dimnames = list(c("-1", "0", "1"), c("A", "G"))), 
    GM11_SNP1 = structure(c(73, 462, 1, 0, 2, 0), dim = 3:2, dimnames = list(
        c("-1", "0", "1"), c("A", "G"))), GM14_SNP1 = structure(c(4, 
    88, 70, 470, 26, 2, 0, 0, 0, 2, 0, 0), dim = c(6L, 2L), dimnames = list(
        c("-3", "-2", "-1", "0", "1", "2"), c("C", "T"))), GM17_SNP1 = structure(c(0, 
    8, 321, 0, 0, 60, 252, 0), dim = c(4L, 2L), dimnames = list(
        c("-2", "-1", "0", "1"), c("C", "T"))), GM22_SNP1 = structure(c(0, 
    0, 0, 0, 0, 8, 857, 1, 0, 0, 2, 0), dim = 4:3, dimnames = list(
        c("-2", "-1", "0", "1"), c("-", "A", "G"))), GM26_SNP1 = structure(c(0, 
    23, 175, 0, 0, 2, 208, 0), dim = c(4L, 2L), dimnames = list(
        c("-2", "-1", "0", "1"), c("A", "G"))), GM29_SNP1 = structure(c(0, 
    34, 525, 1, 0, 0, 0, 0), dim = c(4L, 2L), dimnames = list(
        c("-2", "-1", "0", "1"), c("A", "G"))), IM16_SNP1 = structure(c(0, 
    12, 279, 2, 0, 86, 283, 0), dim = c(4L, 2L), dimnames = list(
        c("-2", "-1", "0", "1"), c("A", "G"))), IM49_SNP1 = structure(c(0, 
    15, 107, 223, 0, 0, 1, 52, 17, 241, 1, 0), dim = c(6L, 2L
    ), dimnames = list(c("-3", "-2", "-1", "0", "1", "2"), c("C", 
    "G"))), LR10_SNP1 = structure(c(0, 0, 0, 0, 0, 1, 41, 580, 
    3, 0, 0, 0, 7, 0, 0), dim = c(5L, 3L), dimnames = list(c("-2", 
    "-1", "0", "1", "2"), c("A", "C", "T"))), LR11_SNP1 = structure(c(0, 
    0, 0, 0, 0, 0, 34, 941, 0, 0, 0, 1, 2, 0, 0), dim = c(5L, 
    3L), dimnames = list(c("-2", "-1", "0", "1", "2"), c("-", 
    "A", "C"))), LR17_SNP1 = structure(c(0, 11, 296, 941, 9, 
    0, 0, 0, 0, 0, 0, 0), dim = c(6L, 2L), dimnames = list(c("-3", 
    "-2", "-1", "0", "1", "2"), c("A", "G"))), LR20_SNP1 = structure(c(0, 
    0, 1, 0, 0, 34, 300, 0, 0, 55, 283, 0), dim = 4:3, dimnames = list(
        c("-2", "-1", "0", "1"), c("-", "A", "G"))), LR24_SNP1 = structure(c(1, 
    97, 821, 0, 0, 0, 0, 0, 0, 0, 0, 0, 5, 0, 0, 0, 0, 0, 0, 
    0), dim = 5:4, dimnames = list(c("-2", "-1", "0", "1", "2"
    ), c("A", "C", "G", "T"))), LR36_SNP1 = structure(c(0, 0, 
    0, 8, 0, 0, 0, 0, 0, 0, 0, 0, 0, 2, 0, 0, 4, 98, 641, 1), dim = 5:4, dimnames = list(
        c("-3", "-2", "-1", "0", "1"), c("A", "C", "G", "T"))), 
    LR40_SNP1 = structure(c(0, 0, 0, 0, 0, 41, 475, 0), dim = c(4L, 
    2L), dimnames = list(c("-2", "-1", "0", "1"), c("A", "C"))), 
    LR44_SNP1 = structure(c(0, 0, 0, 1, 115, 0, 0, 1, 9, 53, 
    75, 170, 0, 0), dim = c(7L, 2L), dimnames = list(c("-4", 
    "-3", "-2", "-1", "0", "1", "2"), c("C", "T"))), LR46_SNP1 = structure(c(0, 
    0, 1, 0, 2, 37, 524, 3), dim = c(4L, 2L), dimnames = list(
        c("-2", "-1", "0", "1"), c("G", "T"))), LR48_SNP1 = structure(c(0, 
    0, 0, 0, 0, 0, 0, 11, 61, 524, 2, 0, 0, 0, 0, 0, 0, 0, 0, 
    0, 0, 3, 0, 0), dim = c(6L, 4L), dimnames = list(c("-3", 
    "-2", "-1", "0", "1", "2"), c("A", "C", "G", "T"))), LR49_SNP1 = structure(c(0, 
    0, 0, 0, 1, 48, 721, 0, 0, 0, 1, 0), dim = 4:3, dimnames = list(
        c("-2", "-1", "0", "1"), c("A", "G", "T"))), LR52_SNP1 = structure(c(0, 
    0, 0, 0, 0, 0, 0, 2, 38, 30, 172, 1, 0, 24, 60, 2, 162, 0
    ), dim = c(6L, 3L), dimnames = list(c("-4", "-3", "-2", "-1", 
    "0", "1"), c("A", "C", "T"))))
