Result <-
list(DEPDC2_SNP1 = structure(c(0, 0, 0, 2, 0, 0, 1, 2, 507, 8
), dim = c(5L, 2L), dimnames = list(c("-4", "-2", "-1", "0", 
"1"), c("C", "T"))), GM01_SNP1 = structure(c(0, 0, 241, 0, 1, 
35, 230, 0), dim = c(4L, 2L), dimnames = list(c("-2", "-1", "0", 
"1"), c("A", "G"))), GM07_SNP1 = structure(c(1, 96, 78, 0, 11, 
53, 112, 0, 0, 0, 0, 0), dim = 4:3, dimnames = list(c("-2", "-1", 
"0", "1"), c("A", "G", "T"))), GM09_SNP1 = structure(c(0, 79, 
407, 0, 0, 0, 10, 0), dim = c(4L, 2L), dimnames = list(c("-2", 
"-1", "0", "1"), c("A", "G"))), GM11_SNP1 = structure(c(8, 36, 
0, 4, 5, 0, 1, 3, 0, 0, 0, 0), dim = c(6L, 2L), dimnames = list(
    c("-1", "0", "1", "2", "3", "4"), c("A", "G"))), GM14_SNP1 = structure(c(0, 
0, 0, 1, 0, 0, 0, 0, 80, 120, 0, 0, 0, 0, 6, 199, 0, 0), dim = c(6L, 
3L), dimnames = list(c("-3", "-2", "-1", "0", "1", "2"), c("A", 
"C", "T"))), GM17_SNP1 = structure(c(0, 0, 0, 0, 0, 119, 301, 
1, 0, 3, 20, 0), dim = 4:3, dimnames = list(c("-2", "-1", "0", 
"1"), c("A", "C", "T"))), GM22_SNP1 = structure(c(0, 3, 514, 
1, 0, 0, 10, 0, 0, 0, 0, 0), dim = 4:3, dimnames = list(c("-2", 
"-1", "0", "1"), c("A", "G", "T"))), GM26_SNP1 = structure(c(0, 
0, 3, 328, 0, 0, 0, 0, 0, 10, 0, 0, 0, 0, 0, 1, 0, 0), dim = c(6L, 
3L), dimnames = list(c("-3", "-2", "-1", "0", "1", "3"), c("A", 
"G", "T"))), GM29_SNP1 = structure(c(0, 44, 433, 1, 0, 0, 3, 
0, 0, 0, 0, 0), dim = 4:3, dimnames = list(c("-2", "-1", "0", 
"1"), c("A", "G", "T"))), IM16_SNP1 = structure(c(1, 120, 1, 
6, 106, 5), dim = 3:2, dimnames = list(c("-1", "0", "1"), c("A", 
"G"))), IM49_SNP1 = structure(c(0, 8, 195, 2, 0, 0, 0, 11, 341, 
0, 0, 0), dim = c(6L, 2L), dimnames = list(c("-2", "-1", "0", 
"1", "2", "3"), c("C", "G"))), LR10_SNP1 = structure(c(0, 30, 
379, 1, 0, 0, 0, 6, 0, 0), dim = c(5L, 2L), dimnames = list(c("-2", 
"-1", "0", "1", "2"), c("C", "T"))), LR11_SNP1 = structure(c(4, 
0, 14, 0, 0, 31, 85, 0), dim = c(4L, 2L), dimnames = list(c("-2", 
"-1", "0", "1"), c("A", "C"))), LR17_SNP1 = structure(c(0, 0, 
152, 50, 557, 4, 0, 0, 0, 0, 0, 0, 0, 0, 0, 0, 0, 0, 0, 0, 0), dim = c(7L, 
3L), dimnames = list(c("-4", "-3", "-2", "-1", "0", "1", "2"), 
    c("A", "C", "G"))), LR20_SNP1 = structure(c(0, 24, 22, 0, 
0, 22, 29, 0), dim = c(4L, 2L), dimnames = list(c("-2", "-1", 
"0", "1"), c("A", "G"))), LR24_SNP1 = structure(c(6, 305, 0, 
0, 0, 0, 0, 0, 1, 6, 0, 0), dim = 4:3, dimnames = list(c("-1", 
"0", "1", "2"), c("A", "C", "G"))), LR36_SNP1 = structure(c(0, 
0, 95, 0, 97, 0, 0, 0, 0, 0, 0, 0, 34, 7, 55, 7, 140, 0), dim = c(6L, 
3L), dimnames = list(c("-4", "-3", "-2", "-1", "0", "1"), c("A", 
"G", "T"))), LR40_SNP1 = structure(c(0, 54, 1, 0, 10, 1), dim = 3:2, dimnames = list(
    c("-1", "0", "1"), c("A", "C"))), LR44_SNP1 = structure(c(0, 
0, 0, 0, 0, 0, 1, 47, 57, 108, 1, 0, 9, 13, 23, 144, 1, 0), dim = c(6L, 
3L), dimnames = list(c("-3", "-2", "-1", "0", "1", "2"), c("A", 
"C", "T"))), LR46_SNP1 = structure(c(0, 0, 0, 0, 219, 0, 0, 210, 
0), dim = c(3L, 3L), dimnames = list(c("-1", "0", "1"), c("A", 
"G", "T"))), LR48_SNP1 = structure(c(0, 5, 160, 20, 1, 0, 31, 
93, 65, 0), dim = c(5L, 2L), dimnames = list(c("-2", "-1", "0", 
"1", "2"), c("C", "T"))), LR49_SNP1 = structure(c(0, 269, 0, 
4, 366, 0), dim = 3:2, dimnames = list(c("-1", "0", "1"), c("A", 
"G"))), LR52_SNP1 = structure(c(0, 0, 0, 0, 0, 0, 0, 1, 33, 35, 
62, 0, 0, 0, 4, 32, 115, 0), dim = c(6L, 3L), dimnames = list(
    c("-4", "-3", "-2", "-1", "0", "1"), c("-", "C", "T"))))
