Result <-
list(DEPDC2_SNP1 = structure(c(0, 0, 0, 0, 0, 0, 0, 191, 8, 0, 
0, 1, 228, 0, 0), dim = c(5L, 3L), dimnames = list(c("-2", "-1", 
"0", "1", "2"), c("A", "C", "T"))), GM01_SNP1 = structure(c(2, 
226, 0, 8, 202, 0), dim = 3:2, dimnames = list(c("-1", "0", "1"
), c("A", "G"))), GM07_SNP1 = structure(c(1, 0, 3, 0, 0, 1, 35, 
211, 0, 0), dim = c(5L, 2L), dimnames = list(c("-2", "-1", "0", 
"1", "2"), c("A", "G"))), GM09_SNP1 = structure(c(11, 199, 0, 
0, 177, 0), dim = 3:2, dimnames = list(c("-1", "0", "1"), c("A", 
"G"))), GM11_SNP1 = structure(c(3, 278, 1), dim = c(3L, 1L), dimnames = list(
    c("-1", "0", "1"), "A")), GM14_SNP1 = structure(c(0, 0, 11, 
304, 4, 0, 0, 0, 0, 0, 0, 0, 0, 0, 0, 3, 0, 0), dim = c(6L, 3L
), dimnames = list(c("-3", "-2", "-1", "0", "1", "2"), c("C", 
"G", "T"))), GM17_SNP1 = structure(c(5, 364, 0, 0, 4, 0), dim = 3:2, dimnames = list(
    c("-1", "0", "1"), c("C", "T"))), GM22_SNP1 = structure(c(0, 
9, 492, 1, 0, 0, 3, 0, 0, 0, 0, 0), dim = 4:3, dimnames = list(
    c("-2", "-1", "0", "1"), c("A", "G", "T"))), GM26_SNP1 = structure(c(0, 
0, 133, 0, 0, 0, 149, 0, 0, 0, 0, 0), dim = 4:3, dimnames = list(
    c("-2", "-1", "0", "1"), c("A", "G", "T"))), GM29_SNP1 = structure(c(0, 
35, 119, 0, 0, 1, 157, 0, 0, 0, 0, 0), dim = 4:3, dimnames = list(
    c("-2", "-1", "0", "1"), c("A", "G", "T"))), IM16_SNP1 = structure(c(0, 
0, 142, 0, 0, 0, 0, 128, 0, 0, 0, 0, 0, 0, 0), dim = c(5L, 3L
), dimnames = list(c("-3", "-1", "0", "1", "2"), c("A", "G", 
"T"))), IM49_SNP1 = structure(c(0, 0, 3, 0, 0, 3, 216, 1), dim = c(4L, 
2L), dimnames = list(c("-2", "-1", "0", "1"), c("C", "G"))), 
    LR10_SNP1 = structure(c(0, 0, 0, 0, 0, 0, 5, 0, 0, 1, 382, 
    0), dim = 4:3, dimnames = list(c("-2", "-1", "0", "1"), c("A", 
    "C", "T"))), LR11_SNP1 = structure(c(0, 0, 4, 0, 0, 8, 323, 
    1), dim = c(4L, 2L), dimnames = list(c("-2", "-1", "0", "1"
    ), c("A", "C"))), LR17_SNP1 = structure(c(0, 11, 221, 1), dim = c(4L, 
    1L), dimnames = list(c("-2", "-1", "0", "1"), "A")), LR20_SNP1 = structure(c(0, 
    0, 133, 0, 0, 0, 0, 0, 0, 6, 170, 0, 0, 0, 0, 0), dim = c(4L, 
    4L), dimnames = list(c("-2", "-1", "0", "1"), c("A", "C", 
    "G", "T"))), LR24_SNP1 = structure(c(0, 0, 1, 0, 0, 6, 391, 
    0), dim = c(4L, 2L), dimnames = list(c("-2", "-1", "0", "1"
    ), c("A", "G"))), LR36_SNP1 = structure(c(0, 0, 2, 201, 2, 
    0, 0, 0, 0, 0, 0, 0), dim = c(6L, 2L), dimnames = list(c("-3", 
    "-2", "-1", "0", "1", "2"), c("A", "T"))), LR40_SNP1 = structure(c(0, 
    5, 199, 0), dim = c(4L, 1L), dimnames = list(c("-3", "-1", 
    "0", "1"), "C")), LR44_SNP1 = structure(c(0, 0, 0, 0, 0, 
    0, 0, 0, 14, 22, 112, 1, 0, 0, 0, 0, 5, 193, 1, 0, 0), dim = c(7L, 
    3L), dimnames = list(c("-3", "-2", "-1", "0", "1", "2", "3"
    ), c("A", "C", "T"))), LR46_SNP1 = structure(c(0, 0, 0, 0, 
    175, 0, 13, 137, 0), dim = c(3L, 3L), dimnames = list(c("-1", 
    "0", "1"), c("A", "G", "T"))), LR48_SNP1 = structure(c(0, 
    0, 0, 0, 0, 1, 9, 308, 2, 0, 0, 0, 1, 0, 0), dim = c(5L, 
    3L), dimnames = list(c("-2", "-1", "0", "1", "2"), c("A", 
    "C", "T"))), LR49_SNP1 = structure(c(0, 195, 0, 0, 222, 0
    ), dim = 3:2, dimnames = list(c("-1", "0", "1"), c("A", "G"
    ))), LR52_SNP1 = structure(c(0, 0, 0, 0, 0, 0, 0, 1, 34, 
    223, 2, 0), dim = c(6L, 2L), dimnames = list(c("-3", "-2", 
    "-1", "0", "1", "2"), c("C", "T"))))
