Result <-
list(DEPDC2_SNP1 = structure(c(0, 0, 0, 0, 132, 0, 0, 165, 0), dim = c(3L, 
3L), dimnames = list(c("-1", "0", "1"), c("A", "C", "T"))), GM01_SNP1 = structure(c(0, 
1, 190, 0, 0, 32, 145, 1), dim = c(4L, 2L), dimnames = list(c("-2", 
"-1", "0", "1"), c("A", "G"))), GM07_SNP1 = structure(c(0, 1, 
14, 2, 1, 34, 150, 0), dim = c(4L, 2L), dimnames = list(c("-2", 
"-1", "0", "1"), c("A", "G"))), GM09_SNP1 = structure(c(0, 37, 
0, 0, 0, 0, 0, 313, 1, 0, 0, 0), dim = 3:4, dimnames = list(c("-1", 
"0", "1"), c("A", "C", "G", "T"))), GM11_SNP1 = structure(c(8, 
131, 1, 0, 3, 0), dim = 3:2, dimnames = list(c("-1", "0", "1"
), c("A", "G"))), GM14_SNP1 = structure(c(0, 1, 16, 127, 0, 0, 
0, 0, 27, 106, 0, 0), dim = c(6L, 2L), dimnames = list(c("-3", 
"-2", "-1", "0", "1", "2"), c("C", "T"))), GM17_SNP1 = structure(c(0, 
26, 121, 0, 0, 0, 0, 0, 0, 4, 176, 0), dim = 4:3, dimnames = list(
    c("-2", "-1", "0", "1"), c("C", "G", "T"))), GM22_SNP1 = structure(c(6, 
322, 0, 0, 0, 3, 0, 0), dim = c(4L, 2L), dimnames = list(c("-1", 
"0", "1", "2"), c("A", "G"))), GM26_SNP1 = structure(c(0, 0, 
69, 0, 0, 0, 60, 0), dim = c(4L, 2L), dimnames = list(c("-2", 
"-1", "0", "1"), c("A", "G"))), GM29_SNP1 = structure(c(0, 1, 
28, 220, 0, 0, 0, 0, 11, 0), dim = c(5L, 2L), dimnames = list(
    c("-4", "-2", "-1", "0", "1"), c("A", "G"))), IM16_SNP1 = structure(c(3, 
72, 1, 0, 1, 133, 0, 0, 0, 1, 0, 0), dim = 4:3, dimnames = list(
    c("-1", "0", "1", "2"), c("A", "G", "T"))), IM49_SNP1 = structure(c(0, 
43, 4, 207, 2, 0, 0, 0, 1, 225, 1, 0, 0, 0, 0, 0, 0, 0), dim = c(6L, 
3L), dimnames = list(c("-3", "-2", "-1", "0", "1", "2"), c("C", 
"G", "T"))), LR10_SNP1 = structure(c(0, 16, 0, 14, 218, 0), dim = 3:2, dimnames = list(
    c("-1", "0", "1"), c("C", "T"))), LR11_SNP1 = structure(c(0, 
1, 21, 0, 0, 11, 222, 0), dim = c(4L, 2L), dimnames = list(c("-2", 
"-1", "0", "1"), c("A", "C"))), LR17_SNP1 = structure(c(2, 99, 
495, 6, 1, 0, 0, 0, 0, 0, 0, 0, 0, 0, 0), dim = c(5L, 3L), dimnames = list(
    c("-2", "-1", "0", "1", "2"), c("A", "C", "G"))), LR20_SNP1 = structure(c(0, 
0, 24, 0, 0, 0, 215, 0, 0, 0, 0, 0), dim = 4:3, dimnames = list(
    c("-2", "-1", "0", "1"), c("A", "G", "T"))), LR24_SNP1 = structure(c(0, 
32, 342, 0, 0, 0, 18, 0), dim = c(4L, 2L), dimnames = list(c("-3", 
"-1", "0", "1"), c("A", "G"))), LR36_SNP1 = structure(c(0, 0, 
0, 0, 0, 0, 0, 22, 149, 1, 0, 0, 7, 139, 1), dim = c(5L, 3L), dimnames = list(
    c("-3", "-2", "-1", "0", "1"), c("-", "A", "T"))), LR40_SNP1 = structure(c(0, 
0, 1, 0, 0, 8, 183, 1, 0, 0, 0, 0), dim = 4:3, dimnames = list(
    c("-2", "-1", "0", "1"), c("A", "C", "T"))), LR44_SNP1 = structure(c(1, 
5, 16, 74, 0, 0, 0, 0, 0, 1, 0, 0, 0, 0, 4, 88, 0, 0), dim = c(6L, 
3L), dimnames = list(c("-3", "-2", "-1", "0", "1", "2"), c("C", 
"G", "T"))), LR46_SNP1 = structure(c(10, 160, 1, 0, 21, 0), dim = 3:2, dimnames = list(
    c("-1", "0", "1"), c("G", "T"))), LR48_SNP1 = structure(c(0, 
35, 177, 1, 0, 0, 6, 13, 0, 0), dim = c(5L, 2L), dimnames = list(
    c("-2", "-1", "0", "1", "2"), c("C", "T"))), LR49_SNP1 = structure(c(0, 
128, 0, 1, 151, 0), dim = 3:2, dimnames = list(c("-1", "0", "1"
), c("A", "G"))), LR52_SNP1 = structure(c(1, 2, 1, 7, 0, 0, 5, 
5, 97, 0), dim = c(5L, 2L), dimnames = list(c("-3", "-2", "-1", 
"0", "1"), c("C", "T"))))
