Result <-
list(DEPDC2_SNP1 = structure(c(0, 0, 0, 0, 0, 0, 0, 1, 0, 0, 
1, 20, 608, 115, 0), dim = c(5L, 3L), dimnames = list(c("-2", 
"-1", "0", "1", "2"), c("A", "C", "T"))), GM01_SNP1 = structure(c(0, 
0, 0, 0, 0, 3, 993, 1, 0, 0, 10, 0, 0, 0, 0, 0), dim = c(4L, 
4L), dimnames = list(c("-2", "-1", "0", "1"), c("-", "A", "G", 
"T"))), GM07_SNP1 = structure(c(0, 9, 241, 305, 1, 0, 0, 0, 0, 
4, 0, 0), dim = c(6L, 2L), dimnames = list(c("-3", "-2", "-1", 
"0", "1", "2"), c("A", "G"))), GM09_SNP1 = structure(c(0, 6, 
0, 43, 935, 1), dim = 3:2, dimnames = list(c("-1", "0", "1"), 
    c("A", "G"))), GM11_SNP1 = structure(c(0, 0, 5, 594, 1, 0, 
0, 0, 1, 0, 0, 0, 0, 0, 0), dim = c(5L, 3L), dimnames = list(
    c("-3", "-2", "-1", "0", "1"), c("A", "G", "T"))), GM14_SNP1 = structure(c(1, 
43, 179, 516, 1, 0, 0, 1, 3, 0), dim = c(5L, 2L), dimnames = list(
    c("-3", "-2", "-1", "0", "1"), c("C", "T"))), GM17_SNP1 = structure(c(0, 
0, 0, 0, 0, 91, 251, 0, 0, 2, 344, 0), dim = 4:3, dimnames = list(
    c("-2", "-1", "0", "1"), c("A", "C", "T"))), GM22_SNP1 = structure(c(0, 
4, 452, 2, 0, 5, 387, 2, 0, 0, 0, 0), dim = 4:3, dimnames = list(
    c("-2", "-1", "0", "1"), c("A", "G", "T"))), GM26_SNP1 = structure(c(2, 
50, 404, 0, 0, 1, 1, 0), dim = c(4L, 2L), dimnames = list(c("-2", 
"-1", "0", "1"), c("A", "G"))), GM29_SNP1 = structure(c(0, 1, 
51, 586, 0, 0, 0, 0, 3, 0), dim = c(5L, 2L), dimnames = list(
    c("-3", "-2", "-1", "0", "1"), c("A", "G"))), IM16_SNP1 = structure(c(0, 
1, 6, 0, 0, 0, 0, 0, 0, 0, 0, 0, 1, 244, 527, 7, 0, 0, 0, 0, 
0, 0, 0, 0), dim = c(6L, 4L), dimnames = list(c("-2", "-1", "0", 
"1", "2", "3"), c("A", "C", "G", "T"))), IM49_SNP1 = structure(c(0, 
3, 44, 344, 1, 0, 0, 1, 138, 13, 170, 2, 0, 0), dim = c(7L, 2L
), dimnames = list(c("-3", "-2", "-1", "0", "1", "2", "3"), c("C", 
"G"))), LR10_SNP1 = structure(c(0, 1, 5, 0, 1, 59, 703, 1), dim = c(4L, 
2L), dimnames = list(c("-2", "-1", "0", "1"), c("C", "T"))), 
    LR11_SNP1 = structure(c(0, 22, 513, 645, 0, 0, 0, 0, 0, 4, 
    0, 0, 0, 0, 0, 0, 0, 0), dim = c(6L, 3L), dimnames = list(
        c("-3", "-2", "-1", "0", "1", "3"), c("A", "C", "G"))), 
    LR17_SNP1 = structure(c(0, 0, 10, 560, 682, 0, 0, 0, 0, 0, 
    0, 0, 0, 0), dim = c(7L, 2L), dimnames = list(c("-4", "-3", 
    "-2", "-1", "0", "1", "2"), c("A", "G"))), LR20_SNP1 = structure(c(0, 
    173, 497, 0, 0, 0, 2, 0), dim = c(4L, 2L), dimnames = list(
        c("-2", "-1", "0", "1"), c("A", "G"))), LR24_SNP1 = structure(c(0, 
    1, 401, 867, 0, 0, 0, 0, 0, 0, 0, 0, 0, 1, 0), dim = c(5L, 
    3L), dimnames = list(c("-3", "-2", "-1", "0", "1"), c("A", 
    "C", "G"))), LR36_SNP1 = structure(c(0, 0, 0, 1, 8, 0, 0, 
    0, 0, 0, 0, 0, 0, 0, 0, 0, 0, 0, 1, 0, 0, 0, 1, 3, 92, 712, 
    1, 0), dim = c(7L, 4L), dimnames = list(c("-4", "-3", "-2", 
    "-1", "0", "1", "2"), c("A", "C", "G", "T"))), LR40_SNP1 = structure(c(0, 
    0, 0, 0, 0, 23, 553, 0, 0, 0, 0, 0), dim = 4:3, dimnames = list(
        c("-2", "-1", "0", "1"), c("A", "C", "T"))), LR44_SNP1 = structure(c(0, 
    0, 25, 62, 99, 1, 0, 0, 0, 0, 0, 1, 0, 0, 0, 0, 24, 91, 98, 
    0, 0), dim = c(7L, 3L), dimnames = list(c("-5", "-3", "-2", 
    "-1", "0", "1", "2"), c("C", "G", "T"))), LR46_SNP1 = structure(c(0, 
    0, 0, 0, 1, 220, 346, 4, 0, 1, 1, 0), dim = 4:3, dimnames = list(
        c("-2", "-1", "0", "1"), c("A", "G", "T"))), LR48_SNP1 = structure(c(0, 
    0, 0, 0, 0, 0, 0, 93, 25, 162, 1, 0, 0, 10, 85, 164, 0, 0
    ), dim = c(6L, 3L), dimnames = list(c("-3", "-2", "-1", "0", 
    "1", "2"), c("A", "C", "T"))), LR49_SNP1 = structure(c(0, 
    38, 464, 3, 214, 259, 0, 0, 0), dim = c(3L, 3L), dimnames = list(
        c("-2", "-1", "0"), c("A", "G", "T"))), LR52_SNP1 = structure(c(0, 
    0, 0, 0, 0, 0, 0, 0, 0, 0, 0, 1, 0, 0, 15, 122, 92, 11, 273, 
    0, 0), dim = c(7L, 3L), dimnames = list(c("-4", "-3", "-2", 
    "-1", "0", "1", "2"), c("A", "C", "T"))))
