Result <-
list(DEPDC2_SNP1 = structure(c(0, 0, 0, 0, 440, 2, 0, 0, 0, 2, 
425, 4), dim = 3:4, dimnames = list(c("-1", "0", "1"), c("A", 
"C", "G", "T"))), GM01_SNP1 = structure(c(0, 0, 0, 0, 0, 79, 
1143, 1, 0, 0, 8, 0, 0, 0, 0, 0), dim = c(4L, 4L), dimnames = list(
    c("-2", "-1", "0", "1"), c("-", "A", "G", "T"))), GM07_SNP1 = structure(c(0, 
51, 274, 1, 0, 1, 47, 256, 1, 0), dim = c(5L, 2L), dimnames = list(
    c("-2", "-1", "0", "1", "2"), c("A", "G"))), GM09_SNP1 = structure(c(2, 
697, 0, 2, 684, 1, 0, 1, 0), dim = c(3L, 3L), dimnames = list(
    c("-1", "0", "1"), c("A", "G", "T"))), GM11_SNP1 = structure(c(0, 
13, 575, 0, 0, 0, 2, 0, 0, 0, 0, 0), dim = 4:3, dimnames = list(
    c("-2", "-1", "0", "1"), c("A", "G", "T"))), GM14_SNP1 = structure(c(0, 
18, 1027, 2, 0, 0, 0, 12, 0, 0), dim = c(5L, 2L), dimnames = list(
    c("-2", "-1", "0", "1", "2"), c("C", "T"))), GM17_SNP1 = structure(c(0, 
392, 1, 0, 3, 404, 0, 0), dim = c(4L, 2L), dimnames = list(c("-1", 
"0", "1", "2"), c("C", "T"))), GM22_SNP1 = structure(c(0, 0, 
10, 1164, 2, 0, 0, 0, 2, 0, 0, 0, 0, 0, 0), dim = c(5L, 3L), dimnames = list(
    c("-4", "-2", "-1", "0", "1"), c("A", "G", "T"))), GM26_SNP1 = structure(c(6, 
620, 0, 0, 0, 2, 0, 0), dim = c(4L, 2L), dimnames = list(c("-1", 
"0", "1", "2"), c("A", "G"))), GM29_SNP1 = structure(c(0, 0, 
1, 756, 0, 0, 0, 0, 2, 0), dim = c(5L, 2L), dimnames = list(c("-3", 
"-2", "-1", "0", "1"), c("A", "G"))), IM16_SNP1 = structure(c(1, 
2, 0, 0, 0, 0, 0, 0, 4, 879, 5, 0, 0, 0, 0, 0), dim = c(4L, 4L
), dimnames = list(c("-1", "0", "1", "2"), c("A", "C", "G", "T"
))), IM49_SNP1 = structure(c(3, 418, 3, 0, 0, 0, 2, 353, 55, 
7, 0, 0), dim = c(6L, 2L), dimnames = list(c("-1", "0", "1", 
"2", "3", "4"), c("C", "G"))), LR10_SNP1 = structure(c(0, 0, 
0, 0, 0, 0, 4, 495, 0, 0, 1, 47, 434, 0, 0), dim = c(5L, 3L), dimnames = list(
    c("-2", "-1", "0", "1", "2"), c("-", "C", "T"))), LR11_SNP1 = structure(c(0, 
1, 106, 1480, 2, 0, 0, 1, 2, 0, 0, 0, 0, 0, 0), dim = c(5L, 3L
), dimnames = list(c("-3", "-2", "-1", "0", "1"), c("A", "C", 
"G"))), LR17_SNP1 = structure(c(1, 109, 1244, 111, 0, 0, 0, 0, 
0, 0, 0, 0, 0, 0, 0), dim = c(5L, 3L), dimnames = list(c("-2", 
"-1", "0", "1", "2"), c("A", "C", "G"))), LR20_SNP1 = structure(c(0, 
0, 1, 745, 0, 0, 0, 1, 3, 0), dim = c(5L, 2L), dimnames = list(
    c("-3", "-2", "-1", "0", "1"), c("A", "G"))), LR24_SNP1 = structure(c(0, 
0, 0, 0, 0, 3, 816, 1, 0, 0, 0, 0, 0, 0, 759, 0), dim = c(4L, 
4L), dimnames = list(c("-2", "-1", "0", "1"), c("-", "A", "C", 
"G"))), LR36_SNP1 = structure(c(0, 0, 0, 0, 9, 0, 0, 0, 0, 0, 
0, 0, 0, 0, 0, 1, 2, 165, 891, 5, 0), dim = c(7L, 3L), dimnames = list(
    c("-4", "-3", "-2", "-1", "0", "1", "2"), c("A", "C", "T"
    ))), LR40_SNP1 = structure(c(0, 0, 0, 1, 700, 0, 0, 0, 0), dim = c(3L, 
3L), dimnames = list(c("-1", "0", "1"), c("A", "C", "T"))), LR44_SNP1 = structure(c(0, 
0, 0, 0, 1, 0, 0, 0, 0, 0, 0, 2, 0, 0, 0, 22, 13, 8, 200, 1, 
0, 0, 1, 0, 0, 0, 0, 0, 0, 2, 2, 70, 216, 2, 0), dim = c(7L, 
5L), dimnames = list(c("-4", "-3", "-2", "-1", "0", "1", "2"), 
    c("-", "A", "C", "G", "T"))), LR46_SNP1 = structure(c(3, 
572, 1, 0, 2, 0), dim = 3:2, dimnames = list(c("-1", "0", "1"
), c("G", "T"))), LR48_SNP1 = structure(c(0, 1, 52, 351, 2, 0, 
0, 1, 29, 340, 0, 0), dim = c(6L, 2L), dimnames = list(c("-3", 
"-2", "-1", "0", "1", "2"), c("C", "T"))), LR49_SNP1 = structure(c(10, 
87, 530, 0, 2, 540, 0, 0, 0), dim = c(3L, 3L), dimnames = list(
    c("-2", "-1", "0"), c("A", "G", "T"))), LR52_SNP1 = structure(c(0, 
1, 15, 347, 1, 0, 0, 16, 26, 248, 1, 0), dim = c(6L, 2L), dimnames = list(
    c("-3", "-2", "-1", "0", "1", "2"), c("C", "T"))))
