Result <-
list(DEPDC2_SNP1 = structure(c(0, 0, 0, 0, 0, 1, 402, 0, 0, 0, 
435, 3), dim = 4:3, dimnames = list(c("-2", "-1", "0", "1"), 
    c("A", "C", "T"))), GM01_SNP1 = structure(c(75, 1038, 0, 
0, 1, 0), dim = 3:2, dimnames = list(c("-1", "0", "1"), c("A", 
"G"))), GM07_SNP1 = structure(c(0, 0, 0, 0, 0, 0, 45, 224, 1, 
0, 2, 53, 238, 1, 0, 0, 0, 0, 0, 0), dim = 5:4, dimnames = list(
    c("-2", "-1", "0", "1", "2"), c("-", "A", "G", "T"))), GM09_SNP1 = structure(c(2, 
656, 1, 0, 566, 0), dim = 3:2, dimnames = list(c("-1", "0", "1"
), c("A", "G"))), GM11_SNP1 = structure(c(11, 620, 1, 0, 1, 0
), dim = 3:2, dimnames = list(c("-1", "0", "1"), c("A", "G"))), 
    GM14_SNP1 = structure(c(0, 0, 0, 0, 0, 0, 0, 0, 0, 0, 1, 
    0, 0, 1, 1, 14, 927, 6, 0, 0, 0, 0, 31, 0), dim = c(6L, 4L
    ), dimnames = list(c("-4", "-3", "-2", "-1", "0", "1"), c("-", 
    "A", "C", "T"))), GM17_SNP1 = structure(c(0, 1, 373, 1, 0, 
    0, 403, 0), dim = c(4L, 2L), dimnames = list(c("-2", "-1", 
    "0", "1"), c("C", "T"))), GM22_SNP1 = structure(c(0, 3, 1020, 
    2, 0, 0, 0, 1, 0, 0, 0, 0, 0, 0, 0), dim = c(5L, 3L), dimnames = list(
        c("-2", "-1", "0", "1", "2"), c("A", "G", "T"))), GM26_SNP1 = structure(c(0, 
    1, 542, 1), dim = c(4L, 1L), dimnames = list(c("-2", "-1", 
    "0", "1"), "A")), GM29_SNP1 = structure(c(0, 0, 737, 0, 0, 
    0, 0, 1, 0, 0), dim = c(5L, 2L), dimnames = list(c("-2", 
    "-1", "0", "1", "2"), c("A", "G"))), IM16_SNP1 = structure(c(0, 
    3, 0, 2, 809, 5, 0, 0, 0), dim = c(3L, 3L), dimnames = list(
        c("-1", "0", "1"), c("A", "G", "T"))), IM49_SNP1 = structure(c(0, 
    3, 394, 0, 0, 0, 1, 3, 328, 33, 4, 0, 0, 0, 0, 0, 0, 0), dim = c(6L, 
    3L), dimnames = list(c("-2", "-1", "0", "1", "2", "3"), c("C", 
    "G", "T"))), LR10_SNP1 = structure(c(0, 2, 398, 1, 0, 39, 
    419, 1), dim = c(4L, 2L), dimnames = list(c("-2", "-1", "0", 
    "1"), c("C", "T"))), LR11_SNP1 = structure(c(0, 0, 0, 1, 
    0, 0, 0, 1, 129, 1354, 5, 0, 0, 0, 1, 2, 0, 0, 0, 0, 0, 0, 
    0, 0), dim = c(6L, 4L), dimnames = list(c("-3", "-2", "-1", 
    "0", "1", "2"), c("-", "A", "C", "G"))), LR17_SNP1 = structure(c(0, 
    0, 0, 0, 0, 1, 111, 1284, 97, 0, 0, 0, 0, 0, 0, 0, 0, 0, 
    0, 0), dim = 5:4, dimnames = list(c("-2", "-1", "0", "1", 
    "2"), c("-", "A", "G", "T"))), LR20_SNP1 = structure(c(0, 
    0, 0, 1, 690, 1, 0, 1, 0, 0, 0, 0), dim = 3:4, dimnames = list(
        c("-1", "0", "1"), c("-", "A", "G", "T"))), LR24_SNP1 = structure(c(0, 
    1, 710, 0, 0, 2, 644, 1, 0, 0, 0, 0), dim = 4:3, dimnames = list(
        c("-2", "-1", "0", "1"), c("A", "G", "T"))), LR36_SNP1 = structure(c(0, 
    0, 0, 4, 0, 0, 0, 0, 0, 0, 0, 0, 0, 0, 0, 0, 0, 139, 816, 
    2), dim = 5:4, dimnames = list(c("-3", "-2", "-1", "0", "1"
    ), c("A", "C", "G", "T"))), LR40_SNP1 = structure(c(0, 5, 
    656, 1, 0, 0, 0, 0), dim = c(4L, 2L), dimnames = list(c("-2", 
    "-1", "0", "1"), c("C", "T"))), LR44_SNP1 = structure(c(23, 
    12, 4, 190, 1, 0, 1, 1, 0, 1, 0, 0, 0, 0, 1, 2, 53, 238, 
    1, 0, 0), dim = c(7L, 3L), dimnames = list(c("-3", "-2", 
    "-1", "0", "1", "2", "19"), c("C", "G", "T"))), LR46_SNP1 = structure(c(0, 
    0, 0, 0, 544, 0, 0, 3, 0), dim = c(3L, 3L), dimnames = list(
        c("-1", "0", "1"), c("A", "G", "T"))), LR48_SNP1 = structure(c(0, 
    0, 1, 0, 0, 46, 338, 1, 1, 45, 294, 1), dim = 4:3, dimnames = list(
        c("-2", "-1", "0", "1"), c("A", "C", "T"))), LR49_SNP1 = structure(c(8, 
    64, 452, 0, 0, 1, 507, 0, 0, 0, 0, 0), dim = 4:3, dimnames = list(
        c("-2", "-1", "0", "1"), c("A", "G", "T"))), LR52_SNP1 = structure(c(0, 
    0, 2, 16, 289, 0, 0, 0, 0, 12, 31, 206, 1, 0), dim = c(7L, 
    2L), dimnames = list(c("-4", "-3", "-2", "-1", "0", "1", 
    "2"), c("C", "T"))))
