Result <-
list(DEPDC2_SNP1 = structure(c(0, 0, 0, 0, 1, 0, 7, 0, 0, 351, 
1920, 2), dim = 4:3, dimnames = list(c("-2", "-1", "0", "1"), 
    c("A", "C", "T"))), GM01_SNP1 = structure(c(0, 0, 21, 0, 
0, 7, 508, 2158, 1, 0), dim = c(5L, 2L), dimnames = list(c("-2", 
"-1", "0", "1", "2"), c("A", "G"))), GM07_SNP1 = structure(c(0, 
0, 1, 11, 0, 0, 0, 4, 30, 730, 1214, 15, 0, 0, 0, 0, 0, 0, 0, 
0, 0), dim = c(7L, 3L), dimnames = list(c("-3", "-2", "-1", "0", 
"1", "2", "3"), c("A", "G", "T"))), GM09_SNP1 = structure(c(4, 
1304, 0, 2, 1180, 0, 0, 1, 0), dim = c(3L, 3L), dimnames = list(
    c("-1", "0", "1"), c("A", "G", "T"))), GM11_SNP1 = structure(c(0, 
328, 677, 0, 0, 0, 0, 0, 0, 22, 1027, 6, 0, 0, 0, 0), dim = c(4L, 
4L), dimnames = list(c("-2", "-1", "0", "1"), c("A", "C", "G", 
"T"))), GM14_SNP1 = structure(c(0, 0, 29, 991, 4, 0, 0, 1, 38, 
962, 1, 0), dim = c(6L, 2L), dimnames = list(c("-3", "-2", "-1", 
"0", "1", "2"), c("C", "T"))), GM17_SNP1 = structure(c(0, 0, 
0, 0, 0, 0, 14, 2412, 3, 0, 0, 0, 21, 0, 0), dim = c(5L, 3L), dimnames = list(
    c("-2", "-1", "0", "1", "2"), c("A", "C", "T"))), GM22_SNP1 = structure(c(0, 
442, 2131, 6, 0, 0, 0, 2, 0, 0), dim = c(5L, 2L), dimnames = list(
    c("-2", "-1", "0", "1", "2"), c("A", "G"))), GM26_SNP1 = structure(c(0, 
0, 18, 1053, 0, 1, 0, 0, 0, 0, 0, 0, 0, 0, 4, 1010, 0, 0, 0, 
0, 0, 1, 0, 0), dim = c(6L, 4L), dimnames = list(c("-3", "-2", 
"-1", "0", "1", "2"), c("A", "C", "G", "T"))), GM29_SNP1 = structure(c(8, 
878, 1, 6, 776, 1), dim = 3:2, dimnames = list(c("-1", "0", "1"
), c("A", "G"))), IM16_SNP1 = structure(c(0, 0, 12, 0, 0, 43, 
2114, 9, 0, 0, 1, 0), dim = 4:3, dimnames = list(c("-2", "-1", 
"0", "1"), c("A", "G", "T"))), IM49_SNP1 = structure(c(0, 0, 
0, 0, 0, 0, 0, 36, 632, 6, 0, 0, 3, 31, 607, 6, 0, 0), dim = c(6L, 
3L), dimnames = list(c("-2", "-1", "0", "1", "2", "3"), c("A", 
"C", "G"))), LR10_SNP1 = structure(c(0, 0, 0, 0, 0, 0, 7, 0, 
20, 152, 2362, 2), dim = 4:3, dimnames = list(c("-2", "-1", "0", 
"1"), c("A", "C", "T"))), LR11_SNP1 = structure(c(2, 99, 1310, 
0, 0, 0, 166, 839, 0, 0, 0, 0, 0, 0, 0), dim = c(5L, 3L), dimnames = list(
    c("-2", "-1", "0", "1", "2"), c("A", "C", "T"))), LR17_SNP1 = structure(c(0, 
14, 467, 1835, 3, 0, 0, 0, 0, 0, 0, 0), dim = c(6L, 2L), dimnames = list(
    c("-3", "-2", "-1", "0", "1", "2"), c("A", "G"))), LR20_SNP1 = structure(c(18, 
1016, 0, 2, 1005, 1, 0, 1, 0), dim = c(3L, 3L), dimnames = list(
    c("-1", "0", "1"), c("A", "G", "T"))), LR24_SNP1 = structure(c(0, 
0, 0, 0, 0, 0, 1, 1, 21, 0, 0, 4, 181, 2090, 0, 0, 0, 0, 0, 0
), dim = 5:4, dimnames = list(c("-3", "-2", "-1", "0", "1"), 
    c("-", "A", "G", "T"))), LR36_SNP1 = structure(c(0, 0, 0, 
0, 0, 0, 0, 0, 1, 6, 434, 1632, 2, 0, 0, 0, 0, 0, 0, 0, 0, 0, 
0, 0, 0, 10, 2, 0), dim = c(7L, 4L), dimnames = list(c("-4", 
"-3", "-2", "-1", "0", "1", "2"), c("-", "A", "G", "T"))), LR40_SNP1 = structure(c(0, 
0, 0, 0, 0, 55, 1743, 0), dim = c(4L, 2L), dimnames = list(c("-2", 
"-1", "0", "1"), c("A", "C"))), LR44_SNP1 = structure(c(0, 0, 
0, 0, 0, 0, 0, 0, 8, 107, 1148, 7, 0, 0, 0, 1, 3, 22, 0, 0, 0
), dim = c(7L, 3L), dimnames = list(c("-3", "-2", "-1", "0", 
"1", "2", "5"), c("A", "C", "T"))), LR46_SNP1 = structure(c(0, 
0, 0, 0, 0, 0, 81, 889, 1, 3, 990, 0), dim = 3:4, dimnames = list(
    c("-1", "0", "1"), c("A", "C", "G", "T"))), LR48_SNP1 = structure(c(0, 
0, 0, 0, 0, 0, 0, 0, 0, 0, 16, 424, 1785, 7, 0, 0, 1, 2, 0, 0
), dim = 5:4, dimnames = list(c("-2", "-1", "0", "1", "2"), c("-", 
"A", "C", "T"))), LR49_SNP1 = structure(c(0, 0, 11, 0, 63, 374, 
1929, 0), dim = c(4L, 2L), dimnames = list(c("-2", "-1", "0", 
"1"), c("A", "G"))), LR52_SNP1 = structure(c(0, 0, 0, 0, 0, 0, 
0, 3, 423, 1, 32, 516, 1, 0, 0, 0, 0, 0, 0, 0, 0, 2, 5, 36, 205, 
796, 21, 1), dim = c(7L, 4L), dimnames = list(c("-4", "-3", "-2", 
"-1", "0", "1", "2"), c("A", "C", "G", "T"))))
