Result <-
list(DEPDC2_SNP1 = structure(c(0, 1, 0, 0, 298, 0, 2, 305, 0), dim = c(3L, 
3L), dimnames = list(c("-1", "0", "1"), c("A", "C", "T"))), GM01_SNP1 = structure(c(0, 
0, 0, 0, 0, 0, 5, 1112, 1, 0, 0, 0, 0, 0, 0, 0, 0, 11, 0, 0), dim = 5:4, dimnames = list(
    c("-2", "-1", "0", "1", "2"), c("-", "A", "C", "G"))), GM07_SNP1 = structure(c(0, 
6, 358, 3, 0, 0, 0, 10, 330, 4, 0, 0), dim = c(6L, 2L), dimnames = list(
    c("-2", "-1", "0", "1", "2", "3"), c("A", "G"))), GM09_SNP1 = structure(c(1, 
667, 2, 1, 550, 1), dim = 3:2, dimnames = list(c("-1", "0", "1"
), c("A", "G"))), GM11_SNP1 = structure(c(0, 4, 263, 0, 0, 0, 
0, 301, 3, 0, 0, 0, 1, 0, 0), dim = c(5L, 3L), dimnames = list(
    c("-2", "-1", "0", "1", "2"), c("A", "G", "T"))), GM14_SNP1 = structure(c(0, 
0, 0, 0, 0, 0, 0, 0, 3, 431, 1, 1, 0, 0, 0, 0, 0, 0, 0, 0, 1, 
439, 0, 0), dim = c(6L, 4L), dimnames = list(c("-3", "-2", "-1", 
"0", "1", "2"), c("A", "C", "G", "T"))), GM17_SNP1 = structure(c(0, 
0, 0, 0, 0, 1, 8, 0, 0, 3, 1318, 0), dim = 4:3, dimnames = list(
    c("-2", "-1", "0", "1"), c("A", "C", "T"))), GM22_SNP1 = structure(c(0, 
1, 312, 0, 0, 0, 523, 1, 0, 0, 0, 0), dim = 4:3, dimnames = list(
    c("-2", "-1", "0", "1"), c("A", "G", "T"))), GM26_SNP1 = structure(c(0, 
1, 171, 0, 0, 1, 92, 0), dim = c(4L, 2L), dimnames = list(c("-2", 
"-1", "0", "1"), c("A", "G"))), GM29_SNP1 = structure(c(0, 3, 
981, 2, 0, 0, 2, 0), dim = c(4L, 2L), dimnames = list(c("-2", 
"-1", "0", "1"), c("A", "G"))), IM16_SNP1 = structure(c(4, 585, 
5, 0, 0, 9, 0, 0), dim = c(4L, 2L), dimnames = list(c("-1", "0", 
"1", "2"), c("A", "G"))), IM49_SNP1 = structure(c(0, 0, 0, 1, 
0, 0, 12, 1410, 5, 1, 0, 1, 3, 0, 0, 0, 0, 0, 0, 0), dim = 5:4, dimnames = list(
    c("-2", "-1", "0", "1", "2"), c("A", "C", "G", "T"))), LR10_SNP1 = structure(c(2, 
697, 0, 0, 0, 0, 2, 7, 0), dim = c(3L, 3L), dimnames = list(c("-1", 
"0", "1"), c("C", "G", "T"))), LR11_SNP1 = structure(c(0, 0, 
0, 0, 0, 0, 1, 402, 2, 0, 0, 5, 383, 1, 0, 0, 0, 0, 0, 0), dim = 5:4, dimnames = list(
    c("-2", "-1", "0", "1", "2"), c("-", "A", "C", "G"))), LR17_SNP1 = structure(c(0, 
1, 13, 1489, 5, 0, 0, 0, 0, 0, 0, 0), dim = c(6L, 2L), dimnames = list(
    c("-3", "-2", "-1", "0", "1", "2"), c("A", "G"))), LR20_SNP1 = structure(c(0, 
0, 0, 0, 1051, 0, 0, 2, 0), dim = c(3L, 3L), dimnames = list(
    c("-1", "0", "1"), c("-", "A", "G"))), LR24_SNP1 = structure(c(0, 
0, 0, 0, 2, 645, 0, 0, 3, 639, 0, 0), dim = 4:3, dimnames = list(
    c("-1", "0", "1", "2"), c("-", "A", "G"))), LR36_SNP1 = structure(c(0, 
0, 0, 0, 0, 0, 0, 0, 0, 0, 11, 1580, 4, 0, 0, 0, 0, 0, 0, 0, 
0, 0, 0, 0, 0, 1, 0, 0), dim = c(7L, 4L), dimnames = list(c("-4", 
"-3", "-2", "-1", "0", "1", "2"), c("-", "A", "G", "T"))), LR40_SNP1 = structure(c(0, 
0, 1, 0, 0, 2, 746, 0, 0, 0, 0, 0, 0, 0, 0, 0), dim = c(4L, 4L
), dimnames = list(c("-2", "-1", "0", "1"), c("A", "C", "G", 
"T"))), LR44_SNP1 = structure(c(0, 0, 0, 3, 0, 0, 0, 0, 0, 2, 
0, 0, 0, 1, 13, 285, 7, 0), dim = c(6L, 3L), dimnames = list(
    c("-3", "-2", "-1", "0", "1", "2"), c("C", "G", "T"))), LR46_SNP1 = structure(c(0, 
0, 0, 0, 0, 0, 3, 655, 0, 0, 2, 0), dim = 3:4, dimnames = list(
    c("-1", "0", "1"), c("A", "C", "G", "T"))), LR48_SNP1 = structure(c(0, 
0, 0, 0, 0, 0, 0, 0, 3, 655, 0, 0, 0, 0, 0, 2, 0, 0), dim = c(6L, 
3L), dimnames = list(c("-3", "-2", "-1", "0", "1", "2"), c("A", 
"C", "T"))), LR49_SNP1 = structure(c(0, 1, 0, 2, 775, 0, 0, 0, 
0), dim = c(3L, 3L), dimnames = list(c("-1", "0", "1"), c("A", 
"G", "T"))), LR52_SNP1 = structure(c(0, 4, 16, 353, 2, 0, 1, 
1, 2, 0), dim = c(5L, 2L), dimnames = list(c("-3", "-2", "-1", 
"0", "1"), c("C", "T"))))
