Result <-
list(DEPDC2_SNP1 = structure(c(0, 7, 0, 3, 1166, 2), dim = 3:2, dimnames = list(
    c("-1", "0", "1"), c("C", "T"))), GM01_SNP1 = structure(c(1, 
5, 1646, 3, 0, 0, 2, 0), dim = c(4L, 2L), dimnames = list(c("-2", 
"-1", "0", "1"), c("A", "G"))), GM07_SNP1 = structure(c(0, 0, 
10, 0, 0, 1, 21, 923, 3, 0, 0, 0, 0, 0, 0), dim = c(5L, 3L), dimnames = list(
    c("-2", "-1", "0", "1", "2"), c("A", "G", "T"))), GM09_SNP1 = structure(c(1, 
1346, 2, 0, 734, 0, 0, 0, 0), dim = c(3L, 3L), dimnames = list(
    c("-1", "0", "1"), c("A", "G", "T"))), GM11_SNP1 = structure(c(1, 
852, 1, 1, 3, 0, 0, 1, 0), dim = c(3L, 3L), dimnames = list(c("-1", 
"0", "1"), c("A", "G", "T"))), GM14_SNP1 = structure(c(0, 0, 
0, 0, 0, 0, 0, 0, 6, 771, 1, 0, 0, 0, 1, 529, 1, 0), dim = c(6L, 
3L), dimnames = list(c("-3", "-2", "-1", "0", "1", "2"), c("A", 
"C", "T"))), GM17_SNP1 = structure(c(1, 6, 1715, 0, 0, 0, 0, 
0, 0, 1, 16, 0), dim = 4:3, dimnames = list(c("-2", "-1", "0", 
"1"), c("C", "G", "T"))), GM22_SNP1 = structure(c(1, 2, 1359, 
0, 0, 0, 1, 8, 0, 0), dim = c(5L, 2L), dimnames = list(c("-2", 
"-1", "0", "1", "2"), c("A", "G"))), GM26_SNP1 = structure(c(1, 
612, 0, 0, 0, 9, 0, 0), dim = c(4L, 2L), dimnames = list(c("-1", 
"0", "1", "2"), c("A", "G"))), GM29_SNP1 = structure(c(0, 0, 
7, 1319, 3, 0, 0, 0, 0, 0, 0, 0, 0, 0, 0), dim = c(5L, 3L), dimnames = list(
    c("-3", "-2", "-1", "0", "1"), c("A", "G", "T"))), IM16_SNP1 = structure(c(0, 
2, 1228, 5, 0, 0, 1, 3, 0, 0), dim = c(5L, 2L), dimnames = list(
    c("-2", "-1", "0", "1", "2"), c("A", "G"))), IM49_SNP1 = structure(c(0, 
0, 0, 0, 0, 0, 0, 0, 1, 7, 0, 0, 0, 0, 24, 1613, 8, 0, 0, 0, 
0, 0, 0, 0), dim = c(6L, 4L), dimnames = list(c("-3", "-2", "-1", 
"0", "1", "2"), c("A", "C", "G", "T"))), LR10_SNP1 = structure(c(0, 
0, 0, 0, 0, 0, 1, 10, 0, 0, 0, 0, 1, 0, 0, 0, 7, 942, 2, 0), dim = 5:4, dimnames = list(
    c("-2", "-1", "0", "1", "2"), c("A", "C", "G", "T"))), LR11_SNP1 = structure(c(0, 
0, 1, 0, 0, 10, 1469, 2, 0, 0, 0, 0), dim = 4:3, dimnames = list(
    c("-2", "-1", "0", "1"), c("A", "C", "T"))), LR17_SNP1 = structure(c(0, 
0, 1, 20, 2255, 3, 0, 0, 0, 0, 0, 1, 0, 0), dim = c(7L, 2L), dimnames = list(
    c("-4", "-3", "-2", "-1", "0", "1", "2"), c("A", "G"))), 
    LR20_SNP1 = structure(c(0, 0, 0, 0, 576, 0, 1, 631, 0, 0, 
    0, 0), dim = 3:4, dimnames = list(c("-1", "0", "1"), c("-", 
    "A", "G", "T"))), LR24_SNP1 = structure(c(0, 0, 0, 0, 0, 
    4, 815, 0, 0, 0, 1074, 2), dim = 4:3, dimnames = list(c("-2", 
    "-1", "0", "1"), c("-", "A", "G"))), LR36_SNP1 = structure(c(0, 
    0, 0, 0, 5, 0, 0, 1, 0, 3, 9, 1689, 5, 0), dim = c(7L, 2L
    ), dimnames = list(c("-4", "-3", "-2", "-1", "0", "1", "2"
    ), c("A", "T"))), LR40_SNP1 = structure(c(1, 0, 0, 4, 1162, 
    1), dim = 3:2, dimnames = list(c("-1", "0", "1"), c("A", 
    "C"))), LR44_SNP1 = structure(c(1, 4, 122, 1, 0, 0, 2, 0, 
    0, 4, 171, 2), dim = 4:3, dimnames = list(c("-2", "-1", "0", 
    "1"), c("C", "G", "T"))), LR46_SNP1 = structure(c(0, 0, 0, 
    0, 976, 2, 0, 11, 0), dim = c(3L, 3L), dimnames = list(c("-1", 
    "0", "1"), c("C", "G", "T"))), LR48_SNP1 = structure(c(0, 
    0, 0, 0, 0, 0, 14, 933, 2, 0, 0, 1, 3, 0, 0), dim = c(5L, 
    3L), dimnames = list(c("-2", "-1", "0", "1", "2"), c("A", 
    "C", "T"))), LR49_SNP1 = structure(c(1, 639, 0, 0, 659, 0, 
    0, 0, 0), dim = c(3L, 3L), dimnames = list(c("-1", "0", "1"
    ), c("A", "G", "T"))), LR52_SNP1 = structure(c(0, 0, 0, 0, 
    0, 0, 0, 0, 3, 18, 328, 0, 0, 0, 0, 10, 247, 0), dim = c(6L, 
    3L), dimnames = list(c("-4", "-3", "-2", "-1", "0", "1"), 
        c("A", "C", "T"))))
