Result <-
list(DEPDC2_SNP1 = structure(c(0, 1, 0, 7, 1151, 22), dim = 3:2, dimnames = list(
    c("-1", "0", "1"), c("C", "T"))), GM01_SNP1 = structure(c(0, 
0, 31, 1181, 1, 0, 0, 0, 0, 4, 0, 0, 0, 0, 0, 1, 0, 0), dim = c(6L, 
3L), dimnames = list(c("-3", "-2", "-1", "0", "1", "3"), c("A", 
"G", "T"))), GM07_SNP1 = structure(c(0, 0, 0, 0, 0, 0, 0, 36, 
728, 653, 3, 0, 0, 0, 0, 2, 0, 0, 0, 0, 0, 0, 0, 0), dim = c(6L, 
4L), dimnames = list(c("-3", "-2", "-1", "0", "1", "2"), c("-", 
"A", "G", "T"))), GM09_SNP1 = structure(c(1, 606, 1, 0, 2, 652, 
0, 0), dim = c(4L, 2L), dimnames = list(c("-1", "0", "1", "2"
), c("A", "G"))), GM11_SNP1 = structure(c(8, 38, 0, 13, 28, 1
), dim = 3:2, dimnames = list(c("-1", "0", "1"), c("A", "G"))), 
    GM14_SNP1 = structure(c(0, 0, 0, 0, 0, 0, 1, 150, 249, 880, 
    13, 0, 0, 0, 0, 0, 0, 0), dim = c(6L, 3L), dimnames = list(
        c("-3", "-2", "-1", "0", "1", "2"), c("-", "C", "T"))), 
    GM17_SNP1 = structure(c(1, 193, 662, 1, 0, 2, 328, 475, 0, 
    0), dim = c(5L, 2L), dimnames = list(c("-2", "-1", "0", "1", 
    "2"), c("C", "T"))), GM22_SNP1 = structure(c(0, 33, 1619, 
    2, 0, 0, 0, 2, 0, 0, 0, 0, 0, 0, 0), dim = c(5L, 3L), dimnames = list(
        c("-2", "-1", "0", "1", "2"), c("A", "G", "T"))), GM26_SNP1 = structure(c(0, 
    16, 1118, 1, 0, 0, 2, 0, 0, 0, 0, 0), dim = 4:3, dimnames = list(
        c("-2", "-1", "0", "1"), c("A", "G", "T"))), GM29_SNP1 = structure(c(0, 
    1, 79, 613, 0, 0, 0, 3, 149, 500, 0, 0, 0, 0, 0, 0, 0, 0), dim = c(6L, 
    3L), dimnames = list(c("-3", "-2", "-1", "0", "1", "2"), 
        c("A", "G", "T"))), IM16_SNP1 = structure(c(3, 262, 1, 
    0, 6, 250, 1, 0), dim = c(4L, 2L), dimnames = list(c("-1", 
    "0", "1", "2"), c("A", "G"))), IM49_SNP1 = structure(c(0, 
    0, 0, 0, 0, 0, 28, 338, 403, 1, 0, 15, 342, 403, 3, 0, 0, 
    0, 0, 0), dim = 5:4, dimnames = list(c("-3", "-2", "-1", 
    "0", "1"), c("A", "C", "G", "T"))), LR10_SNP1 = structure(c(0, 
    0, 0, 0, 0, 0, 0, 0, 0, 5, 0, 0, 0, 0, 46, 1340, 1, 0), dim = c(6L, 
    3L), dimnames = list(c("-3", "-2", "-1", "0", "1", "2"), 
        c("A", "C", "T"))), LR11_SNP1 = structure(c(0, 2, 3, 
    0, 28, 18, 70, 0), dim = c(4L, 2L), dimnames = list(c("-2", 
    "-1", "0", "1"), c("A", "C"))), LR17_SNP1 = structure(c(0, 
    36, 565, 1383, 8, 0, 0, 0, 0, 0, 0, 0), dim = c(6L, 2L), dimnames = list(
        c("-3", "-2", "-1", "0", "1", "2"), c("A", "G"))), LR20_SNP1 = structure(c(0, 
    5, 0, 50, 186, 0), dim = 3:2, dimnames = list(c("-1", "0", 
    "1"), c("A", "G"))), LR24_SNP1 = structure(c(9, 375, 1, 14, 
    362, 0), dim = 3:2, dimnames = list(c("-1", "0", "1"), c("A", 
    "G"))), LR36_SNP1 = structure(c(0, 0, 0, 25, 316, 482, 1, 
    0, 0, 0, 0, 0, 0, 0, 0, 0, 0, 0, 0, 0, 0, 0, 0, 5, 286, 4, 
    461, 0), dim = c(7L, 4L), dimnames = list(c("-5", "-4", "-3", 
    "-2", "-1", "0", "1"), c("A", "C", "G", "T"))), LR40_SNP1 = structure(c(0, 
    46, 0, 2, 43, 0, 0, 0, 0), dim = c(3L, 3L), dimnames = list(
        c("-1", "0", "1"), c("A", "C", "G"))), LR44_SNP1 = structure(c(0, 
    0, 0, 0, 0, 0, 0, 0, 0, 20, 107, 158, 2, 0, 0, 0, 0, 0, 1, 
    0, 0, 6, 133, 0, 12, 168, 3, 0), dim = c(7L, 4L), dimnames = list(
        c("-4", "-3", "-2", "-1", "0", "1", "2"), c("A", "C", 
        "G", "T"))), LR46_SNP1 = structure(c(0, 1, 457, 1, 0, 
    4, 559, 2), dim = c(4L, 2L), dimnames = list(c("-2", "-1", 
    "0", "1"), c("G", "T"))), LR48_SNP1 = structure(c(0, 0, 0, 
    0, 0, 0, 0, 45, 550, 761, 3, 0, 0, 0, 0, 2, 0, 0), dim = c(6L, 
    3L), dimnames = list(c("-3", "-2", "-1", "0", "1", "2"), 
        c("A", "C", "T"))), LR49_SNP1 = structure(c(0, 0, 1, 
    0, 6, 404, 1505, 1), dim = c(4L, 2L), dimnames = list(c("-2", 
    "-1", "0", "1"), c("A", "G"))), LR52_SNP1 = structure(c(0, 
    0, 0, 0, 0, 0, 0, 0, 0, 0, 0, 0, 1, 19, 192, 10, 261, 2, 
    0, 11, 178, 13, 287, 2), dim = c(6L, 4L), dimnames = list(
        c("-4", "-3", "-2", "-1", "0", "1"), c("-", "A", "C", 
        "T"))))
