Result <-
list(DEPDC2_SNP1 = structure(c(0, 0, 0, 0, 0, 0, 4, 0, 0, 5, 
2359, 1), dim = 4:3, dimnames = list(c("-4", "-1", "0", "1"), 
    c("A", "C", "T"))), GM01_SNP1 = structure(c(0, 5, 1243, 0, 
0, 0, 0, 0, 0, 4, 1180, 2), dim = 4:3, dimnames = list(c("-2", 
"-1", "0", "1"), c("A", "C", "G"))), GM07_SNP1 = structure(c(0, 
0, 0, 0, 0, 0, 39, 2211, 22, 0, 0, 0, 5, 0, 0, 0, 0, 1, 0, 0), dim = 5:4, dimnames = list(
    c("-2", "-1", "0", "1", "2"), c("-", "A", "G", "T"))), GM09_SNP1 = structure(c(0, 
1300, 0, 0, 0, 0, 1, 1013, 0), dim = c(3L, 3L), dimnames = list(
    c("-1", "0", "1"), c("A", "C", "G"))), GM11_SNP1 = structure(c(2, 
775, 0, 0, 1063, 3, 0, 0, 0), dim = c(3L, 3L), dimnames = list(
    c("-1", "0", "1"), c("A", "G", "T"))), GM14_SNP1 = structure(c(0, 
16, 2106, 9, 0, 0, 9, 0), dim = c(4L, 2L), dimnames = list(c("-2", 
"-1", "0", "1"), c("C", "T"))), GM17_SNP1 = structure(c(0, 0, 
0, 0, 0, 0, 5, 1171, 1, 5, 1122, 0), dim = 3:4, dimnames = list(
    c("-1", "0", "1"), c("-", "A", "C", "T"))), GM22_SNP1 = structure(c(0, 
0, 0, 0, 0, 0, 5, 1270, 1, 0, 0, 3, 1114, 0, 0, 0, 0, 0, 0, 0
), dim = 5:4, dimnames = list(c("-2", "-1", "0", "1", "2"), c("-", 
"A", "G", "T"))), GM26_SNP1 = structure(c(0, 0, 0, 5, 1, 0, 0, 
0, 2, 2197, 2, 0, 0, 0, 0, 0, 0, 0), dim = c(6L, 3L), dimnames = list(
    c("-3", "-2", "-1", "0", "1", "2"), c("A", "G", "T"))), GM29_SNP1 = structure(c(0, 
7, 1787, 0, 0, 0, 0, 2, 0, 0, 0, 0, 0, 0, 0), dim = c(5L, 3L), dimnames = list(
    c("-2", "-1", "0", "1", "2"), c("A", "G", "T"))), IM16_SNP1 = structure(c(0, 
0, 3, 828, 5, 0, 0, 0, 4, 1035, 5, 0), dim = c(6L, 2L), dimnames = list(
    c("-3", "-2", "-1", "0", "1", "2"), c("A", "G"))), IM49_SNP1 = structure(c(0, 
21, 1360, 13, 0, 0, 1, 3, 0, 0), dim = c(5L, 2L), dimnames = list(
    c("-2", "-1", "0", "1", "2"), c("C", "G"))), LR10_SNP1 = structure(c(0, 
0, 0, 0, 0, 0, 0, 0, 0, 0, 0, 7, 1163, 2, 0, 0, 9, 1132, 2, 0
), dim = 5:4, dimnames = list(c("-2", "-1", "0", "1", "2"), c("-", 
"A", "C", "T"))), LR11_SNP1 = structure(c(0, 0, 15, 1187, 1, 
0, 0, 0, 5, 1036, 4, 0, 0, 0, 0, 0, 0, 0, 0, 0, 0, 0, 0, 0), dim = c(6L, 
4L), dimnames = list(c("-3", "-2", "-1", "0", "1", "2"), c("A", 
"C", "G", "T"))), LR17_SNP1 = structure(c(1, 35, 2256, 11, 0, 
0, 0, 1, 0, 0, 0, 0, 0, 0, 0), dim = c(5L, 3L), dimnames = list(
    c("-2", "-1", "0", "1", "2"), c("A", "G", "T"))), LR20_SNP1 = structure(c(0, 
2, 952, 1, 0, 1, 811, 1, 0, 0, 1, 0), dim = 4:3, dimnames = list(
    c("-3", "-1", "0", "1"), c("A", "G", "T"))), LR24_SNP1 = structure(c(0, 
0, 0, 1, 1090, 1, 1, 1012, 0), dim = c(3L, 3L), dimnames = list(
    c("-1", "0", "1"), c("-", "A", "G"))), LR36_SNP1 = structure(c(0, 
0, 1, 20, 0, 0, 0, 0, 18, 1864, 9, 0), dim = c(6L, 2L), dimnames = list(
    c("-3", "-2", "-1", "0", "1", "2"), c("A", "T"))), LR40_SNP1 = structure(c(0, 
4, 759, 4, 0, 0, 748, 0, 0, 0, 0, 0), dim = 4:3, dimnames = list(
    c("-2", "-1", "0", "1"), c("A", "C", "G"))), LR44_SNP1 = structure(c(0, 
0, 0, 0, 0, 0, 0, 0, 0, 1, 17, 564, 2, 0, 0, 0, 0, 0, 0, 0, 0, 
1, 0, 0, 34, 680, 13, 0), dim = c(7L, 4L), dimnames = list(c("-4", 
"-3", "-2", "-1", "0", "1", "2"), c("A", "C", "G", "T"))), LR46_SNP1 = structure(c(0, 
0, 0, 0, 0, 4, 2013, 3, 0, 0, 4, 0), dim = 4:3, dimnames = list(
    c("-3", "-1", "0", "1"), c("A", "G", "T"))), LR48_SNP1 = structure(c(0, 
0, 0, 0, 0, 0, 15, 2105, 8, 0, 0, 0, 2, 0, 0), dim = c(5L, 3L
), dimnames = list(c("-2", "-1", "0", "1", "2"), c("A", "C", 
"T"))), LR49_SNP1 = structure(c(0, 1, 4, 0, 1, 4, 2352, 0, 0, 
0, 0, 0), dim = 4:3, dimnames = list(c("-6", "-1", "0", "1"), 
    c("A", "G", "T"))), LR52_SNP1 = structure(c(0, 0, 0, 0, 0, 
0, 0, 0, 0, 8, 100, 2000, 4, 0, 0, 0, 0, 0, 8, 0, 0), dim = c(7L, 
3L), dimnames = list(c("-4", "-3", "-2", "-1", "0", "1", "2"), 
    c("-", "C", "T"))))
