Result <-
list(DEPDC2_SNP1 = structure(c(0, 0, 0, 0, 0, 0, 211, 1353, 31, 
2, 0, 0, 3, 0, 0), dim = c(5L, 3L), dimnames = list(c("-2", "-1", 
"0", "1", "2"), c("A", "C", "T"))), GM01_SNP1 = structure(c(0, 
0, 0, 0, 0, 0, 15, 2609, 2, 0, 0, 0, 0, 0, 0, 0, 0, 5, 0, 0, 
0, 0, 1, 0, 0), dim = c(5L, 5L), dimnames = list(c("-2", "-1", 
"0", "1", "2"), c("-", "A", "C", "G", "T"))), GM07_SNP1 = structure(c(0, 
0, 0, 0, 0, 0, 0, 22, 334, 593, 5, 0, 0, 26, 278, 559, 3, 0, 
0, 0, 0, 0, 0, 0), dim = c(6L, 4L), dimnames = list(c("-3", "-2", 
"-1", "0", "1", "2"), c("-", "A", "G", "T"))), GM09_SNP1 = structure(c(0, 
0, 3, 0, 0, 0, 0, 0, 0, 339, 1914, 1), dim = 4:3, dimnames = list(
    c("-2", "-1", "0", "1"), c("A", "C", "G"))), GM11_SNP1 = structure(c(0, 
0, 0, 0, 0, 0, 0, 4, 321, 1510, 1, 0, 0, 0, 0, 1, 0, 0, 0, 0, 
0, 0, 0, 0), dim = c(6L, 4L), dimnames = list(c("-3", "-2", "-1", 
"0", "1", "2"), c("-", "A", "G", "T"))), GM14_SNP1 = structure(c(0, 
0, 0, 0, 0, 0, 0, 0, 46, 251, 7, 561, 4, 0, 0, 0, 12, 318, 617, 
3, 0), dim = c(7L, 3L), dimnames = list(c("-4", "-3", "-2", "-1", 
"0", "1", "2"), c("A", "C", "T"))), GM17_SNP1 = structure(c(0, 
0, 0, 0, 0, 0, 1, 34, 2584, 2, 0, 0, 0, 2, 0), dim = c(5L, 3L
), dimnames = list(c("-3", "-2", "-1", "0", "1"), c("A", "C", 
"T"))), GM22_SNP1 = structure(c(0, 1, 3, 825, 323, 1, 0, 0, 27, 
1083, 1, 0), dim = c(6L, 2L), dimnames = list(c("-3", "-2", "-1", 
"0", "1", "2"), c("A", "G"))), GM26_SNP1 = structure(c(0, 34, 
771, 2, 13, 262, 524, 0), dim = c(4L, 2L), dimnames = list(c("-2", 
"-1", "0", "1"), c("A", "G"))), GM29_SNP1 = structure(c(0, 38, 
844, 0, 0, 29, 846, 0, 0, 0, 0, 0), dim = 4:3, dimnames = list(
    c("-2", "-1", "0", "1"), c("A", "G", "T"))), IM16_SNP1 = structure(c(0, 
0, 0, 1, 0, 0, 0, 0, 0, 0, 0, 0, 0, 3, 357, 1604, 5, 0, 0, 0, 
0, 0, 0, 0), dim = c(6L, 4L), dimnames = list(c("-3", "-2", "-1", 
"0", "1", "2"), c("A", "C", "G", "T"))), IM49_SNP1 = structure(c(0, 
0, 0, 0, 0, 0, 4, 459, 118, 963, 3, 0, 0, 1, 0, 3, 0, 0), dim = c(6L, 
3L), dimnames = list(c("-3", "-2", "-1", "0", "1", "2"), c("A", 
"C", "G"))), LR10_SNP1 = structure(c(0, 249, 1802, 3, 0, 0, 0, 
6, 0, 0), dim = c(5L, 2L), dimnames = list(c("-2", "-1", "0", 
"1", "2"), c("C", "T"))), LR11_SNP1 = structure(c(1, 1, 0, 0, 
2, 380, 1732, 3, 0, 0, 0, 0, 0, 0, 0, 0), dim = c(4L, 4L), dimnames = list(
    c("-2", "-1", "0", "1"), c("A", "C", "G", "T"))), LR17_SNP1 = structure(c(0, 
13, 769, 1944, 7, 0, 0, 0, 0, 0, 0, 0), dim = c(6L, 2L), dimnames = list(
    c("-3", "-2", "-1", "0", "1", "2"), c("A", "G"))), LR20_SNP1 = structure(c(0, 
0, 0, 0, 0, 7, 935, 1, 4, 347, 664, 1), dim = 4:3, dimnames = list(
    c("-2", "-1", "0", "1"), c("-", "A", "G"))), LR24_SNP1 = structure(c(2, 
374, 1600, 3, 0, 0, 1, 0, 0, 0, 0, 0), dim = 4:3, dimnames = list(
    c("-2", "-1", "0", "1"), c("A", "G", "T"))), LR36_SNP1 = structure(c(0, 
0, 0, 0, 0, 0, 1, 5, 35, 2076, 1, 0, 0, 0, 0, 1, 0, 0, 0, 0, 
0, 2, 0, 0), dim = c(6L, 4L), dimnames = list(c("-3", "-2", "-1", 
"0", "1", "2"), c("-", "A", "G", "T"))), LR40_SNP1 = structure(c(0, 
0, 0, 0, 0, 0, 78, 1413, 213, 0, 0, 0, 0, 0, 0, 0, 0, 0, 0, 0
), dim = 5:4, dimnames = list(c("-2", "-1", "0", "1", "2"), c("A", 
"C", "G", "T"))), LR44_SNP1 = structure(c(0, 0, 0, 3, 0, 0, 0, 
19, 126, 25, 476, 7, 0, 0), dim = c(7L, 2L), dimnames = list(
    c("-3", "-2", "-1", "0", "1", "2", "3"), c("C", "T"))), LR46_SNP1 = structure(c(0, 
0, 0, 0, 0, 301, 1551, 1, 0, 0, 2, 0), dim = 4:3, dimnames = list(
    c("-2", "-1", "0", "1"), c("A", "G", "T"))), LR48_SNP1 = structure(c(0, 
0, 0, 0, 0, 0, 0, 17, 336, 588, 1, 0, 0, 0, 17, 700, 86, 0), dim = c(6L, 
3L), dimnames = list(c("-3", "-2", "-1", "0", "1", "2"), c("A", 
"C", "T"))), LR49_SNP1 = structure(c(3, 749, 1303, 0, 0, 0, 0, 
0, 0, 0, 4, 0, 0, 0, 0, 0), dim = c(4L, 4L), dimnames = list(
    c("-2", "-1", "0", "1"), c("A", "C", "G", "T"))), LR52_SNP1 = structure(c(0, 
14, 150, 155, 490, 2, 0, 0, 0, 0, 0, 0, 0, 48, 231, 12, 509, 
0), dim = c(6L, 3L), dimnames = list(c("-4", "-3", "-2", "-1", 
"0", "1"), c("C", "G", "T"))))
