Result <-
list(DEPDC2_SNP1 = structure(c(247, 0, 757, 1, 0, 8, 1187, 2), dim = c(4L, 
2L), dimnames = list(c("-2", "-1", "0", "1"), c("C", "T"))), 
    GM01_SNP1 = structure(c(0, 25, 1441, 0, 0, 0, 11, 1414, 4, 
    0, 0, 0, 0, 0, 0), dim = c(5L, 3L), dimnames = list(c("-2", 
    "-1", "0", "1", "2"), c("A", "G", "T"))), GM07_SNP1 = structure(c(0, 
    0, 0, 3, 0, 0, 2, 284, 275, 1710, 20, 0), dim = c(6L, 2L), dimnames = list(
        c("-3", "-2", "-1", "0", "1", "2"), c("A", "G"))), GM09_SNP1 = structure(c(0, 
    2, 0, 0, 0, 0, 8, 2900, 4, 0, 0, 0), dim = 3:4, dimnames = list(
        c("-1", "0", "1"), c("A", "C", "G", "T"))), GM11_SNP1 = structure(c(0, 
    191, 2188, 3, 0, 0, 0, 0, 0, 0, 0, 0, 2, 0, 0, 0, 0, 0, 0, 
    0), dim = 5:4, dimnames = list(c("-2", "-1", "0", "1", "2"
    ), c("A", "C", "G", "T"))), GM14_SNP1 = structure(c(0, 0, 
    0, 0, 0, 0, 0, 29, 258, 912, 5, 0, 0, 0, 292, 928, 1, 0), dim = c(6L, 
    3L), dimnames = list(c("-3", "-2", "-1", "0", "1", "2"), 
        c("A", "C", "T"))), GM17_SNP1 = structure(c(0, 85, 1297, 
    1, 0, 5, 1367, 1), dim = c(4L, 2L), dimnames = list(c("-2", 
    "-1", "0", "1"), c("C", "T"))), GM22_SNP1 = structure(c(0, 
    118, 2571, 232, 1, 0, 0, 2, 0, 0, 0, 0, 0, 0, 0), dim = c(5L, 
    3L), dimnames = list(c("-2", "-1", "0", "1", "2"), c("A", 
    "G", "T"))), GM26_SNP1 = structure(c(0, 2, 1086, 1, 0, 41, 
    981, 3, 0, 0, 0, 0), dim = 4:3, dimnames = list(c("-2", "-1", 
    "0", "1"), c("A", "G", "T"))), GM29_SNP1 = structure(c(0, 
    0, 187, 1867, 3, 0, 0, 0, 0, 0), dim = c(5L, 2L), dimnames = list(
        c("-3", "-2", "-1", "0", "1"), c("A", "G"))), IM16_SNP1 = structure(c(0, 
    38, 1185, 7, 0, 0, 0, 0, 0, 0, 3, 278, 908, 4, 0, 0, 0, 1, 
    0, 0), dim = 5:4, dimnames = list(c("-2", "-1", "0", "1", 
    "2"), c("A", "C", "G", "T"))), IM49_SNP1 = structure(c(0, 
    3, 19, 827, 8, 0, 1, 10, 193, 604, 7, 0, 0, 0, 0, 0, 0, 0
    ), dim = c(6L, 3L), dimnames = list(c("-3", "-2", "-1", "0", 
    "1", "2"), c("C", "G", "T"))), LR10_SNP1 = structure(c(0, 
    0, 0, 0, 0, 0, 1, 0, 0, 12, 2576, 1), dim = 4:3, dimnames = list(
        c("-2", "-1", "0", "1"), c("A", "C", "T"))), LR11_SNP1 = structure(c(0, 
    0, 4, 0, 0, 1, 18, 2784, 8, 0), dim = c(5L, 2L), dimnames = list(
        c("-2", "-1", "0", "1", "2"), c("A", "C"))), LR17_SNP1 = structure(c(0, 
    2, 336, 2940, 10, 0, 0, 0, 0, 0, 0, 0, 0, 0, 0, 0, 0, 0), dim = c(6L, 
    3L), dimnames = list(c("-3", "-2", "-1", "0", "1", "2"), 
        c("A", "G", "T"))), LR20_SNP1 = structure(c(0, 0, 2, 
    0, 1, 221, 2242, 3, 0, 0, 0, 0), dim = 4:3, dimnames = list(
        c("-2", "-1", "0", "1"), c("A", "G", "T"))), LR24_SNP1 = structure(c(0, 
    221, 24, 2300, 2, 0, 0, 0, 0, 0, 0, 0, 0, 2, 0, 0, 0, 0, 
    0, 0), dim = 5:4, dimnames = list(c("-3", "-2", "-1", "0", 
    "1"), c("A", "C", "G", "T"))), LR36_SNP1 = structure(c(0, 
    0, 0, 2, 18, 1315, 3, 0, 0, 0, 0, 0, 0, 0, 0, 0, 0, 227, 
    0, 0, 5, 965, 2, 0), dim = c(8L, 3L), dimnames = list(c("-5", 
    "-4", "-3", "-2", "-1", "0", "1", "2"), c("A", "G", "T"))), 
    LR40_SNP1 = structure(c(0, 12, 2188, 3, 0, 0, 0, 0), dim = c(4L, 
    2L), dimnames = list(c("-2", "-1", "0", "1"), c("C", "T"))), 
    LR44_SNP1 = structure(c(0, 0, 0, 0, 0, 0, 0, 0, 2, 0, 3, 
    115, 13, 256, 2, 0, 3, 56, 393, 2), dim = 5:4, dimnames = list(
        c("-3", "-2", "-1", "0", "1"), c("-", "A", "C", "T"))), 
    LR46_SNP1 = structure(c(0, 0, 0, 0, 0, 0, 15, 2363, 3, 1, 
    0, 0, 1, 0, 0), dim = c(5L, 3L), dimnames = list(c("-2", 
    "-1", "0", "1", "2"), c("A", "G", "T"))), LR48_SNP1 = structure(c(0, 
    0, 0, 0, 0, 0, 0, 6, 269, 2085, 5, 1, 0, 0, 0, 3, 0, 0), dim = c(6L, 
    3L), dimnames = list(c("-3", "-2", "-1", "0", "1", "2"), 
        c("A", "C", "T"))), LR49_SNP1 = structure(c(6, 1187, 
    0, 2, 1205, 0, 0, 0, 0), dim = c(3L, 3L), dimnames = list(
        c("-1", "0", "1"), c("A", "G", "T"))), LR52_SNP1 = structure(c(0, 
    0, 0, 0, 0, 0, 0, 0, 0, 0, 0, 1, 0, 1, 0, 0, 1, 72, 27, 154, 
    217, 1637, 9, 0), dim = c(8L, 3L), dimnames = list(c("-5", 
    "-4", "-3", "-2", "-1", "0", "1", "2"), c("A", "C", "T"))))
