Result <-
list(DEPDC2_SNP1 = structure(c(0, 0, 0, 0, 0, 2, 442, 1, 1, 26, 
458, 0), dim = 4:3, dimnames = list(c("-2", "-1", "0", "1"), 
    c("A", "C", "T"))), GM01_SNP1 = structure(c(0, 0, 0, 0, 0, 
4, 834, 1, 0, 0, 0, 0, 0, 7, 855, 1, 0, 0, 0, 0), dim = 4:5, dimnames = list(
    c("-2", "-1", "0", "1"), c("-", "A", "C", "G", "T"))), GM07_SNP1 = structure(c(113, 
67, 275, 631, 3, 0, 0, 0, 0, 0, 0, 0, 0, 0, 0, 3, 0, 0, 0, 0, 
0, 0, 0, 0), dim = c(6L, 4L), dimnames = list(c("-3", "-2", "-1", 
"0", "1", "2"), c("A", "C", "G", "T"))), GM09_SNP1 = structure(c(0, 
5, 989, 1, 0, 14, 1104, 0, 0, 0, 0, 0), dim = 4:3, dimnames = list(
    c("-2", "-1", "0", "1"), c("A", "G", "T"))), GM11_SNP1 = structure(c(0, 
67, 1028, 3, 0, 0, 1, 0), dim = c(4L, 2L), dimnames = list(c("-3", 
"-1", "0", "1"), c("A", "G"))), GM14_SNP1 = structure(c(0, 0, 
0, 0, 0, 0, 0, 0, 256, 102, 6, 881, 3, 0, 0, 0, 0, 1, 6, 0, 0
), dim = c(7L, 3L), dimnames = list(c("-4", "-3", "-2", "-1", 
"0", "1", "2"), c("-", "C", "T"))), GM17_SNP1 = structure(c(0, 
0, 0, 0, 0, 0, 0, 0, 0, 0, 0, 0, 0, 0, 0, 9, 0, 0, 0, 0, 15, 
1803, 91, 0), dim = c(6L, 4L), dimnames = list(c("-3", "-2", 
"-1", "0", "1", "2"), c("-", "A", "C", "T"))), GM22_SNP1 = structure(c(0, 
98, 654, 1, 0, 0, 6, 805, 2, 0, 0, 0, 0, 0, 0), dim = c(5L, 3L
), dimnames = list(c("-2", "-1", "0", "1", "2"), c("A", "G", 
"T"))), GM26_SNP1 = structure(c(0, 0, 0, 47, 705, 0, 0, 0, 0, 
0, 0, 5, 0, 0), dim = c(7L, 2L), dimnames = list(c("-4", "-3", 
"-2", "-1", "0", "1", "2"), c("A", "G"))), GM29_SNP1 = structure(c(0, 
0, 0, 9, 0, 0, 0, 19, 1260, 2), dim = c(5L, 2L), dimnames = list(
    c("-3", "-2", "-1", "0", "1"), c("A", "G"))), IM16_SNP1 = structure(c(2, 
186, 517, 2, 0, 0, 14, 632, 69, 2, 0, 0, 0, 0, 0), dim = c(5L, 
3L), dimnames = list(c("-2", "-1", "0", "1", "2"), c("A", "G", 
"T"))), IM49_SNP1 = structure(c(0, 0, 0, 0, 0, 0, 1, 122, 89, 
588, 9, 0, 0, 235, 8, 502, 3, 1, 0, 0, 0, 0, 0, 0), dim = c(6L, 
4L), dimnames = list(c("-3", "-2", "-1", "0", "1", "2"), c("A", 
"C", "G", "T"))), LR10_SNP1 = structure(c(0, 0, 0, 0, 0, 1, 4, 
0, 0, 22, 1168, 1), dim = 4:3, dimnames = list(c("-2", "-1", 
"0", "1"), c("A", "C", "T"))), LR11_SNP1 = structure(c(0, 0, 
0, 0, 0, 0, 0, 0, 19, 977, 1, 0, 0, 2, 230, 607, 2, 0, 0, 0, 
0, 0, 0, 0, 0, 0, 0, 0, 0, 0), dim = 6:5, dimnames = list(c("-3", 
"-2", "-1", "0", "1", "2"), c("-", "A", "C", "G", "T"))), LR17_SNP1 = structure(c(0, 
0, 0, 0, 0, 0, 0, 21, 785, 1729, 4, 0, 0, 0, 0, 0, 0, 0, 0, 0, 
0, 0, 0, 0, 0, 0, 0, 0, 0, 0), dim = 6:5, dimnames = list(c("-3", 
"-2", "-1", "0", "1", "2"), c("-", "A", "C", "G", "T"))), LR20_SNP1 = structure(c(0, 
0, 0, 19, 664, 1, 2, 701, 0), dim = c(3L, 3L), dimnames = list(
    c("-1", "0", "1"), c("-", "A", "G"))), LR24_SNP1 = structure(c(1, 
10, 0, 143, 1629, 2), dim = 3:2, dimnames = list(c("-1", "0", 
"1"), c("A", "G"))), LR36_SNP1 = structure(c(0, 0, 0, 0, 0, 15, 
8, 157, 652, 4, 0, 0, 0, 0, 0, 0, 0, 0, 0, 0, 0, 5, 32, 797, 
2), dim = c(5L, 5L), dimnames = list(c("-3", "-2", "-1", "0", 
"1"), c("-", "A", "C", "G", "T"))), LR40_SNP1 = structure(c(0, 
2, 175, 1050, 0, 0, 0, 0, 0, 0), dim = c(5L, 2L), dimnames = list(
    c("-3", "-2", "-1", "0", "1"), c("C", "T"))), LR44_SNP1 = structure(c(0, 
0, 0, 0, 0, 0, 1, 28, 39, 132, 0, 1, 1, 40, 37, 140, 1, 0), dim = c(6L, 
3L), dimnames = list(c("-3", "-2", "-1", "0", "1", "3"), c("A", 
"C", "T"))), LR46_SNP1 = structure(c(0, 105, 555, 1, 0, 49, 472, 
1), dim = c(4L, 2L), dimnames = list(c("-2", "-1", "0", "1"), 
    c("G", "T"))), LR48_SNP1 = structure(c(0, 0, 0, 1, 0, 0, 
0, 59, 180, 772, 76, 0, 0, 0, 1, 4, 0, 0), dim = c(6L, 3L), dimnames = list(
    c("-3", "-2", "-1", "0", "1", "2"), c("A", "C", "T"))), LR49_SNP1 = structure(c(0, 
1, 1, 0, 8, 174, 1248, 0, 0, 0, 0, 0), dim = 4:3, dimnames = list(
    c("-2", "-1", "0", "1"), c("A", "G", "T"))), LR52_SNP1 = structure(c(0, 
0, 0, 0, 0, 0, 0, 0, 0, 0, 3, 0, 47, 37, 49, 59, 509, 2), dim = c(6L, 
3L), dimnames = list(c("-4", "-3", "-2", "-1", "0", "1"), c("A", 
"C", "T"))))
