Result <-
list(DEPDC2_SNP1 = structure(c(0, 0, 0, 0, 0, 1, 0, 0, 0, 0, 
0, 0, 4, 1636, 67, 0), dim = c(4L, 4L), dimnames = list(c("-1", 
"0", "1", "2"), c("A", "C", "G", "T"))), GM01_SNP1 = structure(c(0, 
0, 0, 0, 0, 1, 8, 2567, 2, 0, 0, 0, 5, 0, 0), dim = c(5L, 3L), dimnames = list(
    c("-2", "-1", "0", "1", "2"), c("-", "A", "G"))), GM07_SNP1 = structure(c(0, 
0, 0, 0, 0, 0, 0, 253, 35, 1381, 6, 0, 0, 0, 0, 2, 0, 0, 0, 0, 
0, 0, 0, 0), dim = c(6L, 4L), dimnames = list(c("-3", "-2", "-1", 
"0", "1", "2"), c("-", "A", "G", "T"))), GM09_SNP1 = structure(c(0, 
0, 3, 0, 0, 11, 2502, 1, 0, 0, 0, 0), dim = 4:3, dimnames = list(
    c("-2", "-1", "0", "1"), c("A", "G", "T"))), GM11_SNP1 = structure(c(1, 
126, 1626, 0, 0, 0, 0, 1, 0, 0), dim = c(5L, 2L), dimnames = list(
    c("-2", "-1", "0", "1", "2"), c("A", "G"))), GM14_SNP1 = structure(c(0, 
0, 0, 0, 0, 0, 0, 1, 155, 1812, 3, 0, 0, 0, 0, 1, 0, 0), dim = c(6L, 
3L), dimnames = list(c("-3", "-2", "-1", "0", "1", "2"), c("A", 
"C", "T"))), GM17_SNP1 = structure(c(0, 0, 0, 1, 0, 0, 0, 0, 
3, 0, 0, 0, 22, 2582, 2), dim = c(5L, 3L), dimnames = list(c("-3", 
"-2", "-1", "0", "1"), c("A", "C", "T"))), GM22_SNP1 = structure(c(0, 
173, 2177, 0, 0, 0, 1, 0, 0, 0, 0, 0), dim = 4:3, dimnames = list(
    c("-2", "-1", "0", "1"), c("A", "G", "T"))), GM26_SNP1 = structure(c(0, 
0, 7, 0, 1, 6, 1430, 1, 0, 0, 0, 0), dim = 4:3, dimnames = list(
    c("-2", "-1", "0", "1"), c("A", "G", "T"))), GM29_SNP1 = structure(c(0, 
0, 35, 1815, 0, 0, 0, 0, 0, 0, 0, 0, 0, 0, 0, 0, 0, 0), dim = c(6L, 
3L), dimnames = list(c("-3", "-2", "-1", "0", "1", "2"), c("A", 
"G", "T"))), IM16_SNP1 = structure(c(0, 0, 0, 0, 0, 2, 129, 828, 
5, 0, 0, 6, 1078, 2, 0, 0, 0, 0, 0, 0), dim = 5:4, dimnames = list(
    c("-2", "-1", "0", "1", "2"), c("-", "A", "G", "T"))), IM49_SNP1 = structure(c(0, 
22, 123, 739, 8, 0, 0, 1, 117, 11, 738, 5, 0, 0), dim = c(7L, 
2L), dimnames = list(c("-3", "-2", "-1", "0", "1", "2", "3"), 
    c("C", "G"))), LR10_SNP1 = structure(c(0, 13, 917, 0, 0, 
9, 979, 3), dim = c(4L, 2L), dimnames = list(c("-2", "-1", "0", 
"1"), c("C", "T"))), LR11_SNP1 = structure(c(0, 0, 0, 0, 0, 0, 
24, 1282, 5, 0, 0, 7, 1117, 2, 0, 0, 0, 0, 0, 0), dim = 5:4, dimnames = list(
    c("-2", "-1", "0", "1", "2"), c("-", "A", "C", "T"))), LR17_SNP1 = structure(c(0, 
20, 249, 2564, 9, 0, 0, 0, 0, 0, 0, 0), dim = c(6L, 2L), dimnames = list(
    c("-3", "-2", "-1", "0", "1", "2"), c("A", "G"))), LR20_SNP1 = structure(c(2, 
950, 0, 0, 2, 1031, 3, 0, 0, 0, 0, 0), dim = 4:3, dimnames = list(
    c("-1", "0", "1", "2"), c("A", "G", "T"))), LR24_SNP1 = structure(c(0, 
7, 2482, 0, 0, 0, 1, 0, 0, 0, 0, 0), dim = 4:3, dimnames = list(
    c("-2", "-1", "0", "1"), c("A", "G", "T"))), LR36_SNP1 = structure(c(0, 
0, 0, 0, 4, 0, 0, 0, 0, 0, 0, 0, 0, 0, 0, 0, 0, 0, 0, 8, 142, 
147, 1857, 8), dim = c(6L, 4L), dimnames = list(c("-4", "-3", 
"-2", "-1", "0", "1"), c("A", "C", "G", "T"))), LR40_SNP1 = structure(c(0, 
0, 0, 0, 0, 18, 1811, 2, 0, 0, 0, 0), dim = 4:3, dimnames = list(
    c("-3", "-1", "0", "1"), c("A", "C", "T"))), LR44_SNP1 = structure(c(0, 
0, 0, 0, 0, 0, 0, 2, 51, 12, 236, 4, 0, 0, 0, 0, 0, 2, 0, 0, 
0, 1, 0, 8, 277, 48, 2, 0), dim = c(7L, 4L), dimnames = list(
    c("-3", "-2", "-1", "0", "1", "2", "3"), c("A", "C", "G", 
    "T"))), LR46_SNP1 = structure(c(0, 0, 1, 0, 0, 1, 1787, 1, 
0, 0, 7, 0), dim = 4:3, dimnames = list(c("-2", "-1", "0", "1"
), c("A", "G", "T"))), LR48_SNP1 = structure(c(1, 9, 850, 9, 
0, 0, 21, 694, 6, 0), dim = c(5L, 2L), dimnames = list(c("-2", 
"-1", "0", "1", "2"), c("C", "T"))), LR49_SNP1 = structure(c(0, 
0, 0, 4, 1979, 0, 0, 3, 0, 0, 1, 0), dim = 3:4, dimnames = list(
    c("-1", "0", "1"), c("-", "A", "G", "T"))), LR52_SNP1 = structure(c(0, 
0, 0, 0, 0, 0, 0, 0, 1, 0, 11, 40, 226, 1168, 4, 0, 0, 0, 0, 
1, 0, 10, 0, 0), dim = c(8L, 3L), dimnames = list(c("-5", "-4", 
"-3", "-2", "-1", "0", "1", "2"), c("A", "C", "T"))))
