Result <-
list(DEPDC2_SNP1 = structure(c(0, 1, 0, 0, 2, 0, 3, 2856, 6), dim = c(3L, 
3L), dimnames = list(c("-1", "0", "1"), c("A", "C", "T"))), GM01_SNP1 = structure(c(0, 
21, 2857, 4, 0, 0, 0, 0, 0, 0, 0, 0, 1, 0, 0), dim = c(5L, 3L
), dimnames = list(c("-2", "-1", "0", "1", "2"), c("A", "C", 
"G"))), GM07_SNP1 = structure(c(0, 0, 0, 0, 0, 0, 57, 2147, 32, 
1, 0, 0, 4, 0, 0), dim = c(5L, 3L), dimnames = list(c("-2", "-1", 
"0", "1", "2"), c("-", "A", "G"))), GM09_SNP1 = structure(c(5, 
2957, 1, 0, 9, 0, 0, 0, 0), dim = c(3L, 3L), dimnames = list(
    c("-1", "0", "1"), c("A", "G", "T"))), GM11_SNP1 = structure(c(0, 
7, 2340, 4, 0, 0, 3, 0), dim = c(4L, 2L), dimnames = list(c("-2", 
"-1", "0", "1"), c("A", "G"))), GM14_SNP1 = structure(c(0, 1, 
11, 0, 0, 16, 2411, 6), dim = c(4L, 2L), dimnames = list(c("-2", 
"-1", "0", "1"), c("C", "T"))), GM17_SNP1 = structure(c(0, 0, 
0, 0, 0, 0, 0, 0, 0, 2, 6, 0, 0, 10, 3071, 0), dim = c(4L, 4L
), dimnames = list(c("-2", "-1", "0", "1"), c("-", "A", "C", 
"T"))), GM22_SNP1 = structure(c(0, 12, 2887, 6, 0, 0, 0, 1, 0, 
0, 0, 0, 0, 0, 0), dim = c(5L, 3L), dimnames = list(c("-2", "-1", 
"0", "1", "2"), c("A", "G", "T"))), GM26_SNP1 = structure(c(0, 
1, 1124, 1, 0, 0, 4, 1043, 2, 0, 0, 0, 0, 0, 0), dim = c(5L, 
3L), dimnames = list(c("-2", "-1", "0", "1", "2"), c("A", "G", 
"T"))), GM29_SNP1 = structure(c(0, 0, 11, 2188, 4, 0, 0, 0, 1, 
0, 0, 0, 0, 0, 0), dim = c(5L, 3L), dimnames = list(c("-3", "-2", 
"-1", "0", "1"), c("A", "G", "T"))), IM16_SNP1 = structure(c(0, 
0, 1, 0, 0, 0, 2, 1080, 6, 0, 1, 9, 1114, 6, 0, 0, 0, 0, 0, 0
), dim = 5:4, dimnames = list(c("-2", "-1", "0", "1", "2"), c("-", 
"A", "G", "T"))), IM49_SNP1 = structure(c(0, 0, 31, 864, 10, 
1, 0, 1, 18, 723, 12, 1), dim = c(6L, 2L), dimnames = list(c("-3", 
"-2", "-1", "0", "1", "2"), c("C", "G"))), LR10_SNP1 = structure(c(0, 
0, 0, 0, 0, 0, 0, 0, 0, 11, 1195, 3, 1, 9, 1251, 1), dim = c(4L, 
4L), dimnames = list(c("-2", "-1", "0", "1"), c("-", "A", "C", 
"T"))), LR11_SNP1 = structure(c(0, 10, 1416, 5, 0, 0, 9, 1132, 
1, 0, 0, 0, 0, 0, 0, 0, 0, 0, 0, 0), dim = 5:4, dimnames = list(
    c("-2", "-1", "0", "1", "2"), c("A", "C", "G", "T"))), LR17_SNP1 = structure(c(0, 
0, 0, 0, 0, 0, 2, 29, 3063, 11, 0, 0, 0, 0, 0, 0, 0, 0), dim = c(6L, 
3L), dimnames = list(c("-2", "-1", "0", "1", "2", "3"), c("-", 
"A", "G"))), LR20_SNP1 = structure(c(0, 0, 0, 0, 2196, 2, 0, 
7, 1), dim = c(3L, 3L), dimnames = list(c("-1", "0", "1"), c("-", 
"A", "G"))), LR24_SNP1 = structure(c(0, 2, 1175, 0, 0, 6, 1080, 
3), dim = c(4L, 2L), dimnames = list(c("-2", "-1", "0", "1"), 
    c("A", "G"))), LR36_SNP1 = structure(c(0, 0, 0, 0, 0, 0, 
0, 1, 0, 0, 11, 1105, 5, 1, 0, 0, 0, 0, 0, 0, 0, 0, 0, 1, 15, 
1033, 4, 0), dim = c(7L, 4L), dimnames = list(c("-4", "-3", "-2", 
"-1", "0", "1", "2"), c("-", "A", "G", "T"))), LR40_SNP1 = structure(c(0, 
0, 0, 0, 0, 0, 12, 2061, 4, 0), dim = c(5L, 2L), dimnames = list(
    c("-2", "-1", "0", "1", "2"), c("A", "C"))), LR44_SNP1 = structure(c(4, 
31, 837, 6, 0, 0, 0, 1, 0, 1, 4, 0), dim = 4:3, dimnames = list(
    c("-2", "-1", "0", "1"), c("C", "G", "T"))), LR46_SNP1 = structure(c(0, 
0, 0, 0, 0, 0, 0, 1152, 2, 2, 1001, 2), dim = 3:4, dimnames = list(
    c("-1", "0", "1"), c("-", "A", "G", "T"))), LR48_SNP1 = structure(c(0, 
0, 0, 0, 0, 0, 7, 1153, 4, 0, 0, 17, 1086, 6, 0), dim = c(5L, 
3L), dimnames = list(c("-2", "-1", "0", "1", "2"), c("A", "C", 
"T"))), LR49_SNP1 = structure(c(0, 1, 0, 3, 2541, 1), dim = 3:2, dimnames = list(
    c("-1", "0", "1"), c("A", "G"))), LR52_SNP1 = structure(c(0, 
0, 0, 0, 0, 0, 0, 0, 0, 8, 62, 889, 2, 0, 0, 0, 3, 51, 1063, 
5, 0), dim = c(7L, 3L), dimnames = list(c("-5", "-3", "-2", "-1", 
"0", "1", "2"), c("A", "C", "T"))))
