Result <-
list(DEPDC2_SNP1 = structure(c(0, 0, 0, 4, 0, 2, 4, 120, 885, 
6), dim = c(5L, 2L), dimnames = list(c("-3", "-2", "-1", "0", 
"1"), c("C", "T"))), GM01_SNP1 = structure(c(0, 0, 0, 0, 0, 198, 
1407, 1, 0, 0, 3, 0, 0, 0, 0, 0), dim = c(4L, 4L), dimnames = list(
    c("-2", "-1", "0", "1"), c("-", "A", "G", "T"))), GM07_SNP1 = structure(c(0, 
178, 27, 377, 1, 0, 16, 154, 380, 4, 0, 0, 0, 0, 0), dim = c(5L, 
3L), dimnames = list(c("-3", "-2", "-1", "0", "1"), c("A", "G", 
"T"))), GM09_SNP1 = structure(c(23, 831, 0, 7, 764, 0, 0, 0, 
0), dim = c(3L, 3L), dimnames = list(c("-1", "0", "1"), c("A", 
"G", "T"))), GM11_SNP1 = structure(c(0, 0, 3, 0, 1, 195, 660, 
1), dim = c(4L, 2L), dimnames = list(c("-2", "-1", "0", "1"), 
    c("A", "G"))), GM14_SNP1 = structure(c(0, 6, 88, 534, 1, 
0, 0, 2, 30, 590, 2, 0), dim = c(6L, 2L), dimnames = list(c("-4", 
"-2", "-1", "0", "1", "3"), c("C", "T"))), GM17_SNP1 = structure(c(0, 
0, 0, 0, 0, 1, 7, 0, 2, 223, 1480, 2), dim = 4:3, dimnames = list(
    c("-2", "-1", "0", "1"), c("A", "C", "T"))), GM22_SNP1 = structure(c(0, 
0, 12, 0, 0, 0, 160, 1308, 0, 0, 0, 0, 0, 0, 0), dim = c(5L, 
3L), dimnames = list(c("-2", "-1", "0", "1", "2"), c("A", "G", 
"T"))), GM26_SNP1 = structure(c(0, 3, 260, 0, 0, 0, 0, 290, 0, 
0, 0, 0, 0, 0, 0), dim = c(5L, 3L), dimnames = list(c("-2", "-1", 
"0", "1", "2"), c("A", "G", "T"))), GM29_SNP1 = structure(c(11, 
212, 1109, 3, 0, 0, 2, 0, 0, 0, 1, 0), dim = 4:3, dimnames = list(
    c("-2", "-1", "0", "1"), c("A", "G", "T"))), IM16_SNP1 = structure(c(0, 
0, 5, 0, 0, 0, 0, 0, 0, 0, 80, 141, 1092, 9, 0), dim = c(5L, 
3L), dimnames = list(c("-2", "-1", "0", "1", "2"), c("A", "C", 
"G"))), IM49_SNP1 = structure(c(3, 234, 8, 611, 2, 0, 0, 2, 46, 
715, 4, 0, 0, 0, 0, 0, 0, 0), dim = c(6L, 3L), dimnames = list(
    c("-3", "-2", "-1", "0", "1", "2"), c("C", "G", "T"))), LR10_SNP1 = structure(c(0, 
0, 0, 0, 8, 68, 412, 1, 5, 141, 337, 4), dim = 4:3, dimnames = list(
    c("-2", "-1", "0", "1"), c("-", "C", "T"))), LR11_SNP1 = structure(c(0, 
1, 50, 642, 1, 0, 0, 5, 177, 440, 0, 0, 0, 0, 0, 0, 0, 0), dim = c(6L, 
3L), dimnames = list(c("-3", "-2", "-1", "0", "1", "2"), c("A", 
"C", "T"))), LR17_SNP1 = structure(c(0, 5, 354, 1826, 8, 0, 0, 
0, 0, 0, 0, 0), dim = c(6L, 2L), dimnames = list(c("-3", "-2", 
"-1", "0", "1", "2"), c("A", "G"))), LR20_SNP1 = structure(c(10, 
656, 0, 4, 663, 0, 0, 1, 0), dim = c(3L, 3L), dimnames = list(
    c("-1", "0", "1"), c("A", "G", "T"))), LR24_SNP1 = structure(c(12, 
216, 612, 1, 0, 30, 844, 0), dim = c(4L, 2L), dimnames = list(
    c("-2", "-1", "0", "1"), c("A", "G"))), LR36_SNP1 = structure(c(0, 
0, 0, 1, 0, 0, 0, 17, 241, 710, 0, 0, 0, 0, 0, 0, 0, 0, 0, 0, 
0, 0, 0, 0, 0, 26, 194, 700, 1, 0), dim = 6:5, dimnames = list(
    c("-3", "-2", "-1", "0", "1", "2"), c("-", "A", "C", "G", 
    "T"))), LR40_SNP1 = structure(c(0, 0, 1, 0, 6, 215, 883, 
0), dim = c(4L, 2L), dimnames = list(c("-2", "-1", "0", "1"), 
    c("A", "C"))), LR44_SNP1 = structure(c(0, 0, 0, 2, 0, 0, 
0, 5, 22, 168, 0, 0, 0, 0, 0, 1, 0, 0, 3, 44, 31, 178, 1, 0), dim = c(6L, 
4L), dimnames = list(c("-3", "-2", "-1", "0", "1", "2"), c("A", 
"C", "G", "T"))), LR46_SNP1 = structure(c(0, 0, 0, 0, 26, 919, 
2, 0, 0, 4, 0, 0), dim = 4:3, dimnames = list(c("-1", "0", "1", 
"2"), c("A", "G", "T"))), LR48_SNP1 = structure(c(0, 0, 0, 1, 
0, 0, 0, 1, 21, 448, 4, 0, 0, 0, 25, 396, 2, 0), dim = c(6L, 
3L), dimnames = list(c("-3", "-2", "-1", "0", "1", "2"), c("A", 
"C", "T"))), LR49_SNP1 = structure(c(0, 0, 5, 0, 9, 236, 1053, 
0, 0, 0, 0, 0), dim = 4:3, dimnames = list(c("-2", "-1", "0", 
"1"), c("A", "G", "T"))), LR52_SNP1 = structure(c(0, 19, 80, 
54, 11, 468, 1, 0, 0, 1, 0, 0, 3, 0), dim = c(7L, 2L), dimnames = list(
    c("-5", "-4", "-3", "-2", "-1", "0", "1"), c("C", "T"))))
