Result <-
list(DEPDC2_SNP1 = structure(c(0, 7, 1, 2, 743, 0), dim = 3:2, dimnames = list(
    c("-1", "0", "1"), c("C", "T"))), GM01_SNP1 = structure(c(0, 
169, 613, 1, 0, 1, 18, 0, 0, 0, 0, 0), dim = 4:3, dimnames = list(
    c("-2", "-1", "0", "1"), c("A", "G", "T"))), GM07_SNP1 = structure(c(0, 
0, 2, 2, 0, 0, 0, 0, 11, 82, 301, 27, 1, 0), dim = c(7L, 2L), dimnames = list(
    c("-3", "-2", "-1", "0", "1", "2", "3"), c("A", "G"))), GM09_SNP1 = structure(c(0, 
612, 1, 0, 506, 0, 0, 0, 0), dim = c(3L, 3L), dimnames = list(
    c("-1", "0", "1"), c("A", "G", "T"))), GM11_SNP1 = structure(c(2, 
472, 0, 0, 11, 0), dim = 3:2, dimnames = list(c("-1", "0", "1"
), c("A", "G"))), GM14_SNP1 = structure(c(0, 15, 300, 2, 0, 0, 
15, 302, 0, 1), dim = c(5L, 2L), dimnames = list(c("-2", "-1", 
"0", "1", "2"), c("C", "T"))), GM17_SNP1 = structure(c(0, 0, 
0, 0, 0, 0, 0, 5, 579, 0, 0, 0, 221, 352, 0), dim = c(5L, 3L), dimnames = list(
    c("-3", "-2", "-1", "0", "1"), c("A", "C", "T"))), GM22_SNP1 = structure(c(0, 
168, 671, 1, 0, 0, 2, 0, 0, 0, 0, 0), dim = 4:3, dimnames = list(
    c("-2", "-1", "0", "1"), c("A", "G", "T"))), GM26_SNP1 = structure(c(0, 
1, 197, 1, 0, 0, 215, 0, 0, 0, 0, 0), dim = 4:3, dimnames = list(
    c("-2", "-1", "0", "1"), c("A", "G", "T"))), GM29_SNP1 = structure(c(0, 
0, 2, 765, 0, 0, 0, 0, 3, 0, 0, 0, 0, 0, 0), dim = c(5L, 3L), dimnames = list(
    c("-3", "-2", "-1", "0", "1"), c("A", "G", "T"))), IM16_SNP1 = structure(c(0, 
100, 478, 4, 0, 1, 11, 0, 0, 0, 0, 0), dim = 4:3, dimnames = list(
    c("-2", "-1", "0", "1"), c("A", "G", "T"))), IM49_SNP1 = structure(c(0, 
0, 0, 0, 0, 5, 165, 265, 2, 0, 5, 106, 230, 1, 0), dim = c(5L, 
3L), dimnames = list(c("-2", "-1", "0", "1", "2"), c("A", "C", 
"G"))), LR10_SNP1 = structure(c(0, 0, 4, 0, 0, 0, 0, 0, 4, 12, 
509, 0), dim = 4:3, dimnames = list(c("-2", "-1", "0", "1"), 
    c("C", "G", "T"))), LR11_SNP1 = structure(c(0, 2, 201, 292, 
0, 0, 0, 1, 37, 451, 1, 0, 0, 0, 0, 0, 0, 0), dim = c(6L, 3L), dimnames = list(
    c("-3", "-2", "-1", "0", "1", "2"), c("A", "C", "G"))), LR17_SNP1 = structure(c(0, 
1, 248, 201, 722, 5, 0, 0, 0, 0, 0, 0, 0, 0, 0, 0, 0, 0, 0, 0, 
0), dim = c(7L, 3L), dimnames = list(c("-4", "-3", "-2", "-1", 
"0", "1", "2"), c("A", "C", "G"))), LR20_SNP1 = structure(c(0, 
0, 0, 4, 372, 0, 0, 0, 0, 0, 418, 0, 0, 0, 0), dim = c(3L, 5L
), dimnames = list(c("-1", "0", "1"), c("-", "A", "C", "G", "T"
))), LR24_SNP1 = structure(c(0, 0, 1, 486, 0, 0, 0, 0, 0, 0, 
0, 0, 6, 457, 0), dim = c(5L, 3L), dimnames = list(c("-3", "-2", 
"-1", "0", "1"), c("A", "C", "G"))), LR36_SNP1 = structure(c(0, 
0, 1, 17, 0, 0, 2, 41, 96, 565, 3, 0), dim = c(6L, 2L), dimnames = list(
    c("-3", "-2", "-1", "0", "1", "2"), c("A", "T"))), LR40_SNP1 = structure(c(0, 
0, 1, 0, 0, 114, 472, 0), dim = c(4L, 2L), dimnames = list(c("-2", 
"-1", "0", "1"), c("A", "C"))), LR44_SNP1 = structure(c(0, 0, 
0, 0, 0, 4, 33, 6, 73, 0, 3, 54, 2, 79, 0), dim = c(5L, 3L), dimnames = list(
    c("-3", "-2", "-1", "0", "1"), c("A", "C", "T"))), LR46_SNP1 = structure(c(0, 
0, 0, 0, 0, 2, 265, 1, 4, 1, 239, 0), dim = 4:3, dimnames = list(
    c("-2", "-1", "0", "1"), c("-", "G", "T"))), LR48_SNP1 = structure(c(0, 
0, 0, 2, 0, 0, 1, 112, 185, 1, 0, 2, 80, 157, 0), dim = c(5L, 
3L), dimnames = list(c("-3", "-2", "-1", "0", "1"), c("A", "C", 
"T"))), LR49_SNP1 = structure(c(2, 50, 291, 0, 0, 0, 0, 0, 0, 
118, 227, 0), dim = 4:3, dimnames = list(c("-2", "-1", "0", "1"
), c("A", "C", "G"))), LR52_SNP1 = structure(c(0, 0, 0, 0, 0, 
0, 0, 0, 0, 0, 1, 53, 34, 33, 186, 1, 0, 0, 0, 1, 0, 0, 8, 0), dim = c(8L, 
3L), dimnames = list(c("-6", "-5", "-4", "-3", "-2", "-1", "0", 
"1"), c("-", "C", "T"))))
