Result <-
list(DEPDC2_SNP1 = structure(c(0, 1, 248, 0, 0, 0, 0, 0, 0, 2, 
254, 0), dim = 4:3, dimnames = list(c("-2", "-1", "0", "1"), 
    c("C", "G", "T"))), GM01_SNP1 = structure(c(0, 3, 154, 0, 
0, 1, 146, 0), dim = c(4L, 2L), dimnames = list(c("-2", "-1", 
"0", "1"), c("A", "G"))), GM07_SNP1 = structure(c(1, 3, 3, 0, 
0, 0, 32, 187, 3, 0, 0, 0, 0, 0, 0), dim = c(5L, 3L), dimnames = list(
    c("-2", "-1", "0", "1", "2"), c("A", "G", "T"))), GM09_SNP1 = structure(c(0, 
1, 346, 0, 0, 2, 339, 0, 0, 0, 0, 0), dim = 4:3, dimnames = list(
    c("-2", "-1", "0", "1"), c("A", "G", "T"))), GM11_SNP1 = structure(c(0, 
5, 136, 0, 0, 0, 4, 0), dim = c(4L, 2L), dimnames = list(c("-2", 
"-1", "0", "1"), c("A", "G"))), GM14_SNP1 = structure(c(0, 0, 
13, 1, 0, 0, 22, 462, 0, 0), dim = c(5L, 2L), dimnames = list(
    c("-2", "-1", "0", "1", "2"), c("C", "T"))), GM17_SNP1 = structure(c(0, 
0, 0, 0, 0, 0, 0, 10, 325, 0, 0, 0, 7, 378, 0), dim = c(5L, 3L
), dimnames = list(c("-3", "-2", "-1", "0", "1"), c("A", "C", 
"T"))), GM22_SNP1 = structure(c(0, 4, 497, 0, 0, 0, 0, 4, 0, 
0, 0, 0, 0, 0, 0), dim = c(5L, 3L), dimnames = list(c("-2", "-1", 
"0", "1", "2"), c("A", "G", "T"))), GM26_SNP1 = structure(c(0, 
64, 0, 1, 75, 0, 0, 0, 0), dim = c(3L, 3L), dimnames = list(c("-1", 
"0", "1"), c("A", "G", "T"))), GM29_SNP1 = structure(c(0, 0, 
0, 0, 0, 0, 0, 3, 317, 0, 0, 0, 0, 0, 0, 0, 0, 2, 262, 1), dim = 5:4, dimnames = list(
    c("-3", "-2", "-1", "0", "1"), c("-", "A", "C", "G"))), IM16_SNP1 = structure(c(0, 
4, 0, 0, 0, 2, 217, 1, 0, 0, 0, 0, 0, 0, 0), dim = c(5L, 3L), dimnames = list(
    c("-1", "0", "1", "2", "3"), c("A", "G", "T"))), IM49_SNP1 = structure(c(0, 
0, 0, 0, 0, 0, 0, 5, 88, 235, 3, 0, 0, 0, 11, 325, 2, 0, 0, 0, 
0, 0, 0, 0), dim = c(6L, 4L), dimnames = list(c("-3", "-2", "-1", 
"0", "1", "2"), c("A", "C", "G", "T"))), LR10_SNP1 = structure(c(0, 
0, 10, 0, 0, 1, 258, 0), dim = c(4L, 2L), dimnames = list(c("-2", 
"-1", "0", "1"), c("C", "T"))), LR11_SNP1 = structure(c(0, 0, 
0, 5, 1, 0, 0, 0, 1, 496, 1, 0, 0, 0, 0, 0, 0, 0), dim = c(6L, 
3L), dimnames = list(c("-3", "-2", "-1", "0", "1", "2"), c("A", 
"C", "T"))), LR17_SNP1 = structure(c(0, 5, 177, 730, 4, 0, 0, 
0, 0, 0), dim = c(5L, 2L), dimnames = list(c("-3", "-2", "-1", 
"0", "1"), c("A", "G"))), LR20_SNP1 = structure(c(3, 193, 2, 
0, 0, 0, 1, 221, 0, 0, 0, 0), dim = 3:4, dimnames = list(c("-1", 
"0", "1"), c("A", "C", "G", "T"))), LR24_SNP1 = structure(c(0, 
0, 0, 0, 20, 63, 225, 0, 0, 0, 350, 0), dim = 4:3, dimnames = list(
    c("-2", "-1", "0", "1"), c("-", "A", "G"))), LR36_SNP1 = structure(c(0, 
0, 0, 0, 0, 0, 0, 4, 299, 0, 0, 0, 0, 0, 0, 0, 0, 1, 285, 1), dim = 5:4, dimnames = list(
    c("-3", "-2", "-1", "0", "1"), c("-", "A", "G", "T"))), LR40_SNP1 = structure(c(0, 
2, 0, 4, 228, 0, 0, 0, 0), dim = c(3L, 3L), dimnames = list(c("-1", 
"0", "1"), c("A", "C", "T"))), LR44_SNP1 = structure(c(0, 0, 
27, 49, 0, 0, 1, 5, 72, 0), dim = c(5L, 2L), dimnames = list(
    c("-3", "-2", "-1", "0", "1"), c("C", "T"))), LR46_SNP1 = structure(c(0, 
0, 0, 1, 103, 0, 0, 163, 0), dim = c(3L, 3L), dimnames = list(
    c("-1", "0", "1"), c("-", "G", "T"))), LR48_SNP1 = structure(c(0, 
0, 1, 0, 0, 0, 4, 311, 3, 0, 0, 0, 1, 0, 0), dim = c(5L, 3L), dimnames = list(
    c("-2", "-1", "0", "1", "2"), c("A", "C", "T"))), LR49_SNP1 = structure(c(4, 
249, 0, 0, 140, 0), dim = 3:2, dimnames = list(c("-1", "0", "1"
), c("A", "G"))), LR52_SNP1 = structure(c(1, 0, 2, 46, 1, 0, 
0, 3, 19, 28, 0, 0), dim = c(6L, 2L), dimnames = list(c("-3", 
"-2", "-1", "0", "1", "2"), c("C", "T"))))
