Result <-
list(DEPDC2_SNP1 = structure(c(0, 0, 1, 0, 0, 1, 425, 2, 0, 7, 
466, 0), dim = 4:3, dimnames = list(c("-2", "-1", "0", "1"), 
    c("A", "C", "T"))), GM01_SNP1 = structure(c(0, 4, 1079, 1, 
0, 0, 6, 0), dim = c(4L, 2L), dimnames = list(c("-2", "-1", "0", 
"1"), c("A", "G"))), GM07_SNP1 = structure(c(0, 0, 0, 0, 0, 0, 
0, 5, 83, 279, 3, 0, 0, 0, 0, 0, 0, 0, 0, 79, 4, 264, 4, 0, 0, 
0, 0, 0, 0, 0), dim = 6:5, dimnames = list(c("-3", "-2", "-1", 
"0", "1", "2"), c("-", "A", "C", "G", "T"))), GM09_SNP1 = structure(c(0, 
6, 0, 12, 876, 0), dim = 3:2, dimnames = list(c("-1", "0", "1"
), c("A", "G"))), GM11_SNP1 = structure(c(0, 82, 589, 0, 0, 0, 
2, 0), dim = c(4L, 2L), dimnames = list(c("-2", "-1", "0", "1"
), c("A", "G"))), GM14_SNP1 = structure(c(0, 0, 0, 0, 0, 0, 0, 
4, 109, 675, 0, 0, 0, 0, 0, 0, 0, 0, 0, 0, 0, 1, 0, 0), dim = c(6L, 
4L), dimnames = list(c("-3", "-2", "-1", "0", "1", "2"), c("-", 
"C", "G", "T"))), GM17_SNP1 = structure(c(0, 2, 476, 1, 0, 0, 
0, 0, 0, 6, 547, 0), dim = 4:3, dimnames = list(c("-2", "-1", 
"0", "1"), c("C", "G", "T"))), GM22_SNP1 = structure(c(0, 0, 
7, 1147, 2, 0, 0, 0, 0, 8, 0, 0, 0, 0, 0, 0, 0, 0), dim = c(6L, 
3L), dimnames = list(c("-3", "-2", "-1", "0", "1", "2"), c("A", 
"G", "T"))), GM26_SNP1 = structure(c(0, 91, 276, 0, 0, 5, 333, 
0, 0, 0, 0, 0), dim = 4:3, dimnames = list(c("-2", "-1", "0", 
"1"), c("A", "G", "T"))), GM29_SNP1 = structure(c(0, 0, 102, 
636, 0, 0, 0, 0, 1, 0, 0, 0, 0, 0, 0), dim = c(5L, 3L), dimnames = list(
    c("-3", "-2", "-1", "0", "1"), c("A", "G", "T"))), IM16_SNP1 = structure(c(0, 
10, 422, 1, 0, 0, 8, 403, 2, 0, 0, 0, 0, 0, 0), dim = c(5L, 3L
), dimnames = list(c("-2", "-1", "0", "1", "2"), c("A", "G", 
"T"))), IM49_SNP1 = structure(c(0, 1, 86, 268, 0, 0, 0, 1, 77, 
230, 1, 0), dim = c(6L, 2L), dimnames = list(c("-3", "-2", "-1", 
"0", "1", "2"), c("C", "G"))), LR10_SNP1 = structure(c(0, 0, 
0, 0, 0, 1, 2, 0, 0, 3, 968, 2), dim = 4:3, dimnames = list(c("-2", 
"-1", "0", "1"), c("A", "C", "T"))), LR11_SNP1 = structure(c(0, 
0, 1, 3, 0, 0, 0, 1, 5, 664, 1, 0, 0, 0, 0, 0, 0, 0), dim = c(6L, 
3L), dimnames = list(c("-3", "-2", "-1", "0", "1", "2"), c("A", 
"C", "T"))), LR17_SNP1 = structure(c(0, 2, 187, 596, 2, 0, 0, 
0, 0, 0, 0, 0, 0, 0, 0), dim = c(5L, 3L), dimnames = list(c("-3", 
"-2", "-1", "0", "1"), c("A", "G", "T"))), LR20_SNP1 = structure(c(0, 
476, 0, 0, 12, 477, 1, 0, 0, 0, 0, 0), dim = 4:3, dimnames = list(
    c("-1", "0", "1", "2"), c("A", "G", "T"))), LR24_SNP1 = structure(c(0, 
16, 605, 0, 0, 0, 2, 0), dim = c(4L, 2L), dimnames = list(c("-3", 
"-1", "0", "1"), c("A", "G"))), LR36_SNP1 = structure(c(0, 0, 
0, 0, 0, 0, 0, 0, 3, 145, 762, 2, 0, 0, 0, 0, 0, 0, 0, 0, 0, 
0, 0, 0, 0, 0, 0, 0, 2, 0), dim = 6:5, dimnames = list(c("-4", 
"-3", "-2", "-1", "0", "1"), c("-", "A", "C", "G", "T"))), LR40_SNP1 = structure(c(0, 
1, 0, 50, 463, 0, 0, 0, 0), dim = c(3L, 3L), dimnames = list(
    c("-1", "0", "1"), c("A", "C", "T"))), LR44_SNP1 = structure(c(0, 
0, 0, 0, 0, 0, 0, 59, 65, 369, 3, 0, 0, 0, 0, 3, 0, 0, 0, 0, 
0, 3, 0, 0), dim = c(6L, 4L), dimnames = list(c("-3", "-2", "-1", 
"0", "1", "2"), c("A", "C", "G", "T"))), LR46_SNP1 = structure(c(0, 
0, 0, 0, 0, 0, 0, 0, 0, 0, 4, 0, 0, 3, 692, 1), dim = c(4L, 4L
), dimnames = list(c("-2", "-1", "0", "1"), c("A", "C", "G", 
"T"))), LR48_SNP1 = structure(c(0, 0, 0, 0, 0, 0, 0, 7, 199, 
577, 1, 0, 0, 0, 0, 2, 0, 0), dim = c(6L, 3L), dimnames = list(
    c("-3", "-2", "-1", "0", "1", "2"), c("A", "C", "T"))), LR49_SNP1 = structure(c(0, 
0, 0, 0, 0, 88, 612, 0), dim = c(4L, 2L), dimnames = list(c("-2", 
"-1", "0", "1"), c("A", "G"))), LR52_SNP1 = structure(c(0, 0, 
0, 0, 0, 0, 0, 0, 4, 104, 85, 489, 1, 0, 0, 0, 0, 1, 3, 0, 0), dim = c(7L, 
3L), dimnames = list(c("-4", "-3", "-2", "-1", "0", "1", "2"), 
    c("A", "C", "T"))))
