Result <-
list(DEPDC2_SNP1 = structure(c(0, 0, 0, 1, 532, 0, 0, 0, 0, 2, 
590, 2), dim = 3:4, dimnames = list(c("-1", "0", "1"), c("-", 
"C", "G", "T"))), GM01_SNP1 = structure(c(0, 6, 879, 0, 0, 0, 
1, 850, 0, 0), dim = c(5L, 2L), dimnames = list(c("-2", "-1", 
"0", "1", "2"), c("A", "G"))), GM07_SNP1 = structure(c(0, 0, 
2, 0, 0, 0, 86, 1021, 5, 0, 0, 0, 0, 0, 0), dim = c(5L, 3L), dimnames = list(
    c("-2", "-1", "0", "1", "2"), c("A", "G", "T"))), GM09_SNP1 = structure(c(0, 
1, 9, 0, 0, 53, 1219, 2, 0, 0, 0, 0), dim = 4:3, dimnames = list(
    c("-2", "-1", "0", "1"), c("A", "G", "T"))), GM11_SNP1 = structure(c(0, 
0, 3, 0, 33, 30, 1148, 2), dim = c(4L, 2L), dimnames = list(c("-2", 
"-1", "0", "1"), c("A", "G"))), GM14_SNP1 = structure(c(0, 0, 
2, 0, 2, 39, 601, 1, 0, 55, 595, 1), dim = 4:3, dimnames = list(
    c("-2", "-1", "0", "1"), c("A", "C", "T"))), GM17_SNP1 = structure(c(0, 
0, 0, 0, 0, 0, 7, 1384, 56, 0, 0, 0, 11, 0, 0), dim = c(5L, 3L
), dimnames = list(c("-2", "-1", "0", "1", "2"), c("A", "C", 
"T"))), GM22_SNP1 = structure(c(0, 0, 0, 0, 1, 5, 1815, 5, 0, 
0, 2, 0, 0, 0, 0, 0), dim = c(4L, 4L), dimnames = list(c("-2", 
"-1", "0", "1"), c("-", "A", "G", "T"))), GM26_SNP1 = structure(c(0, 
3, 1127, 0, 0, 0, 0, 0, 0, 0, 0, 0), dim = 4:3, dimnames = list(
    c("-2", "-1", "0", "1"), c("A", "G", "T"))), GM29_SNP1 = structure(c(11, 
1029, 3, 0, 0, 2, 1, 0, 0, 1, 0, 0), dim = 4:3, dimnames = list(
    c("-1", "0", "1", "2"), c("A", "G", "T"))), IM16_SNP1 = structure(c(0, 
3, 716, 2, 0, 0, 83, 633, 3, 0, 0, 0, 0, 0, 0), dim = c(5L, 3L
), dimnames = list(c("-2", "-1", "0", "1", "2"), c("A", "G", 
"T"))), IM49_SNP1 = structure(c(0, 0, 2, 0, 0, 0, 23, 903, 4, 
0), dim = c(5L, 2L), dimnames = list(c("-2", "-1", "0", "1", 
"2"), c("C", "G"))), LR10_SNP1 = structure(c(0, 0, 0, 2, 788, 
2, 0, 0, 0, 2, 822, 2), dim = 3:4, dimnames = list(c("-1", "0", 
"1"), c("A", "C", "G", "T"))), LR11_SNP1 = structure(c(0, 0, 
0, 0, 0, 5, 78, 656, 0, 0, 0, 5, 620, 1, 0), dim = c(5L, 3L), dimnames = list(
    c("-2", "-1", "0", "1", "2"), c("-", "A", "C"))), LR17_SNP1 = structure(c(1, 
89, 1242, 0, 0, 0, 0, 0, 0, 0, 0, 0, 0, 0, 0), dim = c(5L, 3L
), dimnames = list(c("-2", "-1", "0", "1", "2"), c("A", "C", 
"G"))), LR20_SNP1 = structure(c(0, 0, 0, 0, 799, 2, 1, 855, 1, 
0, 1, 0), dim = 3:4, dimnames = list(c("-1", "0", "1"), c("-", 
"A", "G", "T"))), LR24_SNP1 = structure(c(0, 5, 0, 8, 1040, 0, 
0, 1, 0), dim = c(3L, 3L), dimnames = list(c("-1", "0", "1"), 
    c("A", "G", "T"))), LR36_SNP1 = structure(c(0, 1, 0, 3, 70, 
1396, 8, 0, 0, 0, 0, 0, 0, 1, 0, 0, 0, 0, 0, 10, 0), dim = c(7L, 
3L), dimnames = list(c("-5", "-4", "-3", "-2", "-1", "0", "1"
), c("A", "G", "T"))), LR40_SNP1 = structure(c(0, 0, 0, 6, 997, 
0), dim = 3:2, dimnames = list(c("-1", "0", "1"), c("A", "C"))), 
    LR44_SNP1 = structure(c(0, 0, 0, 0, 0, 0, 0, 9, 96, 844, 
    1, 0, 0, 0, 0, 6, 0, 0), dim = c(6L, 3L), dimnames = list(
        c("-3", "-2", "-1", "0", "1", "2"), c("A", "C", "T"))), 
    LR46_SNP1 = structure(c(0, 0, 0, 0, 1, 68, 1177, 0, 0, 0, 
    2, 0), dim = 4:3, dimnames = list(c("-2", "-1", "0", "1"), 
        c("C", "G", "T"))), LR48_SNP1 = structure(c(0, 0, 0, 
    1, 0, 0, 0, 0, 66, 3, 577, 2, 0, 0, 0, 0, 0, 0, 0, 0, 0, 
    0, 1, 4, 598, 5, 0, 0), dim = c(7L, 4L), dimnames = list(
        c("-3", "-2", "-1", "0", "1", "2", "3"), c("A", "C", 
        "G", "T"))), LR49_SNP1 = structure(c(1, 5, 944, 0, 0, 
    0, 10, 0), dim = c(4L, 2L), dimnames = list(c("-2", "-1", 
    "0", "1"), c("A", "G"))), LR52_SNP1 = structure(c(0, 1, 0, 
    1, 2, 0, 0, 0, 0, 0, 0, 0, 0, 0, 0, 4, 96, 55, 1039, 1, 0
    ), dim = c(7L, 3L), dimnames = list(c("-4", "-3", "-2", "-1", 
    "0", "1", "2"), c("C", "G", "T"))))
