Result <-
list(DEPDC2_SNP1 = structure(c(0, 0, 1, 0, 0, 7, 1519, 5), dim = c(4L, 
2L), dimnames = list(c("-2", "-1", "0", "1"), c("C", "T"))), 
    GM01_SNP1 = structure(c(0, 0, 0, 0, 0, 0, 5, 1764, 2, 0, 
    0, 0, 8, 0, 0), dim = c(5L, 3L), dimnames = list(c("-2", 
    "-1", "0", "1", "2"), c("-", "A", "G"))), GM07_SNP1 = structure(c(0, 
    0, 0, 0, 0, 0, 0, 0, 1, 762, 9, 541, 3, 0, 0, 0, 0, 0, 0, 
    0, 0, 0, 0, 0, 1, 2, 0, 0, 0, 0, 0, 0, 0, 0, 0), dim = c(7L, 
    5L), dimnames = list(c("-4", "-3", "-2", "-1", "0", "1", 
    "2"), c("-", "A", "C", "G", "T"))), GM09_SNP1 = structure(c(9, 
    1843, 1, 0, 7, 0, 0, 0, 0), dim = c(3L, 3L), dimnames = list(
        c("-1", "0", "1"), c("A", "G", "T"))), GM11_SNP1 = structure(c(0, 
    0, 3, 0, 0, 359, 892, 2), dim = c(4L, 2L), dimnames = list(
        c("-2", "-1", "0", "1"), c("A", "G"))), GM14_SNP1 = structure(c(0, 
    0, 0, 0, 0, 0, 3, 30, 770, 2, 0, 0, 20, 781, 0), dim = c(5L, 
    3L), dimnames = list(c("-3", "-2", "-1", "0", "1"), c("A", 
    "C", "T"))), GM17_SNP1 = structure(c(0, 0, 0, 0, 0, 0, 1, 
    0, 0, 7, 834, 2, 0, 4, 860, 1), dim = c(4L, 4L), dimnames = list(
        c("-2", "-1", "0", "1"), c("-", "A", "C", "T"))), GM22_SNP1 = structure(c(0, 
    468, 1250, 0, 0, 0, 1, 0, 0, 0, 0, 0), dim = 4:3, dimnames = list(
        c("-2", "-1", "0", "1"), c("A", "G", "T"))), GM26_SNP1 = structure(c(0, 
    0, 2, 678, 1, 0, 0, 2, 642, 1, 0, 0, 0, 0, 0), dim = c(5L, 
    3L), dimnames = list(c("-3", "-2", "-1", "0", "1"), c("A", 
    "G", "T"))), GM29_SNP1 = structure(c(7, 1256, 3, 0, 3, 0), dim = 3:2, dimnames = list(
        c("-1", "0", "1"), c("A", "G"))), IM16_SNP1 = structure(c(0, 
    8, 588, 2, 0, 4, 392, 251, 1, 0, 0, 0, 0, 0, 0), dim = c(5L, 
    3L), dimnames = list(c("-2", "-1", "0", "1", "2"), c("A", 
    "G", "T"))), IM49_SNP1 = structure(c(0, 0, 0, 0, 0, 1, 36, 
    1005, 4, 0, 0, 0, 2, 0, 0), dim = c(5L, 3L), dimnames = list(
        c("-2", "-1", "0", "1", "2"), c("A", "C", "G"))), LR10_SNP1 = structure(c(0, 
    0, 0, 0, 0, 0, 3, 0, 4, 392, 1163, 2), dim = 4:3, dimnames = list(
        c("-2", "-1", "0", "1"), c("A", "C", "T"))), LR11_SNP1 = structure(c(0, 
    0, 0, 2, 0, 0, 0, 3, 489, 1125, 1, 0, 0, 0, 0, 0, 0, 0, 0, 
    0, 0, 0, 0, 0), dim = c(6L, 4L), dimnames = list(c("-3", 
    "-2", "-1", "0", "1", "2"), c("A", "C", "G", "T"))), LR17_SNP1 = structure(c(0, 
    0, 0, 0, 0, 0, 0, 29, 1006, 844, 3, 0, 0, 0, 0, 0, 0, 0), dim = c(6L, 
    3L), dimnames = list(c("-3", "-2", "-1", "0", "1", "2"), 
        c("-", "A", "G"))), LR20_SNP1 = structure(c(3, 620, 1, 
    38, 565, 1, 0, 0, 0), dim = c(3L, 3L), dimnames = list(c("-1", 
    "0", "1"), c("A", "G", "T"))), LR24_SNP1 = structure(c(0, 
    0, 2, 0, 0, 0, 14, 1404, 0, 0), dim = c(5L, 2L), dimnames = list(
        c("-2", "-1", "0", "1", "2"), c("A", "G"))), LR36_SNP1 = structure(c(0, 
    0, 0, 0, 9, 0, 0, 0, 0, 0, 0, 0, 0, 0, 0, 0, 0, 0, 3, 360, 
    1, 19, 897, 2), dim = c(6L, 4L), dimnames = list(c("-4", 
    "-3", "-2", "-1", "0", "1"), c("A", "C", "G", "T"))), LR40_SNP1 = structure(c(0, 
    4, 520, 0, 1, 274, 259, 0, 0, 0, 0, 0), dim = 4:3, dimnames = list(
        c("-2", "-1", "0", "1"), c("A", "C", "T"))), LR44_SNP1 = structure(c(0, 
    0, 0, 0, 0, 0, 0, 19, 187, 156, 0, 0, 0, 0, 0, 1, 0, 0, 0, 
    8, 257, 190, 0, 1), dim = c(6L, 4L), dimnames = list(c("-3", 
    "-2", "-1", "0", "1", "4"), c("A", "C", "G", "T"))), LR46_SNP1 = structure(c(0, 
    0, 0, 0, 0, 0, 0, 0, 0, 17, 1345, 0, 0, 0, 1, 0), dim = c(4L, 
    4L), dimnames = list(c("-2", "-1", "0", "1"), c("-", "C", 
    "G", "T"))), LR48_SNP1 = structure(c(0, 0, 0, 0, 0, 0, 0, 
    0, 0, 11, 345, 274, 2, 1, 0, 1, 358, 277, 0, 0, 0), dim = c(7L, 
    3L), dimnames = list(c("-3", "-2", "-1", "0", "1", "2", "3"
    ), c("-", "C", "T"))), LR49_SNP1 = structure(c(0, 6, 0, 19, 
    1528, 0), dim = 3:2, dimnames = list(c("-1", "0", "1"), c("A", 
    "G"))), LR52_SNP1 = structure(c(0, 9, 335, 11, 291, 0, 0, 
    0, 26, 292, 288, 0), dim = c(6L, 2L), dimnames = list(c("-4", 
    "-3", "-2", "-1", "0", "1"), c("C", "T"))))
