Result <-
list(DEPDC2_SNP1 = structure(c(0, 0, 0, 0, 0, 2, 0, 0, 2, 1536, 
34, 1), dim = 4:3, dimnames = list(c("-1", "0", "1", "2"), c("A", 
"C", "T"))), GM01_SNP1 = structure(c(0, 5, 965, 0, 0, 0, 0, 0, 
0, 0, 823, 0, 0, 0, 0, 0), dim = c(4L, 4L), dimnames = list(c("-2", 
"-1", "0", "1"), c("A", "C", "G", "T"))), GM07_SNP1 = structure(c(0, 
9, 333, 353, 3, 0, 0, 0, 35, 292, 338, 4, 0, 0, 0, 0, 0, 0, 0, 
0, 0), dim = c(7L, 3L), dimnames = list(c("-3", "-2", "-1", "0", 
"1", "2", "3"), c("A", "G", "T"))), GM09_SNP1 = structure(c(0, 
4, 0, 4, 1696, 1), dim = 3:2, dimnames = list(c("-1", "0", "1"
), c("A", "G"))), GM11_SNP1 = structure(c(0, 52, 1204, 1, 0, 
0, 0, 1, 0, 0), dim = c(5L, 2L), dimnames = list(c("-2", "-1", 
"0", "1", "2"), c("A", "G"))), GM14_SNP1 = structure(c(0, 3, 
16, 46, 609, 1, 0, 0, 6, 173, 489, 0), dim = c(6L, 2L), dimnames = list(
    c("-4", "-3", "-2", "-1", "0", "1"), c("C", "T"))), GM17_SNP1 = structure(c(9, 
358, 1179, 20, 0, 0, 0, 12, 0, 0), dim = c(5L, 2L), dimnames = list(
    c("-2", "-1", "0", "1", "2"), c("C", "T"))), GM22_SNP1 = structure(c(1, 
199, 1611, 1, 0, 0, 0, 0), dim = c(4L, 2L), dimnames = list(c("-2", 
"-1", "0", "1"), c("A", "G"))), GM26_SNP1 = structure(c(0, 18, 
688, 1, 0, 0, 7, 679, 2, 0, 0, 0, 0, 0, 0), dim = c(5L, 3L), dimnames = list(
    c("-2", "-1", "0", "1", "2"), c("A", "G", "T"))), GM29_SNP1 = structure(c(0, 
21, 564, 0, 0, 4, 583, 0), dim = c(4L, 2L), dimnames = list(c("-2", 
"-1", "0", "1"), c("A", "G"))), IM16_SNP1 = structure(c(0, 13, 
636, 4, 0, 0, 100, 557, 3, 0), dim = c(5L, 2L), dimnames = list(
    c("-2", "-1", "0", "1", "2"), c("A", "G"))), IM49_SNP1 = structure(c(0, 
21, 226, 242, 1, 0, 1, 20, 427, 1), dim = c(5L, 2L), dimnames = list(
    c("-3", "-2", "-1", "0", "1"), c("C", "G"))), LR10_SNP1 = structure(c(0, 
0, 0, 0, 0, 0, 0, 0, 0, 27, 1720, 5, 0, 0, 6, 0), dim = c(4L, 
4L), dimnames = list(c("-2", "-1", "0", "1"), c("-", "A", "C", 
"T"))), LR11_SNP1 = structure(c(0, 0, 0, 0, 0, 0, 0, 4, 383, 
381, 0, 0, 0, 0, 10, 690, 0, 0, 0, 0, 0, 0, 0, 0), dim = c(6L, 
4L), dimnames = list(c("-3", "-2", "-1", "0", "1", "2"), c("-", 
"A", "C", "T"))), LR17_SNP1 = structure(c(0, 23, 577, 638, 3, 
0, 0, 0, 0, 0, 0, 0, 0, 0, 0), dim = c(5L, 3L), dimnames = list(
    c("-3", "-2", "-1", "0", "1"), c("A", "G", "T"))), LR20_SNP1 = structure(c(0, 
0, 0, 0, 1, 718, 827, 0, 0, 0, 1, 0), dim = 4:3, dimnames = list(
    c("-2", "-1", "0", "1"), c("-", "A", "G"))), LR24_SNP1 = structure(c(0, 
11, 645, 0, 0, 0, 12, 691, 2, 0), dim = c(5L, 2L), dimnames = list(
    c("-2", "-1", "0", "1", "2"), c("A", "G"))), LR36_SNP1 = structure(c(4, 
37, 582, 4, 0, 0, 0, 0, 0, 0, 0, 30, 524, 21, 0), dim = c(5L, 
3L), dimnames = list(c("-2", "-1", "0", "1", "2"), c("A", "G", 
"T"))), LR40_SNP1 = structure(c(6, 242, 789, 0, 0, 0, 0, 0), dim = c(4L, 
2L), dimnames = list(c("-2", "-1", "0", "1"), c("C", "T"))), 
    LR44_SNP1 = structure(c(3, 12, 115, 543, 0, 0, 0, 0, 0, 1, 
    0, 0, 0, 10, 51, 570, 1, 0), dim = c(6L, 3L), dimnames = list(
        c("-3", "-2", "-1", "0", "1", "2"), c("C", "G", "T"))), 
    LR46_SNP1 = structure(c(0, 0, 0, 0, 0, 3, 587, 0, 0, 1, 660, 
    1), dim = 4:3, dimnames = list(c("-2", "-1", "0", "1"), c("A", 
    "G", "T"))), LR48_SNP1 = structure(c(0, 0, 0, 0, 0, 0, 17, 
    362, 1015, 5, 0, 0, 0, 2, 0), dim = c(5L, 3L), dimnames = list(
        c("-3", "-2", "-1", "0", "1"), c("A", "C", "T"))), LR49_SNP1 = structure(c(5, 
    316, 390, 0, 0, 0, 0, 0, 0, 4, 734, 0, 0, 0, 1, 0), dim = c(4L, 
    4L), dimnames = list(c("-2", "-1", "0", "1"), c("A", "C", 
    "G", "T"))), LR52_SNP1 = structure(c(0, 0, 0, 0, 0, 0, 0, 
    1, 32, 259, 367, 1, 0, 4, 317, 27, 362, 1), dim = c(6L, 3L
    ), dimnames = list(c("-4", "-3", "-2", "-1", "0", "1"), c("A", 
    "C", "T"))))
