Result <-
list(DEPDC2_SNP1 = structure(c(0, 0, 0, 0, 0, 2, 648, 21, 0, 
7, 751, 4), dim = 4:3, dimnames = list(c("-2", "-1", "0", "1"
), c("A", "C", "T"))), GM01_SNP1 = structure(c(0, 0, 0, 0, 0, 
5, 948, 1, 0, 6, 965, 0), dim = 4:3, dimnames = list(c("-2", 
"-1", "0", "1"), c("-", "A", "G"))), GM07_SNP1 = structure(c(0, 
0, 0, 0, 0, 0, 0, 4, 298, 332, 0, 0, 0, 2, 160, 484, 3, 0, 0, 
0, 0, 0, 0, 0), dim = c(6L, 4L), dimnames = list(c("-3", "-2", 
"-1", "0", "1", "2"), c("-", "A", "G", "T"))), GM09_SNP1 = structure(c(1, 
874, 1, 1, 789, 0), dim = 3:2, dimnames = list(c("-1", "0", "1"
), c("A", "G"))), GM11_SNP1 = structure(c(3, 294, 752, 0, 0, 
0, 1, 0), dim = c(4L, 2L), dimnames = list(c("-2", "-1", "0", 
"1"), c("A", "G"))), GM14_SNP1 = structure(c(0, 0, 8, 382, 373, 
0, 0, 0, 0, 0, 32, 675, 0, 0, 0, 0), dim = c(8L, 2L), dimnames = list(
    c("-3", "-2", "-1", "0", "1", "2", "3", "4"), c("C", "T"))), 
    GM17_SNP1 = structure(c(0, 18, 891, 1, 0, 0, 3, 871, 5, 0
    ), dim = c(5L, 2L), dimnames = list(c("-2", "-1", "0", "1", 
    "2"), c("C", "T"))), GM22_SNP1 = structure(c(0, 1, 13, 1899, 
    2, 0, 0, 0, 1, 0, 0, 0, 0, 0, 0), dim = c(5L, 3L), dimnames = list(
        c("-3", "-2", "-1", "0", "1"), c("A", "G", "T"))), GM26_SNP1 = structure(c(0, 
    24, 1407, 1, 0, 0, 0, 2, 0, 0, 0, 0, 0, 0, 0), dim = c(5L, 
    3L), dimnames = list(c("-2", "-1", "0", "1", "2"), c("A", 
    "G", "T"))), GM29_SNP1 = structure(c(0, 279, 918, 1, 0, 0, 
    1, 0, 0, 0, 0, 0), dim = 4:3, dimnames = list(c("-2", "-1", 
    "0", "1"), c("A", "G", "T"))), IM16_SNP1 = structure(c(0, 
    0, 0, 0, 0, 0, 276, 397, 1, 0, 0, 79, 688, 1, 0, 0, 0, 0, 
    0, 0), dim = 5:4, dimnames = list(c("-2", "-1", "0", "1", 
    "2"), c("-", "A", "G", "T"))), IM49_SNP1 = structure(c(2, 
    81, 327, 157, 0, 0, 0, 9, 481, 52, 0, 0), dim = c(6L, 2L), dimnames = list(
        c("-2", "-1", "0", "1", "2", "3"), c("C", "G"))), LR10_SNP1 = structure(c(0, 
    0, 0, 0, 0, 0, 3, 0, 0, 0, 0, 0, 0, 447, 1410, 3), dim = c(4L, 
    4L), dimnames = list(c("-2", "-1", "0", "1"), c("A", "C", 
    "G", "T"))), LR11_SNP1 = structure(c(0, 0, 7, 0, 0, 0, 49, 
    1222, 4, 0), dim = c(5L, 2L), dimnames = list(c("-2", "-1", 
    "0", "1", "2"), c("A", "C"))), LR17_SNP1 = structure(c(0, 
    0, 0, 0, 0, 0, 0, 0, 13, 384, 332, 653, 3, 1, 0, 0, 0, 0, 
    0, 0, 0, 0, 0, 0, 0, 0, 0, 0), dim = c(7L, 4L), dimnames = list(
        c("-4", "-3", "-2", "-1", "0", "1", "2"), c("-", "A", 
        "G", "T"))), LR20_SNP1 = structure(c(0, 0, 1, 0, 0, 402, 
    1197, 0, 0, 0, 1, 0), dim = 4:3, dimnames = list(c("-2", 
    "-1", "0", "1"), c("A", "G", "T"))), LR24_SNP1 = structure(c(1, 
    60, 548, 0, 0, 14, 618, 2, 0, 0, 0, 0), dim = 4:3, dimnames = list(
        c("-2", "-1", "0", "1"), c("A", "G", "T"))), LR36_SNP1 = structure(c(0, 
    0, 0, 0, 0, 0, 0, 37, 237, 5, 392, 2, 0, 0, 0, 0, 0, 0, 0, 
    0, 38, 306, 388, 2), dim = c(6L, 4L), dimnames = list(c("-4", 
    "-3", "-2", "-1", "0", "1"), c("-", "A", "G", "T"))), LR40_SNP1 = structure(c(0, 
    0, 0, 0, 0, 42, 1040, 0, 0, 0, 1, 0), dim = 4:3, dimnames = list(
        c("-2", "-1", "0", "1"), c("A", "C", "T"))), LR44_SNP1 = structure(c(0, 
    0, 0, 0, 0, 0, 0, 0, 0, 0, 13, 131, 997, 2, 0, 0, 0, 0, 0, 
    2, 13, 0, 0, 1), dim = c(8L, 3L), dimnames = list(c("-4", 
    "-3", "-2", "-1", "0", "1", "2", "4"), c("A", "C", "T"))), 
    LR46_SNP1 = structure(c(0, 0, 0, 0, 0, 1, 637, 0, 0, 3, 656, 
    1), dim = 4:3, dimnames = list(c("-2", "-1", "0", "1"), c("-", 
    "G", "T"))), LR48_SNP1 = structure(c(0, 0, 0, 0, 0, 0, 0, 
    0, 157, 1296, 4, 0, 0, 0, 0, 1, 0, 0), dim = c(6L, 3L), dimnames = list(
        c("-3", "-2", "-1", "0", "1", "2"), c("A", "C", "T"))), 
    LR49_SNP1 = structure(c(0, 5, 0, 0, 4, 1062, 231, 0), dim = c(4L, 
    2L), dimnames = list(c("-1", "0", "1", "2"), c("A", "G"))), 
    LR52_SNP1 = structure(c(0, 0, 0, 0, 0, 0, 1, 65, 290, 326, 
    0, 0, 0, 39, 259, 464, 1, 0), dim = c(6L, 3L), dimnames = list(
        c("-3", "-2", "-1", "0", "1", "2"), c("A", "C", "T"))))
