Result <-
list(DEPDC2_SNP1 = structure(c(0, 0, 0, 0, 0, 45, 681, 0, 0, 
6, 918, 2), dim = 4:3, dimnames = list(c("-2", "-1", "0", "1"
), c("A", "C", "T"))), GM01_SNP1 = structure(c(0, 0, 0, 0, 1, 
6, 897, 0, 0, 16, 951, 0, 0, 0, 0, 0), dim = c(4L, 4L), dimnames = list(
    c("-2", "-1", "0", "1"), c("-", "A", "G", "T"))), GM07_SNP1 = structure(c(0, 
0, 0, 0, 0, 0, 0, 0, 0, 107, 112, 1083, 7, 0, 0, 0, 0, 0, 0, 
0, 0, 0, 0, 0, 0, 0, 0, 0), dim = c(7L, 4L), dimnames = list(
    c("-4", "-3", "-2", "-1", "0", "1", "2"), c("-", "A", "G", 
    "T"))), GM09_SNP1 = structure(c(3, 1002, 0, 0, 0, 0, 6, 915, 
0, 0, 0, 0), dim = 3:4, dimnames = list(c("-1", "0", "1"), c("A", 
"C", "G", "T"))), GM11_SNP1 = structure(c(8, 1573, 4, 0, 0, 0, 
0, 2, 0, 0, 0, 0), dim = 3:4, dimnames = list(c("-1", "0", "1"
), c("A", "C", "G", "T"))), GM14_SNP1 = structure(c(0, 5, 131, 
1263, 35, 0, 0, 0, 0, 4, 0, 0), dim = c(6L, 2L), dimnames = list(
    c("-3", "-2", "-1", "0", "1", "2"), c("C", "T"))), GM17_SNP1 = structure(c(0, 
0, 0, 0, 0, 7, 845, 0, 1, 6, 852, 0), dim = 4:3, dimnames = list(
    c("-2", "-1", "0", "1"), c("A", "C", "T"))), GM22_SNP1 = structure(c(0, 
0, 1003, 2, 0, 0, 0, 0, 0, 7, 832, 0), dim = 4:3, dimnames = list(
    c("-2", "-1", "0", "1"), c("A", "C", "G"))), GM26_SNP1 = structure(c(0, 
2, 1461, 0, 0, 0, 3, 0), dim = c(4L, 2L), dimnames = list(c("-2", 
"-1", "0", "1"), c("A", "G"))), GM29_SNP1 = structure(c(0, 5, 
654, 0, 0, 0, 0, 0, 0, 0, 0, 3, 499, 128, 0), dim = c(5L, 3L), dimnames = list(
    c("-2", "-1", "0", "1", "2"), c("A", "C", "G"))), IM16_SNP1 = structure(c(0, 
0, 106, 629, 1, 0, 0, 5, 768, 4), dim = c(5L, 2L), dimnames = list(
    c("-3", "-2", "-1", "0", "1"), c("A", "G"))), IM49_SNP1 = structure(c(4, 
75, 403, 6, 0, 3, 69, 358, 4, 0, 0, 0, 0, 0, 0), dim = c(5L, 
3L), dimnames = list(c("-2", "-1", "0", "1", "2"), c("C", "G", 
"T"))), LR10_SNP1 = structure(c(0, 0, 0, 0, 0, 0, 11, 0, 0, 22, 
1746, 1), dim = 4:3, dimnames = list(c("-2", "-1", "0", "1"), 
    c("A", "C", "T"))), LR11_SNP1 = structure(c(0, 0, 0, 0, 0, 
0, 0, 0, 10, 1061, 0, 0, 0, 122, 15, 710, 0, 0, 0, 0, 0, 0, 0, 
0, 0, 0, 0, 1, 0, 0), dim = 6:5, dimnames = list(c("-3", "-2", 
"-1", "0", "1", "2"), c("-", "A", "C", "G", "T"))), LR17_SNP1 = structure(c(0, 
3, 153, 1502, 5, 0, 0, 0, 0, 0, 0, 0), dim = c(6L, 2L), dimnames = list(
    c("-3", "-2", "-1", "0", "1", "2"), c("A", "G"))), LR20_SNP1 = structure(c(3, 
804, 0, 2, 777, 0, 0, 0, 0), dim = c(3L, 3L), dimnames = list(
    c("-1", "0", "1"), c("A", "G", "T"))), LR24_SNP1 = structure(c(0, 
0, 123, 653, 0, 0, 0, 38, 803, 0), dim = c(5L, 2L), dimnames = list(
    c("-3", "-2", "-1", "0", "1"), c("A", "G"))), LR36_SNP1 = structure(c(0, 
0, 104, 556, 1, 0, 0, 0, 0, 0, 0, 0, 11, 633, 3), dim = c(5L, 
3L), dimnames = list(c("-3", "-2", "-1", "0", "1"), c("A", "G", 
"T"))), LR40_SNP1 = structure(c(0, 0, 0, 0, 0, 0, 104, 1257, 
1, 1, 0, 0, 0, 0, 0), dim = c(5L, 3L), dimnames = list(c("-2", 
"-1", "0", "1", "2"), c("A", "C", "T"))), LR44_SNP1 = structure(c(0, 
0, 0, 0, 0, 0, 0, 0, 116, 97, 22, 994, 1, 0, 0, 0, 0, 0, 0, 0, 
0, 0, 0, 0, 0, 2, 0, 0), dim = c(7L, 4L), dimnames = list(c("-4", 
"-3", "-2", "-1", "0", "1", "2"), c("A", "C", "G", "T"))), LR46_SNP1 = structure(c(0, 
0, 0, 0, 0, 0, 0, 0, 0, 0, 658, 1, 0, 0, 667, 0), dim = c(4L, 
4L), dimnames = list(c("-3", "-1", "0", "1"), c("A", "C", "G", 
"T"))), LR48_SNP1 = structure(c(0, 0, 0, 0, 0, 0, 0, 0, 0, 0, 
0, 0, 0, 4, 128, 1286, 7, 0, 0, 0, 1, 3, 0, 0), dim = c(6L, 4L
), dimnames = list(c("-4", "-2", "-1", "0", "1", "2"), c("-", 
"A", "C", "T"))), LR49_SNP1 = structure(c(1, 630, 0, 2, 881, 
0, 0, 0, 0), dim = c(3L, 3L), dimnames = list(c("-1", "0", "1"
), c("A", "G", "T"))), LR52_SNP1 = structure(c(0, 0, 0, 0, 0, 
0, 0, 0, 7, 129, 33, 583, 2, 0, 0, 29, 95, 15, 608, 2, 0), dim = c(7L, 
3L), dimnames = list(c("-4", "-3", "-2", "-1", "0", "1", "2"), 
    c("-", "C", "T"))))
